245 14 0.01 1.3 32.9 -0.1372 0.0615603 8.47905 -0.0373478 0.0202283 29.5712
3740 14 0.01 1.3 32.9 0.496721 -0.285107 9.26542 0.140871 -0.0781743 29.5712
5382 14 0.01 1.3 32.9 -0.365559 0.0718249 2.63785 -0.0243815 0.00659569 29.5712
8426 14 0.01 1.3 32.9 -0.0448978 0.127428 7.65974 -0.0107161 0.0300313 29.5712
8562 14 0.01 1.3 32.9 0.0334875 -0.126715 8.53939 0.00759942 -0.0331034 29.5712
11612 14 0.01 1.3 32.9 -0.0372119 0.222343 4.25986 -0.00606893 0.0296654 29.5712
14840 14 0.01 1.3 32.9 0.483566 0.435404 10.2441 0.147385 0.135852 29.5712
15168 14 0.01 1.3 32.9 -0.261313 -0.115464 6.29219 -0.0473614 -0.0208552 29.5712
17051 14 0.01 1.3 32.9 -0.250043 0.0407947 9.76216 -0.0730473 0.0122292 29.5712
17737 14 0.01 1.3 32.9 0.479597 -0.258712 3.38595 0.0507464 -0.0251902 29.5712
17886 14 0.01 1.3 32.9 0.201991 0.0161073 8.05963 0.0504966 0.00468559 29.5712
19896 14 0.01 1.3 32.9 0.27892 0.261086 11.681 0.100287 0.0918772 29.5712
20315 14 0.01 1.3 32.9 0.0438905 0.414114 6.72394 0.00664403 0.0847624 29.5712
22952 14 0.01 1.3 32.9 0.174246 0.37538 5.36025 0.0281905 0.0608406 29.5712
24775 14 0.01 1.3 32.9 -0.0581111 -0.199184 6.45529 -0.00996259 -0.0405983 29.5712
25898 14 0.01 1.3 32.9 0.137636 -0.490361 2.62699 0.0101092 -0.0391077 29.5712
30521 14 0.01 1.3 32.9 -0.081113 -0.000562027 4.50582 -0.011455 0.000376327 29.5712
30601 14 0.01 1.3 32.9 0.065341 -0.114794 12.7265 0.0256029 -0.0434738 29.5712
32242 14 0.01 1.3 32.9 -0.229257 -0.35112 11.484 -0.0804605 -0.120845 29.5712
35374 14 0.01 1.3 32.9 -0.304997 -0.47871 6.26183 -0.0586755 -0.0898315 29.5712
37262 14 0.01 1.3 32.9 -0.390704 -0.0271263 4.78678 -0.0578153 -0.00464495 29.5712
37280 14 0.01 1.3 32.9 -0.00605708 0.0257121 6.12197 0.00161707 0.00575462 29.5712
37573 14 0.01 1.3 32.9 -0.104438 0.399146 11.6611 -0.0368569 0.141824 29.5712
38674 14 0.01 1.3 32.9 -0.370058 -0.0253357 16.3744 -0.185518 -0.0108176 29.5712
38700 14 0.01 1.3 32.9 -0.211196 0.466539 15.1586 -0.0986912 0.215197 29.5712
38924 14 0.01 1.3 32.9 0.432517 -0.120096 7.85692 0.104743 -0.0291993 29.5712
41903 14 0.01 1.3 32.9 0.247345 -0.256249 8.4477 0.0614233 -0.0640904 29.5712
46755 14 0.01 1.3 32.9 0.0618769 0.361589 7.58858 0.0141899 0.0858918 29.5712
47965 14 0.01 1.3 32.9 0.262878 -0.247618 2.03281 0.0143958 -0.0155832 29.5712
48652 14 0.01 1.3 32.9 0.231496 -0.236708 16.7706 0.116862 -0.119059 29.5712
50211 14 0.01 1.3 32.9 0.265045 -0.0636365 7.66848 0.0619128 -0.0130007 29.5712
50541 14 0.01 1.3 32.9 -0.291701 0.45131 3.29508 -0.0295471 0.0425632 29.5712
50899 14 0.01 1.3 32.9 0.295814 0.292143 7.65422 0.06937 0.0680177 29.5712
51373 14 0.01 1.3 32.9 -0.35807 0.0250535 4.03588 -0.0426979 0.00506659 29.5712
51926 14 0.01 1.3 32.9 0.29494 0.257499 2.85624 0.0239919 0.0235398 29.5712
59141 14 0.01 1.3 32.9 0.0655774 0.0316834 4.16754 0.00532362 0.00475906 29.5712
62325 14 0.01 1.3 32.9 -0.141696 0.416881 5.71293 -0.0226859 0.0726925 29.5712
63298 14 0.01 1.3 32.9 -0.00761231 0.0982281 18.8501 -0.00510872 0.056339 29.5712
63343 14 0.01 1.3 32.9 -0.161207 -0.32269 15.1749 -0.0733552 -0.147651 29.5712
63378 14 0.01 1.3 32.9 0.113886 -0.344138 9.27464 0.0326031 -0.0939928 29.5712
64043 14 0.01 1.3 32.9 0.389548 -0.123835 4.54274 0.0548199 -0.0157731 29.5712
67150 14 0.01 1.3 32.9 0.245691 -0.175461 11.066 0.0798983 -0.059452 29.5712
69187 14 0.01 1.3 32.9 -0.22498 0.0962955 5.39514 -0.0372863 0.0168249 29.5712
74700 14 0.01 1.3 32.9 -0.414588 0.00714842 2.86236 -0.0382384 9.48311e-06 29.5712
75649 14 0.01 1.3 32.9 0.389687 -0.383133 3.50583 0.0425346 -0.0402743 29.5712
77628 14 0.01 1.3 32.9 0.409737 -0.400061 4.6928 0.059806 -0.0568675 29.5712
77946 14 0.01 1.3 32.9 0.459928 0.376569 8.69186 0.122462 0.10047 29.5712
78090 14 0.01 1.3 32.9 -0.0930067 0.219455 3.81739 -0.0111664 0.0276701 29.5712
78127 14 0.01 1.3 32.9 0.016815 -0.0753107 6.15401 0.00225993 -0.0124165 29.5712
78248 14 0.01 1.3 32.9 0.0500035 0.375278 3.81538 0.00607295 0.0448957 29.5712
90526 14 0.01 1.3 32.9 0.460542 0.488837 16.5693 0.231893 0.247654 29.5712
90542 14 0.01 1.3 32.9 -0.244419 -0.330154 5.90366 -0.0430818 -0.0584231 29.5712
90794 14 0.01 1.3 32.9 0.0656242 -0.487558 2.77353 0.0060264 -0.0378596 29.5712
91006 14 0.01 1.3 32.9 0.327859 0.341202 6.87691 0.0667276 0.0706376 29.5712
91287 14 0.01 1.3 32.9 -0.360883 0.0509359 5.38725 -0.0590664 0.00862013 29.5712
91569 14 0.01 1.3 32.9 -0.0105168 -0.0603779 2.37314 -0.00219519 -0.00597499 29.5712
98777 14 0.01 1.3 32.9 0.288967 0.118805 3.8696 0.0332354 0.0114737 29.5712
99545 14 0.01 1.3 32.9 -0.0808172 -0.416632 10.9808 -0.0269749 -0.138316 29.5712
102045 14 0.01 1.3 32.9 0.481276 0.347708 5.22394 0.0774995 0.0539442 29.5712
102503 14 0.01 1.3 32.9 0.178889 -0.422893 14.463 0.0791304 -0.185439 29.5712
102521 14 0.01 1.3 32.9 0.223312 -0.148527 5.49127 0.0375116 -0.0226871 29.5712
104993 14 0.01 1.3 32.9 -0.0662361 0.266729 4.81745 -0.0110035 0.0391905 29.5712
106117 14 0.01 1.3 32.9 0.428307 0.400203 3.56518 0.047724 0.0435129 29.5712
106377 14 0.01 1.3 32.9 0.407265 -0.474622 10.5783 0.130886 -0.15402 29.5712
106764 14 0.01 1.3 32.9 0.00844324 -0.491602 6.38342 0.0007416 -0.0939505 29.5712
108421 14 0.01 1.3 32.9 0.067432 -0.103041 8.00149 0.0158003 -0.024984 29.5712
108502 14 0.01 1.3 32.9 -0.413711 0.340317 1.79506 -0.0207975 0.0178115 29.5712
111116 14 0.01 1.3 32.9 -0.212877 0.0739299 4.26073 -0.0283223 0.01323 29.5712
111781 14 0.01 1.3 32.9 -0.133561 -0.0949752 8.75934 -0.033859 -0.0269304 29.5712
112455 14 0.01 1.3 32.9 -0.26792 -0.296067 5.38792 -0.0450261 -0.0479381 29.5712
112817 14 0.01 1.3 32.9 0.344978 0.0876583 13.7014 0.144289 0.0369518 29.5712
114039 14 0.01 1.3 32.9 0.408827 -0.492151 1.56625 0.0198865 -0.0229092 29.5712
115778 14 0.01 1.3 32.9 -0.418234 0.163615 9.07029 -0.114134 0.0435482 29.5712
121018 14 0.01 1.3 32.9 -0.336705 0.437866 10.044 -0.101568 0.133103 29.5712
121958 14 0.01 1.3 32.9 -0.46319 0.377111 8.48047 -0.119139 0.0973832 29.5712
128710 14 0.01 1.3 32.9 0.317213 0.0198515 11.139 0.106458 0.00796059 29.5712
130738 14 0.01 1.3 32.9 0.289702 0.0881259 2.58111 0.0230844 0.00553012 29.5712
131879 14 0.01 1.3 32.9 -0.295347 -0.427954 8.60107 -0.0798312 -0.109926 29.5712
133303 14 0.01 1.3 32.9 0.191836 0.14817 5.45633 0.0328078 0.0228863 29.5712
135613 14 0.01 1.3 32.9 0.418879 0.391216 7.66501 0.0965932 0.0912085 29.5712
139234 14 0.01 1.3 32.9 -0.328281 0.372652 3.94195 -0.0394075 0.0425816 29.5712
143992 14 0.01 1.3 32.9 -0.238237 -0.302935 4.78885 -0.0362231 -0.0420213 29.5712
144674 14 0.01 1.3 32.9 -0.418967 -0.255466 10.0144 -0.12811 -0.0755683 29.5712
148732 14 0.01 1.3 32.9 0.170956 -0.2411 3.43914 0.0165838 -0.0247033 29.5712
149917 14 0.01 1.3 32.9 -0.0970713 -0.415106 4.57472 -0.013549 -0.0565318 29.5712
151213 14 0.01 1.3 32.9 -0.156202 -0.21289 2.68208 -0.0114184 -0.0183761 29.5712
155952 14 0.01 1.3 32.9 0.0355021 0.155989 4.4421 0.00291552 0.0222849 29.5712
159212 14 0.01 1.3 32.9 0.086087 0.231616 4.93188 0.0144782 0.035446 29.5712
159342 14 0.01 1.3 32.9 -0.117762 -0.161775 0.567681 -0.00485281 -0.000320974 29.5712
162549 14 0.01 1.3 32.9 0.226847 0.350594 5.28154 0.0378669 0.0557774 29.5712
162572 14 0.01 1.3 32.9 -0.324819 -0.270128 5.13482 -0.0507372 -0.0416153 29.5712
163756 14 0.01 1.3 32.9 -0.171782 -0.31057 3.42656 -0.0170083 -0.0291813 29.5712
173871 14 0.01 1.3 32.9 0.228314 0.499593 5.97949 0.0437019 0.0914566 29.5712
174168 14 0.01 1.3 32.9 -0.018247 -0.0571618 8.51689 -0.0033869 -0.0159953 29.5712
176121 14 0.01 1.3 32.9 -0.38879 -0.289678 6.37206 -0.075042 -0.0553446 29.5712
176176 14 0.01 1.3 32.9 -0.262871 0.403326 6.01654 -0.0480067 0.0753325 29.5712
179247 14 0.01 1.3 32.9 0.0733731 0.390314 9.75618 0.0226149 0.116718 29.5712
180575 14 0.01 1.3 32.9 -0.443329 0.492769 3.94394 -0.052985 0.0603822 29.5712
183091 14 0.01 1.3 32.9 -0.0938897 -0.236441 7.87615 -0.023557 -0.0551344 29.5712
184332 14 0.01 1.3 32.9 0.371762 0.0347454 7.38823 0.0836815 0.0100201 29.5712
184410 14 0.01 1.3 32.9 0.49704 -0.166398 1.65879 0.0243489 -0.00682914 29.5712
185411 14 0.01 1.3 32.9 0.287866 -0.4982 4.95684 0.0420626 -0.0756177 29.5712
187103 14 0.01 1.3 32.9 0.413542 -0.058922 7.04063 0.0910824 -0.00973964 29.5712
189619 14 0.01 1.3 32.9 -0.379595 0.459666 7.97965 -0.0927724 0.111619 29.5712
193799 14 0.01 1.3 32.9 0.311317 -0.377536 5.21134 0.0501032 -0.0603539 29.5712
195651 14 0.01 1.3 32.9 -0.354526 -0.236489 3.12356 -0.0312517 -0.0232481 29.5712
197583 14 0.01 1.3 32.9 0.102684 0.379574 3.02686 0.0076147 0.0341891 29.5712
197856 14 0.01 1.3 32.9 0.248027 -0.198363 12.5824 0.0951045 -0.0768711 29.5712
198691 14 0.01 1.3 32.9 0.342464 -0.4101 6.57292 0.0709104 -0.0811042 29.5712
198894 14 0.01 1.3 32.9 0.499539 0.019914 3.68736 0.0564789 0.00363214 29.5712
200897 14 0.01 1.3 32.9 0.36521 -0.436443 2.96333 0.0329328 -0.0385945 29.5712
205380 14 0.01 1.3 32.9 0.340084 0.0277281 3.64931 0.0377821 0.0013425 29.5712
212414 14 0.01 1.3 32.9 -0.115222 -0.305158 3.95319 -0.0123022 -0.0362451 29.5712
216227 14 0.01 1.3 32.9 0.41255 0.362718 5.57016 0.0695953 0.0627475 29.5712
218028 14 0.01 1.3 32.9 -0.441778 0.0431634 12.845 -0.173472 0.0176463 29.5712
218156 14 0.01 1.3 32.9 0.120169 -0.102691 6.35045 0.0247006 -0.0207116 29.5712
219841 14 0.01 1.3 32.9 0.481123 0.241648 4.5861 0.0678807 0.0357798 29.5712
222600 14 0.01 1.3 32.9 -0.352023 -0.00506422 7.40314 -0.0764744 -0.00218985 29.5712
226023 14 0.01 1.3 32.9 -0.0750136 -0.0104863 7.58107 -0.0184051 -1.41772e-05 29.5712
226374 14 0.01 1.3 32.9 0.204249 -0.186256 3.32881 0.0184179 -0.0187738 29.5712
227275 14 0.01 1.3 32.9 0.252358 0.10346 3.18217 0.0261175 0.010275 29.5712
227507 14 0.01 1.3 32.9 -0.270639 0.327523 3.59499 -0.029035 0.0359936 29.5712
227769 14 0.01 1.3 32.9 -0.339307 -0.163353 3.35432 -0.0347725 -0.0165531 29.5712
228325 14 0.01 1.3 32.9 0.379416 -0.271828 1.95979 0.0223504 -0.0164724 29.5712
228512 14 0.01 1.3 32.9 0.10691 0.261415 2.31805 0.00677308 0.0178904 29.5712
230592 14 0.01 1.3 32.9 -0.153734 0.287332 7.75827 -0.0372378 0.068159 29.5712
230911 14 0.01 1.3 32.9 0.278837 -0.385773 7.03071 0.0615042 -0.0815942 29.5712
231381 14 0.01 1.3 32.9 -0.340185 0.318012 7.86035 -0.0798907 0.075747 29.5712
232640 14 0.01 1.3 32.9 -0.0908381 -0.158498 8.5105 -0.0237858 -0.0385299 29.5712
233436 14 0.01 1.3 32.9 -0.26872 0.0578681 7.09975 -0.0558017 0.0128782 29.5712
234372 14 0.01 1.3 32.9 -0.113546 0.21317 2.17561 -0.00554212 0.0133017 29.5712
236148 14 0.01 1.3 32.9 -0.263083 0.0711387 8.63293 -0.0701641 0.0201576 29.5712
240027 14 0.01 1.3 32.9 0.185985 0.0400948 9.42796 0.052406 0.0131173 29.5712
242627 14 0.01 1.3 32.9 -0.441546 -0.0272731 3.76862 -0.0516606 -0.00274713 29.5712
243860 14 0.01 1.3 32.9 -0.280362 0.0374909 5.57701 -0.0478047 0.00564647 29.5712
247445 14 0.01 1.3 32.9 -0.324556 -0.413566 4.1231 -0.0412269 -0.0507139 29.5712
247476 14 0.01 1.3 32.9 -0.0115711 0.235072 3.65157 0.000298872 0.0248442 29.5712
248498 14 0.01 1.3 32.9 0.335157 0.227695 5.43077 0.0556457 0.0383191 29.5712
249112 14 0.01 1.3 32.9 -0.358805 -0.484878 4.27369 -0.0453155 -0.064391 29.5712
253873 14 0.01 1.3 32.9 0.306522 -0.418 3.9378 0.0371061 -0.0514143 29.5712
254873 14 0.01 1.3 32.9 -0.0846221 0.309877 7.71457 -0.0190507 0.0723378 29.5712
255066 14 0.01 1.3 32.9 -0.451533 0.351753 2.84386 -0.0382266 0.0298752 29.5712
256819 14 0.01 1.3 32.9 0.294058 -0.251036 6.68647 0.0593067 -0.0498891 29.5712
258279 14 0.01 1.3 32.9 0.0286202 -0.479314 6.03473 0.00529663 -0.0871151 29.5712
270966 14 0.01 1.3 32.9 0.244829 0.176124 10.672 0.0794021 0.0556732 29.5712
273493 14 0.01 1.3 32.9 0.000379224 0.276139 6.41884 0.00134753 0.0550624 29.5712
274213 14 0.01 1.3 32.9 -0.0452039 -0.18885 7.05156 -0.00936128 -0.0385651 29.5712
274993 14 0.01 1.3 32.9 0.426173 0.34397 16.4557 0.213048 0.173338 29.5712
278126 14 0.01 1.3 32.9 0.425815 -0.104589 3.18598 0.0411262 -0.00825687 29.5712
278288 14 0.01 1.3 32.9 -0.11594 -0.337919 4.78351 -0.0157547 -0.0502821 29.5712
286332 14 0.01 1.3 32.9 -0.28851 0.210561 3.30742 -0.0293846 0.0229247 29.5712
286998 14 0.01 1.3 32.9 -0.07929 -0.41021 2.85836 -0.00805281 -0.0345559 29.5712
291598 14 0.01 1.3 32.9 -0.354878 0.323357 7.15818 -0.0774791 0.0713046 29.5712
293485 14 0.01 1.3 32.9 0.161548 -0.328646 4.59694 0.0247026 -0.0480242 29.5712
294372 14 0.01 1.3 32.9 0.170874 0.0688545 3.19134 0.0155448 0.00889003 29.5712
295454 14 0.01 1.3 32.9 0.0921235 -0.414517 2.73944 0.00651255 -0.0338497 29.5712
295836 14 0.01 1.3 32.9 -0.11948 -0.213884 2.77129 -0.00831272 -0.0168191 29.5712
296582 14 0.01 1.3 32.9 -0.0512127 0.00398324 6.74918 -0.0077444 -0.00121455 29.5712
297918 14 0.01 1.3 32.9 0.126021 0.289205 7.33024 0.0276096 0.0640549 29.5712
298723 14 0.01 1.3 32.9 0.315631 -0.156069 1.46682 0.0150656 -0.00689027 29.5712
299135 14 0.01 1.3 32.9 -0.11025 0.425897 14.1544 -0.0451915 0.183289 29.5712
299427 14 0.01 1.3 32.9 -0.476404 0.343896 6.98983 -0.103045 0.0745029 29.5712
300051 14 0.01 1.3 32.9 -0.388844 -0.0494234 3.45671 -0.041328 -0.00209219 29.5712
300110 14 0.01 1.3 32.9 -0.318431 -0.0603102 1.75905 -0.0169253 -0.00244198 29.5712
305246 14 0.01 1.3 32.9 0.252937 -0.172729 6.92161 0.0536262 -0.0341945 29.5712
306138 14 0.01 1.3 32.9 0.0694361 -0.228466 4.6759 0.0107331 -0.0312459 29.5712
311043 14 0.01 1.3 32.9 0.0119792 -0.276162 5.37471 0.00258772 -0.0422295 29.5712
311946 14 0.01 1.3 32.9 0.230288 0.130953 8.66594 0.0605565 0.0363575 29.5712
312279 14 0.01 1.3 32.9 0.437691 -0.402892 14.3028 0.19136 -0.175676 29.5712
314536 14 0.01 1.3 32.9 -0.480864 0.338546 5.58363 -0.0842018 0.0573165 29.5712
317485 14 0.01 1.3 32.9 -0.252427 -0.0691436 3.84901 -0.0330579 -0.00744221 29.5712
319660 14 0.01 1.3 32.9 0.292923 0.256013 7.80824 0.0706599 0.0600519 29.5712
321492 14 0.01 1.3 32.9 -0.236391 -0.0536599 5.19601 -0.0394231 -0.00948215 29.5712
321907 14 0.01 1.3 32.9 -0.318008 -0.267676 7.54642 -0.0721157 -0.0619292 29.5712
322479 14 0.01 1.3 32.9 0.126229 0.324828 3.48883 0.0138497 0.0356656 29.5712
325991 14 0.01 1.3 32.9 -0.247444 0.030367 14.9266 -0.112412 0.0148249 29.5712
328024 14 0.01 1.3 32.9 0.496528 -0.401936 14.9487 0.225405 -0.180633 29.5712
330942 14 0.01 1.3 32.9 0.177119 -0.0598404 18.6053 0.102374 -0.0321731 29.5712
331756 14 0.01 1.3 32.9 -0.264448 0.464717 3.58079 -0.0282426 0.0501142 29.5712
339452 14 0.01 1.3 32.9 -0.362267 0.156825 3.85292 -0.0417901 0.0195277 29.5712
339832 14 0.01 1.3 32.9 -0.042762 -0.274963 8.73523 -0.00993764 -0.0744642 29.5712
341002 14 0.01 1.3 32.9 -0.349502 0.299088 7.92019 -0.0852233 0.0739138 29.5712
342335 14 0.01 1.3 32.9 -0.428048 0.152134 3.39406 -0.0428787 0.0180131 29.5712
343413 14 0.01 1.3 32.9 -0.0260279 0.193729 3.51896 -0.000783505 0.0197182 29.5712
344237 14 0.01 1.3 32.9 -0.00227857 -0.382712 7.59086 0.00263732 -0.0862439 29.5712
346235 14 0.01 1.3 32.9 0.258163 -0.109152 4.2505 0.0367834 -0.016503 29.5712
346679 14 0.01 1.3 32.9 -0.466592 0.167201 1.78579 -0.025006 0.00930562 29.5712
346917 14 0.01 1.3 32.9 -0.300004 -0.229472 19.9657 -0.184176 -0.137962 29.5712
347654 14 0.01 1.3 32.9 0.19539 0.22062 2.67181 0.0170967 0.0165713 29.5712
348246 14 0.01 1.3 32.9 -0.00708519 0.429595 5.42275 -0.00159388 0.0718653 29.5712
348618 14 0.01 1.3 32.9 -0.445752 -0.198312 3.84142 -0.054311 -0.0238911 29.5712
350855 14 0.01 1.3 32.9 -0.21235 0.0535903 4.19034 -0.0254312 0.00801017 29.5712
352532 14 0.01 1.3 32.9 0.173336 0.0700886 1.7886 0.00639078 0.00386518 29.5712
353420 14 0.01 1.3 32.9 -0.293782 0.465116 5.59329 -0.0505926 0.0809044 29.5712
353630 14 0.01 1.3 32.9 -0.0266296 0.284843 3.07708 -0.000726045 0.025743 29.5712
354042 14 0.01 1.3 32.9 -0.121722 0.0419671 1.67741 -0.0053307 0.00304315 29.5712
354645 14 0.01 1.3 32.9 0.220401 -0.375546 4.45876 0.031733 -0.0504213 29.5712
358631 14 0.01 1.3 32.9 0.400584 -0.182504 3.72214 0.0435615 -0.021113 29.5712
359667 14 0.01 1.3 32.9 -0.329082 0.0810193 12.9477 -0.12973 0.0330981 29.5712
360666 14 0.01 1.3 32.9 -0.227 0.107404 8.29032 -0.0567239 0.0276935 29.5712
366062 14 0.01 1.3 32.9 -0.0731362 0.13322 12.2972 -0.0251697 0.0519199 29.5712
367058 14 0.01 1.3 32.9 0.173717 -0.0954555 8.36777 0.0456712 -0.0231056 29.5712
367366 14 0.01 1.3 32.9 0.402805 0.297375 2.01056 0.0276628 0.0149137 29.5712
369183 14 0.01 1.3 32.9 0.370967 -0.265357 5.7694 0.0654393 -0.0459067 29.5712
371419 14 0.01 1.3 32.9 0.0423158 0.156922 2.94194 0.00203272 0.0127968 29.5712
371709 14 0.01 1.3 32.9 0.441267 0.207568 6.45704 0.0859099 0.0434193 29.5712
371862 14 0.01 1.3 32.9 0.383672 0.417779 3.11299 0.0376732 0.0384524 29.5712
371930 14 0.01 1.3 32.9 0.37138 0.0591584 1.17436 0.0154784 0.00345652 29.5712
372561 14 0.01 1.3 32.9 0.107842 0.152386 2.02654 0.00632662 0.0121255 29.5712
372727 14 0.01 1.3 32.9 0.104167 0.175854 14.4136 0.0442002 0.0784349 29.5712
373359 14 0.01 1.3 32.9 0.413333 0.459814 5.80888 0.0720413 0.0793245 29.5712
374115 14 0.01 1.3 32.9 -0.0641374 -0.40962 3.74011 -0.00622757 -0.0463461 29.5712
374891 14 0.01 1.3 32.9 0.10818 -0.145547 12.6744 0.0411553 -0.0522902 29.5712
375687 14 0.01 1.3 32.9 -0.383448 0.269048 3.87056 -0.0431896 0.0346562 29.5712
376053 14 0.01 1.3 32.9 0.0848077 -0.111233 6.79243 0.0168627 -0.022351 29.5712
376253 14 0.01 1.3 32.9 0.451651 0.451095 4.30201 0.0607747 0.0612843 29.5712
377697 14 0.01 1.3 32.9 -0.375516 0.270226 9.29883 -0.106279 0.0772138 29.5712
378828 14 0.01 1.3 32.9 0.390691 0.435059 7.78653 0.091983 0.105432 29.5712
381608 14 0.01 1.3 32.9 -0.082366 0.101128 4.86796 -0.0117315 0.0146702 29.5712
382656 14 0.01 1.3 32.9 -0.274913 0.315611 6.76145 -0.0558048 0.0646742 29.5712
386850 14 0.01 1.3 32.9 -0.165776 -0.0619445 3.62051 -0.0201123 -0.00581582 29.5712
389642 14 0.01 1.3 32.9 0.238047 -0.116748 13.2853 0.0957794 -0.0449187 29.5712
392373 14 0.01 1.3 32.9 0.438437 0.31581 7.81024 0.103482 0.075936 29.5712
393248 14 0.01 1.3 32.9 0.126433 -0.402062 16.1148 0.0622017 -0.19283 29.5712
395855 14 0.01 1.3 32.9 -0.49994 -0.310164 2.21982 -0.0317222 -0.0236657 29.5712
397580 14 0.01 1.3 32.9 -0.14572 -0.372175 1.17289 -0.00585404 -0.00944187 29.5712
404235 14 0.01 1.3 32.9 -0.324324 -0.164345 6.42137 -0.0630643 -0.0295304 29.5712
404453 14 0.01 1.3 32.9 0.157102 0.257472 4.52548 0.0208935 0.0354258 29.5712
405346 14 0.01 1.3 32.9 -0.320102 -0.389598 2.55845 -0.026068 -0.0279937 29.5712
405402 14 0.01 1.3 32.9 0.138254 -0.11848 2.08839 0.0100969 -0.00940546 29.5712
405558 14 0.01 1.3 32.9 -0.408605 -0.398292 1.05981 -0.010285 -0.0108109 29.5712
405904 14 0.01 1.3 32.9 0.134912 0.472157 4.80401 0.020848 0.0686957 29.5712
410906 14 0.01 1.3 32.9 -0.393313 0.366796 5.33293 -0.0625229 0.0614822 29.5712
412941 14 0.01 1.3 32.9 -0.415887 0.159042 3.05538 -0.0365184 0.0166599 29.5712
414002 14 0.01 1.3 32.9 0.226409 -0.0197269 6.19 0.0424478 -0.00471867 29.5712
417107 14 0.01 1.3 32.9 0.2352 -0.176214 5.40843 0.0377528 -0.0289117 29.5712
417912 14 0.01 1.3 32.9 0.492026 0.476656 3.89421 0.0588638 0.0568955 29.5712
418436 14 0.01 1.3 32.9 -0.0494285 -0.291929 2.7195 -0.000591366 -0.0234216 29.5712
419829 14 0.01 1.3 32.9 -0.457549 -0.26062 10.4797 -0.14633 -0.0824502 29.5712
423986 14 0.01 1.3 32.9 -0.147511 0.0193135 3.42738 -0.0138442 0.0018896 29.5712
424705 14 0.01 1.3 32.9 -0.12997 -0.327074 8.10756 -0.0319852 -0.0807117 29.5712
430277 14 0.01 1.3 32.9 -0.334947 -0.100883 3.1288 -0.0324558 -0.00760993 29.5712
430990 14 0.01 1.3 32.9 -0.464615 -0.451175 6.73317 -0.0965292 -0.0912813 29.5712
431690 14 0.01 1.3 32.9 0.106084 -0.116664 6.01156 0.0183922 -0.0210324 29.5712
433004 14 0.01 1.3 32.9 0.324015 -0.400548 3.5779 0.0319485 -0.0445143 29.5712
434290 14 0.01 1.3 32.9 0.0350712 -0.361046 6.3306 0.00709589 -0.0686903 29.5712
434818 14 0.01 1.3 32.9 0.350195 0.0277031 3.12305 0.0340357 0.00354458 29.5712
435973 14 0.01 1.3 32.9 -0.198776 0.269021 2.57997 -0.015899 0.0204686 29.5712
436735 14 0.01 1.3 32.9 -0.0372829 0.260847 1.95546 -0.00430258 0.0165733 29.5712
437577 14 0.01 1.3 32.9 0.169172 -0.367691 7.54136 0.0383901 -0.0840491 29.5712
440372 14 0.01 1.3 32.9 -0.148249 0.222632 1.5736 -0.00690472 0.0112513 29.5712
440920 14 0.01 1.3 32.9 0.297719 0.232143 6.77069 0.060962 0.0486156 29.5712
441609 14 0.01 1.3 32.9 -0.173114 -0.321246 5.5851 -0.0277074 -0.056216 29.5712
446331 14 0.01 1.3 32.9 -0.142462 0.323633 3.01535 -0.0114245 0.0296242 29.5712
447580 14 0.01 1.3 32.9 0.460214 -0.424366 3.44587 0.0495244 -0.0418512 29.5712
450216 14 0.01 1.3 32.9 -0.0974675 0.281468 4.29635 -0.0118524 0.036402 29.5712
450801 14 0.01 1.3 32.9 0.361651 -0.403971 9.55227 0.104967 -0.116863 29.5712
452623 14 0.01 1.3 32.9 -0.137343 0.400186 4.53618 -0.0166219 0.0569852 29.5712
453250 14 0.01 1.3 32.9 -0.426708 0.268362 4.64684 -0.0603154 0.0399301 29.5712
455336 14 0.01 1.3 32.9 0.230056 -0.310056 8.14035 0.0560774 -0.0758069 29.5712
456636 14 0.01 1.3 32.9 -0.279993 -0.462723 5.86155 -0.0517732 -0.0822056 29.5712
457634 14 0.01 1.3 32.9 -0.117579 0.223731 0.606538 -0.00824882 0.00899493 29.5712
458128 14 0.01 1.3 32.9 -0.448924 0.404634 4.53817 -0.0631698 0.0569957 29.5712
458522 14 0.01 1.3 32.9 0.287933 -0.22236 5.24828 0.0452007 -0.038627 29.5712
460424 14 0.01 1.3 32.9 -0.257905 -0.270755 4.78468 -0.0397808 -0.036593 29.5712
460530 14 0.01 1.3 32.9 0.266206 0.389274 13.4824 0.110341 0.160027 29.5712
460782 14 0.01 1.3 32.9 -0.353438 -0.129368 6.56834 -0.0671785 -0.0269155 29.5712
461665 14 0.01 1.3 32.9 0.161126 0.0953887 3.77361 0.0152191 0.0117106 29.5712
464026 14 0.01 1.3 32.9 -0.376105 -0.369285 3.8896 -0.0436879 -0.0414434 29.5712
464968 14 0.01 1.3 32.9 -0.2119 -0.289892 5.63007 -0.0383227 -0.0489655 29.5712
467385 14 0.01 1.3 32.9 -0.452537 -0.113432 4.44942 -0.0627009 -0.0139054 29.5712
467816 14 0.01 1.3 32.9 -0.377431 0.378859 4.91659 -0.0555863 0.0560629 29.5712
474838 14 0.01 1.3 32.9 -0.250559 -0.00206534 10.4054 -0.0805353 0.000169547 29.5712
475880 14 0.01 1.3 32.9 0.106963 0.0805123 8.1748 0.0268386 0.0179422 29.5712
476008 14 0.01 1.3 32.9 0.071147 0.0834966 4.40252 0.00797074 0.0115327 29.5712
476336 14 0.01 1.3 32.9 -0.254743 -0.350414 4.74229 -0.0372287 -0.0515246 29.5712
477665 14 0.01 1.3 32.9 -0.00561 0.327695 8.14788 0.000573403 0.0824222 29.5712
480457 14 0.01 1.3 32.9 -0.2513 -0.257826 5.40645 -0.0396099 -0.0422303 29.5712
485826 14 0.01 1.3 32.9 -0.376884 -0.259044 4.8206 -0.0558714 -0.0370841 29.5712
487762 14 0.01 1.3 32.9 0.0348651 -0.333847 4.32865 0.00548934 -0.0427691 29.5712
487796 14 0.01 1.3 32.9 -0.312166 -0.124464 7.04572 -0.0673036 -0.0247424 29.5712
489074 14 0.01 1.3 32.9 0.401131 0.0567823 5.12742 0.062224 0.0138188 29.5712
490400 14 0.01 1.3 32.9 -0.104058 0.198469 0.582882 0.000938993 -0.00182929 29.5712
493934 14 0.01 1.3 32.9 -0.232101 -0.176047 4.94188 -0.036045 -0.0223391 29.5712
495370 14 0.01 1.3 32.9 0.293345 -0.41671 8.76879 0.0778039 -0.111787 29.5712
495901 14 0.01 1.3 32.9 0.340161 0.0306183 8.73934 0.0901333 0.00956438 29.5712
