245 14 0.01 1.3 32.9 -0.1372 0.0615603 8.47905 -0.0373478 0.0202283 32.9714
3577 14 0.01 1.3 32.9 0.299986 0.040926 16.0778 0.147906 0.019402 30.217
3740 14 0.01 1.3 32.9 0.496721 -0.285107 9.26542 0.140871 -0.0781743 31.585
5382 14 0.01 1.3 32.9 -0.365559 0.0718249 2.63785 -0.0243815 0.00659569 34.9739
7923 14 0.01 1.3 32.9 -0.361871 0.018433 6.80818 -0.0766838 0.00300864 34.21
8426 14 0.01 1.3 32.9 -0.0448978 0.127428 7.65974 -0.0107161 0.0300313 30.5378
8538 14 0.01 1.3 32.9 -0.378445 -0.354881 10.3925 -0.119443 -0.111238 32.9561
8562 14 0.01 1.3 32.9 0.0334875 -0.126715 8.53939 0.00759942 -0.0331034 33.5096
9378 14 0.01 1.3 32.9 -0.392852 0.026783 11.5903 -0.137633 0.00927996 32.166
11612 14 0.01 1.3 32.9 -0.0372119 0.222343 4.25986 -0.00606893 0.0296654 36.4161
11980 14 0.01 1.3 32.9 0.034535 0.259067 5.07091 0.00433792 0.0399445 34.9745
14840 14 0.01 1.3 32.9 0.483566 0.435404 10.2441 0.147385 0.135852 32.3094
14898 14 0.01 1.3 32.9 -0.474893 -0.321691 3.74611 -0.0544251 -0.0351766 34.2194
15168 14 0.01 1.3 32.9 -0.261313 -0.115464 6.29219 -0.0473614 -0.0208552 35.0361
15577 14 0.01 1.3 32.9 0.00462042 -0.23248 7.31542 0.00204091 -0.0551699 33.0553
16712 14 0.01 1.3 32.9 0.102804 -0.42325 14.1037 0.0431788 -0.182109 31.151
17051 14 0.01 1.3 32.9 -0.250043 0.0407947 9.76216 -0.0730473 0.0122292 30.6921
17737 14 0.01 1.3 32.9 0.479597 -0.258712 3.38595 0.0507464 -0.0251902 31.4216
17781 14 0.01 1.3 32.9 -0.135214 -0.370932 11.0395 -0.0448 -0.125084 31.3446
17886 14 0.01 1.3 32.9 0.201991 0.0161073 8.05963 0.0504966 0.00468559 34.4148
18399 14 0.01 1.3 32.9 -0.0133345 0.257262 4.70022 -0.000191078 0.0364056 36.6766
19896 14 0.01 1.3 32.9 0.27892 0.261086 11.681 0.100287 0.0918772 31.46
20315 14 0.01 1.3 32.9 0.0438905 0.414114 6.72394 0.00664403 0.0847624 32.3617
22952 14 0.01 1.3 32.9 0.174246 0.37538 5.36025 0.0281905 0.0608406 35.4404
23050 14 0.01 1.3 32.9 0.0461616 -0.284022 5.84373 0.00622887 -0.0509006 32.8998
23112 14 0.01 1.3 32.9 -0.28015 -0.215051 12.1588 -0.103785 -0.0798681 30.8354
24775 14 0.01 1.3 32.9 -0.0581111 -0.199184 6.45529 -0.00996259 -0.0405983 33.7554
25286 14 0.01 1.3 32.9 0.0288451 0.224887 7.0776 0.0043842 0.0485778 33.6874
25732 14 0.01 1.3 32.9 -0.0319065 -0.37625 9.05375 -0.00972645 -0.105049 31.449
25898 14 0.01 1.3 32.9 0.137636 -0.490361 2.62699 0.0101092 -0.0391077 34.5033
28120 14 0.01 1.3 32.9 0.116933 0.463246 1.85535 0.00650252 0.0244862 35.5385
28544 14 0.01 1.3 32.9 0.203767 -0.168767 10.7181 0.0668883 -0.0544531 30.9133
29775 14 0.01 1.3 32.9 0.245782 -0.196951 12.3538 0.0919345 -0.0732041 31.9636
30521 14 0.01 1.3 32.9 -0.081113 -0.000562027 4.50582 -0.011455 0.000376327 36.5597
30601 14 0.01 1.3 32.9 0.065341 -0.114794 12.7265 0.0256029 -0.0434738 31.2747
32242 14 0.01 1.3 32.9 -0.229257 -0.35112 11.484 -0.0804605 -0.120845 30.8672
32937 14 0.01 1.3 32.9 -0.0102886 0.195759 4.50769 -0.00165329 0.0266381 35.8577
32990 14 0.01 1.3 32.9 -0.195075 0.0676604 4.83124 -0.0263664 0.00896192 36.952
34303 14 0.01 1.3 32.9 -0.145135 -0.47002 2.9425 -0.0138279 -0.0412796 34.0875
34857 14 0.01 1.3 32.9 0.437084 0.307832 6.81603 0.0893104 0.0608882 34.4465
35374 14 0.01 1.3 32.9 -0.304997 -0.47871 6.26183 -0.0586755 -0.0898315 32.7475
37262 14 0.01 1.3 32.9 -0.390704 -0.0271263 4.78678 -0.0578153 -0.00464495 35.0407
37280 14 0.01 1.3 32.9 -0.00605708 0.0257121 6.12197 0.00161707 0.00575462 31.9792
37573 14 0.01 1.3 32.9 -0.104438 0.399146 11.6611 -0.0368569 0.141824 31.0588
38217 14 0.01 1.3 32.9 -0.45119 -0.369118 5.43808 -0.0733371 -0.0631156 33.2772
38272 14 0.01 1.3 32.9 -0.0943564 -0.468489 1.57944 -0.00404059 -0.0238104 33.1004
38323 14 0.01 1.3 32.9 -0.154686 0.139791 8.37314 -0.0412094 0.0350226 32.9388
38674 14 0.01 1.3 32.9 -0.370058 -0.0253357 16.3744 -0.185518 -0.0108176 30.8202
38700 14 0.01 1.3 32.9 -0.211196 0.466539 15.1586 -0.0986912 0.215197 30.2214
38924 14 0.01 1.3 32.9 0.432517 -0.120096 7.85692 0.104743 -0.0291993 31.366
41067 14 0.01 1.3 32.9 0.288056 0.191823 4.11114 0.0361312 0.0222376 34.7745
41903 14 0.01 1.3 32.9 0.247345 -0.256249 8.4477 0.0614233 -0.0640904 32.1375
42858 14 0.01 1.3 32.9 -0.163683 0.370474 12.3655 -0.0622185 0.138386 31.5114
42894 14 0.01 1.3 32.9 -0.484311 -0.259532 2.17884 -0.0326301 -0.0183181 33.453
43159 14 0.01 1.3 32.9 0.119899 0.0195389 3.1786 0.0117765 0.00279213 33.9284
46755 14 0.01 1.3 32.9 0.0618769 0.361589 7.58858 0.0141899 0.0858918 31.2168
47965 14 0.01 1.3 32.9 0.262878 -0.247618 2.03281 0.0143958 -0.0155832 34.5685
48194 14 0.01 1.3 32.9 -0.0247653 0.45436 6.63285 -0.00247024 0.0899917 34.9403
48652 14 0.01 1.3 32.9 0.231496 -0.236708 16.7706 0.116862 -0.119059 30.7448
49277 14 0.01 1.3 32.9 -0.442076 -0.326776 3.39443 -0.0439641 -0.0354278 33.6915
50211 14 0.01 1.3 32.9 0.265045 -0.0636365 7.66848 0.0619128 -0.0130007 32.7574
50541 14 0.01 1.3 32.9 -0.291701 0.45131 3.29508 -0.0295471 0.0425632 33.0864
50899 14 0.01 1.3 32.9 0.295814 0.292143 7.65422 0.06937 0.0680177 31.4784
51373 14 0.01 1.3 32.9 -0.35807 0.0250535 4.03588 -0.0426979 0.00506659 35.3486
51926 14 0.01 1.3 32.9 0.29494 0.257499 2.85624 0.0239919 0.0235398 32.9867
53796 14 0.01 1.3 32.9 -0.454851 0.0461299 15.3944 -0.209342 0.0203917 30.6616
54517 14 0.01 1.3 32.9 -0.499883 0.103354 6.17045 -0.094889 0.0214598 32.7101
55282 14 0.01 1.3 32.9 -0.376523 -0.193809 5.05613 -0.0584842 -0.0316928 36.8673
56255 14 0.01 1.3 32.9 -0.407423 -0.26144 4.114 -0.0518943 -0.031983 36.6132
58172 14 0.01 1.3 32.9 0.256109 -0.0873139 8.79436 0.0669241 -0.023594 33.2428
59141 14 0.01 1.3 32.9 0.0655774 0.0316834 4.16754 0.00532362 0.00475906 34.6124
59994 14 0.01 1.3 32.9 -0.190288 -0.416446 7.99143 -0.0447179 -0.102041 33.924
61638 14 0.01 1.3 32.9 0.0826952 -0.166311 9.28511 0.0246955 -0.0457691 32.9576
62325 14 0.01 1.3 32.9 -0.141696 0.416881 5.71293 -0.0226859 0.0726925 35.118
63298 14 0.01 1.3 32.9 -0.00761231 0.0982281 18.8501 -0.00510872 0.056339 30.1154
63343 14 0.01 1.3 32.9 -0.161207 -0.32269 15.1749 -0.0733552 -0.147651 30.1556
63378 14 0.01 1.3 32.9 0.113886 -0.344138 9.27464 0.0326031 -0.0939928 32.4249
63760 14 0.01 1.3 32.9 0.22122 -0.090565 4.99962 0.0334567 -0.0160312 31.0456
64043 14 0.01 1.3 32.9 0.389548 -0.123835 4.54274 0.0548199 -0.0157731 36.102
66315 14 0.01 1.3 32.9 -0.224321 -0.313974 3.74406 -0.0248024 -0.037187 33.9729
66559 14 0.01 1.3 32.9 -0.30764 0.485696 8.52651 -0.0785197 0.123715 32.7375
67150 14 0.01 1.3 32.9 0.245691 -0.175461 11.066 0.0798983 -0.059452 31.6055
67431 14 0.01 1.3 32.9 0.192553 0.125345 4.26778 0.0249205 0.014355 35.6534
69187 14 0.01 1.3 32.9 -0.22498 0.0962955 5.39514 -0.0372863 0.0168249 36.2262
70958 14 0.01 1.3 32.9 0.260497 0.014677 2.99164 0.0234974 0.00292754 34.4397
72473 14 0.01 1.3 32.9 -0.0557926 0.224599 3.09297 -0.00389954 0.0185666 32.9868
73175 14 0.01 1.3 32.9 0.1674 0.406244 9.96223 0.0526949 0.121421 32.4239
73840 14 0.01 1.3 32.9 0.236558 0.393797 2.43951 0.0182644 0.0246771 33.5555
74700 14 0.01 1.3 32.9 -0.414588 0.00714842 2.86236 -0.0382384 9.48311e-06 31.8219
75649 14 0.01 1.3 32.9 0.389687 -0.383133 3.50583 0.0425346 -0.0402743 32.3149
77489 14 0.01 1.3 32.9 0.469015 0.252554 8.02616 0.11299 0.0618281 34.5605
77628 14 0.01 1.3 32.9 0.409737 -0.400061 4.6928 0.059806 -0.0568675 32.1355
77946 14 0.01 1.3 32.9 0.459928 0.376569 8.69186 0.122462 0.10047 32.715
78090 14 0.01 1.3 32.9 -0.0930067 0.219455 3.81739 -0.0111664 0.0276701 33.2669
78127 14 0.01 1.3 32.9 0.016815 -0.0753107 6.15401 0.00225993 -0.0124165 32.4618
78248 14 0.01 1.3 32.9 0.0500035 0.375278 3.81538 0.00607295 0.0448957 34.6562
81054 14 0.01 1.3 32.9 -0.355996 -0.173573 2.08533 -0.0246632 -0.0097851 33.8001
81774 14 0.01 1.3 32.9 0.446841 0.0948316 5.67757 0.0773836 0.0156132 33.5718
81999 14 0.01 1.3 32.9 0.166927 0.113986 15.5896 0.0778091 0.0532751 30.6791
82239 14 0.01 1.3 32.9 0.451632 0.256297 6.86915 0.096177 0.0543943 33.3652
83923 14 0.01 1.3 32.9 -0.0152184 0.370163 6.55991 -0.0035116 0.0724658 31.1791
85511 14 0.01 1.3 32.9 0.425132 -0.300704 14.5195 0.188616 -0.133309 30.812
87262 14 0.01 1.3 32.9 -0.332571 0.39146 1.01667 -0.0087524 0.0111823 31.3896
87810 14 0.01 1.3 32.9 0.0446494 -0.177024 8.09819 0.01116 -0.0441138 34.2587
88916 14 0.01 1.3 32.9 -0.328795 0.173088 6.84878 -0.0683471 0.0354419 35.4015
89844 14 0.01 1.3 32.9 0.467617 0.237837 1.82671 0.0249467 0.0162987 34.3487
90526 14 0.01 1.3 32.9 0.460542 0.488837 16.5693 0.231893 0.247654 30.385
90542 14 0.01 1.3 32.9 -0.244419 -0.330154 5.90366 -0.0430818 -0.0584231 35.5998
90794 14 0.01 1.3 32.9 0.0656242 -0.487558 2.77353 0.0060264 -0.0378596 34.5091
91006 14 0.01 1.3 32.9 0.327859 0.341202 6.87691 0.0667276 0.0706376 35.605
91016 14 0.01 1.3 32.9 0.35103 0.394737 5.25409 0.0546067 0.0632136 32.98
91287 14 0.01 1.3 32.9 -0.360883 0.0509359 5.38725 -0.0590664 0.00862013 36.7993
91569 14 0.01 1.3 32.9 -0.0105168 -0.0603779 2.37314 -0.00219519 -0.00597499 35.5254
95490 14 0.01 1.3 32.9 0.346924 0.415548 9.53676 0.102131 0.124504 33.2591
96009 14 0.01 1.3 32.9 -0.110728 0.107632 6.02899 -0.0210061 0.0193787 32.1292
97711 14 0.01 1.3 32.9 0.0796727 -0.188462 10.2387 0.0220177 -0.0605474 32.0113
98777 14 0.01 1.3 32.9 0.288967 0.118805 3.8696 0.0332354 0.0114737 33.2337
99545 14 0.01 1.3 32.9 -0.0808172 -0.416632 10.9808 -0.0269749 -0.138316 32.4594
99927 14 0.01 1.3 32.9 0.38374 0.0331453 4.12716 0.0472844 0.00383552 32.0491
101938 14 0.01 1.3 32.9 -0.205227 0.436108 2.32933 -0.0142199 0.0316012 35.8825
102045 14 0.01 1.3 32.9 0.481276 0.347708 5.22394 0.0774995 0.0539442 33.1499
102503 14 0.01 1.3 32.9 0.178889 -0.422893 14.463 0.0791304 -0.185439 29.6647
102521 14 0.01 1.3 32.9 0.223312 -0.148527 5.49127 0.0375116 -0.0226871 31.0034
104993 14 0.01 1.3 32.9 -0.0662361 0.266729 4.81745 -0.0110035 0.0391905 31.6223
106117 14 0.01 1.3 32.9 0.428307 0.400203 3.56518 0.047724 0.0435129 36.0311
106128 14 0.01 1.3 32.9 -0.0719991 0.341106 5.35198 -0.0129375 0.0566621 34.1859
106377 14 0.01 1.3 32.9 0.407265 -0.474622 10.5783 0.130886 -0.15402 31.568
106764 14 0.01 1.3 32.9 0.00844324 -0.491602 6.38342 0.0007416 -0.0939505 34.4896
107916 14 0.01 1.3 32.9 0.259049 0.180925 5.99584 0.0459853 0.0319315 33.6877
108421 14 0.01 1.3 32.9 0.067432 -0.103041 8.00149 0.0158003 -0.024984 33.5768
108502 14 0.01 1.3 32.9 -0.413711 0.340317 1.79506 -0.0207975 0.0178115 32.2396
109488 14 0.01 1.3 32.9 -0.171291 -0.241669 4.66923 -0.023044 -0.0350654 34.5066
110238 14 0.01 1.3 32.9 0.328859 0.0818484 5.4421 0.0557463 0.0119649 36.4565
111116 14 0.01 1.3 32.9 -0.212877 0.0739299 4.26073 -0.0283223 0.01323 35.9238
111781 14 0.01 1.3 32.9 -0.133561 -0.0949752 8.75934 -0.033859 -0.0269304 33.1358
112455 14 0.01 1.3 32.9 -0.26792 -0.296067 5.38792 -0.0450261 -0.0479381 35.3526
112817 14 0.01 1.3 32.9 0.344978 0.0876583 13.7014 0.144289 0.0369518 30.7312
112902 14 0.01 1.3 32.9 0.0604605 -0.222169 3.84771 0.0069421 -0.0278561 32.2152
114039 14 0.01 1.3 32.9 0.408827 -0.492151 1.56625 0.0198865 -0.0229092 35.1105
114353 14 0.01 1.3 32.9 0.350885 -0.384507 8.93175 0.094544 -0.104763 33.4606
115778 14 0.01 1.3 32.9 -0.418234 0.163615 9.07029 -0.114134 0.0435482 29.8784
118451 14 0.01 1.3 32.9 0.453491 0.329212 3.38489 0.0463291 0.0310129 33.1014
120727 14 0.01 1.3 32.9 0.0437901 -0.459259 7.06506 0.00869224 -0.0999464 31.9162
121018 14 0.01 1.3 32.9 -0.336705 0.437866 10.044 -0.101568 0.133103 33.0008
121069 14 0.01 1.3 32.9 -0.121396 -0.249613 3.48913 -0.0114265 -0.0305197 33.0528
121958 14 0.01 1.3 32.9 -0.46319 0.377111 8.48047 -0.119139 0.0973832 34.0433
122772 14 0.01 1.3 32.9 -0.315398 -0.338826 6.43344 -0.0614205 -0.0674553 35.1979
123665 14 0.01 1.3 32.9 -0.359171 -0.141187 3.06487 -0.0352786 -0.0122848 34.3698
126419 14 0.01 1.3 32.9 -0.298099 0.16934 14.1524 -0.127738 0.070842 30.5293
128116 14 0.01 1.3 32.9 0.209645 -0.0327843 10.8671 0.067503 -0.0119012 32.5666
128710 14 0.01 1.3 32.9 0.317213 0.0198515 11.139 0.106458 0.00796059 30.9397
129183 14 0.01 1.3 32.9 -0.438448 -0.40785 3.85891 -0.0518569 -0.0469133 32.394
129986 14 0.01 1.3 32.9 -0.236526 -0.347635 4.0417 -0.0320336 -0.045018 32.2813
130738 14 0.01 1.3 32.9 0.289702 0.0881259 2.58111 0.0230844 0.00553012 34.6996
131879 14 0.01 1.3 32.9 -0.295347 -0.427954 8.60107 -0.0798312 -0.109926 33.312
132011 14 0.01 1.3 32.9 -0.0229187 -0.308843 3.31997 -0.00326839 -0.0301111 35.6841
132778 14 0.01 1.3 32.9 0.147985 -0.441599 4.53008 0.0192501 -0.0602754 34.2846
132856 14 0.01 1.3 32.9 -0.445651 -0.0501056 3.34039 -0.0476858 -0.00620908 35.7735
133303 14 0.01 1.3 32.9 0.191836 0.14817 5.45633 0.0328078 0.0228863 35.6232
133348 14 0.01 1.3 32.9 -0.0563585 0.250392 12.8555 -0.0232307 0.0967131 31.6825
133665 14 0.01 1.3 32.9 0.0552353 0.344464 10.2392 0.0184793 0.107098 32.6751
134317 14 0.01 1.3 32.9 0.189023 -0.497953 5.47945 0.0310177 -0.0837152 33.3722
135613 14 0.01 1.3 32.9 0.418879 0.391216 7.66501 0.0965932 0.0912085 34.6407
136657 14 0.01 1.3 32.9 0.324022 -0.327011 2.00788 0.0232437 -0.022332 30.6178
138577 14 0.01 1.3 32.9 0.0858923 -0.45241 8.5981 0.0232904 -0.116875 34.0061
139234 14 0.01 1.3 32.9 -0.328281 0.372652 3.94195 -0.0394075 0.0425816 34.0837
140012 14 0.01 1.3 32.9 -0.0183732 -0.20633 6.15569 -0.00401566 -0.0383351 34.5153
140126 14 0.01 1.3 32.9 0.0633168 0.494836 6.14553 0.0129395 0.0905784 34.9868
143807 14 0.01 1.3 32.9 0.357613 0.458537 3.23121 0.0372832 0.0440619 33.6255
143992 14 0.01 1.3 32.9 -0.238237 -0.302935 4.78885 -0.0362231 -0.0420213 36.6196
144674 14 0.01 1.3 32.9 -0.418967 -0.255466 10.0144 -0.12811 -0.0755683 32.0076
146432 14 0.01 1.3 32.9 -0.266474 0.189346 4.63232 -0.0381924 0.0262256 31.9448
146774 14 0.01 1.3 32.9 -0.339517 0.124911 4.75889 -0.0495653 0.0168937 35.3046
148732 14 0.01 1.3 32.9 0.170956 -0.2411 3.43914 0.0165838 -0.0247033 34.3554
149917 14 0.01 1.3 32.9 -0.0970713 -0.415106 4.57472 -0.013549 -0.0565318 36.822
151213 14 0.01 1.3 32.9 -0.156202 -0.21289 2.68208 -0.0114184 -0.0183761 34.4851
151245 14 0.01 1.3 32.9 0.496361 -0.38062 5.58335 0.0845203 -0.0655379 31.2752
152713 14 0.01 1.3 32.9 0.486743 0.385159 8.99786 0.134606 0.10372 33.0672
155432 14 0.01 1.3 32.9 -0.219853 -0.397046 2.55974 -0.0198159 -0.0327298 33.6515
155952 14 0.01 1.3 32.9 0.0355021 0.155989 4.4421 0.00291552 0.0222849 34.0156
157456 14 0.01 1.3 32.9 -0.320317 -0.382961 8.54022 -0.0848776 -0.100245 33.5041
157542 14 0.01 1.3 32.9 -0.306017 -0.202963 6.28065 -0.0585265 -0.0392363 30.6246
159192 14 0.01 1.3 32.9 -0.449883 0.476246 5.59573 -0.0768944 0.0829729 35.1743
159212 14 0.01 1.3 32.9 0.086087 0.231616 4.93188 0.0144782 0.035446 30.4938
159342 14 0.01 1.3 32.9 -0.117762 -0.161775 0.567681 -0.00485281 -0.000320974 30.4287
161184 14 0.01 1.3 32.9 -0.153889 -0.234785 6.1795 -0.0298046 -0.0433855 36.223
161880 14 0.01 1.3 32.9 -0.2117 0.27858 4.77941 -0.0313103 0.0394798 36.8811
162216 14 0.01 1.3 32.9 0.271645 0.227398 2.25764 0.0207031 0.0153059 31.9807
162549 14 0.01 1.3 32.9 0.226847 0.350594 5.28154 0.0378669 0.0557774 34.9351
162572 14 0.01 1.3 32.9 -0.324819 -0.270128 5.13482 -0.0507372 -0.0416153 35.2411
163645 14 0.01 1.3 32.9 -0.151276 -0.308546 1.35006 -0.00508805 -0.0127163 33.4406
163756 14 0.01 1.3 32.9 -0.171782 -0.31057 3.42656 -0.0170083 -0.0291813 33.2939
169226 14 0.01 1.3 32.9 -0.232832 0.0706397 4.78778 -0.0325646 0.0085856 30.3114
169544 14 0.01 1.3 32.9 0.0947085 -0.481399 1.98714 0.00467412 -0.0323277 31.8843
171063 14 0.01 1.3 32.9 -0.485887 -0.422019 13.4058 -0.196148 -0.17244 30.1977
173871 14 0.01 1.3 32.9 0.228314 0.499593 5.97949 0.0437019 0.0914566 34.77
174168 14 0.01 1.3 32.9 -0.018247 -0.0571618 8.51689 -0.0033869 -0.0159953 31.0262
175295 14 0.01 1.3 32.9 0.19842 0.420792 5.94035 0.0373842 0.0748135 36.0055
176121 14 0.01 1.3 32.9 -0.38879 -0.289678 6.37206 -0.075042 -0.0553446 35.1899
176176 14 0.01 1.3 32.9 -0.262871 0.403326 6.01654 -0.0480067 0.0753325 35.2314
178083 14 0.01 1.3 32.9 -0.0866266 0.0601787 4.15046 -0.0115712 0.0059953 33.8914
179247 14 0.01 1.3 32.9 0.0733731 0.390314 9.75618 0.0226149 0.116718 31.0075
179917 14 0.01 1.3 32.9 0.405737 0.058687 3.84207 0.0474128 0.00573893 32.8887
180133 14 0.01 1.3 32.9 -0.255731 0.0332515 2.94999 -0.0222073 0.00287391 34.6736
180575 14 0.01 1.3 32.9 -0.443329 0.492769 3.94394 -0.052985 0.0603822 31.6659
181274 14 0.01 1.3 32.9 -0.329432 -0.0871154 3.00017 -0.0258457 -0.00938873 35.3194
181670 14 0.01 1.3 32.9 0.0329817 -0.331358 3.84173 0.00327756 -0.038129 35.8049
181786 14 0.01 1.3 32.9 0.29416 0.333181 9.21088 0.0833763 0.0939479 33.0971
181888 14 0.01 1.3 32.9 -0.472611 -0.384567 4.95454 -0.072213 -0.0590545 35.9231
183091 14 0.01 1.3 32.9 -0.0938897 -0.236441 7.87615 -0.023557 -0.0551344 34.1319
184332 14 0.01 1.3 32.9 0.371762 0.0347454 7.38823 0.0836815 0.0100201 34.6612
184410 14 0.01 1.3 32.9 0.49704 -0.166398 1.65879 0.0243489 -0.00682914 31.9546
185411 14 0.01 1.3 32.9 0.287866 -0.4982 4.95684 0.0420626 -0.0756177 35.5072
186331 14 0.01 1.3 32.9 -0.317603 0.376057 8.22128 -0.0803788 0.094099 31.7555
187103 14 0.01 1.3 32.9 0.413542 -0.058922 7.04063 0.0910824 -0.00973964 35.4379
189619 14 0.01 1.3 32.9 -0.379595 0.459666 7.97965 -0.0927724 0.111619 34.5386
189867 14 0.01 1.3 32.9 -0.0916723 0.469006 5.71304 -0.0169049 0.0789568 33.1607
191223 14 0.01 1.3 32.9 0.298369 -0.456306 1.2924 0.0113821 -0.0160765 31.9537
193799 14 0.01 1.3 32.9 0.311317 -0.377536 5.21134 0.0501032 -0.0603539 36.8034
194542 14 0.01 1.3 32.9 -0.470479 -0.408688 4.3206 -0.0612724 -0.0540979 31.6633
194962 14 0.01 1.3 32.9 -0.16563 -0.138915 5.82978 -0.0288939 -0.0250629 33.6802
195534 14 0.01 1.3 32.9 -0.0387983 0.216011 3.70572 -0.00512235 0.0208946 36.1477
195651 14 0.01 1.3 32.9 -0.354526 -0.236489 3.12356 -0.0312517 -0.0232481 34.9268
197583 14 0.01 1.3 32.9 0.102684 0.379574 3.02686 0.0076147 0.0341891 33.3607
197774 14 0.01 1.3 32.9 -0.0780469 -0.206575 9.02403 -0.0223175 -0.0595287 30.1127
197856 14 0.01 1.3 32.9 0.248027 -0.198363 12.5824 0.0951045 -0.0768711 31.1797
197943 14 0.01 1.3 32.9 -0.401894 0.228965 3.93758 -0.0471618 0.0271961 33.3744
198158 14 0.01 1.3 32.9 -0.418453 -0.449351 6.09267 -0.0771667 -0.0841482 33.8591
198691 14 0.01 1.3 32.9 0.342464 -0.4101 6.57292 0.0709104 -0.0811042 34.4275
198715 14 0.01 1.3 32.9 -0.00967804 -0.247105 3.80401 -0.000299722 -0.0297332 35.3385
198894 14 0.01 1.3 32.9 0.499539 0.019914 3.68736 0.0564789 0.00363214 32.3558
200897 14 0.01 1.3 32.9 0.36521 -0.436443 2.96333 0.0329328 -0.0385945 34.8497
202521 14 0.01 1.3 32.9 -0.412599 0.0962502 11.0128 -0.141631 0.0310769 32.5263
204752 14 0.01 1.3 32.9 0.291537 0.425903 3.17705 0.027919 0.0393552 32.5138
205380 14 0.01 1.3 32.9 0.340084 0.0277281 3.64931 0.0377821 0.0013425 35.8128
205836 14 0.01 1.3 32.9 0.398361 -0.213148 10.785 0.12715 -0.0689189 29.9829
206031 14 0.01 1.3 32.9 0.396162 -0.465542 5.94892 0.0698204 -0.08417 31.4798
206729 14 0.01 1.3 32.9 -0.254886 0.0355736 4.46724 -0.0323105 0.00558706 36.7773
207543 14 0.01 1.3 32.9 -0.222639 -0.472149 3.77121 -0.025211 -0.0544093 36.0395
207813 14 0.01 1.3 32.9 -0.0621224 -0.114437 8.11304 -0.0169732 -0.0296581 32.1431
209666 14 0.01 1.3 32.9 -0.275683 0.385986 9.59768 -0.0781505 0.112512 31.95
211710 14 0.01 1.3 32.9 0.304774 -0.0485997 11.3505 0.104624 -0.0153037 31.6588
212414 14 0.01 1.3 32.9 -0.115222 -0.305158 3.95319 -0.0123022 -0.0362451 35.5389
213709 14 0.01 1.3 32.9 0.308462 0.0738643 6.04117 0.0591131 0.0125463 32.2352
213991 14 0.01 1.3 32.9 0.348022 0.407071 5.16059 0.0562431 0.0640674 34.8307
214050 14 0.01 1.3 32.9 0.106673 0.0759441 7.67986 0.0256824 0.0169412 31.1987
214103 14 0.01 1.3 32.9 0.194078 0.231542 5.51738 0.0329276 0.0378862 34.6347
214152 14 0.01 1.3 32.9 0.0701218 0.27742 8.97085 0.0196012 0.0739836 33.4994
216227 14 0.01 1.3 32.9 0.41255 0.362718 5.57016 0.0695953 0.0627475 34.9152
218028 14 0.01 1.3 32.9 -0.441778 0.0431634 12.845 -0.173472 0.0176463 30.2712
218156 14 0.01 1.3 32.9 0.120169 -0.102691 6.35045 0.0247006 -0.0207116 31.1674
218351 14 0.01 1.3 32.9 0.476117 0.412 5.29985 0.0762328 0.0666642 30.7106
219514 14 0.01 1.3 32.9 0.108366 -0.400293 7.35538 0.0250613 -0.0904991 33.8349
219738 14 0.01 1.3 32.9 -0.340173 0.0755244 1.45891 -0.01442 0.00353668 30.5997
219841 14 0.01 1.3 32.9 0.481123 0.241648 4.5861 0.0678807 0.0357798 32.6362
220013 14 0.01 1.3 32.9 0.128745 -0.151816 2.80062 0.0120987 -0.0121274 34.903
222600 14 0.01 1.3 32.9 -0.352023 -0.00506422 7.40314 -0.0764744 -0.00218985 35.0217
223988 14 0.01 1.3 32.9 0.3276 0.240917 5.20698 0.0527293 0.0385321 30.9053
224996 14 0.01 1.3 32.9 0.447788 -0.403456 1.76595 0.0237516 -0.0245611 31.2174
225174 14 0.01 1.3 32.9 0.105803 0.0148783 3.18943 0.00710868 -0.000898093 32.6605
225821 14 0.01 1.3 32.9 0.456165 0.238226 10.2237 0.141398 0.0755277 31.7626
226023 14 0.01 1.3 32.9 -0.0750136 -0.0104863 7.58107 -0.0184051 -1.41772e-05 32.3993
226374 14 0.01 1.3 32.9 0.204249 -0.186256 3.32881 0.0184179 -0.0187738 36.0241
227030 14 0.01 1.3 32.9 -0.334758 0.0462072 5.13919 -0.0503818 0.00802343 36.2609
227275 14 0.01 1.3 32.9 0.252358 0.10346 3.18217 0.0261175 0.010275 33.4195
227507 14 0.01 1.3 32.9 -0.270639 0.327523 3.59499 -0.029035 0.0359936 35.9782
227769 14 0.01 1.3 32.9 -0.339307 -0.163353 3.35432 -0.0347725 -0.0165531 33.8366
228325 14 0.01 1.3 32.9 0.379416 -0.271828 1.95979 0.0223504 -0.0164724 32.5051
228512 14 0.01 1.3 32.9 0.10691 0.261415 2.31805 0.00677308 0.0178904 31.3765
228922 14 0.01 1.3 32.9 0.333142 0.093728 10.5734 0.10866 0.0293574 31.0735
229740 14 0.01 1.3 32.9 0.0935328 0.386497 3.72112 0.0111089 0.0430498 35.5044
230592 14 0.01 1.3 32.9 -0.153734 0.287332 7.75827 -0.0372378 0.068159 33.6485
230911 14 0.01 1.3 32.9 0.278837 -0.385773 7.03071 0.0615042 -0.0815942 30.6987
231381 14 0.01 1.3 32.9 -0.340185 0.318012 7.86035 -0.0798907 0.075747 32.3348
232640 14 0.01 1.3 32.9 -0.0908381 -0.158498 8.5105 -0.0237858 -0.0385299 31.6451
233436 14 0.01 1.3 32.9 -0.26872 0.0578681 7.09975 -0.0558017 0.0128782 35.1738
233513 14 0.01 1.3 32.9 0.117078 -0.342538 1.57343 0.00533093 -0.0172058 33.7081
234372 14 0.01 1.3 32.9 -0.113546 0.21317 2.17561 -0.00554212 0.0133017 35.255
234802 14 0.01 1.3 32.9 0.336296 0.197801 5.31504 0.0537338 0.0293111 31.7536
234953 14 0.01 1.3 32.9 -0.310412 0.248623 3.86041 -0.0340072 0.0294276 31.4303
236113 14 0.01 1.3 32.9 0.216091 0.406042 11.7088 0.078128 0.144559 32.0796
236148 14 0.01 1.3 32.9 -0.263083 0.0711387 8.63293 -0.0701641 0.0201576 32.0414
236513 14 0.01 1.3 32.9 0.412426 -0.0756949 6.62131 0.0847662 -0.0164915 33.1075
239234 14 0.01 1.3 32.9 -0.0956512 0.125209 5.43696 -0.0169335 0.0177487 31.8859
240027 14 0.01 1.3 32.9 0.185985 0.0400948 9.42796 0.052406 0.0131173 32.7253
241673 14 0.01 1.3 32.9 0.105063 -0.00437047 2.75996 0.00994387 0.000294827 35.5736
242381 14 0.01 1.3 32.9 0.0609718 0.228762 3.96001 0.00788252 0.0283189 33.1426
242627 14 0.01 1.3 32.9 -0.441546 -0.0272731 3.76862 -0.0516606 -0.00274713 30.918
242895 14 0.01 1.3 32.9 0.436272 0.0131727 5.75145 0.0782449 0.00241386 36.1572
243860 14 0.01 1.3 32.9 -0.280362 0.0374909 5.57701 -0.0478047 0.00564647 33.599
244279 14 0.01 1.3 32.9 -0.282272 -0.20119 4.8363 -0.0395956 -0.0315586 33.3325
247445 14 0.01 1.3 32.9 -0.324556 -0.413566 4.1231 -0.0412269 -0.0507139 33.7611
247476 14 0.01 1.3 32.9 -0.0115711 0.235072 3.65157 0.000298872 0.0248442 35.8385
248284 14 0.01 1.3 32.9 0.093198 0.416515 5.03094 0.0191939 0.0617641 34.4986
248498 14 0.01 1.3 32.9 0.335157 0.227695 5.43077 0.0556457 0.0383191 34.9323
249112 14 0.01 1.3 32.9 -0.358805 -0.484878 4.27369 -0.0453155 -0.064391 35.7943
249824 14 0.01 1.3 32.9 0.142475 -0.34972 1.78873 0.00867692 -0.0174259 30.1103
252180 14 0.01 1.3 32.9 0.368325 -0.158787 1.7775 0.0201565 -0.00757818 31.1645
252483 14 0.01 1.3 32.9 0.0131856 -0.326648 4.9101 0.00522559 -0.0484624 36.931
252689 14 0.01 1.3 32.9 0.0237074 -0.0321708 16.3606 0.0111748 -0.0158008 30.7968
253873 14 0.01 1.3 32.9 0.306522 -0.418 3.9378 0.0371061 -0.0514143 31.0123
254873 14 0.01 1.3 32.9 -0.0846221 0.309877 7.71457 -0.0190507 0.0723378 34.1129
255066 14 0.01 1.3 32.9 -0.451533 0.351753 2.84386 -0.0382266 0.0298752 34.7686
256219 14 0.01 1.3 32.9 0.133483 0.319515 3.4779 0.0122044 0.0325297 35.7831
256819 14 0.01 1.3 32.9 0.294058 -0.251036 6.68647 0.0593067 -0.0498891 35.7549
258279 14 0.01 1.3 32.9 0.0286202 -0.479314 6.03473 0.00529663 -0.0871151 33.7745
258909 14 0.01 1.3 32.9 0.0023106 0.372853 3.28213 0.000424359 0.0361659 31.8999
263279 14 0.01 1.3 32.9 0.205764 0.474133 5.38626 0.0338186 0.0781317 31.6071
265993 14 0.01 1.3 32.9 0.13352 -0.0965614 8.99596 0.0337866 -0.0278854 33.34
268590 14 0.01 1.3 32.9 -0.156705 0.489669 7.8285 -0.0363148 0.117428 33.8525
270966 14 0.01 1.3 32.9 0.244829 0.176124 10.672 0.0794021 0.0556732 32.761
271490 14 0.01 1.3 32.9 0.343761 -0.446023 3.94835 0.0420059 -0.0528558 35.043
272683 14 0.01 1.3 32.9 -0.446729 -0.122797 11.4919 -0.155662 -0.0421576 30.6743
273493 14 0.01 1.3 32.9 0.000379224 0.276139 6.41884 0.00134753 0.0550624 35.7255
274016 14 0.01 1.3 32.9 0.32824 -0.255228 4.06406 0.0409086 -0.0330693 35.9586
274120 14 0.01 1.3 32.9 -0.0614376 -0.166644 2.74523 -0.0076928 -0.0143903 32.2696
274213 14 0.01 1.3 32.9 -0.0452039 -0.18885 7.05156 -0.00936128 -0.0385651 34.6056
274993 14 0.01 1.3 32.9 0.426173 0.34397 16.4557 0.213048 0.173338 30.7376
276726 14 0.01 1.3 32.9 -0.247072 -0.396009 9.69462 -0.0721688 -0.117847 32.5373
277453 14 0.01 1.3 32.9 0.183276 0.397273 5.0713 0.0288916 0.0588254 30.2555
278126 14 0.01 1.3 32.9 0.425815 -0.104589 3.18598 0.0411262 -0.00825687 35.7923
278288 14 0.01 1.3 32.9 -0.11594 -0.337919 4.78351 -0.0157547 -0.0502821 34.611
278304 14 0.01 1.3 32.9 0.150361 -0.173226 5.22579 0.0247884 -0.0285161 31.9795
278321 14 0.01 1.3 32.9 0.495038 0.364461 11.2435 0.167046 0.124125 32.2173
278499 14 0.01 1.3 32.9 -0.177996 -0.117754 5.69922 -0.0303225 -0.0223643 36.4511
280354 14 0.01 1.3 32.9 -0.175023 -0.284503 5.23935 -0.028208 -0.0450968 36.1329
281275 14 0.01 1.3 32.9 -0.267837 0.334203 6.77092 -0.0546266 0.0678575 35.2004
282830 14 0.01 1.3 32.9 -0.295623 0.470163 2.12085 -0.0201363 0.0305099 30.7062
284406 14 0.01 1.3 32.9 0.145182 -0.35453 13.2346 0.0575402 -0.142427 31.7177
284751 14 0.01 1.3 32.9 0.0239449 -0.46257 2.79317 0.00263916 -0.0382721 35.5116
286332 14 0.01 1.3 32.9 -0.28851 0.210561 3.30742 -0.0293846 0.0229247 35.538
286998 14 0.01 1.3 32.9 -0.07929 -0.41021 2.85836 -0.00805281 -0.0345559 32.151
290860 14 0.01 1.3 32.9 0.170152 0.32257 3.94811 0.0211837 0.038443 35.7232
291086 14 0.01 1.3 32.9 -0.218488 0.480473 8.8551 -0.0591589 0.12881 33.3152
291598 14 0.01 1.3 32.9 -0.354878 0.323357 7.15818 -0.0774791 0.0713046 34.4085
291602 14 0.01 1.3 32.9 0.24831 0.483689 2.37267 0.0175346 0.0349991 32.3397
291960 14 0.01 1.3 32.9 0.376172 -0.058746 8.0059 0.0916785 -0.0151375 33.4018
292718 14 0.01 1.3 32.9 -0.00840973 0.212851 4.29574 0.000548425 0.0253568 31.3606
293485 14 0.01 1.3 32.9 0.161548 -0.328646 4.59694 0.0247026 -0.0480242 35.7322
294372 14 0.01 1.3 32.9 0.170874 0.0688545 3.19134 0.0155448 0.00889003 32.9691
295454 14 0.01 1.3 32.9 0.0921235 -0.414517 2.73944 0.00651255 -0.0338497 34.2637
295836 14 0.01 1.3 32.9 -0.11948 -0.213884 2.77129 -0.00831272 -0.0168191 34.0165
296582 14 0.01 1.3 32.9 -0.0512127 0.00398324 6.74918 -0.0077444 -0.00121455 34.7524
297156 14 0.01 1.3 32.9 -0.369135 -0.177822 8.41346 -0.0945043 -0.0454391 31.3607
297918 14 0.01 1.3 32.9 0.126021 0.289205 7.33024 0.0276096 0.0640549 32.8859
298723 14 0.01 1.3 32.9 0.315631 -0.156069 1.46682 0.0150656 -0.00689027 32.0351
299135 14 0.01 1.3 32.9 -0.11025 0.425897 14.1544 -0.0451915 0.183289 30.9975
299427 14 0.01 1.3 32.9 -0.476404 0.343896 6.98983 -0.103045 0.0745029 34.7508
300051 14 0.01 1.3 32.9 -0.388844 -0.0494234 3.45671 -0.041328 -0.00209219 34.8341
300110 14 0.01 1.3 32.9 -0.318431 -0.0603102 1.75905 -0.0169253 -0.00244198 30.8087
305246 14 0.01 1.3 32.9 0.252937 -0.172729 6.92161 0.0536262 -0.0341945 34.6316
306138 14 0.01 1.3 32.9 0.0694361 -0.228466 4.6759 0.0107331 -0.0312459 35.2192
306556 14 0.01 1.3 32.9 -0.200582 -0.0842393 9.73613 -0.0572218 -0.0262899 33.2579
307089 14 0.01 1.3 32.9 0.0499926 -0.466787 5.63836 0.00852952 -0.0804256 36.6304
308857 14 0.01 1.3 32.9 -0.305106 -0.409932 9.04248 -0.084887 -0.113916 33.2469
309267 14 0.01 1.3 32.9 0.0492594 0.121539 10.4985 0.0157588 0.039538 32.4142
309769 14 0.01 1.3 32.9 0.146341 -0.495812 7.0866 0.0308356 -0.107108 31.7512
311043 14 0.01 1.3 32.9 0.0119792 -0.276162 5.37471 0.00258772 -0.0422295 32.4285
311575 14 0.01 1.3 32.9 0.420464 0.0159909 3.81747 0.0468631 0.00332883 31.9509
311735 14 0.01 1.3 32.9 -0.206651 -0.481884 5.70413 -0.0355383 -0.0863473 35.8171
311946 14 0.01 1.3 32.9 0.230288 0.130953 8.66594 0.0605565 0.0363575 32.5895
312279 14 0.01 1.3 32.9 0.437691 -0.402892 14.3028 0.19136 -0.175676 30.1723
314536 14 0.01 1.3 32.9 -0.480864 0.338546 5.58363 -0.0842018 0.0573165 31.912
315495 14 0.01 1.3 32.9 0.26265 0.497476 11.8577 0.0921966 0.179983 31.4523
317485 14 0.01 1.3 32.9 -0.252427 -0.0691436 3.84901 -0.0330579 -0.00744221 36.1141
319660 14 0.01 1.3 32.9 0.292923 0.256013 7.80824 0.0706599 0.0600519 34.1345
321492 14 0.01 1.3 32.9 -0.236391 -0.0536599 5.19601 -0.0394231 -0.00948215 35.0561
321907 14 0.01 1.3 32.9 -0.318008 -0.267676 7.54642 -0.0721157 -0.0619292 34.4936
322346 14 0.01 1.3 32.9 -0.0622899 0.0721554 5.04257 -0.00803346 0.0122311 35.5438
322479 14 0.01 1.3 32.9 0.126229 0.324828 3.48883 0.0138497 0.0356656 34.3169
324703 14 0.01 1.3 32.9 -0.108866 0.492698 7.68053 -0.027679 0.114131 33.7703
325991 14 0.01 1.3 32.9 -0.247444 0.030367 14.9266 -0.112412 0.0148249 30.0807
328024 14 0.01 1.3 32.9 0.496528 -0.401936 14.9487 0.225405 -0.180633 31.0947
329424 14 0.01 1.3 32.9 0.298832 -0.0177205 7.25842 0.0667204 -0.00606896 33.4242
329940 14 0.01 1.3 32.9 0.341842 0.477292 6.51881 0.0662433 0.0942544 35.7323
330942 14 0.01 1.3 32.9 0.177119 -0.0598404 18.6053 0.102374 -0.0321731 30.5134
331333 14 0.01 1.3 32.9 0.293123 -0.385723 3.66958 0.0310634 -0.0456557 35.6758
331756 14 0.01 1.3 32.9 -0.264448 0.464717 3.58079 -0.0282426 0.0501142 32.8016
334710 14 0.01 1.3 32.9 0.330085 0.0688046 1.55607 0.0155141 0.0010559 31.4396
337266 14 0.01 1.3 32.9 -0.160445 -0.4262 8.81236 -0.0416385 -0.114377 32.8685
337348 14 0.01 1.3 32.9 -0.0581308 -0.063215 10.3438 -0.0173539 -0.0199067 32.9621
339404 14 0.01 1.3 32.9 0.00470002 0.360796 2.30754 0.00011419 0.0264803 33.6791
339452 14 0.01 1.3 32.9 -0.362267 0.156825 3.85292 -0.0417901 0.0195277 32.5221
339524 14 0.01 1.3 32.9 -0.251085 -0.0936274 2.40994 -0.0213762 -0.00996134 35.319
339832 14 0.01 1.3 32.9 -0.042762 -0.274963 8.73523 -0.00993764 -0.0744642 30.7668
341002 14 0.01 1.3 32.9 -0.349502 0.299088 7.92019 -0.0852233 0.0739138 33.9863
341164 14 0.01 1.3 32.9 0.448474 -0.204795 5.32915 0.0752636 -0.0333303 34.3394
341208 14 0.01 1.3 32.9 0.1506 -0.0714648 5.68721 0.0269594 -0.0108348 32.8967
341545 14 0.01 1.3 32.9 0.278406 0.0958514 2.64927 0.0218106 0.00647985 34.1765
341797 14 0.01 1.3 32.9 0.491248 0.151865 3.83128 0.0541844 0.0190483 33.1072
342335 14 0.01 1.3 32.9 -0.428048 0.152134 3.39406 -0.0428787 0.0180131 35.3457
342439 14 0.01 1.3 32.9 0.362432 0.422538 7.53366 0.0828958 0.0986592 31.7379
343413 14 0.01 1.3 32.9 -0.0260279 0.193729 3.51896 -0.000783505 0.0197182 33.6434
344237 14 0.01 1.3 32.9 -0.00227857 -0.382712 7.59086 0.00263732 -0.0862439 33.7449
346161 14 0.01 1.3 32.9 0.131068 0.273369 10.0795 0.0403994 0.0833937 32.0056
346235 14 0.01 1.3 32.9 0.258163 -0.109152 4.2505 0.0367834 -0.016503 31.5686
346679 14 0.01 1.3 32.9 -0.466592 0.167201 1.78579 -0.025006 0.00930562 32.2656
346917 14 0.01 1.3 32.9 -0.300004 -0.229472 19.9657 -0.184176 -0.137962 30.5926
347094 14 0.01 1.3 32.9 0.34118 -0.281861 4.49682 0.0470075 -0.0399988 32.4585
347654 14 0.01 1.3 32.9 0.19539 0.22062 2.67181 0.0170967 0.0165713 34.3604
348246 14 0.01 1.3 32.9 -0.00708519 0.429595 5.42275 -0.00159388 0.0718653 36.3673
348618 14 0.01 1.3 32.9 -0.445752 -0.198312 3.84142 -0.054311 -0.0238911 31.3152
350855 14 0.01 1.3 32.9 -0.21235 0.0535903 4.19034 -0.0254312 0.00801017 33.8529
351363 14 0.01 1.3 32.9 0.0246393 -0.123395 10.7903 0.0100896 -0.0383954 32.1873
352532 14 0.01 1.3 32.9 0.173336 0.0700886 1.7886 0.00639078 0.00386518 35.2853
353420 14 0.01 1.3 32.9 -0.293782 0.465116 5.59329 -0.0505926 0.0809044 34.043
353630 14 0.01 1.3 32.9 -0.0266296 0.284843 3.07708 -0.000726045 0.025743 30.3611
354042 14 0.01 1.3 32.9 -0.121722 0.0419671 1.67741 -0.0053307 0.00304315 33.4097
354547 14 0.01 1.3 32.9 0.00807331 -0.0665189 5.73628 0.00101589 -0.0138163 33.0344
354645 14 0.01 1.3 32.9 0.220401 -0.375546 4.45876 0.031733 -0.0504213 30.744
357057 14 0.01 1.3 32.9 0.0618914 0.170612 1.21774 0.00203544 0.00680807 31.1195
357329 14 0.01 1.3 32.9 0.0191327 -0.271875 4.46968 0.00168546 -0.0377462 32.9819
358631 14 0.01 1.3 32.9 0.400584 -0.182504 3.72214 0.0435615 -0.021113 35.6536
358645 14 0.01 1.3 32.9 0.214433 0.332657 7.13737 0.0447984 0.0734177 32.9186
359667 14 0.01 1.3 32.9 -0.329082 0.0810193 12.9477 -0.12973 0.0330981 31.5075
360666 14 0.01 1.3 32.9 -0.227 0.107404 8.29032 -0.0567239 0.0276935 31.6898
360929 14 0.01 1.3 32.9 0.487589 0.48037 11.704 0.172616 0.168951 31.2057
362421 14 0.01 1.3 32.9 -0.153863 0.0271989 11.6753 -0.0552756 0.00576995 32.2916
364679 14 0.01 1.3 32.9 -0.261825 0.104651 1.76101 -0.0163629 0.00553021 31.6794
366062 14 0.01 1.3 32.9 -0.0731362 0.13322 12.2972 -0.0251697 0.0519199 31.8557
367058 14 0.01 1.3 32.9 0.173717 -0.0954555 8.36777 0.0456712 -0.0231056 32.5707
367366 14 0.01 1.3 32.9 0.402805 0.297375 2.01056 0.0276628 0.0149137 32.6029
367485 14 0.01 1.3 32.9 0.462084 0.0509042 7.39678 0.104976 0.00961538 34.3686
369183 14 0.01 1.3 32.9 0.370967 -0.265357 5.7694 0.0654393 -0.0459067 34.1497
371099 14 0.01 1.3 32.9 -0.0264468 0.0892067 4.10478 -0.00444864 0.0116811 35.0176
371183 14 0.01 1.3 32.9 0.168418 -0.114521 4.13884 0.0226649 -0.0141124 34.9487
371419 14 0.01 1.3 32.9 0.0423158 0.156922 2.94194 0.00203272 0.0127968 32.8989
371709 14 0.01 1.3 32.9 0.441267 0.207568 6.45704 0.0859099 0.0434193 35.2097
371862 14 0.01 1.3 32.9 0.383672 0.417779 3.11299 0.0376732 0.0384524 33.4547
371930 14 0.01 1.3 32.9 0.37138 0.0591584 1.17436 0.0154784 0.00345652 35.9184
372561 14 0.01 1.3 32.9 0.107842 0.152386 2.02654 0.00632662 0.0121255 32.4874
372727 14 0.01 1.3 32.9 0.104167 0.175854 14.4136 0.0442002 0.0784349 31.3759
372844 14 0.01 1.3 32.9 -0.164185 0.163278 5.23423 -0.0255818 0.0237069 34.3494
372979 14 0.01 1.3 32.9 0.0819635 -0.341233 4.87537 0.0136816 -0.051092 36.8026
373359 14 0.01 1.3 32.9 0.413333 0.459814 5.80888 0.0720413 0.0793245 32.2737
373681 14 0.01 1.3 32.9 0.311487 0.251339 2.67235 0.0242598 0.0188068 33.2051
374115 14 0.01 1.3 32.9 -0.0641374 -0.40962 3.74011 -0.00622757 -0.0463461 36.0465
374891 14 0.01 1.3 32.9 0.10818 -0.145547 12.6744 0.0411553 -0.0522902 31.2767
375067 14 0.01 1.3 32.9 -0.258463 0.25067 10.4271 -0.0826544 0.0802269 32.1382
375123 14 0.01 1.3 32.9 0.122205 0.136712 6.88553 0.0281123 0.030076 31.6975
375687 14 0.01 1.3 32.9 -0.383448 0.269048 3.87056 -0.0431896 0.0346562 33.3734
376053 14 0.01 1.3 32.9 0.0848077 -0.111233 6.79243 0.0168627 -0.022351 33.3541
376253 14 0.01 1.3 32.9 0.451651 0.451095 4.30201 0.0607747 0.0612843 36.2689
377697 14 0.01 1.3 32.9 -0.375516 0.270226 9.29883 -0.106279 0.0772138 32.2736
378828 14 0.01 1.3 32.9 0.390691 0.435059 7.78653 0.091983 0.105432 33.6085
379950 14 0.01 1.3 32.9 0.406927 -0.328885 4.14651 0.0495743 -0.0426526 35.8847
381608 14 0.01 1.3 32.9 -0.082366 0.101128 4.86796 -0.0117315 0.0146702 36.5984
381658 14 0.01 1.3 32.9 -0.195392 -0.451886 4.60789 -0.025855 -0.0658961 35.2179
382656 14 0.01 1.3 32.9 -0.274913 0.315611 6.76145 -0.0558048 0.0646742 35.7582
386733 14 0.01 1.3 32.9 0.150496 0.420257 7.83061 0.0357196 0.0999227 33.8044
386850 14 0.01 1.3 32.9 -0.165776 -0.0619445 3.62051 -0.0201123 -0.00581582 34.5303
388337 14 0.01 1.3 32.9 -0.251203 -0.251529 4.87323 -0.0364902 -0.0391751 33.1988
389036 14 0.01 1.3 32.9 0.0243552 0.404804 1.57262 -0.000798972 0.0188402 31.4346
389642 14 0.01 1.3 32.9 0.238047 -0.116748 13.2853 0.0957794 -0.0449187 30.438
392373 14 0.01 1.3 32.9 0.438437 0.31581 7.81024 0.103482 0.075936 33.0445
392576 14 0.01 1.3 32.9 -0.0985988 0.026927 4.98572 -0.0158558 0.00380301 33.3297
392827 14 0.01 1.3 32.9 -0.415529 -0.337334 10.1581 -0.129239 -0.106128 32.6254
393248 14 0.01 1.3 32.9 0.126433 -0.402062 16.1148 0.0622017 -0.19283 30.5856
394046 14 0.01 1.3 32.9 0.121406 -0.491881 4.62561 0.0168493 -0.0670671 34.62
394073 14 0.01 1.3 32.9 0.300706 0.236184 13.8118 0.126977 0.0973221 31.1903
395788 14 0.01 1.3 32.9 0.349845 -0.0135378 8.72216 0.0930187 -0.00329712 33.7012
395855 14 0.01 1.3 32.9 -0.49994 -0.310164 2.21982 -0.0317222 -0.0236657 34.2099
397575 14 0.01 1.3 32.9 0.293535 -0.285185 3.68191 0.0331788 -0.0319326 32.8646
397580 14 0.01 1.3 32.9 -0.14572 -0.372175 1.17289 -0.00585404 -0.00944187 34.0911
399960 14 0.01 1.3 32.9 0.263797 -0.35591 21.2982 0.168927 -0.229865 30.3839
399973 14 0.01 1.3 32.9 0.21908 -0.0130938 5.40631 0.0361057 -0.00353365 34.9801
404075 14 0.01 1.3 32.9 -0.195008 -0.0601089 4.16482 -0.0238228 -0.00833383 35.7802
404235 14 0.01 1.3 32.9 -0.324324 -0.164345 6.42137 -0.0630643 -0.0295304 32.9567
404365 14 0.01 1.3 32.9 -0.397948 0.317955 5.71621 -0.0696121 0.0571796 33.6032
404453 14 0.01 1.3 32.9 0.157102 0.257472 4.52548 0.0208935 0.0354258 30.7223
405346 14 0.01 1.3 32.9 -0.320102 -0.389598 2.55845 -0.026068 -0.0279937 34.5319
405402 14 0.01 1.3 32.9 0.138254 -0.11848 2.08839 0.0100969 -0.00940546 34.2241
405558 14 0.01 1.3 32.9 -0.408605 -0.398292 1.05981 -0.010285 -0.0108109 33.748
405904 14 0.01 1.3 32.9 0.134912 0.472157 4.80401 0.020848 0.0686957 31.8091
406061 14 0.01 1.3 32.9 0.484837 -0.324217 9.20062 0.136355 -0.0899005 33.6507
406219 14 0.01 1.3 32.9 0.0278959 0.175098 14.4195 0.0113197 0.0780471 31.3589
406282 14 0.01 1.3 32.9 -0.117203 0.380009 3.67778 -0.0154997 0.0435836 35.8165
406543 14 0.01 1.3 32.9 -0.271137 0.165837 2.52829 -0.0198307 0.0135599 33.5094
406664 14 0.01 1.3 32.9 0.470706 0.114519 11.0998 0.160342 0.0385179 32.1659
408166 14 0.01 1.3 32.9 0.212674 -0.41826 5.39615 0.0356672 -0.0707908 36.7009
408290 14 0.01 1.3 32.9 -0.155066 0.411846 3.07097 -0.0134513 0.0362817 32.5193
408995 14 0.01 1.3 32.9 0.0124118 -0.153126 3.91928 0.000841015 -0.0224911 35.9846
410428 14 0.01 1.3 32.9 0.194289 -0.356581 4.01092 0.0230354 -0.0439406 35.5206
410906 14 0.01 1.3 32.9 -0.393313 0.366796 5.33293 -0.0625229 0.0614822 36.3667
411359 14 0.01 1.3 32.9 0.254242 -0.0546644 3.99546 0.0273029 -0.00613287 32.1913
412941 14 0.01 1.3 32.9 -0.415887 0.159042 3.05538 -0.0365184 0.0166599 32.5724
414002 14 0.01 1.3 32.9 0.226409 -0.0197269 6.19 0.0424478 -0.00471867 33.5078
414122 14 0.01 1.3 32.9 0.044111 -0.498617 3.67035 0.00619187 -0.0566388 36.0039
414770 14 0.01 1.3 32.9 0.0648554 0.0334188 9.70289 0.0197238 0.00620236 32.9957
417107 14 0.01 1.3 32.9 0.2352 -0.176214 5.40843 0.0377528 -0.0289117 36.6789
417579 14 0.01 1.3 32.9 0.0495016 -0.179978 14.8435 0.0225719 -0.0810754 30.5555
417912 14 0.01 1.3 32.9 0.492026 0.476656 3.89421 0.0588638 0.0568955 36.517
417913 14 0.01 1.3 32.9 -0.496674 0.261317 6.78019 -0.103029 0.0517751 30.7236
418436 14 0.01 1.3 32.9 -0.0494285 -0.291929 2.7195 -0.000591366 -0.0234216 32.9964
419373 14 0.01 1.3 32.9 -0.408639 0.12257 3.17873 -0.0382336 0.0105476 35.5487
419829 14 0.01 1.3 32.9 -0.457549 -0.26062 10.4797 -0.14633 -0.0824502 31.8195
421871 14 0.01 1.3 32.9 -0.0799048 -0.235454 2.29612 -0.00409992 -0.0187497 33.9301
422947 14 0.01 1.3 32.9 -0.0197218 -0.343197 5.33119 -0.00327286 -0.0576918 34.6475
423777 14 0.01 1.3 32.9 0.313715 0.0408828 4.79278 0.0473197 0.00521939 35.2678
423986 14 0.01 1.3 32.9 -0.147511 0.0193135 3.42738 -0.0138442 0.0018896 35.7693
424705 14 0.01 1.3 32.9 -0.12997 -0.327074 8.10756 -0.0319852 -0.0807117 34.0907
429982 14 0.01 1.3 32.9 -0.295113 0.309979 2.57308 -0.0210825 0.024574 33.7552
430277 14 0.01 1.3 32.9 -0.334947 -0.100883 3.1288 -0.0324558 -0.00760993 33.5722
430920 14 0.01 1.3 32.9 -0.457552 -0.00986981 6.03379 -0.086461 -0.00132102 35.9545
430990 14 0.01 1.3 32.9 -0.464615 -0.451175 6.73317 -0.0965292 -0.0912813 32.0904
431690 14 0.01 1.3 32.9 0.106084 -0.116664 6.01156 0.0183922 -0.0210324 35.7596
433004 14 0.01 1.3 32.9 0.324015 -0.400548 3.5779 0.0319485 -0.0445143 35.2902
433168 14 0.01 1.3 32.9 -0.220141 -0.0138248 5.19489 -0.0325939 -0.00309974 36.882
433849 14 0.01 1.3 32.9 0.29077 0.471935 1.435 0.0123873 0.0184778 31.7546
434290 14 0.01 1.3 32.9 0.0350712 -0.361046 6.3306 0.00709589 -0.0686903 32.6285
434818 14 0.01 1.3 32.9 0.350195 0.0277031 3.12305 0.0340357 0.00354458 34.8263
435558 14 0.01 1.3 32.9 0.370091 -0.297777 6.17106 0.0701792 -0.0557443 33.1603
435973 14 0.01 1.3 32.9 -0.198776 0.269021 2.57997 -0.015899 0.0204686 33.3014
436735 14 0.01 1.3 32.9 -0.0372829 0.260847 1.95546 -0.00430258 0.0165733 31.7209
437577 14 0.01 1.3 32.9 0.169172 -0.367691 7.54136 0.0383901 -0.0840491 34.8973
439107 14 0.01 1.3 32.9 0.0738446 -0.0402791 3.02688 0.00774944 -0.00377633 33.4879
440372 14 0.01 1.3 32.9 -0.148249 0.222632 1.5736 -0.00690472 0.0112513 32.1408
440920 14 0.01 1.3 32.9 0.297719 0.232143 6.77069 0.060962 0.0486156 33.7745
441609 14 0.01 1.3 32.9 -0.173114 -0.321246 5.5851 -0.0277074 -0.056216 33.2274
441691 14 0.01 1.3 32.9 0.129175 -0.121464 2.06896 0.00766842 -0.00893096 33.2183
442879 14 0.01 1.3 32.9 0.282979 -0.320899 6.2755 0.0538219 -0.062522 35.617
443549 14 0.01 1.3 32.9 -0.08092 -0.204243 3.654 -0.00905363 -0.0261973 34.7232
444951 14 0.01 1.3 32.9 0.316717 0.107706 1.77805 0.0189609 0.00291805 30.2703
445519 14 0.01 1.3 32.9 -0.0369798 -0.162638 4.1822 -0.00722433 -0.0230645 35.078
446331 14 0.01 1.3 32.9 -0.142462 0.323633 3.01535 -0.0114245 0.0296242 34.1087
447067 14 0.01 1.3 32.9 -0.461549 -0.315397 2.68786 -0.0399783 -0.0276023 34.3814
447580 14 0.01 1.3 32.9 0.460214 -0.424366 3.44587 0.0495244 -0.0418512 33.084
448073 14 0.01 1.3 32.9 -0.192686 0.353237 2.96033 -0.0161513 0.0318585 34.9537
450216 14 0.01 1.3 32.9 -0.0974675 0.281468 4.29635 -0.0118524 0.036402 32.8663
450801 14 0.01 1.3 32.9 0.361651 -0.403971 9.55227 0.104967 -0.116863 33.0139
451656 14 0.01 1.3 32.9 -0.057814 0.00804928 3.69146 -0.00821216 -0.00118568 35.6275
452623 14 0.01 1.3 32.9 -0.137343 0.400186 4.53618 -0.0166219 0.0569852 31.889
453250 14 0.01 1.3 32.9 -0.426708 0.268362 4.64684 -0.0603154 0.0399301 35.1727
455336 14 0.01 1.3 32.9 0.230056 -0.310056 8.14035 0.0560774 -0.0758069 34.0194
456636 14 0.01 1.3 32.9 -0.279993 -0.462723 5.86155 -0.0517732 -0.0822056 35.4359
457165 14 0.01 1.3 32.9 0.464641 -0.0965619 4.88744 0.0684714 -0.0164644 32.4594
457634 14 0.01 1.3 32.9 -0.117579 0.223731 0.606538 -0.00824882 0.00899493 30.9034
457655 14 0.01 1.3 32.9 -0.206458 0.306362 5.91695 -0.0360968 0.0538118 30.7031
458128 14 0.01 1.3 32.9 -0.448924 0.404634 4.53817 -0.0631698 0.0569957 33.7271
458522 14 0.01 1.3 32.9 0.287933 -0.22236 5.24828 0.0452007 -0.038627 34.7466
460424 14 0.01 1.3 32.9 -0.257905 -0.270755 4.78468 -0.0397808 -0.036593 32.542
460530 14 0.01 1.3 32.9 0.266206 0.389274 13.4824 0.110341 0.160027 31.5121
460782 14 0.01 1.3 32.9 -0.353438 -0.129368 6.56834 -0.0671785 -0.0269155 34.6336
461665 14 0.01 1.3 32.9 0.161126 0.0953887 3.77361 0.0152191 0.0117106 36.442
461933 14 0.01 1.3 32.9 0.0422178 0.302601 5.36747 0.00705702 0.0495149 34.0669
462587 14 0.01 1.3 32.9 -0.41249 -0.438615 5.70871 -0.0709118 -0.0762413 32.2639
463585 14 0.01 1.3 32.9 -0.217718 -0.459334 1.88287 -0.0097562 -0.0264633 33.4252
463870 14 0.01 1.3 32.9 0.410624 -0.0266874 5.44861 0.0680373 -0.00545042 34.8816
464026 14 0.01 1.3 32.9 -0.376105 -0.369285 3.8896 -0.0436879 -0.0414434 31.5431
464968 14 0.01 1.3 32.9 -0.2119 -0.289892 5.63007 -0.0383227 -0.0489655 35.3684
465425 14 0.01 1.3 32.9 0.241036 0.366091 4.23882 0.0320489 0.046589 36.505
466062 14 0.01 1.3 32.9 -0.022151 0.165137 7.69053 -0.00323278 0.0362715 33.3807
467385 14 0.01 1.3 32.9 -0.452537 -0.113432 4.44942 -0.0627009 -0.0139054 32.2692
467816 14 0.01 1.3 32.9 -0.377431 0.378859 4.91659 -0.0555863 0.0560629 33.3105
471403 14 0.01 1.3 32.9 -0.129132 -0.123872 9.38979 -0.0362083 -0.036783 32.6474
472919 14 0.01 1.3 32.9 0.163062 -0.481886 1.89766 0.00960614 -0.0268343 30.4321
473561 14 0.01 1.3 32.9 0.329337 -0.0742508 1.69813 0.0155893 -0.00113207 31.792
474838 14 0.01 1.3 32.9 -0.250559 -0.00206534 10.4054 -0.0805353 0.000169547 31.3331
475880 14 0.01 1.3 32.9 0.106963 0.0805123 8.1748 0.0268386 0.0179422 34.3749
476008 14 0.01 1.3 32.9 0.071147 0.0834966 4.40252 0.00797074 0.0115327 33.1033
476336 14 0.01 1.3 32.9 -0.254743 -0.350414 4.74229 -0.0372287 -0.0515246 34.7388
477276 14 0.01 1.3 32.9 0.390729 -0.194685 5.09899 0.0634409 -0.0309151 35.2678
477554 14 0.01 1.3 32.9 0.237252 0.317404 6.71395 0.0495758 0.0652759 35.6701
477665 14 0.01 1.3 32.9 -0.00561 0.327695 8.14788 0.000573403 0.0824222 34.274
480260 14 0.01 1.3 32.9 -0.350524 0.415125 6.03264 -0.0617863 0.0751912 30.6946
480457 14 0.01 1.3 32.9 -0.2513 -0.257826 5.40645 -0.0396099 -0.0422303 32.0144
485826 14 0.01 1.3 32.9 -0.376884 -0.259044 4.8206 -0.0558714 -0.0370841 35.9267
487728 14 0.01 1.3 32.9 -0.163624 0.0368182 5.33997 -0.0270532 0.0044497 35.8644
487762 14 0.01 1.3 32.9 0.0348651 -0.333847 4.32865 0.00548934 -0.0427691 36.033
487796 14 0.01 1.3 32.9 -0.312166 -0.124464 7.04572 -0.0673036 -0.0247424 30.9778
488542 14 0.01 1.3 32.9 -0.343954 -0.0797159 13.9441 -0.145385 -0.0362135 31.4991
489074 14 0.01 1.3 32.9 0.401131 0.0567823 5.12742 0.062224 0.0138188 33.398
489935 14 0.01 1.3 32.9 -0.248035 0.417904 9.35808 -0.0708251 0.119104 32.8144
490400 14 0.01 1.3 32.9 -0.104058 0.198469 0.582882 0.000938993 -0.00182929 30.2848
490454 14 0.01 1.3 32.9 0.33373 -0.098842 15.1202 0.15148 -0.0454091 30.4759
493070 14 0.01 1.3 32.9 0.308683 0.27567 11.3975 0.108667 0.0960128 32.434
493311 14 0.01 1.3 32.9 0.183269 -0.390138 2.69691 0.0177879 -0.0341997 34.2283
493934 14 0.01 1.3 32.9 -0.232101 -0.176047 4.94188 -0.036045 -0.0223391 33.2057
494575 14 0.01 1.3 32.9 -0.350219 -0.481922 7.31315 -0.0784462 -0.108435 33.3176
494756 14 0.01 1.3 32.9 -0.100737 -0.0205291 4.67344 -0.0152611 -0.00217237 36.9425
495370 14 0.01 1.3 32.9 0.293345 -0.41671 8.76879 0.0778039 -0.111787 32.5184
495901 14 0.01 1.3 32.9 0.340161 0.0306183 8.73934 0.0901333 0.00956438 32.435
496549 14 0.01 1.3 32.9 -0.33115 -0.348125 24.3203 -0.244722 -0.257911 30.1957
496595 14 0.01 1.3 32.9 -0.186151 0.356437 4.33687 -0.0247618 0.046853 36.037
498233 14 0.01 1.3 32.9 -0.109492 -0.380383 5.46549 -0.0167362 -0.064211 32.619
498484 14 0.01 1.3 32.9 0.19807 0.0988944 6.48161 0.040859 0.0181604 31.1257
498787 14 0.01 1.3 32.9 0.298255 -0.216871 6.88963 0.0656378 -0.0438887 30.3104
499258 14 0.01 1.3 32.9 0.437623 0.498345 12.241 0.16173 0.18375 31.5284
