1129 2 0.01 0.35 32.9 -0.176106 0.205287 1.73578 -0.00934041 0.010677 174.954
1169 2 0.01 0.35 32.9 -0.308045 -0.149672 1.42026 -0.0124624 -0.00640511 174.954
1569 2 0.01 0.35 32.9 0.197306 0.473436 24.1603 0.144234 0.350168 174.954
1772 2 0.01 0.35 32.9 0.243927 -0.228393 11.9544 0.0899767 -0.0824847 174.954
3023 2 0.01 0.35 32.9 -0.00508952 -0.496345 2.22538 0.00185032 -0.0334335 174.954
3428 2 0.01 0.35 32.9 0.272238 -0.298787 1.66128 0.0155466 -0.0121343 174.954
4260 2 0.01 0.35 32.9 0.283526 -0.193383 4.10584 0.0332931 -0.021212 174.954
5443 2 0.01 0.35 32.9 0.204658 -0.0111238 3.57529 0.0207542 -0.00238985 174.954
5810 2 0.01 0.35 32.9 0.336984 -0.0526982 1.95288 0.0187035 -0.00459134 174.954
7406 2 0.01 0.35 32.9 -0.0232799 -0.267887 2.24527 -0.00378068 -0.0204433 174.954
8130 2 0.01 0.35 32.9 0.225216 -0.394213 2.2923 0.0160121 -0.024408 174.954
9086 2 0.01 0.35 32.9 -0.138088 -0.355723 7.09841 -0.0301395 -0.0769508 174.954
9658 2 0.01 0.35 32.9 0.263514 -0.494882 7.47216 0.0601301 -0.112763 174.954
9663 2 0.01 0.35 32.9 -0.146509 0.173304 0.724262 -0.00316646 0.00537862 174.954
9968 2 0.01 0.35 32.9 -0.408934 0.327719 4.29162 -0.0528567 0.0413338 174.954
12386 2 0.01 0.35 32.9 0.108675 0.297016 4.95167 0.0188706 0.0436072 174.954
12878 2 0.01 0.35 32.9 -0.424381 -0.49324 2.80246 -0.0347171 -0.04571 174.954
13347 2 0.01 0.35 32.9 -0.19978 0.448289 2.37926 -0.012959 0.0304927 174.954
15184 2 0.01 0.35 32.9 0.0511246 0.384686 1.10251 9.8226e-05 0.0143347 174.954
16713 2 0.01 0.35 32.9 -0.196167 -0.197284 3.05245 -0.0179232 -0.0176928 174.954
16998 2 0.01 0.35 32.9 0.418452 0.227724 2.51613 0.0334383 0.0193541 174.954
17658 2 0.01 0.35 32.9 -0.17057 0.0204927 0.888898 -0.00282142 0.000925258 174.954
19430 2 0.01 0.35 32.9 -0.0392988 0.0985417 2.28323 -0.00343347 0.00690831 174.954
19630 2 0.01 0.35 32.9 0.0170049 -0.372215 2.84006 -0.00141913 -0.0320619 174.954
20132 2 0.01 0.35 32.9 -0.359762 0.131822 0.375473 -0.00579857 0.00129992 174.954
21201 2 0.01 0.35 32.9 0.168998 -0.179788 4.37293 0.0217437 -0.022068 174.954
21654 2 0.01 0.35 32.9 -0.229876 -0.159651 1.19878 -0.00738757 -0.00619737 174.954
22009 2 0.01 0.35 32.9 -0.151148 -0.12405 6.89928 -0.0290206 -0.0276057 174.954
25488 2 0.01 0.35 32.9 -0.101638 0.171082 0.617749 -0.00117564 0.00243392 174.954
26805 2 0.01 0.35 32.9 -0.325345 -0.236529 4.68232 -0.0450994 -0.0304211 174.954
27171 2 0.01 0.35 32.9 0.43981 0.382347 1.75274 0.0239272 0.0222753 174.954
28399 2 0.01 0.35 32.9 0.0867865 0.0738006 1.65894 0.00631919 0.00429899 174.954
29364 2 0.01 0.35 32.9 0.13683 0.195816 1.40104 0.00514931 0.00887952 174.954
29695 2 0.01 0.35 32.9 -0.0146464 -0.0695116 3.57718 0.000304685 -0.00826984 174.954
29783 2 0.01 0.35 32.9 -0.0236186 -0.464167 2.78985 -0.00297763 -0.0409955 174.954
30805 2 0.01 0.35 32.9 0.0522353 -0.0662984 3.09677 0.00570705 -0.00427788 174.954
30944 2 0.01 0.35 32.9 0.263601 0.467379 5.933 0.046326 0.086718 174.954
31272 2 0.01 0.35 32.9 0.244077 -0.172651 2.25921 0.017861 -0.0100434 174.954
31633 2 0.01 0.35 32.9 -0.489053 -0.325111 2.25086 -0.0343178 -0.0200204 174.954
31696 2 0.01 0.35 32.9 0.399915 0.00507951 4.01129 0.0507844 0.000801454 174.954
33285 2 0.01 0.35 32.9 0.104656 0.35507 5.60628 0.0166364 0.0598679 174.954
34039 2 0.01 0.35 32.9 0.169802 0.0813696 1.81426 0.00986193 0.00386922 174.954
34209 2 0.01 0.35 32.9 -0.00559676 0.398473 4.13193 -2.09322e-05 0.0500014 174.954
34434 2 0.01 0.35 32.9 -0.450572 -0.291173 1.98694 -0.0284208 -0.0155738 174.954
34447 2 0.01 0.35 32.9 -0.224128 0.0438738 0.725136 -0.00459056 0.000178018 174.954
36050 2 0.01 0.35 32.9 -0.0098168 0.164587 1.37409 -0.000603823 0.00617606 174.954
36411 2 0.01 0.35 32.9 0.253992 -0.418442 2.31093 0.0177595 -0.0282235 174.954
36737 2 0.01 0.35 32.9 -0.0673756 0.252714 1.55376 -0.00421769 0.0115921 174.954
36946 2 0.01 0.35 32.9 0.392925 -0.164535 2.58581 0.0332262 -0.0138088 174.954
37317 2 0.01 0.35 32.9 0.218415 -0.381816 2.31785 0.0164921 -0.0272501 174.954
38474 2 0.01 0.35 32.9 0.175339 0.313041 2.93237 0.0164433 0.0260241 174.954
39421 2 0.01 0.35 32.9 0.198903 0.458131 2.70593 0.0200506 0.0380449 174.954
39960 2 0.01 0.35 32.9 -0.126658 0.40038 2.9107 -0.0131754 0.036025 174.954
40755 2 0.01 0.35 32.9 0.363833 0.3355 2.48437 0.0267759 0.0251501 174.954
42160 2 0.01 0.35 32.9 0.190543 0.0392837 0.992068 0.00632633 0.00343139 174.954
46284 2 0.01 0.35 32.9 -0.114708 -0.0656657 1.25258 -0.00373837 -0.00313609 174.954
46571 2 0.01 0.35 32.9 0.155652 -0.371524 2.82593 0.00978768 -0.0328377 174.954
48347 2 0.01 0.35 32.9 -0.167136 -0.268947 0.919638 -0.00479808 -0.00825005 174.954
49171 2 0.01 0.35 32.9 0.104188 -0.271211 3.51809 0.0097949 -0.0283117 174.954
49377 2 0.01 0.35 32.9 0.211546 -0.381416 0.686205 0.00507039 -0.00940827 174.954
49566 2 0.01 0.35 32.9 -0.131283 -0.450433 5.86539 -0.0208675 -0.0826325 174.954
49634 2 0.01 0.35 32.9 0.286609 -0.369944 1.05448 0.0083174 -0.0139629 174.954
50545 2 0.01 0.35 32.9 0.410183 0.335897 3.80952 0.0504401 0.0383983 174.954
50588 2 0.01 0.35 32.9 0.484512 -0.0810458 1.79751 0.0271089 -0.00378059 174.954
51170 2 0.01 0.35 32.9 0.364459 0.125807 2.5483 0.0272949 0.0110453 174.954
53125 2 0.01 0.35 32.9 -0.251873 -0.0937503 4.11743 -0.0310628 -0.0113233 174.954
53708 2 0.01 0.35 32.9 0.483048 0.327919 2.11592 0.0305781 0.0229819 174.954
54484 2 0.01 0.35 32.9 -0.0272519 0.210906 0.722915 -0.00359346 0.00615524 174.954
55182 2 0.01 0.35 32.9 -0.203761 -0.164396 1.37774 -0.00831467 -0.00603784 174.954
55797 2 0.01 0.35 32.9 -0.460509 0.12126 5.38538 -0.0775914 0.0217503 174.954
56920 2 0.01 0.35 32.9 0.300715 -0.290847 2.80358 0.0249851 -0.0245709 174.954
58735 2 0.01 0.35 32.9 -0.4748 0.450461 5.76512 -0.0826836 0.0802257 174.954
58885 2 0.01 0.35 32.9 0.064689 0.0846917 2.00328 0.00299277 0.00188867 174.954
59112 2 0.01 0.35 32.9 0.467486 -0.265288 1.86145 0.0272397 -0.0103985 174.954
59629 2 0.01 0.35 32.9 -0.422814 -0.305134 2.50741 -0.0321017 -0.0206982 174.954
60281 2 0.01 0.35 32.9 0.466336 -0.0507584 3.17629 0.0436617 -0.00415117 174.954
60365 2 0.01 0.35 32.9 0.0386925 0.489188 4.41484 0.00481769 0.06743 174.954
60519 2 0.01 0.35 32.9 0.0874737 0.0623245 3.15836 0.00558848 0.00555502 174.954
60701 2 0.01 0.35 32.9 -0.0482107 -0.41574 1.23455 -0.0035244 -0.0167181 174.954
61840 2 0.01 0.35 32.9 0.396859 0.107464 1.81349 0.0224295 0.00522153 174.954
64898 2 0.01 0.35 32.9 -0.0800861 0.444006 1.22758 -0.000894736 0.0142792 174.954
65559 2 0.01 0.35 32.9 -0.379466 0.463129 3.27727 -0.0388784 0.0475061 174.954
65580 2 0.01 0.35 32.9 0.236034 -0.184838 2.43723 0.0174333 -0.014184 174.954
67129 2 0.01 0.35 32.9 -0.135319 0.353223 2.07271 -0.00705139 0.0239818 174.954
68909 2 0.01 0.35 32.9 0.227593 0.389149 3.55285 0.0238483 0.0418429 174.954
69538 2 0.01 0.35 32.9 -0.120786 0.0918719 7.06763 -0.0259871 0.0252144 174.954
69686 2 0.01 0.35 32.9 0.29633 -0.308883 2.97215 0.0292835 -0.030436 174.954
69961 2 0.01 0.35 32.9 -0.421452 0.0633274 3.1021 -0.0390609 0.00555652 174.954
70759 2 0.01 0.35 32.9 -0.391577 0.226801 3.01826 -0.0369205 0.0195871 174.954
71606 2 0.01 0.35 32.9 -0.108678 0.0396189 2.40139 -0.00905238 0.00416512 174.954
71967 2 0.01 0.35 32.9 -0.200175 -0.324757 2.90707 -0.0180929 -0.0284341 174.954
73133 2 0.01 0.35 32.9 0.285245 0.000683478 4.92776 0.0425283 0.000887115 174.954
73308 2 0.01 0.35 32.9 -0.186943 -0.341471 1.98343 -0.0118892 -0.021639 174.954
73595 2 0.01 0.35 32.9 0.268399 -0.183272 3.12932 0.0261125 -0.0163877 174.954
75426 2 0.01 0.35 32.9 -0.26793 -0.472326 3.16857 -0.0250899 -0.0457552 174.954
75595 2 0.01 0.35 32.9 -0.090778 0.380894 5.36639 -0.0156695 0.0635785 174.954
76630 2 0.01 0.35 32.9 -0.325255 -0.0952687 7.93017 -0.0784533 -0.0233342 174.954
78953 2 0.01 0.35 32.9 0.237875 -0.354555 2.56012 0.0186549 -0.0279607 174.954
81106 2 0.01 0.35 32.9 0.352377 -0.323825 4.22035 0.0441064 -0.0445762 174.954
81482 2 0.01 0.35 32.9 0.0274541 -0.393973 1.52379 0.000152535 -0.021443 174.954
83206 2 0.01 0.35 32.9 0.0754923 -0.408509 1.97 0.0056367 -0.0240653 174.954
83802 2 0.01 0.35 32.9 0.0501999 0.273118 1.8285 0.00391994 0.0155685 174.954
84862 2 0.01 0.35 32.9 -0.399236 -0.220361 2.34349 -0.029066 -0.0133971 174.954
88807 2 0.01 0.35 32.9 0.127854 0.349415 3.65708 0.0135302 0.0378514 174.954
89554 2 0.01 0.35 32.9 -0.26812 0.41073 1.83636 -0.0136491 0.0221524 174.954
89636 2 0.01 0.35 32.9 0.427252 0.0904269 0.831294 0.0115585 0.0019997 174.954
91896 2 0.01 0.35 32.9 0.3066 0.235684 1.37418 0.0118349 0.0110222 174.954
93026 2 0.01 0.35 32.9 0.153516 -0.297429 0.426611 0.00252678 -0.00525959 174.954
93047 2 0.01 0.35 32.9 -0.364353 -0.216794 2.64617 -0.0302005 -0.015878 174.954
94723 2 0.01 0.35 32.9 0.475595 -0.4317 4.57698 0.0636011 -0.0595292 174.954
95012 2 0.01 0.35 32.9 -0.349109 -0.366851 1.81898 -0.0191046 -0.0222964 174.954
95103 2 0.01 0.35 32.9 -0.22496 -0.485692 2.23717 -0.0177346 -0.0317449 174.954
95731 2 0.01 0.35 32.9 0.436953 -0.189709 4.20421 0.0569958 -0.0233722 174.954
95962 2 0.01 0.35 32.9 0.380013 -0.245952 3.57215 0.0402852 -0.0284692 174.954
96247 2 0.01 0.35 32.9 -0.407965 0.268402 2.21644 -0.027997 0.0182092 174.954
97030 2 0.01 0.35 32.9 0.0157328 -0.0518037 1.1377 -0.00227452 -0.000613031 174.954
97326 2 0.01 0.35 32.9 0.0552461 -0.384574 18.5131 0.0312214 -0.216509 174.954
98264 2 0.01 0.35 32.9 0.429531 -0.288131 2.136 0.0270901 -0.0167457 174.954
98379 2 0.01 0.35 32.9 -0.120944 0.421632 2.56483 -0.00884143 0.035641 174.954
98693 2 0.01 0.35 32.9 0.40251 0.0566967 2.90642 0.0335753 0.0063653 174.954
100795 2 0.01 0.35 32.9 -0.179656 0.3653 6.83699 -0.0363224 0.0775582 174.954
101085 2 0.01 0.35 32.9 0.487695 -0.208697 0.945038 0.0138794 -0.004821 174.954
102463 2 0.01 0.35 32.9 -0.341493 0.340582 0.261661 -0.00354177 0.0005399 174.954
103472 2 0.01 0.35 32.9 -0.0254409 -0.240805 9.87006 -0.00771858 -0.0741222 174.954
103612 2 0.01 0.35 32.9 -0.0939903 -0.154557 3.22355 -0.0121528 -0.01237 174.954
104052 2 0.01 0.35 32.9 -0.413653 -0.074305 1.27048 -0.013932 -0.00101261 174.954
104229 2 0.01 0.35 32.9 -0.201406 -0.256526 0.987791 -0.0044431 -0.00669674 174.954
104511 2 0.01 0.35 32.9 -0.0297019 0.273388 1.94397 -0.00343155 0.0167583 174.954
105275 2 0.01 0.35 32.9 0.279903 0.411437 5.61714 0.050157 0.0696567 174.954
105309 2 0.01 0.35 32.9 -0.127276 0.111129 13.2822 -0.049286 0.046202 174.954
105586 2 0.01 0.35 32.9 -0.0667695 0.268055 2.68204 -0.00586298 0.0228534 174.954
106544 2 0.01 0.35 32.9 0.425155 0.469175 3.60526 0.0441815 0.0518166 174.954
107367 2 0.01 0.35 32.9 -0.167783 -0.268554 1.23638 -0.00533755 -0.00921099 174.954
107466 2 0.01 0.35 32.9 -0.0618055 0.232424 1.88082 -0.00428444 0.01436 174.954
108532 2 0.01 0.35 32.9 -0.108499 0.227946 1.97883 -0.00906232 0.0143589 174.954
112425 2 0.01 0.35 32.9 0.449499 0.296465 3.40826 0.0462933 0.0312326 174.954
113740 2 0.01 0.35 32.9 0.332546 0.00232697 4.10427 0.0439834 0.00157254 174.954
114598 2 0.01 0.35 32.9 -0.0449485 -0.45678 7.93226 -0.0108721 -0.109535 174.954
114740 2 0.01 0.35 32.9 -0.0167665 -0.353314 1.07651 -0.00132993 -0.0121655 174.954
115063 2 0.01 0.35 32.9 -0.212691 -0.473744 0.990566 -0.005758 -0.013742 174.954
116698 2 0.01 0.35 32.9 -0.100266 0.364951 3.46552 -0.00944622 0.0384278 174.954
116808 2 0.01 0.35 32.9 -0.0273479 -0.285428 2.22606 -0.00231579 -0.019147 174.954
117557 2 0.01 0.35 32.9 -0.335194 0.194937 1.96759 -0.0195028 0.0139159 174.954
117811 2 0.01 0.35 32.9 0.13075 -0.033983 3.9355 0.0142983 -0.00447762 174.954
118326 2 0.01 0.35 32.9 0.07418 -0.0815916 2.55241 0.00547352 -0.00728926 174.954
121164 2 0.01 0.35 32.9 0.393619 -0.379374 3.52355 0.0410599 -0.0407264 174.954
121190 2 0.01 0.35 32.9 0.124539 -0.374123 3.24587 0.0116533 -0.0396518 174.954
121874 2 0.01 0.35 32.9 0.219234 -0.330393 0.938468 0.00560833 -0.0105449 174.954
122091 2 0.01 0.35 32.9 -0.443113 0.00505127 1.87408 -0.0253669 0.000294776 174.954
122321 2 0.01 0.35 32.9 -0.264139 0.0199974 1.21894 -0.00884962 0.00195863 174.954
122460 2 0.01 0.35 32.9 -0.244298 0.411094 2.07964 -0.0163094 0.0249825 174.954
122830 2 0.01 0.35 32.9 0.370042 0.0414947 1.41408 0.014463 0.00347758 174.954
122880 2 0.01 0.35 32.9 0.058491 -0.34952 2.2335 0.00341184 -0.0247617 174.954
123071 2 0.01 0.35 32.9 0.257331 0.408414 2.195 0.0155818 0.0252525 174.954
123871 2 0.01 0.35 32.9 -0.102294 0.326155 2.60213 -0.00946284 0.0235427 174.954
127711 2 0.01 0.35 32.9 0.267339 0.346205 4.60064 0.0364499 0.0473171 174.954
128747 2 0.01 0.35 32.9 -0.404302 0.304156 2.33853 -0.0297067 0.0227412 174.954
130703 2 0.01 0.35 32.9 -0.0823446 -0.349575 2.9159 -0.00991805 -0.0320939 174.954
131344 2 0.01 0.35 32.9 0.300084 0.213072 1.59037 0.0147025 0.00738685 174.954
132951 2 0.01 0.35 32.9 -0.472622 -0.185147 1.7874 -0.025195 -0.00961129 174.954
135107 2 0.01 0.35 32.9 -0.481853 -0.275623 6.02571 -0.0872543 -0.0523602 174.954
135414 2 0.01 0.35 32.9 0.201452 -0.282311 4.38378 0.0291513 -0.0391596 174.954
135818 2 0.01 0.35 32.9 0.152785 0.220987 3.15529 0.0128966 0.0208036 174.954
137308 2 0.01 0.35 32.9 0.12373 0.160028 1.45676 0.00448105 0.00739885 174.954
138197 2 0.01 0.35 32.9 0.326127 0.417626 1.17091 0.0109916 0.0162918 174.954
138657 2 0.01 0.35 32.9 0.0654822 -0.308264 2.35369 0.00680296 -0.0242431 174.954
139636 2 0.01 0.35 32.9 0.435578 -0.458705 3.38179 0.0456822 -0.0462751 174.954
141642 2 0.01 0.35 32.9 -0.227807 -0.371957 0.493192 -0.00339839 -0.00626322 174.954
141852 2 0.01 0.35 32.9 -0.230065 0.0921668 5.5267 -0.0385095 0.0146131 174.954
142493 2 0.01 0.35 32.9 0.179958 -0.0666702 2.29383 0.0111972 -0.00714772 174.954
143696 2 0.01 0.35 32.9 0.3958 0.375137 1.9605 0.0239346 0.0212107 174.954
143830 2 0.01 0.35 32.9 0.106651 -0.0995802 3.29562 0.0107526 -0.00840843 174.954
144287 2 0.01 0.35 32.9 -0.121464 0.457477 1.6654 -0.00499664 0.0236312 174.954
145686 2 0.01 0.35 32.9 -0.377117 -0.172787 2.1476 -0.0240727 -0.0117217 174.954
145888 2 0.01 0.35 32.9 0.289038 -0.136889 3.45079 0.0305122 -0.0130777 174.954
146959 2 0.01 0.35 32.9 -0.0492818 -0.104555 7.01448 -0.0143393 -0.0248294 174.954
147214 2 0.01 0.35 32.9 0.287886 0.293627 5.54127 0.0499339 0.0486877 174.954
147475 2 0.01 0.35 32.9 -0.0485077 0.158628 2.87084 -0.0034298 0.0132847 174.954
147525 2 0.01 0.35 32.9 -0.183439 -0.412868 3.97497 -0.0231401 -0.0507221 174.954
147602 2 0.01 0.35 32.9 -0.367769 -0.0405386 4.72792 -0.0555531 -0.00862696 174.954
147886 2 0.01 0.35 32.9 0.267473 0.428594 4.80079 0.0397458 0.0631671 174.954
149553 2 0.01 0.35 32.9 0.212081 0.333684 8.51908 0.0543553 0.0865232 174.954
150056 2 0.01 0.35 32.9 0.0726444 -0.203306 2.82898 0.00627215 -0.019529 174.954
151273 2 0.01 0.35 32.9 -0.360085 0.17638 2.70532 -0.030883 0.0139548 174.954
152016 2 0.01 0.35 32.9 0.491892 -0.0867369 3.68217 0.055175 -0.00844177 174.954
152676 2 0.01 0.35 32.9 0.0358632 -0.485582 1.51137 0.00257329 -0.0210778 174.954
152734 2 0.01 0.35 32.9 -0.305597 0.391626 1.4501 -0.0116351 0.0157871 174.954
157190 2 0.01 0.35 32.9 0.491607 0.0954921 1.25605 0.0186688 0.00431718 174.954
157575 2 0.01 0.35 32.9 -0.0917923 -0.382168 3.32696 -0.010003 -0.0395107 174.954
158477 2 0.01 0.35 32.9 -0.0234343 0.039751 3.47785 -0.00198114 0.00353439 174.954
160420 2 0.01 0.35 32.9 -0.476119 -0.466953 3.87481 -0.0555463 -0.0544452 174.954
160526 2 0.01 0.35 32.9 0.296807 0.276847 1.43972 0.0123134 0.0140386 174.954
161142 2 0.01 0.35 32.9 0.0368415 -0.45476 1.30606 -0.000232928 -0.0186159 174.954
161742 2 0.01 0.35 32.9 -0.408552 0.327045 3.4519 -0.0433951 0.0354502 174.954
162334 2 0.01 0.35 32.9 0.478457 -0.0912421 1.65671 0.0242033 -0.00420164 174.954
163121 2 0.01 0.35 32.9 0.497526 0.177481 1.8944 0.0283697 0.0090362 174.954
163731 2 0.01 0.35 32.9 -0.210827 0.471897 2.54176 -0.0173256 0.0372871 174.954
163748 2 0.01 0.35 32.9 0.234095 0.39525 1.01391 0.00825579 0.0116887 174.954
164224 2 0.01 0.35 32.9 -0.488306 0.397632 5.00289 -0.0726697 0.0615892 174.954
165060 2 0.01 0.35 32.9 -0.335557 0.300611 3.65735 -0.0387175 0.0333092 174.954
168785 2 0.01 0.35 32.9 0.497678 -0.216375 1.37105 0.0217876 -0.010755 174.954
172085 2 0.01 0.35 32.9 0.165967 -0.489135 1.37051 0.00716667 -0.0194322 174.954
173833 2 0.01 0.35 32.9 -0.426108 -0.0857173 3.63654 -0.0460068 -0.00693068 174.954
173932 2 0.01 0.35 32.9 -0.234751 0.160008 0.975624 -0.00763999 0.00563015 174.954
174735 2 0.01 0.35 32.9 0.197897 0.405282 4.18199 0.0269707 0.0502604 174.954
176292 2 0.01 0.35 32.9 -0.261513 -0.230513 6.7854 -0.0538674 -0.0468612 174.954
179101 2 0.01 0.35 32.9 -0.268951 0.197417 1.11942 -0.00685171 0.00465768 174.954
179441 2 0.01 0.35 32.9 -0.110653 0.155184 3.19173 -0.0124092 0.0128217 174.954
179714 2 0.01 0.35 32.9 0.468859 -0.241023 3.33075 0.0474466 -0.0224624 174.954
180109 2 0.01 0.35 32.9 0.243401 0.302236 2.59977 0.0196399 0.022085 174.954
181037 2 0.01 0.35 32.9 0.151967 -0.468012 5.19258 0.0203882 -0.0738793 174.954
181348 2 0.01 0.35 32.9 0.19392 -0.260215 4.77175 0.0288066 -0.0368043 174.954
181681 2 0.01 0.35 32.9 0.332188 -0.122602 10.5438 0.106813 -0.0366788 174.954
182016 2 0.01 0.35 32.9 -0.388666 -0.204743 1.45553 -0.0156223 -0.00832443 174.954
183224 2 0.01 0.35 32.9 -0.422104 -0.490626 2.25205 -0.0293624 -0.0358899 174.954
183659 2 0.01 0.35 32.9 0.0904379 0.265089 1.30323 0.00335084 0.00954945 174.954
184058 2 0.01 0.35 32.9 0.377637 0.311276 1.10443 0.0154616 0.00987862 174.954
184575 2 0.01 0.35 32.9 -0.227363 -0.132436 1.86422 -0.0136117 -0.0072505 174.954
185010 2 0.01 0.35 32.9 0.0925815 0.137672 0.91718 0.00149845 0.00632925 174.954
185325 2 0.01 0.35 32.9 0.330671 -0.37033 2.2182 0.0211207 -0.025136 174.954
185434 2 0.01 0.35 32.9 -0.112473 -0.029979 8.11978 -0.0283623 -0.00834593 174.954
186728 2 0.01 0.35 32.9 0.242823 0.172769 5.02807 0.0348654 0.0262197 174.954
187353 2 0.01 0.35 32.9 0.259405 -0.223872 1.93294 0.0135193 -0.0117564 174.954
190321 2 0.01 0.35 32.9 -0.0394868 -0.390406 1.92246 -0.00290108 -0.0237681 174.954
190584 2 0.01 0.35 32.9 0.372766 -0.298549 0.94119 0.00869026 -0.0081655 174.954
192321 2 0.01 0.35 32.9 -0.253622 -0.192803 0.22494 -0.00296385 -0.00254968 174.954
193553 2 0.01 0.35 32.9 0.439073 -0.105126 0.926491 0.0107298 -0.00520516 174.954
194561 2 0.01 0.35 32.9 0.24095 0.279139 5.59141 0.0423115 0.047036 174.954
194598 2 0.01 0.35 32.9 0.4102 -0.320704 2.90923 0.0367826 -0.02765 174.954
195855 2 0.01 0.35 32.9 0.183116 -0.0870447 1.09878 0.00670177 -0.00292138 174.954
196245 2 0.01 0.35 32.9 -0.0753992 -0.00942928 2.89522 -0.00658349 -0.00355916 174.954
196685 2 0.01 0.35 32.9 0.265184 0.496136 0.595846 0.0060305 0.0101382 174.954
197289 2 0.01 0.35 32.9 0.382514 -0.272256 2.49105 0.0280547 -0.0197311 174.954
198613 2 0.01 0.35 32.9 0.301311 -0.290841 2.87755 0.0274313 -0.0244383 174.954
198892 2 0.01 0.35 32.9 -0.2588 -0.480566 6.33175 -0.0510006 -0.0935212 174.954
198990 2 0.01 0.35 32.9 -0.153435 0.310041 5.5842 -0.0254097 0.0527176 174.954
199550 2 0.01 0.35 32.9 -0.0581624 0.390963 2.58081 -0.00294895 0.0308089 174.954
200235 2 0.01 0.35 32.9 0.390986 0.289799 1.66869 0.0186303 0.0151256 174.954
200448 2 0.01 0.35 32.9 -0.0380542 0.10606 1.58914 -0.00156006 0.00447071 174.954
200637 2 0.01 0.35 32.9 -0.335833 -0.267491 20.937 -0.215596 -0.172881 174.954
200691 2 0.01 0.35 32.9 0.0700701 0.372754 2.59834 0.00507482 0.0314484 174.954
201052 2 0.01 0.35 32.9 0.359986 0.436225 9.82781 0.109749 0.129764 174.954
201882 2 0.01 0.35 32.9 -0.221586 0.0758371 4.69751 -0.0314533 0.0121959 174.954
202320 2 0.01 0.35 32.9 -0.355056 -0.475093 3.8241 -0.0408907 -0.0568917 174.954
203037 2 0.01 0.35 32.9 -0.338348 -0.360507 1.64099 -0.0180569 -0.0180968 174.954
203852 2 0.01 0.35 32.9 0.453215 -0.499502 11.0146 0.151244 -0.167801 174.954
203868 2 0.01 0.35 32.9 -0.366817 0.112529 10.2857 -0.113501 0.0340864 174.954
205822 2 0.01 0.35 32.9 0.189649 -0.188827 0.768286 0.00482021 -0.00574047 174.954
206216 2 0.01 0.35 32.9 -0.420343 -0.036145 1.98484 -0.024643 -0.000968831 174.954
207594 2 0.01 0.35 32.9 0.461946 0.199441 3.33373 0.0489355 0.0198667 174.954
210060 2 0.01 0.35 32.9 -0.213526 0.053576 1.21451 -0.00679619 0.00266386 174.954
212196 2 0.01 0.35 32.9 -0.248072 -0.231118 2.758 -0.0205887 -0.0190062 174.954
215722 2 0.01 0.35 32.9 -0.132963 0.424589 3.46227 -0.0136889 0.0442043 174.954
216007 2 0.01 0.35 32.9 -0.417713 -0.0502919 2.76483 -0.0366171 -0.00646349 174.954
216116 2 0.01 0.35 32.9 0.232263 -0.140791 1.48363 0.00911496 -0.00512361 174.954
216550 2 0.01 0.35 32.9 0.18902 0.308374 3.37708 0.0209079 0.0290662 174.954
217422 2 0.01 0.35 32.9 0.231461 -0.295539 0.935914 0.00657173 -0.0103893 174.954
218336 2 0.01 0.35 32.9 0.366184 0.272584 11.9495 0.133567 0.0997187 174.954
218396 2 0.01 0.35 32.9 -0.149218 -0.122421 1.22994 -0.00703077 -0.00230498 174.954
218716 2 0.01 0.35 32.9 0.132558 -0.0867477 2.07394 0.00557254 -0.00604622 174.954
222550 2 0.01 0.35 32.9 -0.347207 -0.298331 9.29547 -0.0996745 -0.0842671 174.954
222594 2 0.01 0.35 32.9 0.393358 -0.224377 2.17644 0.0272374 -0.0151506 174.954
222647 2 0.01 0.35 32.9 0.144667 -0.187196 2.6977 0.014357 -0.0151995 174.954
224261 2 0.01 0.35 32.9 0.381112 0.225005 4.05893 0.0465685 0.0287015 174.954
224263 2 0.01 0.35 32.9 -0.483275 -0.0561625 1.4178 -0.0217891 -0.00282853 174.954
224475 2 0.01 0.35 32.9 0.16142 0.307237 9.26778 0.0464859 0.0857938 174.954
226221 2 0.01 0.35 32.9 -0.243048 -0.0686438 2.30123 -0.0182281 -0.00415783 174.954
226515 2 0.01 0.35 32.9 0.238597 -0.28396 8.94334 0.0654956 -0.0791005 174.954
226731 2 0.01 0.35 32.9 0.173461 0.364209 1.38642 0.00815064 0.0145454 174.954
227347 2 0.01 0.35 32.9 -0.441391 0.113319 0.713349 -0.0103179 0.00147123 174.954
227883 2 0.01 0.35 32.9 -0.177693 0.454615 3.94377 -0.0222811 0.0575087 174.954
227937 2 0.01 0.35 32.9 -0.421492 -0.0381009 1.52882 -0.017995 -0.001705 174.954
228792 2 0.01 0.35 32.9 -0.414148 -0.303538 2.49885 -0.0330453 -0.0251526 174.954
231457 2 0.01 0.35 32.9 0.438308 -0.255444 2.14211 0.0273962 -0.0130317 174.954
232084 2 0.01 0.35 32.9 0.266854 -0.441889 1.78673 0.0175604 -0.0246142 174.954
232678 2 0.01 0.35 32.9 -0.410637 -0.0213324 2.06646 -0.0226864 -0.00039548 174.954
233215 2 0.01 0.35 32.9 -0.478344 -0.0475183 2.76573 -0.0416147 -0.00289451 174.954
234197 2 0.01 0.35 32.9 0.213424 -0.189848 1.22219 0.00931603 -0.00542603 174.954
235151 2 0.01 0.35 32.9 -0.20635 0.0429874 2.14383 -0.0124262 0.00513927 174.954
235856 2 0.01 0.35 32.9 0.415274 -0.12068 1.82773 0.0218902 -0.00961535 174.954
236040 2 0.01 0.35 32.9 0.0463895 -0.0312447 5.07704 0.00722994 -0.0056519 174.954
240137 2 0.01 0.35 32.9 -0.305632 0.359837 2.2615 -0.0217281 0.023991 174.954
241089 2 0.01 0.35 32.9 -0.32215 -0.0485643 3.3656 -0.0307867 -0.00558753 174.954
241837 2 0.01 0.35 32.9 -0.270131 -0.352417 0.30813 -0.0022286 -0.00292203 174.954
242213 2 0.01 0.35 32.9 -0.111461 0.291117 1.61808 -0.00544103 0.0149338 174.954
242439 2 0.01 0.35 32.9 0.299079 -0.342335 5.25998 0.0491641 -0.0539999 174.954
242575 2 0.01 0.35 32.9 -0.401834 -0.0665494 1.08477 -0.0125035 -0.00217682 174.954
243702 2 0.01 0.35 32.9 -0.0409294 -0.116961 1.31694 -0.00305252 -0.00318672 174.954
244022 2 0.01 0.35 32.9 -0.22362 -0.188322 4.52964 -0.0316635 -0.0256179 174.954
244072 2 0.01 0.35 32.9 0.13623 -0.318048 4.40446 0.0203336 -0.0405936 174.954
244804 2 0.01 0.35 32.9 0.143228 -0.46956 1.7865 0.00571022 -0.0255882 174.954
245703 2 0.01 0.35 32.9 -0.252018 0.0525827 4.00167 -0.0302819 0.00813391 174.954
245913 2 0.01 0.35 32.9 -0.174643 -0.153339 0.933361 -0.00538497 -0.00358542 174.954
245963 2 0.01 0.35 32.9 -0.402625 -0.106557 0.404013 -0.00600689 -0.000347111 174.954
247433 2 0.01 0.35 32.9 -0.323962 -0.4395 1.41708 -0.0130868 -0.0216814 174.954
249563 2 0.01 0.35 32.9 -0.0862979 -0.414363 2.65911 -0.00730645 -0.0328315 174.954
250173 2 0.01 0.35 32.9 0.336887 0.34458 2.08918 0.0221913 0.0204397 174.954
251015 2 0.01 0.35 32.9 0.0362893 0.314433 4.75879 0.004034 0.0431017 174.954
252205 2 0.01 0.35 32.9 -0.162734 -0.328741 1.1109 -0.00515172 -0.00939339 174.954
252950 2 0.01 0.35 32.9 0.0710286 0.366654 2.07025 0.00698823 0.0207416 174.954
256574 2 0.01 0.35 32.9 0.39312 0.00100881 1.43089 0.0156056 0.00164163 174.954
257015 2 0.01 0.35 32.9 0.187739 -0.479434 7.0457 0.0406973 -0.104063 174.954
257287 2 0.01 0.35 32.9 -0.133741 -0.0817361 1.22093 -0.00490367 -0.00248851 174.954
257408 2 0.01 0.35 32.9 0.48933 0.387864 0.875715 0.0124152 0.0107644 174.954
258284 2 0.01 0.35 32.9 0.0169572 0.456672 2.05862 0.00215816 0.0276511 174.954
258877 2 0.01 0.35 32.9 -0.199178 -0.440848 1.88691 -0.0106031 -0.0236875 174.954
260651 2 0.01 0.35 32.9 -0.137636 -0.163765 3.74808 -0.0172707 -0.0200001 174.954
261550 2 0.01 0.35 32.9 0.288439 -0.214281 1.51454 0.014396 -0.00751904 174.954
263567 2 0.01 0.35 32.9 -0.0174822 -0.159885 1.72089 -0.00147175 -0.00540081 174.954
263920 2 0.01 0.35 32.9 -0.42778 -0.429263 1.18674 -0.0151176 -0.0156632 174.954
264093 2 0.01 0.35 32.9 0.300825 -0.441 2.30411 0.0231289 -0.0329312 174.954
264356 2 0.01 0.35 32.9 -0.0881016 -0.152264 4.81489 -0.0123254 -0.0235855 174.954
264513 2 0.01 0.35 32.9 0.163996 0.244114 3.4911 0.0159441 0.0254005 174.954
264536 2 0.01 0.35 32.9 -0.235149 -0.306128 3.57908 -0.0261055 -0.0303752 174.954
265744 2 0.01 0.35 32.9 0.142441 0.150097 4.29266 0.0190378 0.01708 174.954
265909 2 0.01 0.35 32.9 0.450272 -0.0890442 2.7359 0.0360555 -0.00647513 174.954
266989 2 0.01 0.35 32.9 -0.303261 -0.449668 3.17941 -0.0289512 -0.0452886 174.954
269424 2 0.01 0.35 32.9 0.254075 -0.264015 2.72903 0.0200275 -0.0214636 174.954
270303 2 0.01 0.35 32.9 -0.473554 0.00583196 5.45138 -0.0763697 0.000841499 174.954
270409 2 0.01 0.35 32.9 -0.316454 0.108964 1.92676 -0.0185487 0.00693881 174.954
270730 2 0.01 0.35 32.9 -0.264227 -0.482103 3.85253 -0.0330978 -0.0583053 174.954
270794 2 0.01 0.35 32.9 0.495083 -0.324451 3.33296 0.0508441 -0.0332929 174.954
273751 2 0.01 0.35 32.9 -0.492383 -0.131893 3.4408 -0.0527824 -0.0123773 174.954
275247 2 0.01 0.35 32.9 -0.267771 0.36156 4.53665 -0.0371871 0.0494755 174.954
276473 2 0.01 0.35 32.9 -0.179632 0.316349 4.04225 -0.0227835 0.0381656 174.954
276771 2 0.01 0.35 32.9 0.346648 0.181486 2.80333 0.0293873 0.015719 174.954
278314 2 0.01 0.35 32.9 0.318905 0.0934735 6.44938 0.063876 0.017934 174.954
279203 2 0.01 0.35 32.9 -0.265215 0.0120973 0.691155 -0.0039018 -0.00176552 174.954
279663 2 0.01 0.35 32.9 0.372726 0.0887152 3.89267 0.045924 0.0085545 174.954
281747 2 0.01 0.35 32.9 -0.188126 -0.0480605 1.15788 -0.00666062 -0.00204861 174.954
281986 2 0.01 0.35 32.9 0.288071 0.348778 3.18582 0.026863 0.0343186 174.954
282489 2 0.01 0.35 32.9 -0.376414 0.277561 1.86998 -0.0213657 0.015787 174.954
282926 2 0.01 0.35 32.9 0.326646 0.232262 3.82617 0.0351237 0.0267741 174.954
283842 2 0.01 0.35 32.9 -0.00962585 0.132611 1.74402 -0.00124762 0.00919332 174.954
285826 2 0.01 0.35 32.9 0.1548 0.155144 1.15241 0.00451812 0.0053382 174.954
289946 2 0.01 0.35 32.9 0.0412243 0.164518 2.34475 0.00363894 0.0104432 174.954
291234 2 0.01 0.35 32.9 0.25096 0.0700279 0.551853 0.00428401 0.00259679 174.954
292023 2 0.01 0.35 32.9 0.0328545 0.044732 6.11367 0.00558001 0.00844354 174.954
292423 2 0.01 0.35 32.9 0.32731 0.447183 2.50262 0.0248591 0.0349075 174.954
293469 2 0.01 0.35 32.9 -0.369287 -0.19014 1.98694 -0.0212255 -0.00948509 174.954
293703 2 0.01 0.35 32.9 0.149453 -0.10985 2.88364 0.014228 -0.0100595 174.954
294106 2 0.01 0.35 32.9 -0.423473 -0.415966 3.57342 -0.0439529 -0.0444234 174.954
295198 2 0.01 0.35 32.9 -0.326417 0.466103 1.82773 -0.0186853 0.0243462 174.954
295224 2 0.01 0.35 32.9 -0.440751 -0.264032 4.86552 -0.0663729 -0.0403645 174.954
296423 2 0.01 0.35 32.9 0.209882 -0.164635 3.16445 0.0215619 -0.0168338 174.954
296554 2 0.01 0.35 32.9 -0.277598 0.0693367 3.5961 -0.0302005 0.00985433 174.954
297982 2 0.01 0.35 32.9 -0.16036 0.251394 1.60894 -0.00839384 0.0139729 174.954
298333 2 0.01 0.35 32.9 0.373286 0.136544 2.8943 0.0324359 0.0113099 174.954
298439 2 0.01 0.35 32.9 0.313578 -0.131785 5.7719 0.0534821 -0.026443 174.954
299186 2 0.01 0.35 32.9 -0.0440537 -0.0252893 6.07254 -0.00835539 -0.00355886 174.954
299382 2 0.01 0.35 32.9 0.29518 0.170055 3.4761 0.0336586 0.0180915 174.954
299519 2 0.01 0.35 32.9 -0.344773 0.175536 2.17518 -0.0216142 0.012094 174.954
299849 2 0.01 0.35 32.9 0.460018 0.343316 1.46418 0.02143 0.0153996 174.954
300591 2 0.01 0.35 32.9 0.481811 -0.304072 0.328879 0.00398949 -0.00130763 174.954
300994 2 0.01 0.35 32.9 -0.127767 -0.00195411 3.92568 -0.0153077 -0.000403894 174.954
301304 2 0.01 0.35 32.9 0.155073 0.268328 1.67432 0.0101804 0.0159904 174.954
302409 2 0.01 0.35 32.9 0.454674 0.156862 2.25066 0.0303121 0.00881704 174.954
302745 2 0.01 0.35 32.9 -0.0687038 -0.0431817 4.18075 -0.0085216 -0.00597153 174.954
303572 2 0.01 0.35 32.9 -0.240032 -0.386202 5.26112 -0.0357944 -0.0636895 174.954
304477 2 0.01 0.35 32.9 0.272597 -0.206221 3.34085 0.0254497 -0.0197186 174.954
305971 2 0.01 0.35 32.9 0.283442 0.369847 1.96224 0.0155437 0.0224029 174.954
306615 2 0.01 0.35 32.9 0.387677 0.242792 1.42678 0.0169314 0.00832969 174.954
306857 2 0.01 0.35 32.9 -0.463088 0.19423 1.4314 -0.0201023 0.00801692 174.954
307511 2 0.01 0.35 32.9 -0.0721219 -0.212607 0.166912 -0.00257213 -0.00392708 174.954
307738 2 0.01 0.35 32.9 -0.329029 -0.152523 1.63789 -0.0166093 -0.00681243 174.954
307920 2 0.01 0.35 32.9 0.208369 0.291489 3.46972 0.0219199 0.0336809 174.954
308612 2 0.01 0.35 32.9 -0.458209 -0.382639 3.1043 -0.0439659 -0.0352667 174.954
309310 2 0.01 0.35 32.9 0.240235 -0.298447 0.779086 0.00383011 -0.00675488 174.954
311262 2 0.01 0.35 32.9 0.116128 -0.0800411 3.84925 0.0159597 -0.010817 174.954
311309 2 0.01 0.35 32.9 0.433809 0.405057 3.43823 0.0430331 0.0420406 174.954
311933 2 0.01 0.35 32.9 0.285233 0.450182 0.576059 0.00511704 0.00839026 174.954
312288 2 0.01 0.35 32.9 0.103164 0.128496 3.99198 0.0121698 0.019383 174.954
312878 2 0.01 0.35 32.9 -0.282201 0.351703 1.44257 -0.0124886 0.014824 174.954
312985 2 0.01 0.35 32.9 0.487301 -0.0968311 1.89589 0.0288124 -0.00696214 174.954
314098 2 0.01 0.35 32.9 -0.0237874 0.118967 2.14624 0.000716292 0.00928542 174.954
314395 2 0.01 0.35 32.9 0.450332 -0.369905 2.30414 0.0320619 -0.025504 174.954
314659 2 0.01 0.35 32.9 -0.136732 0.462789 1.59614 -0.00668277 0.0204132 174.954
314821 2 0.01 0.35 32.9 -0.443349 0.114209 2.58086 -0.0347826 0.00771457 174.954
315578 2 0.01 0.35 32.9 0.415988 -0.159593 0.737861 0.0108049 -0.000258115 174.954
316327 2 0.01 0.35 32.9 -0.149606 -0.119869 2.23931 -0.00938504 -0.00908479 174.954
317225 2 0.01 0.35 32.9 0.0670796 0.454931 6.23339 0.0119366 0.0874566 174.954
318517 2 0.01 0.35 32.9 -0.0992475 -0.0589122 2.48698 -0.00901759 -0.00554017 174.954
319393 2 0.01 0.35 32.9 -0.00223072 -0.464024 1.64164 -0.000598794 -0.0225339 174.954
321480 2 0.01 0.35 32.9 0.391516 0.182921 0.51085 0.00553291 0.00181319 174.954
322009 2 0.01 0.35 32.9 0.196525 0.208712 2.81764 0.0179055 0.0197312 174.954
322349 2 0.01 0.35 32.9 -0.382253 0.199855 17.5137 -0.203294 0.103623 174.954
322417 2 0.01 0.35 32.9 -0.338529 -0.126754 3.03262 -0.0323413 -0.0102807 174.954
323509 2 0.01 0.35 32.9 -0.0393264 -0.205751 3.7889 -0.00407117 -0.0240061 174.954
323695 2 0.01 0.35 32.9 -0.0150663 0.0617446 5.18756 -0.003298 0.0106389 174.954
324980 2 0.01 0.35 32.9 -0.438221 0.331735 2.19974 -0.0294656 0.0226902 174.954
325720 2 0.01 0.35 32.9 0.351093 0.44589 3.96069 0.0436337 0.055788 174.954
326286 2 0.01 0.35 32.9 0.44767 -0.109922 3.87176 0.0520737 -0.014164 174.954
326429 2 0.01 0.35 32.9 0.494893 0.00900781 0.942272 0.0148266 -0.000116417 174.954
327562 2 0.01 0.35 32.9 0.449238 0.0830412 0.788495 0.0107209 0.00161451 174.954
328011 2 0.01 0.35 32.9 0.185923 0.296282 3.06315 0.0166306 0.0292622 174.954
328279 2 0.01 0.35 32.9 0.184091 -0.310824 1.72405 0.00834506 -0.0158578 174.954
330026 2 0.01 0.35 32.9 -0.154856 0.172888 2.38837 -0.0126526 0.0106282 174.954
330490 2 0.01 0.35 32.9 0.245089 0.0549968 3.55277 0.0257156 0.00718373 174.954
331840 2 0.01 0.35 32.9 -0.0562138 0.401245 1.73295 -0.00575005 0.0228875 174.954
332311 2 0.01 0.35 32.9 -0.0962087 -0.0871002 2.69398 -0.00562412 -0.00866037 174.954
332462 2 0.01 0.35 32.9 0.0559177 0.409997 1.49581 0.00444836 0.0202218 174.954
334891 2 0.01 0.35 32.9 -0.0299074 0.201287 0.425377 0.00185573 0.0034312 174.954
336563 2 0.01 0.35 32.9 -0.445007 0.2233 2.2734 -0.0322171 0.0142712 174.954
337716 2 0.01 0.35 32.9 0.327288 -0.410251 1.95491 0.0182018 -0.0245495 174.954
340148 2 0.01 0.35 32.9 0.117785 0.277342 3.71417 0.0145302 0.0334657 174.954
340172 2 0.01 0.35 32.9 0.3755 0.18605 0.985345 0.011073 0.00589625 174.954
340199 2 0.01 0.35 32.9 0.0365492 0.138536 1.35431 9.65773e-05 0.00753973 174.954
340681 2 0.01 0.35 32.9 -0.283745 -0.346025 3.65521 -0.0308575 -0.0376531 174.954
344257 2 0.01 0.35 32.9 -0.355245 0.101434 0.899605 -0.0108258 0.00389121 174.954
345742 2 0.01 0.35 32.9 -0.00780059 0.0137059 2.79837 -0.00068922 -0.000598514 174.954
346867 2 0.01 0.35 32.9 0.114166 -0.0392109 4.00298 0.0135356 -0.00472439 174.954
347288 2 0.01 0.35 32.9 0.10325 -0.190391 2.79666 0.0101815 -0.0167758 174.954
347351 2 0.01 0.35 32.9 -0.255982 -0.158958 1.4382 -0.0106819 -0.00840364 174.954
348580 2 0.01 0.35 32.9 -0.0539475 3.86408e-05 2.68124 -0.00422589 -0.00144239 174.954
349585 2 0.01 0.35 32.9 0.334702 -0.195756 5.72178 0.0596497 -0.0341036 174.954
350372 2 0.01 0.35 32.9 -0.494897 0.365432 2.95383 -0.0436797 0.0320356 174.954
350426 2 0.01 0.35 32.9 0.252449 -0.400348 1.47534 0.00786066 -0.0193874 174.954
350969 2 0.01 0.35 32.9 -0.45551 0.422373 4.25403 -0.0610949 0.0537304 174.954
351202 2 0.01 0.35 32.9 -0.40182 0.418911 1.89084 -0.0206405 0.024113 174.954
352518 2 0.01 0.35 32.9 0.439528 0.22371 2.19315 0.0294747 0.0141966 174.954
352531 2 0.01 0.35 32.9 -0.351258 -0.489629 3.64474 -0.0356727 -0.0542288 174.954
352647 2 0.01 0.35 32.9 0.290927 0.26012 1.30265 0.0119286 0.0137449 174.954
352774 2 0.01 0.35 32.9 0.0657839 0.28981 0.68782 0.00278525 0.00698356 174.954
353141 2 0.01 0.35 32.9 0.0948694 -0.0284962 9.70853 0.0287353 -0.00865559 174.954
353442 2 0.01 0.35 32.9 0.173549 0.111566 3.40998 0.0164593 0.0132794 174.954
354341 2 0.01 0.35 32.9 -0.2731 -0.292192 1.76467 -0.0152999 -0.0165791 174.954
354600 2 0.01 0.35 32.9 -0.0378644 0.207873 1.27304 -0.00482754 0.00961513 174.954
356658 2 0.01 0.35 32.9 0.0488353 0.160246 6.29353 0.0104054 0.0327166 174.954
357118 2 0.01 0.35 32.9 0.050062 0.275237 2.61913 0.00322438 0.0212058 174.954
357657 2 0.01 0.35 32.9 0.135543 -0.436618 1.7219 0.00802743 -0.0242774 174.954
357794 2 0.01 0.35 32.9 0.0630454 -0.073445 2.53957 0.0059654 -0.00555359 174.954
360086 2 0.01 0.35 32.9 -0.38829 -0.184362 1.27649 -0.0167751 -0.00708715 174.954
360918 2 0.01 0.35 32.9 -0.226984 -0.487725 2.56261 -0.0174491 -0.0386004 174.954
361756 2 0.01 0.35 32.9 -0.142122 -0.113085 21.8512 -0.0940923 -0.0732716 174.954
361857 2 0.01 0.35 32.9 0.153563 -0.212804 1.93654 0.00925542 -0.0138365 174.954
362327 2 0.01 0.35 32.9 0.252552 -0.423863 3.35596 0.024554 -0.0412276 174.954
364564 2 0.01 0.35 32.9 0.452918 0.3647 6.85198 0.0937961 0.0777081 174.954
364645 2 0.01 0.35 32.9 -0.355839 0.485775 0.929131 -0.00877936 0.0115097 174.954
366093 2 0.01 0.35 32.9 0.319525 -0.455696 2.21737 0.0237469 -0.0295929 174.954
366460 2 0.01 0.35 32.9 0.195638 0.381712 1.80266 0.0121103 0.0207678 174.954
369182 2 0.01 0.35 32.9 -0.181289 -0.470783 1.45062 -0.0102091 -0.0188419 174.954
369519 2 0.01 0.35 32.9 0.215156 -0.436475 5.19732 0.031921 -0.0665331 174.954
369633 2 0.01 0.35 32.9 0.412412 -0.262834 2.58159 0.0307518 -0.0234153 174.954
372176 2 0.01 0.35 32.9 -0.286221 -0.0448137 0.407478 -0.00359301 -0.00221505 174.954
372704 2 0.01 0.35 32.9 0.499919 -0.192508 1.87005 0.0299178 -0.0125398 174.954
373135 2 0.01 0.35 32.9 0.309749 0.369208 2.71372 0.0255628 0.0312113 174.954
373520 2 0.01 0.35 32.9 -0.142096 -0.304688 2.04821 -0.00924657 -0.0174063 174.954
373644 2 0.01 0.35 32.9 -0.396053 -0.402145 7.32305 -0.0888986 -0.0921124 174.954
373879 2 0.01 0.35 32.9 -0.324521 0.287898 1.81397 -0.0184203 0.0146719 174.954
373937 2 0.01 0.35 32.9 0.422205 -0.230292 3.28928 0.0422964 -0.0216167 174.954
375178 2 0.01 0.35 32.9 0.0439899 -0.252731 3.40945 0.00394336 -0.0253092 174.954
376578 2 0.01 0.35 32.9 0.303163 -0.127198 2.56475 0.0216954 -0.0131008 174.954
377277 2 0.01 0.35 32.9 0.232168 -0.0561182 6.35255 0.0426521 -0.0120756 174.954
377848 2 0.01 0.35 32.9 0.471571 -0.321794 1.14161 0.0133215 -0.0076145 174.954
378479 2 0.01 0.35 32.9 0.429061 -0.148831 1.49016 0.0196514 -0.00704889 174.954
378763 2 0.01 0.35 32.9 -0.250599 -0.279532 4.12714 -0.0332301 -0.0357532 174.954
379767 2 0.01 0.35 32.9 -0.283728 0.110667 1.29015 -0.0107664 0.00554675 174.954
379928 2 0.01 0.35 32.9 -0.273963 0.0311933 4.97915 -0.0414962 0.00555443 174.954
379945 2 0.01 0.35 32.9 -0.140493 -0.289622 2.15832 -0.00940987 -0.0177959 174.954
380314 2 0.01 0.35 32.9 -0.10583 -0.236268 1.62267 -0.00286432 -0.0123377 174.954
381403 2 0.01 0.35 32.9 -0.0910893 -0.425797 1.91985 -0.00275491 -0.0254491 174.954
381736 2 0.01 0.35 32.9 -0.141677 0.00814001 1.12025 -0.0030069 -0.00292869 174.954
384798 2 0.01 0.35 32.9 0.466886 0.0847709 2.54857 0.0368013 0.00769171 174.954
384979 2 0.01 0.35 32.9 0.385174 0.222258 0.374023 0.00311528 0.00344809 174.954
385155 2 0.01 0.35 32.9 -0.413527 -0.132752 2.64866 -0.035485 -0.0105908 174.954
385160 2 0.01 0.35 32.9 0.270536 0.303044 2.52179 0.0209148 0.0228634 174.954
385178 2 0.01 0.35 32.9 0.185605 -0.135206 4.6281 0.0239342 -0.0191861 174.954
386018 2 0.01 0.35 32.9 -0.200061 -0.0708651 6.52524 -0.0394507 -0.0156691 174.954
386141 2 0.01 0.35 32.9 0.4716 0.429808 2.63583 0.0378568 0.0330482 174.954
387267 2 0.01 0.35 32.9 0.470572 0.048351 10.1653 0.143349 0.0171895 174.954
387357 2 0.01 0.35 32.9 0.0274111 0.0807737 2.26917 0.000657279 0.00443457 174.954
389071 2 0.01 0.35 32.9 0.478725 0.47762 1.87726 0.026931 0.0287666 174.954
389426 2 0.01 0.35 32.9 -0.0416307 -0.0556662 4.07238 -0.00478784 -0.00758997 174.954
391548 2 0.01 0.35 32.9 0.433343 0.390845 2.02388 0.0266588 0.0262714 174.954
394458 2 0.01 0.35 32.9 -0.202595 0.063452 2.60748 -0.0152283 0.00581728 174.954
394473 2 0.01 0.35 32.9 -0.130842 0.200393 1.70937 -0.0067572 0.00914392 174.954
394709 2 0.01 0.35 32.9 -0.349895 0.441201 2.43516 -0.0238226 0.0310916 174.954
395157 2 0.01 0.35 32.9 -0.30599 0.482673 3.73935 -0.0333092 0.0552342 174.954
395759 2 0.01 0.35 32.9 0.0252752 -0.328031 2.57789 0.00274269 -0.025398 174.954
396466 2 0.01 0.35 32.9 -0.468287 -0.224055 2.39616 -0.0350922 -0.0137574 174.954
397096 2 0.01 0.35 32.9 0.0135327 -0.334939 2.67557 -8.81394e-05 -0.0283744 174.954
397984 2 0.01 0.35 32.9 -0.0515025 0.415018 1.56894 -0.00369003 0.0230738 174.954
398677 2 0.01 0.35 32.9 0.0246363 -0.217962 0.726829 0.000680967 -0.00440464 174.954
398907 2 0.01 0.35 32.9 -0.424353 0.216964 5.82983 -0.0750714 0.037725 174.954
399426 2 0.01 0.35 32.9 0.00650112 0.0258534 0.559694 0.00124311 -0.0011892 174.954
400178 2 0.01 0.35 32.9 0.334506 -0.204933 3.97337 0.0397465 -0.0246185 174.954
404063 2 0.01 0.35 32.9 0.221396 0.447017 2.05276 0.0136169 0.027146 174.954
408954 2 0.01 0.35 32.9 0.30162 -0.100701 1.69658 0.0153102 -0.00522362 174.954
409323 2 0.01 0.35 32.9 0.165226 0.0687939 2.40188 0.0108243 0.0044051 174.954
409346 2 0.01 0.35 32.9 0.484775 0.0163907 0.693019 0.00999647 -0.00115335 174.954
409647 2 0.01 0.35 32.9 0.359846 0.135393 5.41669 0.0602285 0.0234094 174.954
409718 2 0.01 0.35 32.9 0.201379 -0.275476 2.82505 0.0181706 -0.0248462 174.954
409950 2 0.01 0.35 32.9 0.0411855 -0.0681433 2.37313 0.00244496 -0.00841196 174.954
412765 2 0.01 0.35 32.9 0.274215 -0.358653 3.35107 0.0296715 -0.0367987 174.954
413632 2 0.01 0.35 32.9 0.164957 0.193163 2.31726 0.0118219 0.0150801 174.954
414292 2 0.01 0.35 32.9 -0.453292 0.11886 1.83306 -0.0258255 0.00713568 174.954
416107 2 0.01 0.35 32.9 -0.424337 0.0460973 1.64889 -0.0208669 0.00478947 174.954
418057 2 0.01 0.35 32.9 0.00388748 0.361925 1.85421 0.00221892 0.02105 174.954
418284 2 0.01 0.35 32.9 -0.38789 0.389489 9.89622 -0.115149 0.116603 174.954
418824 2 0.01 0.35 32.9 -0.26317 0.246964 4.22628 -0.0328811 0.0335666 174.954
419946 2 0.01 0.35 32.9 0.493473 -0.00388546 5.46609 0.0826084 -0.00184338 174.954
420150 2 0.01 0.35 32.9 0.343713 -0.438868 1.05432 0.0112538 -0.0138061 174.954
421425 2 0.01 0.35 32.9 -0.282104 0.12153 0.680029 -0.00827971 0.00472873 174.954
421833 2 0.01 0.35 32.9 -0.0697617 -0.0518019 4.30587 -0.00712454 -0.00821244 174.954
422466 2 0.01 0.35 32.9 0.0103736 0.479553 3.60929 0.00126179 0.05284 174.954
422521 2 0.01 0.35 32.9 -0.344924 0.0585418 3.72 -0.0375051 0.00457936 174.954
425074 2 0.01 0.35 32.9 -0.210722 0.400145 1.68812 -0.00859792 0.0192417 174.954
425078 2 0.01 0.35 32.9 0.325655 -0.331526 2.91971 0.0285523 -0.0317668 174.954
425100 2 0.01 0.35 32.9 0.106748 0.150367 12.4923 0.0397828 0.0569356 174.954
426881 2 0.01 0.35 32.9 -0.289922 0.139721 1.61672 -0.0150108 0.00541037 174.954
426933 2 0.01 0.35 32.9 -0.044069 -0.0834941 4.11128 -0.00446889 -0.00751017 174.954
428123 2 0.01 0.35 32.9 0.181279 0.437976 1.51078 0.00895715 0.0226183 174.954
428128 2 0.01 0.35 32.9 0.178881 0.0881148 4.02822 0.0216186 0.00956092 174.954
428284 2 0.01 0.35 32.9 -0.284805 -0.390019 1.675 -0.0149047 -0.0194176 174.954
428560 2 0.01 0.35 32.9 0.254853 0.111212 1.22076 0.0106035 0.00647943 174.954
429386 2 0.01 0.35 32.9 -0.337825 0.00428373 1.20328 -0.0130759 0.00193538 174.954
429531 2 0.01 0.35 32.9 -0.280253 0.028587 4.28839 -0.036206 0.00255175 174.954
429969 2 0.01 0.35 32.9 -0.225598 -0.193246 2.98188 -0.0205791 -0.0170314 174.954
430203 2 0.01 0.35 32.9 -0.0405989 0.365329 2.78615 -0.00203636 0.032976 174.954
431092 2 0.01 0.35 32.9 -0.176603 -0.0185389 2.35143 -0.0118857 -0.00252157 174.954
432653 2 0.01 0.35 32.9 -0.224283 0.0982848 0.752808 -0.00578181 -0.000459513 174.954
435401 2 0.01 0.35 32.9 0.498533 -0.026141 3.18753 0.0464374 -0.00220274 174.954
436013 2 0.01 0.35 32.9 -0.194908 -0.267036 4.15253 -0.0247945 -0.0364785 174.954
437035 2 0.01 0.35 32.9 0.105158 0.12391 1.98303 0.00758199 0.00544101 174.954
437564 2 0.01 0.35 32.9 0.257718 -0.0820736 1.6728 0.012628 -0.00370741 174.954
439001 2 0.01 0.35 32.9 -0.478609 0.428903 3.17446 -0.0490697 0.0419918 174.954
439775 2 0.01 0.35 32.9 0.17688 0.443973 1.35861 0.00808219 0.019642 174.954
440581 2 0.01 0.35 32.9 -0.213782 0.282832 1.89685 -0.0135475 0.0182497 174.954
440611 2 0.01 0.35 32.9 0.276471 -0.0717517 5.35138 0.0448657 -0.0123412 174.954
440730 2 0.01 0.35 32.9 0.363654 -0.246643 3.23897 0.0354654 -0.0232575 174.954
440776 2 0.01 0.35 32.9 -0.212467 0.188642 4.37365 -0.0283418 0.0258969 174.954
443394 2 0.01 0.35 32.9 -0.0981905 0.264238 2.56076 -0.00652695 0.0213638 174.954
443423 2 0.01 0.35 32.9 -0.264305 -0.00805292 0.939712 -0.00963693 0.000699346 174.954
443856 2 0.01 0.35 32.9 0.295244 -0.324721 1.19248 0.0101408 -0.0130093 174.954
445381 2 0.01 0.35 32.9 -0.494579 0.210621 6.90667 -0.104834 0.0470454 174.954
445914 2 0.01 0.35 32.9 -0.321028 0.141027 8.96209 -0.0881802 0.037863 174.954
446911 2 0.01 0.35 32.9 -0.236442 -0.439419 1.51374 -0.0112499 -0.0212084 174.954
448764 2 0.01 0.35 32.9 -0.183319 -0.481211 3.97714 -0.0218258 -0.0597312 174.954
449827 2 0.01 0.35 32.9 -0.489417 -0.0270677 5.62301 -0.0813096 -0.00706767 174.954
449843 2 0.01 0.35 32.9 0.386681 -0.0805896 1.63243 0.0174264 -0.0051392 174.954
450596 2 0.01 0.35 32.9 0.270023 0.296802 0.665223 0.00765228 0.0026318 174.954
450682 2 0.01 0.35 32.9 0.0311955 -0.380004 6.2096 0.00542847 -0.0693176 174.954
450827 2 0.01 0.35 32.9 -0.00783056 0.0461312 3.91786 -0.000392298 0.004641 174.954
451239 2 0.01 0.35 32.9 0.152628 0.289375 4.49193 0.0216118 0.0400784 174.954
451594 2 0.01 0.35 32.9 -0.430958 0.434533 1.59899 -0.0219721 0.0209335 174.954
451797 2 0.01 0.35 32.9 0.462373 -0.230701 3.06122 0.0439589 -0.0191801 174.954
452287 2 0.01 0.35 32.9 0.0539225 -0.337593 3.44436 0.00469066 -0.0393075 174.954
453439 2 0.01 0.35 32.9 0.484297 -0.0540013 0.714174 0.0126434 0.00142908 174.954
453685 2 0.01 0.35 32.9 0.345363 -0.311977 1.58625 0.0176172 -0.0143137 174.954
453885 2 0.01 0.35 32.9 0.275021 -0.429412 2.34526 0.0186211 -0.0292494 174.954
455164 2 0.01 0.35 32.9 -0.00655774 0.327572 3.52542 -0.00142963 0.0377264 174.954
455458 2 0.01 0.35 32.9 0.261309 -0.0441254 14.0714 0.110691 -0.0171014 174.954
455656 2 0.01 0.35 32.9 -0.378218 -0.37902 3.85723 -0.0452092 -0.0455108 174.954
456815 2 0.01 0.35 32.9 0.422525 -0.0957649 3.63687 0.0485901 -0.00817514 174.954
458371 2 0.01 0.35 32.9 -0.401369 0.413607 3.14604 -0.0372733 0.0379534 174.954
458756 2 0.01 0.35 32.9 0.153269 -0.444211 3.97567 0.0210946 -0.0556328 174.954
459441 2 0.01 0.35 32.9 -0.0176534 -0.170194 2.42717 -0.00160886 -0.0148672 174.954
459628 2 0.01 0.35 32.9 -0.224837 0.229515 3.81744 -0.0283299 0.026924 174.954
459988 2 0.01 0.35 32.9 0.191862 -0.159125 1.48718 0.00738555 -0.00863081 174.954
461490 2 0.01 0.35 32.9 -0.112526 -0.248641 3.31884 -0.00996608 -0.0241786 174.954
461536 2 0.01 0.35 32.9 -0.190883 0.141914 1.65406 -0.0101599 0.00737845 174.954
463855 2 0.01 0.35 32.9 0.484672 -0.340071 1.70184 0.0260868 -0.0209468 174.954
465222 2 0.01 0.35 32.9 0.362461 0.438374 3.91434 0.0439273 0.0530576 174.954
465254 2 0.01 0.35 32.9 -0.49627 -0.0630328 0.688164 -0.00990411 -0.00437454 174.954
466696 2 0.01 0.35 32.9 -0.111645 -0.216913 5.68372 -0.0189901 -0.0369191 174.954
469018 2 0.01 0.35 32.9 0.180446 -0.44877 6.82973 0.0359835 -0.0913186 174.954
470610 2 0.01 0.35 32.9 -0.255361 -0.0883234 7.65691 -0.0602575 -0.0201849 174.954
472753 2 0.01 0.35 32.9 -0.227546 -0.304852 7.06054 -0.049006 -0.0642133 174.954
472875 2 0.01 0.35 32.9 0.408112 0.259756 2.83673 0.0335471 0.0231471 174.954
473392 2 0.01 0.35 32.9 0.243075 -0.0420749 5.73588 0.0388887 -0.00776837 174.954
473933 2 0.01 0.35 32.9 0.338916 -0.488475 1.15612 0.0125364 -0.0166347 174.954
474722 2 0.01 0.35 32.9 -0.17853 -0.00419235 2.78117 -0.0179776 0.00247556 174.954
475662 2 0.01 0.35 32.9 0.421751 0.123092 5.59696 0.074956 0.0204934 174.954
476075 2 0.01 0.35 32.9 0.440268 -0.123481 4.13214 0.0524119 -0.0147046 174.954
476176 2 0.01 0.35 32.9 -0.385647 0.21298 4.10001 -0.0485084 0.025218 174.954
476411 2 0.01 0.35 32.9 0.298641 -0.0780338 3.5036 0.0350637 -0.0102141 174.954
476788 2 0.01 0.35 32.9 0.287767 0.308726 1.79496 0.0164461 0.0147094 174.954
479576 2 0.01 0.35 32.9 0.436878 -0.0156663 7.05914 0.0925166 -0.00236019 174.954
479873 2 0.01 0.35 32.9 -0.490464 0.0620353 1.81516 -0.0285242 0.000664015 174.954
480150 2 0.01 0.35 32.9 -0.248468 -0.103546 1.13786 -0.0103588 -0.00211003 174.954
480505 2 0.01 0.35 32.9 0.289041 0.275596 2.92046 0.0271547 0.022643 174.954
480631 2 0.01 0.35 32.9 0.236292 0.269265 2.65825 0.0192228 0.0196023 174.954
480872 2 0.01 0.35 32.9 -0.159805 -0.0572955 3.19546 -0.0180664 -0.00786316 174.954
480983 2 0.01 0.35 32.9 -0.164679 -0.425371 2.04215 -0.00906819 -0.0257542 174.954
481588 2 0.01 0.35 32.9 0.163946 -0.248451 2.81785 0.0143765 -0.0204946 174.954
482347 2 0.01 0.35 32.9 0.362623 0.101602 2.5011 0.0268757 0.00802415 174.954
482667 2 0.01 0.35 32.9 0.482081 -0.288239 3.0607 0.0449453 -0.0301299 174.954
482942 2 0.01 0.35 32.9 0.332066 0.0187318 3.51477 0.0351361 0.00159643 174.954
484139 2 0.01 0.35 32.9 0.243857 0.318777 1.72439 0.0134669 0.0163937 174.954
488496 2 0.01 0.35 32.9 0.292279 -0.400998 1.52818 0.0109923 -0.019295 174.954
489134 2 0.01 0.35 32.9 0.422663 -0.191817 1.00691 0.0123257 -0.00421202 174.954
489230 2 0.01 0.35 32.9 -0.39373 -0.334321 1.02604 -0.010096 -0.0106993 174.954
492124 2 0.01 0.35 32.9 0.0234734 -0.283273 5.87105 0.00312946 -0.0532403 174.954
494296 2 0.01 0.35 32.9 -0.252509 -0.497315 2.64876 -0.0212957 -0.0401553 174.954
494549 2 0.01 0.35 32.9 -0.296268 -0.401267 1.08336 -0.00637266 -0.0098943 174.954
495614 2 0.01 0.35 32.9 0.067927 -0.140003 2.59939 0.0057183 -0.00924667 174.954
495834 2 0.01 0.35 32.9 -0.103439 0.0261699 2.52228 -0.0101337 0.00315351 174.954
497690 2 0.01 0.35 32.9 0.444818 -0.479655 4.47001 0.0601569 -0.0664252 174.954
497955 2 0.01 0.35 32.9 -0.313153 0.283139 0.354155 -0.00314108 0.00275702 174.954
498183 2 0.01 0.35 32.9 0.477252 0.248144 0.763479 0.00908709 0.00451427 174.954
499039 2 0.01 0.35 32.9 -0.0849147 0.0320822 0.546166 -0.00184672 0.00250876 174.954
499450 2 0.01 0.35 32.9 0.00183799 -0.271626 8.23213 0.000268684 -0.0700462 174.954
