8001081 0 0.01 5.49996 32.9 -0.0283277 -0.396591 39.5182 -0.0336127 -0.475008 7.10775
8005893 0 0.01 5.50001 32.9 0.39819 0.496327 3.18106 0.0401072 0.0529675 7.10775
8007755 0 0.01 5.50009 32.9 -0.201966 0.337384 28.1621 -0.172194 0.289604 7.10775
8010149 0 0.01 5.49999 32.9 -0.161361 -0.455639 44.7738 -0.219288 -0.619104 7.10775
8016151 0 0.01 5.5 32.9 -0.35051 -0.383027 3.6195 -0.0409188 -0.0429926 7.10775
8016189 0 0.01 5.5 32.9 -0.381078 -0.142365 79.2045 -0.915031 -0.341011 7.10775
8018850 0 0.01 5.5 32.9 0.461985 -0.459641 5.7682 0.0796416 -0.0818294 7.10775
8020330 0 0.01 5.5 32.9 -0.319513 -0.180624 6.34935 -0.0637469 -0.0297462 7.10775
8020620 0 0.01 5.5 32.9 -0.0924166 -0.0452126 25.1669 -0.0708303 -0.0361837 7.10775
93002838 0 0.01 5.50009 32.9 -0.00688433 -0.155151 37.1572 -0.00840635 -0.172826 7.11089
93005599 0 0.01 5.50001 32.9 -0.121669 -0.148292 37.1641 -0.137094 -0.165463 7.11089
93005664 0 0.01 5.50002 32.9 0.149046 0.0565865 45.4708 0.207184 0.079565 7.11089
93005974 0 0.01 5.5 32.9 -0.156984 -0.29102 62.9921 -0.299786 -0.557833 7.11089
93007183 0 0.01 5.5 32.9 0.351059 -0.0306554 6.27574 0.0689753 -0.00688016 7.11089
93007938 0 0.01 5.5 32.9 -0.0204752 0.0999556 3.65215 -1.25936e-05 0.0108943 7.11089
93008281 0 0.01 5.5 32.9 -0.101659 -0.497143 30.8626 -0.0940432 -0.466098 7.11089
93010264 0 0.01 5.5 32.9 0.218406 -0.233298 3.65162 0.0252247 -0.02367 7.11089
93013239 0 0.01 5.5 32.9 -0.430975 -0.21249 5.63884 -0.0720597 -0.0370964 7.11089
93013352 0 0.01 5.5 32.9 -0.238641 -0.123828 6.24762 -0.0459411 -0.0228727 7.11089
93015603 0 0.01 5.5 32.9 -0.307624 0.225433 3.55176 -0.0335022 0.0269447 7.11089
93015678 0 0.01 5.49929 32.9 -0.442699 -0.312886 19.3383 -0.261115 -0.18236 7.11089
93020023 0 0.01 5.50002 32.9 0.103538 -0.0837181 4.90231 0.0185703 -0.0116631 7.11089
93021479 0 0.01 5.5 32.9 0.3733 -0.411777 14.3537 0.16522 -0.178676 7.11089
91000616 0 0.01 5.5 32.9 0.418817 -0.411075 6.8259 0.0876629 -0.0804244 7.12239
91001481 0 0.01 5.49998 32.9 0.0647292 0.471718 42.4516 0.0847373 0.609831 7.12239
91002597 0 0.01 5.5 32.9 0.162919 -0.473493 8.78296 0.0447972 -0.1246 7.12239
91002825 0 0.01 5.5 32.9 0.281413 -0.0133946 1.38231 0.00870519 -0.00244059 7.12239
91003369 0 0.01 5.50004 32.9 -0.0275823 0.104451 36.3282 -0.0298561 0.115028 7.12239
91004944 0 0.01 5.5 32.9 0.244298 -0.175682 8.64235 0.0656684 -0.0459545 7.12239
91006805 0 0.01 5.50002 32.9 0.102519 -0.483384 41.5051 0.129727 -0.60891 7.12239
91012503 0 0.01 5.5 32.9 0.227905 0.37791 42.0581 0.293524 0.485509 7.12239
91012937 0 0.01 5.5 32.9 -0.49484 -0.392849 7.7059 -0.115419 -0.089301 7.12239
91013065 0 0.01 5.49998 32.9 -0.305016 -0.0819049 45.1535 -0.419921 -0.112215 7.12239
91013395 0 0.01 5.49991 32.9 -0.312886 -0.353537 32.049 -0.305044 -0.344467 7.12239
91015857 0 0.01 5.5 32.9 0.499284 0.386955 44.1449 0.669473 0.519737 7.12239
91016597 0 0.01 5.5 32.9 -0.0998879 -0.263313 29.8344 -0.0920063 -0.237104 7.12239
91018141 0 0.01 5.50001 32.9 -0.0898736 0.414382 7.1791 -0.0194052 0.0882038 7.12239
91021922 0 0.01 5.5 32.9 -0.055259 0.470407 18.1255 -0.0295718 0.259693 7.12239
89002577 0 0.01 5.50002 32.9 -0.220223 0.180592 38.5511 -0.260061 0.212264 7.12712
89005904 0 0.01 5.49999 32.9 0.412268 -0.475928 28.5175 0.358178 -0.413911 7.12712
89005992 0 0.01 5.5 32.9 -0.0686533 -0.032922 23.8399 -0.0510601 -0.0235393 7.12712
89009070 0 0.01 5.5 32.9 -0.134521 0.012577 36.4183 -0.149933 0.014392 7.12712
89012199 0 0.01 5.49997 32.9 0.275919 -0.236821 43.7808 0.366924 -0.312035 7.12712
89012280 0 0.01 5.50004 32.9 -0.362286 -0.257663 41.1006 -0.454057 -0.320503 7.12712
89012343 0 0.01 5.5 32.9 -0.495872 -0.00880155 19.5972 -0.295005 -0.00278038 7.12712
89013468 0 0.01 5.5 32.9 0.198243 -0.186414 9.10428 0.0566834 -0.0548576 7.12712
89014236 0 0.01 5.5 32.9 -0.213603 -0.141332 3.65176 -0.0245022 -0.0163635 7.12712
89015246 0 0.01 5.5 32.9 -0.138042 0.464769 9.28884 -0.0382006 0.129491 7.12712
89018767 0 0.01 5.49999 32.9 0.220591 -0.272236 48.3899 0.325355 -0.401388 7.12712
89019956 0 0.01 5.5 32.9 -0.0392804 0.33421 11.6243 -0.0120955 0.11822 7.12712
89020996 0 0.01 5.49998 32.9 -0.352377 0.24924 36.9867 -0.393581 0.279645 7.12712
88002345 0 0.01 5.49999 32.9 0.231386 -0.135343 3.80667 0.02443 -0.0159492 7.11309
88003704 0 0.01 5.5 32.9 0.317808 0.005521 4.24317 0.0439269 0.00362317 7.11309
88005220 0 0.01 5.50004 32.9 -0.33204 -0.494733 22.4142 -0.225791 -0.335634 7.11309
88010356 0 0.01 5.50002 32.9 -0.363871 -0.0756464 42.8924 -0.475362 -0.0978293 7.11309
88011237 0 0.01 5.5 32.9 0.0506125 0.337268 5.696 0.0113925 0.0606119 7.11309
88013346 0 0.01 5.5 32.9 0.41283 -0.203606 11.9026 0.149566 -0.0725153 7.11309
88014661 0 0.01 5.5 32.9 -0.196801 -0.0071145 1.88784 -0.00573404 0.00206798 7.11309
88015850 0 0.01 5.50007 32.9 0.3692 0.279727 32.1281 0.35843 0.273561 7.11309
88021087 0 0.01 5.50002 32.9 -0.292464 -0.418003 43.6332 -0.386584 -0.555312 7.11309
92001556 0 0.01 5.49982 32.9 0.348718 -0.34106 24.5536 0.262404 -0.252788 7.12281
92003623 0 0.01 5.5 32.9 0.110821 0.275132 28.0042 0.0917647 0.236004 7.12281
92007675 0 0.01 5.5 32.9 0.41241 0.356058 2.88834 0.036631 0.0312405 7.12281
92008644 0 0.01 5.5 32.9 0.0978072 -0.0346944 22.9077 0.0686096 -0.0205504 7.12281
92010238 0 0.01 5.49999 32.9 0.450031 -0.169575 45.5071 0.619585 -0.235328 7.12281
92014219 0 0.01 5.5 32.9 -0.497136 0.298563 49.6914 -0.75282 0.45297 7.12281
92015268 0 0.01 5.50142 32.9 -0.359923 0.306852 13.8815 -0.150635 0.132194 7.12281
92016000 0 0.01 5.49999 32.9 -0.332702 0.30377 45.8025 -0.463008 0.427195 7.12281
90000181 0 0.01 5.49998 32.9 0.489342 0.446881 37.6692 0.561109 0.511236 7.0621
90002204 0 0.01 5.5 32.9 0.0089434 0.341979 6.99205 0.003119 0.072911 7.0621
90003975 0 0.01 5.5 32.9 -0.365861 -0.0179482 6.06569 -0.0655691 -0.00191847 7.0621
90006510 0 0.01 5.5 32.9 0.150145 -0.0907115 4.35358 0.0236961 -0.012545 7.0621
90011597 0 0.01 5.49993 32.9 0.43595 -0.105603 29.627 0.392229 -0.0941421 7.0621
90012450 0 0.01 5.50009 32.9 -0.0837401 -0.0723595 29.4503 -0.0741543 -0.0637454 7.0621
90018483 0 0.01 5.50001 32.9 -0.32915 -0.0305861 43.7311 -0.434603 -0.0402212 7.0621
90018769 0 0.01 5.5 32.9 0.00818964 -0.416799 5.91103 0.00413702 -0.0719242 7.0621
7001597 0 0.01 5.50036 32.9 -0.196384 0.186944 19.6125 -0.117851 0.110082 7.11677
7005581 0 0.01 5.5 32.9 0.0777326 0.431782 3.86098 0.00916677 0.0499658 7.11677
7006776 0 0.01 5.5 32.9 -0.0459955 -0.187853 4.36492 -0.010135 -0.0289039 7.11677
7008557 0 0.01 5.49998 32.9 0.269557 -0.216745 45.1102 0.37411 -0.296303 7.11677
7009901 0 0.01 5.49996 32.9 -0.411405 -0.473628 35.0798 -0.439013 -0.505893 7.11677
7011241 0 0.01 5.5 32.9 -0.355673 0.269925 4.82996 -0.0543206 0.0399726 7.11677
7011526 0 0.01 5.5 32.9 -0.341502 0.372611 18.1165 -0.18831 0.203697 7.11677
7011739 0 0.01 5.49996 32.9 -0.458039 -0.212567 39.9318 -0.555957 -0.2575 7.11677
7017448 0 0.01 5.5 32.9 -0.460557 0.123076 3.95078 -0.0557158 0.0170144 7.11677
7021074 0 0.01 5.49987 32.9 0.0794658 0.0691399 30.6124 0.0724701 0.0667658 7.11677
7021175 0 0.01 5.5 32.9 -0.460271 0.131443 61.1662 -0.854997 0.24716 7.11677
87000118 0 0.01 5.5 32.9 -0.485547 -0.0597918 14.7034 -0.215604 -0.0268477 7.12303
87000574 0 0.01 5.50002 32.9 -0.143456 -0.079297 25.1964 -0.108297 -0.0602085 7.12303
87002521 0 0.01 5.5 32.9 -0.157154 0.482355 14.147 -0.0667762 0.206548 7.12303
87004129 0 0.01 5.5 32.9 -0.0397219 -0.298645 11.3554 -0.0152963 -0.102844 7.12303
87005654 0 0.01 5.5 32.9 -0.10393 -0.35953 18.6143 -0.0578263 -0.203022 7.12303
87011906 0 0.01 5.5 32.9 -0.244405 0.427923 17.2133 -0.126022 0.224676 7.12303
87012392 0 0.01 5.5 32.9 -0.0642806 -0.482701 15.5205 -0.0315873 -0.226621 7.12303
87013275 0 0.01 5.5 32.9 -0.435188 0.311868 19.7883 -0.26481 0.186418 7.12303
87014063 0 0.01 5.50009 32.9 0.270525 0.185326 34.2716 0.283624 0.19472 7.12303
87015051 0 0.01 5.5 32.9 0.184671 0.460385 6.56973 0.0372127 0.09488 7.12303
87016988 0 0.01 5.49996 32.9 0.212207 0.440659 38.3438 0.247124 0.514174 7.12303
87017612 0 0.01 5.50004 32.9 0.126699 0.158833 42.232 0.163292 0.20651 7.12303
69000978 0 0.01 5.5 32.9 0.225699 0.269607 8.36501 0.0565611 0.0696594 7.12058
69005719 0 0.01 5.50002 32.9 -0.0128263 -0.368867 44.8751 -0.0194543 -0.501188 7.12058
69008801 0 0.01 5.49997 32.9 -0.014714 0.429108 45.8847 -0.0211026 0.601247 7.12058
69009585 0 0.01 5.50001 32.9 -0.0763675 -0.0521585 35.3844 -0.0811778 -0.055725 7.12058
69010176 0 0.01 5.50001 32.9 -0.037321 0.350338 16.2814 -0.0174563 0.174397 7.12058
69012007 0 0.01 5.5 32.9 0.159836 0.0694532 5.56481 0.0299615 0.0140705 7.12058
69012034 0 0.01 5.50009 32.9 -0.44124 -0.205063 20.8798 -0.280776 -0.1288 7.12058
69014757 0 0.01 5.50002 32.9 -0.34789 0.185145 42.1986 -0.445148 0.237095 7.12058
69020175 0 0.01 5.5 32.9 0.209469 -0.248072 44.9659 0.285009 -0.337122 7.12058
69021532 0 0.01 5.49929 32.9 -0.376826 -0.0590282 12.1177 -0.137297 -0.0204574 7.12058
5000102 0 0.01 5.5 32.9 -0.239752 0.175746 7.26132 -0.054778 0.0364929 7.11325
5000637 0 0.01 5.49999 32.9 -0.0365109 0.220117 13.3003 -0.011447 0.0932814 7.11325
5005371 0 0.01 5.50002 32.9 -0.294505 -0.0570218 64.605 -0.579067 -0.112679 7.11325
5005541 0 0.01 5.5 32.9 -0.436866 0.445749 12.7441 -0.170454 0.170336 7.11325
5008106 0 0.01 5.5 32.9 -0.233351 0.0923065 26.5794 -0.18909 0.0753645 7.11325
5010251 0 0.01 5.5 32.9 -0.303308 0.45727 6.29524 -0.0569484 0.0880584 7.11325
5010412 0 0.01 5.5 32.9 -0.0221064 0.00452646 4.12379 -0.000443831 0.00313698 7.11325
5011436 0 0.01 5.50018 32.9 -0.32044 0.398624 18.5398 -0.181447 0.224856 7.11325
5017380 0 0.01 5.50009 32.9 -0.350578 -0.284549 32.509 -0.347419 -0.280936 7.11325
5018964 0 0.01 5.49982 32.9 -0.434933 -0.223327 33.4681 -0.443153 -0.226803 7.11325
5020126 0 0.01 5.5 32.9 -0.165994 -0.0690971 11.8571 -0.0577133 -0.0239751 7.11325
5020740 0 0.01 5.49998 32.9 -0.276788 0.296609 46.0174 -0.386813 0.41502 7.11325
5021090 0 0.01 5.5 32.9 -0.214015 -0.167787 40.3679 -0.262504 -0.205708 7.11325
5021361 0 0.01 5.49996 32.9 -0.431236 -0.440834 33.2713 -0.437023 -0.444066 7.11325
68001772 0 0.01 5.5 32.9 -0.165715 0.319322 41.9397 -0.211275 0.406443 7.11834
68003491 0 0.01 5.5 32.9 -0.44451 -0.400989 23.9632 -0.323812 -0.290746 7.11834
68004074 0 0.01 5.5 32.9 -0.0234232 0.273623 37.1467 -0.0261821 0.308013 7.11834
68006329 0 0.01 5.5 32.9 0.216525 -0.135476 10.4669 0.0679933 -0.0432072 7.11834
68008510 0 0.01 5.5 32.9 -0.0277772 -0.497268 37.8969 -0.0332597 -0.571583 7.11834
68010042 0 0.01 5.5 32.9 0.47412 -0.209697 8.37839 0.119707 -0.0528748 7.11834
68010575 0 0.01 5.50001 32.9 0.112495 0.425898 44.0851 0.151589 0.571967 7.11834
68012517 0 0.01 5.49996 32.9 -0.47139 0.363707 40.1338 -0.575412 0.444136 7.11834
68012806 0 0.01 5.50001 32.9 -0.064702 -0.422805 9.20821 -0.0178593 -0.117842 7.11834
68013481 0 0.01 5.5 32.9 0.198736 0.335938 9.04244 0.0547879 0.0933534 7.11834
68015028 0 0.01 5.49999 32.9 0.278194 -0.242839 41.0789 0.347758 -0.303839 7.11834
68015197 0 0.01 5.5 32.9 0.0661405 0.158614 43.4829 0.08811 0.208607 7.11834
68017546 0 0.01 5.50002 32.9 -0.218647 0.107668 41.5808 -0.273805 0.138779 7.11834
68018382 0 0.01 5.49997 32.9 -0.0500666 0.34158 43.4436 -0.0657634 0.453088 7.11834
68019322 0 0.01 5.49982 32.9 -0.447404 -0.0963657 23.4596 -0.321328 -0.0663642 7.11834
68019356 0 0.01 5.50568 32.9 0.43196 0.426088 2.08974 0.0315039 0.030464 7.11834
67005423 0 0.01 5.5 32.9 0.24717 -0.418268 1.71208 0.0125325 -0.0244257 7.11759
67007291 0 0.01 5.5 32.9 0.0703622 0.238014 38.7606 0.0845738 0.284258 7.11759
67009182 0 0.01 5.49991 32.9 0.116847 -0.299788 30.2779 0.107575 -0.276896 7.11759
67011325 0 0.01 5.5 32.9 -0.169151 0.0631949 11.122 -0.0548611 0.0208017 7.11759
67011542 0 0.01 5.49964 32.9 0.376474 -0.252151 18.9571 0.218717 -0.145246 7.11759
67015254 0 0.01 5.5 32.9 0.381331 0.330705 8.72059 0.101216 0.087298 7.11759
67021776 0 0.01 5.5 32.9 -0.402301 0.0439545 45.2026 -0.552229 0.0601529 7.11759
66000404 0 0.01 5.5 32.9 -0.214698 0.00100555 7.45402 -0.0486704 0.00303048 7.12615
66002327 0 0.01 5.5 32.9 -0.190614 -0.120671 4.77546 -0.0294078 -0.0156402 7.12615
66003087 0 0.01 5.5 32.9 -0.275982 -0.463501 8.47677 -0.0699959 -0.120416 7.12615
66003139 0 0.01 5.50002 32.9 -0.0408527 0.00013383 37.1606 -0.0441469 0.00383728 7.12615
66003203 0 0.01 5.50001 32.9 0.276063 -0.334839 14.9904 0.128015 -0.149117 7.12615
66004303 0 0.01 5.49999 32.9 0.314747 0.28932 45.9933 0.439592 0.404474 7.12615
66005340 0 0.01 5.50002 32.9 0.314684 -0.221734 73.7462 0.703777 -0.495028 7.12615
66006446 0 0.01 5.5 32.9 0.210529 -0.0157673 45.1035 0.288873 -0.0222529 7.12615
66006662 0 0.01 5.5 32.9 0.0675096 0.209605 7.14075 0.0124872 0.0456507 7.12615
66012778 0 0.01 5.49998 32.9 0.265429 0.379522 36.2346 0.294136 0.416915 7.12615
66015170 0 0.01 5.5 32.9 -0.191246 -0.357602 7.62365 -0.0454319 -0.0806071 7.12615
66016068 0 0.01 5.5 32.9 0.160486 -0.446152 10.7723 0.0528587 -0.146179 7.12615
66017104 0 0.01 5.50002 32.9 0.337643 0.239873 47.0034 0.480083 0.344319 7.12615
66017196 0 0.01 5.5 32.9 -0.319343 -0.287565 37.9697 -0.368074 -0.331919 7.12615
66018769 0 0.01 5.49991 32.9 0.416785 -0.145692 23.8645 0.303388 -0.105636 7.12615
66019478 0 0.01 5.5 32.9 0.0685807 0.466663 11.4151 0.0233327 0.161764 7.12615
65000936 0 0.01 5.50018 32.9 0.0974129 0.343479 27.3134 0.0799463 0.285731 7.11396
65003512 0 0.01 5.50009 32.9 -0.111768 0.124353 29.1869 -0.0976285 0.109968 7.11396
65006103 0 0.01 5.5 32.9 -0.187238 0.0762415 6.67423 -0.0358646 0.0144616 7.11396
65007208 0 0.01 5.5 32.9 -0.0466503 -0.420044 12.3821 -0.0203795 -0.156699 7.11396
65007339 0 0.01 5.50004 32.9 0.216285 0.439876 42.0392 0.277481 0.562874 7.11396
65009217 0 0.01 5.50001 32.9 -0.0838821 -0.473231 21.0063 -0.0539178 -0.302487 7.11396
65010326 0 0.01 5.49964 32.9 0.395598 0.191507 18.343 0.223273 0.10632 7.11396
65012491 0 0.01 5.5 32.9 -0.154813 0.287218 5.45327 -0.0278006 0.0486826 7.11396
65015340 0 0.01 5.50018 32.9 0.217921 -0.239456 23.8926 0.157279 -0.172955 7.11396
65015901 0 0.01 5.50001 32.9 -0.352627 0.150876 43.4954 -0.466423 0.198812 7.11396
65020657 0 0.01 5.5 32.9 0.488544 0.0692802 6.98145 0.102459 0.0141054 7.11396
64002125 0 0.01 5.5 32.9 0.242425 -0.239397 12.956 0.0972144 -0.0927671 7.1213
64003205 0 0.01 5.50002 32.9 -0.485134 -0.272453 38.2204 -0.564322 -0.313784 7.1213
64004569 0 0.01 5.49991 32.9 -0.299605 0.039721 29.7231 -0.27146 0.0355685 7.1213
64005084 0 0.01 5.5 32.9 0.495459 0.165835 5.20883 0.0769202 0.02564 7.1213
64006040 0 0.01 5.50001 32.9 -0.0457985 0.283728 40.7733 -0.0561124 0.354303 7.1213
64006492 0 0.01 5.5 32.9 0.436996 0.119348 39.5188 0.524093 0.144855 7.1213
64011139 0 0.01 5.5 32.9 0.00794838 -0.192285 6.23669 -0.00229066 -0.0369887 7.1213
64012262 0 0.01 5.50001 32.9 0.078233 0.115498 57.4358 0.135063 0.200527 7.1213
64014331 0 0.01 5.49998 32.9 -0.389372 -0.0489031 45.6212 -0.540709 -0.0683996 7.1213
64015839 0 0.01 5.5 32.9 0.212765 0.313553 4.66891 0.0286221 0.047209 7.1213
64017346 0 0.01 5.5 32.9 -0.0645784 -0.227727 8.85087 -0.0185642 -0.0623374 7.1213
64019523 0 0.01 5.5 32.9 -0.148149 0.265984 4.28523 -0.0190229 0.03543 7.1213
64020127 0 0.01 5.5 32.9 0.291957 -0.146234 22.339 0.200228 -0.0997362 7.1213
64020582 0 0.01 5.5 32.9 -0.00643625 0.222535 7.83768 -0.00383816 0.0511835 7.1213
63000967 0 0.01 5.50003 32.9 0.320324 -0.380277 45.15 0.439649 -0.52209 7.11769
63002919 0 0.01 5.5 32.9 -0.457574 0.203401 23.1733 -0.320775 0.143129 7.11769
63003640 0 0.01 5.50004 32.9 -0.0799243 0.342619 28.2426 -0.0668436 0.296069 7.11769
63005613 0 0.01 5.5 32.9 -0.264355 -0.203229 13.0248 -0.108166 -0.0791985 7.11769
63005818 0 0.01 5.5 32.9 0.207404 0.450275 7.41449 0.0461392 0.102105 7.11769
63007629 0 0.01 5.49982 32.9 -0.301419 0.303957 26.6016 -0.245112 0.248245 7.11769
63008319 0 0.01 5.5 32.9 0.267368 0.131086 3.00152 0.0240689 0.0138346 7.11769
63012175 0 0.01 5.49998 32.9 -0.083856 0.330977 40.4517 -0.10235 0.409441 7.11769
41002543 0 0.01 5.50001 32.9 -0.129906 -0.00493854 3.4181 -0.0116957 0.000639407 7.12852
41002913 0 0.01 5.49996 32.9 -0.296979 -0.195818 36.6053 -0.33145 -0.218114 7.12852
41005396 0 0.01 5.49964 32.9 0.299993 0.0459819 4.60934 0.0402374 0.00895881 7.12852
41006348 0 0.01 5.5 32.9 0.481849 -0.0393984 42.9692 0.629012 -0.0499668 7.12852
41007590 0 0.01 5.50003 32.9 0.257649 0.175522 55.6404 0.43739 0.297927 7.12852
41011249 0 0.01 5.5 32.9 -0.449824 0.310768 25.208 -0.345025 0.238807 7.12852
41011342 0 0.01 5.5 32.9 0.148942 0.0704938 5.62625 0.0251331 0.0124827 7.12852
41015776 0 0.01 5.5 32.9 -0.270432 -0.129717 19.4483 -0.159652 -0.0753246 7.12852
41017398 0 0.01 5.5 32.9 0.352249 -0.477868 44.5728 0.479078 -0.646336 7.12852
41020844 0 0.01 5.49998 32.9 0.0982032 0.471066 41.3307 0.122626 0.592738 7.12852
40000631 0 0.01 5.5 32.9 0.220665 -0.0561248 28.3258 0.191586 -0.0485205 7.13314
40006642 0 0.01 5.5 32.9 0.280846 -0.116494 7.00042 0.05836 -0.0217639 7.13314
40010059 0 0.01 5.50001 32.9 -0.416615 -0.432461 41.07 -0.520059 -0.535997 7.13314
40011654 0 0.01 5.5 32.9 0.221633 -0.453835 45.1254 0.304632 -0.62349 7.13314
40011768 0 0.01 5.50142 32.9 0.349279 -0.160376 12.9432 0.13495 -0.0625956 7.13314
40014107 0 0.01 5.5 32.9 -0.322888 -0.21051 69.7206 -0.682282 -0.445402 7.13314
40015597 0 0.01 5.5 32.9 0.311309 0.409726 1.9492 0.0198474 0.0241712 7.13314
40015810 0 0.01 5.49991 32.9 0.2484 -0.371982 37.2837 0.279544 -0.422654 7.13314
40017608 0 0.01 5.50018 32.9 -0.479201 0.0948568 25.9841 -0.381683 0.0778131 7.13314
40018669 0 0.01 5.5 32.9 0.386071 0.116243 3.32719 0.0407328 0.0101185 7.13314
40018843 0 0.01 5.5 32.9 -0.136262 0.357302 46.7597 -0.194475 0.508117 7.13314
40020192 0 0.01 5.5 32.9 0.474811 -0.366263 6.86593 0.103577 -0.0772321 7.13314
39001877 0 0.01 5.5 32.9 -0.284084 -0.411399 16.1151 -0.139357 -0.197388 7.11818
39006086 0 0.01 5.5 32.9 0.379608 -0.0581105 6.87149 0.0760788 -0.011207 7.11818
39008396 0 0.01 5.5 32.9 -0.0345962 0.0926487 37.4161 -0.0387899 0.102234 7.11818
39009920 0 0.01 5.5 32.9 -0.19105 0.0482419 3.77471 -0.0232806 0.00504501 7.11818
39012439 0 0.01 5.5 32.9 0.389757 0.461048 3.09221 0.0340737 0.0436504 7.11818
39014102 0 0.01 5.5 32.9 -0.461517 0.00356961 2.86356 -0.0344262 0.00395272 7.11818
39016418 0 0.01 5.49999 32.9 0.0903734 -0.447139 46.1819 0.125783 -0.626063 7.11818
39016640 0 0.01 5.49999 32.9 0.0198751 -0.0361409 41.2737 0.0234554 -0.0448927 7.11818
39017962 0 0.01 5.50009 32.9 -0.443347 0.380014 33.8582 -0.457423 0.390684 7.11818
2002902 0 0.01 5.50009 32.9 0.0854985 -0.0329392 30.5736 0.0786294 -0.0305843 7.12269
2006210 0 0.01 5.50001 32.9 0.357737 -0.446644 41.2638 0.447851 -0.558576 7.12269
2007354 0 0.01 5.50004 32.9 0.4642 -0.225507 38.1768 0.539783 -0.260675 7.12269
2011527 0 0.01 5.5 32.9 -0.385938 -0.312263 23.3818 -0.27331 -0.220891 7.12269
2011946 0 0.01 5.50004 32.9 0.144375 0.47206 32.2561 0.140493 0.46203 7.12269
2012687 0 0.01 5.49997 32.9 0.355236 0.00134763 42.5841 0.461305 0.0014167 7.12269
2013424 0 0.01 5.5 32.9 0.47261 0.0757334 28.5158 0.410658 0.0673396 7.12269
2013828 0 0.01 5.5 32.9 -0.385026 -0.296097 3.92162 -0.0455513 -0.0377184 7.12269
2014423 0 0.01 5.50001 32.9 -0.046002 0.137794 44.8524 -0.0631929 0.188868 7.12269
2014887 0 0.01 5.5 32.9 -0.265677 -0.422968 7.71726 -0.0617403 -0.0980468 7.12269
2017064 0 0.01 5.50002 32.9 -0.0885139 -0.0319141 40.7896 -0.109034 -0.0411006 7.12269
2019313 0 0.01 5.5 32.9 0.372701 0.141286 29.708 0.338178 0.127239 7.12269
2021156 0 0.01 5.50001 32.9 0.306655 -0.495316 46.4172 0.434136 -0.697297 7.12269
2021507 0 0.01 5.5 32.9 0.016513 -0.487034 14.4004 0.00861172 -0.211312 7.12269
38000810 0 0.01 5.5 32.9 -0.187921 0.142872 44.8605 -0.256557 0.194614 7.11828
38001527 0 0.01 5.5 32.9 0.409899 0.300456 7.33919 0.0907711 0.0710838 7.11828
38002677 0 0.01 5.49996 32.9 -0.172923 0.142518 29.5107 -0.154296 0.129855 7.11828
38002905 0 0.01 5.5 32.9 -0.109909 -0.0390096 5.9864 -0.0189781 -0.00645269 7.11828
38009968 0 0.01 5.5 32.9 0.348836 -0.466798 38.7593 0.41151 -0.548903 7.11828
38011144 0 0.01 5.5 32.9 0.463865 0.463607 54.8535 0.773879 0.771897 7.11828
38011688 0 0.01 5.5 32.9 -0.375232 0.292338 2.92605 -0.0343658 0.0233696 7.11828
38012422 0 0.01 5.49998 32.9 0.49804 0.119398 44.6487 0.67638 0.163086 7.11828
38016624 0 0.01 5.49999 32.9 0.407588 0.0204203 60.9224 0.754178 0.0401351 7.11828
38020175 0 0.01 5.5 32.9 -0.211744 -0.102248 40.3746 -0.259372 -0.125755 7.11828
38021275 0 0.01 5.5 32.9 0.359382 -0.0126879 29.6538 0.321668 -0.00982929 7.11828
38022025 0 0.01 5.49999 32.9 -0.354052 -0.283645 41.1606 -0.444075 -0.354347 7.11828
37002190 0 0.01 5.49999 32.9 -0.257699 -0.223948 46.905 -0.364054 -0.321472 7.12756
37002397 0 0.01 5.50001 32.9 0.283848 0.358247 51.9546 0.448751 0.56583 7.12756
37004437 0 0.01 5.5 32.9 -0.102493 -0.265927 11.8713 -0.0380092 -0.0957275 7.12756
37005101 0 0.01 5.49998 32.9 -0.438567 -0.231601 42.6391 -0.569385 -0.302167 7.12756
37006976 0 0.01 5.50004 32.9 0.12358 0.0789719 36.223 0.137363 0.0885636 7.12756
37009179 0 0.01 5.5 32.9 0.49685 -0.092681 4.76295 0.0701596 -0.0135339 7.12756
37011166 0 0.01 5.5 32.9 0.256761 -0.282708 2.09407 0.0112439 -0.0150527 7.12756
37012309 0 0.01 5.5 32.9 0.181365 -0.481316 21.3673 0.119343 -0.313282 7.12756
37015952 0 0.01 5.5 32.9 -0.0757939 -0.429855 27.3297 -0.0613082 -0.358321 7.12756
37019220 0 0.01 5.5 32.9 0.173061 -0.082667 15.6211 0.0827936 -0.0402369 7.12756
37019755 0 0.01 5.5 32.9 -0.209014 0.369529 11.4626 -0.073475 0.128584 7.12756
37020169 0 0.01 5.49996 32.9 -0.464189 -0.0673289 42.008 -0.589806 -0.084675 7.12756
36000175 0 0.01 5.5 32.9 -0.0233928 -0.20599 25.4053 -0.0172374 -0.156933 7.12396
36002481 0 0.01 5.49982 32.9 0.00295415 -0.0552154 27.3202 0.00375441 -0.0473333 7.12396
36005391 0 0.01 5.5 32.9 0.216554 -0.203187 9.26187 0.0593317 -0.0584116 7.12396
36005458 0 0.01 5.5 32.9 0.26651 0.122676 4.52199 0.0388729 0.0173463 7.12396
36006847 0 0.01 5.50001 32.9 -0.313873 -0.189131 37.4027 -0.356473 -0.21491 7.12396
36011300 0 0.01 5.50004 32.9 -0.348947 -0.420646 38.4711 -0.407611 -0.490809 7.12396
36013772 0 0.01 5.49999 32.9 0.323621 -0.324413 42.1303 0.415462 -0.414441 7.12396
36014179 0 0.01 5.50001 32.9 -0.130324 -0.43744 11.5437 -0.0474098 -0.151312 7.12396
36014449 0 0.01 5.49999 32.9 -0.217621 -0.226307 45.7995 -0.301117 -0.314385 7.12396
36018079 0 0.01 5.5 32.9 -0.394396 -0.391447 24.9986 -0.300507 -0.294905 7.12396
36020347 0 0.01 5.5 32.9 0.346091 0.0713194 4.00104 0.0417976 0.00347233 7.12396
36021410 0 0.01 5.50004 32.9 -0.205556 -0.449959 35.3503 -0.219482 -0.483578 7.12396
35000007 0 0.01 5.50004 32.9 0.160068 0.0479035 34.8459 0.168926 0.0517931 7.12773
35000254 0 0.01 5.5 32.9 0.0883798 0.480329 9.42735 0.02764 0.139902 7.12773
35000278 0 0.01 5.5 32.9 -0.324742 0.0870032 2.20066 -0.0252537 0.0111129 7.12773
35001520 0 0.01 5.5 32.9 0.341076 0.352123 24.2231 0.249126 0.25964 7.12773
35008419 0 0.01 5.50001 32.9 -0.386071 -0.0712617 8.79665 -0.103241 -0.0190308 7.12773
35008585 0 0.01 5.49991 32.9 0.229716 -0.318173 19.9688 0.138291 -0.191989 7.12773
35009855 0 0.01 5.5 32.9 0.467113 -0.375798 40.8558 0.578852 -0.464873 7.12773
35011335 0 0.01 5.5 32.9 0.112873 0.110304 26.6798 0.0901185 0.089029 7.12773
35013187 0 0.01 5.5 32.9 0.0870424 0.377578 42.3954 0.111322 0.487808 7.12773
35013994 0 0.01 5.5 32.9 -0.176989 -0.37968 3.59255 -0.0172382 -0.039753 7.12773
35014495 0 0.01 5.5 32.9 0.497207 0.25019 37.9093 0.574036 0.289822 7.12773
35017749 0 0.01 5.49998 32.9 -0.439914 -0.388388 37.4839 -0.501878 -0.442141 7.12773
35020066 0 0.01 5.50001 32.9 0.389921 0.129449 43.7736 0.519166 0.171302 7.12773
35021614 0 0.01 5.49982 32.9 0.0807878 0.393612 41.5641 0.101174 0.498171 7.12773
34002597 0 0.01 5.50001 32.9 0.396742 0.447184 7.65144 0.0924947 0.105763 7.1216
34003099 0 0.01 5.49998 32.9 0.41533 0.218302 41.921 0.528413 0.278506 7.1216
34006958 0 0.01 5.50009 32.9 0.450655 0.128778 34.8438 0.477449 0.134973 7.1216
34007267 0 0.01 5.5 32.9 -0.222277 -0.209092 20.3032 -0.136479 -0.126739 7.1216
34007285 0 0.01 5.49929 32.9 -0.46203 -0.439663 12.1315 -0.167711 -0.159604 7.1216
34007883 0 0.01 5.49998 32.9 0.189302 -0.264194 42.969 0.248025 -0.34237 7.1216
34008375 0 0.01 5.5 32.9 0.390047 -0.3901 30.0205 0.359021 -0.351904 7.1216
34008474 0 0.01 5.5 32.9 0.150411 0.0384112 32.7779 0.150802 0.037698 7.1216
34009457 0 0.01 5.50001 32.9 0.0866989 0.369461 38.9084 0.103153 0.438431 7.1216
34015217 0 0.01 5.5 32.9 0.460309 -0.278609 29.1463 0.408741 -0.247498 7.1216
34017310 0 0.01 5.50002 32.9 -0.499349 -0.416271 49.4621 -0.750952 -0.626631 7.1216
34017358 0 0.01 5.5 32.9 -0.33623 -0.360408 12.4175 -0.128224 -0.13772 7.1216
34017404 0 0.01 5.5 32.9 -0.0651842 0.430125 8.66921 -0.0173864 0.115439 7.1216
34017972 0 0.01 5.5 32.9 -0.170937 -0.34866 1.55592 -0.00715122 -0.0227552 7.1216
34018047 0 0.01 5.50009 32.9 -0.0846207 -0.40578 19.2438 -0.0482975 -0.237567 7.1216
33000767 0 0.01 5.5 32.9 0.260893 -0.269444 17.059 0.134447 -0.140095 7.12632
33003809 0 0.01 5.49982 32.9 0.244299 0.0587863 19.8688 0.148283 0.0371888 7.12632
33009660 0 0.01 5.50004 32.9 -0.111832 -0.0691738 30.5844 -0.102542 -0.0626182 7.12632
33011947 0 0.01 5.5 32.9 0.131606 0.415812 4.83355 0.0216618 0.0585637 7.12632
33014801 0 0.01 5.50002 32.9 -0.298885 -0.4546 42.6681 -0.388789 -0.588173 7.12632
33016838 0 0.01 5.5 32.9 0.415579 -0.110763 4.43959 0.0571581 -0.0150983 7.12632
33017806 0 0.01 5.50001 32.9 0.182375 0.459133 6.30441 0.0327849 0.086865 7.12632
33018526 0 0.01 5.49998 32.9 -0.231916 -0.43565 36.5542 -0.255727 -0.48435 7.12632
33019405 0 0.01 5.49999 32.9 -0.434599 -0.339422 41.45 -0.54748 -0.426979 7.12632
33020693 0 0.01 5.5 32.9 -0.0610901 -0.181302 14.3587 -0.0272 -0.0777513 7.12632
32001586 0 0.01 5.49996 32.9 0.360991 0.308272 33.7027 0.370446 0.318898 7.12372
32002357 0 0.01 5.5 32.9 0.242607 -0.139085 5.94067 0.0454722 -0.0236461 7.12372
32002781 0 0.01 5.50002 32.9 -0.231091 -0.00936017 46.0825 -0.325384 -0.012001 7.12372
32003756 0 0.01 5.5 32.9 -0.238095 -0.089399 26.9392 -0.19652 -0.0747995 7.12372
32004150 0 0.01 5.49998 32.9 -0.465571 -0.33636 43.9594 -0.622366 -0.444868 7.12372
32008201 0 0.01 5.49998 32.9 -0.281424 0.371665 44.4177 -0.380347 0.50406 7.12372
32009376 0 0.01 5.49999 32.9 0.37575 -0.164303 52.5866 0.60075 -0.261195 7.12372
32010569 0 0.01 5.5 32.9 -0.408099 -0.111151 14.9089 -0.185273 -0.048988 7.12372
32011110 0 0.01 5.5 32.9 0.103886 -0.359707 5.55577 0.0189 -0.0568425 7.12372
32012390 0 0.01 5.5 32.9 -0.0491691 0.359176 8.15305 -0.0143219 0.0908552 7.12372
32015077 0 0.01 5.5 32.9 0.0654185 -0.176479 11.6731 0.0222384 -0.0627311 7.12372
32015390 0 0.01 5.50001 32.9 -0.33866 0.26813 63.7643 -0.657867 0.521596 7.12372
32017531 0 0.01 5.5 32.9 -0.380595 -0.113664 24.8281 -0.286735 -0.0848829 7.12372
32017838 0 0.01 5.50002 32.9 -0.0597921 -0.0504522 44.274 -0.0822755 -0.0646942 7.12372
32018414 0 0.01 5.50001 32.9 -0.354779 0.3945 45.0671 -0.485688 0.541136 7.12372
32019149 0 0.01 5.5 32.9 -0.386736 -0.415357 8.85073 -0.104322 -0.110493 7.12372
32019268 0 0.01 5.50009 32.9 -0.36962 -0.364088 34.884 -0.393548 -0.385374 7.12372
31000614 0 0.01 5.5 32.9 -0.185657 0.0915406 3.64457 -0.0214184 0.0159198 7.11774
31001687 0 0.01 5.50002 32.9 0.363131 -0.499628 44.9713 0.498305 -0.682877 7.11774
31001805 0 0.01 5.5 32.9 0.492199 0.117309 39.2335 0.588068 0.13954 7.11774
31002910 0 0.01 5.5 32.9 -0.459645 -0.185135 1.50583 -0.0261174 -0.00769053 7.11774
31004740 0 0.01 5.5 32.9 0.17266 -0.0305348 3.9026 0.0164237 -0.00127258 7.11774
31005581 0 0.01 5.5 32.9 -0.22994 -0.00958117 13.6918 -0.0944223 -0.00198309 7.11774
31005997 0 0.01 5.5 32.9 0.369907 -0.378376 47.57 0.533642 -0.545636 7.11774
31006837 0 0.01 5.5 32.9 -0.487488 0.272613 3.87914 -0.0572698 0.0290252 7.11774
31008346 0 0.01 5.5 32.9 0.249299 0.114444 18.2962 0.139601 0.0656648 7.11774
31008383 0 0.01 5.5 32.9 0.183531 -0.206207 3.92978 0.020733 -0.0212647 7.11774
31012456 0 0.01 5.50009 32.9 0.404719 -0.394785 31.9423 0.393751 -0.381021 7.11774
31013651 0 0.01 5.49991 32.9 -0.104037 -0.147503 29.473 -0.09402 -0.129515 7.11774
31015837 0 0.01 5.5 32.9 0.3007 0.339999 2.1464 0.0236014 0.0227162 7.11774
31016150 0 0.01 5.5 32.9 0.268575 -0.419921 2.71551 0.0239258 -0.0376214 7.11774
31016598 0 0.01 5.5 32.9 -0.322529 0.270415 7.35957 -0.0735513 0.0613336 7.11774
31018063 0 0.01 5.50004 32.9 0.415174 -0.444754 8.56388 0.108585 -0.111994 7.11774
30003087 0 0.01 5.5 32.9 0.0412787 -0.465825 72.8851 0.0890434 -1.03037 7.1142
30004448 0 0.01 5.5 32.9 -0.0121198 -0.436055 26.7933 -0.00991172 -0.3561 7.1142
30009638 0 0.01 5.5 32.9 0.132652 -0.406816 6.92347 0.0290824 -0.0801121 7.1142
30011089 0 0.01 5.5 32.9 -0.132637 0.291913 14.9367 -0.0583155 0.130113 7.1142
30011465 0 0.01 5.5 32.9 -0.121693 0.498995 1.39101 -0.00911346 0.0203456 7.1142
30011492 0 0.01 5.50002 32.9 0.495608 0.0651439 31.9076 0.479851 0.0629664 7.1142
30018822 0 0.01 5.5 32.9 -0.311526 -0.185517 3.11325 -0.0280513 -0.0123159 7.1142
30020866 0 0.01 5.50001 32.9 0.22425 -0.14554 47.0054 0.320371 -0.207097 7.1142
29003771 0 0.01 5.50001 32.9 0.467263 -0.13359 38.285 0.543376 -0.154029 7.11757
29005712 0 0.01 5.5 32.9 0.118472 -0.483183 4.30697 0.0165434 -0.0626428 7.11757
29007365 0 0.01 5.5 32.9 -0.147609 0.3703 2.15673 -0.00916922 0.0277866 7.11757
29010183 0 0.01 5.50002 32.9 -0.0449335 -0.282276 14.3857 -0.0209582 -0.122605 7.11757
29015319 0 0.01 5.50001 32.9 0.324468 0.271461 42.6961 0.421257 0.352189 7.11757
29015457 0 0.01 5.5 32.9 -0.374496 0.0128905 5.53036 -0.0606235 0.00238714 7.11757
29016359 0 0.01 5.5 32.9 -0.139974 0.427395 22.4485 -0.0956899 0.292111 7.11757
1002366 0 0.01 5.49991 32.9 -0.100392 -0.331371 31.3238 -0.0951502 -0.315382 7.12773
1005136 0 0.01 5.49999 32.9 0.399704 0.485711 43.8315 0.531052 0.645959 7.12773
1006129 0 0.01 5.5 32.9 0.10606 0.306425 9.95208 0.0317753 0.0944325 7.12773
1006801 0 0.01 5.5 32.9 -0.186698 -0.385318 14.5891 -0.0871748 -0.16786 7.12773
1007205 0 0.01 5.5 32.9 0.191343 0.411497 5.73399 0.0316559 0.0710902 7.12773
1007717 0 0.01 5.50004 32.9 0.305357 0.0451694 51.3785 0.476714 0.0699686 7.12773
1007994 0 0.01 5.5 32.9 0.00712398 -0.348239 2.84786 -0.00293914 -0.0279053 7.12773
1008791 0 0.01 5.5 32.9 0.426152 -0.0424508 1.88755 0.0189324 0.00315747 7.12773
1009457 0 0.01 5.5 32.9 -0.309615 0.269463 23.4953 -0.221308 0.191147 7.12773
1010779 0 0.01 5.50009 32.9 0.474184 0.182113 26.8817 0.388394 0.148801 7.12773
1011007 0 0.01 5.5 32.9 0.309167 0.240741 3.98805 0.0357385 0.0287533 7.12773
1014736 0 0.01 5.5 32.9 -0.0700908 0.470767 85.1533 -0.178735 1.21984 7.12773
1017558 0 0.01 5.50002 32.9 -0.0695858 0.101777 54.5106 -0.114172 0.170364 7.12773
1017727 0 0.01 5.49991 32.9 0.0156027 0.215503 72.8843 0.0349765 0.47611 7.12773
1021417 0 0.01 5.5 32.9 0.0451966 -0.126637 24.4186 0.0345869 -0.0952087 7.12773
28004622 0 0.01 5.5 32.9 -0.0065944 -0.373737 8.54072 -0.0014826 -0.0963989 7.10004
28006340 0 0.01 5.49996 32.9 -0.337777 -0.0508597 33.6567 -0.345364 -0.0515674 7.10004
28006762 0 0.01 5.5 32.9 0.369432 0.0593189 32.5295 0.365632 0.0590719 7.10004
28007232 0 0.01 5.49996 32.9 0.379382 -0.413036 37.8731 0.436335 -0.476525 7.10004
28009928 0 0.01 5.5 32.9 0.414838 -0.125513 1.33699 0.0131921 -0.00418775 7.10004
28011572 0 0.01 5.5 32.9 0.0342289 0.336962 27.7449 0.0279953 0.28475 7.10004
28015818 0 0.01 5.5 32.9 -0.0431873 0.269054 20.0108 -0.0256077 0.162946 7.10004
28017704 0 0.01 5.5 32.9 0.224321 0.173424 3.02789 0.0226628 0.0188997 7.10004
28018579 0 0.01 5.50002 32.9 -0.0402223 0.470862 36.4727 -0.043635 0.523582 7.10004
28019108 0 0.01 5.5 32.9 -0.458274 0.203732 12.434 -0.173421 0.0794393 7.10004
28019137 0 0.01 5.50004 32.9 -0.0324185 0.159208 36.5542 -0.0361206 0.179406 7.10004
28019917 0 0.01 5.49998 32.9 -0.0984506 0.168295 42.7057 -0.128344 0.21799 7.10004
28020541 0 0.01 5.5 32.9 -0.432859 0.0161862 37.5805 -0.496234 0.0181552 7.10004
13002705 0 0.01 5.5 32.9 0.358745 -0.331807 42.4972 0.46379 -0.426344 7.09986
13006592 0 0.01 5.5 32.9 -0.411497 -0.430421 15.8875 -0.198712 -0.20757 7.09986
13008344 0 0.01 5.5 32.9 0.185227 0.328847 2.94839 0.0176854 0.0276672 7.09986
13011474 0 0.01 5.5 32.9 -0.103436 0.293086 37.0285 -0.115759 0.327932 7.09986
13015504 0 0.01 5.5 32.9 -0.156486 -0.298622 7.59516 -0.035028 -0.0677709 7.09986
13016259 0 0.01 5.5 32.9 -0.182449 0.385941 4.17123 -0.0204914 0.0479807 7.09986
13017470 0 0.01 5.5 32.9 0.480826 0.0118362 8.97448 0.131631 0.00436302 7.09986
13017910 0 0.01 5.5 32.9 -0.338865 0.419675 44.8716 -0.463857 0.573845 7.09986
13021818 0 0.01 5.5 32.9 0.292144 0.287547 4.49388 0.0383611 0.0399254 7.09986
13022117 0 0.01 5.5 32.9 0.295397 -0.31648 5.03147 0.0464412 -0.0464867 7.09986
12000476 0 0.01 5.5 32.9 0.496323 0.15494 11.8945 0.180171 0.0571797 7.12211
12004969 0 0.01 5.5 32.9 -0.380551 -0.259197 46.7044 -0.541901 -0.368368 7.12211
12010036 0 0.01 5.5 32.9 0.404077 0.051122 10.8537 0.13178 0.0170738 7.12211
12010184 0 0.01 5.49964 32.9 -0.0865223 0.178225 19.953 -0.0526712 0.107629 7.12211
12012860 0 0.01 5.5 32.9 0.139877 0.456161 33.1031 0.139635 0.462063 7.12211
12015807 0 0.01 5.50001 32.9 0.368571 0.057314 45.3973 0.508608 0.0804852 7.12211
12020618 0 0.01 5.50002 32.9 -0.348168 -0.0451263 37.013 -0.39335 -0.0509976 7.12211
12021171 0 0.01 5.5 32.9 0.227932 0.364828 3.76511 0.024852 0.0431291 7.12211
11001768 0 0.01 5.5 32.9 0.347006 -0.307552 18.7531 0.194554 -0.174852 7.12306
11001933 0 0.01 5.49997 32.9 -0.118948 0.0560854 42.6228 -0.156389 0.0717778 7.12306
11003600 0 0.01 5.5 32.9 0.179523 0.326836 5.0144 0.0265433 0.0477957 7.12306
11003976 0 0.01 5.49999 32.9 0.462384 -0.0581882 20.0467 0.282524 -0.0336832 7.12306
11004346 0 0.01 5.5 32.9 0.00123086 0.391133 11.164 0.00191157 0.131491 7.12306
11005185 0 0.01 5.5 32.9 0.157822 0.12497 34.5299 0.167977 0.13062 7.12306
11008703 0 0.01 5.49998 32.9 -0.189813 -0.0475259 51.0214 -0.291775 -0.0734418 7.12306
11010786 0 0.01 5.5 32.9 0.298553 0.471092 5.93637 0.054947 0.0839023 7.12306
11011617 0 0.01 5.50001 32.9 -0.184716 0.000250755 89.9646 -0.503772 0.00113047 7.12306
11015022 0 0.01 5.5 32.9 -0.407822 -0.33163 39.0753 -0.48214 -0.392548 7.12306
11017613 0 0.01 5.5 32.9 -0.49529 0.33549 3.41542 -0.0552272 0.0324186 7.12306
11020470 0 0.01 5.5 32.9 0.215007 -0.0708873 6.10709 0.0387092 -0.0161376 7.12306
11020629 0 0.01 5.5 32.9 0.307783 -0.090246 32.5771 0.302816 -0.086978 7.12306
10000451 0 0.01 5.5 32.9 -0.406308 0.0908835 5.0712 -0.0624521 0.0169219 7.12589
10001404 0 0.01 5.49997 32.9 -0.0794156 -0.173756 36.8472 -0.0917539 -0.191478 7.12589
10001646 0 0.01 5.50001 32.9 -0.0410078 -0.441063 3.0683 -0.00246089 -0.0395117 7.12589
10007027 0 0.01 5.49964 32.9 -0.117013 0.173443 16.3967 -0.0578193 0.0868531 7.12589
10021606 0 0.01 5.5 32.9 0.180647 0.151062 3.65339 0.0189837 0.0229913 7.12589
9000714 0 0.01 5.49996 32.9 -0.455697 -0.281623 35.6176 -0.493643 -0.303553 7.12356
9004709 0 0.01 5.49996 32.9 -0.251926 -0.17264 37.188 -0.287813 -0.194828 7.12356
9004949 0 0.01 5.49998 32.9 0.414703 0.186859 41.5407 0.523014 0.237595 7.12356
9005670 0 0.01 5.5 32.9 -0.071249 -0.122073 10.9174 -0.0208483 -0.0397346 7.12356
9006525 0 0.01 5.49999 32.9 0.345384 0.327365 16.6158 0.176316 0.165254 7.12356
9007223 0 0.01 5.5 32.9 -0.460996 -0.212298 20.0564 -0.280396 -0.129664 7.12356
9012456 0 0.01 5.5 32.9 0.0150515 -0.0614512 4.82665 0.00404775 -0.00881897 7.12356
9012779 0 0.01 5.49998 32.9 -0.149725 0.1348 27.0623 -0.123894 0.113518 7.12356
9013857 0 0.01 5.5 32.9 -0.160197 -0.258675 23.3322 -0.114166 -0.181929 7.12356
9016368 0 0.01 5.5 32.9 -0.368192 -0.074533 9.91911 -0.113629 -0.0208096 7.12356
9017211 0 0.01 5.49991 32.9 0.221956 -0.219602 22.0374 0.147674 -0.144981 7.12356
9018647 0 0.01 5.50002 32.9 0.0462887 -0.190701 67.8753 0.0939219 -0.393123 7.12356
9019570 0 0.01 5.5 32.9 0.105536 -0.184573 1.75826 0.00117489 -0.0143321 7.12356
9020015 0 0.01 5.5 32.9 0.447669 -0.0951649 10.6689 0.14455 -0.0292965 7.12356
9021905 0 0.01 5.50001 32.9 -0.345962 -0.474318 29.7141 -0.313802 -0.429155 7.12356
99000164 0 0.01 5.5 32.9 -0.303518 0.157291 5.01903 -0.0440462 0.0246159 7.12277
99004553 0 0.01 5.49929 32.9 0.415285 0.423869 14.9622 0.190453 0.194241 7.12277
99009182 0 0.01 5.49996 32.9 0.0792037 -0.438352 39.1592 0.0946647 -0.519586 7.12277
99010008 0 0.01 5.5 32.9 -0.0831679 -0.351897 6.21475 -0.0118839 -0.0640392 7.12277
99012989 0 0.01 5.5 32.9 -0.207159 0.239523 44.4073 -0.278379 0.325478 7.12277
99013082 0 0.01 5.5 32.9 -0.386532 -0.00436709 6.04019 -0.0699073 -0.00191235 7.12277
99015205 0 0.01 5.5 32.9 -0.304319 -0.381494 31.1808 -0.289811 -0.360287 7.12277
99018981 0 0.01 5.49998 32.9 0.32387 -0.34237 43.9321 0.432646 -0.456903 7.12277
99019130 0 0.01 5.50002 32.9 0.247517 0.369582 41.3424 0.312962 0.466285 7.12277
99020307 0 0.01 5.50002 32.9 0.0413481 0.174206 31.1546 0.0410314 0.165823 7.12277
99020607 0 0.01 5.49982 32.9 -0.101102 -0.25997 36.4675 -0.113214 -0.28998 7.12277
99020992 0 0.01 5.5 32.9 0.248383 0.0709663 8.64674 0.0650948 0.019515 7.12277
86001038 0 0.01 5.49999 32.9 0.133309 -0.286472 34.1921 0.137595 -0.299383 7.12153
86002288 0 0.01 5.50009 32.9 -0.440858 -0.265174 40.4573 -0.543783 -0.325878 7.12153
86003481 0 0.01 5.5 32.9 0.283475 -0.381253 7.31771 0.0648007 -0.083963 7.12153
86006975 0 0.01 5.49999 32.9 -0.0931051 0.131045 44.1137 -0.122936 0.177636 7.12153
86008684 0 0.01 5.50002 32.9 0.199255 0.180005 46.8723 0.281423 0.25712 7.12153
86008870 0 0.01 5.5 32.9 -0.403379 0.465584 54.188 -0.663113 0.769291 7.12153
86009608 0 0.01 5.49998 32.9 0.278553 -0.351829 43.2348 0.36702 -0.461547 7.12153
86010760 0 0.01 5.5 32.9 -0.26927 0.371102 19.8315 -0.163472 0.226068 7.12153
86010878 0 0.01 5.5 32.9 -0.00714805 -0.160661 7.38796 -9.58596e-05 -0.0365679 7.12153
86011140 0 0.01 5.5 32.9 0.0810831 0.321903 21.1903 0.0511705 0.206345 7.12153
86012435 0 0.01 5.5 32.9 -0.306837 -0.382842 34.2776 -0.32086 -0.396625 7.12153
86013096 0 0.01 5.49982 32.9 -0.0401438 0.333627 21.8639 -0.0263393 0.224455 7.12153
86015339 0 0.01 5.5 32.9 0.179145 0.374747 6.15513 0.0338487 0.0720311 7.12153
86018979 0 0.01 5.5 32.9 0.289572 -0.0458947 3.70026 0.0305551 -0.00585955 7.12153
86019079 0 0.01 5.49858 32.9 0.262307 -0.139029 9.6486 0.0772795 -0.0368612 7.12153
86021006 0 0.01 5.49893 32.9 0.394881 0.254211 6.48678 0.0802037 0.0518587 7.12153
85001984 0 0.01 5.50018 32.9 0.448794 -0.0257733 19.9329 0.271994 -0.0180919 7.11333
85002235 0 0.01 5.50001 32.9 -0.315879 0.215256 18.6307 -0.179458 0.12497 7.11333
85002255 0 0.01 5.50001 32.9 0.286284 -0.312557 46.0727 0.398959 -0.43638 7.11333
85005877 0 0.01 5.5 32.9 0.490424 -0.227638 13.8633 0.205702 -0.0955376 7.11333
85006589 0 0.01 5.5 32.9 -0.0445298 -0.348541 1.86467 0.00164272 -0.0194363 7.11333
85006849 0 0.01 5.5 32.9 0.115574 0.30934 38.2661 0.133915 0.361345 7.11333
85007026 0 0.01 5.5 32.9 -0.0275086 -0.228821 27.0006 -0.0214952 -0.184589 7.11333
85007952 0 0.01 5.5 32.9 -0.190372 -0.00638154 1.31146 -0.00972614 -0.00064596 7.11333
85009455 0 0.01 5.50002 32.9 0.168039 -0.197239 46.3388 0.23997 -0.277692 7.11333
85009620 0 0.01 5.5 32.9 -0.432597 0.439729 81.6202 -1.0721 1.09185 7.11333
85011597 0 0.01 5.49998 32.9 -0.360039 0.277769 37.9776 -0.414739 0.321109 7.11333
85012717 0 0.01 5.5 32.9 0.279691 -0.471082 10.8968 0.0929157 -0.157422 7.11333
85014972 0 0.01 5.50001 32.9 0.184873 -0.0147891 101.485 0.568953 -0.0468642 7.11333
85017681 0 0.01 5.50142 32.9 0.325501 -0.0373079 11.5113 0.113298 -0.0112564 7.11333
85019395 0 0.01 5.5 32.9 0.403563 0.390396 4.51477 0.0569594 0.0558334 7.11333
85020044 0 0.01 5.50002 32.9 0.435655 -0.113824 38.446 0.508165 -0.133461 7.11333
85020854 0 0.01 5.5 32.9 -0.179526 0.187998 6.19852 -0.0373171 0.0355781 7.11333
84001158 0 0.01 5.5 32.9 0.329961 0.476594 41.2445 0.41559 0.599751 7.12584
84002079 0 0.01 5.49964 32.9 0.00258731 -0.242148 18.1581 0.00528142 -0.134407 7.12584
84005115 0 0.01 5.5 32.9 -0.0625586 0.431366 45.3144 -0.0855803 0.596699 7.12584
84006584 0 0.01 5.49987 32.9 -0.254596 -0.475735 20.9215 -0.161834 -0.301133 7.12584
84006695 0 0.01 5.5 32.9 0.244879 -0.307403 4.66424 0.0338254 -0.0435197 7.12584
84009715 0 0.01 5.5 32.9 -0.0346646 0.363076 24.6462 -0.0276036 0.272116 7.12584
84009819 0 0.01 5.49996 32.9 -0.412151 0.477923 37.3589 -0.46647 0.543318 7.12584
84011695 0 0.01 5.49991 32.9 0.0131814 0.165616 32.3479 0.014151 0.162927 7.12584
84013645 0 0.01 5.50004 32.9 -0.0911222 -0.11508 40.5547 -0.111333 -0.140974 7.12584
84018151 0 0.01 5.50002 32.9 -0.268854 -0.397528 41.2239 -0.337665 -0.498128 7.12584
84019652 0 0.01 5.50018 32.9 0.0770099 -0.458662 32.8079 0.0781737 -0.4578 7.12584
84019673 0 0.01 5.5 32.9 0.406353 -0.36254 1.77895 0.0248672 -0.0231437 7.12584
83001857 0 0.01 5.5 32.9 0.498944 -0.107543 27.8479 0.423018 -0.0880917 7.12831
83006177 0 0.01 5.5 32.9 -0.376835 0.268649 50.3006 -0.576023 0.412711 7.12831
83012261 0 0.01 5.49999 32.9 0.110602 -0.101784 45.8491 0.153987 -0.140535 7.12831
83013499 0 0.01 5.5 32.9 -0.0105713 -0.420847 13.581 -0.00607059 -0.172011 7.12831
83016394 0 0.01 5.49999 32.9 0.486066 -0.211189 43.588 0.64319 -0.279088 7.12831
83016969 0 0.01 5.5 32.9 -0.306879 0.317812 65.4908 -0.609407 0.63357 7.12831
83017458 0 0.01 5.50009 32.9 0.109367 0.25289 3.83883 0.00960817 0.0283603 7.12831
83019767 0 0.01 5.5 32.9 0.0871274 0.0256408 5.85087 0.0170182 0.00434129 7.12831
83019947 0 0.01 5.5 32.9 -0.40305 -0.428764 27.6798 -0.338451 -0.359536 7.12831
83021458 0 0.01 5.49964 32.9 -0.0666304 0.178407 18.0019 -0.0356798 0.099301 7.12831
82003050 0 0.01 5.49991 32.9 -0.0292135 -0.226563 31.9952 -0.0310686 -0.220592 7.13501
82003488 0 0.01 5.50001 32.9 0.000102125 -0.379512 19.892 0.000766216 -0.230823 7.13501
82003693 0 0.01 5.5 32.9 0.488615 0.295681 7.00127 0.107097 0.0633194 7.13501
82010570 0 0.01 5.49999 32.9 0.283476 0.00667964 43.5105 0.373631 0.00932845 7.13501
82010867 0 0.01 5.50071 32.9 0.407279 -0.469731 18.0976 0.221608 -0.259121 7.13501
82011577 0 0.01 5.49998 32.9 -0.120367 0.329479 34.9807 -0.126683 0.353081 7.13501
82011776 0 0.01 5.5 32.9 -0.306617 -0.406153 5.47306 -0.0555341 -0.0654576 7.13501
82016904 0 0.01 5.5 32.9 0.376136 -0.000922436 9.54744 0.111038 0.000171144 7.13501
82017089 0 0.01 5.5 32.9 0.326129 -0.0629405 2.33987 0.0191514 -0.00548457 7.13501
82018341 0 0.01 5.50002 32.9 -0.153986 -0.167378 50.4003 -0.235893 -0.254005 7.13501
82018820 0 0.01 5.5 32.9 -0.13403 0.378919 15.2818 -0.0638955 0.174835 7.13501
82019923 0 0.01 5.50002 32.9 0.188697 0.14214 44.4732 0.25597 0.194539 7.13501
82020392 0 0.01 5.5 32.9 -0.426949 -0.164577 3.43476 -0.0431932 -0.022508 7.13501
82020472 0 0.01 5.5 32.9 -0.14775 -0.313062 2.70976 -0.0116094 -0.0271314 7.13501
82021301 0 0.01 5.5 32.9 -0.323801 -0.329944 11.1957 -0.10991 -0.114649 7.13501
81001932 0 0.01 5.50001 32.9 -0.134373 -0.309899 44.3377 -0.181956 -0.416303 7.12712
81002947 0 0.01 5.50018 32.9 -0.138814 -0.464323 27.2839 -0.113237 -0.381755 7.12712
81004648 0 0.01 5.5 32.9 0.396002 0.0528685 9.34679 0.113821 0.0147736 7.12712
81004768 0 0.01 5.49999 32.9 -0.14033 -0.142849 17.2574 -0.0737234 -0.0734653 7.12712
81006656 0 0.01 5.5 32.9 0.170325 -0.332273 23.7671 0.120984 -0.238738 7.12712
81006713 0 0.01 5.5 32.9 0.397537 -0.282558 3.34236 0.0376497 -0.0265624 7.12712
81007945 0 0.01 5.5 32.9 0.0650022 -0.136578 44.4781 0.0915047 -0.185123 7.12712
81008974 0 0.01 5.5 32.9 0.0509095 0.229153 7.5316 0.0153647 0.0531792 7.12712
81013714 0 0.01 5.5 32.9 -0.281294 -0.268713 3.56109 -0.0330795 -0.0246547 7.12712
81014509 0 0.01 5.50004 32.9 -0.0591679 -0.0517341 42.4678 -0.0767378 -0.0689907 7.12712
81017579 0 0.01 5.5 32.9 0.419225 0.342608 3.8696 0.0518992 0.0423108 7.12712
81018995 0 0.01 5.5 32.9 -0.106789 -0.484933 4.27802 -0.0168709 -0.060875 7.12712
80001886 0 0.01 5.5 32.9 0.49025 -0.396853 18.8364 0.279766 -0.225715 7.11686
80002855 0 0.01 5.5 32.9 -0.149144 -0.443756 4.72966 -0.0221076 -0.0644711 7.11686
80004850 0 0.01 5.49999 32.9 0.202126 -0.326663 5.66782 0.0362002 -0.0539711 7.11686
80005377 0 0.01 5.49982 32.9 -0.216833 0.162888 44.7587 -0.297388 0.222846 7.11686
80006474 0 0.01 5.50001 32.9 0.457007 -0.459871 41.9736 0.584642 -0.586922 7.11686
80010172 0 0.01 5.5 32.9 0.0229351 -0.373345 33.7067 0.0257433 -0.382899 7.11686
80010305 0 0.01 5.50004 32.9 0.474721 -0.368147 43.7521 0.631139 -0.490277 7.11686
80011885 0 0.01 5.49998 32.9 -0.428484 0.315944 46.3558 -0.60585 0.444616 7.11686
80013519 0 0.01 5.5 32.9 0.17097 0.335088 1.30486 0.00904513 0.0145517 7.11686
80014282 0 0.01 5.5 32.9 -0.084083 -0.327527 4.7862 -0.0146501 -0.0455906 7.11686
80014987 0 0.01 5.5 32.9 -0.0815797 -0.453978 3.08224 -0.00571178 -0.0391672 7.11686
80021161 0 0.01 5.49998 32.9 0.100459 -0.166882 43.3894 0.130642 -0.220733 7.11686
80021703 0 0.01 5.5 32.9 0.38971 -0.273167 11.933 0.142663 -0.094549 7.11686
80022088 0 0.01 5.5 32.9 0.49346 0.17233 12.3735 0.185691 0.0656878 7.11686
57000957 0 0.01 5.50002 32.9 0.0179544 0.0814885 37.2566 0.0203574 0.0931922 7.11252
57004607 0 0.01 5.5 32.9 -0.0854775 -0.174423 1.85614 -0.00663575 -0.00445323 7.11252
57006065 0 0.01 5.5 32.9 -0.190755 0.336305 40.1793 -0.232032 0.41087 7.11252
57006353 0 0.01 5.5 32.9 0.41448 0.214545 2.50601 0.030312 0.0132916 7.11252
57010057 0 0.01 5.50001 32.9 0.351009 -0.0198215 41.3059 0.440711 -0.0227523 7.11252
57013817 0 0.01 5.5 32.9 -0.102775 -0.271923 8.73669 -0.0283674 -0.0691495 7.11252
57014967 0 0.01 5.49996 32.9 0.276675 -0.481125 37.4453 0.313189 -0.546657 7.11252
57017744 0 0.01 5.5 32.9 -0.432068 -0.228281 45.9104 -0.603583 -0.320354 7.11252
57017956 0 0.01 5.5 32.9 0.317961 -0.406622 2.375 0.0218052 -0.0256025 7.11252
56001047 0 0.01 5.5 32.9 -0.257836 -0.101154 1.28308 -0.0102769 0.00481747 7.13066
56001292 0 0.01 5.5 32.9 -0.140974 0.185345 33.093 -0.142877 0.186379 7.13066
56004942 0 0.01 5.5 32.9 -0.0400396 -0.33626 37.7625 -0.0434314 -0.385313 7.13066
56005702 0 0.01 5.49929 32.9 -0.142761 -0.156633 15.95 -0.0712347 -0.0756102 7.13066
56007646 0 0.01 5.5 32.9 -0.185828 0.284479 8.45477 -0.0463751 0.0713997 7.13066
56007738 0 0.01 5.5 32.9 0.255151 0.452956 2.42261 0.0220333 0.0360845 7.13066
56008752 0 0.01 5.5 32.9 0.335859 0.459701 22.5187 0.22812 0.313885 7.13066
56009176 0 0.01 5.5 32.9 -0.308779 0.308878 19.9042 -0.184206 0.184886 7.13066
56009633 0 0.01 5.5 32.9 0.168089 0.366648 5.58821 0.0255284 0.0621264 7.13066
56012506 0 0.01 5.5 32.9 -0.210118 0.30637 13.3834 -0.0871108 0.126488 7.13066
56012977 0 0.01 5.50036 32.9 -0.485159 -0.117059 16.9693 -0.250263 -0.0577758 7.13066
56014475 0 0.01 5.5 32.9 0.418622 -0.483057 27.1394 0.343861 -0.399668 7.13066
56015551 0 0.01 5.5 32.9 0.2815 -0.0347485 4.95019 0.0420504 -0.0064551 7.13066
56019820 0 0.01 5.49964 32.9 -0.37443 -0.184375 27.0031 -0.307493 -0.150146 7.13066
56020366 0 0.01 5.49999 32.9 -0.489572 0.305122 45.4347 -0.676473 0.423262 7.13066
55000115 0 0.01 5.49998 32.9 0.100357 0.138939 35.7757 0.109153 0.152929 7.11379
55006393 0 0.01 5.50009 32.9 0.0367064 -0.339528 31.9678 0.0366079 -0.329483 7.11379
55008457 0 0.01 5.5 32.9 0.118556 -0.137113 1.41324 -0.00439096 -0.0164532 7.11379
55009397 0 0.01 5.5 32.9 -0.0402389 0.424376 1.39911 -0.0043448 0.0189053 7.11379
55009439 0 0.01 5.5 32.9 0.42598 -0.13484 8.92032 0.117149 -0.0359583 7.11379
55012689 0 0.01 5.5 32.9 -0.0283225 0.278515 6.02162 -0.00623338 0.0530456 7.11379
55012797 0 0.01 5.50002 32.9 -0.395338 0.442557 32.9093 -0.394448 0.44134 7.11379
55012981 0 0.01 5.5 32.9 -0.0868812 0.184692 18.6458 -0.0462467 0.106507 7.11379
55016490 0 0.01 5.5 32.9 -0.185676 -0.0667149 14.4893 -0.0841879 -0.0276574 7.11379
55016648 0 0.01 5.49964 32.9 -0.095354 0.316685 28.5856 -0.0830554 0.276772 7.11379
55018660 0 0.01 5.49982 32.9 -0.167558 -0.00975612 29.9382 -0.151094 -0.00614177 7.11379
55020581 0 0.01 5.5 32.9 -0.406972 -0.0868672 2.2076 -0.0282585 -0.00642057 7.11379
55021358 0 0.01 5.49997 32.9 -0.392957 -0.0656242 43.9576 -0.524983 -0.0851014 7.11379
54001498 0 0.01 5.5 32.9 -0.0891527 0.221778 49.4029 -0.135008 0.333831 7.11735
54003702 0 0.01 5.5 32.9 -0.275936 0.0748615 4.7643 -0.0357331 0.0123968 7.11735
54004146 0 0.01 5.5 32.9 -0.123098 -0.303364 3.22591 -0.0163584 -0.0276984 7.11735
54004301 0 0.01 5.50004 32.9 -0.453838 -0.453486 34.1258 -0.474332 -0.473518 7.11735
54014658 0 0.01 5.49998 32.9 -0.0512421 -0.194708 15.3683 -0.0242211 -0.0898545 7.11735
54020102 0 0.01 5.5 32.9 0.454555 -0.452415 4.85885 0.0642052 -0.0652017 7.11735
54021206 0 0.01 5.5 32.9 0.305329 -0.349295 4.02658 0.0368254 -0.0415289 7.11735
54021775 0 0.01 5.5 32.9 0.389749 0.419885 4.31869 0.0502709 0.0546628 7.11735
52000888 0 0.01 5.50002 32.9 0.0882899 0.0706946 34.8112 0.0935294 0.0770297 7.11642
52003073 0 0.01 5.50001 32.9 0.0759412 0.170379 7.58851 0.0167852 0.0392277 7.11642
52005622 0 0.01 5.49999 32.9 0.0858399 -0.415855 4.87775 0.0117852 -0.0630789 7.11642
52005917 0 0.01 5.5 32.9 0.436914 0.0410315 3.30893 0.0441502 0.00488932 7.11642
52009936 0 0.01 5.5 32.9 -0.155201 0.309262 9.41355 -0.0442153 0.0891446 7.11642
52011258 0 0.01 5.5 32.9 0.0065689 0.0127649 2.23932 0.00328155 -0.00101499 7.11642
52012854 0 0.01 5.49998 32.9 -0.330107 -0.435962 43.0122 -0.432154 -0.568305 7.11642
52013895 0 0.01 5.50001 32.9 -0.053747 0.183691 4.94786 -0.011312 0.029192 7.11642
52016019 0 0.01 5.49858 32.9 0.239966 0.250938 8.10539 0.0584519 0.0620447 7.11642
52017823 0 0.01 5.5 32.9 0.229288 -0.0969591 6.68845 0.0489209 -0.0191864 7.11642
52020466 0 0.01 5.49999 32.9 0.320335 -0.138092 24.7549 0.24186 -0.104383 7.11642
51004903 0 0.01 5.5 32.9 0.434246 0.362848 8.72248 0.114392 0.0987352 7.11781
51009848 0 0.01 5.5 32.9 0.126197 -0.368184 23.4612 0.0895707 -0.264276 7.11781
51009869 0 0.01 5.5 32.9 0.376161 -0.367013 2.47224 0.0288027 -0.0267814 7.11781
51011370 0 0.01 5.5 32.9 -0.439805 -0.434487 7.5364 -0.101953 -0.0980141 7.11781
51011873 0 0.01 5.49998 32.9 -0.408014 -0.467158 54.1316 -0.670648 -0.768829 7.11781
51011969 0 0.01 5.5 32.9 -0.17777 0.336817 56.2068 -0.304857 0.575722 7.11781
51013838 0 0.01 5.5 32.9 -0.0296515 0.381626 42.05 -0.0375975 0.488983 7.11781
51013854 0 0.01 5.49996 32.9 0.448915 -0.303687 36.7915 0.504293 -0.338954 7.11781
51017939 0 0.01 5.49999 32.9 -0.154694 0.315819 41.8621 -0.196733 0.402964 7.11781
51019014 0 0.01 5.5 32.9 0.339756 -0.0158171 2.70432 0.0237318 1.23877e-06 7.11781
51019107 0 0.01 5.5 32.9 -0.00505188 -0.403575 7.53398 -0.00368095 -0.091151 7.11781
49002179 0 0.01 5.5 32.9 0.327255 -0.158017 42.377 0.424167 -0.202316 7.11225
49005075 0 0.01 5.5 32.9 0.0832017 0.267012 6.38035 0.0156811 0.0544607 7.11225
49006538 0 0.01 5.5 32.9 -0.249117 -0.307105 20.3236 -0.156652 -0.190703 7.11225
49009916 0 0.01 5.5 32.9 0.491154 -0.238813 31.2364 0.466712 -0.22661 7.11225
49014965 0 0.01 5.5 32.9 0.457944 0.345861 11.4077 0.15762 0.120375 7.11225
49017040 0 0.01 5.5 32.9 0.493906 0.172229 7.07189 0.107702 0.0414176 7.11225
49018005 0 0.01 5.5 32.9 -0.480226 -0.118858 2.13494 -0.0281754 -0.00373328 7.11225
49018637 0 0.01 5.5 32.9 -0.146767 0.0719258 34.2534 -0.152599 0.076863 7.11225
49019785 0 0.01 5.50009 32.9 -0.105105 0.377985 31.0939 -0.0997183 0.358611 7.11225
53000026 0 0.01 5.5 32.9 -0.323471 0.236517 18.1021 -0.176556 0.132278 7.13377
53000218 0 0.01 5.50009 32.9 0.279843 -0.0100081 25.4594 0.214802 -0.00669298 7.13377
53003343 0 0.01 5.5 32.9 -0.236367 0.0154758 3.55984 -0.0264523 0.00224571 7.13377
53003489 0 0.01 5.49999 32.9 -0.278847 0.00519748 44.7132 -0.378959 0.0084387 7.13377
53005823 0 0.01 5.49996 32.9 0.432788 0.389668 30.2829 0.400295 0.35766 7.13377
53010749 0 0.01 5.49991 32.9 0.0816125 -0.293683 7.0358 0.0164115 -0.0619559 7.13377
53011555 0 0.01 5.49998 32.9 0.00300571 0.125711 4.21707 -0.000151104 0.0200129 7.13377
53014364 0 0.01 5.5 32.9 0.313664 -0.170652 3.46697 0.0322099 -0.0129401 7.13377
53016140 0 0.01 5.49998 32.9 -0.130759 0.0155329 42.4351 -0.167445 0.0219051 7.13377
53018627 0 0.01 5.5 32.9 -0.21644 -0.247306 12.5568 -0.0822114 -0.0982192 7.13377
53019449 0 0.01 5.5 32.9 -0.111332 0.4959 3.70462 -0.0127615 0.0583987 7.13377
53020007 0 0.01 5.49999 32.9 -0.480828 0.0298264 27.7811 -0.405876 0.0261688 7.13377
50001353 0 0.01 5.5 32.9 -0.273133 0.440875 15.8642 -0.130246 0.212174 7.11549
50001479 0 0.01 5.5 32.9 -0.232554 0.260777 6.72176 -0.045341 0.0533151 7.11549
50002342 0 0.01 5.50002 32.9 0.00776671 0.314391 42.4315 0.00985336 0.404789 7.11549
50003117 0 0.01 5.50002 32.9 0.213831 0.21131 101.382 0.658686 0.654082 7.11549
50006979 0 0.01 5.5 32.9 -0.407665 0.301071 18.0159 -0.223599 0.163415 7.11549
50007312 0 0.01 5.5 32.9 -0.209243 -0.3096 30.3619 -0.193997 -0.285278 7.11549
50008042 0 0.01 5.50001 32.9 -0.479792 -0.0703647 37.2946 -0.545244 -0.0792341 7.11549
50015343 0 0.01 5.50001 32.9 0.454162 -0.122147 31.9472 0.438469 -0.117645 7.11549
50017987 0 0.01 5.50001 32.9 0.228666 0.190322 41.6305 0.290807 0.242925 7.11549
50018505 0 0.01 5.5 32.9 0.362344 -0.497856 10.7156 0.11935 -0.162347 7.11549
14000094 0 0.01 5.5 32.9 -0.196985 0.118914 1.37212 -0.0116582 0.00125644 7.11782
14008047 0 0.01 5.5 32.9 -0.324291 -0.137544 1.78981 -0.0181625 -0.00206798 7.11782
14009345 0 0.01 5.5 32.9 -0.115366 -0.333678 12.2652 -0.0437128 -0.122403 7.11782
14011367 0 0.01 5.5 32.9 0.172325 -0.0958543 3.61592 0.0227634 -0.00949185 7.11782
14012088 0 0.01 5.50001 32.9 0.392094 -0.00364247 42.6307 0.510378 -0.00416725 7.11782
14014371 0 0.01 5.5 32.9 0.247342 0.441063 2.38254 0.0233443 0.0288441 7.11782
14015088 0 0.01 5.5 32.9 -0.467175 -0.219285 22.6407 -0.321234 -0.147511 7.11782
14017596 0 0.01 5.49998 32.9 -0.361031 0.347724 36.1543 -0.397169 0.380497 7.11782
14018191 0 0.01 5.50004 32.9 -0.33301 0.103929 30.68 -0.309199 0.0996312 7.11782
14018402 0 0.01 5.5 32.9 -0.00841948 -0.284147 2.2698 -0.00225548 -0.0172603 7.11782
14019829 0 0.01 5.50018 32.9 0.241005 0.387011 23.5455 0.174709 0.27581 7.11782
14020391 0 0.01 5.5 32.9 0.0988014 -0.0852463 26.9819 0.0807347 -0.0664208 7.11782
14020543 0 0.01 5.5 32.9 -0.281114 0.375755 44.2249 -0.37753 0.506147 7.11782
14020743 0 0.01 5.5 32.9 0.266057 0.435076 10.5573 0.0849639 0.141644 7.11782
14022030 0 0.01 5.49982 32.9 0.171929 -0.497183 32.9772 0.171302 -0.498012 7.11782
45000093 0 0.01 5.5 32.9 0.208222 0.243696 4.30245 0.0265917 0.036803 7.11982
45004052 0 0.01 5.50009 32.9 -0.149278 0.415527 29.7065 -0.136293 0.374491 7.11982
45005563 0 0.01 5.5 32.9 -0.251598 0.0333949 5.86923 -0.0486275 0.00335984 7.11982
45005758 0 0.01 5.5 32.9 -0.291479 0.0408999 4.47819 -0.0416077 0.00664133 7.11982
45006080 0 0.01 5.49987 32.9 0.18514 0.343632 37.1005 0.206281 0.38694 7.11982
45008272 0 0.01 5.50002 32.9 0.177365 -0.194691 48.0702 0.259242 -0.28565 7.11982
45009273 0 0.01 5.5 32.9 -0.151435 -0.0140804 5.7929 -0.029223 -0.00275456 7.11982
45009905 0 0.01 5.5 32.9 0.250785 0.0423779 4.86924 0.0384248 0.00755575 7.11982
45010697 0 0.01 5.50018 32.9 -0.0181151 0.292437 22.5411 -0.0105815 0.199534 7.11982
45012539 0 0.01 5.5 32.9 0.412001 0.488457 65.8214 0.825419 0.978957 7.11982
45012951 0 0.01 5.5 32.9 -0.430919 -0.473727 8.97869 -0.116243 -0.129253 7.11982
45013882 0 0.01 5.5 32.9 -0.457202 0.0440654 7.58347 -0.104862 0.0121597 7.11982
45014295 0 0.01 5.50002 32.9 -0.158228 -0.143822 44.7284 -0.214522 -0.195242 7.11982
45016261 0 0.01 5.5 32.9 0.174971 0.247955 25.5483 0.134258 0.194279 7.11982
45019704 0 0.01 5.5 32.9 0.391833 -0.125097 10.9526 0.131403 -0.0400561 7.11982
45021227 0 0.01 5.5 32.9 0.402973 0.405031 41.7709 0.509932 0.516161 7.11982
44002016 0 0.01 5.49996 32.9 -0.216148 0.363501 31.1698 -0.203267 0.34443 7.10532
44002850 0 0.01 5.49982 32.9 0.270646 -0.156909 25.1741 0.208717 -0.119355 7.10532
44004506 0 0.01 5.5 32.9 0.406952 0.131857 4.32886 0.0524225 0.0173122 7.10532
44004706 0 0.01 5.5 32.9 -0.369831 0.367757 3.80885 -0.0440419 0.0440412 7.10532
44008063 0 0.01 5.5 32.9 0.466307 -0.0673467 7.4886 0.107617 -0.0138158 7.10532
44010664 0 0.01 5.50009 32.9 -0.294915 -0.248184 28.2486 -0.252917 -0.21124 7.10532
44011350 0 0.01 5.5 32.9 0.152062 -0.43708 3.25732 0.0174554 -0.0416107 7.10532
44015027 0 0.01 5.50036 32.9 -0.219852 -0.392587 6.50344 -0.0440351 -0.0779523 7.10532
44017251 0 0.01 5.5 32.9 0.456635 -0.475355 41.2255 0.573057 -0.593125 7.10532
44019644 0 0.01 5.49991 32.9 -0.356073 -0.199328 10.2369 -0.110182 -0.0600994 7.10532
44021370 0 0.01 5.50004 32.9 0.105084 -0.462123 42.7084 0.135709 -0.598687 7.10532
43000286 0 0.01 5.50001 32.9 -0.0229529 0.223254 3.84912 0.000676369 0.0238192 7.12858
43002560 0 0.01 5.50001 32.9 -0.291814 -0.369666 45.4716 -0.401875 -0.512192 7.12858
43004733 0 0.01 5.49929 32.9 -0.0428246 0.0477755 21.4201 -0.0284581 0.0298916 7.12858
43008880 0 0.01 5.5 32.9 0.314473 0.313952 3.47688 0.0299457 0.034547 7.12858
43009306 0 0.01 5.5 32.9 0.361307 0.383211 5.45583 0.0639008 0.064737 7.12858
43012275 0 0.01 5.5 32.9 0.180274 0.0804136 7.98914 0.0465342 0.0211292 7.12858
43016746 0 0.01 5.5 32.9 -0.451408 0.254752 1.84409 -0.0240006 0.0133464 7.12858
43016890 0 0.01 5.5 32.9 0.494432 -0.199532 1.09329 0.0133884 -0.00451844 7.12858
43019044 0 0.01 5.49996 32.9 -0.438125 -0.19545 58.6687 -0.781988 -0.34623 7.12858
42003010 0 0.01 5.5 32.9 0.346604 0.0582286 5.77618 0.061711 0.0134534 7.12648
42004093 0 0.01 5.5 32.9 -0.289459 0.0536498 3.47627 -0.0346501 0.00700965 7.12648
42006869 0 0.01 5.5 32.9 -0.0294921 -0.374192 6.13459 -0.00863574 -0.0726575 7.12648
42007807 0 0.01 5.5 32.9 0.25469 0.123556 4.6358 0.0332257 0.0184768 7.12648
42011193 0 0.01 5.5 32.9 -0.0161352 0.351934 6.71405 -0.00245563 0.0721377 7.12648
42011305 0 0.01 5.50002 32.9 0.166602 0.487069 38.7665 0.194666 0.574945 7.12648
42012767 0 0.01 5.50001 32.9 -0.407115 0.00670106 16.1745 -0.198579 0.0061532 7.12648
42013809 0 0.01 5.49982 32.9 0.13986 -0.0235062 24.4233 0.102334 -0.0187446 7.12648
42014128 0 0.01 5.49999 32.9 -0.478858 0.274669 38.4233 -0.560047 0.320581 7.12648
42014280 0 0.01 5.50001 32.9 0.491188 -0.0775068 42.908 0.63885 -0.100632 7.12648
42014778 0 0.01 5.49999 32.9 0.27837 0.0523016 7.68783 0.0664859 0.00909382 7.12648
42015078 0 0.01 5.5 32.9 -0.449584 -0.327386 7.0062 -0.100179 -0.0689804 7.12648
42015453 0 0.01 5.50002 32.9 -0.2141 -0.289813 44.2232 -0.288812 -0.389485 7.12648
42017992 0 0.01 5.5 32.9 0.0708372 -0.0526376 25.7999 0.0550017 -0.0412443 7.12648
27000537 0 0.01 5.5 32.9 -0.319159 0.0431329 6.92275 -0.068804 0.0097569 7.12953
27000603 0 0.01 5.49996 32.9 0.220922 0.145091 40.4631 0.272876 0.179971 7.12953
27003263 0 0.01 5.5 32.9 0.485711 0.170379 22.8365 0.337245 0.118396 7.12953
27006663 0 0.01 5.5 32.9 -0.305336 0.0364775 6.42887 -0.0606263 0.00733187 7.12953
27007848 0 0.01 5.5 32.9 -0.168002 -0.0245971 22.9355 -0.117435 -0.0147836 7.12953
27008339 0 0.01 5.49999 32.9 0.297939 0.351805 43.6434 0.396962 0.465374 7.12953
27014010 0 0.01 5.5 32.9 -0.00824058 0.316032 38.6358 -0.0116763 0.369796 7.12953
27014025 0 0.01 5.49929 32.9 -0.363671 0.0787748 13.1459 -0.143323 0.032877 7.12953
27014305 0 0.01 5.5 32.9 -0.291661 -0.329917 17.0783 -0.150961 -0.169659 7.12953
27014315 0 0.01 5.5 32.9 0.191855 -0.114288 13.573 0.0780062 -0.0485678 7.12953
27015206 0 0.01 5.48862 32.9 -0.0572019 0.392951 10.2116 -0.0178007 0.121523 7.12953
27016189 0 0.01 5.49991 32.9 0.195337 -0.405359 24.0841 0.143892 -0.297019 7.12953
27018087 0 0.01 5.49998 32.9 0.175243 0.45333 39.5787 0.20796 0.543509 7.12953
27018432 0 0.01 5.5 32.9 0.397375 0.139153 6.41808 0.0755303 0.0287928 7.12953
27019784 0 0.01 5.5 32.9 -0.0744794 0.191956 5.90044 -0.0119463 0.0339678 7.12953
26000118 0 0.01 5.49997 32.9 -0.329445 -0.41585 43.4755 -0.434494 -0.550805 7.11819
26003761 0 0.01 5.50001 32.9 -0.311094 -0.121099 27.1539 -0.256775 -0.0990459 7.11819
26005791 0 0.01 5.5 32.9 -0.314751 -0.0463554 1.54777 -0.0219488 0.00346873 7.11819
26005855 0 0.01 5.50007 32.9 -0.0876466 0.0103045 37.402 -0.0967042 0.0105205 7.11819
26006350 0 0.01 5.5 32.9 0.410689 -0.30271 14.7432 0.183288 -0.132966 7.11819
26009083 0 0.01 5.50001 32.9 0.185538 -0.354883 38.5084 0.216716 -0.417027 7.11819
26009996 0 0.01 5.5 32.9 -0.0968642 0.0243322 7.4312 -0.024011 0.00654788 7.11819
26010413 0 0.01 5.5 32.9 -0.321305 -0.44631 7.78695 -0.0776084 -0.107056 7.11819
26013988 0 0.01 5.50009 32.9 -0.156833 0.190445 27.4956 -0.131738 0.159159 7.11819
26015293 0 0.01 5.49991 32.9 -0.114298 -0.0101752 27.7092 -0.0977955 -0.00848523 7.11819
25003927 0 0.01 5.5 32.9 -0.322497 -0.362503 56.8443 -0.560647 -0.626724 7.12032
25004096 0 0.01 5.5 32.9 0.443657 -0.414281 44.3951 0.598838 -0.557969 7.12032
25004433 0 0.01 5.49991 32.9 -0.205441 -0.280352 26.7067 -0.166756 -0.225317 7.12032
25004557 0 0.01 5.5 32.9 0.063857 0.449111 4.7434 0.00928253 0.0675521 7.12032
25004604 0 0.01 5.5 32.9 -0.462 -0.412667 4.02742 -0.0557355 -0.0508066 7.12032
25005965 0 0.01 5.5 32.9 -0.256011 -0.173098 10.6025 -0.0802196 -0.0570878 7.12032
25007482 0 0.01 5.50004 32.9 -0.0156706 0.242168 38.3315 -0.0199943 0.282051 7.12032
25007935 0 0.01 5.5 32.9 0.355095 0.281856 1.0584 0.0303936 0.0160851 7.12032
25008525 0 0.01 5.50009 32.9 0.140624 -0.0809821 6.02751 0.0237943 -0.0146307 7.12032
25009458 0 0.01 5.49991 32.9 0.182119 -0.460606 27.9165 0.156013 -0.390368 7.12032
25017805 0 0.01 5.49999 32.9 0.404322 -0.279996 44.6473 0.548863 -0.379537 7.12032
25018464 0 0.01 5.5 32.9 -0.0681968 0.498642 14.3506 -0.0262357 0.218858 7.12032
25018974 0 0.01 5.50018 32.9 0.0434227 -0.218615 27.3477 0.0374046 -0.181318 7.12032
21000957 0 0.01 5.49964 32.9 -0.187358 -0.0921731 23.3999 -0.131751 -0.061997 7.1264
21001716 0 0.01 5.5 32.9 -0.183628 0.117171 12.6575 -0.0714143 0.0459344 7.1264
21003364 0 0.01 5.5 32.9 0.297692 0.314642 25.2452 0.227494 0.243925 7.1264
21007627 0 0.01 5.50009 32.9 -0.165431 -0.324353 38.4843 -0.195595 -0.378881 7.1264
21007753 0 0.01 5.5 32.9 0.424017 0.324679 8.98829 0.115804 0.0888163 7.1264
21011227 0 0.01 5.5 32.9 -0.306238 0.32426 17.2441 -0.160261 0.169958 7.1264
21013108 0 0.01 5.5 32.9 -0.236492 0.3476 3.14305 -0.0246108 0.0298253 7.1264
21017844 0 0.01 5.5 32.9 0.326238 0.158543 85.757 0.851603 0.414508 7.1264
24000932 0 0.01 5.5 32.9 -0.232185 0.0529396 45.6131 -0.321571 0.0701312 7.12287
24002133 0 0.01 5.50036 32.9 0.310355 0.206553 16.9815 0.160309 0.108907 7.12287
24003709 0 0.01 5.5 32.9 0.427414 0.135896 23.1732 0.2987 0.0970559 7.12287
24003719 0 0.01 5.5 32.9 -0.283049 -0.195686 2.31224 -0.0252092 -0.00997161 7.12287
24004503 0 0.01 5.5 32.9 -0.44681 0.141718 32.6505 -0.442023 0.139605 7.12287
24005252 0 0.01 5.5 32.9 0.180172 -0.167897 3.80245 0.0166112 -0.020216 7.12287
24008247 0 0.01 5.5 32.9 -0.103337 -0.454586 45.8739 -0.14443 -0.632856 7.12287
24012970 0 0.01 5.5 32.9 0.464544 -0.120312 3.28077 0.0388311 -0.0130863 7.12287
24013601 0 0.01 5.5 32.9 0.0328273 0.213873 36.1642 0.0355649 0.235649 7.12287
24016151 0 0.01 5.5 32.9 -0.389715 0.400813 29.8981 -0.353433 0.364396 7.12287
24016669 0 0.01 5.5 32.9 -0.18366 -0.428077 13.5076 -0.074595 -0.175088 7.12287
24017439 0 0.01 5.5 32.9 -0.168269 -0.45018 24.6035 -0.127702 -0.33513 7.12287
24020548 0 0.01 5.5 32.9 0.351417 0.21087 15.1424 0.160472 0.0990572 7.12287
24020820 0 0.01 5.5 32.9 0.097202 -0.342426 17.0303 0.0498347 -0.1787 7.12287
20002733 0 0.01 5.49998 32.9 -0.401749 -0.222816 40.394 -0.490883 -0.272483 7.12348
20003043 0 0.01 5.50001 32.9 -0.43208 0.246535 50.3627 -0.661183 0.376412 7.12348
20003566 0 0.01 5.50002 32.9 -0.211985 0.12183 34.9879 -0.225908 0.131229 7.12348
20005595 0 0.01 5.50071 32.9 0.336814 -0.241573 15.8056 0.163052 -0.116535 7.12348
20006176 0 0.01 5.5 32.9 -0.385029 -0.19199 43.5984 -0.507958 -0.253927 7.12348
20009638 0 0.01 5.49996 32.9 0.164372 -0.262564 36.8152 0.184774 -0.293788 7.12348
20018802 0 0.01 5.49999 32.9 0.246165 0.40996 44.5229 0.331383 0.55623 7.12348
20019740 0 0.01 5.49998 32.9 -0.0967782 0.0587895 40.3079 -0.120164 0.0734998 7.12348
20020161 0 0.01 5.5 32.9 -0.0754337 0.471649 30.3783 -0.0698996 0.434567 7.12348
23000739 0 0.01 5.5 32.9 -0.446825 0.0520724 5.64886 -0.0773948 0.0112543 7.12726
23001459 0 0.01 5.49982 32.9 -0.0542267 -0.0318535 25.7117 -0.0409746 -0.0236646 7.12726
23003851 0 0.01 5.5 32.9 0.172679 -0.289169 1.22843 0.00491802 -0.0162291 7.12726
23004727 0 0.01 5.49998 32.9 -0.487682 0.341081 37.1358 -0.550873 0.385133 7.12726
23005283 0 0.01 5.5 32.9 0.247745 0.255458 36.0086 0.269821 0.283393 7.12726
23006640 0 0.01 5.50002 32.9 -0.264781 0.206658 43.5058 -0.351784 0.273634 7.12726
23009003 0 0.01 5.5 32.9 0.49698 0.16619 3.23773 0.0481449 0.0145356 7.12726
23013178 0 0.01 5.50009 32.9 0.439254 0.406976 32.2908 0.431182 0.400826 7.12726
23014595 0 0.01 5.50001 32.9 0.0251242 0.469975 19.8536 0.01555 0.283814 7.12726
23015154 0 0.01 5.49997 32.9 0.167593 0.389227 42.8625 0.216581 0.507794 7.12726
23015599 0 0.01 5.5 32.9 -0.390877 0.300302 42.8559 -0.510713 0.393561 7.12726
23018734 0 0.01 5.49996 32.9 -0.242441 -0.0921284 32.1485 -0.236651 -0.0887502 7.12726
23019006 0 0.01 5.5 32.9 -0.271066 0.0220061 4.60574 -0.0400627 0.00915321 7.12726
19000649 0 0.01 5.5 32.9 -0.442846 0.125415 11.3601 -0.150789 0.0459806 7.12666
19004366 0 0.01 5.5 32.9 0.421481 -0.220005 5.61842 0.0686351 -0.0379959 7.12666
19005145 0 0.01 5.50001 32.9 -0.385101 -0.0255374 40.0644 -0.468386 -0.0285497 7.12666
19011551 0 0.01 5.5 32.9 0.0404414 -0.277359 74.2501 0.0912756 -0.626488 7.12666
19012264 0 0.01 5.50001 32.9 0.469168 -0.0723735 10.6697 0.153109 -0.0233188 7.12666
19015792 0 0.01 5.5 32.9 -0.161474 -0.29037 4.95639 -0.0256537 -0.0400802 7.12666
19017364 0 0.01 5.5 32.9 0.182915 -0.398279 3.92536 0.0184266 -0.048974 7.12666
22004629 0 0.01 5.50036 32.9 0.266225 0.249245 27.6106 0.224142 0.209764 7.12818
22010225 0 0.01 5.5 32.9 -0.24392 0.209196 5.56934 -0.0381958 0.0364336 7.12818
22015146 0 0.01 5.5 32.9 0.0426535 0.397023 2.94909 0.00559112 0.0366009 7.12818
22015463 0 0.01 5.49999 32.9 -0.44741 0.360484 59.1378 -0.804375 0.6484 7.12818
22016493 0 0.01 5.5 32.9 0.272704 -0.0714645 9.2638 0.0746004 -0.0196604 7.12818
22017824 0 0.01 5.49999 32.9 -0.404177 0.072455 6.51318 -0.0803886 0.0145867 7.12818
22018310 0 0.01 5.5 32.9 -0.395764 -0.0642091 35.6393 -0.429438 -0.0691294 7.12818
22020930 0 0.01 5.5 32.9 -0.00985545 0.20735 9.12012 -0.0025281 0.0574744 7.12818
16000576 0 0.01 5.5 32.9 0.279637 0.147826 28.1016 0.236752 0.12698 7.12506
16002280 0 0.01 5.49982 32.9 -0.0965587 0.434135 26.1604 -0.0763338 0.346577 7.12506
16002281 0 0.01 5.50001 32.9 -0.249713 0.460339 36.1756 -0.272715 0.507208 7.12506
16003293 0 0.01 5.49998 32.9 0.471532 -0.147755 39.5885 0.568223 -0.176069 7.12506
16007235 0 0.01 5.5 32.9 -0.349026 -0.010987 9.363 -0.0999852 -0.00327558 7.12506
16007459 0 0.01 5.49999 32.9 -0.441287 -0.477911 39.9473 -0.537012 -0.579404 7.12506
16010842 0 0.01 5.5 32.9 -0.345351 -0.39998 14.5587 -0.151924 -0.177368 7.12506
16015286 0 0.01 5.5 32.9 0.240442 -0.397482 3.83639 0.0271681 -0.0435663 7.12506
16020000 0 0.01 5.5 32.9 0.104471 -0.282122 27.8559 0.0892539 -0.238623 7.12506
16021173 0 0.01 5.5 32.9 0.373448 0.261296 5.15248 0.0606707 0.0385372 7.12506
16021402 0 0.01 5.5 32.9 -0.0144278 -0.279283 35.0395 -0.0157291 -0.295906 7.12506
16021659 0 0.01 5.50001 32.9 0.241515 -0.415774 12.4585 0.091211 -0.158199 7.12506
3312 0 0.01 5.49991 32.9 0.219345 -0.0623702 29.8271 0.197329 -0.0575879 7.1222
6147 0 0.01 5.5 32.9 -0.43308 0.2257 1.58758 -0.0132958 0.00894376 7.1222
8570 0 0.01 5.49999 32.9 -0.0804288 -0.293971 3.81269 -0.00937894 -0.0321093 7.1222
8856 0 0.01 5.49858 32.9 -0.16207 0.286427 7.1512 -0.0350135 0.0641686 7.1222
10804 0 0.01 5.50002 32.9 -0.108994 -0.0621276 41.147 -0.135756 -0.0766992 7.1222
16428 0 0.01 5.49998 32.9 0.376355 0.0983817 6.44963 0.0740777 0.0211046 7.1222
21358 0 0.01 5.5 32.9 -0.232627 -0.393335 2.92499 -0.0212609 -0.0314914 7.1222
15001194 0 0.01 5.49999 32.9 0.0376674 0.145828 47.4512 0.0542668 0.209819 7.12149
15001965 0 0.01 5.5 32.9 -0.182109 -0.111571 7.91799 -0.0433247 -0.0247903 7.12149
15003547 0 0.01 5.5 32.9 -0.470632 -0.383364 2.96624 -0.042874 -0.0312819 7.12149
15004125 0 0.01 5.5 32.9 -0.0169534 -0.393323 1.50767 0.0120206 -0.021396 7.12149
15004883 0 0.01 5.50002 32.9 0.256279 -0.308722 45.6352 0.357151 -0.427497 7.12149
15004995 0 0.01 5.5 32.9 0.0303276 0.187308 3.3239 0.002034 0.0174415 7.12149
15006027 0 0.01 5.5 32.9 -0.20546 0.184595 43.0599 -0.268089 0.244626 7.12149
15006504 0 0.01 5.49999 32.9 0.21509 -0.312989 31.4437 0.204313 -0.29793 7.12149
15006509 0 0.01 5.5 32.9 -0.0185412 0.0243283 4.95603 -0.00148574 0.00522166 7.12149
15009948 0 0.01 5.5 32.9 -0.0534145 0.258209 3.3781 -0.00835238 0.0284766 7.12149
15010871 0 0.01 5.49998 32.9 -0.12787 0.409426 45.3996 -0.175048 0.56708 7.12149
15011127 0 0.01 5.50001 32.9 -0.162301 0.39187 44.9445 -0.22423 0.535675 7.12149
15013513 0 0.01 5.49991 32.9 0.0455144 0.446881 32.2586 0.0447654 0.439096 7.12149
15013924 0 0.01 5.49999 32.9 0.242801 0.118419 45.5656 0.3355 0.165748 7.12149
15014835 0 0.01 5.5 32.9 0.230645 0.233745 4.61601 0.0325682 0.0382685 7.12149
15015979 0 0.01 5.49982 32.9 0.320653 0.422863 32.8297 0.318235 0.423505 7.12149
15016966 0 0.01 5.5 32.9 0.160844 0.0180419 42.0643 0.206472 0.0213556 7.12149
15018207 0 0.01 5.5 32.9 0.421095 -0.0553623 7.53431 0.0965059 -0.0110337 7.12149
15019867 0 0.01 5.49991 32.9 0.10882 0.378985 30.2524 0.0998833 0.347282 7.12149
18000574 0 0.01 5.5 32.9 0.399661 -0.365717 6.88709 0.0822123 -0.0769682 7.12591
18002379 0 0.01 5.5 32.9 -0.24261 -0.0598313 32.5016 -0.240526 -0.0580872 7.12591
18011000 0 0.01 5.5 32.9 0.162104 0.448587 7.91334 0.038597 0.108332 7.12591
18014550 0 0.01 5.50036 32.9 -0.432377 -0.060698 13.2681 -0.173597 -0.0238849 7.12591
18014726 0 0.01 5.49964 32.9 -0.0883749 0.15546 19.2208 -0.0538482 0.0900152 7.12591
18016359 0 0.01 5.5 32.9 0.377161 -0.162554 16.7151 0.192954 -0.0798739 7.12591
18017547 0 0.01 5.5 32.9 0.186289 0.397362 26.8959 0.1536 0.325187 7.12591
18021205 0 0.01 5.49982 32.9 0.429021 0.211069 24.0423 0.313143 0.154962 7.12591
18021816 0 0.01 5.5 32.9 0.493417 -0.313821 46.0967 0.68804 -0.437467 7.12591
18021936 0 0.01 5.5 32.9 0.279017 0.295158 5.19388 0.0463237 0.0454943 7.12591
17000259 0 0.01 5.50018 32.9 -0.310482 0.096721 25.1725 -0.236714 0.0752978 7.11515
17001185 0 0.01 5.5 32.9 0.0222443 -0.186083 3.83802 0.00257752 -0.0185382 7.11515
17006065 0 0.01 5.5 32.9 0.242072 0.288309 23.3536 0.173525 0.205274 7.11515
17006086 0 0.01 5.50006 32.9 -0.198267 0.462397 27.1965 -0.165172 0.383211 7.11515
17009203 0 0.01 5.5 32.9 -0.428142 -0.470437 6.13978 -0.078921 -0.0839878 7.11515
17010233 0 0.01 5.49998 32.9 0.33093 -0.0676219 39.4373 0.398124 -0.08074 7.11515
17017290 0 0.01 5.50001 32.9 -0.0446121 0.479305 54.4914 -0.075824 0.794151 7.11515
17018605 0 0.01 5.50001 32.9 -0.258451 0.397127 57.6172 -0.452642 0.69423 7.11515
17020722 0 0.01 5.49999 32.9 -0.145358 0.0163097 5.4564 -0.0244343 0.00335419 7.11515
17021429 0 0.01 5.5 32.9 -0.310821 -0.0794736 3.11391 -0.0312598 -0.00892868 7.11515
46003906 0 0.01 5.50001 32.9 -0.301956 -0.381954 15.4938 -0.144579 -0.178445 7.12013
46003921 0 0.01 5.49964 32.9 0.237876 -0.147437 15.0319 0.109722 -0.0672446 7.12013
46007706 0 0.01 5.50009 32.9 0.167884 0.457291 35.6264 0.183772 0.495017 7.12013
46007947 0 0.01 5.49929 32.9 -0.451419 0.352863 16.0028 -0.218665 0.171872 7.12013
46010323 0 0.01 5.5 32.9 0.431065 0.496809 2.40656 0.0354083 0.0389478 7.12013
46011639 0 0.01 5.50003 32.9 -0.387447 -0.138991 42.3873 -0.496601 -0.179006 7.12013
46011893 0 0.01 5.5 32.9 -0.34471 -0.487068 12.2168 -0.129133 -0.180742 7.12013
46013846 0 0.01 5.49999 32.9 0.484418 -0.319798 7.16089 0.103964 -0.0660588 7.12013
46015393 0 0.01 5.5 32.9 -0.0138193 -0.163838 11.6444 -0.00559549 -0.0565687 7.12013
46016300 0 0.01 5.5 32.9 -0.213094 -0.438535 8.95165 -0.0592365 -0.120631 7.12013
46017304 0 0.01 5.5 32.9 -0.118531 0.257284 10.6766 -0.0364175 0.0842835 7.12013
46017354 0 0.01 5.5 32.9 0.258251 0.217532 6.37889 0.0495477 0.0407248 7.12013
46019094 0 0.01 5.5 32.9 0.402637 -0.0116173 3.13136 0.0423858 0.00511809 7.12013
46020557 0 0.01 5.5 32.9 -0.473582 0.376587 4.02571 -0.0541249 0.0493817 7.12013
46021050 0 0.01 5.5 32.9 -0.086221 -0.171041 9.76411 -0.0272396 -0.0517033 7.12013
79000699 0 0.01 5.5 32.9 -0.0276702 -0.422478 4.18507 -0.00311369 -0.055462 7.11503
79010857 0 0.01 5.5 32.9 -0.172652 0.362356 12.0027 -0.0603952 0.135609 7.11503
79013433 0 0.01 5.5 32.9 0.156518 -0.142158 6.03926 0.0272676 -0.0240553 7.11503
79014789 0 0.01 5.50001 32.9 -0.147236 0.358074 85.5699 -0.383158 0.93144 7.11503
79015456 0 0.01 5.5 32.9 0.04066 0.382091 6.81346 0.00432334 0.0819368 7.11503
79015554 0 0.01 5.50004 32.9 0.285192 -0.150048 39.7729 0.346125 -0.180234 7.11503
79016512 0 0.01 5.50001 32.9 0.175874 0.211125 57.1283 0.305601 0.369173 7.11503
79017209 0 0.01 5.5 32.9 -0.331461 0.499408 4.78564 -0.0448547 0.0734576 7.11503
79017874 0 0.01 5.5 32.9 0.15537 0.168874 2.67719 0.0146832 0.0127694 7.11503
79017953 0 0.01 5.5 32.9 0.346165 -0.46192 8.15422 0.0881647 -0.112306 7.11503
79018176 0 0.01 5.49982 32.9 -0.0991309 0.0925374 21.6045 -0.0645192 0.0619182 7.11503
79018304 0 0.01 5.5 32.9 -0.466842 -0.442147 10.8517 -0.15347 -0.145677 7.11503
79020281 0 0.01 5.49996 32.9 -0.0397458 0.127333 29.8732 -0.0339584 0.116529 7.11503
79020670 0 0.01 5.50003 32.9 -0.285523 -0.386058 31.0131 -0.267117 -0.365471 7.11503
79021017 0 0.01 5.5 32.9 -0.398741 -0.358532 7.31792 -0.0879603 -0.0784968 7.11503
6003428 0 0.01 5.5 32.9 -0.478947 -0.169425 44.5854 -0.650093 -0.227725 7.11695
6004553 0 0.01 5.5 32.9 -0.368373 0.240022 11.7651 -0.130262 0.0857534 7.11695
6004981 0 0.01 5.50001 32.9 -0.0601478 0.431066 6.84271 -0.0108262 0.0908022 7.11695
6005644 0 0.01 5.49998 32.9 -0.18428 -0.159355 30.7813 -0.172536 -0.148752 7.11695
6006906 0 0.01 5.49996 32.9 0.0538332 -0.409817 11.7042 0.0189726 -0.145886 7.11695
6010272 0 0.01 5.5 32.9 0.399906 -0.363075 41.5471 0.505267 -0.45911 7.11695
6013886 0 0.01 5.5 32.9 -0.48862 -0.226565 3.31379 -0.0479262 -0.0240611 7.11695
6018425 0 0.01 5.5 32.9 -0.16475 -0.0129221 13.6745 -0.067139 -0.00372978 7.11695
6021155 0 0.01 5.50009 32.9 0.18409 0.475634 38.9496 0.218096 0.564299 7.11695
6021358 0 0.01 5.49999 32.9 -0.185079 -0.0939911 45.6243 -0.257968 -0.129205 7.11695
6021842 0 0.01 5.5 32.9 0.202833 0.0778019 4.68612 0.0283957 0.0129569 7.11695
78000882 0 0.01 5.49929 32.9 -0.482734 -0.236169 9.09895 -0.135335 -0.0642991 7.12464
78001661 0 0.01 5.50004 32.9 -0.107113 0.350618 42.7544 -0.137998 0.456791 7.12464
78002665 0 0.01 5.5 32.9 -0.377733 -0.480064 43.6676 -0.500016 -0.637579 7.12464
78003703 0 0.01 5.5 32.9 0.369109 -0.338369 19.2611 0.216326 -0.19935 7.12464
78003873 0 0.01 5.5 32.9 -0.105271 -0.323889 4.04367 -0.0142198 -0.0443531 7.12464
78004037 0 0.01 5.50142 32.9 0.461537 0.172298 14.6884 0.204548 0.0782457 7.12464
78005622 0 0.01 5.5 32.9 0.152992 0.0143504 41.2391 0.193266 0.0181761 7.12464
78010201 0 0.01 5.5 32.9 -0.493432 -0.0439605 6.43826 -0.0974739 -0.010087 7.12464
78014800 0 0.01 5.49998 32.9 -0.360578 -0.0585948 45.4818 -0.498861 -0.0782666 7.12464
78015575 0 0.01 5.50002 32.9 0.295912 0.161496 43.3581 0.390491 0.212116 7.12464
78018817 0 0.01 5.5 32.9 0.451563 0.244832 17.5293 0.242536 0.129729 7.12464
78019573 0 0.01 5.5 32.9 -0.194732 0.445072 10.4922 -0.0648033 0.144624 7.12464
78020811 0 0.01 5.50001 32.9 0.305244 0.0651107 40.1019 0.372361 0.0783261 7.12464
74000761 0 0.01 5.5 32.9 -0.378747 0.293365 7.43462 -0.0887513 0.0654225 7.1143
74001639 0 0.01 5.49998 32.9 0.104745 -0.359591 49.7594 0.157647 -0.543643 7.1143
74001822 0 0.01 5.50009 32.9 -0.135155 0.113214 31.4943 -0.129256 0.105791 7.1143
74004016 0 0.01 5.50036 32.9 -0.0264751 -0.362329 21.4152 -0.0169395 -0.234558 7.1143
74005978 0 0.01 5.50002 32.9 -0.390374 0.106556 38.5395 -0.457835 0.124233 7.1143
74006452 0 0.01 5.5 32.9 0.292773 0.378875 18.7891 0.166007 0.215843 7.1143
74012839 0 0.01 5.50001 32.9 0.00859723 0.46455 45.498 0.0117208 0.645529 7.1143
74013969 0 0.01 5.5 32.9 -0.470779 -0.253658 11.7134 -0.167607 -0.0912283 7.1143
74014724 0 0.01 5.49999 32.9 -0.0937197 -0.0754495 13.772 -0.0404852 -0.030938 7.1143
74016808 0 0.01 5.5 32.9 0.356407 0.401115 14.5504 0.158242 0.175806 7.1143
74018285 0 0.01 5.5 32.9 -0.0894549 -0.446062 5.34541 -0.0110957 -0.070234 7.1143
74019113 0 0.01 5.5 32.9 0.0171193 0.455829 23.6476 0.0136559 0.327121 7.1143
74019305 0 0.01 5.49999 32.9 0.140466 -0.206227 33.5003 0.146481 -0.209926 7.1143
73000074 0 0.01 5.50018 32.9 0.459325 -0.101892 31.6215 0.443197 -0.0954863 7.113
73001301 0 0.01 5.49996 32.9 -0.192479 0.114697 36.0607 -0.21092 0.128342 7.113
73001497 0 0.01 5.49964 32.9 0.109818 -0.498602 14.6127 0.0521692 -0.221068 7.113
73003762 0 0.01 5.50001 32.9 0.196698 -0.490487 20.0982 0.119737 -0.297673 7.113
73004874 0 0.01 5.50001 32.9 0.417114 -0.239595 5.63717 0.0694966 -0.0417688 7.113
73007784 0 0.01 5.5 32.9 -0.114115 0.0394281 45.7471 -0.159594 0.0557969 7.113
73011006 0 0.01 5.5 32.9 0.0344861 0.0421039 5.10408 0.00504742 0.00960053 7.113
73012561 0 0.01 5.5 32.9 0.125242 0.287321 42.5214 0.161124 0.372592 7.113
73014683 0 0.01 5.49982 32.9 -0.0229774 -0.200864 29.5347 -0.0205946 -0.180424 7.113
73016362 0 0.01 5.5 32.9 -0.425345 0.476069 45.8247 -0.591418 0.664343 7.113
73018969 0 0.01 5.50004 32.9 -0.435063 -0.31915 34.9976 -0.462459 -0.338591 7.113
73019813 0 0.01 5.49991 32.9 0.224041 0.437521 30.1122 0.205274 0.400176 7.113
73020108 0 0.01 5.5 32.9 0.263303 -0.201533 3.25024 0.0278933 -0.0241758 7.113
73021089 0 0.01 5.5 32.9 0.305949 -0.285411 4.2309 0.0351681 -0.0357143 7.113
73021675 0 0.01 5.50001 32.9 0.145062 -0.257187 45.2059 0.198276 -0.354378 7.113
73022222 0 0.01 5.50009 32.9 0.355314 -0.440889 34.2443 0.369716 -0.458767 7.113
70000226 0 0.01 5.49982 32.9 0.178956 -0.115792 26.9183 0.143759 -0.094694 7.12022
70007355 0 0.01 5.49991 32.9 -0.323429 0.394348 30.7097 -0.299689 0.368152 7.12022
70011844 0 0.01 5.50002 32.9 -0.245304 -0.289089 45.3733 -0.339341 -0.399729 7.12022
70013347 0 0.01 5.5 32.9 -0.465374 -0.194514 8.59175 -0.122861 -0.048419 7.12022
70013804 0 0.01 5.5 32.9 0.189105 0.373532 7.04285 0.0412093 0.0816992 7.12022
70014399 0 0.01 5.5 32.9 0.0215294 -0.12597 6.12637 0.00167097 -0.0249846 7.12022
70015324 0 0.01 5.5 32.9 -0.067868 0.45955 8.03818 -0.0174315 0.114837 7.12022
70016065 0 0.01 5.5 32.9 -0.265211 -0.0694402 22.5633 -0.182332 -0.0464675 7.12022
70016091 0 0.01 5.5 32.9 0.308379 0.349064 37.2968 0.350998 0.395463 7.12022
70016563 0 0.01 5.50001 32.9 -0.12219 -0.0692558 40.0436 -0.149661 -0.084225 7.12022
70018457 0 0.01 5.50036 32.9 0.428548 -0.387803 11.5025 0.150642 -0.134643 7.12022
70018511 0 0.01 5.5 32.9 -0.31585 -0.0347356 34.6977 -0.333978 -0.0368002 7.12022
70019721 0 0.01 5.5 32.9 0.272792 0.0317586 6.71425 0.0564619 0.00510328 7.12022
70019923 0 0.01 5.50002 32.9 -0.348221 0.213127 41.7635 -0.442206 0.271972 7.12022
62000865 0 0.01 5.50002 32.9 0.211453 -0.215158 36.5471 0.233933 -0.239344 7.1205
62006550 0 0.01 5.5 32.9 0.0970939 -0.142415 18.0112 0.0528671 -0.0786295 7.1205
62007360 0 0.01 5.50001 32.9 -0.142327 -0.139395 5.15449 -0.022623 -0.0177626 7.1205
62008628 0 0.01 5.5 32.9 -0.213285 -0.0175212 41.4585 -0.269449 -0.0207943 7.1205
62010083 0 0.01 5.5 32.9 0.0134262 0.429282 14.4522 0.00946747 0.189496 7.1205
62011019 0 0.01 5.5 32.9 0.0372105 -0.446166 30.4054 0.0358527 -0.410295 7.1205
62011842 0 0.01 5.5 32.9 -0.266007 0.323028 3.94583 -0.0363302 0.0387987 7.1205
62017820 0 0.01 5.5 32.9 0.37105 -0.190664 8.46825 0.0911679 -0.0467341 7.1205
62018808 0 0.01 5.50002 32.9 0.183618 0.374929 9.02491 0.0510227 0.102178 7.1205
62020895 0 0.01 5.49982 32.9 0.345969 0.453356 26.635 0.280741 0.369174 7.1205
77001615 0 0.01 5.5 32.9 0.358194 -0.0783503 7.40574 0.0805196 -0.0141912 7.12792
77003833 0 0.01 5.5 32.9 0.109182 -0.286409 5.34027 0.0177446 -0.0401816 7.12792
77005446 0 0.01 5.50009 32.9 0.0538764 -0.156917 39.9354 0.0650366 -0.190388 7.12792
77005754 0 0.01 5.5 32.9 -0.256533 0.100958 31.0864 -0.243135 0.0966422 7.12792
77006057 0 0.01 5.5 32.9 0.139473 0.156231 3.98228 0.0173189 0.0168044 7.12792
77010706 0 0.01 5.49964 32.9 0.0305099 -0.469299 18.4752 0.0190494 -0.263943 7.12792
77013866 0 0.01 5.50001 32.9 0.367163 0.0350766 1.88681 0.0223776 0.00612086 7.12792
77015215 0 0.01 5.5 32.9 -0.111684 -0.196186 5.69894 -0.0176306 -0.0345344 7.12792
77016447 0 0.01 5.5 32.9 0.0916597 -0.0567165 45.0685 0.127406 -0.0752143 7.12792
77018018 0 0.01 5.49999 32.9 0.151238 -0.186589 26.829 0.123985 -0.149684 7.12792
76004971 0 0.01 5.49998 32.9 -0.0744416 -0.458307 54.1002 -0.123163 -0.754752 7.12218
76008083 0 0.01 5.5 32.9 -0.462598 -0.319397 2.41651 -0.0385567 -0.0169158 7.12218
76010321 0 0.01 5.5 32.9 -0.463492 -0.419589 6.84265 -0.0942678 -0.0873755 7.12218
76012302 0 0.01 5.50003 32.9 0.476791 -0.106688 21.2207 0.30685 -0.0680892 7.12218
76014032 0 0.01 5.49991 32.9 -0.101012 0.130812 19.3176 -0.059243 0.0791377 7.12218
76014200 0 0.01 5.50002 32.9 -0.047162 -0.123984 43.2232 -0.0623219 -0.162267 7.12218
76017843 0 0.01 5.50009 32.9 -0.0647701 -0.119084 23.0681 -0.0462619 -0.0815675 7.12218
76018849 0 0.01 5.50009 32.9 0.0104855 0.108997 14.9907 0.00289795 0.0511449 7.12218
76018866 0 0.01 5.50004 32.9 0.356581 0.00368043 37.1627 0.403067 0.00579992 7.12218
76019010 0 0.01 5.5 32.9 0.0227639 -0.275892 38.9946 0.0250335 -0.326603 7.12218
76019783 0 0.01 5.5 32.9 -0.354184 -0.464337 3.77944 -0.0371403 -0.0508131 7.12218
76020858 0 0.01 5.49999 32.9 -0.353706 0.200243 5.4515 -0.0590353 0.033797 7.12218
76022038 0 0.01 5.5 32.9 -0.171765 -0.247622 9.89107 -0.0526901 -0.075378 7.12218
61000789 0 0.01 5.50001 32.9 0.113171 -0.490748 12.8509 0.0432912 -0.19345 7.12453
61002875 0 0.01 5.5 32.9 -0.299856 -0.434378 5.41164 -0.0500683 -0.0716258 7.12453
61004037 0 0.01 5.50001 32.9 -0.0763624 0.309203 42.4269 -0.0986426 0.398794 7.12453
61006621 0 0.01 5.5 32.9 0.00809465 -0.389776 54.603 0.0136445 -0.647177 7.12453
61008035 0 0.01 5.5 32.9 -0.319857 -0.36295 11.5873 -0.113551 -0.12337 7.12453
61009644 0 0.01 5.5 32.9 0.391292 0.108475 3.78187 0.0418857 0.0131838 7.12453
61011245 0 0.01 5.5 32.9 0.184157 -0.268686 0.86197 0.0125859 -0.0110056 7.12453
61012066 0 0.01 5.49991 32.9 0.4245 0.269789 30.1409 0.389054 0.24834 7.12453
61016871 0 0.01 5.5 32.9 0.460429 0.383218 5.85884 0.0794754 0.0723114 7.12453
61018087 0 0.01 5.5 32.9 0.200222 0.463265 11.5032 0.0703426 0.162703 7.12453
75002951 0 0.01 5.49998 32.9 -0.467256 0.291402 51.341 -0.727071 0.456378 7.1215
75003407 0 0.01 5.5 32.9 0.33342 0.43416 3.86074 0.0377684 0.0506277 7.1215
75004669 0 0.01 5.50004 32.9 -0.272133 -0.169871 32.7176 -0.269449 -0.169417 7.1215
75004916 0 0.01 5.5 32.9 0.126054 -0.0859531 43.6386 0.163265 -0.11091 7.1215
75012116 0 0.01 5.49982 32.9 0.194182 -0.0433192 21.4548 0.126171 -0.0282104 7.1215
75016114 0 0.01 5.49996 32.9 -0.0433817 0.217363 59.5326 -0.0788643 0.394803 7.1215
75017612 0 0.01 5.5 32.9 -0.00887409 -0.394025 36.8803 -0.00997153 -0.440258 7.1215
75018219 0 0.01 5.49998 32.9 0.27785 -0.173106 47.0288 0.396576 -0.247116 7.1215
4003283 0 0.01 5.5 32.9 0.18547 0.492682 6.21591 0.0334746 0.0931669 7.13505
4003659 0 0.01 5.49991 32.9 0.125931 0.30809 29.1487 0.11145 0.275444 7.13505
4003815 0 0.01 5.49998 32.9 0.219873 -0.183744 71.4608 0.477224 -0.39769 7.13505
4010310 0 0.01 5.50004 32.9 0.19185 -0.459861 39.9584 0.233782 -0.557081 7.13505
4012336 0 0.01 5.49996 32.9 -0.22622 -0.471724 31.3472 -0.214981 -0.448908 7.13505
4016254 0 0.01 5.50009 32.9 0.349405 0.343972 38.5325 0.409399 0.402572 7.13505
4016363 0 0.01 5.5 32.9 0.0389473 0.437053 10.8021 0.012351 0.143449 7.13505
4016912 0 0.01 5.5 32.9 -0.270623 -0.282534 9.92613 -0.0834579 -0.0842583 7.13505
4021005 0 0.01 5.5 32.9 0.374238 -0.283492 34.1203 0.389109 -0.290806 7.13505
72000437 0 0.01 5.50002 32.9 0.0119887 -0.321046 29.8566 0.0115731 -0.29156 7.13338
72002155 0 0.01 5.50007 32.9 -0.293565 -0.410766 31.9013 -0.283745 -0.398353 7.13338
72004366 0 0.01 5.5 32.9 0.450456 0.0219352 62.3231 0.852751 0.0440765 7.13338
72004591 0 0.01 5.49999 32.9 -0.233513 -0.44075 44.0591 -0.313671 -0.588271 7.13338
72008719 0 0.01 5.50001 32.9 -0.308685 -0.145848 25.6578 -0.240897 -0.116507 7.13338
72009227 0 0.01 5.50009 32.9 0.184862 -0.213374 29.7522 0.167773 -0.193036 7.13338
72009491 0 0.01 5.49998 32.9 0.455982 -0.490045 43.6812 0.607381 -0.648857 7.13338
72010002 0 0.01 5.5 32.9 0.202733 -0.329036 4.34958 0.0255223 -0.0442424 7.13338
72010358 0 0.01 5.5 32.9 0.465788 -0.3826 2.83519 0.0411843 -0.034503 7.13338
72012377 0 0.01 5.5 32.9 0.173639 0.167096 1.98621 0.0104655 0.0100517 7.13338
72019277 0 0.01 5.5 32.9 0.284334 -0.0109872 2.17131 0.0123642 -0.00588141 7.13338
72020455 0 0.01 5.49998 32.9 0.373797 0.331274 3.47866 0.0420823 0.0365056 7.13338
72020761 0 0.01 5.50002 32.9 0.363964 -0.432711 40.5355 0.450245 -0.533385 7.13338
72020899 0 0.01 5.50004 32.9 0.29851 -0.108163 14.3667 0.13229 -0.0453702 7.13338
72021195 0 0.01 5.5 32.9 0.39239 -0.398105 2.37485 0.0283259 -0.0292425 7.13338
71000695 0 0.01 5.49929 32.9 -0.484758 -0.271322 16.0429 -0.237362 -0.132439 7.12649
71001866 0 0.01 5.5 32.9 0.446034 -0.378893 7.15775 0.09759 -0.0814889 7.12649
71003268 0 0.01 5.5 32.9 -0.163544 0.407126 1.13421 -0.00365672 0.0104872 7.12649
71004712 0 0.01 5.5 32.9 0.248621 0.404295 3.97717 0.0324411 0.0452491 7.12649
71005868 0 0.01 5.49996 32.9 0.279871 -0.194865 47.3428 0.402602 -0.281181 7.12649
71007105 0 0.01 5.5 32.9 -0.231626 0.22231 6.92667 -0.0461583 0.0492212 7.12649
71008450 0 0.01 5.5 32.9 0.0770132 0.336946 4.64685 0.0114312 0.0469963 7.12649
71009410 0 0.01 5.5 32.9 -0.421028 -0.329566 3.5383 -0.0460413 -0.0353504 7.12649
71017518 0 0.01 5.5 32.9 0.146279 -0.328767 56.6428 0.253388 -0.564516 7.12649
71018540 0 0.01 5.5 32.9 -0.231224 0.0202351 6.30278 -0.0427242 0.00209289 7.12649
71018585 0 0.01 5.5 32.9 -0.348719 0.0512606 39.0992 -0.41362 0.0612366 7.12649
71021349 0 0.01 5.49991 32.9 -0.295676 -0.360174 12.319 -0.109883 -0.13517 7.12649
60000343 0 0.01 5.5 32.9 0.435517 0.476825 3.9261 0.0541335 0.0595904 7.11642
60001425 0 0.01 5.5 32.9 0.285015 0.46491 3.82892 0.0332289 0.0540568 7.11642
60002002 0 0.01 5.5 32.9 -0.296881 -0.323606 6.64656 -0.0606668 -0.0665513 7.11642
60006818 0 0.01 5.5 32.9 -0.12699 0.286772 11.7341 -0.0443212 0.106154 7.11642
60008665 0 0.01 5.49998 32.9 -0.461764 0.338077 7.78515 -0.106617 0.0813414 7.11642
60009684 0 0.01 5.5 32.9 0.44642 0.46096 2.04497 0.022978 0.029991 7.11642
60010482 0 0.01 5.5 32.9 0.259093 0.364582 37.4639 0.293254 0.416679 7.11642
60012877 0 0.01 5.5 32.9 0.0954831 -0.0686713 38.7269 0.111373 -0.0805121 7.11642
60013371 0 0.01 5.5 32.9 -0.322452 -0.341755 3.32761 -0.0343502 -0.035013 7.11642
60013495 0 0.01 5.5 32.9 0.204936 -0.380699 4.34707 0.0269895 -0.0465475 7.11642
60014919 0 0.01 5.49964 32.9 0.425754 0.371769 16.8098 0.218309 0.191549 7.11642
60015559 0 0.01 5.49999 32.9 -0.355594 0.00234687 41.6147 -0.45046 0.00443164 7.11642
60016311 0 0.01 5.5 32.9 0.408933 -0.181014 23.556 0.293211 -0.129035 7.11642
60017537 0 0.01 5.5 32.9 0.291654 -0.110621 4.84077 0.041125 -0.0157432 7.11642
60018464 0 0.01 5.50002 32.9 -0.232801 0.396785 41.3881 -0.292075 0.500763 7.11642
58000835 0 0.01 5.50004 32.9 -0.451648 -0.31612 34.315 -0.471535 -0.328812 7.11534
58001932 0 0.01 5.49999 32.9 0.450921 -0.0684615 45.9942 0.631138 -0.0950579 7.11534
58003648 0 0.01 5.5 32.9 -0.252845 -0.0310155 4.53708 -0.0322562 -0.00867751 7.11534
58010858 0 0.01 5.5 32.9 -0.00321515 0.153675 10.2782 -0.000508208 0.0468298 7.11534
58015927 0 0.01 5.5 32.9 -0.262423 0.219596 53.6899 -0.431316 0.357766 7.11534
58017650 0 0.01 5.5 32.9 -0.0444408 0.291757 7.66516 -0.00751378 0.0673917 7.11534
58018687 0 0.01 5.50001 32.9 0.169644 0.0550918 40.4331 0.208624 0.0699956 7.11534
58020261 0 0.01 5.50002 32.9 0.161309 -0.325766 128.615 0.628912 -1.27494 7.11534
59002530 0 0.01 5.5 32.9 -0.0341684 0.179328 13.1828 -0.0134258 0.0737005 7.11582
59003217 0 0.01 5.5 32.9 0.0860574 0.0132671 8.08969 0.0206711 0.0029859 7.11582
59003686 0 0.01 5.50001 32.9 0.281697 0.492846 8.75389 0.0736349 0.128461 7.11582
59004776 0 0.01 5.5 32.9 0.0629047 -0.289827 6.01752 0.0133184 -0.0524182 7.11582
59007606 0 0.01 5.5 32.9 -0.259681 0.111721 5.27472 -0.0435491 0.0167497 7.11582
59008901 0 0.01 5.5 32.9 -0.349758 -0.198026 5.63245 -0.0613031 -0.0317021 7.11582
59013045 0 0.01 5.5 32.9 -0.169197 -0.203083 6.18076 -0.0325085 -0.0381718 7.11582
59017142 0 0.01 5.49996 32.9 0.187088 0.20939 25.644 0.146321 0.164126 7.11582
59018138 0 0.01 5.50001 32.9 0.103593 -0.223094 38.4642 0.121559 -0.260321 7.11582
59021921 0 0.01 5.50004 32.9 -0.304327 0.0769433 36.1413 -0.334627 0.0846154 7.11582
3000747 0 0.01 5.5 32.9 0.39774 -0.108779 8.55228 0.102139 -0.0275509 7.11074
3001640 0 0.01 5.49996 32.9 0.236001 -0.304024 35.8469 0.257285 -0.328756 7.11074
3001885 0 0.01 5.50004 32.9 0.163863 -0.138986 29.5645 0.144447 -0.124697 7.11074
3003591 0 0.01 5.5 32.9 0.23574 0.20512 1.20586 0.0171276 0.0154845 7.11074
3003592 0 0.01 5.49982 32.9 -0.15032 -0.426744 27.285 -0.126658 -0.354596 7.11074
3003833 0 0.01 5.50002 32.9 0.250166 -0.452744 40.5919 0.306373 -0.558026 7.11074
3004008 0 0.01 5.49999 32.9 -0.295237 -0.0542431 14.0626 -0.125305 -0.0226549 7.11074
3005400 0 0.01 5.50001 32.9 0.0520047 0.21607 5.10654 0.0138004 0.0340997 7.11074
3006633 0 0.01 5.5 32.9 -0.360019 0.161836 38.5826 -0.420936 0.191156 7.11074
3008204 0 0.01 5.5 32.9 -0.334782 -0.129925 6.0185 -0.0627277 -0.0216862 7.11074
3011432 0 0.01 5.5 32.9 0.293564 -0.0785934 1.95437 0.0125306 -0.00912438 7.11074
3018834 0 0.01 5.5 32.9 0.145338 0.0224238 3.23275 0.0104895 -0.00314489 7.11074
3018919 0 0.01 5.5 32.9 0.320675 0.108696 4.36329 0.042377 0.0159077 7.11074
3019360 0 0.01 5.49998 32.9 0.0222656 -0.494144 43.6271 0.028431 -0.653047 7.11074
3021278 0 0.01 5.5 32.9 0.422681 0.415416 2.98652 0.0413952 0.034278 7.11074
3021638 0 0.01 5.5 32.9 0.341974 -0.352483 3.61497 0.0395375 -0.0389176 7.11074
48003229 0 0.01 5.49997 32.9 -0.209555 -0.0916693 42.0369 -0.268983 -0.113703 7.13182
48003613 0 0.01 5.5 32.9 -0.0119915 -0.0528309 3.05645 -0.00326485 -0.0063133 7.13182
48004348 0 0.01 5.5 32.9 0.0163267 -0.453121 10.3988 0.00614655 -0.140579 7.13182
48009324 0 0.01 5.50009 32.9 -0.372382 0.486254 31.3743 -0.355621 0.463826 7.13182
48010304 0 0.01 5.49999 32.9 0.321832 -0.44555 27.8225 0.27134 -0.377108 7.13182
48013586 0 0.01 5.49996 32.9 -0.0790598 -0.0947233 39.0178 -0.0947487 -0.110051 7.13182
48013812 0 0.01 5.50004 32.9 0.206762 0.0454822 32.9937 0.206986 0.0453207 7.13182
48015054 0 0.01 5.5 32.9 0.450981 -0.0179024 5.47751 0.0732999 -0.00369088 7.13182
48015917 0 0.01 5.5 32.9 0.376449 0.444251 14.9075 0.171601 0.201421 7.13182
48020080 0 0.01 5.5 32.9 -0.315235 -0.238727 16.3558 -0.157247 -0.12029 7.13182
48020223 0 0.01 5.5 32.9 0.308197 0.472659 32.8855 0.306774 0.474947 7.13182
48021536 0 0.01 5.5 32.9 -0.474675 -0.324057 3.14369 -0.0462601 -0.0276124 7.13182
47001858 0 0.01 5.5 32.9 0.0865202 -0.269115 20.628 0.0537618 -0.168722 7.1104
47004105 0 0.01 5.5 32.9 0.372856 0.0387208 4.69718 0.0503399 0.0068838 7.1104
47004439 0 0.01 5.50001 32.9 0.361807 -0.387159 43.6136 0.478465 -0.514269 7.1104
47005683 0 0.01 5.50001 32.9 0.473871 0.303269 45.5113 0.655981 0.421177 7.1104
47006399 0 0.01 5.49982 32.9 0.295073 -0.435515 29.1136 0.261307 -0.386361 7.1104
47006777 0 0.01 5.5 32.9 0.11878 -0.447083 11.2601 0.0418614 -0.15371 7.1104
47008099 0 0.01 5.50009 32.9 0.357946 -0.394463 28.4069 0.308376 -0.340199 7.1104
47008436 0 0.01 5.5 32.9 -0.456763 0.443297 6.71009 -0.0941428 0.0918571 7.1104
47008704 0 0.01 5.5 32.9 0.271752 0.226096 3.46253 0.0285211 0.0244795 7.1104
47010161 0 0.01 5.49998 32.9 0.196391 -0.366462 48.0773 0.284877 -0.534946 7.1104
47011667 0 0.01 5.5 32.9 0.158851 -0.164785 1.39656 0.00508474 -0.00115381 7.1104
47012469 0 0.01 5.5 32.9 0.188335 0.278647 14.6653 0.0836932 0.126479 7.1104
47012683 0 0.01 5.5 32.9 -0.410556 0.349324 5.98978 -0.0711578 0.0634576 7.1104
47015669 0 0.01 5.5 32.9 0.164711 -0.474142 2.59413 0.0113995 -0.0396201 7.1104
47016227 0 0.01 5.50018 32.9 -0.36713 0.437219 27.8766 -0.311406 0.370688 7.1104
47018348 0 0.01 5.5 32.9 0.396308 -0.339949 2.79039 0.0360241 -0.0255755 7.1104
98000842 0 0.01 5.50007 32.9 0.307363 -0.181878 35.1322 0.330131 -0.192938 7.1212
98002592 0 0.01 5.50002 32.9 0.469945 0.349897 35.4066 0.506078 0.376392 7.1212
98002629 0 0.01 5.50004 32.9 -0.137976 -0.0557158 31.2239 -0.132294 -0.0522715 7.1212
98002882 0 0.01 5.5 32.9 -0.310758 -0.122593 3.24073 -0.0305329 -0.00897143 7.1212
98002979 0 0.01 5.5 32.9 0.259107 -0.289748 46.8995 0.368297 -0.41143 7.1212
98004285 0 0.01 5.5 32.9 -0.0957337 -0.248599 3.27114 -0.00955528 -0.0244544 7.1212
98006586 0 0.01 5.49991 32.9 -0.105028 -0.205743 29.0202 -0.0919444 -0.182739 7.1212
98007086 0 0.01 5.49999 32.9 0.0301352 0.350003 41.2003 0.0385585 0.438937 7.1212
98009883 0 0.01 5.50001 32.9 0.291915 -0.20383 58.0393 0.515006 -0.360546 7.1212
98010493 0 0.01 5.49929 32.9 -0.249825 -0.497733 14.3423 -0.110081 -0.217091 7.1212
98013576 0 0.01 5.49998 32.9 -0.0381866 -0.287276 45.0951 -0.0533097 -0.392666 7.1212
98014245 0 0.01 5.50009 32.9 -0.349931 -0.0784104 37.1467 -0.393374 -0.0873089 7.1212
98021065 0 0.01 5.50001 32.9 0.0737958 0.0474203 34.7313 0.0778223 0.0492535 7.1212
98021359 0 0.01 5.5 32.9 -0.212937 -0.351547 37.5927 -0.243201 -0.402451 7.1212
97000133 0 0.01 5.50001 32.9 0.00811794 -0.338199 45.1247 0.0105157 -0.463378 7.11492
97001164 0 0.01 5.5 32.9 0.185098 -0.207795 9.55663 0.0518335 -0.0602473 7.11492
97001498 0 0.01 5.5 32.9 -0.207157 0.41257 5.82446 -0.0351586 0.0750361 7.11492
97002675 0 0.01 5.5 32.9 0.358478 -0.425233 2.24544 0.0265689 -0.0283969 7.11492
97004747 0 0.01 5.49964 32.9 0.313142 0.126221 17.4773 0.165003 0.0672669 7.11492
97004838 0 0.01 5.49996 32.9 0.470249 0.40841 35.1532 0.5016 0.437114 7.11492
97005735 0 0.01 5.5 32.9 0.190083 -0.0205283 46.2971 0.268196 -0.0280665 7.11492
97006135 0 0.01 5.5 32.9 0.163455 0.114835 5.0239 0.0233576 0.0192103 7.11492
97009746 0 0.01 5.49996 32.9 -0.445129 -0.232829 33.7173 -0.457332 -0.236713 7.11492
97012641 0 0.01 5.49998 32.9 -0.429983 -0.416914 40.2818 -0.525159 -0.510713 7.11492
97012749 0 0.01 5.50001 32.9 0.475508 -0.3667 48.4168 0.699911 -0.538529 7.11492
97014748 0 0.01 5.5 32.9 -0.158907 -0.084597 5.59399 -0.0281822 -0.0137515 7.11492
97016315 0 0.01 5.5 32.9 -0.082011 -0.301653 8.8364 -0.0225646 -0.0816382 7.11492
97017929 0 0.01 5.5 32.9 0.36868 0.117339 7.12272 0.0814986 0.0275976 7.11492
97019072 0 0.01 5.5 32.9 -0.261974 -0.315431 5.03673 -0.0429789 -0.0488044 7.11492
97021383 0 0.01 5.5 32.9 -0.126834 0.209325 10.8413 -0.0404907 0.0669874 7.11492
97021674 0 0.01 5.5 32.9 -0.32902 -0.0182447 44.3412 -0.44415 -0.0225733 7.11492
96002640 0 0.01 5.5 32.9 0.426458 -0.46848 0.319004 0.0148629 0.0101619 7.11325
96002840 0 0.01 5.5 32.9 -0.171522 0.375808 41.7999 -0.219497 0.478036 7.11325
96004959 0 0.01 5.5 32.9 0.11945 0.0636506 2.51562 0.0104896 0.00662377 7.11325
96009305 0 0.01 5.5 32.9 -0.43291 -0.102852 51.0711 -0.672702 -0.159225 7.11325
96009458 0 0.01 5.49999 32.9 0.425883 0.0458662 47.8416 0.617025 0.0666259 7.11325
96010671 0 0.01 5.49999 32.9 0.349409 -0.338734 37.9481 0.404328 -0.389679 7.11325
96012264 0 0.01 5.5 32.9 -0.408489 0.323528 4.03607 -0.0536781 0.0416144 7.11325
96012783 0 0.01 5.5 32.9 0.222094 -0.088346 32.3049 0.219294 -0.0865241 7.11325
96013810 0 0.01 5.5 32.9 0.355566 0.0642076 2.79982 0.0287292 0.0109401 7.11325
96015691 0 0.01 5.5 32.9 -0.18769 -0.441831 9.10751 -0.0528277 -0.119868 7.11325
96015897 0 0.01 5.50004 32.9 0.49146 0.115103 38.5412 0.575644 0.134893 7.11325
96018363 0 0.01 5.5 32.9 0.292012 -0.181429 6.32211 0.058031 -0.0366698 7.11325
95001926 0 0.01 5.5 32.9 -0.172868 -0.215758 38.8266 -0.203592 -0.252082 7.11554
95002627 0 0.01 5.50007 32.9 -0.399138 0.349591 39.7667 -0.479233 0.423266 7.11554
95008005 0 0.01 5.5 32.9 -0.328504 -0.0656142 2.452 -0.0299696 -0.00119863 7.11554
95009007 0 0.01 5.49998 32.9 0.0649443 -0.441939 39.155 0.07664 -0.52558 7.11554
95011435 0 0.01 5.50001 32.9 0.29876 0.0756262 13.8339 0.125317 0.0319203 7.11554
95014065 0 0.01 5.49996 32.9 0.492909 0.0609539 33.6883 0.507049 0.0654072 7.11554
95014614 0 0.01 5.50007 32.9 0.215316 0.393943 41.7181 0.273905 0.501798 7.11554
95014962 0 0.01 5.5 32.9 0.328026 0.418064 5.9054 0.0608253 0.0747133 7.11554
95016493 0 0.01 5.5 32.9 -0.168069 -0.124667 57.8189 -0.295591 -0.220496 7.11554
95016764 0 0.01 5.5 32.9 0.216689 0.269488 23.1147 0.15031 0.192022 7.11554
95018716 0 0.01 5.5 32.9 -0.229883 -0.442068 23.1249 -0.162229 -0.310578 7.11554
95021207 0 0.01 5.5 32.9 -0.252576 0.396392 32.7109 -0.24995 0.397522 7.11554
94000261 0 0.01 5.49999 32.9 0.332017 0.323927 54.6559 0.549884 0.538022 6.81695
94005189 0 0.01 5.5 32.9 0.162131 -0.465057 8.19606 0.043271 -0.114416 6.81695
94006149 0 0.01 5.49999 32.9 0.0593264 0.423007 9.97014 0.01886 0.129122 6.81695
94007249 0 0.01 5.5 32.9 0.321022 -0.345025 9.8892 0.0968923 -0.104185 6.81695
94007681 0 0.01 5.5 32.9 0.409865 -0.0189728 55.6481 0.694149 -0.0301508 6.81695
94007818 0 0.01 5.50003 32.9 -0.466151 0.408489 45.368 -0.642432 0.562894 6.81695
94011525 0 0.01 5.5 32.9 -0.0338221 0.15195 7.78041 -0.0068536 0.0359276 6.81695
94012343 0 0.01 5.5 32.9 0.210884 -0.0396085 9.75386 0.0629774 -0.0100239 6.81695
94014974 0 0.01 5.5 32.9 0.0880629 -0.34558 6.56829 0.0175392 -0.0690631 6.81695
94015450 0 0.01 5.49964 32.9 -0.136803 0.254436 38.6575 -0.163257 0.298886 6.81695
94018234 0 0.01 5.50071 32.9 -0.00432444 0.275993 12.2601 -0.00164054 0.101445 6.81695
94020220 0 0.01 5.5 32.9 -0.0209448 0.0330623 8.86105 -0.00634544 0.0069527 6.81695
94020863 0 0.01 5.49997 32.9 -0.458232 0.0124974 50.8178 -0.706139 0.0198062 6.81695
