69 2 0.01 0.9 32.9 0.0989871 0.224002 12.3863 0.0383874 0.0853058 160.168
2689 2 0.01 0.9 32.9 -0.222168 -0.404398 1.22511 -0.0127268 -0.0139397 160.168
4780 2 0.01 0.9 32.9 0.36903 0.397633 0.924789 0.00803157 0.0143246 160.168
5041 2 0.01 0.9 32.9 0.101564 -0.493765 0.556839 -0.00454528 -0.0100965 160.168
5617 2 0.01 0.9 32.9 0.195639 -0.208328 2.56608 0.013458 -0.0152158 160.168
5802 2 0.01 0.9 32.9 -0.49921 -0.447672 2.30208 -0.0383179 -0.028928 160.168
5924 2 0.01 0.9 32.9 -0.314823 -0.484859 0.74257 -0.011928 -0.0104708 160.168
6510 2 0.01 0.9 32.9 0.184418 0.110921 1.12518 0.00523349 0.00541927 160.168
9322 2 0.01 0.9 32.9 0.150934 0.475224 6.14207 0.0289252 0.0888502 160.168
9633 2 0.01 0.9 32.9 0.4851 0.0959602 2.62899 0.0421446 0.00739611 160.168
9938 2 0.01 0.9 32.9 -0.00482077 -0.0385435 0.7298 0.00274562 -0.00105914 160.168
11611 2 0.01 0.9 32.9 -0.170573 0.162734 5.35187 -0.030662 0.0287525 160.168
13013 2 0.01 0.9 32.9 0.0352875 0.131963 1.14691 -0.00118151 0.00762642 160.168
15368 2 0.01 0.9 32.9 0.413453 -0.00887596 2.37497 0.0305873 -0.00034248 160.168
17557 2 0.01 0.9 32.9 0.111203 0.296363 3.47858 0.00942375 0.0328534 160.168
18856 2 0.01 0.9 32.9 0.445408 -0.337838 2.39848 0.0330401 -0.0222587 160.168
23356 2 0.01 0.9 32.9 0.256559 -0.299318 4.83606 0.0367811 -0.0422746 160.168
26317 2 0.01 0.9 32.9 -0.40766 0.01367 1.56824 -0.0197238 0.000774168 160.168
26906 2 0.01 0.9 32.9 0.418888 0.0741764 7.56627 0.0959978 0.0149966 160.168
28139 2 0.01 0.9 32.9 -0.187551 0.352563 1.73501 -0.0102905 0.0215879 160.168
28830 2 0.01 0.9 32.9 0.214272 0.170795 1.90207 0.0104062 0.00937155 160.168
31289 2 0.01 0.9 32.9 -0.0534368 0.297154 3.09644 -0.00716496 0.0289356 160.168
34069 2 0.01 0.9 32.9 -0.211222 -0.0857178 0.719841 -0.00518501 -0.00498526 160.168
34408 2 0.01 0.9 32.9 0.0888213 -0.135528 17.5535 0.0485809 -0.0717304 160.168
39182 2 0.01 0.9 32.9 0.405912 -0.423222 3.52652 0.0434394 -0.0448204 160.168
39499 2 0.01 0.9 32.9 0.0122526 0.124696 3.55977 0.0017085 0.0138986 160.168
39632 2 0.01 0.9 32.9 0.16444 0.350956 3.00352 0.0132039 0.0303915 160.168
41130 2 0.01 0.9 32.9 0.195527 0.421333 5.05365 0.028705 0.0664941 160.168
47056 2 0.01 0.9 32.9 0.0246217 -0.136982 1.82783 0.0019362 -0.00701358 160.168
48101 2 0.01 0.9 32.9 0.471021 -0.200496 2.52701 0.0381548 -0.0159798 160.168
49542 2 0.01 0.9 32.9 0.115417 0.0588261 1.68429 0.00905505 0.00276112 160.168
49579 2 0.01 0.9 32.9 0.262058 0.166558 1.57089 0.0139348 0.00747117 160.168
52213 2 0.01 0.9 32.9 -0.298133 0.00404324 4.43768 -0.0408505 -0.000441166 160.168
52515 2 0.01 0.9 32.9 0.439513 0.00272595 1.66168 0.0222558 0.00246804 160.168
52670 2 0.01 0.9 32.9 0.315749 -0.335485 1.89106 0.0166444 -0.0192751 160.168
52768 2 0.01 0.9 32.9 -0.433234 -0.320192 1.82427 -0.0274557 -0.0164725 160.168
53887 2 0.01 0.9 32.9 -0.345008 0.491855 4.61118 -0.0480433 0.0717898 160.168
54667 2 0.01 0.9 32.9 0.347669 -0.110398 5.65963 0.0608651 -0.0178188 160.168
58027 2 0.01 0.9 32.9 0.081572 -0.0487948 2.05568 0.00701882 -0.0033227 160.168
60201 2 0.01 0.9 32.9 0.12805 -0.482837 4.36253 0.0153842 -0.0641717 160.168
61748 2 0.01 0.9 32.9 0.227786 0.410974 7.13816 0.0497941 0.0891694 160.168
63187 2 0.01 0.9 32.9 0.450064 0.00867313 3.25997 0.0417168 0.00144246 160.168
65241 2 0.01 0.9 32.9 -0.433648 -0.293486 2.3395 -0.0326947 -0.0190008 160.168
65791 2 0.01 0.9 32.9 0.160087 0.0716776 0.786367 -0.000963359 0.00398163 160.168
66686 2 0.01 0.9 32.9 -0.146042 -0.47933 9.65051 -0.0413443 -0.138275 160.168
68593 2 0.01 0.9 32.9 -0.435735 -0.0880519 2.13417 -0.0280496 -0.00457259 160.168
73529 2 0.01 0.9 32.9 -0.178026 -0.420872 1.60302 -0.0138573 -0.0199181 160.168
75127 2 0.01 0.9 32.9 0.46901 -0.288549 8.27861 0.118602 -0.072462 160.168
75508 2 0.01 0.9 32.9 -0.498187 -0.247673 3.56629 -0.0543968 -0.0257068 160.168
77881 2 0.01 0.9 32.9 -0.170423 0.21151 1.83071 -0.00923767 0.0122408 160.168
78842 2 0.01 0.9 32.9 0.192286 0.100572 1.52956 0.00768643 0.00630488 160.168
78851 2 0.01 0.9 32.9 -0.189319 0.275175 1.56151 -0.00928859 0.0138388 160.168
79102 2 0.01 0.9 32.9 -0.157635 0.342576 2.61669 -0.0123769 0.0282724 160.168
81883 2 0.01 0.9 32.9 0.279313 -0.0262844 2.78296 0.0245031 -0.0019539 160.168
83822 2 0.01 0.9 32.9 -0.324162 0.196016 3.94957 -0.0395583 0.0252195 160.168
88662 2 0.01 0.9 32.9 -0.412668 0.391455 2.4837 -0.0308796 0.0287311 160.168
90140 2 0.01 0.9 32.9 0.325298 -0.103054 6.03849 0.0592301 -0.0195232 160.168
90395 2 0.01 0.9 32.9 -0.0935269 -0.0516504 7.27599 -0.0204381 -0.0104522 160.168
94523 2 0.01 0.9 32.9 -0.291996 -0.412519 0.886663 -0.00971743 -0.00950528 160.168
94674 2 0.01 0.9 32.9 -0.0626724 0.481759 2.08285 -0.00370254 0.030898 160.168
97019 2 0.01 0.9 32.9 -0.221721 -0.133679 3.12359 -0.0218898 -0.0116107 160.168
102991 2 0.01 0.9 32.9 -0.38413 -0.149908 1.5645 -0.0192905 -0.00639033 160.168
103629 2 0.01 0.9 32.9 -0.37344 -0.453973 3.17888 -0.0363715 -0.0439152 160.168
111852 2 0.01 0.9 32.9 -0.195666 -0.436849 3.7196 -0.0223293 -0.0468633 160.168
112246 2 0.01 0.9 32.9 0.101762 0.332828 8.1895 0.0262006 0.0830853 160.168
112742 2 0.01 0.9 32.9 -0.00558068 -0.120263 0.956676 -0.00356401 -0.00408866 160.168
112762 2 0.01 0.9 32.9 0.217892 -0.347805 1.50249 0.00935892 -0.0166408 160.168
112955 2 0.01 0.9 32.9 0.0604454 -0.169567 4.5655 0.00913487 -0.0225867 160.168
113793 2 0.01 0.9 32.9 -0.0530809 0.270547 2.4215 -0.00225882 0.0230424 160.168
113977 2 0.01 0.9 32.9 -0.414005 0.103791 6.88878 -0.0860011 0.0244793 160.168
119430 2 0.01 0.9 32.9 0.063986 0.211723 2.31963 0.0031747 0.0129413 160.168
123506 2 0.01 0.9 32.9 -0.25492 0.118469 1.94535 -0.0158279 0.00700851 160.168
124163 2 0.01 0.9 32.9 0.407347 -0.467861 1.50949 0.017168 -0.0188374 160.168
124509 2 0.01 0.9 32.9 -0.0118956 -0.373683 2.57618 -4.198e-05 -0.029907 160.168
125060 2 0.01 0.9 32.9 -0.0343598 0.200868 5.05331 -0.00357707 0.0313522 160.168
126450 2 0.01 0.9 32.9 -0.0227775 0.454336 0.909816 -0.000628269 0.0125675 160.168
126847 2 0.01 0.9 32.9 0.0274164 -0.251761 3.34613 0.00370986 -0.0242018 160.168
127928 2 0.01 0.9 32.9 0.173866 0.131104 2.23343 0.00911327 0.00871905 160.168
128897 2 0.01 0.9 32.9 0.288522 -0.293778 4.6595 0.0405462 -0.0404342 160.168
129912 2 0.01 0.9 32.9 0.321801 -0.22295 3.03878 0.0283246 -0.0206445 160.168
130951 2 0.01 0.9 32.9 0.0955867 -0.0386242 2.30302 0.0078369 -0.0031638 160.168
135219 2 0.01 0.9 32.9 0.125394 0.0661398 1.33998 0.00534567 0.00419238 160.168
138348 2 0.01 0.9 32.9 -0.376689 -0.479662 1.65637 -0.0181619 -0.0240881 160.168
138554 2 0.01 0.9 32.9 -0.381246 0.346773 3.14153 -0.0378346 0.0318734 160.168
139860 2 0.01 0.9 32.9 -0.41059 0.140167 3.09473 -0.0369941 0.0148468 160.168
143200 2 0.01 0.9 32.9 -0.394271 0.231624 2.32707 -0.0275117 0.0163393 160.168
145015 2 0.01 0.9 32.9 0.343442 -0.496121 7.06495 0.0747635 -0.105174 160.168
145145 2 0.01 0.9 32.9 -0.159259 -0.0989485 7.75288 -0.0347217 -0.0224851 160.168
145601 2 0.01 0.9 32.9 -0.110339 -0.406385 2.60863 -0.0116291 -0.0319171 160.168
145874 2 0.01 0.9 32.9 0.155149 -0.486109 2.19865 0.00996044 -0.0311318 160.168
146578 2 0.01 0.9 32.9 0.0953094 -0.466727 1.36259 0.00386676 -0.0205991 160.168
146670 2 0.01 0.9 32.9 -0.45165 -0.059418 4.59431 -0.0646912 -0.0063855 160.168
148539 2 0.01 0.9 32.9 -0.399123 0.361264 0.769387 -0.00765445 0.00956373 160.168
151021 2 0.01 0.9 32.9 0.0695845 0.328651 1.38702 0.00309337 0.0145965 160.168
153864 2 0.01 0.9 32.9 -0.325683 -0.493492 2.81846 -0.027953 -0.0423845 160.168
155864 2 0.01 0.9 32.9 -0.175073 -0.221294 1.08948 -0.00673069 -0.00616357 160.168
156213 2 0.01 0.9 32.9 0.456527 -0.397845 2.91105 0.0400469 -0.0360487 160.168
158779 2 0.01 0.9 32.9 -0.0438458 -0.273713 1.62377 -0.00198305 -0.0131221 160.168
159407 2 0.01 0.9 32.9 0.0156669 -0.496917 1.28174 0.000308663 -0.0176437 160.168
161126 2 0.01 0.9 32.9 -0.225869 -0.126509 4.49912 -0.0309877 -0.0176355 160.168
161698 2 0.01 0.9 32.9 0.306212 -0.330137 1.85761 0.0171836 -0.0184568 160.168
162649 2 0.01 0.9 32.9 0.131637 0.131975 1.03032 0.002749 0.00474826 160.168
162746 2 0.01 0.9 32.9 0.061817 0.142087 1.80777 0.00564156 0.00832393 160.168
163521 2 0.01 0.9 32.9 0.0334842 0.244934 3.94668 0.00367129 0.032178 160.168
165750 2 0.01 0.9 32.9 0.419342 0.310623 2.28005 0.0275334 0.0236897 160.168
167790 2 0.01 0.9 32.9 0.0140542 0.139045 4.73774 0.00122756 0.0237822 160.168
167853 2 0.01 0.9 32.9 -0.411377 -0.261087 2.54678 -0.0340996 -0.0202925 160.168
169244 2 0.01 0.9 32.9 0.214704 0.485844 1.77873 0.00920292 0.0289091 160.168
173298 2 0.01 0.9 32.9 -0.467851 -0.257665 1.58292 -0.0217912 -0.0130914 160.168
175557 2 0.01 0.9 32.9 0.242508 -0.368018 2.0612 0.0135677 -0.0211782 160.168
176754 2 0.01 0.9 32.9 -0.41815 0.122216 2.61852 -0.0305791 0.00961316 160.168
176851 2 0.01 0.9 32.9 0.120076 0.0746819 2.21546 0.00735853 0.00695789 160.168
176972 2 0.01 0.9 32.9 -0.334185 -0.353277 0.517932 -0.00316411 -0.000924006 160.168
178277 2 0.01 0.9 32.9 0.018509 0.311647 1.66393 -9.25101e-06 0.0156687 160.168
178828 2 0.01 0.9 32.9 0.129462 0.02543 3.9668 0.0145365 0.00393892 160.168
180657 2 0.01 0.9 32.9 0.1901 0.258385 2.00186 0.0105943 0.0166833 160.168
180727 2 0.01 0.9 32.9 -0.122785 0.479412 1.82194 -0.00991218 0.028692 160.168
181020 2 0.01 0.9 32.9 -0.0499853 0.491416 1.03659 -0.00253361 0.0152342 160.168
181565 2 0.01 0.9 32.9 -0.000921956 0.431039 3.09668 -0.00261521 0.0395356 160.168
183532 2 0.01 0.9 32.9 0.124862 -0.155084 0.634283 0.00520076 -0.0065177 160.168
188259 2 0.01 0.9 32.9 0.100549 0.44366 2.40021 0.0112347 0.0342568 160.168
190101 2 0.01 0.9 32.9 -0.0515158 0.0438938 2.49424 -0.00435762 0.00207191 160.168
190297 2 0.01 0.9 32.9 0.493658 0.277519 2.14 0.0350765 0.0179713 160.168
191397 2 0.01 0.9 32.9 -0.0300417 0.0537587 2.48554 -0.00155054 0.00432563 160.168
192559 2 0.01 0.9 32.9 0.294614 0.0442974 0.483762 0.00576897 -7.89107e-05 160.168
194539 2 0.01 0.9 32.9 -0.412055 -0.459173 1.22413 -0.0154933 -0.0176167 160.168
194614 2 0.01 0.9 32.9 0.112259 -0.0784564 2.10797 0.00659959 -0.00411958 160.168
195505 2 0.01 0.9 32.9 -0.29551 0.139385 1.23589 -0.00999364 0.00582616 160.168
198902 2 0.01 0.9 32.9 0.118518 -0.040802 8.26703 0.0311101 -0.00852056 160.168
200611 2 0.01 0.9 32.9 0.45082 -0.433044 2.7833 0.0358875 -0.0341121 160.168
206591 2 0.01 0.9 32.9 -0.451369 -0.319396 3.15954 -0.0427138 -0.0278506 160.168
206624 2 0.01 0.9 32.9 -0.0647582 -0.238531 3.64925 -0.00743848 -0.0285713 160.168
209547 2 0.01 0.9 32.9 0.0429926 0.430903 2.10794 0.00360498 0.0290416 160.168
210831 2 0.01 0.9 32.9 -0.0748728 0.115223 3.36852 -0.00573845 0.0112419 160.168
210884 2 0.01 0.9 32.9 0.238522 -0.31027 2.15717 0.0149739 -0.0203675 160.168
216157 2 0.01 0.9 32.9 -0.0635333 0.183746 7.93413 -0.0163888 0.0463816 160.168
219265 2 0.01 0.9 32.9 -0.245095 -0.199224 1.83481 -0.011744 -0.00874146 160.168
219915 2 0.01 0.9 32.9 -0.00108227 0.205538 1.57623 -0.00147771 0.00921349 160.168
227643 2 0.01 0.9 32.9 -0.0689843 -0.298264 1.70648 -0.00285702 -0.0137349 160.168
227770 2 0.01 0.9 32.9 0.160017 0.371534 3.93175 0.0196235 0.0459681 160.168
229962 2 0.01 0.9 32.9 -0.222329 -0.450202 2.58759 -0.0173886 -0.0350168 160.168
230194 2 0.01 0.9 32.9 0.253713 -0.136638 2.25125 0.016885 -0.00731843 160.168
230733 2 0.01 0.9 32.9 0.041205 0.266264 2.85522 0.00470909 0.0261918 160.168
231001 2 0.01 0.9 32.9 -0.313046 -0.0724241 2.50939 -0.0264843 -0.00856394 160.168
231793 2 0.01 0.9 32.9 -0.248906 -0.159832 22.1219 -0.168048 -0.10663 160.168
234134 2 0.01 0.9 32.9 -0.284235 0.340773 2.19072 -0.0195113 0.0226231 160.168
234267 2 0.01 0.9 32.9 -0.0450305 -0.320195 1.62647 -0.00329171 -0.0168177 160.168
237058 2 0.01 0.9 32.9 0.00311969 0.365803 4.79319 0.00198412 0.0546382 160.168
242665 2 0.01 0.9 32.9 -0.250115 0.484363 1.25931 -0.010513 0.0193836 160.168
242955 2 0.01 0.9 32.9 0.353976 0.050155 1.7067 0.016607 0.00573068 160.168
245082 2 0.01 0.9 32.9 -0.362696 -0.285841 1.44128 -0.0143737 -0.0134793 160.168
246052 2 0.01 0.9 32.9 0.0233459 -0.0532434 5.57054 0.00115748 -0.0090725 160.168
246392 2 0.01 0.9 32.9 -0.175007 -0.23506 0.534138 -0.00071812 0.000766511 160.168
247161 2 0.01 0.9 32.9 -0.10998 -0.120451 10.1416 -0.0341598 -0.0383069 160.168
247759 2 0.01 0.9 32.9 0.000771701 0.0932778 5.18808 -0.0011301 0.0161173 160.168
251074 2 0.01 0.9 32.9 0.30199 -0.346531 2.78971 0.0270415 -0.0306094 160.168
252010 2 0.01 0.9 32.9 -0.453704 -0.42315 2.02725 -0.0302591 -0.0261013 160.168
254579 2 0.01 0.9 32.9 -0.192066 0.497165 1.37175 -0.00781921 0.0207663 160.168
256395 2 0.01 0.9 32.9 0.0693723 0.09917 3.90352 0.00724236 0.0121791 160.168
264370 2 0.01 0.9 32.9 0.412449 0.162934 1.26763 0.0164959 0.0078839 160.168
266277 2 0.01 0.9 32.9 -0.100013 0.413088 1.14735 -0.0065801 0.0141454 160.168
270627 2 0.01 0.9 32.9 -0.366208 -0.0247382 2.05652 -0.0208071 -0.000996086 160.168
271107 2 0.01 0.9 32.9 0.0994228 -0.349253 1.85258 0.00644468 -0.0210227 160.168
274843 2 0.01 0.9 32.9 0.481283 -0.432929 3.84546 0.056096 -0.0482862 160.168
275148 2 0.01 0.9 32.9 -0.263769 0.123218 0.812142 -0.0061346 0.00455076 160.168
280717 2 0.01 0.9 32.9 0.281896 0.390483 3.32631 0.0278509 0.0390985 160.168
281020 2 0.01 0.9 32.9 0.166572 0.0388547 3.36619 0.0162315 0.00594003 160.168
281138 2 0.01 0.9 32.9 -0.384518 -0.362461 1.7875 -0.0204778 -0.0194833 160.168
282174 2 0.01 0.9 32.9 -0.198404 0.175039 3.34912 -0.018359 0.0193616 160.168
283219 2 0.01 0.9 32.9 -0.241081 0.339057 1.91698 -0.0151734 0.0210708 160.168
283925 2 0.01 0.9 32.9 -0.282029 0.00774777 2.85389 -0.0265471 0.00165314 160.168
284916 2 0.01 0.9 32.9 -0.0728557 0.181352 1.67616 -0.000217971 0.00840273 160.168
284993 2 0.01 0.9 32.9 0.281637 -0.43279 3.02037 0.0256421 -0.0381944 160.168
285058 2 0.01 0.9 32.9 0.461818 0.348167 2.53163 0.035248 0.0255228 160.168
287337 2 0.01 0.9 32.9 0.167939 -0.452639 1.47695 0.00829275 -0.0194746 160.168
288736 2 0.01 0.9 32.9 0.429303 -0.349686 2.61959 0.0324702 -0.0279319 160.168
290430 2 0.01 0.9 32.9 -0.118167 -0.240271 14.9958 -0.0545323 -0.108018 160.168
297064 2 0.01 0.9 32.9 0.437873 0.126329 2.51579 0.032727 0.0132478 160.168
304416 2 0.01 0.9 32.9 -0.379287 -0.260178 1.89991 -0.0214286 -0.01471 160.168
305538 2 0.01 0.9 32.9 0.130163 0.110178 1.86725 0.00718645 0.0092876 160.168
305892 2 0.01 0.9 32.9 -0.0955446 -0.36242 4.05134 -0.0100292 -0.0444288 160.168
312085 2 0.01 0.9 32.9 0.390222 -0.323682 1.98122 0.0217016 -0.0170116 160.168
317710 2 0.01 0.9 32.9 -0.475109 -0.150024 0.649083 -0.0123803 -0.000522245 160.168
320809 2 0.01 0.9 32.9 0.40006 -0.408761 2.47434 0.0293939 -0.0295433 160.168
321548 2 0.01 0.9 32.9 0.25762 -0.219797 0.345033 0.00568551 0.00138303 160.168
322769 2 0.01 0.9 32.9 -0.054619 0.124245 3.83149 -0.00702127 0.0137769 160.168
338011 2 0.01 0.9 32.9 0.372596 0.302614 2.87375 0.028926 0.0266146 160.168
340570 2 0.01 0.9 32.9 0.203968 0.307063 5.1211 0.0339218 0.0470162 160.168
341008 2 0.01 0.9 32.9 0.13264 -0.313383 2.78481 0.0110856 -0.0242127 160.168
341490 2 0.01 0.9 32.9 0.364821 0.0708299 6.12919 0.0673203 0.0132668 160.168
343922 2 0.01 0.9 32.9 -0.464725 0.479723 4.81707 -0.0691733 0.0733452 160.168
344076 2 0.01 0.9 32.9 -0.0462084 0.0108398 3.12518 -0.0053012 0.00265687 160.168
345909 2 0.01 0.9 32.9 0.00666437 -0.130332 9.39031 0.00154116 -0.0350897 160.168
346225 2 0.01 0.9 32.9 0.499614 -0.350966 3.33309 0.0514552 -0.036468 160.168
347130 2 0.01 0.9 32.9 -0.486348 -0.160881 4.01735 -0.0612745 -0.0200399 160.168
347458 2 0.01 0.9 32.9 0.187064 0.234838 4.48706 0.0237722 0.0316917 160.168
350751 2 0.01 0.9 32.9 -0.137131 -0.270015 1.68049 -0.00310683 -0.0149247 160.168
353907 2 0.01 0.9 32.9 0.3413 -0.349979 2.34633 0.0245754 -0.0241454 160.168
358752 2 0.01 0.9 32.9 -0.0992418 0.367156 1.77218 -0.00358638 0.0233537 160.168
362755 2 0.01 0.9 32.9 -0.359885 -0.33267 2.14716 -0.0211765 -0.0215621 160.168
363029 2 0.01 0.9 32.9 0.316417 0.234541 3.78162 0.0364485 0.028393 160.168
364999 2 0.01 0.9 32.9 0.373043 -0.0709113 2.12965 0.0265939 -0.00459578 160.168
366744 2 0.01 0.9 32.9 0.365263 -0.329049 2.27758 0.0247839 -0.0218427 160.168
367016 2 0.01 0.9 32.9 0.221746 -0.000837279 0.872111 0.00810337 -0.000905927 160.168
367566 2 0.01 0.9 32.9 -0.269713 0.278465 0.397019 -0.000964592 0.00388755 160.168
369761 2 0.01 0.9 32.9 -0.0198542 -0.0682528 4.23445 -0.00233193 -0.00854685 160.168
370927 2 0.01 0.9 32.9 0.121363 0.36262 2.15761 0.0100804 0.0253727 160.168
373360 2 0.01 0.9 32.9 0.0531565 -0.492866 7.89138 0.0128983 -0.119095 160.168
377060 2 0.01 0.9 32.9 0.112256 0.363517 2.88574 0.00833867 0.0361505 160.168
377814 2 0.01 0.9 32.9 -0.361342 -0.0367905 2.26682 -0.0266096 -0.00262699 160.168
380091 2 0.01 0.9 32.9 0.253525 -0.279581 6.51346 0.0488621 -0.0542422 160.168
380298 2 0.01 0.9 32.9 -0.09698 -0.253062 2.38413 -0.00811946 -0.018832 160.168
381774 2 0.01 0.9 32.9 0.373851 0.0589114 3.14311 0.0356027 0.00544565 160.168
383102 2 0.01 0.9 32.9 -0.291906 -0.22803 0.907945 -0.00869123 -0.0052318 160.168
384182 2 0.01 0.9 32.9 0.204816 -0.495478 0.74222 0.00722299 -0.00908637 160.168
384974 2 0.01 0.9 32.9 0.231418 -0.441763 1.87296 0.0134265 -0.0267403 160.168
388647 2 0.01 0.9 32.9 -0.16827 -0.351694 1.74938 -0.00877548 -0.0163687 160.168
389122 2 0.01 0.9 32.9 0.116104 -0.465488 5.7809 0.0208783 -0.0797065 160.168
390217 2 0.01 0.9 32.9 0.25562 -0.188487 1.44514 0.0102633 -0.0100742 160.168
391086 2 0.01 0.9 32.9 -0.493797 -0.0473787 5.45614 -0.0836779 -0.00612953 160.168
393320 2 0.01 0.9 32.9 0.430016 -0.15763 1.97089 0.027551 -0.00561756 160.168
394568 2 0.01 0.9 32.9 0.473518 -0.310747 1.95539 0.0252366 -0.0180029 160.168
395271 2 0.01 0.9 32.9 0.0128462 0.000911775 1.89036 0.00269519 0.000449568 160.168
400888 2 0.01 0.9 32.9 -0.232365 0.0317908 6.96338 -0.0489454 0.00830401 160.168
401051 2 0.01 0.9 32.9 -0.362339 -0.129637 1.77525 -0.0205795 -0.00469411 160.168
403362 2 0.01 0.9 32.9 -0.137637 -0.361574 2.36745 -0.0113939 -0.0252318 160.168
403821 2 0.01 0.9 32.9 -0.359002 0.0331698 0.868871 -0.00918191 0.00176 160.168
405380 2 0.01 0.9 32.9 -0.184901 0.478321 0.85189 -0.00638297 0.0168038 160.168
407720 2 0.01 0.9 32.9 -0.161334 0.0647892 0.878735 -0.000456062 0.00326543 160.168
407898 2 0.01 0.9 32.9 0.423617 0.140496 5.62872 0.0728908 0.0242247 160.168
409929 2 0.01 0.9 32.9 0.0922477 0.481226 4.68089 0.0146899 0.0692012 160.168
410133 2 0.01 0.9 32.9 0.487608 0.377587 6.26423 0.0917622 0.0749044 160.168
410879 2 0.01 0.9 32.9 -0.281342 -0.387666 0.915046 -0.00836827 -0.0124438 160.168
412105 2 0.01 0.9 32.9 -0.462928 -0.476114 1.50945 -0.0208698 -0.0222328 160.168
413340 2 0.01 0.9 32.9 0.487176 0.115336 1.10653 0.0177103 0.00502765 160.168
414052 2 0.01 0.9 32.9 0.445548 0.280033 0.735417 0.0114118 0.0105255 160.168
415926 2 0.01 0.9 32.9 -0.0332148 0.189927 1.87108 -0.00353065 0.0109987 160.168
417184 2 0.01 0.9 32.9 -0.457587 0.156153 3.42454 -0.051321 0.017003 160.168
418428 2 0.01 0.9 32.9 0.191158 -0.433569 1.3518 0.00752363 -0.0177631 160.168
423158 2 0.01 0.9 32.9 -0.403182 0.21059 3.06355 -0.0354749 0.0194556 160.168
423260 2 0.01 0.9 32.9 -0.00732837 0.350298 2.18769 -0.00150706 0.0247319 160.168
425467 2 0.01 0.9 32.9 -0.121535 0.169532 2.24244 -0.00744372 0.0134107 160.168
425976 2 0.01 0.9 32.9 0.150776 0.160706 2.64286 0.0126918 0.0121363 160.168
428162 2 0.01 0.9 32.9 -0.311128 0.287167 4.18648 -0.0371129 0.0376197 160.168
428530 2 0.01 0.9 32.9 0.0539406 -0.324253 1.43218 0.00507231 -0.0147338 160.168
428946 2 0.01 0.9 32.9 0.31434 -0.498997 10.2186 0.0976982 -0.153382 160.168
428980 2 0.01 0.9 32.9 -0.0640633 0.429469 2.01006 -0.000952655 0.0264726 160.168
430220 2 0.01 0.9 32.9 0.316007 -0.390182 3.03826 0.0284919 -0.0370868 160.168
433074 2 0.01 0.9 32.9 -0.294925 0.0847611 3.57416 -0.0319342 0.00867697 160.168
433378 2 0.01 0.9 32.9 -0.397712 0.429165 0.630129 -0.00784644 0.00479832 160.168
435210 2 0.01 0.9 32.9 0.0515693 -0.134586 1.72698 0.00458954 -0.00717433 160.168
438281 2 0.01 0.9 32.9 -0.382805 0.369667 2.59808 -0.0315046 0.0294343 160.168
438464 2 0.01 0.9 32.9 0.4222 0.494257 3.82482 0.0501479 0.0597896 160.168
439458 2 0.01 0.9 32.9 0.379391 -0.0123917 1.71264 0.0217725 -0.00159218 160.168
442608 2 0.01 0.9 32.9 -0.220302 -0.000549546 1.82515 -0.0125811 0.0015918 160.168
443149 2 0.01 0.9 32.9 0.320935 -0.159221 2.3967 0.0228838 -0.01017 160.168
443452 2 0.01 0.9 32.9 0.151308 0.29818 5.09201 0.0246625 0.0476015 160.168
444570 2 0.01 0.9 32.9 0.217733 -0.0329614 1.67337 0.0125236 -0.000401257 160.168
445145 2 0.01 0.9 32.9 0.0859796 -0.22327 1.96648 0.00429816 -0.0140915 160.168
445894 2 0.01 0.9 32.9 0.176997 -0.20233 5.53517 0.027172 -0.0326917 160.168
446845 2 0.01 0.9 32.9 0.00396262 -0.347904 4.47213 -0.000723664 -0.048971 160.168
447167 2 0.01 0.9 32.9 -0.0906012 0.0452175 3.81891 -0.0124584 0.00378441 160.168
449665 2 0.01 0.9 32.9 -0.251695 0.494767 1.67771 -0.0117281 0.0266293 160.168
449786 2 0.01 0.9 32.9 0.467036 0.360066 1.05366 0.0156125 0.0121736 160.168
450751 2 0.01 0.9 32.9 -0.498483 0.319883 2.25027 -0.0345637 0.0199906 160.168
451397 2 0.01 0.9 32.9 0.314833 -0.312786 4.97367 0.047703 -0.0475172 160.168
453636 2 0.01 0.9 32.9 0.363359 -0.226537 1.81361 0.018362 -0.0104792 160.168
454462 2 0.01 0.9 32.9 -0.029887 -0.440555 2.47393 -0.00481859 -0.0326436 160.168
456286 2 0.01 0.9 32.9 -0.427336 0.347548 2.37644 -0.03232 0.0267873 160.168
463508 2 0.01 0.9 32.9 0.038327 -0.282337 2.34241 0.00165887 -0.0197432 160.168
463812 2 0.01 0.9 32.9 -0.231036 -0.0842192 0.695066 -0.00593373 -0.00504796 160.168
464845 2 0.01 0.9 32.9 -0.421546 0.0395099 1.63777 -0.0194651 0.00488995 160.168
464967 2 0.01 0.9 32.9 0.0520974 -0.118877 0.671501 0.000598377 -0.000621422 160.168
466785 2 0.01 0.9 32.9 0.094041 0.455301 3.13319 0.00764489 0.0452435 160.168
476746 2 0.01 0.9 32.9 -0.124071 -0.166772 1.93519 -0.00772341 -0.0097123 160.168
477450 2 0.01 0.9 32.9 -0.140012 0.279226 3.20537 -0.0152487 0.0263596 160.168
481831 2 0.01 0.9 32.9 0.00102136 -0.400614 3.73647 0.000430186 -0.0428907 160.168
486687 2 0.01 0.9 32.9 0.367975 0.0858916 3.30442 0.0361054 0.0102386 160.168
488774 2 0.01 0.9 32.9 -0.308918 0.200922 3.8582 -0.03632 0.0261358 160.168
491036 2 0.01 0.9 32.9 -0.238457 0.0305167 2.75331 -0.0204078 0.00125087 160.168
492639 2 0.01 0.9 32.9 0.0552615 0.183781 3.38706 0.00477059 0.0209246 160.168
493297 2 0.01 0.9 32.9 -0.0717682 -0.308242 2.07397 -0.00451603 -0.0207395 160.168
494326 2 0.01 0.9 32.9 0.0780251 0.0493191 1.31922 0.00492052 0.00416736 160.168
