32 2 0.1 1 32.9 -0.0147961 0.490793 2.34234 -0.0135041 0.0298087 155.436
69 2 0.1 1 32.9 0.254046 -0.244193 3.74037 0.00832644 -0.0143021 155.436
2399 2 0.1 1 32.9 -0.252891 0.327534 2.48079 -0.00851008 0.0179529 155.436
2403 2 0.1 1 32.9 0.320512 -0.261515 1.23222 0.00258052 0.00543842 155.436
2800 2 0.1 1 32.9 0.235595 0.221699 0.76128 0.0181558 0.0205313 155.436
6315 2 0.1 1 32.9 0.257322 -0.368263 1.63348 0.0321369 -0.0133494 155.436
8146 2 0.1 1 32.9 0.0861842 -0.182455 22.9423 0.0578689 -0.108461 155.436
8366 2 0.1 1 32.9 -0.302184 0.453989 4.44063 -0.046301 0.066977 155.436
9376 2 0.1 1 32.9 0.0793184 -0.124271 12.1849 0.0269803 -0.0269711 155.436
10925 2 0.1 1 32.9 -0.0300453 0.431702 1.80117 -0.000923437 0.0314527 155.436
13574 2 0.1 1 32.9 0.360562 0.262921 6.07825 0.0486027 0.0554334 155.436
13858 2 0.1 1 32.9 0.297887 -0.357006 1.7622 0.0219359 0.0211253 155.436
15769 2 0.1 1 32.9 -0.0326289 -0.367492 1.54259 -0.027409 -0.0226342 155.436
16216 2 0.1 1 32.9 -0.263796 0.221226 0.85756 -0.0177416 0.0112812 155.436
17305 2 0.1 1 32.9 0.312444 0.437149 7.45901 0.0707396 0.0860305 155.436
23188 2 0.1 1 32.9 -0.136166 0.0811775 0.915183 0.0327242 0.00945397 155.436
23808 2 0.1 1 32.9 -0.314041 0.0123439 0.297852 -0.0167517 0.0139457 155.436
27771 2 0.1 1 32.9 -0.234072 -0.125484 3.5556 -0.0235391 0.00879352 155.436
29094 2 0.1 1 32.9 -0.201544 0.320787 2.26714 -0.00270807 0.0445944 155.436
33094 2 0.1 1 32.9 -0.204678 0.169839 1.56856 -0.0252576 -0.00759266 155.436
33748 2 0.1 1 32.9 -0.189747 -0.374833 1.884 -0.033086 -0.0177475 155.436
35589 2 0.1 1 32.9 0.292479 0.154017 2.44962 0.0238557 0.0373947 155.436
36172 2 0.1 1 32.9 -0.387536 -0.28565 1.18441 -0.0254156 -0.0278596 155.436
36409 2 0.1 1 32.9 -0.234688 -0.0905657 2.71698 -0.0109804 0.00238341 155.436
39276 2 0.1 1 32.9 -0.14306 0.225639 1.86726 -0.0181659 0.030105 155.436
39565 2 0.1 1 32.9 -0.148973 -0.0728252 1.90193 -0.000912363 -0.0140013 155.436
40917 2 0.1 1 32.9 0.129443 -0.0979311 3.20244 0.00208367 0.0150053 155.436
40946 2 0.1 1 32.9 0.3047 -0.284421 2.21838 0.0568094 0.00947089 155.436
44607 2 0.1 1 32.9 0.305426 0.177059 2.05591 0.0336874 0.0257814 155.436
45517 2 0.1 1 32.9 0.00800291 -0.408947 1.248 -0.0152933 -0.0201704 155.436
46471 2 0.1 1 32.9 -0.0383309 -0.0727347 16.1539 -0.0272716 -0.0199006 155.436
48479 2 0.1 1 32.9 0.234078 0.106241 3.29689 0.0433188 0.0266295 155.436
48729 2 0.1 1 32.9 -0.265173 0.0361806 2.42992 0.00518752 -0.00809754 155.436
50331 2 0.1 1 32.9 0.144667 0.454915 2.55487 0.0241575 0.0391576 155.436
51049 2 0.1 1 32.9 0.00318835 0.179333 1.93163 0.00272586 0.0361329 155.436
52447 2 0.1 1 32.9 0.363367 -0.0586123 11.9329 0.14353 -0.00656945 155.436
62806 2 0.1 1 32.9 -0.294839 0.240822 3.22055 -0.00679165 0.0473834 155.436
63102 2 0.1 1 32.9 -0.148892 -0.380115 14.6867 -0.051963 -0.172669 155.436
64292 2 0.1 1 32.9 -0.310299 0.140173 6.09229 -0.0383978 0.0373836 155.436
65930 2 0.1 1 32.9 0.0923806 -0.0015996 4.67284 0.0165852 0.000415729 155.436
67870 2 0.1 1 32.9 0.285483 -0.412038 2.19871 0.0292526 -0.022826 155.436
72314 2 0.1 1 32.9 -0.261909 0.371199 2.92276 -0.0343393 0.0258484 155.436
72565 2 0.1 1 32.9 0.178551 0.494687 7.83294 0.0442328 0.13145 155.436
73047 2 0.1 1 32.9 -0.404985 0.21145 1.58716 -0.0220255 0.000161929 155.436
76044 2 0.1 1 32.9 -0.110838 -0.373266 4.54844 0.00741626 -0.082704 155.436
77075 2 0.1 1 32.9 -0.0252798 -0.306506 3.31245 -0.0111855 -0.0260258 155.436
78880 2 0.1 1 32.9 0.24953 0.0543591 2.30508 0.0340869 0.00464976 155.436
79937 2 0.1 1 32.9 -0.0735998 0.174338 2.82524 -0.0179635 0.0120119 155.436
83212 2 0.1 1 32.9 0.175996 0.22398 2.92569 0.026892 0.0213701 155.436
88376 2 0.1 1 32.9 0.0403675 -0.0890518 1.07803 -0.00476973 -0.00769907 155.436
91147 2 0.1 1 32.9 -0.186167 -0.445708 3.46654 -0.0186225 -0.050151 155.436
92652 2 0.1 1 32.9 0.403883 -0.309729 2.19556 0.0316062 -0.00544787 155.436
92680 2 0.1 1 32.9 0.425886 -0.179113 2.02056 0.00863697 -0.0110711 155.436
94351 2 0.1 1 32.9 0.234696 -0.446307 0.908169 -0.00390966 -0.0035887 155.436
99513 2 0.1 1 32.9 0.357434 0.151877 3.33411 0.047181 0.0312295 155.436
102469 2 0.1 1 32.9 0.198515 0.0816797 2.20379 0.00241631 0.00315848 155.436
102972 2 0.1 1 32.9 0.0256171 0.187334 1.934 -0.000310598 0.01644 155.436
103744 2 0.1 1 32.9 -0.14245 0.435373 3.08772 -0.0184595 0.056942 155.436
103880 2 0.1 1 32.9 -0.0654023 0.0430847 1.78291 -0.0263919 -0.00631124 155.436
103949 2 0.1 1 32.9 -0.0464619 0.388873 4.10916 -0.00335279 0.0695178 155.436
104250 2 0.1 1 32.9 0.0768956 0.0308795 2.9071 0.0112169 0.0198978 155.436
110973 2 0.1 1 32.9 0.437126 -0.286577 1.32554 0.0452679 -0.00538048 155.436
111832 2 0.1 1 32.9 -0.0928625 -0.263143 2.13777 0.0235081 -0.0387983 155.436
115221 2 0.1 1 32.9 -0.424857 0.356602 4.08753 -0.0580504 0.0353281 155.436
115501 2 0.1 1 32.9 0.208157 -0.265734 4.68047 0.0313442 -0.0165937 155.436
117044 2 0.1 1 32.9 -0.477722 -0.145398 1.5863 -0.0601835 -0.00589432 155.436
117611 2 0.1 1 32.9 0.356369 -0.00842357 1.25559 0.0304864 0.00465847 155.436
119600 2 0.1 1 32.9 -0.342253 0.191272 0.253222 -0.000516694 0.00249484 155.436
121896 2 0.1 1 32.9 -0.02677 0.328191 0.359274 -0.0109786 0.0132471 155.436
121937 2 0.1 1 32.9 -0.488442 -0.324337 4.47941 -0.062484 -0.0435652 155.436
124086 2 0.1 1 32.9 -0.207094 -0.379518 26.4039 -0.156003 -0.27088 155.436
124690 2 0.1 1 32.9 -0.147848 0.328485 0.803128 0.00559761 0.0342166 155.436
126661 2 0.1 1 32.9 -0.380351 -0.474305 0.717039 -0.0239392 0.01019 155.436
126884 2 0.1 1 32.9 -0.337635 0.128068 0.678926 -0.00120015 0.0112762 155.436
127165 2 0.1 1 32.9 0.135756 0.314827 2.44838 0.00774878 0.0148032 155.436
127888 2 0.1 1 32.9 0.0873919 0.429169 2.10349 0.0183458 0.0286889 155.436
128698 2 0.1 1 32.9 0.454762 -0.0844885 1.35087 0.00879462 -0.0108809 155.436
130065 2 0.1 1 32.9 0.0242312 -0.102569 3.64753 -0.0102447 -0.00323973 155.436
137846 2 0.1 1 32.9 0.00527285 -0.0143551 1.43252 -0.00540652 0.0040287 155.436
144447 2 0.1 1 32.9 -0.31916 0.358187 3.7426 -0.00788263 0.0626766 155.436
145926 2 0.1 1 32.9 0.356412 -0.2496 1.86201 0.0212411 -0.0186401 155.436
150922 2 0.1 1 32.9 0.258619 -0.445795 2.80769 -0.00150422 -0.0107282 155.436
151352 2 0.1 1 32.9 -0.331031 -0.18083 2.41117 -0.0274394 -0.019972 155.436
151513 2 0.1 1 32.9 0.343423 0.227273 5.85762 0.0523808 0.0410662 155.436
152033 2 0.1 1 32.9 -0.119741 0.345719 4.99369 -0.0105391 0.0572659 155.436
152864 2 0.1 1 32.9 -0.0686058 0.120728 1.50863 -0.00032528 0.000189024 155.436
156792 2 0.1 1 32.9 -0.191215 0.279583 3.16794 -0.0047496 0.0109438 155.436
158374 2 0.1 1 32.9 0.193444 0.0810931 1.94221 0.0175679 0.0174421 155.436
158873 2 0.1 1 32.9 0.313865 0.355361 1.49736 0.0139649 0.00665496 155.436
158982 2 0.1 1 32.9 0.0309446 0.300328 2.14112 -0.0133713 0.0220515 155.436
162837 2 0.1 1 32.9 0.0706392 0.121685 1.62661 0.0208614 0.00381861 155.436
163185 2 0.1 1 32.9 -0.489602 0.492185 1.71187 -0.0239798 0.0440991 155.436
164842 2 0.1 1 32.9 0.48876 0.367446 3.27165 0.0385536 0.0342688 155.436
165925 2 0.1 1 32.9 -0.435403 0.0789522 3.45136 -0.0410757 0.0065615 155.436
166033 2 0.1 1 32.9 -0.310071 -0.166667 1.22368 0.00397241 -0.00415741 155.436
166307 2 0.1 1 32.9 0.202896 -0.0770112 2.8987 -0.01082 0.00945059 155.436
172843 2 0.1 1 32.9 0.4797 0.159264 2.16729 0.0192025 0.0066393 155.436
175470 2 0.1 1 32.9 -0.224748 0.42888 3.34928 -0.00707208 0.0466184 155.436
175815 2 0.1 1 32.9 0.466783 0.05758 3.08656 0.0450842 0.0063834 155.436
177449 2 0.1 1 32.9 0.253925 -0.366072 4.47019 0.0236985 -0.0227277 155.436
178128 2 0.1 1 32.9 -0.393868 -0.0805746 2.39003 -0.0376748 0.00827101 155.436
181426 2 0.1 1 32.9 0.222142 -0.372372 1.83894 -0.0115832 -0.00836864 155.436
183133 2 0.1 1 32.9 -0.117357 -0.480108 5.28166 -0.0236977 -0.073973 155.436
184495 2 0.1 1 32.9 -0.45746 -0.204117 3.32229 -0.0225561 0.00649166 155.436
185691 2 0.1 1 32.9 0.0411592 -0.033323 0.893829 0.00155096 -0.00280962 155.436
188759 2 0.1 1 32.9 0.308216 -0.397146 1.88273 0.0204548 -0.00163973 155.436
189785 2 0.1 1 32.9 -0.350168 -0.222802 2.1467 -0.0222207 -0.0102617 155.436
191309 2 0.1 1 32.9 0.315928 0.458279 2.14929 0.0120009 0.017585 155.436
193580 2 0.1 1 32.9 -0.41835 -0.354893 1.04737 -0.026557 0.0153599 155.436
196125 2 0.1 1 32.9 -0.477888 -0.183205 2.49238 -0.0283643 0.00736256 155.436
196654 2 0.1 1 32.9 -0.458197 0.307029 2.56186 -0.0414996 0.0136345 155.436
196761 2 0.1 1 32.9 0.233878 -0.170824 1.62631 -0.00668747 0.00259881 155.436
198113 2 0.1 1 32.9 0.188859 -0.213671 1.55768 0.00198253 -0.0308201 155.436
199196 2 0.1 1 32.9 0.133243 -0.306366 2.01002 -0.00484377 -0.0199194 155.436
203424 2 0.1 1 32.9 0.0506226 0.492885 4.94966 -0.0168122 0.0769418 155.436
205828 2 0.1 1 32.9 -0.0408575 -0.236102 2.12881 8.83772e-05 -0.00454855 155.436
206998 2 0.1 1 32.9 0.451103 -0.159098 1.34981 0.0351932 0.0140264 155.436
208916 2 0.1 1 32.9 -0.0157961 -0.398555 1.48711 -0.0138393 0.00955859 155.436
212435 2 0.1 1 32.9 0.387849 0.449817 2.24349 0.0377474 0.0319598 155.436
213184 2 0.1 1 32.9 0.266916 -0.169794 6.78843 0.0681518 -0.0332449 155.436
214125 2 0.1 1 32.9 -0.0475456 0.447241 4.79888 -0.00931874 0.0708117 155.436
216268 2 0.1 1 32.9 -0.0367798 0.436588 7.14944 -0.031426 0.0889939 155.436
217928 2 0.1 1 32.9 -0.291486 -0.0341737 4.03861 -0.059045 -0.0174955 155.436
219751 2 0.1 1 32.9 0.338976 -0.0865877 2.32335 0.0269552 0.0231573 155.436
225007 2 0.1 1 32.9 0.414001 0.119392 2.42061 0.0322934 -0.0224297 155.436
225570 2 0.1 1 32.9 0.121091 -0.351674 1.33539 0.0269791 -0.00375921 155.436
226090 2 0.1 1 32.9 -0.294747 -0.499358 1.89301 -0.00140329 -0.0290405 155.436
232301 2 0.1 1 32.9 -0.230773 0.103045 7.75717 -0.0435376 0.00903043 155.436
232431 2 0.1 1 32.9 0.136595 0.207257 0.706368 0.018217 0.0012557 155.436
233160 2 0.1 1 32.9 -0.097187 0.0642641 2.14627 -0.027335 0.0357011 155.436
235397 2 0.1 1 32.9 -0.108942 -0.239973 1.31311 0.0162393 0.0117393 155.436
236210 2 0.1 1 32.9 -0.322414 -0.23551 4.94489 -0.0395274 -0.0168021 155.436
239051 2 0.1 1 32.9 -0.139136 -0.487187 1.26556 0.00541189 0.00794857 155.436
241285 2 0.1 1 32.9 -0.198135 -0.318676 1.30986 -0.0118127 -0.0213271 155.436
244315 2 0.1 1 32.9 -0.164472 -0.390098 1.85031 -0.00563136 -0.0162256 155.436
248673 2 0.1 1 32.9 0.471462 -0.422451 5.72608 0.0543705 -0.0763791 155.436
252920 2 0.1 1 32.9 -0.253177 0.445005 2.02869 -0.0157202 0.026149 155.436
252946 2 0.1 1 32.9 -0.178814 0.0844894 3.85065 -0.0147289 0.00369428 155.436
255930 2 0.1 1 32.9 -0.238741 -0.132083 4.36428 -0.0205473 -0.00464897 155.436
256022 2 0.1 1 32.9 0.309684 0.372816 3.63233 0.0343906 0.0471777 155.436
256595 2 0.1 1 32.9 -0.47051 -0.00536994 2.95933 -0.0366605 -0.010172 155.436
259769 2 0.1 1 32.9 -0.411144 -0.229115 1.48889 -0.0160337 -0.00780982 155.436
263051 2 0.1 1 32.9 -0.13863 0.425647 6.54006 -0.0464483 0.0957858 155.436
264674 2 0.1 1 32.9 -0.00756717 0.203604 2.06117 0.0276729 0.0176772 155.436
267639 2 0.1 1 32.9 -0.0460799 0.0950438 2.89221 -0.00106629 0.0239356 155.436
270622 2 0.1 1 32.9 -0.470442 0.137918 4.55603 -0.095625 0.0160639 155.436
270766 2 0.1 1 32.9 -0.0293239 0.0917811 0.804263 0.0160353 0.029421 155.436
278926 2 0.1 1 32.9 -0.340345 -0.242033 2.82139 -0.0153603 -0.00743349 155.436
279212 2 0.1 1 32.9 -0.0159889 -0.46547 8.25016 0.00904254 -0.0878454 155.436
280011 2 0.1 1 32.9 -0.0665208 0.121656 5.73541 -0.0127059 0.00934941 155.436
280088 2 0.1 1 32.9 0.360983 -0.4759 1.79801 0.0335337 -0.0280973 155.436
284309 2 0.1 1 32.9 -0.237547 -0.481392 1.44962 0.0190669 -0.0401566 155.436
285256 2 0.1 1 32.9 0.173364 -0.478062 1.97471 0.00603839 -0.00813078 155.436
288049 2 0.1 1 32.9 -0.292112 0.112065 1.23778 -0.0156589 0.000862682 155.436
288237 2 0.1 1 32.9 -0.213881 0.245204 0.766373 0.0140371 -0.00294188 155.436
293321 2 0.1 1 32.9 -0.00729187 0.180459 2.97368 0.020837 0.0197043 155.436
296753 2 0.1 1 32.9 -0.372166 -0.178876 1.39279 -0.0165261 0.00541687 155.436
297701 2 0.1 1 32.9 0.349955 -0.374724 1.86258 0.0367477 -0.033279 155.436
299509 2 0.1 1 32.9 0.332583 -0.251095 3.82442 0.0407091 -0.0138231 155.436
300703 2 0.1 1 32.9 0.116238 -0.407589 2.54491 -0.00446532 -0.0354235 155.436
302538 2 0.1 1 32.9 -0.268235 -0.138813 1.39935 -0.00938273 0.0075098 155.436
303007 2 0.1 1 32.9 0.00454226 -0.0880722 1.55906 -0.0262893 -0.0139332 155.436
305633 2 0.1 1 32.9 -0.444432 0.00767414 3.64126 -0.0360855 0.00564181 155.436
314803 2 0.1 1 32.9 0.150934 0.200894 2.28238 0.0276536 0.0372272 155.436
318484 2 0.1 1 32.9 -0.0223982 -0.422161 3.05279 -0.0221672 -0.0213679 155.436
318567 2 0.1 1 32.9 -0.289769 0.452565 4.485 -0.0239163 0.0873683 155.436
328804 2 0.1 1 32.9 -0.276403 0.293779 1.82381 -0.0162372 0.0471784 155.436
330973 2 0.1 1 32.9 0.427775 0.398118 2.18507 0.00936274 0.0249832 155.436
331046 2 0.1 1 32.9 -0.119567 -0.0870479 1.68428 0.0195946 -0.0166352 155.436
331754 2 0.1 1 32.9 -0.275231 0.314729 1.27462 -0.0289921 0.0429685 155.436
332239 2 0.1 1 32.9 0.157397 0.195193 2.28604 0.012516 0.0333621 155.436
345682 2 0.1 1 32.9 -0.424741 0.433115 5.75998 -0.070193 0.0877929 155.436
346032 2 0.1 1 32.9 0.488964 0.459142 2.00764 0.0471195 0.00165753 155.436
348842 2 0.1 1 32.9 -0.164912 0.393701 2.89467 0.00930541 0.0721421 155.436
352201 2 0.1 1 32.9 -0.221488 0.33476 2.33167 0.004553 0.0171263 155.436
354235 2 0.1 1 32.9 0.305056 0.0181609 4.99718 0.0473965 0.00910444 155.436
356776 2 0.1 1 32.9 0.230021 0.0608982 5.02166 0.0392006 0.0211877 155.436
364274 2 0.1 1 32.9 0.491277 -0.346194 2.36993 0.0321772 0.0133001 155.436
369354 2 0.1 1 32.9 0.198415 -0.364285 1.16579 0.0100287 0.0157016 155.436
369654 2 0.1 1 32.9 0.00221326 -0.0457334 4.90934 0.00852607 0.00179631 155.436
373669 2 0.1 1 32.9 -0.216201 -0.185849 2.54134 -0.0370338 0.000668519 155.436
374529 2 0.1 1 32.9 0.0211678 -0.126114 0.769238 -0.00199898 0.00877372 155.436
377350 2 0.1 1 32.9 -0.015297 0.389414 0.625146 0.0246279 0.0287448 155.436
378290 2 0.1 1 32.9 -0.054145 0.163279 3.50185 0.00322238 0.0154412 155.436
379900 2 0.1 1 32.9 -0.135811 0.379181 1.65905 -0.0199557 0.0133533 155.436
382076 2 0.1 1 32.9 0.237355 0.117312 2.19177 0.0143295 -0.0086664 155.436
383268 2 0.1 1 32.9 0.00129384 0.265494 5.54213 0.0120168 0.0596655 155.436
389431 2 0.1 1 32.9 0.484692 -0.138274 10.9257 0.170437 -0.0346347 155.436
391272 2 0.1 1 32.9 0.0961212 -0.372872 2.44354 0.0242501 -0.0315198 155.436
391424 2 0.1 1 32.9 -0.223102 -0.29108 2.51145 -0.0300554 -0.0195324 155.436
391729 2 0.1 1 32.9 0.390911 -0.0276591 0.802675 0.0236262 0.0250165 155.436
395644 2 0.1 1 32.9 0.303566 0.457743 3.20099 0.02683 0.0580444 155.436
397384 2 0.1 1 32.9 0.302213 0.0184352 2.11452 0.0423308 0.0155842 155.436
398355 2 0.1 1 32.9 0.0615419 -0.405012 2.69099 0.0162198 -0.0500281 155.436
399132 2 0.1 1 32.9 0.433389 -0.0388345 5.27433 0.0632533 0.00158701 155.436
400345 2 0.1 1 32.9 0.0582285 0.182842 1.38749 -0.0186826 0.0172557 155.436
401131 2 0.1 1 32.9 0.311534 -0.0286906 3.58336 0.00645042 0.0247053 155.436
407989 2 0.1 1 32.9 0.486746 0.328645 1.1472 0.00624924 0.00892205 155.436
408053 2 0.1 1 32.9 0.455739 0.0797528 2.89288 0.0459987 0.0312557 155.436
411141 2 0.1 1 32.9 -0.280084 -0.104611 1.17418 0.0262729 0.0143078 155.436
412794 2 0.1 1 32.9 -0.378391 0.463685 1.2628 -0.0218062 0.0394999 155.436
415686 2 0.1 1 32.9 -0.03272 -0.456073 1.22479 -0.00976501 -0.00280781 155.436
415875 2 0.1 1 32.9 0.493434 -0.318222 1.16675 0.0398009 0.0174374 155.436
418476 2 0.1 1 32.9 0.415248 0.074369 3.63631 0.0397346 -0.00459214 155.436
420320 2 0.1 1 32.9 -0.231514 0.393907 2.5587 -0.0131425 0.0234297 155.436
420436 2 0.1 1 32.9 -0.0298873 0.25763 1.65624 -0.00463825 -0.0011803 155.436
420442 2 0.1 1 32.9 0.0448165 -0.311154 2.85821 -0.0124541 -0.0201971 155.436
422232 2 0.1 1 32.9 0.30741 0.499017 2.26195 0.0252144 0.0340824 155.436
423683 2 0.1 1 32.9 0.180046 -0.322877 2.79063 0.0295509 -0.0173296 155.436
430551 2 0.1 1 32.9 0.246661 0.135032 4.46844 0.0279462 -0.00175325 155.436
431528 2 0.1 1 32.9 0.099467 -0.0865269 1.06387 -0.00311436 0.0154266 155.436
432746 2 0.1 1 32.9 -0.454006 0.0576824 6.16923 -0.0865795 0.0205125 155.436
435059 2 0.1 1 32.9 0.359327 -0.0667034 3.08792 0.008883 -0.00915929 155.436
437188 2 0.1 1 32.9 -0.107431 -0.421318 4.01553 -0.017231 -0.0409291 155.436
438632 2 0.1 1 32.9 -0.495219 0.0156674 2.92541 -0.0623861 -0.00230306 155.436
439561 2 0.1 1 32.9 -0.338652 0.326041 2.34213 -0.0324992 0.0369427 155.436
440742 2 0.1 1 32.9 -0.206838 0.479554 8.37912 -0.0707711 0.135937 155.436
442977 2 0.1 1 32.9 0.0625595 -0.294607 4.51056 0.0106195 -0.0324361 155.436
443519 2 0.1 1 32.9 -0.311003 -0.324745 1.72684 0.0141792 -0.0222189 155.436
443722 2 0.1 1 32.9 -0.387143 0.432783 6.0824 -0.0600922 0.0920886 155.436
443910 2 0.1 1 32.9 -0.452948 0.410876 1.25993 -0.0189098 0.0287974 155.436
446248 2 0.1 1 32.9 0.164832 0.371674 3.51078 0.0154582 0.0619871 155.436
447456 2 0.1 1 32.9 -0.490631 -0.378025 8.17415 -0.116427 -0.0500145 155.436
449752 2 0.1 1 32.9 -0.137457 -0.268285 3.10884 -0.0161552 -0.0196126 155.436
449755 2 0.1 1 32.9 -0.270151 -0.0768575 1.59431 -0.00523936 -0.00770505 155.436
450495 2 0.1 1 32.9 -0.310582 -0.477199 1.24765 -0.0203833 -0.0345636 155.436
452338 2 0.1 1 32.9 -0.131152 -0.28281 3.27003 -0.0177635 -0.0171331 155.436
453534 2 0.1 1 32.9 -0.17537 -0.484525 3.02237 -0.0166964 -0.0283414 155.436
458347 2 0.1 1 32.9 0.0444468 -0.306251 5.33405 0.00127643 -0.0369197 155.436
459058 2 0.1 1 32.9 -0.177646 -0.00619847 1.56878 -0.0156502 0.00945439 155.436
460550 2 0.1 1 32.9 0.0419387 0.343481 2.32588 0.00895374 0.0213344 155.436
461572 2 0.1 1 32.9 -0.18998 -0.27929 1.88709 -0.0183256 -0.0147379 155.436
464028 2 0.1 1 32.9 -0.0558785 -0.479585 2.54812 -0.0243426 -0.025969 155.436
467695 2 0.1 1 32.9 -0.304288 -0.325046 0.863178 -0.0272447 -0.02524 155.436
467723 2 0.1 1 32.9 0.258542 -0.361399 1.36102 0.00442657 -0.0442738 155.436
471526 2 0.1 1 32.9 -0.137908 -0.0233547 4.45957 -0.00806811 -0.0149831 155.436
475160 2 0.1 1 32.9 0.00722145 -0.13927 1.75911 -0.00934576 0.000734466 155.436
477873 2 0.1 1 32.9 -0.211996 -0.481736 3.28031 -0.000259817 -0.0484619 155.436
479794 2 0.1 1 32.9 -0.19907 -0.00803816 1.93298 -0.00929515 -0.0156308 155.436
483275 2 0.1 1 32.9 -0.0660842 -0.0223412 3.21756 0.00100827 -0.000458482 155.436
488486 2 0.1 1 32.9 -0.120132 0.174658 6.25549 -0.00403787 0.0426608 155.436
492112 2 0.1 1 32.9 -0.241564 0.016989 1.19802 0.00806679 0.0108045 155.436
495045 2 0.1 1 32.9 0.317949 -0.42475 1.08534 0.0208892 -0.0133325 155.436
496272 2 0.1 1 32.9 0.319511 0.0315939 1.33637 0.0313343 -0.0108341 155.436
496833 2 0.1 1 32.9 -0.0848944 0.0963301 3.75208 0.00350439 0.0374526 155.436
