32 2 0.1 1 32.9 -0.0147961 0.490793 2.34234 -0.0135041 0.0298087 155.436
69 2 0.1 1 32.9 0.254046 -0.244193 3.74037 0.00832644 -0.0143021 155.436
302 2 0.1 1 32.9 0.223549 0.1826 3.23812 0.00713116 0.000838764 155.436
1223 2 0.1 1 32.9 -0.351503 -0.400674 2.48423 -0.0250158 -0.0105841 155.436
2399 2 0.1 1 32.9 -0.252891 0.327534 2.48079 -0.00851008 0.0179529 155.436
2403 2 0.1 1 32.9 0.320512 -0.261515 1.23222 0.00258052 0.00543842 155.436
2800 2 0.1 1 32.9 0.235595 0.221699 0.76128 0.0181558 0.0205313 155.436
5102 2 0.1 1 32.9 0.405128 -0.486088 0.829293 -0.00740951 -0.0493026 155.436
6001 2 0.1 1 32.9 -0.0119933 -0.383356 1.91224 -0.00440863 -0.0231475 155.436
6315 2 0.1 1 32.9 0.257322 -0.368263 1.63348 0.0321369 -0.0133494 155.436
8146 2 0.1 1 32.9 0.0861842 -0.182455 22.9423 0.0578689 -0.108461 155.436
8195 2 0.1 1 32.9 -0.448652 0.159602 0.776928 0.0377608 0.0285847 155.436
8366 2 0.1 1 32.9 -0.302184 0.453989 4.44063 -0.046301 0.066977 155.436
8477 2 0.1 1 32.9 -0.437718 0.208337 3.56108 -0.0500681 -0.00547793 155.436
9376 2 0.1 1 32.9 0.0793184 -0.124271 12.1849 0.0269803 -0.0269711 155.436
10193 2 0.1 1 32.9 0.380447 0.0500997 4.57182 0.0269049 0.0110982 155.436
10925 2 0.1 1 32.9 -0.0300453 0.431702 1.80117 -0.000923437 0.0314527 155.436
13574 2 0.1 1 32.9 0.360562 0.262921 6.07825 0.0486027 0.0554334 155.436
13858 2 0.1 1 32.9 0.297887 -0.357006 1.7622 0.0219359 0.0211253 155.436
14712 2 0.1 1 32.9 -0.123432 0.105586 5.66967 -0.0176672 -0.00141822 155.436
15769 2 0.1 1 32.9 -0.0326289 -0.367492 1.54259 -0.027409 -0.0226342 155.436
16216 2 0.1 1 32.9 -0.263796 0.221226 0.85756 -0.0177416 0.0112812 155.436
17305 2 0.1 1 32.9 0.312444 0.437149 7.45901 0.0707396 0.0860305 155.436
17770 2 0.1 1 32.9 0.323952 0.439552 1.18878 0.0241656 0.0106146 155.436
18390 2 0.1 1 32.9 0.0139787 -0.0728341 0.927005 -0.0287075 -0.00407498 155.436
19633 2 0.1 1 32.9 0.465839 -0.0154618 0.757767 0.00382301 -0.0520309 155.436
21146 2 0.1 1 32.9 -0.118579 -0.245343 3.11719 -0.00777519 -0.0266369 155.436
21891 2 0.1 1 32.9 -0.255948 0.217623 1.04445 -0.00315064 0.0416808 155.436
22031 2 0.1 1 32.9 -0.310311 -0.483521 1.08379 -0.0163941 -0.0486476 155.436
22138 2 0.1 1 32.9 -0.361046 0.253198 1.15409 -0.036997 -0.00258856 155.436
22285 2 0.1 1 32.9 -0.453841 -0.317929 1.36316 -0.0299242 -0.0035745 155.436
23188 2 0.1 1 32.9 -0.136166 0.0811775 0.915183 0.0327242 0.00945397 155.436
23808 2 0.1 1 32.9 -0.314041 0.0123439 0.297852 -0.0167517 0.0139457 155.436
27771 2 0.1 1 32.9 -0.234072 -0.125484 3.5556 -0.0235391 0.00879352 155.436
29094 2 0.1 1 32.9 -0.201544 0.320787 2.26714 -0.00270807 0.0445944 155.436
30430 2 0.1 1 32.9 0.0905492 0.243203 3.90353 0.0172486 0.0262026 155.436
33094 2 0.1 1 32.9 -0.204678 0.169839 1.56856 -0.0252576 -0.00759266 155.436
33748 2 0.1 1 32.9 -0.189747 -0.374833 1.884 -0.033086 -0.0177475 155.436
35589 2 0.1 1 32.9 0.292479 0.154017 2.44962 0.0238557 0.0373947 155.436
35733 2 0.1 1 32.9 0.32704 -0.0187592 2.18803 0.026323 -0.0234738 155.436
36172 2 0.1 1 32.9 -0.387536 -0.28565 1.18441 -0.0254156 -0.0278596 155.436
36409 2 0.1 1 32.9 -0.234688 -0.0905657 2.71698 -0.0109804 0.00238341 155.436
38808 2 0.1 1 32.9 -0.378785 0.294897 4.03698 -0.0654401 0.0521238 155.436
39276 2 0.1 1 32.9 -0.14306 0.225639 1.86726 -0.0181659 0.030105 155.436
39565 2 0.1 1 32.9 -0.148973 -0.0728252 1.90193 -0.000912363 -0.0140013 155.436
40917 2 0.1 1 32.9 0.129443 -0.0979311 3.20244 0.00208367 0.0150053 155.436
40946 2 0.1 1 32.9 0.3047 -0.284421 2.21838 0.0568094 0.00947089 155.436
44183 2 0.1 1 32.9 0.462747 -0.436978 4.49205 0.0420798 -0.0688483 155.436
44607 2 0.1 1 32.9 0.305426 0.177059 2.05591 0.0336874 0.0257814 155.436
45203 2 0.1 1 32.9 0.100126 -0.322229 6.54491 0.0297459 -0.0797783 155.436
45517 2 0.1 1 32.9 0.00800291 -0.408947 1.248 -0.0152933 -0.0201704 155.436
46471 2 0.1 1 32.9 -0.0383309 -0.0727347 16.1539 -0.0272716 -0.0199006 155.436
48479 2 0.1 1 32.9 0.234078 0.106241 3.29689 0.0433188 0.0266295 155.436
48729 2 0.1 1 32.9 -0.265173 0.0361806 2.42992 0.00518752 -0.00809754 155.436
49755 2 0.1 1 32.9 0.298406 0.462968 2.5048 0.0276411 0.0476435 155.436
50331 2 0.1 1 32.9 0.144667 0.454915 2.55487 0.0241575 0.0391576 155.436
50862 2 0.1 1 32.9 0.120708 -0.294649 1.75724 0.0121241 -0.0316017 155.436
51049 2 0.1 1 32.9 0.00318835 0.179333 1.93163 0.00272586 0.0361329 155.436
51351 2 0.1 1 32.9 -0.422415 -0.489909 5.26262 -0.0664426 -0.0836035 155.436
52247 2 0.1 1 32.9 0.226751 -0.121585 3.11582 0.0230109 -0.0335342 155.436
52447 2 0.1 1 32.9 0.363367 -0.0586123 11.9329 0.14353 -0.00656945 155.436
52698 2 0.1 1 32.9 -0.067036 0.125984 1.61472 -0.0175772 -0.00356884 155.436
53635 2 0.1 1 32.9 0.0222931 -0.401876 1.5699 0.0247154 -0.0262771 155.436
53836 2 0.1 1 32.9 -0.221895 0.415208 1.15988 0.0117334 0.00295298 155.436
62806 2 0.1 1 32.9 -0.294839 0.240822 3.22055 -0.00679165 0.0473834 155.436
63102 2 0.1 1 32.9 -0.148892 -0.380115 14.6867 -0.051963 -0.172669 155.436
64292 2 0.1 1 32.9 -0.310299 0.140173 6.09229 -0.0383978 0.0373836 155.436
64921 2 0.1 1 32.9 -0.249986 -0.242337 7.81922 -0.0644494 -0.0570833 155.436
65052 2 0.1 1 32.9 -0.168133 0.277963 3.78567 -0.00234247 0.0399348 155.436
65930 2 0.1 1 32.9 0.0923806 -0.0015996 4.67284 0.0165852 0.000415729 155.436
67142 2 0.1 1 32.9 -0.378731 -0.119341 1.70962 -0.0412807 -0.0227061 155.436
67870 2 0.1 1 32.9 0.285483 -0.412038 2.19871 0.0292526 -0.022826 155.436
71110 2 0.1 1 32.9 -0.473784 0.307201 1.95718 -0.00960228 -0.0023403 155.436
72314 2 0.1 1 32.9 -0.261909 0.371199 2.92276 -0.0343393 0.0258484 155.436
72565 2 0.1 1 32.9 0.178551 0.494687 7.83294 0.0442328 0.13145 155.436
73047 2 0.1 1 32.9 -0.404985 0.21145 1.58716 -0.0220255 0.000161929 155.436
76044 2 0.1 1 32.9 -0.110838 -0.373266 4.54844 0.00741626 -0.082704 155.436
77075 2 0.1 1 32.9 -0.0252798 -0.306506 3.31245 -0.0111855 -0.0260258 155.436
78880 2 0.1 1 32.9 0.24953 0.0543591 2.30508 0.0340869 0.00464976 155.436
79168 2 0.1 1 32.9 0.296469 0.474301 1.8934 0.0410246 0.0381555 155.436
79617 2 0.1 1 32.9 0.177526 0.212985 3.84664 0.0225158 0.0299753 155.436
79937 2 0.1 1 32.9 -0.0735998 0.174338 2.82524 -0.0179635 0.0120119 155.436
79941 2 0.1 1 32.9 0.159006 0.0570226 0.926673 -0.0279375 0.00564391 155.436
83212 2 0.1 1 32.9 0.175996 0.22398 2.92569 0.026892 0.0213701 155.436
83790 2 0.1 1 32.9 -0.095646 0.350174 8.55907 -0.00563159 0.0966689 155.436
88371 2 0.1 1 32.9 -0.382257 -0.403568 2.97018 -0.045924 -0.0592986 155.436
88376 2 0.1 1 32.9 0.0403675 -0.0890518 1.07803 -0.00476973 -0.00769907 155.436
89099 2 0.1 1 32.9 -0.0162271 0.375224 1.29569 -0.00878497 0.00188977 155.436
89545 2 0.1 1 32.9 -0.246119 0.0900985 1.93416 -0.032191 0.0250419 155.436
91147 2 0.1 1 32.9 -0.186167 -0.445708 3.46654 -0.0186225 -0.050151 155.436
91451 2 0.1 1 32.9 0.260734 -0.335259 5.52245 0.0607254 -0.051237 155.436
92011 2 0.1 1 32.9 0.423706 -0.415299 2.44667 0.0182101 -0.0674427 155.436
92163 2 0.1 1 32.9 -0.482697 -0.498206 2.25959 -0.0477571 -0.0264693 155.436
92652 2 0.1 1 32.9 0.403883 -0.309729 2.19556 0.0316062 -0.00544787 155.436
92673 2 0.1 1 32.9 -0.0296426 -0.289668 5.91355 0.00205546 -0.0623963 155.436
92680 2 0.1 1 32.9 0.425886 -0.179113 2.02056 0.00863697 -0.0110711 155.436
92721 2 0.1 1 32.9 -0.440648 0.0709521 4.2046 -0.0823173 0.0148359 155.436
94351 2 0.1 1 32.9 0.234696 -0.446307 0.908169 -0.00390966 -0.0035887 155.436
94493 2 0.1 1 32.9 -0.128034 0.23902 2.39797 -0.036637 0.03127 155.436
99513 2 0.1 1 32.9 0.357434 0.151877 3.33411 0.047181 0.0312295 155.436
100126 2 0.1 1 32.9 0.0581292 0.362731 1.64447 0.00899121 0.00056638 155.436
100367 2 0.1 1 32.9 -0.414682 0.49842 1.65219 0.00105431 0.0158781 155.436
100569 2 0.1 1 32.9 0.400359 0.042932 3.30994 0.0382232 0.0121679 155.436
101974 2 0.1 1 32.9 0.0450012 0.261136 2.98026 0.00168922 0.0133188 155.436
102469 2 0.1 1 32.9 0.198515 0.0816797 2.20379 0.00241631 0.00315848 155.436
102972 2 0.1 1 32.9 0.0256171 0.187334 1.934 -0.000310598 0.01644 155.436
103744 2 0.1 1 32.9 -0.14245 0.435373 3.08772 -0.0184595 0.056942 155.436
103880 2 0.1 1 32.9 -0.0654023 0.0430847 1.78291 -0.0263919 -0.00631124 155.436
103949 2 0.1 1 32.9 -0.0464619 0.388873 4.10916 -0.00335279 0.0695178 155.436
103994 2 0.1 1 32.9 0.476841 0.387355 2.39665 0.0351562 0.0150243 155.436
104250 2 0.1 1 32.9 0.0768956 0.0308795 2.9071 0.0112169 0.0198978 155.436
106169 2 0.1 1 32.9 -0.48521 -0.00405465 3.18955 -0.0476991 -0.0100493 155.436
107659 2 0.1 1 32.9 0.452569 0.296733 3.11708 0.026524 0.018088 155.436
109150 2 0.1 1 32.9 -0.183004 0.259456 2.39474 -0.0580828 0.0287084 155.436
110973 2 0.1 1 32.9 0.437126 -0.286577 1.32554 0.0452679 -0.00538048 155.436
111832 2 0.1 1 32.9 -0.0928625 -0.263143 2.13777 0.0235081 -0.0387983 155.436
113065 2 0.1 1 32.9 -0.210205 -0.085865 1.05786 -0.00470619 0.000258483 155.436
115221 2 0.1 1 32.9 -0.424857 0.356602 4.08753 -0.0580504 0.0353281 155.436
115501 2 0.1 1 32.9 0.208157 -0.265734 4.68047 0.0313442 -0.0165937 155.436
116899 2 0.1 1 32.9 0.457007 -0.259544 2.42883 0.035361 -0.0246357 155.436
117044 2 0.1 1 32.9 -0.477722 -0.145398 1.5863 -0.0601835 -0.00589432 155.436
117611 2 0.1 1 32.9 0.356369 -0.00842357 1.25559 0.0304864 0.00465847 155.436
119600 2 0.1 1 32.9 -0.342253 0.191272 0.253222 -0.000516694 0.00249484 155.436
120828 2 0.1 1 32.9 -0.356384 -0.149383 4.86428 -0.0218859 -0.0659463 155.436
121274 2 0.1 1 32.9 -0.0789809 0.236585 1.98741 0.0100763 0.0140414 155.436
121896 2 0.1 1 32.9 -0.02677 0.328191 0.359274 -0.0109786 0.0132471 155.436
121937 2 0.1 1 32.9 -0.488442 -0.324337 4.47941 -0.062484 -0.0435652 155.436
124086 2 0.1 1 32.9 -0.207094 -0.379518 26.4039 -0.156003 -0.27088 155.436
124690 2 0.1 1 32.9 -0.147848 0.328485 0.803128 0.00559761 0.0342166 155.436
126661 2 0.1 1 32.9 -0.380351 -0.474305 0.717039 -0.0239392 0.01019 155.436
126884 2 0.1 1 32.9 -0.337635 0.128068 0.678926 -0.00120015 0.0112762 155.436
127165 2 0.1 1 32.9 0.135756 0.314827 2.44838 0.00774878 0.0148032 155.436
127888 2 0.1 1 32.9 0.0873919 0.429169 2.10349 0.0183458 0.0286889 155.436
128520 2 0.1 1 32.9 0.198091 0.374043 1.3316 -0.00466069 0.0067781 155.436
128698 2 0.1 1 32.9 0.454762 -0.0844885 1.35087 0.00879462 -0.0108809 155.436
128890 2 0.1 1 32.9 0.299741 -0.314247 1.40737 0.0239648 -0.0275638 155.436
130065 2 0.1 1 32.9 0.0242312 -0.102569 3.64753 -0.0102447 -0.00323973 155.436
130145 2 0.1 1 32.9 0.451483 -0.0207886 3.00806 0.0416325 0.00389086 155.436
130206 2 0.1 1 32.9 0.485264 0.461572 2.18154 0.0268659 0.0224697 155.436
130864 2 0.1 1 32.9 0.494902 0.161401 3.97894 0.0514146 0.0237774 155.436
132062 2 0.1 1 32.9 0.395777 0.000212516 2.73775 0.0344579 -0.0124726 155.436
134004 2 0.1 1 32.9 -0.100574 0.168262 3.00709 -0.0284803 0.00729327 155.436
136139 2 0.1 1 32.9 -0.0869896 -0.270833 2.74948 0.00271015 -0.0117645 155.436
136633 2 0.1 1 32.9 -0.38331 -0.157444 2.47308 -0.033537 -0.0173922 155.436
137846 2 0.1 1 32.9 0.00527285 -0.0143551 1.43252 -0.00540652 0.0040287 155.436
138805 2 0.1 1 32.9 -0.115909 -0.283007 10.6909 -0.037345 -0.0879299 155.436
139789 2 0.1 1 32.9 -0.0470934 0.220881 0.944339 -0.00657491 0.00524783 155.436
139925 2 0.1 1 32.9 0.497205 0.167048 1.80088 0.0353788 0.00149311 155.436
144277 2 0.1 1 32.9 0.265572 0.36647 3.52128 0.0223773 0.0337207 155.436
144422 2 0.1 1 32.9 -0.302219 -0.0172435 4.41112 -0.0230664 -0.014811 155.436
144447 2 0.1 1 32.9 -0.31916 0.358187 3.7426 -0.00788263 0.0626766 155.436
144551 2 0.1 1 32.9 -0.422138 -0.0643594 1.61247 -0.021737 0.0142832 155.436
145926 2 0.1 1 32.9 0.356412 -0.2496 1.86201 0.0212411 -0.0186401 155.436
149582 2 0.1 1 32.9 0.278794 0.440143 3.49951 0.0604365 0.0327264 155.436
150922 2 0.1 1 32.9 0.258619 -0.445795 2.80769 -0.00150422 -0.0107282 155.436
151352 2 0.1 1 32.9 -0.331031 -0.18083 2.41117 -0.0274394 -0.019972 155.436
151513 2 0.1 1 32.9 0.343423 0.227273 5.85762 0.0523808 0.0410662 155.436
151676 2 0.1 1 32.9 -0.0505019 -0.00729542 12.5207 -0.0108888 0.000850806 155.436
152033 2 0.1 1 32.9 -0.119741 0.345719 4.99369 -0.0105391 0.0572659 155.436
152864 2 0.1 1 32.9 -0.0686058 0.120728 1.50863 -0.00032528 0.000189024 155.436
153584 2 0.1 1 32.9 -0.0198906 0.339831 2.42584 -0.006601 0.00083289 155.436
156792 2 0.1 1 32.9 -0.191215 0.279583 3.16794 -0.0047496 0.0109438 155.436
158149 2 0.1 1 32.9 -0.135988 0.408396 6.31382 -0.0104665 0.0713801 155.436
158333 2 0.1 1 32.9 0.386367 0.213479 3.75722 0.0163133 0.0118021 155.436
158374 2 0.1 1 32.9 0.193444 0.0810931 1.94221 0.0175679 0.0174421 155.436
158873 2 0.1 1 32.9 0.313865 0.355361 1.49736 0.0139649 0.00665496 155.436
158982 2 0.1 1 32.9 0.0309446 0.300328 2.14112 -0.0133713 0.0220515 155.436
159527 2 0.1 1 32.9 -0.36249 -0.227137 1.14866 -0.00655614 -0.00730085 155.436
161593 2 0.1 1 32.9 0.223547 -0.17364 2.29772 0.0265426 -0.0171561 155.436
162474 2 0.1 1 32.9 0.0406681 0.304622 2.04084 0.0197912 -0.00590242 155.436
162837 2 0.1 1 32.9 0.0706392 0.121685 1.62661 0.0208614 0.00381861 155.436
163185 2 0.1 1 32.9 -0.489602 0.492185 1.71187 -0.0239798 0.0440991 155.436
163844 2 0.1 1 32.9 0.427361 0.416603 3.48673 0.0427905 0.0454808 155.436
164842 2 0.1 1 32.9 0.48876 0.367446 3.27165 0.0385536 0.0342688 155.436
165925 2 0.1 1 32.9 -0.435403 0.0789522 3.45136 -0.0410757 0.0065615 155.436
166033 2 0.1 1 32.9 -0.310071 -0.166667 1.22368 0.00397241 -0.00415741 155.436
166301 2 0.1 1 32.9 0.0169804 0.0450354 1.92817 -0.0135223 -0.0158067 155.436
166307 2 0.1 1 32.9 0.202896 -0.0770112 2.8987 -0.01082 0.00945059 155.436
172843 2 0.1 1 32.9 0.4797 0.159264 2.16729 0.0192025 0.0066393 155.436
174677 2 0.1 1 32.9 -0.22825 0.43825 1.11564 0.000969501 0.0138554 155.436
174807 2 0.1 1 32.9 0.484732 0.250911 4.01186 0.0574474 0.027636 155.436
175470 2 0.1 1 32.9 -0.224748 0.42888 3.34928 -0.00707208 0.0466184 155.436
175815 2 0.1 1 32.9 0.466783 0.05758 3.08656 0.0450842 0.0063834 155.436
177449 2 0.1 1 32.9 0.253925 -0.366072 4.47019 0.0236985 -0.0227277 155.436
178128 2 0.1 1 32.9 -0.393868 -0.0805746 2.39003 -0.0376748 0.00827101 155.436
179101 2 0.1 1 32.9 0.313189 0.147149 1.37531 0.0158747 -0.00342819 155.436
179483 2 0.1 1 32.9 0.00371713 0.239321 3.83562 0.00555241 0.0220532 155.436
181426 2 0.1 1 32.9 0.222142 -0.372372 1.83894 -0.0115832 -0.00836864 155.436
183133 2 0.1 1 32.9 -0.117357 -0.480108 5.28166 -0.0236977 -0.073973 155.436
184495 2 0.1 1 32.9 -0.45746 -0.204117 3.32229 -0.0225561 0.00649166 155.436
185468 2 0.1 1 32.9 0.478751 0.240627 3.10779 0.0593444 0.0551432 155.436
185526 2 0.1 1 32.9 -0.102707 -0.305104 2.36139 -0.00501072 -0.0291415 155.436
185691 2 0.1 1 32.9 0.0411592 -0.033323 0.893829 0.00155096 -0.00280962 155.436
188759 2 0.1 1 32.9 0.308216 -0.397146 1.88273 0.0204548 -0.00163973 155.436
188994 2 0.1 1 32.9 0.470947 -0.222868 3.98847 0.0723888 -0.0535933 155.436
189785 2 0.1 1 32.9 -0.350168 -0.222802 2.1467 -0.0222207 -0.0102617 155.436
189860 2 0.1 1 32.9 -0.406717 -0.104988 1.21947 -0.00586592 0.00814682 155.436
190096 2 0.1 1 32.9 -0.307781 -0.215828 1.55319 0.00344899 -0.0273127 155.436
191309 2 0.1 1 32.9 0.315928 0.458279 2.14929 0.0120009 0.017585 155.436
193488 2 0.1 1 32.9 -0.236658 -0.327471 1.49783 0.0090009 -0.0181534 155.436
193580 2 0.1 1 32.9 -0.41835 -0.354893 1.04737 -0.026557 0.0153599 155.436
194783 2 0.1 1 32.9 0.137 -0.421322 3.12556 0.00467707 -0.0489193 155.436
194827 2 0.1 1 32.9 -0.455476 0.220818 3.25789 -0.0426121 0.0137806 155.436
195271 2 0.1 1 32.9 0.342042 -0.401412 3.85152 0.0394767 -0.0384231 155.436
195458 2 0.1 1 32.9 0.462501 0.360183 6.03685 0.0707743 0.0697753 155.436
196125 2 0.1 1 32.9 -0.477888 -0.183205 2.49238 -0.0283643 0.00736256 155.436
196654 2 0.1 1 32.9 -0.458197 0.307029 2.56186 -0.0414996 0.0136345 155.436
196761 2 0.1 1 32.9 0.233878 -0.170824 1.62631 -0.00668747 0.00259881 155.436
198007 2 0.1 1 32.9 0.208939 0.178967 3.44549 0.0162731 0.0163926 155.436
198113 2 0.1 1 32.9 0.188859 -0.213671 1.55768 0.00198253 -0.0308201 155.436
199196 2 0.1 1 32.9 0.133243 -0.306366 2.01002 -0.00484377 -0.0199194 155.436
199227 2 0.1 1 32.9 -0.433172 -0.283336 2.12492 -0.00876799 -0.0378056 155.436
199827 2 0.1 1 32.9 -0.316434 -0.0673068 5.84234 -0.0383349 -0.0278147 155.436
200550 2 0.1 1 32.9 -0.000775103 0.406587 2.44749 0.00540935 0.00511606 155.436
201760 2 0.1 1 32.9 -0.394513 -0.447494 2.03607 -0.0423671 -0.037808 155.436
203424 2 0.1 1 32.9 0.0506226 0.492885 4.94966 -0.0168122 0.0769418 155.436
205352 2 0.1 1 32.9 0.483083 0.0893164 3.05091 0.0408694 0.0188031 155.436
205828 2 0.1 1 32.9 -0.0408575 -0.236102 2.12881 8.83772e-05 -0.00454855 155.436
206998 2 0.1 1 32.9 0.451103 -0.159098 1.34981 0.0351932 0.0140264 155.436
208916 2 0.1 1 32.9 -0.0157961 -0.398555 1.48711 -0.0138393 0.00955859 155.436
208935 2 0.1 1 32.9 0.0226648 -0.054567 1.33354 0.011558 -0.0178214 155.436
211329 2 0.1 1 32.9 -0.25061 -0.47813 2.65094 0.0102036 -0.0235602 155.436
211707 2 0.1 1 32.9 -0.357671 0.345446 1.11281 -0.00930058 0.00503214 155.436
212435 2 0.1 1 32.9 0.387849 0.449817 2.24349 0.0377474 0.0319598 155.436
212772 2 0.1 1 32.9 0.014305 -0.017379 1.6613 -0.00419855 -0.00306395 155.436
213184 2 0.1 1 32.9 0.266916 -0.169794 6.78843 0.0681518 -0.0332449 155.436
213384 2 0.1 1 32.9 0.478653 -0.413066 1.52335 0.0274087 -0.0120678 155.436
214125 2 0.1 1 32.9 -0.0475456 0.447241 4.79888 -0.00931874 0.0708117 155.436
214203 2 0.1 1 32.9 0.392363 -0.435609 1.23561 0.00563181 -0.0306494 155.436
216268 2 0.1 1 32.9 -0.0367798 0.436588 7.14944 -0.031426 0.0889939 155.436
217928 2 0.1 1 32.9 -0.291486 -0.0341737 4.03861 -0.059045 -0.0174955 155.436
219751 2 0.1 1 32.9 0.338976 -0.0865877 2.32335 0.0269552 0.0231573 155.436
225007 2 0.1 1 32.9 0.414001 0.119392 2.42061 0.0322934 -0.0224297 155.436
225570 2 0.1 1 32.9 0.121091 -0.351674 1.33539 0.0269791 -0.00375921 155.436
226046 2 0.1 1 32.9 0.483287 0.415415 2.36538 0.0360975 0.0410341 155.436
226090 2 0.1 1 32.9 -0.294747 -0.499358 1.89301 -0.00140329 -0.0290405 155.436
227105 2 0.1 1 32.9 -0.381703 0.0417529 1.14914 -0.0117523 -0.00849515 155.436
229645 2 0.1 1 32.9 0.464921 -0.0641621 2.28744 0.0515391 -0.0112645 155.436
232301 2 0.1 1 32.9 -0.230773 0.103045 7.75717 -0.0435376 0.00903043 155.436
232431 2 0.1 1 32.9 0.136595 0.207257 0.706368 0.018217 0.0012557 155.436
232778 2 0.1 1 32.9 -0.194498 -0.00867857 2.3848 -0.00449383 -0.00881369 155.436
233160 2 0.1 1 32.9 -0.097187 0.0642641 2.14627 -0.027335 0.0357011 155.436
235397 2 0.1 1 32.9 -0.108942 -0.239973 1.31311 0.0162393 0.0117393 155.436
235816 2 0.1 1 32.9 0.211462 -0.032134 2.24155 0.00688962 -0.0143293 155.436
236210 2 0.1 1 32.9 -0.322414 -0.23551 4.94489 -0.0395274 -0.0168021 155.436
236585 2 0.1 1 32.9 -0.158236 0.22902 4.38724 -0.0248221 0.0403529 155.436
237190 2 0.1 1 32.9 0.453664 -0.444947 12.182 0.175385 -0.184566 155.436
237631 2 0.1 1 32.9 0.124095 -0.385882 0.664335 0.00923001 0.0073836 155.436
239051 2 0.1 1 32.9 -0.139136 -0.487187 1.26556 0.00541189 0.00794857 155.436
241285 2 0.1 1 32.9 -0.198135 -0.318676 1.30986 -0.0118127 -0.0213271 155.436
242934 2 0.1 1 32.9 -0.0306931 -0.174652 1.34704 -0.0208151 -0.00972924 155.436
243882 2 0.1 1 32.9 -0.201837 -0.0149725 5.20717 -0.0242572 -0.0269565 155.436
244315 2 0.1 1 32.9 -0.164472 -0.390098 1.85031 -0.00563136 -0.0162256 155.436
245008 2 0.1 1 32.9 0.164393 0.278924 1.43642 0.0117807 0.00667634 155.436
246890 2 0.1 1 32.9 -0.172527 -0.316245 3.55075 -0.0122062 -0.0496337 155.436
248673 2 0.1 1 32.9 0.471462 -0.422451 5.72608 0.0543705 -0.0763791 155.436
249564 2 0.1 1 32.9 -0.329913 -0.325471 2.96172 -0.0252979 -0.0419203 155.436
250237 2 0.1 1 32.9 -0.103576 -0.311328 3.0644 -0.0204531 -0.0318201 155.436
252873 2 0.1 1 32.9 -0.221383 0.3745 3.15983 -0.00981331 0.0173655 155.436
252920 2 0.1 1 32.9 -0.253177 0.445005 2.02869 -0.0157202 0.026149 155.436
252946 2 0.1 1 32.9 -0.178814 0.0844894 3.85065 -0.0147289 0.00369428 155.436
254345 2 0.1 1 32.9 -0.105462 0.0415326 8.51374 -0.0519842 0.000914478 155.436
255930 2 0.1 1 32.9 -0.238741 -0.132083 4.36428 -0.0205473 -0.00464897 155.436
256022 2 0.1 1 32.9 0.309684 0.372816 3.63233 0.0343906 0.0471777 155.436
256595 2 0.1 1 32.9 -0.47051 -0.00536994 2.95933 -0.0366605 -0.010172 155.436
257185 2 0.1 1 32.9 0.136895 0.211147 1.41099 0.00941836 -0.017392 155.436
259297 2 0.1 1 32.9 -0.208387 0.320351 2.14264 -0.041956 0.0271436 155.436
259769 2 0.1 1 32.9 -0.411144 -0.229115 1.48889 -0.0160337 -0.00780982 155.436
263051 2 0.1 1 32.9 -0.13863 0.425647 6.54006 -0.0464483 0.0957858 155.436
264674 2 0.1 1 32.9 -0.00756717 0.203604 2.06117 0.0276729 0.0176772 155.436
267639 2 0.1 1 32.9 -0.0460799 0.0950438 2.89221 -0.00106629 0.0239356 155.436
268242 2 0.1 1 32.9 0.260509 0.229332 1.12942 0.0353434 -0.0211688 155.436
268668 2 0.1 1 32.9 -0.496266 0.238859 3.1504 -0.0533067 0.0281428 155.436
270622 2 0.1 1 32.9 -0.470442 0.137918 4.55603 -0.095625 0.0160639 155.436
270766 2 0.1 1 32.9 -0.0293239 0.0917811 0.804263 0.0160353 0.029421 155.436
271075 2 0.1 1 32.9 -0.321129 0.443351 6.42864 -0.0741504 0.087808 155.436
273558 2 0.1 1 32.9 -0.443821 0.263827 1.65071 -0.0054377 0.0223074 155.436
275652 2 0.1 1 32.9 0.366268 -0.288037 5.21771 0.0510098 -0.0383082 155.436
278926 2 0.1 1 32.9 -0.340345 -0.242033 2.82139 -0.0153603 -0.00743349 155.436
279212 2 0.1 1 32.9 -0.0159889 -0.46547 8.25016 0.00904254 -0.0878454 155.436
280011 2 0.1 1 32.9 -0.0665208 0.121656 5.73541 -0.0127059 0.00934941 155.436
280088 2 0.1 1 32.9 0.360983 -0.4759 1.79801 0.0335337 -0.0280973 155.436
280962 2 0.1 1 32.9 0.104539 -0.0090357 7.71164 0.0210868 -0.0170414 155.436
284309 2 0.1 1 32.9 -0.237547 -0.481392 1.44962 0.0190669 -0.0401566 155.436
284965 2 0.1 1 32.9 0.456427 -0.349926 1.67199 0.0385159 -0.0365111 155.436
285256 2 0.1 1 32.9 0.173364 -0.478062 1.97471 0.00603839 -0.00813078 155.436
285692 2 0.1 1 32.9 -0.0848403 0.0602783 1.65683 -0.0319995 0.00152255 155.436
286225 2 0.1 1 32.9 0.32824 0.264665 5.86342 0.068866 0.0493268 155.436
288049 2 0.1 1 32.9 -0.292112 0.112065 1.23778 -0.0156589 0.000862682 155.436
288237 2 0.1 1 32.9 -0.213881 0.245204 0.766373 0.0140371 -0.00294188 155.436
289129 2 0.1 1 32.9 0.200423 0.0365267 1.96628 0.00173744 0.00188948 155.436
289881 2 0.1 1 32.9 -0.0165451 0.45223 3.26123 -0.015779 0.02501 155.436
293321 2 0.1 1 32.9 -0.00729187 0.180459 2.97368 0.020837 0.0197043 155.436
296753 2 0.1 1 32.9 -0.372166 -0.178876 1.39279 -0.0165261 0.00541687 155.436
297463 2 0.1 1 32.9 -0.288055 0.206569 1.32174 -0.015844 0.0104393 155.436
297701 2 0.1 1 32.9 0.349955 -0.374724 1.86258 0.0367477 -0.033279 155.436
299509 2 0.1 1 32.9 0.332583 -0.251095 3.82442 0.0407091 -0.0138231 155.436
300703 2 0.1 1 32.9 0.116238 -0.407589 2.54491 -0.00446532 -0.0354235 155.436
300897 2 0.1 1 32.9 -0.445933 0.482928 1.04604 0.00679269 -0.0124884 155.436
301053 2 0.1 1 32.9 -0.150723 0.273247 1.46515 -0.0201162 -0.00144314 155.436
302230 2 0.1 1 32.9 0.228086 -0.333843 1.47834 -7.46312e-05 -0.0233455 155.436
302538 2 0.1 1 32.9 -0.268235 -0.138813 1.39935 -0.00938273 0.0075098 155.436
303007 2 0.1 1 32.9 0.00454226 -0.0880722 1.55906 -0.0262893 -0.0139332 155.436
303149 2 0.1 1 32.9 0.0239997 0.149167 1.20832 0.0324901 0.00873984 155.436
303466 2 0.1 1 32.9 0.457118 -0.117718 1.5985 0.0117416 -0.00830566 155.436
303804 2 0.1 1 32.9 -0.115673 -0.324584 4.44991 0.00831083 -0.0796003 155.436
304699 2 0.1 1 32.9 0.421702 -0.297204 2.03658 0.019986 -0.0301074 155.436
305633 2 0.1 1 32.9 -0.444432 0.00767414 3.64126 -0.0360855 0.00564181 155.436
306014 2 0.1 1 32.9 0.238105 0.296883 3.56549 0.0160774 0.0438433 155.436
309964 2 0.1 1 32.9 0.0211568 0.344085 3.21013 -0.000630741 -0.00189641 155.436
314803 2 0.1 1 32.9 0.150934 0.200894 2.28238 0.0276536 0.0372272 155.436
314929 2 0.1 1 32.9 0.199802 -0.000306415 0.980578 -0.0225188 0.0134265 155.436
315232 2 0.1 1 32.9 0.0811798 -0.446922 3.4552 -0.000798407 -0.0349223 155.436
315594 2 0.1 1 32.9 0.482223 0.0734129 2.94622 0.0451087 0.00540216 155.436
317117 2 0.1 1 32.9 0.00766778 0.374562 6.21647 -0.00307813 0.0747703 155.436
317997 2 0.1 1 32.9 -0.427976 -0.132631 5.21291 -0.0621374 -0.0363995 155.436
318484 2 0.1 1 32.9 -0.0223982 -0.422161 3.05279 -0.0221672 -0.0213679 155.436
318567 2 0.1 1 32.9 -0.289769 0.452565 4.485 -0.0239163 0.0873683 155.436
319637 2 0.1 1 32.9 -0.0874224 0.0533621 1.69093 0.000842377 0.00191251 155.436
321386 2 0.1 1 32.9 -0.472885 -0.170922 0.918216 -0.0113539 -0.0374134 155.436
325728 2 0.1 1 32.9 -0.434417 0.364121 0.366221 -0.0157508 -0.0117038 155.436
328804 2 0.1 1 32.9 -0.276403 0.293779 1.82381 -0.0162372 0.0471784 155.436
329416 2 0.1 1 32.9 0.103757 -0.21921 3.89585 0.0164674 -0.028076 155.436
330973 2 0.1 1 32.9 0.427775 0.398118 2.18507 0.00936274 0.0249832 155.436
331046 2 0.1 1 32.9 -0.119567 -0.0870479 1.68428 0.0195946 -0.0166352 155.436
331754 2 0.1 1 32.9 -0.275231 0.314729 1.27462 -0.0289921 0.0429685 155.436
331792 2 0.1 1 32.9 0.275803 -0.154441 2.37401 0.00546101 -0.0232995 155.436
332239 2 0.1 1 32.9 0.157397 0.195193 2.28604 0.012516 0.0333621 155.436
333158 2 0.1 1 32.9 -0.2075 -0.383401 1.88927 -0.0299942 -0.0027617 155.436
333490 2 0.1 1 32.9 -0.261828 -0.0802673 2.72886 -0.0226787 -0.0311507 155.436
333621 2 0.1 1 32.9 -0.149298 -0.286679 3.83396 -0.024376 -0.0508952 155.436
339447 2 0.1 1 32.9 -0.488462 0.332818 1.45944 -0.0336301 0.00424209 155.436
339493 2 0.1 1 32.9 -0.0646708 -0.316773 1.72139 0.0193167 -0.0269295 155.436
340781 2 0.1 1 32.9 -0.10625 0.288189 2.60526 -0.0111973 0.0139989 155.436
340894 2 0.1 1 32.9 0.410363 -0.456001 2.89425 0.0335988 -0.0364632 155.436
341859 2 0.1 1 32.9 0.411409 0.164809 2.62635 0.0358289 -0.00904196 155.436
342044 2 0.1 1 32.9 0.467465 0.439387 1.76932 0.0219807 0.0222126 155.436
345682 2 0.1 1 32.9 -0.424741 0.433115 5.75998 -0.070193 0.0877929 155.436
346032 2 0.1 1 32.9 0.488964 0.459142 2.00764 0.0471195 0.00165753 155.436
346503 2 0.1 1 32.9 -0.344641 0.066595 1.09237 -0.0076759 -0.000783375 155.436
348842 2 0.1 1 32.9 -0.164912 0.393701 2.89467 0.00930541 0.0721421 155.436
350031 2 0.1 1 32.9 0.124311 0.0366049 2.35075 -0.0231853 -0.0252968 155.436
351155 2 0.1 1 32.9 -0.0557478 -0.103996 7.80526 -0.0167502 -0.0323843 155.436
352201 2 0.1 1 32.9 -0.221488 0.33476 2.33167 0.004553 0.0171263 155.436
354235 2 0.1 1 32.9 0.305056 0.0181609 4.99718 0.0473965 0.00910444 155.436
354274 2 0.1 1 32.9 -0.451113 -0.30005 1.60241 -0.0546949 -0.0398062 155.436
356392 2 0.1 1 32.9 0.0653156 -0.254033 2.04414 -0.00237583 0.00676921 155.436
356565 2 0.1 1 32.9 -0.170833 -0.0493579 1.01731 -0.0155588 -0.000238933 155.436
356776 2 0.1 1 32.9 0.230021 0.0608982 5.02166 0.0392006 0.0211877 155.436
357306 2 0.1 1 32.9 -0.369691 -0.269992 1.70195 0.00122055 -0.0109553 155.436
358746 2 0.1 1 32.9 0.409514 -0.223069 2.10678 0.0178672 -0.0300263 155.436
359209 2 0.1 1 32.9 -0.0584724 0.448692 1.66799 -0.0180555 0.0146996 155.436
361763 2 0.1 1 32.9 -0.365453 0.0131281 0.694088 -0.0156393 0.00246189 155.436
361778 2 0.1 1 32.9 0.246681 -0.333313 0.858103 0.0106667 -0.00903986 155.436
362090 2 0.1 1 32.9 0.404398 -0.23572 5.6864 0.0708834 -0.0511064 155.436
363181 2 0.1 1 32.9 0.281576 -0.325722 6.48444 0.0441056 -0.0743212 155.436
364274 2 0.1 1 32.9 0.491277 -0.346194 2.36993 0.0321772 0.0133001 155.436
364828 2 0.1 1 32.9 -0.290907 -0.109556 1.56317 -0.00569341 -0.0187154 155.436
365887 2 0.1 1 32.9 -0.248601 0.373645 5.80607 -0.0337465 0.096157 155.436
369354 2 0.1 1 32.9 0.198415 -0.364285 1.16579 0.0100287 0.0157016 155.436
369654 2 0.1 1 32.9 0.00221326 -0.0457334 4.90934 0.00852607 0.00179631 155.436
369703 2 0.1 1 32.9 0.0809445 -0.00033325 3.8119 0.0438761 -0.0259716 155.436
370402 2 0.1 1 32.9 0.0149694 0.150155 4.50609 0.00601772 0.0081703 155.436
373669 2 0.1 1 32.9 -0.216201 -0.185849 2.54134 -0.0370338 0.000668519 155.436
374179 2 0.1 1 32.9 0.222513 0.182791 3.5894 0.0487283 0.0146024 155.436
374478 2 0.1 1 32.9 0.250096 0.256566 6.38628 0.0513944 0.0571741 155.436
374529 2 0.1 1 32.9 0.0211678 -0.126114 0.769238 -0.00199898 0.00877372 155.436
374980 2 0.1 1 32.9 -0.30338 -0.486747 4.59874 -0.0187162 -0.0907265 155.436
376449 2 0.1 1 32.9 -0.0104702 0.297135 2.11266 -0.0165337 0.00172989 155.436
377350 2 0.1 1 32.9 -0.015297 0.389414 0.625146 0.0246279 0.0287448 155.436
377562 2 0.1 1 32.9 0.178499 0.201051 3.44875 0.0171745 0.00126576 155.436
377852 2 0.1 1 32.9 -0.376666 0.316983 1.35402 0.0106863 0.0126725 155.436
378290 2 0.1 1 32.9 -0.054145 0.163279 3.50185 0.00322238 0.0154412 155.436
378300 2 0.1 1 32.9 0.433941 0.290812 0.872885 0.0229999 -0.00490729 155.436
379900 2 0.1 1 32.9 -0.135811 0.379181 1.65905 -0.0199557 0.0133533 155.436
382076 2 0.1 1 32.9 0.237355 0.117312 2.19177 0.0143295 -0.0086664 155.436
383268 2 0.1 1 32.9 0.00129384 0.265494 5.54213 0.0120168 0.0596655 155.436
383587 2 0.1 1 32.9 0.13755 0.280475 2.69829 0.014576 0.0111991 155.436
384022 2 0.1 1 32.9 0.193466 0.219448 0.166199 -0.00284724 -0.00733905 155.436
384027 2 0.1 1 32.9 -0.0338163 0.397576 1.65575 -0.0199491 -0.00699764 155.436
384425 2 0.1 1 32.9 -0.156686 0.463485 7.19481 -0.0374741 0.106745 155.436
384703 2 0.1 1 32.9 0.0549803 -0.444879 1.15313 0.00450493 -0.0267105 155.436
388103 2 0.1 1 32.9 0.225223 0.187214 5.14551 0.0398696 0.0161019 155.436
388612 2 0.1 1 32.9 -0.223465 0.377764 3.67409 -0.017469 0.0412929 155.436
388899 2 0.1 1 32.9 -0.247538 -0.306189 6.71317 -0.0431689 -0.0797777 155.436
389431 2 0.1 1 32.9 0.484692 -0.138274 10.9257 0.170437 -0.0346347 155.436
391272 2 0.1 1 32.9 0.0961212 -0.372872 2.44354 0.0242501 -0.0315198 155.436
391424 2 0.1 1 32.9 -0.223102 -0.29108 2.51145 -0.0300554 -0.0195324 155.436
391729 2 0.1 1 32.9 0.390911 -0.0276591 0.802675 0.0236262 0.0250165 155.436
392582 2 0.1 1 32.9 0.0507112 0.365127 3.48465 0.00440729 0.0248337 155.436
392660 2 0.1 1 32.9 -0.11823 -0.475534 0.737032 -0.0327598 -0.0392795 155.436
393763 2 0.1 1 32.9 -0.189439 0.309103 0.819543 0.00468625 -0.0167151 155.436
395184 2 0.1 1 32.9 0.217182 -0.423945 3.25301 0.0326952 -0.0526885 155.436
395644 2 0.1 1 32.9 0.303566 0.457743 3.20099 0.02683 0.0580444 155.436
397163 2 0.1 1 32.9 0.0413229 0.182162 2.83904 -0.0207603 0.0183604 155.436
397384 2 0.1 1 32.9 0.302213 0.0184352 2.11452 0.0423308 0.0155842 155.436
398355 2 0.1 1 32.9 0.0615419 -0.405012 2.69099 0.0162198 -0.0500281 155.436
399132 2 0.1 1 32.9 0.433389 -0.0388345 5.27433 0.0632533 0.00158701 155.436
400345 2 0.1 1 32.9 0.0582285 0.182842 1.38749 -0.0186826 0.0172557 155.436
400840 2 0.1 1 32.9 0.365843 0.296384 0.269641 0.0105561 0.00597575 155.436
401131 2 0.1 1 32.9 0.311534 -0.0286906 3.58336 0.00645042 0.0247053 155.436
403837 2 0.1 1 32.9 0.145497 -0.310119 0.98286 0.00054617 -0.0268449 155.436
406512 2 0.1 1 32.9 -0.498519 -0.142146 9.63265 -0.154427 -0.0611275 155.436
406632 2 0.1 1 32.9 0.0267858 -0.119847 2.1942 0.0111249 -0.0254424 155.436
406717 2 0.1 1 32.9 0.0727959 0.0455886 1.24199 0.0128851 0.0309327 155.436
407028 2 0.1 1 32.9 -0.438688 0.426711 0.479159 0.00806103 -0.0158011 155.436
407989 2 0.1 1 32.9 0.486746 0.328645 1.1472 0.00624924 0.00892205 155.436
408053 2 0.1 1 32.9 0.455739 0.0797528 2.89288 0.0459987 0.0312557 155.436
408735 2 0.1 1 32.9 -0.29897 -0.302144 2.4814 -0.0245772 -0.0369388 155.436
408739 2 0.1 1 32.9 -0.118504 0.0231921 1.86588 -0.00105058 -0.0123154 155.436
409077 2 0.1 1 32.9 0.425754 0.409116 24.5316 0.335581 0.296675 155.436
411141 2 0.1 1 32.9 -0.280084 -0.104611 1.17418 0.0262729 0.0143078 155.436
412288 2 0.1 1 32.9 -0.383176 -0.499649 1.25964 0.00837434 -0.0240544 155.436
412794 2 0.1 1 32.9 -0.378391 0.463685 1.2628 -0.0218062 0.0394999 155.436
413403 2 0.1 1 32.9 -0.362617 -0.275452 1.64762 -0.0649148 -0.0291015 155.436
413626 2 0.1 1 32.9 -0.0966547 0.385205 2.4724 -0.000277904 0.0180819 155.436
414685 2 0.1 1 32.9 0.392597 -0.241547 1.69517 0.0170876 -0.0454327 155.436
415686 2 0.1 1 32.9 -0.03272 -0.456073 1.22479 -0.00976501 -0.00280781 155.436
415875 2 0.1 1 32.9 0.493434 -0.318222 1.16675 0.0398009 0.0174374 155.436
416636 2 0.1 1 32.9 -0.147877 0.312143 2.90565 -0.00555845 0.0224859 155.436
416864 2 0.1 1 32.9 0.033686 -0.331884 3.44835 -0.000677793 -0.0552054 155.436
417293 2 0.1 1 32.9 -0.21919 -0.282808 4.29396 -0.0469973 -0.0530779 155.436
418476 2 0.1 1 32.9 0.415248 0.074369 3.63631 0.0397346 -0.00459214 155.436
420320 2 0.1 1 32.9 -0.231514 0.393907 2.5587 -0.0131425 0.0234297 155.436
420436 2 0.1 1 32.9 -0.0298873 0.25763 1.65624 -0.00463825 -0.0011803 155.436
420442 2 0.1 1 32.9 0.0448165 -0.311154 2.85821 -0.0124541 -0.0201971 155.436
422232 2 0.1 1 32.9 0.30741 0.499017 2.26195 0.0252144 0.0340824 155.436
422356 2 0.1 1 32.9 0.243767 0.454129 0.952751 0.0116983 -0.0185878 155.436
423683 2 0.1 1 32.9 0.180046 -0.322877 2.79063 0.0295509 -0.0173296 155.436
424453 2 0.1 1 32.9 -0.00392635 -0.335474 1.20892 -0.0129125 -0.0138538 155.436
424739 2 0.1 1 32.9 -0.294992 -0.0115707 3.6954 -0.0425995 0.000394852 155.436
424999 2 0.1 1 32.9 -0.0303131 0.274672 3.36457 -0.0140074 0.0126438 155.436
425054 2 0.1 1 32.9 0.229397 0.170966 1.9788 0.0379969 0.0144127 155.436
427858 2 0.1 1 32.9 -0.149882 0.434128 2.09166 -0.0263107 0.00496617 155.436
430551 2 0.1 1 32.9 0.246661 0.135032 4.46844 0.0279462 -0.00175325 155.436
431528 2 0.1 1 32.9 0.099467 -0.0865269 1.06387 -0.00311436 0.0154266 155.436
432746 2 0.1 1 32.9 -0.454006 0.0576824 6.16923 -0.0865795 0.0205125 155.436
432828 2 0.1 1 32.9 -0.0715905 -0.490312 2.33777 0.0187198 -0.0246545 155.436
435059 2 0.1 1 32.9 0.359327 -0.0667034 3.08792 0.008883 -0.00915929 155.436
436171 2 0.1 1 32.9 -0.48474 -0.209791 1.61503 -0.0288716 -0.0288966 155.436
437126 2 0.1 1 32.9 0.0369779 -0.0304621 2.74201 -0.00128379 0.0124763 155.436
437188 2 0.1 1 32.9 -0.107431 -0.421318 4.01553 -0.017231 -0.0409291 155.436
438632 2 0.1 1 32.9 -0.495219 0.0156674 2.92541 -0.0623861 -0.00230306 155.436
439561 2 0.1 1 32.9 -0.338652 0.326041 2.34213 -0.0324992 0.0369427 155.436
440414 2 0.1 1 32.9 0.176234 0.364621 1.75895 0.0275713 0.0422435 155.436
440446 2 0.1 1 32.9 0.450631 -0.0233667 2.28608 0.0280559 -0.0455606 155.436
440742 2 0.1 1 32.9 -0.206838 0.479554 8.37912 -0.0707711 0.135937 155.436
442977 2 0.1 1 32.9 0.0625595 -0.294607 4.51056 0.0106195 -0.0324361 155.436
443519 2 0.1 1 32.9 -0.311003 -0.324745 1.72684 0.0141792 -0.0222189 155.436
443590 2 0.1 1 32.9 0.0515378 0.145213 6.72218 0.00936884 0.00824756 155.436
443722 2 0.1 1 32.9 -0.387143 0.432783 6.0824 -0.0600922 0.0920886 155.436
443910 2 0.1 1 32.9 -0.452948 0.410876 1.25993 -0.0189098 0.0287974 155.436
445576 2 0.1 1 32.9 0.210208 -0.314375 3.18613 0.026539 -0.0174721 155.436
446106 2 0.1 1 32.9 -0.325727 0.259383 3.56974 -0.039252 0.0344163 155.436
446248 2 0.1 1 32.9 0.164832 0.371674 3.51078 0.0154582 0.0619871 155.436
447456 2 0.1 1 32.9 -0.490631 -0.378025 8.17415 -0.116427 -0.0500145 155.436
449752 2 0.1 1 32.9 -0.137457 -0.268285 3.10884 -0.0161552 -0.0196126 155.436
449755 2 0.1 1 32.9 -0.270151 -0.0768575 1.59431 -0.00523936 -0.00770505 155.436
450495 2 0.1 1 32.9 -0.310582 -0.477199 1.24765 -0.0203833 -0.0345636 155.436
450572 2 0.1 1 32.9 -0.498628 0.0622947 16.6298 -0.247546 0.010356 155.436
452338 2 0.1 1 32.9 -0.131152 -0.28281 3.27003 -0.0177635 -0.0171331 155.436
453534 2 0.1 1 32.9 -0.17537 -0.484525 3.02237 -0.0166964 -0.0283414 155.436
456901 2 0.1 1 32.9 -0.0266961 0.117795 2.44504 0.0093584 0.00251708 155.436
457503 2 0.1 1 32.9 0.464705 0.471443 2.99302 0.0131549 0.0586251 155.436
458347 2 0.1 1 32.9 0.0444468 -0.306251 5.33405 0.00127643 -0.0369197 155.436
459058 2 0.1 1 32.9 -0.177646 -0.00619847 1.56878 -0.0156502 0.00945439 155.436
460550 2 0.1 1 32.9 0.0419387 0.343481 2.32588 0.00895374 0.0213344 155.436
461572 2 0.1 1 32.9 -0.18998 -0.27929 1.88709 -0.0183256 -0.0147379 155.436
461914 2 0.1 1 32.9 -0.210272 -0.306041 1.44278 -0.0302011 -0.0108369 155.436
462595 2 0.1 1 32.9 -0.22375 0.383134 1.87238 -0.0249632 0.012129 155.436
462868 2 0.1 1 32.9 0.155293 0.328813 4.39573 -0.00957382 0.0371291 155.436
463670 2 0.1 1 32.9 -0.211213 -0.315032 2.37673 -0.0149218 -0.0220436 155.436
463722 2 0.1 1 32.9 -0.215954 0.23886 1.48865 -0.0330456 0.000144538 155.436
464028 2 0.1 1 32.9 -0.0558785 -0.479585 2.54812 -0.0243426 -0.025969 155.436
464663 2 0.1 1 32.9 -0.405856 0.297583 2.24764 -0.0276283 0.0250514 155.436
465420 2 0.1 1 32.9 0.410707 -0.184385 2.77464 0.0439854 -0.0245684 155.436
465953 2 0.1 1 32.9 -0.111306 0.492662 1.87783 -0.0125291 0.0116827 155.436
467007 2 0.1 1 32.9 0.249055 -0.484617 1.10917 0.00320097 -0.0219946 155.436
467695 2 0.1 1 32.9 -0.304288 -0.325046 0.863178 -0.0272447 -0.02524 155.436
467723 2 0.1 1 32.9 0.258542 -0.361399 1.36102 0.00442657 -0.0442738 155.436
469597 2 0.1 1 32.9 -0.336978 -0.0057762 2.91914 -0.0384463 -0.0110663 155.436
471526 2 0.1 1 32.9 -0.137908 -0.0233547 4.45957 -0.00806811 -0.0149831 155.436
472645 2 0.1 1 32.9 -0.151528 0.374175 1.69976 0.0093949 0.0256823 155.436
473637 2 0.1 1 32.9 0.0247966 0.187841 1.52035 0.00550775 0.0219643 155.436
475160 2 0.1 1 32.9 0.00722145 -0.13927 1.75911 -0.00934576 0.000734466 155.436
475314 2 0.1 1 32.9 -0.287587 0.249937 3.14792 -0.0346715 0.0156341 155.436
477118 2 0.1 1 32.9 0.0765671 -0.251302 1.48366 -0.00506624 0.000356573 155.436
477873 2 0.1 1 32.9 -0.211996 -0.481736 3.28031 -0.000259817 -0.0484619 155.436
479794 2 0.1 1 32.9 -0.19907 -0.00803816 1.93298 -0.00929515 -0.0156308 155.436
480195 2 0.1 1 32.9 0.393819 0.292669 1.7069 0.0170872 0.0334027 155.436
483275 2 0.1 1 32.9 -0.0660842 -0.0223412 3.21756 0.00100827 -0.000458482 155.436
484543 2 0.1 1 32.9 -0.258271 -0.357643 0.980194 -0.000585706 -0.0166008 155.436
485566 2 0.1 1 32.9 -0.36873 0.230771 3.26433 -0.0582679 -0.00119538 155.436
485646 2 0.1 1 32.9 -0.394602 0.460332 6.08955 -0.0898148 0.0698084 155.436
488486 2 0.1 1 32.9 -0.120132 0.174658 6.25549 -0.00403787 0.0426608 155.436
489249 2 0.1 1 32.9 0.29524 -0.173882 0.61005 0.0382568 0.00633748 155.436
489763 2 0.1 1 32.9 -0.0244244 -0.351718 2.90396 0.0091447 -0.0266018 155.436
490939 2 0.1 1 32.9 -0.330314 -0.266248 2.13842 -0.0152567 -0.0334632 155.436
492112 2 0.1 1 32.9 -0.241564 0.016989 1.19802 0.00806679 0.0108045 155.436
492889 2 0.1 1 32.9 -0.394457 0.427698 3.8332 -0.061699 0.0404475 155.436
494119 2 0.1 1 32.9 0.0383721 0.0140191 0.958316 0.023307 0.00468834 155.436
495045 2 0.1 1 32.9 0.317949 -0.42475 1.08534 0.0208892 -0.0133325 155.436
495767 2 0.1 1 32.9 -0.20232 0.114394 1.52841 -0.00844531 0.019624 155.436
496272 2 0.1 1 32.9 0.319511 0.0315939 1.33637 0.0313343 -0.0108341 155.436
496833 2 0.1 1 32.9 -0.0848944 0.0963301 3.75208 0.00350439 0.0374526 155.436
497030 2 0.1 1 32.9 -0.178571 -0.37617 1.70966 -0.0202089 -0.030422 155.436
499239 2 0.1 1 32.9 0.238753 -0.418627 3.83189 0.0164807 -0.0536519 155.436
499254 2 0.1 1 32.9 0.111716 0.14839 0.669965 -0.0139301 2.64119e-05 155.436
