620 0 0.01 40.0 31.0 -0.267934323801 0.125197032639 25.6112793965 -0.221249472169 0.102931577859 3.17146077474e-06
1638 0 0.01 40.0 31.0 0.375517956502 0.483694823969 20.3816840411 0.247967624159 0.32204723282 3.17146077474e-06
2463 0 0.01 40.0 31.0 0.223111621846 -0.155826767456 21.1701321529 0.157137380296 -0.104508781779 3.17146077474e-06
3060 0 0.01 40.0 31.0 0.420243963262 -0.0592869533111 17.5805422788 0.236964336483 -0.0314244047738 3.17146077474e-06
3129 0 0.01 40.0000038147 31.0 -0.17267768225 -0.232097542353 35.204455604 -0.198277567198 -0.264943798017 3.17146077474e-06
3254 0 0.01 40.0 31.0 -0.0747847535452 0.183349919624 11.6382815875 -0.024835785755 0.0635588901485 3.17146077474e-06
4283 0 0.01 39.9999961853 31.0 -0.448047596758 -0.0899526676635 21.9970144385 -0.318420202557 -0.061245396212 3.17146077474e-06
4591 0 0.01 39.9999961853 31.0 -0.353824286764 0.220833190391 42.3768135626 -0.483195235982 0.303906585694 3.17146077474e-06
5206 0 0.01 40.0 31.0 -0.411639216861 -0.451763688855 12.7340702299 -0.167360096853 -0.17428936838 3.17146077474e-06
5341 0 0.01 39.9999961853 31.0 0.0803681097058 0.40225496885 31.4894968168 0.0811408580957 0.404903933407 3.17146077474e-06
5365 0 0.01 40.0 31.0 0.276632509676 0.194312806832 16.2968918277 0.144805590765 0.100767633823 3.17146077474e-06
5561 0 0.01 39.9999961853 31.0 0.290316640581 -0.199789282061 17.2233577855 0.161693460753 -0.112156374115 3.17146077474e-06
6129 0 0.01 40.0 31.0 -0.312043830419 0.214329869787 25.3131590685 -0.255449337258 0.175101319651 3.17146077474e-06
6218 0 0.01 40.0 31.0 0.0122329847977 0.0139363310949 30.5790879826 0.0117690211699 0.0140688423378 3.17146077474e-06
7153 0 0.01 40.0 31.0 0.0155677969155 0.152059412543 19.2803426026 0.0077959191015 0.0917130691431 3.17146077474e-06
7697 0 0.01 40.0 31.0 0.285685495864 -0.192355114771 73.9157788908 0.679194940903 -0.458513014117 3.17146077474e-06
7935 0 0.01 40.0 31.0 -0.39886015801 -0.458131296739 14.5324965356 -0.19143007178 -0.220179218168 3.17146077474e-06
8564 0 0.01 39.9999961853 31.0 0.0307186111259 0.191653933689 14.0751777806 0.00998449710166 0.0876143551639 3.17146077474e-06
9190 0 0.01 40.0 31.0 0.458871390103 0.332892397257 13.651185046 0.207778303397 0.150677490763 3.17146077474e-06
9696 0 0.01 40.0 31.0 -0.264083150932 -0.147861990111 6.16124897742 -0.0614581688887 -0.0426251463395 3.17146077474e-06
9742 0 0.01 40.0 31.0 -0.425196791804 0.0935403595797 23.4447009739 -0.32317717622 0.0686890303839 3.17146077474e-06
10114 0 0.01 40.0 31.0 0.19189871547 0.446027518604 11.0232601889 0.0676833965265 0.15206945929 3.17146077474e-06
10316 0 0.01 40.0 31.0 0.107824154214 -0.378045544422 22.1524265212 0.0773292654393 -0.272425886951 3.17146077474e-06
10355 0 0.01 40.0 31.0 0.353091975181 -0.399315752174 23.7990392975 0.270057899571 -0.303936479593 3.17146077474e-06
11393 0 0.01 40.0 31.0 -0.270199196241 -0.464145815647 5.5830994548 -0.0509073935397 -0.0720842743926 3.17146077474e-06
12174 0 0.01 40.0 31.0 0.406011469762 0.142447132318 17.4074365359 0.232739390113 0.0844056857685 3.17146077474e-06
13381 0 0.01 40.0000038147 31.0 -0.0485623883465 -0.393815864225 18.4658204189 -0.0346715623975 -0.229940869335 3.17146077474e-06
14203 0 0.01 40.0 31.0 0.12725527243 -0.489910002955 33.3715225388 0.139160716533 -0.524296838991 3.17146077474e-06
14734 0 0.01 40.0 31.0 0.310468406248 -0.375710176208 21.6679607223 0.217469005743 -0.265264502476 3.17146077474e-06
14872 0 0.01 40.0 31.0 0.00796846699835 -0.35405696857 19.9013082895 0.00728985148316 -0.227877544766 3.17146077474e-06
9000046 0 0.01 39.9999961853 31.0 0.313726490328 -0.447070931613 8.41517968218 0.0822116271072 -0.116989701322 3.17092163086e-06
9001555 0 0.01 40.0 31.0 -0.325781493184 -0.104667592973 16.5556708076 -0.171992773124 -0.0559752253477 3.17092163086e-06
9001557 0 0.01 40.0 31.0 0.276193947884 0.255317553971 20.7317826508 0.17844023972 0.172638754907 3.17092163086e-06
9003233 0 0.01 40.0000038147 31.0 -0.127375829845 0.455597268871 22.1452203006 -0.0929399205902 0.329598741478 3.17092163086e-06
9004919 0 0.01 40.0000038147 31.0 -0.139924165742 0.490285226406 28.3118411374 -0.127121913173 0.448230890647 3.17092163086e-06
9007121 0 0.01 40.0000038147 31.0 -0.484430220626 -0.0960734083793 22.9517996908 -0.362109674553 -0.0715649423451 3.17092163086e-06
9009018 0 0.01 40.0 31.0 -0.194699360316 0.209102309287 22.2223549112 -0.136678567478 0.151172694699 3.17092163086e-06
9009578 0 0.01 40.0 31.0 0.39025089925 0.0365361589675 29.4926797748 0.370618832042 0.0368790102126 3.17092163086e-06
9010602 0 0.01 40.0000038147 31.0 -0.130834803728 0.282497197723 20.943799484 -0.0849330699686 0.189371873584 3.17092163086e-06
9010791 0 0.01 40.0 31.0 0.45033317033 -0.147290286593 19.3691402365 0.283078237751 -0.0958996850564 3.17092163086e-06
9012121 0 0.01 39.9999961853 31.0 0.473120518839 -0.0243567538279 20.388166924 0.310106112824 -0.0133425411523 3.17092163086e-06
9012532 0 0.01 40.0 31.0 0.265803002684 -0.380003499006 24.6334148972 0.211484235289 -0.303958982595 3.17092163086e-06
9013807 0 0.01 40.0 31.0 -0.46902950962 -0.184087411945 20.7037889204 -0.311280694271 -0.125036007889 3.17092163086e-06
9014100 0 0.01 40.0 31.0 -0.447151419555 -0.315395280698 21.5246707627 -0.308223553839 -0.219702408886 3.17092163086e-06
9014230 0 0.01 40.0 31.0 0.0739363229295 -0.266412018383 22.5671545786 0.0546951006408 -0.193034805665 3.17092163086e-06
9014263 0 0.01 40.0 31.0 0.184253609446 -0.35429393732 9.37367664078 0.0590432979083 -0.1112101651 3.17092163086e-06
9014802 0 0.01 40.0 31.0 -0.0391011857912 -0.150784356864 21.5749391194 -0.0262489083088 -0.107641028209 3.17092163086e-06
9015890 0 0.01 40.0 31.0 0.0601096489825 -0.467242763493 4.26230852404 -0.016509595013 -0.0629146940344 3.17092163086e-06
10000423 0 0.01 40.0 31.0 -0.260466579346 -0.496244038991 11.2008755931 -0.092741979165 -0.185401077296 3.17159098307e-06
10001007 0 0.01 40.0 31.0 -0.451838035832 -0.0301793416481 19.7089381413 -0.287404213188 -0.0204612811955 3.17159098307e-06
10001246 0 0.01 40.0 31.0 -0.213516253353 -0.373141028952 20.8454130823 -0.140003870153 -0.246329471161 3.17159098307e-06
10003476 0 0.01 40.0 31.0 0.207082065193 -0.430110136384 14.3329657866 0.0930674247157 -0.197146935031 3.17159098307e-06
10003528 0 0.01 40.0 31.0 -0.320801180541 0.409490498654 23.7912641586 -0.25470089524 0.312535036656 3.17159098307e-06
10003689 0 0.01 40.0000038147 31.0 0.335628139703 -0.372473829303 13.5637033701 0.143411747756 -0.152805869008 3.17159098307e-06
10004126 0 0.01 40.0 31.0 -0.32033089642 0.477358047123 17.5927994845 -0.183667180024 0.272628514325 3.17159098307e-06
10005457 0 0.01 40.0 31.0 -0.362317658774 -0.0520436586802 44.6819078846 -0.520626779078 -0.0733370408508 3.17159098307e-06
10006287 0 0.01 39.9999961853 31.0 -0.48381684597 -0.230752371646 13.2324437552 -0.20882903797 -0.0970215312455 3.17159098307e-06
10006758 0 0.01 39.9999961853 31.0 -0.0664110979606 0.133780786635 22.5958268747 -0.0551921715184 0.0975818843428 3.17159098307e-06
10009145 0 0.01 40.0000038147 31.0 -0.348943218288 0.101846909431 21.2965771624 -0.239048728902 0.0693821563373 3.17159098307e-06
10010673 0 0.01 40.0 31.0 0.34600182857 -0.388075050204 15.8795613239 0.172594920582 -0.20015047553 3.17159098307e-06
10011260 0 0.01 40.0 31.0 -0.498704322561 -0.220304857265 20.2349499756 -0.327886169824 -0.144573289292 3.17159098307e-06
10011551 0 0.01 40.0 31.0 0.0693271950567 -0.290897921979 14.5875561649 0.0266759373812 -0.143223661104 3.17159098307e-06
10011891 0 0.01 40.0 31.0 -0.0327538359162 -0.108669356801 44.7888008732 -0.0464196275065 -0.157563194525 3.17159098307e-06
10012280 0 0.01 40.0 31.0 0.466735705341 0.449873133727 8.71560582591 0.126479212005 0.126040947193 3.17159098307e-06
10012550 0 0.01 40.0 31.0 0.459246844738 -0.400661107423 55.5355780787 0.824686838395 -0.71522054937 3.17159098307e-06
10012809 0 0.01 40.0 31.0 -0.224302050852 0.203294382724 35.9960053702 -0.259500975957 0.233353872047 3.17159098307e-06
10014204 0 0.01 39.9999923706 31.0 -0.255948485437 0.24576820318 52.0965485463 -0.429856176622 0.413699235313 3.17159098307e-06
10014501 0 0.01 40.0 31.0 0.368992738355 0.312707903097 22.6946594668 0.266810398939 0.228023080599 3.17159098307e-06
10014668 0 0.01 40.0 31.0 0.0331301178779 0.161083947125 17.5210622443 0.0124684822816 0.090670993525 3.17159098307e-06
10015516 0 0.01 40.0 31.0 -0.125471039294 0.28684771422 20.3681827504 -0.0818028783588 0.188041603192 3.17159098307e-06
11000137 0 0.01 40.0 31.0 0.452425859226 0.0498240561281 31.8059144114 0.467507828747 0.0485922104595 3.17098063151e-06
11000517 0 0.01 40.0 31.0 0.107960729315 -0.170028899374 16.6167769624 0.0576785235672 -0.093401063173 3.17098063151e-06
11001177 0 0.01 40.0 31.0 -0.0204094924928 -0.226347262652 107.168292185 -0.0725797105855 -0.784800748456 3.17098063151e-06
11001604 0 0.01 40.0 31.0 0.315018496294 -0.259449544717 10.1207595833 0.0967159642625 -0.0833501192201 3.17098063151e-06
11002369 0 0.01 39.9999961853 31.0 -0.049891734016 0.46968931178 18.4891454194 -0.0249832507021 0.280533429443 3.17098063151e-06
11002974 0 0.01 40.0 31.0 0.00829419127843 -0.457283075344 21.53573415 0.0104327172132 -0.3121539607 3.17098063151e-06
11004943 0 0.01 40.0 31.0 -0.0477031458001 -0.326728666479 16.3001349884 -0.0263287621232 -0.173094997816 3.17098063151e-06
11005074 0 0.01 40.0 31.0 0.320952646269 0.227975955795 22.1671919723 0.233011462446 0.165120743836 3.17098063151e-06
11005176 0 0.01 39.9999961853 31.0 -0.329907391898 -0.0189608835815 22.1722493582 -0.238496671107 -0.010126123702 3.17098063151e-06
11005522 0 0.01 40.0 31.0 -0.0840524346863 -0.061328828581 19.8561179605 -0.0543130048126 -0.0400209789003 3.17098063151e-06
11006331 0 0.01 40.0 31.0 0.23631654116 0.298018521823 28.6716675255 0.219625620867 0.273416375281 3.17098063151e-06
11006893 0 0.01 40.0 31.0 -0.160273106559 0.104706052831 6.24633465207 -0.029785678214 0.0365741701828 3.17098063151e-06
11007515 0 0.01 40.0 31.0 0.198927233872 -0.223093092809 20.4441857703 0.126704497928 -0.145665004456 3.17098063151e-06
11007545 0 0.01 40.0 31.0 -0.00584137308348 -0.260011847593 22.3667032732 -0.00396883604144 -0.187381280768 3.17098063151e-06
11008625 0 0.01 39.9999923706 31.0 0.297231631899 -0.436043877094 129.533174847 1.24013134339 -1.82123087087 3.17098063151e-06
11009615 0 0.01 40.0 31.0 0.485898463601 0.499938636815 32.9942424972 0.516329354204 0.529159892277 3.17098063151e-06
11011823 0 0.01 40.0 31.0 0.490163718723 -0.181546870311 49.3367620726 0.778949874469 -0.290851196143 3.17098063151e-06
11012937 0 0.01 40.0 31.0 0.0834736133211 0.0709212409799 24.7239930967 0.0695316970721 0.0587535247136 3.17098063151e-06
11013640 0 0.01 40.0 31.0 0.287124979991 -0.0826479930832 4.67383436592 0.0301024301587 -0.0252109258427 3.17098063151e-06
11014924 0 0.01 40.0 31.0 -0.0446094301723 -0.15527186619 19.956885069 -0.0321017045927 -0.0961142146936 3.17098063151e-06
11015488 0 0.01 40.0 31.0 -0.140993800551 0.300692089301 17.3273509974 -0.0765979604687 0.167327502277 3.17098063151e-06
12000033 0 0.01 40.0 31.0 0.470569209488 -0.127140054185 21.7125650196 0.330207644374 -0.0901983898156 3.17145507813e-06
12001190 0 0.01 40.0 31.0 -0.0903707026708 0.286623704252 24.2481557571 -0.0731736506801 0.225955236454 3.17145507813e-06
12002244 0 0.01 40.0 31.0 -0.146301178765 0.0614321448912 19.1146503247 -0.0883816888588 0.0361299439008 3.17145507813e-06
12002914 0 0.01 40.0 31.0 0.216869136757 -0.479338567065 14.1365862122 0.0937732234388 -0.222804112414 3.17145507813e-06
12004233 0 0.01 40.0 31.0 0.061453343148 -0.0918729582924 22.9498516828 0.0416237773592 -0.0691400090425 3.17145507813e-06
12006368 0 0.01 40.0 31.0 -0.201371156842 0.259827144265 22.9682412392 -0.149091424707 0.189647307476 3.17145507813e-06
12006692 0 0.01 40.0 31.0 -0.457072930851 0.364188862315 16.1409736556 -0.2406126451 0.187638312406 3.17145507813e-06
12006815 0 0.01 40.0 31.0 -0.439414114093 -0.253752047608 21.5870049464 -0.307270035999 -0.176917711667 3.17145507813e-06
12006820 0 0.01 40.0 31.0 0.0128172751965 -0.229228348791 18.913625278 0.00996340553213 -0.13870992036 3.17145507813e-06
12006835 0 0.01 40.0000038147 31.0 -0.404081488049 0.47586500764 35.5427260457 -0.461984368694 0.54761483654 3.17145507813e-06
12006869 0 0.01 40.0 31.0 -0.144660939867 -0.322318258062 19.8908716593 -0.0970518692425 -0.210112976711 3.17145507813e-06
12008341 0 0.01 40.0 31.0 -0.183136506479 0.42130656383 12.888787213 -0.0819995459131 0.16964867138 3.17145507813e-06
12009977 0 0.01 39.9999961853 31.0 0.320543509364 0.485966245995 17.9727749759 0.186891798737 0.274618850191 3.17145507813e-06
12011430 0 0.01 39.9999961853 31.0 0.105666854862 0.443625151758 31.3539288691 0.107298141693 0.450625376075 3.17145507813e-06
12011551 0 0.01 40.0 31.0 -0.0403253907205 -0.328613242522 20.917302724 -0.0301486453869 -0.223362244674 3.17145507813e-06
12012980 0 0.01 39.9999961853 31.0 -0.338399451319 -0.224246245485 18.2571167403 -0.204176025644 -0.134799160793 3.17145507813e-06
12013589 0 0.01 40.0 31.0 -0.370867376268 -0.441807172193 21.7207160337 -0.26013156117 -0.307069533246 3.17145507813e-06
12013690 0 0.01 40.0000076294 31.0 -0.233107280107 -0.0640088039655 96.0341880106 -0.721933376248 -0.196254314996 3.17145507813e-06
12014044 0 0.01 40.0 31.0 0.405289418307 -0.0103758498084 24.2983228539 0.316165803312 -0.00714730643347 3.17145507813e-06
12014144 0 0.01 40.0 31.0 -0.143941451297 -0.3634359305 15.8797650642 -0.0740457959615 -0.194456694202 3.17145507813e-06
12014397 0 0.01 40.0 31.0 -0.39157399986 0.180049860336 22.7303246717 -0.286364100063 0.130587234481 3.17145507813e-06
12014816 0 0.01 40.0 31.0 -0.377246698139 0.284562278053 20.5450511934 -0.247621590858 0.19142679839 3.17145507813e-06
12015444 0 0.01 40.0 31.0 -0.0349087637456 -0.413764743235 19.7079180726 -0.0212831255558 -0.269564325762 3.17145507813e-06
13001213 0 0.01 40.0 31.0 -0.0263524796418 0.381219951989 29.1388465409 -0.0237158344172 0.357557353382 3.17089986165e-06
13002143 0 0.01 40.0 31.0 0.481302161819 -0.259158012663 44.0256901365 0.685168645643 -0.370001840888 3.17089986165e-06
13002611 0 0.01 40.0 31.0 0.282417732685 -0.22995037828 24.7029106109 0.222172180875 -0.185294318199 3.17089986165e-06
13002785 0 0.01 40.0 31.0 0.138410721425 0.282598076072 20.7190716217 0.0920044362413 0.186969172356 3.17089986165e-06
13003849 0 0.01 40.0 31.0 0.103850366408 -0.133280138261 14.0222845719 0.0456248492528 -0.0614398074021 3.17089986165e-06
13006703 0 0.01 40.0 31.0 -0.448438061534 0.103477561658 21.7652927635 -0.317765753478 0.0711437096087 3.17089986165e-06
13007688 0 0.01 40.0 31.0 -0.0528683450232 -0.0208917378655 10.2028155221 -0.0176167340159 -0.0121471756415 3.17089986165e-06
13007751 0 0.01 40.0 31.0 0.352781433555 -0.449791237622 17.6925361032 0.198694108703 -0.253599400916 3.17089986165e-06
13007844 0 0.01 39.9999923706 31.0 0.419777463075 0.365013136888 3.19723420434 0.0480535375515 0.0471158871325 3.17089986165e-06
13008151 0 0.01 40.0 31.0 -0.0386937735 0.438551213362 40.8177125214 -0.0506681967799 0.575282232772 3.17089986165e-06
13010790 0 0.01 40.0 31.0 0.319288126398 -0.026946761356 22.3547844922 0.227095381631 -0.0212665585089 3.17089986165e-06
13011275 0 0.01 40.0 31.0 -0.322938884106 -0.143776954816 21.1466253342 -0.224609343327 -0.0925613995056 3.17089986165e-06
13011869 0 0.01 40.0 31.0 -0.341219097712 0.0885812381333 18.4433394465 -0.200442706405 0.0515257379841 3.17089986165e-06
13012339 0 0.01 39.9999961853 31.0 -0.148566140782 -0.227997525568 23.3968057293 -0.112205826355 -0.170151584754 3.17089986165e-06
13012457 0 0.01 40.0 31.0 0.121567445059 0.261648351377 21.4702553071 0.0847667325033 0.183864715911 3.17089986165e-06
13012512 0 0.01 40.0 31.0 0.41095288384 0.252173999073 17.1081562439 0.22710720763 0.141306543545 3.17089986165e-06
13012583 0 0.01 40.0 31.0 0.420894757344 0.152348687358 24.7740947879 0.33840559337 0.119981627222 3.17089986165e-06
13013723 0 0.01 40.0 31.0 0.0534888361452 0.0642530199354 18.3954677246 0.0296206283273 0.0374912183187 3.17089986165e-06
13014350 0 0.01 40.0 31.0 -0.0442813166818 0.108469263944 44.337367413 -0.0640028513569 0.156334548044 3.17089986165e-06
14000372 0 0.01 40.0000076294 31.0 -0.346801586434 0.328995498547 87.6777257991 -0.978643489666 0.92868893706 3.17061543783e-06
14001489 0 0.01 40.0 31.0 0.143750837766 -0.321335772731 14.7211292377 0.0676581388331 -0.153829645678 3.17061543783e-06
14001767 0 0.01 40.0 31.0 0.0394409687844 -0.118915117188 18.7448306496 0.0231912639203 -0.0756836274617 3.17061543783e-06
14002047 0 0.01 39.9999923706 31.0 -0.414262439184 -0.197488422966 16.6818500233 -0.226745441691 -0.103359152682 3.17061543783e-06
14002056 0 0.01 40.0 31.0 0.312152321735 0.286040440992 16.5482652697 0.163029294592 0.15035804077 3.17061543783e-06
14002647 0 0.01 40.0 31.0 -0.29534210956 -0.443032343583 20.2533759828 -0.191427281163 -0.290053324317 3.17061543783e-06
14003288 0 0.01 40.0 31.0 -0.0775004006953 0.210140426661 20.8652103341 -0.051999000883 0.136909724517 3.17061543783e-06
14003775 0 0.01 40.0 31.0 -0.258820163467 0.368617169301 38.921706455 -0.323530463275 0.462395724999 3.17061543783e-06
14005410 0 0.01 40.0 31.0 0.14715000475 0.414620318967 17.7000778799 0.0823813457988 0.235349606202 3.17061543783e-06
14005563 0 0.01 40.0 31.0 0.240539086773 0.179766434479 17.5478006994 0.13181532161 0.10457244443 3.17061543783e-06
14007474 0 0.01 40.0 31.0 -0.23854273339 -0.401810740334 22.4277028475 -0.170838422618 -0.285151808596 3.17061543783e-06
14009511 0 0.01 40.0 31.0 0.171771656006 0.215817153573 23.1041237124 0.129499490479 0.161649527974 3.17061543783e-06
14011331 0 0.01 40.0 31.0 0.207996533517 0.389912647443 34.5865184842 0.233016764172 0.433424290159 3.17061543783e-06
14011516 0 0.01 40.0 31.0 0.29386734251 0.143335050723 25.1497762979 0.240907078917 0.116646518723 3.17061543783e-06
14011725 0 0.01 40.0 31.0 -0.254310460665 -0.185658961534 42.169400512 -0.348342141369 -0.255379270865 3.17061543783e-06
14012357 0 0.01 40.0 31.0 -0.480628120346 -0.0579993740108 15.6836204307 -0.240768817716 -0.0324421509649 3.17061543783e-06
14012581 0 0.01 40.0 31.0 0.231325900334 -0.297733816528 26.5526796066 0.200408718228 -0.255584127486 3.17061543783e-06
14012849 0 0.01 40.0 31.0 0.155698944126 0.413707734157 22.0069657558 0.111726343245 0.296490090812 3.17061543783e-06
14012876 0 0.01 40.0 31.0 -0.165547195211 0.224057363518 27.4905122872 -0.150302692246 0.200928532776 3.17061543783e-06
14013462 0 0.01 40.0 31.0 0.0248241007998 -0.0610025648259 20.5748062351 0.0214936246016 -0.0418382189572 3.17061543783e-06
14014711 0 0.01 39.9999961853 31.0 0.0648888780621 0.0279648929163 11.4588480352 0.0289632803664 0.0139437045724 3.17061543783e-06
15002424 0 0.01 39.9999961853 31.0 -0.467523908295 -0.168790386895 22.3478073736 -0.339835569224 -0.122282177333 3.17153076172e-06
15003348 0 0.01 40.0 31.0 -0.0943940803279 0.0246493958968 23.1627510718 -0.073719472071 0.0154099612621 3.17153076172e-06
15003823 0 0.01 40.0 31.0 -0.400796522567 -0.300295108377 11.5786135271 -0.15278303925 -0.112526061024 3.17153076172e-06
15004108 0 0.01 40.0000038147 31.0 -0.407280738192 0.0876250390487 69.1006253426 -0.907865548936 0.194182696272 3.17153076172e-06
15005175 0 0.01 40.0 31.0 0.196426781688 -0.124306748568 23.745941153 0.146233530543 -0.0999223413032 3.17153076172e-06
15006512 0 0.01 40.0 31.0 -0.440583707932 -0.105051453959 15.0694296164 -0.217086149014 -0.0523567852694 3.17153076172e-06
15009193 0 0.01 40.0 31.0 0.00484783903274 0.18882074797 22.8245050762 0.00299297172215 0.145006767227 3.17153076172e-06
15009340 0 0.01 40.0000038147 31.0 0.0781606664633 -0.152381023935 19.2712348693 0.0491870615684 -0.0964656537563 3.17153076172e-06
15010735 0 0.01 40.0 31.0 0.192409445238 0.134580084483 17.2373444242 0.10000443025 0.0764071770841 3.17153076172e-06
15014026 0 0.01 40.0000038147 31.0 -0.343914435781 -0.262802320108 19.0712200087 -0.209087999994 -0.163889458621 3.17153076172e-06
15015068 0 0.01 40.0 31.0 -0.418100649437 0.40837903114 18.9856822531 -0.252888504505 0.249489329425 3.17153076172e-06
15015399 0 0.01 40.0 31.0 0.291769607982 -0.0630426258922 22.638768916 0.215739247442 -0.0450445133656 3.17153076172e-06
16000535 0 0.01 39.9999923706 31.0 0.332001377881 0.0125657134602 94.7081911847 1.01443795504 0.0373137190473 3.17111958822e-06
16001426 0 0.01 39.9999961853 31.0 -0.0908276244785 -0.267925846064 56.1049215321 -0.163291778999 -0.488979761406 3.17111958822e-06
16001505 0 0.01 40.0 31.0 0.411346313543 -0.225709215044 22.6325658986 0.301709863225 -0.165592220557 3.17111958822e-06
16001637 0 0.01 40.0 31.0 -0.169159569 -0.470423124264 20.1421771941 -0.110012936089 -0.306957857355 3.17111958822e-06
16002617 0 0.01 40.0 31.0 -0.089177816119 -0.494195097767 14.7490252481 -0.0411796859162 -0.231947307569 3.17111958822e-06
16003038 0 0.01 39.9999923706 31.0 -0.419912353991 -0.337572784976 31.9001621714 -0.433627494176 -0.348865553154 3.17111958822e-06
16004893 0 0.01 40.0 31.0 -0.294333502363 -0.0796029507921 18.4202161395 -0.176670794218 -0.0512368853798 3.17111958822e-06
16005016 0 0.01 40.0 31.0 0.0217560907313 0.334221773777 21.3587016994 0.0144870431905 0.229119510066 3.17111958822e-06
16005945 0 0.01 40.0 31.0 -0.44458422967 0.306617579768 22.2960837581 -0.321754860726 0.220440754212 3.17111958822e-06
16006097 0 0.01 40.0 31.0 0.234184371492 0.0286529080709 11.9354417683 0.0880740998987 0.0143902298084 3.17111958822e-06
16006340 0 0.01 40.0 31.0 0.155631756104 -0.144063419029 14.0910664409 0.069384715837 -0.0684517785844 3.17111958822e-06
16007409 0 0.01 40.0 31.0 0.406683428661 0.365197267942 6.18225702138 0.078583301464 0.0760960972468 3.17111958822e-06
16007494 0 0.01 39.9999961853 31.0 0.208866466022 -0.12988608083 47.7179791297 0.323552740262 -0.203001111809 3.17111958822e-06
16008310 0 0.01 40.0 31.0 -0.11826077096 0.0901052602277 18.1109790641 -0.0720128216858 0.0593642152531 3.17111958822e-06
16008729 0 0.01 40.0 31.0 0.431792289853 0.136512632684 24.5454620725 0.344412748518 0.104176976101 3.17111958822e-06
16009417 0 0.01 40.0 31.0 -0.227526477251 -0.462543501165 28.2249961785 -0.212049652015 -0.423633208622 3.17111958822e-06
16011627 0 0.01 40.0 31.0 0.372912886753 -0.216756582688 17.6740929063 0.213040805739 -0.125681516751 3.17111958822e-06
16011956 0 0.01 40.0 31.0 -0.380008767028 0.0145261620142 17.0651792808 -0.213296122036 0.00915495232643 3.17111958822e-06
16012582 0 0.01 40.0 31.0 0.0327110547648 0.0323387781216 20.0665979475 0.0183354194923 0.0243028718867 3.17111958822e-06
16013043 0 0.01 40.0 31.0 -0.309597082982 -0.160267284961 22.4849778815 -0.218912567308 -0.118607514826 3.17111958822e-06
16014534 0 0.01 40.0 31.0 0.360083006584 -0.384782226954 19.9373618436 0.229506718534 -0.24821604001 3.17111958822e-06
16015527 0 0.01 40.0 31.0 -0.298889857881 0.120372690999 21.557930022 -0.20322945287 0.0831971793319 3.17111958822e-06
17000352 0 0.01 40.0 31.0 0.254247612841 0.309204779984 22.3188839951 0.184336965812 0.222411092797 3.1714259847e-06
17000610 0 0.01 40.0 31.0 0.149615758036 0.468725630388 22.1149464 0.107067090348 0.336374231757 3.1714259847e-06
17001610 0 0.01 40.0 31.0 -0.0250194270048 -0.0954890353675 14.2619726799 -0.00882748791945 -0.039170448532 3.1714259847e-06
17002283 0 0.01 40.0 31.0 0.0978721570189 -0.11510881674 17.3555822144 0.0555694271329 -0.0631250400651 3.1714259847e-06
17003087 0 0.01 40.0 31.0 -0.371382639456 -0.381670261026 18.5061480917 -0.22370655708 -0.224420753014 3.1714259847e-06
17003229 0 0.01 40.0000038147 31.0 0.36272629905 0.355389362542 20.0785917963 0.23409662977 0.230891633372 3.1714259847e-06
17005880 0 0.01 40.0000038147 31.0 -0.103138074481 -0.325592434337 21.7256565573 -0.0695837634306 -0.22697199769 3.1714259847e-06
17006194 0 0.01 40.0000038147 31.0 0.432961539441 -0.0828561225539 41.6163690857 0.583543182539 -0.111524117668 3.1714259847e-06
17006465 0 0.01 40.0 31.0 0.12574970613 0.263487676669 13.9251628868 0.0585613198766 0.126117304384 3.1714259847e-06
17006486 0 0.01 40.0 31.0 0.29835991671 -0.499760465689 13.2388790338 0.135398356557 -0.21515180242 3.1714259847e-06
17006572 0 0.01 40.0 31.0 -0.419998936992 -0.0135310846113 14.4614154594 -0.196772652411 -0.00361307083554 3.1714259847e-06
17008149 0 0.01 40.0 31.0 -0.0256148851584 -0.0282908549831 11.3249089072 -0.0193262257343 -0.0144457312489 3.1714259847e-06
17008508 0 0.01 40.0 31.0 -0.41528925815 -0.0246791146894 10.4234560308 -0.139661770231 -0.0118271118479 3.1714259847e-06
17008523 0 0.01 40.0 31.0 -0.499655667328 -0.160189091926 11.7935490869 -0.191811253578 -0.0589693835524 3.1714259847e-06
17008785 0 0.01 40.0 31.0 0.372414939137 -0.254036165877 21.807908951 0.262288353514 -0.177054389442 3.1714259847e-06
17009015 0 0.01 40.0 31.0 0.208658879344 -0.231993093489 16.2886188276 0.111277202642 -0.122637546748 3.1714259847e-06
17010325 0 0.01 40.0000038147 31.0 0.416473894196 0.466778468561 20.6079422782 0.275903404547 0.313495699224 3.1714259847e-06
17013362 0 0.01 40.0000076294 31.0 0.321271713819 0.280774495667 150.333954644 1.55924928151 1.362052089 3.1714259847e-06
17013723 0 0.01 39.9999961853 31.0 0.240579515217 0.029680307975 21.2037109007 0.166455278693 0.0177531780641 3.1714259847e-06
17014733 0 0.01 40.0 31.0 0.393985097528 0.152345308724 19.9992757427 0.252420316826 0.0979455277104 3.1714259847e-06
17015630 0 0.01 40.0 31.0 -0.0715323318125 -0.345009830621 27.8780936547 -0.0625160772327 -0.312340288855 3.1714259847e-06
17015936 0 0.01 40.0 31.0 0.351895554433 0.239286672092 21.9616291734 0.252340879888 0.167975251816 3.1714259847e-06
18000320 0 0.01 40.0 31.0 -0.234168182007 0.0222567041979 23.1176404355 -0.174098037263 0.0164991603192 3.17138041178e-06
18001403 0 0.01 40.0 31.0 0.297677726504 -0.475931402366 18.1966672514 0.178784666458 -0.282998957734 3.17138041178e-06
18001765 0 0.01 40.0000114441 31.0 -0.413781929039 0.452662953768 14.8619285134 -0.202002594363 0.223619829139 3.17138041178e-06
18002835 0 0.01 40.0000038147 31.0 0.109699010782 0.457779960416 23.7496160173 0.0818774313956 0.351611923004 3.17138041178e-06
18003018 0 0.01 40.0 31.0 0.288539500577 0.0114462610385 21.5354968146 0.198950220651 0.0111545909994 3.17138041178e-06
18003766 0 0.01 40.0 31.0 0.128009723688 0.342427019121 17.5717730048 0.0719148026037 0.198129256682 3.17138041178e-06
18004042 0 0.01 40.0 31.0 -0.488664436264 -0.284897492987 21.9451736742 -0.345091053989 -0.20423268088 3.17138041178e-06
18005447 0 0.01 40.0 31.0 -0.049803164915 0.319110485481 82.0984456628 -0.132050435264 0.846838235334 3.17138041178e-06
18005828 0 0.01 40.0 31.0 0.264458118287 0.376458007661 44.9916753412 0.384447526727 0.546391517192 3.17138041178e-06
18006542 0 0.01 40.0 31.0 -0.496281656459 -0.0529409215452 21.3339450781 -0.343476580223 -0.0390664878219 3.17138041178e-06
18007704 0 0.01 40.0 31.0 0.249634406071 -0.449910365393 19.8538450222 0.164042945089 -0.288659681253 3.17138041178e-06
18007730 0 0.01 39.9999961853 31.0 0.304411579381 -0.242826500504 37.7020164936 0.369039445072 -0.292896446071 3.17138041178e-06
18008167 0 0.01 40.0 31.0 0.11872370818 -0.346669076357 20.7626832391 0.0769985602211 -0.235128894199 3.17138041178e-06
18008769 0 0.01 40.0 31.0 -0.430416146888 0.0577159235447 23.3928510941 -0.320871085432 0.0458198909098 3.17138041178e-06
18009433 0 0.01 40.0 31.0 -0.351058880374 0.145520911427 14.6733781018 -0.165101168887 0.0678506864742 3.17138041178e-06
18009687 0 0.01 40.0 31.0 -0.20545437755 0.170394544098 31.5519812336 -0.21164534097 0.173451371511 3.17138041178e-06
18010454 0 0.01 40.0 31.0 0.0613865763636 0.449631077085 21.3758553222 0.0437393172602 0.304342160049 3.17138041178e-06
18013356 0 0.01 40.0 31.0 0.311363644438 -0.177059288445 23.3283841613 0.236029716618 -0.135367125338 3.17138041178e-06
18013561 0 0.01 40.0 31.0 0.444393853215 0.0408761580244 21.9778248453 0.312718579498 0.0265542035511 3.17138041178e-06
18014876 0 0.01 40.0 31.0 -0.31873717414 0.0298021285147 57.258338122 -0.590062591157 0.0528423257769 3.17138041178e-06
1002120 0 0.01 39.9999961853 31.0 -0.322266002555 -0.323539422052 17.6964636293 -0.176433140538 -0.183872381195 3.17104715983e-06
1003119 0 0.01 40.0 31.0 -0.36329503165 -0.142042284555 41.2100140062 -0.484521306089 -0.189762053264 3.17104715983e-06
1004424 0 0.01 40.0 31.0 0.348668930937 -0.169744020133 41.5209227764 0.467473725774 -0.224170689485 3.17104715983e-06
1005085 0 0.01 40.0 31.0 0.388306106449 -0.00328697352465 15.3043556965 0.188278357892 0.000512655748809 3.17104715983e-06
1006170 0 0.01 40.0 31.0 -0.371182010805 0.0451033419418 31.6351480942 -0.378099321227 0.0476668554996 3.17104715983e-06
1006406 0 0.01 40.0000038147 31.0 0.363495225664 -0.00976899694454 26.0029006952 0.304428683524 -0.00922825759982 3.17104715983e-06
1007052 0 0.01 39.9999771118 31.0 0.337144674185 0.409979128456 34.811915665 0.374737047359 0.459959481646 3.17104715983e-06
1008917 0 0.01 40.0 31.0 0.285799364284 0.38760337092 22.0591926404 0.196925727926 0.274466051262 3.17104715983e-06
1008948 0 0.01 40.0 31.0 -0.331132454319 -0.364833050224 14.2995663925 -0.151432635014 -0.171996711918 3.17104715983e-06
1008969 0 0.01 40.0 31.0 -0.159356705677 -0.100090734827 19.9800442232 -0.109090307664 -0.0685721768185 3.17104715983e-06
1009345 0 0.01 40.0 31.0 0.274582332102 -0.246980391096 13.9408805838 0.119690013148 -0.107200883819 3.17104715983e-06
1009848 0 0.01 40.0 31.0 -0.134998883637 0.011636744749 18.4567945023 -0.0792725546192 0.00745934875995 3.17104715983e-06
1010334 0 0.01 39.9999961853 31.0 0.218385404518 -0.179693298157 74.5905558487 0.529182626308 -0.431642996566 3.17104715983e-06
1010477 0 0.01 39.9999961853 31.0 0.359789196466 -0.490690775817 16.6905970679 0.188712060894 -0.265983937118 3.17104715983e-06
1011739 0 0.01 40.0 31.0 0.032001367283 0.300741963728 20.5054270663 0.0207067075439 0.192069621971 3.17104715983e-06
1012071 0 0.01 40.0 31.0 -0.311435969888 0.237231190432 18.628452526 -0.186985500307 0.139856713611 3.17104715983e-06
1012573 0 0.01 40.0 31.0 0.381153770029 -0.314958182801 20.718370561 0.253620099308 -0.211346836218 3.17104715983e-06
1012585 0 0.01 40.0 31.0 -0.390011341859 -0.400449404889 24.1505438878 -0.30645367461 -0.31202937877 3.17104715983e-06
1012653 0 0.01 40.0 31.0 -0.215063830999 -0.432389451731 20.1279971161 -0.141067239226 -0.282391573929 3.17104715983e-06
1013268 0 0.01 40.0000038147 31.0 0.461539785862 -0.414763079372 21.0132663559 0.31399171762 -0.282976939824 3.17104715983e-06
1013856 0 0.01 40.0000038147 31.0 -0.277106034672 -0.257639134187 38.95929594 -0.345982798795 -0.324156884049 3.17104715983e-06
1013878 0 0.01 40.0 31.0 -0.0674924453221 -0.402811840386 19.9437289076 -0.0428763798309 -0.258757602899 3.17104715983e-06
1014012 0 0.01 40.0000038147 31.0 -0.495332114933 0.327211810698 64.9888588591 -1.03950717635 0.687777564249 3.17104715983e-06
1014376 0 0.01 40.0 31.0 -0.0151908271207 0.462869780851 26.3224335191 -0.0114968544681 0.392620863886 3.17104715983e-06
1015416 0 0.01 40.0 31.0 -0.302840351586 -0.27212472054 31.4914259626 -0.305811731937 -0.274061426942 3.17104715983e-06
1015570 0 0.01 39.9999961853 31.0 -0.372799441852 -0.0439699748107 14.134319636 -0.171134990348 -0.0146740565594 3.17104715983e-06
1015713 0 0.01 40.0 31.0 -0.21236895976 -0.309723677789 16.0708350181 -0.106342379031 -0.164234701464 3.17104715983e-06
1015871 0 0.01 40.0 31.0 0.0854848548708 0.0919838115092 29.142150705 0.0769135716347 0.0881128134183 3.17104715983e-06
1016019 0 0.01 39.9999961853 31.0 0.026459773672 -0.168273145842 29.1051903327 0.0251010898888 -0.159681769353 3.17104715983e-06
19000378 0 0.01 40.0 31.0 -0.487754292478 -0.356455057416 11.6546242901 -0.18348492151 -0.132925624299 3.17053690592e-06
19000456 0 0.01 40.0 31.0 -0.470268370463 0.424817272975 7.77008297385 -0.117862813105 0.101027457714 3.17053690592e-06
19001469 0 0.01 40.0 31.0 -0.130015007993 0.140063433624 19.0505109932 -0.0776858533964 0.0859745487121 3.17053690592e-06
19003485 0 0.01 40.0 31.0 0.0957167860763 0.306336529223 13.8137370084 0.0416837542687 0.141888401477 3.17053690592e-06
19003575 0 0.01 40.0 31.0 0.0730532757446 0.0769510644726 37.4481313432 0.0908268572952 0.0933547551273 3.17053690592e-06
19003749 0 0.01 40.0 31.0 -0.488827051366 0.122349808404 18.4136579272 -0.291061407905 0.074879174741 3.17053690592e-06
19004584 0 0.01 40.0 31.0 -0.486157740924 -0.361351725992 24.0575312437 -0.373068753834 -0.280301587434 3.17053690592e-06
19005754 0 0.01 39.9999961853 31.0 -0.380854508733 0.149386038689 21.6695387063 -0.266337818186 0.106075622198 3.17053690592e-06
19007459 0 0.01 40.0 31.0 0.163280083527 -0.272113969712 21.3361795282 0.110303951987 -0.191222943672 3.17053690592e-06
19007696 0 0.01 40.0 31.0 -0.326910180002 -0.449944048177 25.5262170488 -0.267852153935 -0.371678604531 3.17053690592e-06
19009887 0 0.01 40.0 31.0 0.0323246483782 -0.0968103906288 16.2008405106 0.0184076458595 -0.0522912868375 3.17053690592e-06
19011875 0 0.01 40.0 31.0 0.0242695502065 -0.334136636406 19.1561533324 0.0157631048988 -0.204678884418 3.17053690592e-06
19013326 0 0.01 40.0 31.0 0.336674855749 -0.199643344921 18.7897202082 0.207853217028 -0.123634586523 3.17053690592e-06
19013878 0 0.01 40.0 31.0 -0.062899856558 -0.00961966555153 17.8640690257 -0.0334639504633 -0.00589345277602 3.17053690592e-06
19014001 0 0.01 40.0000076294 31.0 0.43681695061 -0.378575101875 10.4342701893 0.137961356863 -0.124880032778 3.17053690592e-06
19014230 0 0.01 39.9999923706 31.0 0.220785345516 0.432168074716 16.4938799188 0.113574563755 0.23333659437 3.17053690592e-06
19014692 0 0.01 39.9999961853 31.0 -0.456575962262 -0.427515278563 12.8943203497 -0.183091646424 -0.170719431374 3.17053690592e-06
20000368 0 0.01 39.9999961853 31.0 -0.267492537569 -0.348367957971 20.9549663884 -0.180131927038 -0.231235875116 3.17146647135e-06
20001230 0 0.01 40.0 31.0 0.124190443885 -0.375299487905 29.3401140735 0.113099325022 -0.353318441305 3.17146647135e-06
20001357 0 0.01 40.0000038147 31.0 -0.29315295942 0.148034253153 14.2953255025 -0.135769778088 0.0662556049522 3.17146647135e-06
20001639 0 0.01 40.0 31.0 -0.45052689388 0.192961398714 34.3014537248 -0.501213503664 0.21310591898 3.17146647135e-06
20001698 0 0.01 40.0 31.0 -0.407526259687 0.465147124468 17.6664845578 -0.234482858551 0.267791507299 3.17146647135e-06
20002253 0 0.01 39.9999961853 31.0 -0.0319004978638 -0.062738269637 16.3943740401 -0.0213145949088 -0.0331368222569 3.17146647135e-06
20002314 0 0.01 40.0 31.0 -0.395890498866 0.198668937373 61.4485024036 -0.78247533326 0.39318909051 3.17146647135e-06
20002514 0 0.01 40.0 31.0 -0.14101854272 0.200167623285 19.1321209294 -0.091207505114 0.119668752296 3.17146647135e-06
20003340 0 0.01 40.0 31.0 0.485907151722 -0.287845017525 21.0905888621 0.329159816694 -0.196289079277 3.17146647135e-06
20004452 0 0.01 40.0 31.0 -0.108870928102 -0.138550256329 18.9314707328 -0.0678553338105 -0.0852898279602 3.17146647135e-06
20005041 0 0.01 40.0000038147 31.0 -0.079397297998 -0.0589471703247 15.8974533215 -0.037527911057 -0.0305553150544 3.17146647135e-06
20007885 0 0.01 40.0 31.0 0.387462213354 0.455139345342 11.454233104 0.139816841266 0.173446661272 3.17146647135e-06
20007902 0 0.01 40.0 31.0 -0.220821689248 0.395208807896 8.09339733617 -0.0580461639848 0.106680371742 3.17146647135e-06
20009522 0 0.01 40.0000114441 31.0 0.432829578083 -0.225180053689 109.607204261 1.53269761433 -0.794560961771 3.17146647135e-06
20009548 0 0.01 40.0000038147 31.0 0.467173909383 -0.28434873435 16.8463753531 0.257587950308 -0.157061253159 3.17146647135e-06
20011814 0 0.01 39.9999961853 31.0 0.0705078963513 -0.156664445923 15.3777696271 0.0282741399988 -0.0760165789733 3.17146647135e-06
20012206 0 0.01 40.0 31.0 0.471889399984 0.138938910577 19.4054005397 0.301240881627 0.0847090279018 3.17146647135e-06
20012217 0 0.01 40.0 31.0 -0.357699611478 -0.416777919681 16.5432389301 -0.191067002796 -0.222530847275 3.17146647135e-06
20013525 0 0.01 40.0 31.0 -0.246783852761 0.330768161466 23.0974380216 -0.186496571059 0.247421814418 3.17146647135e-06
20013889 0 0.01 40.0 31.0 0.226560266607 0.0601807518511 22.3304821795 0.16882367336 0.0444711223102 3.17146647135e-06
20014564 0 0.01 40.0 31.0 0.29199937444 0.132638162599 16.1151495157 0.152399537733 0.0709586335953 3.17146647135e-06
20015369 0 0.01 40.0 31.0 0.4568439541 0.188137492222 20.0446465811 0.30226708782 0.121994120304 3.17146647135e-06
20015405 0 0.01 39.9999961853 31.0 -0.112942495848 -0.0625990787294 59.1845525313 -0.215310519354 -0.120054733511 3.17146647135e-06
20015534 0 0.01 40.0 31.0 -0.0877834517233 -0.350334900865 16.1989846836 -0.0484048080689 -0.176952659102 3.17146647135e-06
21002056 0 0.01 40.0000038147 31.0 -0.0117407125704 -0.360887684547 22.7288815622 -0.00782154843823 -0.26937404358 3.17112670898e-06
21002534 0 0.01 40.0 31.0 0.191917701172 -0.418808936036 15.7068692168 0.0987153430168 -0.212617663761 3.17112670898e-06
21003211 0 0.01 40.0 31.0 0.315790133264 -0.0707880818823 10.9189161471 0.101415644891 -0.0139549528298 3.17112670898e-06
21003356 0 0.01 40.0 31.0 -0.16981106896 0.359104938704 16.5811266864 -0.0942962271132 0.196866663421 3.17112670898e-06
21003415 0 0.01 40.0 31.0 0.152226039943 -0.0450559204176 13.2407742167 0.0601333139455 -0.0164518392833 3.17112670898e-06
21004031 0 0.01 40.0000038147 31.0 -0.496830467067 -0.11482747315 22.3041919176 -0.354120406618 -0.0836515280138 3.17112670898e-06
21004183 0 0.01 40.0 31.0 -0.244906898508 -0.303084980026 17.5516418998 -0.138719794623 -0.172091365871 3.17112670898e-06
21004794 0 0.01 40.0 31.0 -0.341740803197 0.170642044811 16.5883615187 -0.184328255171 0.0907419872141 3.17112670898e-06
21005406 0 0.01 40.0 31.0 -0.158721222696 0.373318697331 8.44980512954 -0.0473117626241 0.102319267973 3.17112670898e-06
21006676 0 0.01 40.0 31.0 -0.429835500424 0.436391477813 23.6011039089 -0.324055955053 0.334292018335 3.17112670898e-06
21007310 0 0.01 40.0 31.0 -0.0695513393594 -0.210811291894 21.0189717928 -0.0440399510171 -0.145513516455 3.17112670898e-06
21007438 0 0.01 40.0 31.0 0.209298534966 -0.0257999196228 46.7232053212 0.314131998047 -0.039639249227 3.17112670898e-06
21007699 0 0.01 40.0 31.0 0.259544683623 -0.0924746856457 14.7691833125 0.123201712665 -0.0411211826035 3.17112670898e-06
21009369 0 0.01 40.0000038147 31.0 0.347809595485 -0.425632762218 55.2953421359 0.623920926826 -0.758731644009 3.17112670898e-06
21011987 0 0.01 39.9999961853 31.0 -0.16620826198 0.00791185855591 37.3633321309 -0.197719271049 0.00768995846042 3.17112670898e-06
21012910 0 0.01 40.0000038147 31.0 -0.0823555675436 0.139173450382 47.992866322 -0.128296476183 0.216355356894 3.17112670898e-06
21013020 0 0.01 40.0 31.0 -0.272586352573 -0.110169592348 16.7325359979 -0.145645296662 -0.0643358158151 3.17112670898e-06
21013107 0 0.01 39.9999961853 31.0 0.25263766526 0.0226546536242 11.6192859771 0.10018676385 0.00903339006685 3.17112670898e-06
21013514 0 0.01 40.0 31.0 0.27713587206 -0.310212021559 6.93588184117 0.0736357470955 -0.0801582931668 3.17112670898e-06
21013688 0 0.01 40.0 31.0 -0.153901807266 -0.111871889762 24.3221554697 -0.120339495483 -0.085517379168 3.17112670898e-06
21015723 0 0.01 40.0 31.0 0.0931152206418 0.272529116062 20.1894019864 0.067965031434 0.176116326944 3.17112670898e-06
22000593 0 0.01 39.9999961853 31.0 0.411861433528 -0.314941171597 22.1984680183 0.29716674847 -0.22861098394 3.17094075521e-06
22001529 0 0.01 40.0 31.0 -0.38285700476 -0.284132558955 21.8819352722 -0.268575447325 -0.200789388978 3.17094075521e-06
22003381 0 0.01 40.0 31.0 0.48936699298 -0.198856811892 23.9962062235 0.378452640379 -0.15392208499 3.17094075521e-06
22004348 0 0.01 39.9999961853 31.0 0.135572859155 0.0245442289378 22.6811415461 0.0977949061713 0.020812252942 3.17094075521e-06
22006520 0 0.01 40.0000038147 31.0 -0.4873272535 0.453838495707 32.3305211501 -0.506717882997 0.473306322446 3.17094075521e-06
22006763 0 0.01 40.0000076294 31.0 0.149209029634 -0.175262249008 20.2440163797 0.0939632050465 -0.116382833874 3.17094075521e-06
22011467 0 0.01 40.0 31.0 -0.303597397226 0.379344784754 21.5928642927 -0.210758430908 0.268964420407 3.17094075521e-06
22012217 0 0.01 40.0 31.0 -0.378342622086 0.247664151836 30.0772244615 -0.366982767379 0.237525585155 3.17094075521e-06
22013571 0 0.01 40.0 31.0 -0.342886434852 -0.230036508664 20.7290282009 -0.222634287118 -0.148398886277 3.17094075521e-06
22013657 0 0.01 40.0 31.0 0.236408795066 0.0319330773235 19.7175116137 0.149773960968 0.0209720920033 3.17094075521e-06
22013679 0 0.01 40.0000038147 31.0 -0.33064694241 0.427225579869 12.7413190909 -0.137333446565 0.169804455176 3.17094075521e-06
22013732 0 0.01 40.0 31.0 -0.1186255499 0.045018748018 22.2684524692 -0.0845234701376 0.0335543727763 3.17094075521e-06
22013882 0 0.01 40.0 31.0 0.476584312826 -0.0143256735494 24.0595828834 0.363961243897 -0.00836005136657 3.17094075521e-06
22014531 0 0.01 40.0 31.0 0.229843839131 -0.360147697229 22.5019289688 0.16932492916 -0.262836993349 3.17094075521e-06
22015055 0 0.01 40.0000038147 31.0 -0.0700553995551 0.136861596076 19.0688373575 -0.0485676200238 0.0862107210917 3.17094075521e-06
23000321 0 0.01 39.9999923706 31.0 0.263779096085 -0.308307530995 20.2921136199 0.167339943584 -0.201156569291 3.17141296387e-06
23000744 0 0.01 40.0 31.0 0.438172343931 0.116098835943 21.9214400791 0.308889201438 0.085020044181 3.17141296387e-06
23002596 0 0.01 39.9999923706 31.0 0.174134187019 -0.17104466098 33.0010634139 0.184264709634 -0.180992992298 3.17141296387e-06
23002763 0 0.01 40.0 31.0 -0.322023609235 0.380380679373 20.6540172663 -0.212249720495 0.249811752249 3.17141296387e-06
23002911 0 0.01 40.0 31.0 0.290196150699 0.234821034908 29.847780655 0.281453502876 0.224302632036 3.17141296387e-06
23003391 0 0.01 40.0 31.0 0.245545604884 -0.0710177663642 6.12523000618 0.0478698154425 -0.00846811955336 3.17141296387e-06
23003406 0 0.01 40.0 31.0 0.45580075342 0.481209249401 8.83657249308 0.124817069006 0.145119487166 3.17141296387e-06
23003660 0 0.01 40.0000038147 31.0 0.0843258883047 0.429601078082 8.40687344112 0.0180292730781 0.119124483773 3.17141296387e-06
23004503 0 0.01 39.9999961853 31.0 0.426560949195 0.466186023996 14.0725822388 0.19067215398 0.206965004647 3.17141296387e-06
23004857 0 0.01 40.0 31.0 0.393610784911 0.160566466113 12.9508411731 0.164713520014 0.0661578821088 3.17141296387e-06
23005079 0 0.01 40.0 31.0 0.383615306923 0.210137280066 18.9919946076 0.237749953961 0.126429759603 3.17141296387e-06
23005121 0 0.01 40.0 31.0 0.134790910175 -0.170313348115 21.5578187171 0.0891765872342 -0.121403327278 3.17141296387e-06
23005743 0 0.01 40.0 31.0 -0.0291456495935 0.336543029848 81.6723778681 -0.0785196186629 0.883138276947 3.17141296387e-06
23006490 0 0.01 40.0 31.0 0.22248895892 -0.0509451203122 14.7825412359 0.104974075287 -0.0162154966517 3.17141296387e-06
23008606 0 0.01 39.9999923706 31.0 0.0548989484035 0.186555248231 14.0468450781 0.0263279266563 0.0859525260683 3.17141296387e-06
23009093 0 0.01 40.0000038147 31.0 0.101769868913 -0.207255714808 21.701659732 0.072571815111 -0.14559760249 3.17141296387e-06
23009283 0 0.01 40.0 31.0 -0.270206429981 -0.00147593521707 18.8165014755 -0.164353545793 -0.00311765855934 3.17141296387e-06
23009598 0 0.01 39.9999961853 31.0 0.166403354994 -0.469366807346 20.0077416894 0.0988245191005 -0.309212379734 3.17141296387e-06
23010564 0 0.01 40.0 31.0 -0.141976442219 0.410760629595 11.8688753002 -0.0567887124389 0.156051358518 3.17141296387e-06
23011758 0 0.01 40.0 31.0 -0.252261584869 0.0986545109249 43.5378311541 -0.355992150855 0.139694711544 3.17141296387e-06
23013422 0 0.01 40.0 31.0 -2.49638699718e-05 -0.10086642723 38.9735674617 -0.00217753369907 -0.128903681377 3.17141296387e-06
23014606 0 0.01 40.0 31.0 0.205054566789 0.124371445664 19.7377025739 0.128698544752 0.0789267477712 3.17141296387e-06
23014694 0 0.01 40.0 31.0 0.180366080437 -0.0506909926725 22.7207751358 0.132002519115 -0.0362028016425 3.17141296387e-06
23014729 0 0.01 40.0 31.0 0.0443189212619 -0.0263229367465 12.1810586403 0.0177776700987 -0.00633370367573 3.17141296387e-06
24001091 0 0.01 40.0000038147 31.0 -0.0150299309389 0.257959333425 46.9619874483 -0.0226745478242 0.389977858438 3.17118835449e-06
24002039 0 0.01 39.9999961853 31.0 0.210316475636 -0.0973267896502 14.0821467405 0.101719432094 -0.0420848004103 3.17118835449e-06
24004371 0 0.01 40.0 31.0 0.20783090401 -0.107594652419 15.2039723353 0.0960420031902 -0.0481740996366 3.17118835449e-06
24005563 0 0.01 40.0000076294 31.0 -0.41006219937 -0.484187461624 108.328571842 -1.43227954228 -1.69077645652 3.17118835449e-06
24008279 0 0.01 40.0000038147 31.0 0.344094212018 -0.229667153149 38.8453108088 0.432506975484 -0.289868519736 3.17118835449e-06
24010527 0 0.01 39.9999961853 31.0 0.492431694 -0.0962283735718 28.2016850061 0.446893106478 -0.0897624861469 3.17118835449e-06
24010937 0 0.01 40.0 31.0 0.180646033479 -0.312037775464 20.1658619259 0.120425928226 -0.208291047638 3.17118835449e-06
24011309 0 0.01 40.0 31.0 -0.398417679366 0.112626529795 27.3579638839 -0.350470282096 0.0987333827939 3.17118835449e-06
24012332 0 0.01 40.0000038147 31.0 -0.207462045708 -0.0310237226928 15.8928632452 -0.10986946708 -0.0178190799247 3.17118835449e-06
24012767 0 0.01 40.0 31.0 -0.188412473145 -0.413694976853 16.6230441618 -0.10206151436 -0.218327097328 3.17118835449e-06
24012861 0 0.01 40.0 31.0 0.465202399669 0.239371864685 18.9774533547 0.284494747494 0.145017952082 3.17118835449e-06
25002498 0 0.01 40.0 31.0 -0.0226686584111 -0.425032374938 31.2878503852 -0.0200314067842 -0.430898878331 3.17140340169e-06
25003006 0 0.01 40.0 31.0 0.283617011284 -0.222573793231 12.6377891492 0.111005270925 -0.0798604790288 3.17140340169e-06
25004418 0 0.01 40.0 31.0 0.39314121669 -0.473119217491 35.5325685908 0.451514556253 -0.541673156778 3.17140340169e-06
25006313 0 0.01 40.0 31.0 -0.427392627956 -0.142567682243 17.0940228653 -0.23417858334 -0.0720137531117 3.17140340169e-06
25006388 0 0.01 40.0000076294 31.0 -0.158966671161 0.1072713424 67.5838397456 -0.347305061517 0.234460967154 3.17140340169e-06
25007001 0 0.01 40.0 31.0 -0.171844527407 -0.331565871347 19.7459705591 -0.110845034103 -0.209818090487 3.17140340169e-06
25007046 0 0.01 40.0 31.0 0.175729532876 -0.0663430497512 16.0594727933 0.0896282536023 -0.0335832681874 3.17140340169e-06
25009446 0 0.01 40.0 31.0 0.208070892793 0.158781620774 16.2613998742 0.102931232657 0.0888834358597 3.17140340169e-06
25011052 0 0.01 40.0 31.0 0.0346501360202 0.265578532152 21.5336198943 0.0194216216545 0.185106934249 3.17140340169e-06
25011273 0 0.01 40.0 31.0 -0.0852947456314 0.0216099532134 19.7500924142 -0.0566728833485 0.0140682213485 3.17140340169e-06
25011544 0 0.01 40.0 31.0 0.134258097341 0.444488642587 26.6869515976 0.115394323221 0.3815347664 3.17140340169e-06
25012421 0 0.01 40.0 31.0 0.391198430287 0.0475986838865 19.5363415533 0.245120857975 0.0301590623566 3.17140340169e-06
25013616 0 0.01 40.0 31.0 -0.288026982279 -0.457794807522 21.9901655484 -0.205809173615 -0.328213444115 3.17140340169e-06
26001063 0 0.01 40.0 31.0 0.499177916771 -0.393760799264 22.0051234047 0.353129300388 -0.280121780222 3.17154215495e-06
26002306 0 0.01 40.0 31.0 -0.43918597992 -0.298218534828 8.87874582063 -0.130332959934 -0.0839663983972 3.17154215495e-06
26004726 0 0.01 39.9999923706 31.0 -0.321215660323 0.470920255857 68.430487757 -0.708279703198 1.03794223583 3.17154215495e-06
26004749 0 0.01 40.0 31.0 0.0491396575845 -0.0117333833526 18.4473618438 0.0312747158114 -0.0070136888369 3.17154215495e-06
26005313 0 0.01 40.0 31.0 0.477053711156 0.204320426763 4.60948658347 0.0753112956636 0.0251440294177 3.17154215495e-06
26005641 0 0.01 40.0 31.0 -0.301113567056 -0.332584426044 19.5919726214 -0.187880696179 -0.213461678143 3.17154215495e-06
26005789 0 0.01 40.0 31.0 0.289804892429 -0.389557863984 17.8838117414 0.170462932195 -0.225275954913 3.17154215495e-06
26005823 0 0.01 40.0000038147 31.0 0.0902022860918 0.187815053064 26.3918999608 0.0727584596579 0.161665385275 3.17154215495e-06
26008992 0 0.01 40.0000038147 31.0 0.278406082683 0.0642600314094 14.9843604974 0.135802049652 0.0292427970715 3.17154215495e-06
26009226 0 0.01 39.9999961853 31.0 -0.372582018721 -0.426456985859 23.2854317915 -0.279492735849 -0.320223331963 3.17154215495e-06
26009300 0 0.01 39.9999961853 31.0 0.324505832975 0.392529443167 16.8910654745 0.173283357918 0.218518946588 3.17154215495e-06
26009514 0 0.01 40.0000038147 31.0 0.35531984414 0.181676761626 10.5608969188 0.127190208464 0.0583911414186 3.17154215495e-06
26010549 0 0.01 40.0 31.0 0.442800365516 0.427647534634 21.1340101081 0.304655972116 0.293733629425 3.17154215495e-06
26011536 0 0.01 40.0 31.0 0.179675859788 0.0781269460537 45.792825431 0.26570775055 0.115664535188 3.17154215495e-06
26011739 0 0.01 40.0 31.0 0.379881970741 -0.188034154908 22.1898359349 0.271148365605 -0.132836567062 3.17154215495e-06
26012604 0 0.01 40.0 31.0 -0.127005641729 -0.230540394191 18.4421630419 -0.0778680641746 -0.140567806775 3.17154215495e-06
26013368 0 0.01 40.0 31.0 0.409360648023 -0.0521511849216 21.5227507399 0.291055390737 -0.0341730066343 3.17154215495e-06
26014357 0 0.01 40.0 31.0 -0.350781823645 -0.354801614264 56.2982134072 -0.636250673251 -0.644903506742 3.17154215495e-06
26015027 0 0.01 40.0 31.0 0.340601660185 0.0136040192641 19.8221743113 0.220332918617 0.0160142770146 3.17154215495e-06
26015715 0 0.01 40.0 31.0 -0.201182777281 -0.387968279274 20.4239294044 -0.127854941381 -0.255752194506 3.17154215495e-06
27000350 0 0.01 39.9999961853 31.0 -0.499768752599 -0.158496904953 20.2036112176 -0.325828472011 -0.105832799915 3.17139811198e-06
27001453 0 0.01 40.0 31.0 0.0323081991879 0.303073878878 21.6321392436 0.0234290667565 0.209548042065 3.17139811198e-06
27001833 0 0.01 39.9999961853 31.0 -0.125225197229 0.288660017786 45.063954886 -0.179583833505 0.418592530091 3.17139811198e-06
27005495 0 0.01 40.0 31.0 0.179519753051 0.24402835487 22.5492884818 0.132013087629 0.176167443482 3.17139811198e-06
27006794 0 0.01 40.0 31.0 -0.343483950076 0.322753464666 22.6484035423 -0.252205780423 0.239916896801 3.17139811198e-06
27008958 0 0.01 40.0000038147 31.0 -0.373257948672 -0.217497607784 25.7815390088 -0.310435110885 -0.180406740989 3.17139811198e-06
27009081 0 0.01 40.0 31.0 -0.314315025208 -0.497706625479 17.7049488009 -0.179704042735 -0.284822211208 3.17139811198e-06
27009446 0 0.01 40.0000038147 31.0 -0.264896296001 -0.0753837525419 38.9007429247 -0.328638143131 -0.0935783966351 3.17139811198e-06
27009551 0 0.01 40.0 31.0 -0.496323788582 0.111622111268 36.6386862504 -0.584818690378 0.130678057343 3.17139811198e-06
27011636 0 0.01 40.0 31.0 0.109521375474 -0.00774406580231 20.2321393572 0.0712186784906 -0.00653099221471 3.17139811198e-06
27011681 0 0.01 40.0 31.0 0.058557439224 -0.138897033848 43.1363090025 0.0826131135089 -0.193973640332 3.17139811198e-06
27011909 0 0.01 40.0 31.0 -0.251738917968 -0.0300296673054 19.9507635114 -0.1628943888 -0.0187254577253 3.17139811198e-06
27012525 0 0.01 40.0 31.0 -0.0814320474718 -0.212762745582 21.9914193492 -0.0615922461716 -0.150855445545 3.17139811198e-06
27014141 0 0.01 40.0000038147 31.0 0.0442699560676 -0.137323262597 13.7263636485 0.0197789495574 -0.0699753835516 3.17139811198e-06
27015473 0 0.01 40.0 31.0 -0.424149809027 0.425767511084 21.3629414645 -0.292770809688 0.291729585203 3.17139811198e-06
28001703 0 0.01 40.0 31.0 0.171274673227 0.269726177922 20.2857191727 0.108583901212 0.173676529911 3.17152832031e-06
28001879 0 0.01 40.0 31.0 0.113024626188 0.293947611518 35.1863555069 0.13178104179 0.336854598177 3.17152832031e-06
28002105 0 0.01 39.9999961853 31.0 -0.367828487667 0.200058614936 38.7387924326 -0.46303334656 0.248536397121 3.17152832031e-06
28003131 0 0.01 40.0 31.0 0.115491722206 -0.028153175951 27.7904168428 0.101565262226 -0.0255775764031 3.17152832031e-06
28004199 0 0.01 40.0 31.0 0.31507205408 0.119818085976 18.195048396 0.180287139596 0.0677938383842 3.17152832031e-06
28004388 0 0.01 40.0 31.0 0.382119398225 0.210641040308 28.6519127438 0.350227440147 0.192266174 3.17152832031e-06
28005785 0 0.01 40.0000038147 31.0 0.472881242844 -0.0555814881207 16.3302143025 0.247775809139 -0.0282674843114 3.17152832031e-06
28006580 0 0.01 40.0 31.0 0.00437105899311 -0.0389083582269 4.11891391118 0.00151236011638 0.00753330524579 3.17152832031e-06
28007255 0 0.01 40.0 31.0 -0.238333364373 0.385507231884 20.3599419228 -0.161843721388 0.251483833389 3.17152832031e-06
28009572 0 0.01 40.0 31.0 0.124268570873 0.494028395098 25.3927756454 0.0973365098401 0.408596001993 3.17152832031e-06
28009774 0 0.01 40.0 31.0 0.381532897868 0.224143264025 19.3218950095 0.236821403413 0.137442858268 3.17152832031e-06
28011401 0 0.01 40.0 31.0 -0.077252119871 -0.104474978763 10.6126204683 -0.0238445235499 -0.0401621021356 3.17152832031e-06
28011438 0 0.01 40.0 31.0 -0.0224839162612 -0.0435888182266 23.4533418392 -0.0177369649249 -0.0336827600661 3.17152832031e-06
28011602 0 0.01 40.0000038147 31.0 -0.326947451628 -0.228011720943 55.3314717012 -0.583036089576 -0.406487084419 3.17152832031e-06
28012524 0 0.01 39.9999923706 31.0 -0.481154771318 0.182735749246 24.0983106519 -0.378050517649 0.140279859653 3.17152832031e-06
28013125 0 0.01 40.0 31.0 0.000554754281966 -0.190237208953 16.0629285196 -0.00155617345116 -0.101849518751 3.17152832031e-06
28013644 0 0.01 39.9999961853 31.0 0.0682413879706 0.122431814389 24.6039077759 0.0530605153437 0.0973050163353 3.17152832031e-06
28013973 0 0.01 40.0 31.0 0.254928429144 0.37773177759 18.7723377349 0.154875594023 0.227362242094 3.17152832031e-06
28014014 0 0.01 40.0000038147 31.0 0.0758413582363 -0.12733291908 33.9067707981 0.0826630107467 -0.140344998935 3.17152832031e-06
28014266 0 0.01 40.0 31.0 0.315136660057 0.28303053439 11.5097495885 0.120071759745 0.110933513321 3.17152832031e-06
28014358 0 0.01 39.9999961853 31.0 -0.0794478372869 -0.216476235442 18.6775295428 -0.0481341749328 -0.134905582669 3.17152832031e-06
28015112 0 0.01 40.0 31.0 0.310039193731 -0.210890758535 21.7819779014 0.219771098112 -0.148995113732 3.17152832031e-06
28015803 0 0.01 40.0 31.0 0.417979279886 0.476768313431 27.7686801945 0.372071382293 0.42296480371 3.17152832031e-06
2000045 0 0.01 40.0 31.0 0.460210720683 0.294413876076 18.3488135589 0.274501245984 0.175780013306 3.17139221191e-06
2000133 0 0.01 40.0000038147 31.0 -0.246222002468 0.0492870736366 21.9267819374 -0.176865996468 0.0320707824175 3.17139221191e-06
2001375 0 0.01 40.0000038147 31.0 0.213249807492 0.217991827001 45.9293449274 0.315113624574 0.323436496294 3.17139221191e-06
2003313 0 0.01 40.0 31.0 0.250307839911 0.341321671278 22.1512539407 0.179630560173 0.238688158165 3.17139221191e-06
2003921 0 0.01 39.9999961853 31.0 0.135414472707 0.447723936233 18.9982571598 0.0861988026188 0.276846801321 3.17139221191e-06
2005544 0 0.01 40.0 31.0 0.202191013287 0.0824004990913 32.2092150758 0.211323336521 0.0852664778049 3.17139221191e-06
2005703 0 0.01 39.9999923706 31.0 0.0144717337558 -0.466413169763 7.77453950276 0.00881920803694 -0.11833027672 3.17139221191e-06
2006446 0 0.01 39.9999961853 31.0 -0.223426797332 -0.327716463098 29.0099387634 -0.210373979593 -0.308196681912 3.17139221191e-06
2006487 0 0.01 40.0 31.0 -0.150956461714 -0.283733267566 18.6220362842 -0.0929209561687 -0.167561710428 3.17139221191e-06
2006954 0 0.01 40.0000038147 31.0 0.390270581856 0.34915666899 69.7110191171 0.876452614684 0.784778483516 3.17139221191e-06
2007251 0 0.01 40.0 31.0 0.0723355754779 -0.470734581569 46.1083459749 0.107298562605 -0.699445796716 3.17139221191e-06
2009457 0 0.01 39.9999961853 31.0 -0.438040367718 -0.455755940167 21.2009504754 -0.29921915022 -0.309192852952 3.17139221191e-06
2012934 0 0.01 40.0 31.0 -0.0195147002115 0.0854897250499 10.4080087822 -0.00315545399476 0.0195398994789 3.17139221191e-06
2013526 0 0.01 40.0 31.0 -0.266709951613 0.150697411925 13.9264655841 -0.115564716497 0.0569779507704 3.17139221191e-06
2013851 0 0.01 40.0000038147 31.0 -0.323785781794 0.0387292419093 20.7038980413 -0.221477266901 0.0308655758401 3.17139221191e-06
2013941 0 0.01 40.0000038147 31.0 0.458891877677 -0.0132959894204 17.2537894662 0.257787668594 -0.00846016062522 3.17139221191e-06
2014729 0 0.01 40.0 31.0 0.248737518998 -0.0428329846074 24.533114043 0.20063854653 -0.031913557406 3.17139221191e-06
2014786 0 0.01 40.0 31.0 0.414757757661 0.135020866874 14.1404270737 0.19144759566 0.0591129171787 3.17139221191e-06
29000772 0 0.01 40.0 31.0 0.228303140961 -0.0129813045462 19.6789751406 0.144670092118 -0.0112112330635 3.17087626139e-06
29000832 0 0.01 40.0 31.0 -0.320288865138 -0.234930747561 20.5684877736 -0.208859631392 -0.154656718562 3.17087626139e-06
29001406 0 0.01 39.9999961853 31.0 0.175997101888 0.107237502893 17.4514943225 0.100425924489 0.0613145168995 3.17087626139e-06
29002128 0 0.01 39.9999961853 31.0 -0.151364712645 0.163615157549 20.4350304483 -0.103458567414 0.109226239068 3.17087626139e-06
29002181 0 0.01 40.0 31.0 -0.0971909295723 0.224867452353 28.9825167497 -0.0908697660753 0.21022252312 3.17087626139e-06
29002403 0 0.01 40.0 31.0 0.220659040925 -0.135193768733 40.9751082459 0.291407535788 -0.178627267166 3.17087626139e-06
29003167 0 0.01 40.0000038147 31.0 0.134621680875 0.0410935025527 32.8249158324 0.143326315857 0.0445612369981 3.17087626139e-06
29003708 0 0.01 40.0 31.0 0.268175023576 0.364245314065 21.1474634666 0.180714454967 0.249888054176 3.17087626139e-06
29003819 0 0.01 40.0 31.0 -0.0703117803446 -0.390913562062 19.6682545018 -0.0458615048969 -0.243044798531 3.17087626139e-06
29005345 0 0.01 40.0 31.0 0.305031931517 0.446624248306 23.2103288302 0.225813317007 0.333867129988 3.17087626139e-06
29005662 0 0.01 40.0 31.0 -0.338363053681 0.42044331862 20.1143549079 -0.222119738957 0.281073864627 3.17087626139e-06
29005783 0 0.01 39.9999961853 31.0 -0.215372322953 -0.437980899732 26.0553755031 -0.178436575476 -0.367863205167 3.17087626139e-06
29006991 0 0.01 40.0 31.0 0.0144418769712 0.385289277187 39.2965943618 0.017001466219 0.490095781856 3.17087626139e-06
29008156 0 0.01 40.0 31.0 -0.119596203114 0.449883635722 20.162672209 -0.078270483482 0.293288113805 3.17087626139e-06
29009912 0 0.01 40.0000038147 31.0 0.462915746158 0.199811522197 35.8681494168 0.537160041824 0.230086618658 3.17087626139e-06
29010092 0 0.01 40.0 31.0 -0.499319769231 0.468732842231 23.3356545914 -0.378156619757 0.352633205892 3.17087626139e-06
29010833 0 0.01 40.0 31.0 0.0562721981739 -0.156999313123 16.8358825425 0.026066602169 -0.0837757455651 3.17087626139e-06
29011116 0 0.01 40.0000038147 31.0 0.491637347964 -0.439529923716 20.1829876794 0.319247795995 -0.28554156694 3.17087626139e-06
29011319 0 0.01 40.0 31.0 -0.130077521319 0.403497159401 21.4303275892 -0.091092935179 0.278241221608 3.17087626139e-06
29012138 0 0.01 40.0000038147 31.0 -0.138336453958 -0.145810087193 15.4218191129 -0.0730554668641 -0.0743796141876 3.17087626139e-06
29012327 0 0.01 40.0 31.0 0.236756231623 -0.0308416069513 20.0653844142 0.1535060562 -0.0210957133123 3.17087626139e-06
29014172 0 0.01 40.0 31.0 0.121899864912 -0.27785241063 22.4369624831 0.0863717964134 -0.203167233968 3.17087626139e-06
29014500 0 0.01 40.0 31.0 -0.0250038457682 -0.237677921246 22.4274287704 -0.0179591318993 -0.169943645783 3.17087626139e-06
29015336 0 0.01 40.0 31.0 0.386737174833 0.410051105591 17.1794536202 0.215957597435 0.22626220324 3.17087626139e-06
29015641 0 0.01 40.0000038147 31.0 0.265430481014 -0.253127028104 27.6818069156 0.233925605831 -0.224476383213 3.17087626139e-06
3000952 0 0.01 39.9999961853 31.0 -0.0459535724173 -0.31953196475 28.8725521562 -0.0441186047434 -0.296655309434 3.17101379395e-06
3001188 0 0.01 40.0 31.0 0.372180384732 -0.222467556832 25.5871358976 0.310214763298 -0.186392667529 3.17101379395e-06
3002676 0 0.01 40.0 31.0 -0.353081096788 0.286114797589 19.3994951913 -0.218154742468 0.18247721638 3.17101379395e-06
3002916 0 0.01 40.0 31.0 -0.0687091251578 -0.0499367143645 21.1694941759 -0.0460466578805 -0.0330114535704 3.17101379395e-06
3004512 0 0.01 40.0 31.0 0.201400264367 0.363693329071 24.8136020806 0.162668367517 0.293466205663 3.17101379395e-06
3005279 0 0.01 40.0000038147 31.0 -0.337131032766 -0.0250821778313 19.0670936621 -0.212476270613 -0.0200456838943 3.17101379395e-06
3005316 0 0.01 40.0 31.0 -0.337594073158 -0.320984571442 28.4167691045 -0.311981042405 -0.292468649736 3.17101379395e-06
3006601 0 0.01 40.0 31.0 0.287580634982 0.466499011104 26.1488570284 0.24326099953 0.394053527553 3.17101379395e-06
3007097 0 0.01 40.0 31.0 0.443357921011 0.396999058919 24.4173777296 0.350134814 0.310342362346 3.17101379395e-06
3008763 0 0.01 40.0 31.0 -0.203357811781 0.390815600245 22.338791355 -0.144816683027 0.279934290546 3.17101379395e-06
3009753 0 0.01 40.0 31.0 -0.0919065434241 -0.268932075432 28.7723983227 -0.0851577038632 -0.252562357257 3.17101379395e-06
3009819 0 0.01 40.0000038147 31.0 -0.0128936191125 0.195708571031 22.4353994671 -0.0104421575686 0.140947868821 3.17101379395e-06
3011298 0 0.01 40.0000038147 31.0 -0.410651303409 -0.146617398806 27.4038000583 -0.361073950879 -0.129527081032 3.17101379395e-06
3011309 0 0.01 40.0000228882 31.0 0.0438888346808 -0.2165935368 31.9793655078 0.0432747285499 -0.225564811432 3.17101379395e-06
3011516 0 0.01 39.9999923706 31.0 -0.487336331409 -0.258269405122 17.8435417631 -0.279707528653 -0.148802333513 3.17101379395e-06
3011647 0 0.01 40.0 31.0 0.118567438515 -0.108126472495 29.3905294492 0.11010766386 -0.0995183210594 3.17101379395e-06
3012620 0 0.01 40.0 31.0 -0.0487695491407 -0.483283985901 20.9311455556 -0.0331318774066 -0.324005275607 3.17101379395e-06
3012780 0 0.01 40.0 31.0 -0.156433296416 -0.0741050831066 27.7638447586 -0.138410088279 -0.0637451226648 3.17101379395e-06
3012783 0 0.01 40.0 31.0 -0.0932742830528 -0.001503386128 19.9667893757 -0.0615122574968 -0.000350189819279 3.17101379395e-06
3013782 0 0.01 39.9999961853 31.0 -0.0619275580188 -0.065931365316 25.8292178202 -0.0516670477357 -0.0530606898266 3.17101379395e-06
3014371 0 0.01 40.0000038147 31.0 0.109845920094 -0.0807817925958 20.5355264068 0.0737424634999 -0.0554116476858 3.17101379395e-06
3014756 0 0.01 40.0 31.0 -0.461014392328 -0.308179741225 20.9296329375 -0.312350814856 -0.207555346387 3.17101379395e-06
3015138 0 0.01 39.9999961853 31.0 0.209635580598 -0.311172709397 21.5180900149 0.14486317455 -0.219620056874 3.17101379395e-06
3015252 0 0.01 40.0 31.0 0.0146405913389 0.101302794205 17.3845680724 0.00258368177198 0.0525452645998 3.17101379395e-06
4001205 0 0.01 40.0 31.0 -0.289357980568 0.107151775928 21.5849095125 -0.198437564655 0.0692606668486 3.17201090495e-06
4005303 0 0.01 40.0 31.0 -0.273377749047 0.376310297947 21.1982530558 -0.187117240105 0.256774823915 3.17201090495e-06
4005452 0 0.01 40.0 31.0 0.109848237138 0.389324790807 19.4536183693 0.0715535271843 0.246278324785 3.17201090495e-06
4005634 0 0.01 39.9999885559 31.0 -0.253759231377 0.30251123264 40.4396101628 -0.334416426219 0.391812455141 3.17201090495e-06
4007213 0 0.01 40.0 31.0 -0.447679077146 0.288101969048 17.5119307902 -0.255568879871 0.165661036607 3.17201090495e-06
4007358 0 0.01 40.0 31.0 -0.389795820238 0.499792673203 20.9690068264 -0.266977966289 0.3383285225 3.17201090495e-06
4007515 0 0.01 40.0000038147 31.0 -0.179946575947 0.284140961891 12.4265163271 -0.0727704845146 0.113814575539 3.17201090495e-06
4008349 0 0.01 40.0 31.0 0.266022498699 0.278245493886 21.0773765353 0.180686975691 0.191452595997 3.17201090495e-06
4009542 0 0.01 39.9999961853 31.0 0.0450535614924 0.439515610415 21.4265119766 0.0301234969319 0.304871259012 3.17201090495e-06
4010088 0 0.01 40.0 31.0 0.0904173077969 -0.406903910049 8.00270201569 0.0249427331785 -0.100782723063 3.17201090495e-06
4014435 0 0.01 40.0 31.0 -0.0499042090044 -0.240263079606 9.54784840365 -0.0120950317467 -0.0775392247771 3.17201090495e-06
5000013 0 0.01 39.9999923706 31.0 -0.197913025919 -0.388718782138 69.6707271279 -0.443397526301 -0.872398558266 3.17143066406e-06
5000332 0 0.01 40.0000038147 31.0 0.438692222064 -0.0521265747148 34.9943703935 0.49661902956 -0.0589438670493 3.17143066406e-06
5000931 0 0.01 40.0 31.0 -0.0189986891247 -0.0849202249077 21.8636759283 -0.0106793390824 -0.0598844072555 3.17143066406e-06
5002462 0 0.01 40.0 31.0 -0.2906238196 0.424690226892 14.2387432473 -0.125521446081 0.196991402173 3.17143066406e-06
5006104 0 0.01 40.0 31.0 -0.0059826677429 -0.384880422226 14.2124662288 -0.00583735024567 -0.171360411659 3.17143066406e-06
5006677 0 0.01 40.0 31.0 0.324961839798 0.38339665381 16.1949483447 0.174082741252 0.196247867104 3.17143066406e-06
5006795 0 0.01 40.0 31.0 0.353040567121 -0.192440519371 22.6460159353 0.259335339205 -0.13925618756 3.17143066406e-06
5006889 0 0.01 40.0 31.0 -0.475981140445 0.0200584601961 19.2491926915 -0.29251927163 0.0139177283008 3.17143066406e-06
5007129 0 0.01 40.0 31.0 0.0438577905413 0.203504205232 14.7600394508 0.0239194109374 0.0938520429594 3.17143066406e-06
5007467 0 0.01 40.0 31.0 -0.258547522363 0.0868401065794 23.7633377245 -0.198442258194 0.0707986744829 3.17143066406e-06
5008068 0 0.01 40.0 31.0 0.0473272865861 -0.255950675892 13.5828945949 0.0193213348963 -0.108810510835 3.17143066406e-06
5008680 0 0.01 40.0 31.0 0.112215719509 0.370969125409 18.6148253374 0.0674404199976 0.223967319066 3.17143066406e-06
5008925 0 0.01 40.0000038147 31.0 0.274387631474 -0.186754605314 14.1342486357 0.121269658087 -0.0860675971041 3.17143066406e-06
5009106 0 0.01 40.0 31.0 0.424706604192 0.20752875792 23.3560091986 0.318515034566 0.15803631312 3.17143066406e-06
5009506 0 0.01 40.0 31.0 0.256387578467 0.381631245078 36.3145963802 0.299385855587 0.443740539957 3.17143066406e-06
5010819 0 0.01 40.0000076294 31.0 -0.112174501296 0.284354873006 61.025046223 -0.222392696069 0.559393624341 3.17143066406e-06
5010909 0 0.01 40.0 31.0 0.475495045872 0.212259797681 27.7403591534 0.420211676031 0.190522406262 3.17143066406e-06
5012754 0 0.01 40.0 31.0 0.407147659623 -0.201794103234 21.494739286 0.276187965968 -0.139525186161 3.17143066406e-06
5013284 0 0.01 40.0 31.0 0.424670296281 0.266314495273 10.2662393467 0.136715646436 0.0886738652255 3.17143066406e-06
5014296 0 0.01 40.0 31.0 -0.147819345107 -0.412218427089 14.6701499846 -0.0699686976428 -0.195821687383 3.17143066406e-06
6000666 0 0.01 40.0 31.0 -0.498792276188 0.380030804622 51.5827142295 -0.828760229507 0.632752294409 3.17186340332e-06
6000785 0 0.01 39.9999961853 31.0 -0.426138698512 0.271953395311 22.6375645949 -0.308621530882 0.199350553229 3.17186340332e-06
6000882 0 0.01 39.9999961853 31.0 -0.0667439969219 -0.0559229936429 26.9078645767 -0.0589916260644 -0.0494330292826 3.17186340332e-06
6001044 0 0.01 40.0 31.0 0.257213222275 -0.22923927612 19.321724974 0.158916969425 -0.145660920619 3.17186340332e-06
6001645 0 0.01 40.0 31.0 0.335661771805 -0.12122764928 22.3478506178 0.244230979966 -0.0886475144098 3.17186340332e-06
6004512 0 0.01 40.0 31.0 0.206720285249 -0.0735643901547 15.5453450687 0.10734017107 -0.039290113579 3.17186340332e-06
6005001 0 0.01 40.0 31.0 0.0893248203775 0.117710350907 15.0972752954 0.0411728754705 0.0567836281631 3.17186340332e-06
6005009 0 0.01 40.0000038147 31.0 -0.0802674907279 0.225736102731 11.0808319584 -0.0305917023062 0.0820327745159 3.17186340332e-06
6006245 0 0.01 40.0 31.0 -0.258792717198 0.322912681292 27.5474195852 -0.229281525608 0.294212628626 3.17186340332e-06
6006994 0 0.01 39.9999961853 31.0 0.422758284695 0.386227714534 8.04700612721 0.111940586363 0.104206080376 3.17186340332e-06
6007633 0 0.01 40.0 31.0 -0.0455609457976 0.220756569493 21.1706523766 -0.0272935521351 0.158365629146 3.17186340332e-06
6008588 0 0.01 40.0000038147 31.0 -0.357737318234 0.233292635308 24.1479881084 -0.278723238959 0.179394030604 3.17186340332e-06
6010142 0 0.01 40.0000038147 31.0 0.35471004765 0.0627414571218 18.490890184 0.2103498663 0.0364580215117 3.17186340332e-06
6010627 0 0.01 40.0000076294 31.0 -0.490179265111 0.252164956642 14.3303641591 -0.233463931908 0.114337615626 3.17186340332e-06
6011141 0 0.01 40.0 31.0 0.22362527542 0.350663121934 22.908752872 0.165162911226 0.259730903027 3.17186340332e-06
6012339 0 0.01 40.0000038147 31.0 0.107849464428 0.385685723841 29.9679897299 0.105477833611 0.372264730205 3.17186340332e-06
6012357 0 0.01 40.0 31.0 0.212722887678 -0.0579664335986 16.8586721692 0.117985951107 -0.0293396252276 3.17186340332e-06
6013424 0 0.01 40.0 31.0 0.252836035854 0.266955363157 21.2359245248 0.174326696712 0.184104437374 3.17186340332e-06
6013818 0 0.01 40.0 31.0 0.211794753749 0.434547089334 34.3235670856 0.23241972803 0.47954561278 3.17186340332e-06
6013950 0 0.01 40.0000038147 31.0 -0.44164045163 0.0850026864719 18.7832237306 -0.264846899347 0.0573652193398 3.17186340332e-06
6014727 0 0.01 39.9999961853 31.0 -0.128561577462 0.453905015457 25.1840146038 -0.104484658656 0.366760690883 3.17186340332e-06
6015760 0 0.01 40.0 31.0 0.203852677499 -0.32547708493 18.7026751248 0.124269074751 -0.199064742168 3.17186340332e-06
7000133 0 0.01 40.0 31.0 -0.443566393931 0.0584952824227 22.4450265939 -0.315580164514 0.0419200777931 3.17141642253e-06
7001364 0 0.01 40.0 31.0 -0.143872535981 0.0796029668999 21.1553374338 -0.0921140878899 0.0546316663453 3.17141642253e-06
7002710 0 0.01 39.9999961853 31.0 -0.0504603578226 0.490336828328 19.1268272141 -0.0380530977977 0.299885863865 3.17141642253e-06
7004161 0 0.01 40.0 31.0 0.182291501413 -0.0391744384788 30.6207096492 0.180089648804 -0.0395151698409 3.17141642253e-06
7004679 0 0.01 40.0 31.0 0.35650517185 -0.203559763814 33.6527730275 0.387113773368 -0.223940062843 3.17141642253e-06
7005420 0 0.01 40.0 31.0 0.163651951937 0.420977457921 19.0620232002 0.10301590125 0.257827174914 3.17141642253e-06
7007112 0 0.01 40.0 31.0 0.215197790446 0.059439789168 19.1188648416 0.130708882437 0.036740683589 3.17141642253e-06
7007645 0 0.01 40.0000038147 31.0 0.265008612099 -0.174149546128 22.4080940755 0.188551938983 -0.119232816833 3.17141642253e-06
7009022 0 0.01 40.0 31.0 0.491309790442 -0.244743075567 27.0144603451 0.426034389976 -0.21288364349 3.17141642253e-06
7009604 0 0.01 40.0 31.0 -0.43369526328 0.209403198316 25.9251427493 -0.366181247118 0.177237188393 3.17141642253e-06
7009668 0 0.01 40.0 31.0 -0.0829563721815 0.140714952499 17.7645113057 -0.0519458555835 0.0805856263412 3.17141642253e-06
7009771 0 0.01 40.0000038147 31.0 0.29848636985 -0.37667535805 19.4242609038 0.187970546583 -0.238306260677 3.17141642253e-06
7009934 0 0.01 40.0 31.0 0.0161929895543 -0.38343450794 20.4631896111 0.00958550119255 -0.248723539916 3.17141642253e-06
7013744 0 0.01 40.0 31.0 0.192008551475 0.370721883105 23.9034302258 0.149608442255 0.288548777163 3.17141642253e-06
7015426 0 0.01 40.0 31.0 -0.177312533313 0.168849703546 21.6204805905 -0.120532784049 0.11769707079 3.17141642253e-06
7015475 0 0.01 40.0 31.0 0.411049881953 0.2805702127 11.3476916827 0.152308077232 0.109877602097 3.17141642253e-06
8001035 0 0.01 40.0 31.0 -0.385028281589 -0.125399383418 35.2073301638 -0.437229064849 -0.142498065018 3.1713462321e-06
8001213 0 0.01 39.9999961853 31.0 -0.413542004349 -0.239515663041 59.5891028002 -0.793184824654 -0.461377922399 3.1713462321e-06
8002068 0 0.01 40.0 31.0 -0.335591647482 0.245333832931 14.1319560314 -0.150497400181 0.109499988413 3.1713462321e-06
8002731 0 0.01 39.9999961853 31.0 -0.0584463922168 -0.1903436793 1.89131469104 -0.0179414146048 0.00279826270128 3.1713462321e-06
8003195 0 0.01 40.0 31.0 0.214001770721 0.225474612278 30.151578405 0.207074344642 0.220177857673 3.1713462321e-06
8003644 0 0.01 39.9999961853 31.0 0.318760090776 0.428557649622 24.3914065245 0.249533979817 0.336520221671 3.1713462321e-06
8004071 0 0.01 40.0 31.0 -0.301489131251 -0.137209626251 8.18200488894 -0.0823887264555 -0.02632595856 3.1713462321e-06
8004745 0 0.01 40.0 31.0 -0.170754159893 0.274612688187 16.3144883052 -0.0940773809212 0.153227465013 3.1713462321e-06
8004867 0 0.01 40.0 31.0 -0.286415224411 -0.0912788767156 26.4894251453 -0.244485069912 -0.0792224149049 3.1713462321e-06
8005029 0 0.01 39.9999961853 31.0 0.188525122628 -0.216603291042 18.8041746675 0.113638651791 -0.134237738783 3.1713462321e-06
8005883 0 0.01 40.0 31.0 0.0158879596629 0.218325864588 60.2521045139 0.0313302953436 0.423013880739 3.1713462321e-06
8008465 0 0.01 40.0 31.0 -0.282349520057 0.438683966297 20.072207258 -0.181733822534 0.286566486414 3.1713462321e-06
8008705 0 0.01 40.0 31.0 -0.404073895243 0.441164811318 14.5070826835 -0.190586366568 0.208155468304 3.1713462321e-06
8009803 0 0.01 40.0 31.0 0.156645311846 -0.0501782216044 21.6067561897 0.112868350727 -0.0340948957809 3.1713462321e-06
8011199 0 0.01 40.0 31.0 0.018961524955 0.343988237209 55.2447957261 0.0339981453843 0.612327175564 3.1713462321e-06
8011662 0 0.01 40.0 31.0 -0.279322538393 -0.00134322173375 37.8550450958 -0.339780349778 -0.00154934469237 3.1713462321e-06
8011971 0 0.01 39.9999961853 31.0 0.0954833133049 -0.0925485331883 15.4036866095 0.0523741460889 -0.0493548924911 3.1713462321e-06
8012135 0 0.01 40.0000038147 31.0 0.27737319579 0.37203254534 22.2334990524 0.200614024612 0.264696365144 3.1713462321e-06
8012149 0 0.01 40.0 31.0 -0.0194760517412 0.0205278306196 28.8158640343 -0.017472817351 0.0195210592603 3.1713462321e-06
8012436 0 0.01 40.0000038147 31.0 0.367868220281 0.145664581246 18.3975162517 0.214922325011 0.0837125316072 3.1713462321e-06
8013130 0 0.01 40.0 31.0 0.467851391928 -0.188683179447 21.9010354982 0.332291286808 -0.132919278466 3.1713462321e-06
8014371 0 0.01 40.0 31.0 -0.000550458061019 0.405553811899 21.8073571947 -0.00135309309066 0.282927539078 3.1713462321e-06
8015317 0 0.01 40.0 31.0 0.344027246846 0.186669238997 23.3068388155 0.257796192523 0.140355808514 3.1713462321e-06
8015704 0 0.01 40.0 31.0 0.290066565606 0.171776892722 22.2418476171 0.207141852113 0.120125166816 3.1713462321e-06
8015995 0 0.01 39.9999961853 31.0 -0.17806759433 -0.165289459725 21.570465488 -0.124986578388 -0.112796486586 3.1713462321e-06
