613 14 0.01 1 32.9 0.43684 0.422046 6.8593 0.0905318 0.0888713 30.0758
3028 14 0.01 1 32.9 0.306636 -0.193489 7.05375 0.0662712 -0.0396021 30.0758
8263 14 0.01 1 32.9 0.06122 0.423465 9.16341 0.0165766 0.117819 30.0758
8448 14 0.01 1 32.9 0.417893 -0.120216 1.81192 0.0250328 -0.00804478 30.0758
10308 14 0.01 1 32.9 0.182526 -0.422299 1.53803 0.0108975 -0.0171915 30.0758
10609 14 0.01 1 32.9 0.261105 0.335882 4.50392 0.0354055 0.0459931 30.0758
11997 14 0.01 1 32.9 0.491398 -0.21047 18.1512 0.27253 -0.114209 30.0758
12288 14 0.01 1 32.9 0.292245 0.385485 6.02352 0.0514684 0.0710432 30.0758
14803 14 0.01 1 32.9 0.194622 -0.0250803 3.8686 0.0216516 -0.00432543 30.0758
18968 14 0.01 1 32.9 -0.187732 -0.0412739 0.333913 0.00394189 0.00712873 30.0758
19945 14 0.01 1 32.9 -0.324209 -0.337747 4.6561 -0.0451729 -0.0464636 30.0758
23602 14 0.01 1 32.9 -0.333914 -0.179484 46.6818 -0.475456 -0.252888 30.0758
23673 14 0.01 1 32.9 -0.292646 0.398458 3.77485 -0.0300624 0.0466947 30.0758
24033 14 0.01 1 32.9 0.0650224 -0.290052 14.2242 0.0301022 -0.123725 30.0758
25012 14 0.01 1 32.9 -0.205093 0.337853 7.47909 -0.04778 0.0784371 30.0758
26051 14 0.01 1 32.9 -0.307647 -0.0297152 13.3598 -0.124694 -0.0141388 30.0758
26519 14 0.01 1 32.9 0.255456 -0.053355 7.88029 0.0617252 -0.0101126 30.0758
27355 14 0.01 1 32.9 0.258016 -0.45919 8.09504 0.0622163 -0.110708 30.0758
27551 14 0.01 1 32.9 -0.0505023 -0.115778 3.4141 -0.00587788 -0.01133 30.0758
29315 14 0.01 1 32.9 -0.276316 -0.471701 8.28695 -0.0693809 -0.116843 30.0758
29445 14 0.01 1 32.9 0.0763702 0.431763 4.57756 0.0105155 0.0596002 30.0758
31153 14 0.01 1 32.9 -0.337919 -0.181005 3.69652 -0.037756 -0.0201586 30.0758
32092 14 0.01 1 32.9 -0.0166822 0.420384 1.01786 -0.00179747 0.0169888 30.0758
32361 14 0.01 1 32.9 -0.281414 -0.0214453 4.7563 -0.0434017 -0.00359395 30.0758
32590 14 0.01 1 32.9 0.317196 -0.222378 13.4 0.130964 -0.0897036 30.0758
32856 14 0.01 1 32.9 -0.0414751 -0.472421 3.58602 -0.00250265 -0.0510283 30.0758
41136 14 0.01 1 32.9 0.449749 -0.129663 5.72759 0.0781505 -0.0180992 30.0758
41518 14 0.01 1 32.9 -0.267288 0.443335 2.621 -0.0198516 0.0340196 30.0758
42804 14 0.01 1 32.9 -0.24293 0.3998 3.63944 -0.0267912 0.0466224 30.0758
43238 14 0.01 1 32.9 0.197823 -0.219556 3.01944 0.0176023 -0.0212734 30.0758
45916 14 0.01 1 32.9 -0.171456 -0.276843 6.23116 -0.0333693 -0.051622 30.0758
46923 14 0.01 1 32.9 -0.0153206 0.322426 5.01653 -0.00130645 0.0501357 30.0758
47256 14 0.01 1 32.9 0.429354 -0.364721 6.57315 0.0862461 -0.0713468 30.0758
48306 14 0.01 1 32.9 0.191457 0.260383 3.60964 0.0186744 0.0294294 30.0758
49751 14 0.01 1 32.9 -0.0166397 -0.185805 3.78114 -0.00220486 -0.0205628 30.0758
51859 14 0.01 1 32.9 -0.0435711 -0.0337066 8.39816 -0.00995393 -0.00758324 30.0758
55683 14 0.01 1 32.9 -0.490004 -0.0274171 7.99872 -0.120143 -0.0056739 30.0758
56221 14 0.01 1 32.9 0.00446783 0.0941639 3.9583 0.000916211 0.0085051 30.0758
56733 14 0.01 1 32.9 0.341178 0.372396 17.0511 0.175717 0.19676 30.0758
56863 14 0.01 1 32.9 0.0576363 -0.224865 11.2807 0.0197127 -0.0750889 30.0758
58764 14 0.01 1 32.9 0.454355 -0.208899 6.61974 0.0892551 -0.0415436 30.0758
62116 14 0.01 1 32.9 -0.30176 -0.405626 5.82693 -0.0521194 -0.0699406 30.0758
64257 14 0.01 1 32.9 -0.469966 0.342649 7.25535 -0.104581 0.0781374 30.0758
65906 14 0.01 1 32.9 0.139351 -0.0742808 3.71992 0.0168864 -0.00755564 30.0758
67826 14 0.01 1 32.9 -0.0195068 0.127334 5.1361 -0.00345327 0.022326 30.0758
74562 14 0.01 1 32.9 0.370313 0.325506 3.62463 0.0424469 0.0361079 30.0758
75896 14 0.01 1 32.9 -0.430452 0.450586 6.26938 -0.0826303 0.0875457 30.0758
78082 14 0.01 1 32.9 -0.368391 -0.366579 2.43492 -0.0271402 -0.026871 30.0758
78576 14 0.01 1 32.9 0.357797 -0.124797 4.55697 0.0501086 -0.0164993 30.0758
78925 14 0.01 1 32.9 0.138437 -0.178368 8.01201 0.0345604 -0.0423681 30.0758
79108 14 0.01 1 32.9 0.173938 -0.32083 12.7296 0.0668591 -0.122568 30.0758
79740 14 0.01 1 32.9 -0.240668 -0.230338 3.90966 -0.0278323 -0.0248473 30.0758
80678 14 0.01 1 32.9 -0.0629582 -0.488267 6.83882 -0.0132351 -0.10041 30.0758
82830 14 0.01 1 32.9 -0.134681 -0.37013 2.24411 -0.0102853 -0.0225976 30.0758
82873 14 0.01 1 32.9 -0.136209 0.0794301 3.43858 -0.0144951 0.00729851 30.0758
85272 14 0.01 1 32.9 0.290294 0.398079 2.0169 0.0145131 0.0254001 30.0758
86082 14 0.01 1 32.9 -0.157223 0.0650001 6.12764 -0.029217 0.0134771 30.0758
88220 14 0.01 1 32.9 -0.143332 0.0357037 8.17024 -0.03421 0.00837856 30.0758
91231 14 0.01 1 32.9 -0.0223227 -0.0521172 6.29981 -0.00643081 -0.00804981 30.0758
91741 14 0.01 1 32.9 0.318542 -0.102151 7.73151 0.0753283 -0.0251933 30.0758
93273 14 0.01 1 32.9 -0.176262 -0.159514 5.81676 -0.0311687 -0.02858 30.0758
94820 14 0.01 1 32.9 0.281095 0.435705 9.38558 0.0806683 0.128122 30.0758
95888 14 0.01 1 32.9 0.362453 0.204919 3.75653 0.0414271 0.0241422 30.0758
96239 14 0.01 1 32.9 0.099843 -0.214464 9.14429 0.029709 -0.0604437 30.0758
98059 14 0.01 1 32.9 -0.00179656 0.248034 4.56145 -0.00110894 0.0335819 30.0758
98600 14 0.01 1 32.9 -0.337352 -0.198809 12.9192 -0.132866 -0.0782956 30.0758
100415 14 0.01 1 32.9 -0.136816 -0.229338 2.5273 -0.0114703 -0.0159319 30.0758
100502 14 0.01 1 32.9 0.0224884 0.479034 6.56475 0.00552653 0.0947019 30.0758
102021 14 0.01 1 32.9 0.336243 0.0442338 7.7351 0.0787566 0.0107818 30.0758
102183 14 0.01 1 32.9 -0.45598 0.322829 3.12278 -0.0450046 0.0313291 30.0758
105115 14 0.01 1 32.9 0.212035 -0.263872 3.82567 0.0258438 -0.0289252 30.0758
105337 14 0.01 1 32.9 0.162183 -0.0518205 3.6076 0.0184309 -0.00539296 30.0758
108703 14 0.01 1 32.9 0.0416658 -0.0732138 6.21021 0.00929729 -0.0137662 30.0758
109712 14 0.01 1 32.9 0.334956 0.344353 3.50753 0.035019 0.0372181 30.0758
114446 14 0.01 1 32.9 0.0577663 0.203864 10.2873 0.0169382 0.0654971 30.0758
118718 14 0.01 1 32.9 -0.168962 -0.458456 6.88641 -0.0340451 -0.0938678 30.0758
119622 14 0.01 1 32.9 -0.127679 -0.0198935 5.67652 -0.0182553 -0.00227211 30.0758
120932 14 0.01 1 32.9 0.288462 0.226182 9.74263 0.0847451 0.0686604 30.0758
122569 14 0.01 1 32.9 -0.335527 0.376286 4.39481 -0.046226 0.0509204 30.0758
127061 14 0.01 1 32.9 0.280459 0.455552 7.61903 0.0624695 0.105975 30.0758
128696 14 0.01 1 32.9 0.205235 -0.360732 7.32613 0.0457563 -0.0809493 30.0758
130201 14 0.01 1 32.9 -0.464912 0.372317 6.75905 -0.0946795 0.0774051 30.0758
130441 14 0.01 1 32.9 -0.242259 -0.390984 8.38685 -0.0618636 -0.100342 30.0758
130494 14 0.01 1 32.9 0.471968 0.190954 5.55493 0.0793205 0.033323 30.0758
138968 14 0.01 1 32.9 -0.300199 -0.486381 11.1594 -0.102126 -0.163405 30.0758
139618 14 0.01 1 32.9 0.418455 -0.0137541 1.98 0.0258796 0.00153012 30.0758
142801 14 0.01 1 32.9 -0.15298 0.22702 6.03302 -0.0285059 0.0434744 30.0758
143834 14 0.01 1 32.9 0.142111 0.473963 11.4426 0.0497711 0.163711 30.0758
146644 14 0.01 1 32.9 -0.150717 0.29914 18.9509 -0.0879101 0.173015 30.0758
146726 14 0.01 1 32.9 -0.326179 -0.256962 3.4068 -0.0351094 -0.026771 30.0758
146853 14 0.01 1 32.9 0.183966 0.432131 11.8385 0.0651393 0.155308 30.0758
147294 14 0.01 1 32.9 0.273109 0.234052 14.2241 0.119493 0.101663 30.0758
156277 14 0.01 1 32.9 -0.115212 0.0453619 3.30745 -0.0117168 0.00599176 30.0758
159879 14 0.01 1 32.9 -0.349004 -0.232656 7.91865 -0.0837853 -0.055455 30.0758
160044 14 0.01 1 32.9 -0.0949438 -0.176343 12.1305 -0.0358108 -0.0623032 30.0758
160279 14 0.01 1 32.9 -0.269857 0.166054 12.395 -0.101831 0.0656667 30.0758
161578 14 0.01 1 32.9 0.122902 0.146613 3.48567 0.0142033 0.018292 30.0758
162107 14 0.01 1 32.9 -0.23387 -0.0551019 7.91209 -0.0556361 -0.0125766 30.0758
162468 14 0.01 1 32.9 0.401888 0.276382 11.3915 0.138831 0.097966 30.0758
163394 14 0.01 1 32.9 0.00761281 -0.333814 8.71486 0.000441026 -0.08953 30.0758
164017 14 0.01 1 32.9 -0.0357416 0.0426113 4.03681 -0.0040093 0.005967 30.0758
164335 14 0.01 1 32.9 -0.0241069 -0.00523221 6.87508 -0.00542452 -0.000301755 30.0758
165502 14 0.01 1 32.9 -0.472432 -0.157367 5.33598 -0.0773981 -0.0244386 30.0758
165624 14 0.01 1 32.9 -0.200256 -0.276601 0.605022 -0.00373241 -0.00387512 30.0758
166428 14 0.01 1 32.9 -0.238201 -0.0624767 14.8747 -0.107988 -0.0248807 30.0758
168866 14 0.01 1 32.9 0.287648 0.394436 6.0403 0.054114 0.0713847 30.0758
169157 14 0.01 1 32.9 0.10838 -0.474983 2.14251 0.00883518 -0.0319814 30.0758
169611 14 0.01 1 32.9 -0.0337423 -0.450771 9.89655 -0.00876441 -0.135427 30.0758
171458 14 0.01 1 32.9 0.135232 -0.351893 7.09665 0.0305161 -0.077358 30.0758
172463 14 0.01 1 32.9 0.482674 0.150477 4.20687 0.0636748 0.0223423 30.0758
173780 14 0.01 1 32.9 0.203164 -0.024047 5.30058 0.0316186 -0.00310568 30.0758
174235 14 0.01 1 32.9 -0.356793 -0.209228 8.7274 -0.0945286 -0.0562132 30.0758
177145 14 0.01 1 32.9 -0.165871 0.181687 4.16716 -0.0216468 0.0280458 30.0758
177184 14 0.01 1 32.9 0.47167 -0.415287 6.63222 0.0946342 -0.0842414 30.0758
178337 14 0.01 1 32.9 0.0907566 -0.337486 2.74328 0.00727053 -0.028242 30.0758
181410 14 0.01 1 32.9 -0.338214 0.352237 5.25593 -0.0528346 0.0557334 30.0758
183000 14 0.01 1 32.9 0.386369 -0.103586 10.0076 0.118626 -0.0293987 30.0758
184387 14 0.01 1 32.9 0.279747 0.151816 3.66161 0.0292649 0.018531 30.0758
184764 14 0.01 1 32.9 -0.143654 -0.435751 5.12076 -0.0223704 -0.068576 30.0758
192201 14 0.01 1 32.9 -0.406116 -0.327606 13.8773 -0.170315 -0.137954 30.0758
192701 14 0.01 1 32.9 -0.152342 -0.114064 7.12611 -0.031798 -0.0244325 30.0758
194177 14 0.01 1 32.9 -0.0774049 -0.0156085 4.02256 -0.0106197 -9.91287e-05 30.0758
196959 14 0.01 1 32.9 -0.252518 0.48477 3.42899 -0.0278208 0.051334 30.0758
197476 14 0.01 1 32.9 -0.0404915 0.0599416 6.13908 -0.00769798 0.0125192 30.0758
199272 14 0.01 1 32.9 -0.167419 -0.146793 5.88994 -0.0315305 -0.0274749 30.0758
200407 14 0.01 1 32.9 -0.0434268 0.0881086 13.806 -0.0184727 0.0376972 30.0758
204305 14 0.01 1 32.9 -0.18302 0.264212 4.30974 -0.0235661 0.0367983 30.0758
206212 14 0.01 1 32.9 -0.437311 0.42251 3.63578 -0.0479609 0.0485657 30.0758
206321 14 0.01 1 32.9 0.367147 -0.150306 2.47929 0.0278836 -0.00832559 30.0758
208125 14 0.01 1 32.9 -0.116242 0.454594 4.2498 -0.0155378 0.0577236 30.0758
209506 14 0.01 1 32.9 0.0383422 0.273682 4.56186 0.00658813 0.0401856 30.0758
212278 14 0.01 1 32.9 -0.451209 0.0551164 6.57269 -0.0881896 0.0129978 30.0758
215263 14 0.01 1 32.9 -0.307937 -0.431926 2.98291 -0.0294783 -0.0373546 30.0758
223237 14 0.01 1 32.9 0.277431 -0.343137 3.41959 0.0274147 -0.0346112 30.0758
226797 14 0.01 1 32.9 0.426645 -0.268175 9.38469 0.120459 -0.0744197 30.0758
226912 14 0.01 1 32.9 0.198309 0.311087 2.47122 0.0152823 0.0232537 30.0758
230757 14 0.01 1 32.9 -0.121658 0.374414 7.71302 -0.0306243 0.087022 30.0758
231050 14 0.01 1 32.9 -0.316494 -0.448898 3.28788 -0.0326348 -0.045891 30.0758
233713 14 0.01 1 32.9 0.198814 0.281393 20.0543 0.122028 0.17078 30.0758
233823 14 0.01 1 32.9 0.28012 0.286738 3.13552 0.0271544 0.0277748 30.0758
235752 14 0.01 1 32.9 -0.21527 -0.498865 7.22595 -0.0466266 -0.108833 30.0758
239681 14 0.01 1 32.9 -0.392191 0.442173 7.78649 -0.0940544 0.104435 30.0758
241381 14 0.01 1 32.9 -0.0323683 0.302537 6.07074 -0.00540608 0.0569455 30.0758
242000 14 0.01 1 32.9 0.477105 0.284081 3.37059 0.0488488 0.0303072 30.0758
247312 14 0.01 1 32.9 0.0390441 0.183147 2.0705 0.002602 0.0145876 30.0758
248410 14 0.01 1 32.9 0.198223 0.0373455 5.69559 0.0340075 0.00781969 30.0758
249551 14 0.01 1 32.9 0.0508375 -0.193234 21.7022 0.0347252 -0.129404 30.0758
253936 14 0.01 1 32.9 -0.347229 0.148134 5.89768 -0.0617476 0.0270583 30.0758
258707 14 0.01 1 32.9 0.243956 -0.33502 7.63954 0.0563928 -0.0774317 30.0758
259802 14 0.01 1 32.9 0.0329503 0.424217 4.61129 0.0040692 0.0614786 30.0758
260057 14 0.01 1 32.9 0.465607 -0.352847 5.87409 0.0810938 -0.0619316 30.0758
261599 14 0.01 1 32.9 -0.373153 0.048093 6.59835 -0.0752984 0.0103621 30.0758
261649 14 0.01 1 32.9 0.0784257 0.380052 5.4784 0.0149013 0.0661516 30.0758
262693 14 0.01 1 32.9 -0.190219 -0.246318 5.02639 -0.0288202 -0.0384655 30.0758
262923 14 0.01 1 32.9 0.114243 0.0224094 4.43378 0.0137565 0.00558476 30.0758
264686 14 0.01 1 32.9 -0.0196141 0.436493 3.73628 -0.000576813 0.0500329 30.0758
267962 14 0.01 1 32.9 0.000213242 -0.0364272 8.31328 0.00185113 -0.00801187 30.0758
269292 14 0.01 1 32.9 0.0792597 -0.442436 2.93633 0.0071452 -0.0379756 30.0758
269526 14 0.01 1 32.9 0.0462436 -0.189152 2.52468 0.00196687 -0.0146855 30.0758
269993 14 0.01 1 32.9 -0.216438 0.191565 12.0567 -0.07741 0.0689523 30.0758
273603 14 0.01 1 32.9 0.324341 -0.209457 2.42107 0.0250178 -0.0132046 30.0758
275218 14 0.01 1 32.9 0.222939 0.169497 3.25338 0.0240336 0.0162047 30.0758
278146 14 0.01 1 32.9 0.132417 0.491723 6.62048 0.0270582 0.098281 30.0758
280220 14 0.01 1 32.9 0.00851201 0.0318905 5.65072 0.00143287 0.00644782 30.0758
280681 14 0.01 1 32.9 -0.496673 -0.290795 6.27295 -0.0972546 -0.0540484 30.0758
281496 14 0.01 1 32.9 0.0109563 -0.0664618 8.18076 0.00237908 -0.0142832 30.0758
283577 14 0.01 1 32.9 -0.165786 -0.221281 5.68657 -0.0285729 -0.0382901 30.0758
288963 14 0.01 1 32.9 -0.172956 0.0533656 8.78129 -0.0480565 0.0147151 30.0758
291033 14 0.01 1 32.9 -0.121842 -0.210477 7.36775 -0.0272709 -0.0474817 30.0758
291886 14 0.01 1 32.9 0.0448301 0.270215 5.45865 0.0040363 0.0456392 30.0758
292243 14 0.01 1 32.9 0.0985743 0.363109 11.9911 0.0352992 0.134605 30.0758
297244 14 0.01 1 32.9 -0.0502019 0.237949 5.67628 -0.00717357 0.042454 30.0758
297598 14 0.01 1 32.9 -0.423731 0.0822161 4.56518 -0.0580035 0.0125884 30.0758
298740 14 0.01 1 32.9 0.154789 0.462906 7.11861 0.032357 0.0999975 30.0758
299089 14 0.01 1 32.9 -0.457727 -0.478334 4.48204 -0.0603271 -0.0641563 30.0758
301250 14 0.01 1 32.9 -0.162571 0.323283 36.086 -0.177977 0.355192 30.0758
301881 14 0.01 1 32.9 0.288358 -0.180849 2.48556 0.0237092 -0.0120353 30.0758
302630 14 0.01 1 32.9 0.182376 0.154112 4.56159 0.0252243 0.0231445 30.0758
303155 14 0.01 1 32.9 -0.123857 -0.0474379 3.83936 -0.0133205 -0.00437455 30.0758
305728 14 0.01 1 32.9 -0.401863 0.225992 3.97821 -0.0490394 0.0294594 30.0758
307898 14 0.01 1 32.9 0.118135 0.154418 4.63512 0.0196343 0.0234653 30.0758
308370 14 0.01 1 32.9 -0.203908 0.2649 7.42478 -0.0451051 0.0574284 30.0758
311644 14 0.01 1 32.9 -0.38159 -0.342828 4.79959 -0.0569198 -0.0494979 30.0758
313566 14 0.01 1 32.9 0.258994 -0.246235 7.17098 0.0572971 -0.0552097 30.0758
316072 14 0.01 1 32.9 0.125147 -0.112213 3.65297 0.0132552 -0.0121384 30.0758
318361 14 0.01 1 32.9 -0.103944 0.378119 2.82615 -0.0101171 0.0350751 30.0758
318563 14 0.01 1 32.9 -0.118683 0.352344 1.37199 -0.00357331 0.0148965 30.0758
318867 14 0.01 1 32.9 -0.0925726 -0.0975614 5.29606 -0.0156514 -0.0134527 30.0758
319046 14 0.01 1 32.9 0.273926 0.449005 6.25225 0.0542642 0.0852201 30.0758
319304 14 0.01 1 32.9 0.447428 0.255733 17.0315 0.231556 0.133958 30.0758
321308 14 0.01 1 32.9 -0.416635 0.341014 4.23985 -0.0529891 0.0432758 30.0758
321475 14 0.01 1 32.9 -0.257121 0.252003 7.56396 -0.0601642 0.0595051 30.0758
323531 14 0.01 1 32.9 0.202892 -0.0461041 6.18885 0.0406018 -0.00816585 30.0758
325398 14 0.01 1 32.9 0.285761 -0.363263 4.10591 0.0369913 -0.0449335 30.0758
327496 14 0.01 1 32.9 -0.0067151 -0.0147752 3.25743 -0.00158185 -0.000636357 30.0758
331990 14 0.01 1 32.9 0.283244 -0.0364454 4.81025 0.0450354 -0.00582883 30.0758
336626 14 0.01 1 32.9 0.112391 -0.443054 5.63434 0.0216637 -0.0754886 30.0758
337000 14 0.01 1 32.9 0.239211 0.0164927 5.8289 0.0422853 -0.000340039 30.0758
337440 14 0.01 1 32.9 0.0108939 -0.304418 5.11617 0.000383707 -0.0468072 30.0758
337735 14 0.01 1 32.9 -0.194736 0.367609 3.2095 -0.0198441 0.0352022 30.0758
338711 14 0.01 1 32.9 0.401128 0.197591 3.57955 0.0449102 0.0238397 30.0758
339660 14 0.01 1 32.9 0.164039 0.0950988 4.7087 0.0232723 0.013944 30.0758
342811 14 0.01 1 32.9 -0.0353708 -0.242309 7.53693 -0.0107033 -0.0534227 30.0758
343145 14 0.01 1 32.9 -0.224798 0.183826 5.86403 -0.0405404 0.0346406 30.0758
345522 14 0.01 1 32.9 -0.400884 0.44011 2.56222 -0.0302029 0.0346395 30.0758
348017 14 0.01 1 32.9 -0.151349 -0.44659 6.20761 -0.0270263 -0.0826267 30.0758
350407 14 0.01 1 32.9 -0.0873 -0.445895 4.78445 -0.015907 -0.0654119 30.0758
352012 14 0.01 1 32.9 -0.334181 0.431166 5.35588 -0.0548552 0.072032 30.0758
353293 14 0.01 1 32.9 -0.0173315 -0.394919 5.76037 -0.00383104 -0.0673171 30.0758
356427 14 0.01 1 32.9 0.478408 -0.313863 1.92214 0.0276571 -0.0161958 30.0758
356512 14 0.01 1 32.9 0.202605 0.228045 5.19174 0.0317748 0.0346526 30.0758
359118 14 0.01 1 32.9 -0.180026 -0.421557 4.2597 -0.0241607 -0.0558046 30.0758
361293 14 0.01 1 32.9 0.137678 0.110007 5.72624 0.0231219 0.0200106 30.0758
363596 14 0.01 1 32.9 -0.360735 -0.324025 3.4986 -0.0370084 -0.0316614 30.0758
365860 14 0.01 1 32.9 -0.34216 0.332635 1.08528 -0.0144132 0.00935679 30.0758
367078 14 0.01 1 32.9 0.483652 0.310883 13.9653 0.204414 0.133148 30.0758
367612 14 0.01 1 32.9 -0.263406 0.00292915 5.50665 -0.0423194 0.000927514 30.0758
368398 14 0.01 1 32.9 -0.343332 0.193169 1.77036 -0.0183392 0.0105802 30.0758
369312 14 0.01 1 32.9 0.208009 -0.000723907 1.39969 0.00868665 0.00177032 30.0758
372698 14 0.01 1 32.9 -0.0281442 0.113262 1.98729 0.00099741 0.00608158 30.0758
377506 14 0.01 1 32.9 0.43563 0.0919955 5.14435 0.0680187 0.0165147 30.0758
378401 14 0.01 1 32.9 0.122298 0.44702 3.40097 0.0115493 0.0467684 30.0758
378511 14 0.01 1 32.9 -0.305392 0.205712 4.03033 -0.0369483 0.0246162 30.0758
380208 14 0.01 1 32.9 -0.137845 0.181213 19.3172 -0.0795547 0.104279 30.0758
382726 14 0.01 1 32.9 -0.069061 0.352736 2.02549 -0.00362719 0.0221772 30.0758
382992 14 0.01 1 32.9 -0.372097 0.13576 9.41847 -0.106766 0.0382149 30.0758
383640 14 0.01 1 32.9 -0.184477 -0.182683 8.91394 -0.0502459 -0.0487451 30.0758
386071 14 0.01 1 32.9 -0.28041 -0.327163 12.0406 -0.102928 -0.120365 30.0758
387256 14 0.01 1 32.9 0.190056 0.303378 6.64418 0.037246 0.0622155 30.0758
389472 14 0.01 1 32.9 -0.32468 -0.00221396 5.98774 -0.0596152 -0.00388934 30.0758
394734 14 0.01 1 32.9 -0.301633 0.143928 18.2949 -0.166317 0.0809035 30.0758
397005 14 0.01 1 32.9 0.355977 -0.172948 3.16239 0.0328752 -0.0172883 30.0758
399556 14 0.01 1 32.9 -0.335598 -0.490906 7.6276 -0.080488 -0.11212 30.0758
403227 14 0.01 1 32.9 -0.255814 0.483926 5.4124 -0.0422576 0.0802362 30.0758
403755 14 0.01 1 32.9 -0.40064 0.287183 9.68095 -0.116927 0.0840841 30.0758
404101 14 0.01 1 32.9 0.312174 0.189634 2.99129 0.0275868 0.0184577 30.0758
404735 14 0.01 1 32.9 -0.266236 0.0549206 7.36326 -0.0591978 0.0124617 30.0758
405129 14 0.01 1 32.9 0.000573213 0.365459 3.27951 -0.00147375 0.0355951 30.0758
405773 14 0.01 1 32.9 0.389854 -0.367374 7.68315 0.0901751 -0.0840809 30.0758
406279 14 0.01 1 32.9 -0.0682844 0.477592 3.92497 -0.00757044 0.0578262 30.0758
408274 14 0.01 1 32.9 -0.157941 -0.407973 7.54654 -0.0384824 -0.0949755 30.0758
410454 14 0.01 1 32.9 0.363604 -0.452222 7.91769 0.0895726 -0.108029 30.0758
411694 14 0.01 1 32.9 -0.380772 0.385922 4.9099 -0.0554515 0.0578593 30.0758
412361 14 0.01 1 32.9 0.0305525 -0.488843 3.33387 0.00299566 -0.0476457 30.0758
412543 14 0.01 1 32.9 0.237679 0.127502 2.42424 0.0162499 0.0106635 30.0758
413283 14 0.01 1 32.9 -0.420983 -0.0517795 4.4013 -0.0554836 -0.00450104 30.0758
413911 14 0.01 1 32.9 -0.347158 -0.334145 8.53649 -0.0910938 -0.0852384 30.0758
416040 14 0.01 1 32.9 -0.106147 -0.0928649 1.1287 -0.00290529 -0.00220279 30.0758
416252 14 0.01 1 32.9 0.204952 0.109971 5.03881 0.0313962 0.0178638 30.0758
418882 14 0.01 1 32.9 -0.122081 0.317446 8.66276 -0.0300352 0.083521 30.0758
421998 14 0.01 1 32.9 -0.400009 -0.21027 5.09331 -0.0625038 -0.030303 30.0758
423448 14 0.01 1 32.9 -0.360749 0.424874 3.47626 -0.0366677 0.0477141 30.0758
424572 14 0.01 1 32.9 -0.29696 0.117083 1.78787 -0.0173916 0.0077105 30.0758
431889 14 0.01 1 32.9 -0.393552 0.0961522 12.058 -0.143927 0.0361073 30.0758
432804 14 0.01 1 32.9 0.439966 -0.0454531 4.3316 0.0576057 -0.00539887 30.0758
435510 14 0.01 1 32.9 -0.348307 0.047986 7.32189 -0.0788535 0.011146 30.0758
437250 14 0.01 1 32.9 0.469418 0.412973 9.83939 0.140259 0.123059 30.0758
439664 14 0.01 1 32.9 -0.253572 0.461191 13.3232 -0.101772 0.186336 30.0758
439675 14 0.01 1 32.9 -0.30208 -0.115056 13.8425 -0.127927 -0.0474253 30.0758
440343 14 0.01 1 32.9 0.00140481 0.424886 6.55275 0.00210181 0.0862596 30.0758
441018 14 0.01 1 32.9 -0.0403854 -0.398061 3.42479 -0.00221544 -0.0405843 30.0758
443064 14 0.01 1 32.9 0.303881 -0.0471402 1.30792 0.00918337 -0.00380607 30.0758
444478 14 0.01 1 32.9 0.381268 0.0589589 8.19741 0.0977835 0.0159766 30.0758
447125 14 0.01 1 32.9 0.148271 -0.246499 5.14445 0.0238638 -0.0382381 30.0758
447512 14 0.01 1 32.9 -0.0734479 0.451002 13.5065 -0.0302178 0.186075 30.0758
451165 14 0.01 1 32.9 -0.117911 -0.0430757 9.80912 -0.0359165 -0.0111678 30.0758
451564 14 0.01 1 32.9 -0.471294 -0.114367 10.3114 -0.147584 -0.0345973 30.0758
452467 14 0.01 1 32.9 -0.240195 -0.0978387 5.93619 -0.0437972 -0.0175554 30.0758
455268 14 0.01 1 32.9 0.430632 -0.0506618 8.24148 0.106825 -0.0110411 30.0758
462028 14 0.01 1 32.9 -0.291543 -0.279793 9.82349 -0.0884103 -0.0829664 30.0758
463355 14 0.01 1 32.9 -0.100526 0.194859 6.11908 -0.0185252 0.0368578 30.0758
463692 14 0.01 1 32.9 0.00491033 -0.371604 3.33621 0.00176072 -0.0340726 30.0758
463827 14 0.01 1 32.9 0.25239 -0.155965 3.90709 0.0316899 -0.0172174 30.0758
466421 14 0.01 1 32.9 -0.461277 -0.0456311 3.62941 -0.0480626 -0.00406517 30.0758
468125 14 0.01 1 32.9 -0.234007 -0.125001 6.2382 -0.0455236 -0.0237403 30.0758
468423 14 0.01 1 32.9 0.16247 -0.470419 4.51556 0.020883 -0.0644862 30.0758
473545 14 0.01 1 32.9 0.439453 -0.170944 13.7781 0.185058 -0.0746962 30.0758
475356 14 0.01 1 32.9 0.114885 0.0669454 5.75792 0.0201554 0.0101571 30.0758
475402 14 0.01 1 32.9 -0.362871 0.244892 4.13434 -0.0464186 0.0311918 30.0758
476004 14 0.01 1 32.9 -0.495072 0.0769119 2.23202 -0.032888 0.00709471 30.0758
476011 14 0.01 1 32.9 0.406469 -0.411783 5.33621 0.0642926 -0.0657975 30.0758
476120 14 0.01 1 32.9 0.0812564 0.0658561 2.48277 0.00506079 0.00299879 30.0758
479218 14 0.01 1 32.9 0.256545 -0.336243 6.19229 0.0494402 -0.0612693 30.0758
480975 14 0.01 1 32.9 -0.123857 0.28345 2.88087 -0.00932394 0.0233026 30.0758
483013 14 0.01 1 32.9 -0.10131 0.307758 3.35424 -0.0109675 0.0300599 30.0758
486846 14 0.01 1 32.9 0.184748 -0.262294 2.74138 0.0146874 -0.021767 30.0758
486970 14 0.01 1 32.9 -0.28912 0.385867 13.0929 -0.113738 0.154724 30.0758
487043 14 0.01 1 32.9 0.0153049 -0.345724 5.18739 0.00158011 -0.0538613 30.0758
488313 14 0.01 1 32.9 -0.0989043 0.367101 5.79363 -0.018864 0.0644516 30.0758
493375 14 0.01 1 32.9 0.0227726 0.427672 3.64174 0.00287026 0.0457288 30.0758
494407 14 0.01 1 32.9 -0.253839 -0.339328 8.99877 -0.0712514 -0.0943814 30.0758
494831 14 0.01 1 32.9 0.236636 -0.177162 8.41794 0.0605655 -0.0432971 30.0758
495959 14 0.01 1 32.9 0.374112 -0.41954 3.55832 0.0412699 -0.0429071 30.0758
499089 14 0.01 1 32.9 -0.146498 0.332326 3.66825 -0.0135748 0.0375772 30.0758
