478 14 0.01 1 32.9 0.0719758 -0.229267 7.4665 0.0170633 -0.0532946 35.1453
613 14 0.01 1 32.9 0.43684 0.422046 6.8593 0.0905318 0.0888713 33.4625
2846 14 0.01 1 32.9 -0.027791 -0.35094 3.52724 -0.00391822 -0.0397132 35.3121
3028 14 0.01 1 32.9 0.306636 -0.193489 7.05375 0.0662712 -0.0396021 34.0765
3501 14 0.01 1 32.9 0.468512 0.00922162 4.50869 0.0651136 0.000453961 36.5321
3693 14 0.01 1 32.9 -0.364611 -0.350191 3.16641 -0.0356967 -0.0349579 34.6182
5203 14 0.01 1 32.9 0.219669 -0.389283 9.10325 0.0607223 -0.107775 31.3152
6654 14 0.01 1 32.9 0.400998 -0.3278 5.04659 0.059232 -0.0524598 35.8557
8056 14 0.01 1 32.9 0.217555 -0.0439938 3.78742 0.0252604 -0.00571831 31.4261
8263 14 0.01 1 32.9 0.06122 0.423465 9.16341 0.0165766 0.117819 33.6505
8448 14 0.01 1 32.9 0.417893 -0.120216 1.81192 0.0250328 -0.00804478 33.0416
10308 14 0.01 1 32.9 0.182526 -0.422299 1.53803 0.0108975 -0.0171915 33.2819
10609 14 0.01 1 32.9 0.261105 0.335882 4.50392 0.0354055 0.0459931 36.9156
10658 14 0.01 1 32.9 0.434306 0.0954369 2.77046 0.0360734 0.00935588 34.625
11997 14 0.01 1 32.9 0.491398 -0.21047 18.1512 0.27253 -0.114209 30.7575
12288 14 0.01 1 32.9 0.292245 0.385485 6.02352 0.0514684 0.0710432 33.4517
13972 14 0.01 1 32.9 0.302057 -0.421121 4.47 0.0403384 -0.0545405 37.317
14803 14 0.01 1 32.9 0.194622 -0.0250803 3.8686 0.0216516 -0.00432543 36.9876
14955 14 0.01 1 32.9 0.376402 -0.327583 4.79141 0.0558647 -0.0486429 32.8456
16010 14 0.01 1 32.9 -0.427962 0.0385794 14.3832 -0.187578 0.0183524 31.5734
18000 14 0.01 1 32.9 -0.431565 -0.184558 4.45985 -0.059141 -0.0282418 33.2202
18968 14 0.01 1 32.9 -0.187732 -0.0412739 0.333913 0.00394189 0.00712873 32.6857
19818 14 0.01 1 32.9 -0.483995 -0.0622394 6.01628 -0.0884188 -0.0134008 36.8668
19945 14 0.01 1 32.9 -0.324209 -0.337747 4.6561 -0.0451729 -0.0464636 34.9167
20165 14 0.01 1 32.9 0.437694 -0.251915 2.14272 0.0280842 -0.0156402 31.4256
23602 14 0.01 1 32.9 -0.333914 -0.179484 46.6818 -0.475456 -0.252888 30.2556
23673 14 0.01 1 32.9 -0.292646 0.398458 3.77485 -0.0300624 0.0466947 32.7761
23708 14 0.01 1 32.9 0.00445196 -0.335098 7.15907 0.00138764 -0.0722277 33.5202
23858 14 0.01 1 32.9 -0.41209 -0.044876 4.16782 -0.0538613 -0.00494422 36.5761
23958 14 0.01 1 32.9 0.458417 -0.0217695 14.7439 0.204323 -0.0131843 31.2654
24033 14 0.01 1 32.9 0.0650224 -0.290052 14.2242 0.0301022 -0.123725 31.203
25012 14 0.01 1 32.9 -0.205093 0.337853 7.47909 -0.04778 0.0784371 35.1425
26051 14 0.01 1 32.9 -0.307647 -0.0297152 13.3598 -0.124694 -0.0141388 31.5537
26519 14 0.01 1 32.9 0.255456 -0.053355 7.88029 0.0617252 -0.0101126 33.1741
26582 14 0.01 1 32.9 -0.079195 -0.0347669 18.2689 -0.0449925 -0.0206539 30.3262
27093 14 0.01 1 32.9 -0.361337 0.126194 4.13935 -0.0475223 0.015102 37.2663
27355 14 0.01 1 32.9 0.258016 -0.45919 8.09504 0.0622163 -0.110708 33.0096
27551 14 0.01 1 32.9 -0.0505023 -0.115778 3.4141 -0.00587788 -0.01133 36.2983
29315 14 0.01 1 32.9 -0.276316 -0.471701 8.28695 -0.0693809 -0.116843 33.9297
29445 14 0.01 1 32.9 0.0763702 0.431763 4.57756 0.0105155 0.0596002 35.152
31153 14 0.01 1 32.9 -0.337919 -0.181005 3.69652 -0.037756 -0.0201586 35.9239
32092 14 0.01 1 32.9 -0.0166822 0.420384 1.01786 -0.00179747 0.0169888 33.1472
32361 14 0.01 1 32.9 -0.281414 -0.0214453 4.7563 -0.0434017 -0.00359395 37.2475
32590 14 0.01 1 32.9 0.317196 -0.222378 13.4 0.130964 -0.0897036 32.05
32856 14 0.01 1 32.9 -0.0414751 -0.472421 3.58602 -0.00250265 -0.0510283 34.2205
34403 14 0.01 1 32.9 -0.411484 -0.244089 6.03839 -0.0789727 -0.0446439 34.7019
40479 14 0.01 1 32.9 0.164065 0.37446 2.85006 0.0140081 0.0333371 33.7352
41136 14 0.01 1 32.9 0.449749 -0.129663 5.72759 0.0781505 -0.0180992 34.18
41518 14 0.01 1 32.9 -0.267288 0.443335 2.621 -0.0198516 0.0340196 34.9794
41959 14 0.01 1 32.9 0.443068 -0.022278 5.02254 0.0686963 -0.0053695 37.0773
42804 14 0.01 1 32.9 -0.24293 0.3998 3.63944 -0.0267912 0.0466224 31.764
43238 14 0.01 1 32.9 0.197823 -0.219556 3.01944 0.0176023 -0.0212734 35.801
45524 14 0.01 1 32.9 0.463159 0.299981 8.15092 0.113737 0.0705273 31.9131
45916 14 0.01 1 32.9 -0.171456 -0.276843 6.23116 -0.0333693 -0.051622 32.7444
46923 14 0.01 1 32.9 -0.0153206 0.322426 5.01653 -0.00130645 0.0501357 35.5548
47256 14 0.01 1 32.9 0.429354 -0.364721 6.57315 0.0862461 -0.0713468 35.4966
48306 14 0.01 1 32.9 0.191457 0.260383 3.60964 0.0186744 0.0294294 36.5257
48895 14 0.01 1 32.9 0.196526 -0.365442 3.6797 0.0214433 -0.0414515 35.5732
48899 14 0.01 1 32.9 0.467252 -0.177015 3.83339 0.0544997 -0.019927 36.7696
49366 14 0.01 1 32.9 0.31442 -0.0429628 5.6686 0.0550229 -0.00788478 33.395
49751 14 0.01 1 32.9 -0.0166397 -0.185805 3.78114 -0.00220486 -0.0205628 37.3777
51256 14 0.01 1 32.9 0.399949 -0.407967 2.71251 0.0311 -0.0325733 33.1559
51859 14 0.01 1 32.9 -0.0435711 -0.0337066 8.39816 -0.00995393 -0.00758324 31.9201
55620 14 0.01 1 32.9 -0.0602605 0.267703 4.20958 -0.00731658 0.0339357 37.3933
55683 14 0.01 1 32.9 -0.490004 -0.0274171 7.99872 -0.120143 -0.0056739 34.2501
56221 14 0.01 1 32.9 0.00446783 0.0941639 3.9583 0.000916211 0.0085051 33.8574
56561 14 0.01 1 32.9 -0.395727 -0.0650109 15.9416 -0.191418 -0.0306306 31.2567
56733 14 0.01 1 32.9 0.341178 0.372396 17.0511 0.175717 0.19676 31.0384
56863 14 0.01 1 32.9 0.0576363 -0.224865 11.2807 0.0197127 -0.0750889 31.5751
58764 14 0.01 1 32.9 0.454355 -0.208899 6.61974 0.0892551 -0.0415436 34.5797
61864 14 0.01 1 32.9 -0.177939 -0.222587 0.91196 -0.00470556 -0.00976938 34.5195
62116 14 0.01 1 32.9 -0.30176 -0.405626 5.82693 -0.0521194 -0.0699406 34.0608
64257 14 0.01 1 32.9 -0.469966 0.342649 7.25535 -0.104581 0.0781374 34.8223
65704 14 0.01 1 32.9 0.414134 -0.266965 3.52662 0.0443661 -0.0299101 35.5115
65906 14 0.01 1 32.9 0.139351 -0.0742808 3.71992 0.0168864 -0.00755564 33.1419
66214 14 0.01 1 32.9 0.115949 0.171805 3.13663 0.00907357 0.0148294 34.6963
66313 14 0.01 1 32.9 0.322023 0.469666 5.52337 0.0545104 0.0763841 33.4493
66545 14 0.01 1 32.9 -0.152944 -0.115561 1.76926 -0.0101876 -0.00618271 31.9335
67826 14 0.01 1 32.9 -0.0195068 0.127334 5.1361 -0.00345327 0.022326 33.0515
69236 14 0.01 1 32.9 0.123071 0.395646 5.00227 0.0198494 0.0578919 35.2189
69910 14 0.01 1 32.9 0.0753997 -0.305268 8.1933 0.0195173 -0.075578 33.454
69938 14 0.01 1 32.9 -0.145917 -0.472685 15.1887 -0.0677485 -0.218167 31.7082
70184 14 0.01 1 32.9 -0.213824 -0.2917 7.4556 -0.0465289 -0.0678452 32.5083
71723 14 0.01 1 32.9 -0.0586874 0.469482 3.17701 -0.0076956 0.0435985 35.4392
74562 14 0.01 1 32.9 0.370313 0.325506 3.62463 0.0424469 0.0361079 36.4694
75896 14 0.01 1 32.9 -0.430452 0.450586 6.26938 -0.0826303 0.0875457 36.1612
76539 14 0.01 1 32.9 -0.497207 -0.142256 4.81498 -0.0725168 -0.0222212 31.3938
78082 14 0.01 1 32.9 -0.368391 -0.366579 2.43492 -0.0271402 -0.026871 34.7358
78576 14 0.01 1 32.9 0.357797 -0.124797 4.55697 0.0501086 -0.0164993 31.6182
78925 14 0.01 1 32.9 0.138437 -0.178368 8.01201 0.0345604 -0.0423681 32.6328
79108 14 0.01 1 32.9 0.173938 -0.32083 12.7296 0.0668591 -0.122568 31.5589
79176 14 0.01 1 32.9 -0.187399 0.298064 2.0943 -0.0130651 0.0181897 34.2783
79642 14 0.01 1 32.9 0.24671 -0.338104 1.44238 0.00948016 -0.0144753 33.212
79740 14 0.01 1 32.9 -0.240668 -0.230338 3.90966 -0.0278323 -0.0248473 30.9411
79891 14 0.01 1 32.9 -0.0786224 0.236882 4.84159 -0.0135152 0.0346195 34.2977
80678 14 0.01 1 32.9 -0.0629582 -0.488267 6.83882 -0.0132351 -0.10041 35.5577
80950 14 0.01 1 32.9 0.323017 0.0338239 4.63774 0.0454001 0.00515473 35.1958
81878 14 0.01 1 32.9 0.31426 -0.18609 9.01713 0.0868926 -0.0519815 34.0206
82830 14 0.01 1 32.9 -0.134681 -0.37013 2.24411 -0.0102853 -0.0225976 35.0502
82873 14 0.01 1 32.9 -0.136209 0.0794301 3.43858 -0.0144951 0.00729851 32.7774
84012 14 0.01 1 32.9 0.439634 -0.259488 7.83019 0.103497 -0.0617518 32.2034
85272 14 0.01 1 32.9 0.290294 0.398079 2.0169 0.0145131 0.0254001 34.683
86082 14 0.01 1 32.9 -0.157223 0.0650001 6.12764 -0.029217 0.0134771 34.0691
88220 14 0.01 1 32.9 -0.143332 0.0357037 8.17024 -0.03421 0.00837856 34.5155
91231 14 0.01 1 32.9 -0.0223227 -0.0521172 6.29981 -0.00643081 -0.00804981 34.8176
91741 14 0.01 1 32.9 0.318542 -0.102151 7.73151 0.0753283 -0.0251933 35.1428
93273 14 0.01 1 32.9 -0.176262 -0.159514 5.81676 -0.0311687 -0.02858 37.2134
94820 14 0.01 1 32.9 0.281095 0.435705 9.38558 0.0806683 0.128122 32.7327
95888 14 0.01 1 32.9 0.362453 0.204919 3.75653 0.0414271 0.0241422 33.3626
96239 14 0.01 1 32.9 0.099843 -0.214464 9.14429 0.029709 -0.0604437 30.5103
96845 14 0.01 1 32.9 0.429699 0.171351 11.5293 0.148913 0.0615294 32.1813
97147 14 0.01 1 32.9 0.409454 0.401271 5.95015 0.0735564 0.0691971 34.5044
98059 14 0.01 1 32.9 -0.00179656 0.248034 4.56145 -0.00110894 0.0335819 35.2303
98600 14 0.01 1 32.9 -0.337352 -0.198809 12.9192 -0.132866 -0.0782956 32.1196
98713 14 0.01 1 32.9 0.109475 0.103716 3.3058 0.0100339 0.0108634 33.2678
100415 14 0.01 1 32.9 -0.136816 -0.229338 2.5273 -0.0114703 -0.0159319 33.1007
100502 14 0.01 1 32.9 0.0224884 0.479034 6.56475 0.00552653 0.0947019 34.2138
102021 14 0.01 1 32.9 0.336243 0.0442338 7.7351 0.0787566 0.0107818 33.2118
102183 14 0.01 1 32.9 -0.45598 0.322829 3.12278 -0.0450046 0.0313291 34.8447
102569 14 0.01 1 32.9 -0.339 -0.12877 3.96116 -0.0402641 -0.0166296 35.2787
103266 14 0.01 1 32.9 -0.152894 0.238138 6.90864 -0.0297377 0.0497215 35.5492
103788 14 0.01 1 32.9 -0.209213 -0.00298376 9.07111 -0.0584409 -0.00141608 33.6202
103872 14 0.01 1 32.9 0.0643063 -0.45345 6.13871 0.0124353 -0.0847101 32.4042
104229 14 0.01 1 32.9 -0.265095 -0.491326 3.24348 -0.0270672 -0.049 35.8378
104565 14 0.01 1 32.9 0.0350518 0.118719 5.44686 0.00473803 0.021049 33.0303
105115 14 0.01 1 32.9 0.212035 -0.263872 3.82567 0.0258438 -0.0289252 36.4626
105337 14 0.01 1 32.9 0.162183 -0.0518205 3.6076 0.0184309 -0.00539296 35.6905
105847 14 0.01 1 32.9 -0.226363 0.126664 4.2036 -0.0281673 0.0151907 35.6486
107371 14 0.01 1 32.9 -0.0771478 -0.157285 9.54029 -0.0223022 -0.0451366 33.8529
108665 14 0.01 1 32.9 0.463126 0.0380295 10.4699 0.146684 0.0115001 31.3183
108703 14 0.01 1 32.9 0.0416658 -0.0732138 6.21021 0.00929729 -0.0137662 31.9133
109712 14 0.01 1 32.9 0.334956 0.344353 3.50753 0.035019 0.0372181 34.585
110324 14 0.01 1 32.9 0.122435 -0.247423 2.56034 0.00974143 -0.0203787 35.3356
112407 14 0.01 1 32.9 0.0361616 0.288953 3.93296 0.00598273 0.0336176 37.2114
114446 14 0.01 1 32.9 0.0577663 0.203864 10.2873 0.0169382 0.0654971 31.147
115326 14 0.01 1 32.9 -0.277616 0.242279 11.8405 -0.0992221 0.0873372 31.8624
117902 14 0.01 1 32.9 -0.00922089 -0.282411 1.68634 -0.00220217 -0.0140737 32.1005
118718 14 0.01 1 32.9 -0.168962 -0.458456 6.88641 -0.0340451 -0.0938678 35.6547
118822 14 0.01 1 32.9 0.360911 0.347593 4.36285 0.0501898 0.0465307 35.7753
119622 14 0.01 1 32.9 -0.127679 -0.0198935 5.67652 -0.0182553 -0.00227211 35.0546
119757 14 0.01 1 32.9 -0.198765 0.32143 9.02412 -0.0544027 0.089782 33.7823
120932 14 0.01 1 32.9 0.288462 0.226182 9.74263 0.0847451 0.0686604 33.8844
121319 14 0.01 1 32.9 0.222779 -0.243514 4.10271 0.0289156 -0.0315275 36.3569
122569 14 0.01 1 32.9 -0.335527 0.376286 4.39481 -0.046226 0.0509204 32.3409
123325 14 0.01 1 32.9 0.0876931 0.374546 11.5775 0.0290375 0.131924 30.6697
123607 14 0.01 1 32.9 0.457004 -0.227463 5.18619 0.0737547 -0.0363206 35.3895
123844 14 0.01 1 32.9 0.109874 -0.0718374 5.87615 0.0194765 -0.012963 37.15
124439 14 0.01 1 32.9 0.233898 -0.316883 5.73936 0.0411966 -0.0534361 35.9097
124796 14 0.01 1 32.9 -0.135229 -0.479737 4.90346 -0.0211378 -0.0725001 33.4901
125519 14 0.01 1 32.9 0.439545 0.194191 5.82238 0.0783776 0.0323288 34.1288
127061 14 0.01 1 32.9 0.280459 0.455552 7.61903 0.0624695 0.105975 34.8581
128032 14 0.01 1 32.9 0.466843 -0.338338 11.8282 0.168044 -0.122845 32.2088
128102 14 0.01 1 32.9 -0.11899 0.421907 8.55896 -0.0340016 0.10962 33.8706
128271 14 0.01 1 32.9 0.276561 -0.464787 2.10195 0.016083 -0.0307966 31.6936
128696 14 0.01 1 32.9 0.205235 -0.360732 7.32613 0.0457563 -0.0809493 34.4273
130201 14 0.01 1 32.9 -0.464912 0.372317 6.75905 -0.0946795 0.0774051 35.1394
130441 14 0.01 1 32.9 -0.242259 -0.390984 8.38685 -0.0618636 -0.100342 33.8132
130494 14 0.01 1 32.9 0.471968 0.190954 5.55493 0.0793205 0.033323 35.8372
130975 14 0.01 1 32.9 0.0386484 -0.240937 3.96061 0.00385025 -0.0292584 33.5559
137959 14 0.01 1 32.9 -0.460785 0.0964202 4.95788 -0.0716243 0.0127536 37.5853
138899 14 0.01 1 32.9 -0.350059 -0.181992 6.97339 -0.0758472 -0.0411827 36.1851
138968 14 0.01 1 32.9 -0.300199 -0.486381 11.1594 -0.102126 -0.163405 31.3789
139618 14 0.01 1 32.9 0.418455 -0.0137541 1.98 0.0258796 0.00153012 33.4884
142801 14 0.01 1 32.9 -0.15298 0.22702 6.03302 -0.0285059 0.0434744 35.9791
143834 14 0.01 1 32.9 0.142111 0.473963 11.4426 0.0497711 0.163711 32.7109
146644 14 0.01 1 32.9 -0.150717 0.29914 18.9509 -0.0879101 0.173015 30.974
146726 14 0.01 1 32.9 -0.326179 -0.256962 3.4068 -0.0351094 -0.026771 32.3724
146853 14 0.01 1 32.9 0.183966 0.432131 11.8385 0.0651393 0.155308 32.51
147294 14 0.01 1 32.9 0.273109 0.234052 14.2241 0.119493 0.101663 31.7611
150026 14 0.01 1 32.9 0.323261 -0.387344 6.16077 0.0625874 -0.0732992 34.8835
151509 14 0.01 1 32.9 0.37839 -0.0389711 10.0115 0.114886 -0.0123751 32.3139
153545 14 0.01 1 32.9 0.315275 0.303942 4.35536 0.0421664 0.0393069 36.952
154122 14 0.01 1 32.9 0.416825 0.389331 8.42957 0.108007 0.0979889 34.0869
154831 14 0.01 1 32.9 0.118163 0.140789 5.3296 0.0198937 0.0196475 34.8799
156277 14 0.01 1 32.9 -0.115212 0.0453619 3.30745 -0.0117168 0.00599176 35.8674
158689 14 0.01 1 32.9 0.0227438 0.115865 4.77807 0.00381301 0.016197 32.6498
159879 14 0.01 1 32.9 -0.349004 -0.232656 7.91865 -0.0837853 -0.055455 30.7548
160044 14 0.01 1 32.9 -0.0949438 -0.176343 12.1305 -0.0358108 -0.0623032 32.1685
160279 14 0.01 1 32.9 -0.269857 0.166054 12.395 -0.101831 0.0656667 32.3892
161578 14 0.01 1 32.9 0.122902 0.146613 3.48567 0.0142033 0.018292 34.3921
162107 14 0.01 1 32.9 -0.23387 -0.0551019 7.91209 -0.0556361 -0.0125766 34.6078
162468 14 0.01 1 32.9 0.401888 0.276382 11.3915 0.138831 0.097966 31.1783
163394 14 0.01 1 32.9 0.00761281 -0.333814 8.71486 0.000441026 -0.08953 34.5137
164017 14 0.01 1 32.9 -0.0357416 0.0426113 4.03681 -0.0040093 0.005967 36.7194
164335 14 0.01 1 32.9 -0.0241069 -0.00523221 6.87508 -0.00542452 -0.000301755 35.2896
165502 14 0.01 1 32.9 -0.472432 -0.157367 5.33598 -0.0773981 -0.0244386 32.3146
165624 14 0.01 1 32.9 -0.200256 -0.276601 0.605022 -0.00373241 -0.00387512 35.0816
166428 14 0.01 1 32.9 -0.238201 -0.0624767 14.8747 -0.107988 -0.0248807 30.8311
166506 14 0.01 1 32.9 -0.48439 0.467309 7.66168 -0.111133 0.107547 34.4028
168866 14 0.01 1 32.9 0.287648 0.394436 6.0403 0.054114 0.0713847 36.0568
169157 14 0.01 1 32.9 0.10838 -0.474983 2.14251 0.00883518 -0.0319814 32.4794
169611 14 0.01 1 32.9 -0.0337423 -0.450771 9.89655 -0.00876441 -0.135427 32.4095
170493 14 0.01 1 32.9 -0.321157 0.0445844 8.06791 -0.078837 0.00855946 34.7772
171458 14 0.01 1 32.9 0.135232 -0.351893 7.09665 0.0305161 -0.077358 35.8635
172463 14 0.01 1 32.9 0.482674 0.150477 4.20687 0.0636748 0.0223423 35.0427
172636 14 0.01 1 32.9 -0.0364966 -0.182194 7.27072 -0.00762269 -0.0388466 32.8624
173737 14 0.01 1 32.9 0.472173 0.149156 3.4127 0.0474082 0.0142359 34.9125
173780 14 0.01 1 32.9 0.203164 -0.024047 5.30058 0.0316186 -0.00310568 31.0442
173977 14 0.01 1 32.9 0.0549915 0.14483 6.38441 0.010318 0.0279563 35.3259
174203 14 0.01 1 32.9 0.289325 -0.256153 10.5828 0.095897 -0.0821798 32.6821
174235 14 0.01 1 32.9 -0.356793 -0.209228 8.7274 -0.0945286 -0.0562132 33.874
175478 14 0.01 1 32.9 -0.139328 -0.127645 4.1281 -0.0186335 -0.0157509 35.135
177145 14 0.01 1 32.9 -0.165871 0.181687 4.16716 -0.0216468 0.0280458 35.6918
177184 14 0.01 1 32.9 0.47167 -0.415287 6.63222 0.0946342 -0.0842414 35.5847
178222 14 0.01 1 32.9 0.318884 0.373045 4.73591 0.0471847 0.054725 36.2882
178337 14 0.01 1 32.9 0.0907566 -0.337486 2.74328 0.00727053 -0.028242 35.1025
181229 14 0.01 1 32.9 0.302264 0.414452 9.27829 0.0852697 0.11524 32.8962
181410 14 0.01 1 32.9 -0.338214 0.352237 5.25593 -0.0528346 0.0557334 35.6124
183000 14 0.01 1 32.9 0.386369 -0.103586 10.0076 0.118626 -0.0293987 33.2108
184387 14 0.01 1 32.9 0.279747 0.151816 3.66161 0.0292649 0.018531 35.5545
184764 14 0.01 1 32.9 -0.143654 -0.435751 5.12076 -0.0223704 -0.068576 36.1351
189135 14 0.01 1 32.9 -0.0412338 0.496939 8.04654 -0.0109962 0.120975 34.8874
190163 14 0.01 1 32.9 -0.404779 -0.142273 13.5425 -0.166162 -0.0581517 31.0598
192201 14 0.01 1 32.9 -0.406116 -0.327606 13.8773 -0.170315 -0.137954 31.2887
192701 14 0.01 1 32.9 -0.152342 -0.114064 7.12611 -0.031798 -0.0244325 31.7257
192737 14 0.01 1 32.9 0.0802007 -0.249902 7.41369 0.0178064 -0.0552126 34.006
193401 14 0.01 1 32.9 -0.390643 0.215526 3.34579 -0.0400335 0.0215273 34.5004
193586 14 0.01 1 32.9 0.159474 0.423272 3.41892 0.0166095 0.043597 33.3719
194177 14 0.01 1 32.9 -0.0774049 -0.0156085 4.02256 -0.0106197 -9.91287e-05 36.9727
194232 14 0.01 1 32.9 0.094486 0.485535 1.83001 0.00624824 0.0264295 33.4267
195141 14 0.01 1 32.9 0.402802 -0.299389 7.63461 0.0933756 -0.0686758 35.5022
195295 14 0.01 1 32.9 -0.404713 0.106722 2.80735 -0.0360869 0.00995548 35.6767
195800 14 0.01 1 32.9 -0.43062 -0.0755504 3.98032 -0.0513219 -0.00958164 37.2752
195880 14 0.01 1 32.9 -0.306778 0.236842 2.68901 -0.025585 0.0183338 35.1597
196956 14 0.01 1 32.9 0.0697419 -0.44352 5.32946 0.011695 -0.0721587 32.5943
196959 14 0.01 1 32.9 -0.252518 0.48477 3.42899 -0.0278208 0.051334 35.7487
197476 14 0.01 1 32.9 -0.0404915 0.0599416 6.13908 -0.00769798 0.0125192 35.0129
198819 14 0.01 1 32.9 0.386417 -0.195721 13.3189 0.155603 -0.0791684 31.79
199272 14 0.01 1 32.9 -0.167419 -0.146793 5.88994 -0.0315305 -0.0274749 36.6622
200407 14 0.01 1 32.9 -0.0434268 0.0881086 13.806 -0.0184727 0.0376972 31.2561
203084 14 0.01 1 32.9 -0.00332568 -0.433585 6.02606 -3.5986e-05 -0.080008 35.419
203591 14 0.01 1 32.9 -0.176671 -0.487292 5.05627 -0.026784 -0.0761947 32.6213
204305 14 0.01 1 32.9 -0.18302 0.264212 4.30974 -0.0235661 0.0367983 37.3522
204778 14 0.01 1 32.9 0.406606 0.271097 4.60359 0.0550734 0.0374185 36.1367
205073 14 0.01 1 32.9 -0.226696 0.0614632 4.95011 -0.0319496 0.00861051 36.0523
206212 14 0.01 1 32.9 -0.437311 0.42251 3.63578 -0.0479609 0.0485657 36.0116
206321 14 0.01 1 32.9 0.367147 -0.150306 2.47929 0.0278836 -0.00832559 33.8014
208125 14 0.01 1 32.9 -0.116242 0.454594 4.2498 -0.0155378 0.0577236 37.3151
209506 14 0.01 1 32.9 0.0383422 0.273682 4.56186 0.00658813 0.0401856 35.8509
209519 14 0.01 1 32.9 -0.195778 0.0597982 6.23381 -0.0407798 0.00948103 36.5366
209621 14 0.01 1 32.9 0.476408 -0.162508 12.4339 0.17977 -0.0641259 30.9934
211528 14 0.01 1 32.9 0.198984 -0.24551 1.79985 0.0109952 -0.0159146 34.5975
212278 14 0.01 1 32.9 -0.451209 0.0551164 6.57269 -0.0881896 0.0129978 36.5466
215263 14 0.01 1 32.9 -0.307937 -0.431926 2.98291 -0.0294783 -0.0373546 33.5107
216906 14 0.01 1 32.9 0.322777 0.330684 7.17046 0.0695372 0.0723691 32.8198
219198 14 0.01 1 32.9 -0.320468 -0.283699 4.65957 -0.0451052 -0.0403826 33.8751
222071 14 0.01 1 32.9 -0.393869 0.0432136 7.32304 -0.0883082 0.00894558 35.3589
223237 14 0.01 1 32.9 0.277431 -0.343137 3.41959 0.0274147 -0.0346112 31.925
225288 14 0.01 1 32.9 -0.206042 -0.20444 4.99004 -0.0298068 -0.032689 37.4667
225857 14 0.01 1 32.9 0.1133 0.13792 10.0533 0.0363508 0.0409012 32.8066
226147 14 0.01 1 32.9 -0.233181 -0.316038 7.25215 -0.0529367 -0.0701808 34.6419
226797 14 0.01 1 32.9 0.426645 -0.268175 9.38469 0.120459 -0.0744197 31.1257
226912 14 0.01 1 32.9 0.198309 0.311087 2.47122 0.0152823 0.0232537 34.2987
227662 14 0.01 1 32.9 0.0877852 -0.448957 6.05957 0.0138261 -0.0834312 35.8238
228106 14 0.01 1 32.9 0.444302 -0.351973 5.29376 0.0692469 -0.0551584 37.5123
229542 14 0.01 1 32.9 0.3775 0.238321 9.22208 0.104104 0.0677663 31.0975
230030 14 0.01 1 32.9 0.0885381 0.418762 0.944001 0.003339 0.0111762 31.6166
230757 14 0.01 1 32.9 -0.121658 0.374414 7.71302 -0.0306243 0.087022 32.1687
230859 14 0.01 1 32.9 0.267161 0.437742 6.75748 0.0538519 0.0884356 31.4505
231050 14 0.01 1 32.9 -0.316494 -0.448898 3.28788 -0.0326348 -0.045891 36.6277
231812 14 0.01 1 32.9 -0.365082 0.425314 4.28032 -0.0467562 0.0571545 36.156
233713 14 0.01 1 32.9 0.198814 0.281393 20.0543 0.122028 0.17078 30.7701
233823 14 0.01 1 32.9 0.28012 0.286738 3.13552 0.0271544 0.0277748 34.4864
234673 14 0.01 1 32.9 -0.278258 0.163638 5.77471 -0.0481938 0.0287279 35.4448
235752 14 0.01 1 32.9 -0.21527 -0.498865 7.22595 -0.0466266 -0.108833 34.4412
235941 14 0.01 1 32.9 -0.249773 -0.316816 3.57175 -0.0296382 -0.0360432 36.5895
236696 14 0.01 1 32.9 0.495479 0.166111 6.12177 0.0909695 0.02969 33.2443
239681 14 0.01 1 32.9 -0.392191 0.442173 7.78649 -0.0940544 0.104435 35.4614
241381 14 0.01 1 32.9 -0.0323683 0.302537 6.07074 -0.00540608 0.0569455 35.5943
242000 14 0.01 1 32.9 0.477105 0.284081 3.37059 0.0488488 0.0303072 35.6841
242677 14 0.01 1 32.9 0.456365 0.400998 3.39232 0.0456038 0.0393941 34.9736
244659 14 0.01 1 32.9 -0.400956 0.171483 4.39695 -0.0545742 0.021452 37.023
246365 14 0.01 1 32.9 -0.253236 0.32765 13.554 -0.102986 0.133916 31.4892
247312 14 0.01 1 32.9 0.0390441 0.183147 2.0705 0.002602 0.0145876 32.3191
248195 14 0.01 1 32.9 -0.242679 0.0703997 19.0843 -0.139188 0.0407841 30.9562
248246 14 0.01 1 32.9 -0.111395 0.424439 2.96481 -0.00874445 0.0382321 33.8069
248327 14 0.01 1 32.9 -0.327204 0.404835 7.44195 -0.0728915 0.0930087 33.5259
248410 14 0.01 1 32.9 0.198223 0.0373455 5.69559 0.0340075 0.00781969 33.5907
248798 14 0.01 1 32.9 0.30687 -0.362232 4.28501 0.0384064 -0.0493064 35.5357
249156 14 0.01 1 32.9 0.346852 -0.0291291 9.83097 0.104632 -0.0113118 32.9923
249551 14 0.01 1 32.9 0.0508375 -0.193234 21.7022 0.0347252 -0.129404 30.8762
249621 14 0.01 1 32.9 0.0410186 0.28208 10.8763 0.0139624 0.0932736 33.0374
251222 14 0.01 1 32.9 -0.309677 0.12224 11.218 -0.10652 0.0420312 32.2814
252747 14 0.01 1 32.9 0.220306 -0.26346 7.6026 0.0508781 -0.0623573 32.169
253936 14 0.01 1 32.9 -0.347229 0.148134 5.89768 -0.0617476 0.0270583 32.8813
255256 14 0.01 1 32.9 0.498959 0.303167 3.64314 0.0544807 0.032115 36.5881
256476 14 0.01 1 32.9 -0.343975 -0.387243 1.60243 -0.0185986 -0.0181169 35.3116
258221 14 0.01 1 32.9 0.366955 -0.00343676 2.65759 0.028886 0.00169196 36.6376
258707 14 0.01 1 32.9 0.243956 -0.33502 7.63954 0.0563928 -0.0774317 34.1107
259802 14 0.01 1 32.9 0.0329503 0.424217 4.61129 0.0040692 0.0614786 31.7334
260057 14 0.01 1 32.9 0.465607 -0.352847 5.87409 0.0810938 -0.0619316 34.0732
261599 14 0.01 1 32.9 -0.373153 0.048093 6.59835 -0.0752984 0.0103621 33.3179
261649 14 0.01 1 32.9 0.0784257 0.380052 5.4784 0.0149013 0.0661516 35.5159
262295 14 0.01 1 32.9 -0.276823 0.0968832 7.05049 -0.0561813 0.0213859 34.1913
262693 14 0.01 1 32.9 -0.190219 -0.246318 5.02639 -0.0288202 -0.0384655 37.2004
262923 14 0.01 1 32.9 0.114243 0.0224094 4.43378 0.0137565 0.00558476 35.5343
264686 14 0.01 1 32.9 -0.0196141 0.436493 3.73628 -0.000576813 0.0500329 35.574
267662 14 0.01 1 32.9 -0.471991 -0.0499096 3.8019 -0.0565113 -0.00933206 36.2955
267962 14 0.01 1 32.9 0.000213242 -0.0364272 8.31328 0.00185113 -0.00801187 34.3706
269292 14 0.01 1 32.9 0.0792597 -0.442436 2.93633 0.0071452 -0.0379756 34.4278
269526 14 0.01 1 32.9 0.0462436 -0.189152 2.52468 0.00196687 -0.0146855 34.1394
269993 14 0.01 1 32.9 -0.216438 0.191565 12.0567 -0.07741 0.0689523 31.6893
270837 14 0.01 1 32.9 0.171311 -0.142598 5.37762 0.0266656 -0.0255352 35.5342
272028 14 0.01 1 32.9 0.328763 0.461002 1.70225 0.0161602 0.0205396 34.4281
273519 14 0.01 1 32.9 0.171583 -0.291299 2.28337 0.0129567 -0.020356 34.4415
273603 14 0.01 1 32.9 0.324341 -0.209457 2.42107 0.0250178 -0.0132046 36.8758
273632 14 0.01 1 32.9 0.391458 0.331833 6.4149 0.0776863 0.062144 34.3392
274659 14 0.01 1 32.9 -0.176148 -0.0467733 5.58624 -0.0287141 -0.00731344 35.9146
275218 14 0.01 1 32.9 0.222939 0.169497 3.25338 0.0240336 0.0162047 32.7996
275246 14 0.01 1 32.9 -0.386841 0.428948 3.74688 -0.0424439 0.0490412 36.4827
278146 14 0.01 1 32.9 0.132417 0.491723 6.62048 0.0270582 0.098281 35.8859
278183 14 0.01 1 32.9 -0.110649 -0.495342 9.38469 -0.0315027 -0.14292 33.8161
280220 14 0.01 1 32.9 0.00851201 0.0318905 5.65072 0.00143287 0.00644782 33.4262
280681 14 0.01 1 32.9 -0.496673 -0.290795 6.27295 -0.0972546 -0.0540484 34.6876
281496 14 0.01 1 32.9 0.0109563 -0.0664618 8.18076 0.00237908 -0.0142832 34.0007
282467 14 0.01 1 32.9 0.416612 0.0176257 5.3824 0.0671184 0.00321665 35.6907
283112 14 0.01 1 32.9 -0.0136431 0.455562 5.176 -0.00279408 0.0717138 36.73
283577 14 0.01 1 32.9 -0.165786 -0.221281 5.68657 -0.0285729 -0.0382901 36.6452
283924 14 0.01 1 32.9 -0.266391 0.445807 6.81158 -0.0567467 0.0903755 31.7347
288070 14 0.01 1 32.9 -0.434428 -0.285037 8.82407 -0.117028 -0.0772227 34.0519
288827 14 0.01 1 32.9 -0.378212 0.322072 3.82403 -0.0431961 0.0370627 35.0112
288963 14 0.01 1 32.9 -0.172956 0.0533656 8.78129 -0.0480565 0.0147151 33.3118
289641 14 0.01 1 32.9 0.210577 -0.023087 7.75269 0.0478214 -0.0041834 35.1575
289911 14 0.01 1 32.9 0.0493153 0.482164 4.22822 0.00598639 0.0608473 37.1985
290167 14 0.01 1 32.9 -0.411324 0.104283 3.60895 -0.0458885 0.0136954 35.9903
291033 14 0.01 1 32.9 -0.121842 -0.210477 7.36775 -0.0272709 -0.0474817 31.5042
291754 14 0.01 1 32.9 0.270381 -0.0469922 8.43554 0.0691623 -0.0120708 33.6531
291886 14 0.01 1 32.9 0.0448301 0.270215 5.45865 0.0040363 0.0456392 34.7661
291915 14 0.01 1 32.9 -0.480937 0.131333 3.134 -0.0474021 0.0103513 31.6582
292243 14 0.01 1 32.9 0.0985743 0.363109 11.9911 0.0352992 0.134605 32.7383
293864 14 0.01 1 32.9 0.435785 0.264935 3.7782 0.0489921 0.0300309 34.0504
297208 14 0.01 1 32.9 0.305316 0.373349 3.78184 0.0369143 0.041804 34.9167
297244 14 0.01 1 32.9 -0.0502019 0.237949 5.67628 -0.00717357 0.042454 36.2316
297598 14 0.01 1 32.9 -0.423731 0.0822161 4.56518 -0.0580035 0.0125884 35.5482
298740 14 0.01 1 32.9 0.154789 0.462906 7.11861 0.032357 0.0999975 35.3046
299089 14 0.01 1 32.9 -0.457727 -0.478334 4.48204 -0.0603271 -0.0641563 37.4101
299336 14 0.01 1 32.9 -0.0499498 0.111791 4.45928 -0.00498827 0.0141009 37.0514
300894 14 0.01 1 32.9 0.023813 -0.336727 6.34606 0.00417354 -0.0662573 36.7328
301250 14 0.01 1 32.9 -0.162571 0.323283 36.086 -0.177977 0.355192 30.3241
301881 14 0.01 1 32.9 0.288358 -0.180849 2.48556 0.0237092 -0.0120353 35.0001
302510 14 0.01 1 32.9 0.0219045 -0.126005 3.60327 0.00144877 -0.0140445 34.1055
302630 14 0.01 1 32.9 0.182376 0.154112 4.56159 0.0252243 0.0231445 32.529
303155 14 0.01 1 32.9 -0.123857 -0.0474379 3.83936 -0.0133205 -0.00437455 35.669
304652 14 0.01 1 32.9 -0.15192 0.11854 2.98856 -0.0125446 0.0127504 32.9161
305728 14 0.01 1 32.9 -0.401863 0.225992 3.97821 -0.0490394 0.0294594 36.9999
306352 14 0.01 1 32.9 -0.159349 0.435758 11.9063 -0.0562768 0.156612 32.7377
306390 14 0.01 1 32.9 -0.124048 -0.119825 4.24917 -0.0174629 -0.0155849 34.8549
306790 14 0.01 1 32.9 0.440003 0.239413 8.22324 0.107612 0.0603175 34.5352
307898 14 0.01 1 32.9 0.118135 0.154418 4.63512 0.0196343 0.0234653 36.8922
308370 14 0.01 1 32.9 -0.203908 0.2649 7.42478 -0.0451051 0.0574284 34.1022
309059 14 0.01 1 32.9 0.348037 0.233867 24.9032 0.263298 0.179042 30.2985
309735 14 0.01 1 32.9 -0.00765844 0.453459 6.04372 0.00110629 0.0839619 36.4184
309798 14 0.01 1 32.9 0.404529 -0.117568 6.80762 0.0833651 -0.0253376 33.4497
311644 14 0.01 1 32.9 -0.38159 -0.342828 4.79959 -0.0569198 -0.0494979 32.8321
313566 14 0.01 1 32.9 0.258994 -0.246235 7.17098 0.0572971 -0.0552097 32.5637
314779 14 0.01 1 32.9 -0.24384 0.272111 6.14441 -0.0424051 0.0496015 32.9311
316072 14 0.01 1 32.9 0.125147 -0.112213 3.65297 0.0132552 -0.0121384 35.558
316861 14 0.01 1 32.9 0.0857075 0.018099 5.66262 0.0153663 0.00103574 36.5259
317023 14 0.01 1 32.9 -0.380199 0.214179 9.66953 -0.110394 0.0633739 31.3726
317741 14 0.01 1 32.9 0.0291801 -0.174146 2.49457 0.000465918 -0.0143073 34.0337
318361 14 0.01 1 32.9 -0.103944 0.378119 2.82615 -0.0101171 0.0350751 35.2005
318563 14 0.01 1 32.9 -0.118683 0.352344 1.37199 -0.00357331 0.0148965 35.8004
318867 14 0.01 1 32.9 -0.0925726 -0.0975614 5.29606 -0.0156514 -0.0134527 34.3844
319046 14 0.01 1 32.9 0.273926 0.449005 6.25225 0.0542642 0.0852201 34.0283
319304 14 0.01 1 32.9 0.447428 0.255733 17.0315 0.231556 0.133958 31.2566
320382 14 0.01 1 32.9 -0.340208 0.132791 10.1411 -0.105447 0.0394532 33.6984
321308 14 0.01 1 32.9 -0.416635 0.341014 4.23985 -0.0529891 0.0432758 32.9306
321475 14 0.01 1 32.9 -0.257121 0.252003 7.56396 -0.0601642 0.0595051 35.1828
322289 14 0.01 1 32.9 0.498997 0.061557 13.0409 0.195548 0.0274911 32.3012
322526 14 0.01 1 32.9 -0.268518 -0.471249 5.65558 -0.0468354 -0.0798482 33.9926
323531 14 0.01 1 32.9 0.202892 -0.0461041 6.18885 0.0406018 -0.00816585 35.5484
324540 14 0.01 1 32.9 -0.126337 0.0893286 7.099 -0.0278274 0.0194112 35.0642
325398 14 0.01 1 32.9 0.285761 -0.363263 4.10591 0.0369913 -0.0449335 33.6736
326170 14 0.01 1 32.9 0.109427 0.235705 4.30311 0.0135837 0.0330176 37.2158
327496 14 0.01 1 32.9 -0.0067151 -0.0147752 3.25743 -0.00158185 -0.000636357 31.7413
327852 14 0.01 1 32.9 -0.47002 -0.495538 5.34851 -0.0765102 -0.0829512 36.6733
327895 14 0.01 1 32.9 0.0268851 0.1014 5.46902 0.00620163 0.0161624 36.1829
328649 14 0.01 1 32.9 0.280681 0.183527 8.34884 0.0718535 0.0459084 34.7512
329163 14 0.01 1 32.9 0.185507 -0.30106 7.79084 0.0428952 -0.0726134 32.2118
331990 14 0.01 1 32.9 0.283244 -0.0364454 4.81025 0.0450354 -0.00582883 37.0707
332082 14 0.01 1 32.9 0.455288 0.1025 3.44861 0.0500596 0.0101153 36.1179
334335 14 0.01 1 32.9 -0.195965 -0.414466 4.8512 -0.0264105 -0.0635347 33.3936
334865 14 0.01 1 32.9 -0.0387746 -0.411914 6.06334 -0.00626535 -0.077404 33.9132
336103 14 0.01 1 32.9 -0.422788 0.396849 4.91608 -0.0619965 0.0582139 34.4704
336319 14 0.01 1 32.9 0.00977326 -0.367817 6.88282 -0.00068651 -0.0789139 35.764
336626 14 0.01 1 32.9 0.112391 -0.443054 5.63434 0.0216637 -0.0754886 36.958
336775 14 0.01 1 32.9 -0.294809 -0.11675 4.05405 -0.035377 -0.0153278 34.9208
337000 14 0.01 1 32.9 0.239211 0.0164927 5.8289 0.0422853 -0.000340039 36.9534
337440 14 0.01 1 32.9 0.0108939 -0.304418 5.11617 0.000383707 -0.0468072 35.184
337735 14 0.01 1 32.9 -0.194736 0.367609 3.2095 -0.0198441 0.0352022 35.1845
338286 14 0.01 1 32.9 -0.103427 0.448787 3.39734 -0.00976471 0.0451922 34.8064
338711 14 0.01 1 32.9 0.401128 0.197591 3.57955 0.0449102 0.0238397 36.5245
339660 14 0.01 1 32.9 0.164039 0.0950988 4.7087 0.0232723 0.013944 37.4519
339682 14 0.01 1 32.9 0.0449861 -0.124251 6.78391 0.00886459 -0.0246105 34.7243
342811 14 0.01 1 32.9 -0.0353708 -0.242309 7.53693 -0.0107033 -0.0534227 33.4594
343145 14 0.01 1 32.9 -0.224798 0.183826 5.86403 -0.0405404 0.0346406 35.0886
343401 14 0.01 1 32.9 0.270674 0.325309 11.9727 0.099448 0.118568 32.7294
345522 14 0.01 1 32.9 -0.400884 0.44011 2.56222 -0.0302029 0.0346395 31.5024
346340 14 0.01 1 32.9 0.398661 -0.128225 4.46246 0.05502 -0.0185639 36.6654
347116 14 0.01 1 32.9 -0.405455 0.341722 6.40426 -0.0786488 0.0649214 35.1838
348017 14 0.01 1 32.9 -0.151349 -0.44659 6.20761 -0.0270263 -0.0826267 34.7866
349884 14 0.01 1 32.9 0.148875 0.382468 3.31843 0.0150665 0.0369049 36.6115
350407 14 0.01 1 32.9 -0.0873 -0.445895 4.78445 -0.015907 -0.0654119 36.3536
352012 14 0.01 1 32.9 -0.334181 0.431166 5.35588 -0.0548552 0.072032 35.4605
353293 14 0.01 1 32.9 -0.0173315 -0.394919 5.76037 -0.00383104 -0.0673171 36.3673
356427 14 0.01 1 32.9 0.478408 -0.313863 1.92214 0.0276571 -0.0161958 34.8238
356512 14 0.01 1 32.9 0.202605 0.228045 5.19174 0.0317748 0.0346526 32.9284
356544 14 0.01 1 32.9 0.113904 0.0141983 7.69284 0.0268383 0.00239792 33.6057
359118 14 0.01 1 32.9 -0.180026 -0.421557 4.2597 -0.0241607 -0.0558046 36.4991
360434 14 0.01 1 32.9 0.0480572 0.160548 5.31197 0.00632873 0.021848 33.1896
361293 14 0.01 1 32.9 0.137678 0.110007 5.72624 0.0231219 0.0200106 36.1883
363035 14 0.01 1 32.9 -0.0605875 -0.415256 5.47178 -0.00959078 -0.0709561 33.8709
363596 14 0.01 1 32.9 -0.360735 -0.324025 3.4986 -0.0370084 -0.0316614 32.2405
363610 14 0.01 1 32.9 -0.360853 -0.136402 2.65758 -0.0305484 -0.0133835 31.832
365860 14 0.01 1 32.9 -0.34216 0.332635 1.08528 -0.0144132 0.00935679 35.5265
367078 14 0.01 1 32.9 0.483652 0.310883 13.9653 0.204414 0.133148 31.3938
367161 14 0.01 1 32.9 0.0779936 0.378968 11.5969 0.0276178 0.132016 31.3528
367612 14 0.01 1 32.9 -0.263406 0.00292915 5.50665 -0.0423194 0.000927514 34.9152
368308 14 0.01 1 32.9 0.0671672 -0.484878 3.44049 0.00558147 -0.0530501 36.978
368398 14 0.01 1 32.9 -0.343332 0.193169 1.77036 -0.0183392 0.0105802 37.0377
369294 14 0.01 1 32.9 -0.33112 0.0305577 7.64685 -0.0776797 0.00630613 33.0733
369312 14 0.01 1 32.9 0.208009 -0.000723907 1.39969 0.00868665 0.00177032 33.9777
372400 14 0.01 1 32.9 0.250889 -0.178565 4.30409 0.0338932 -0.0255705 36.9087
372698 14 0.01 1 32.9 -0.0281442 0.113262 1.98729 0.00099741 0.00608158 36.8712
372725 14 0.01 1 32.9 0.103324 -0.0881649 5.33292 0.0165505 -0.0124217 37.3123
374592 14 0.01 1 32.9 0.0717725 0.318106 7.61505 0.0161818 0.0755274 31.6589
375806 14 0.01 1 32.9 0.245492 0.496024 6.16765 0.0479391 0.0938066 32.6376
377506 14 0.01 1 32.9 0.43563 0.0919955 5.14435 0.0680187 0.0165147 36.0496
378401 14 0.01 1 32.9 0.122298 0.44702 3.40097 0.0115493 0.0467684 35.592
378511 14 0.01 1 32.9 -0.305392 0.205712 4.03033 -0.0369483 0.0246162 33.6979
378595 14 0.01 1 32.9 -0.0693395 0.478986 3.83474 -0.00790942 0.0555572 34.8101
379120 14 0.01 1 32.9 -0.0178625 0.436614 4.5001 -0.00217566 0.0606746 37.3947
380208 14 0.01 1 32.9 -0.137845 0.181213 19.3172 -0.0795547 0.104279 30.7891
380622 14 0.01 1 32.9 -0.141465 -0.0401228 5.04934 -0.0202236 -0.00774957 34.5022
380903 14 0.01 1 32.9 0.270698 0.455641 4.44349 0.0373839 0.0634142 33.6513
382726 14 0.01 1 32.9 -0.069061 0.352736 2.02549 -0.00362719 0.0221772 33.9152
382992 14 0.01 1 32.9 -0.372097 0.13576 9.41847 -0.106766 0.0382149 32.0064
383640 14 0.01 1 32.9 -0.184477 -0.182683 8.91394 -0.0502459 -0.0487451 33.5173
386071 14 0.01 1 32.9 -0.28041 -0.327163 12.0406 -0.102928 -0.120365 30.9348
386733 14 0.01 1 32.9 0.331356 -0.472739 7.03527 0.0706405 -0.101282 33.6948
387012 14 0.01 1 32.9 0.38923 0.213279 5.97999 0.0717242 0.0405393 35.2006
387256 14 0.01 1 32.9 0.190056 0.303378 6.64418 0.037246 0.0622155 33.3946
387277 14 0.01 1 32.9 0.0483302 -0.46729 5.62906 0.00902858 -0.0805825 36.5549
389435 14 0.01 1 32.9 -0.135795 0.270604 3.78149 -0.0185632 0.0316945 36.0054
389472 14 0.01 1 32.9 -0.32468 -0.00221396 5.98774 -0.0596152 -0.00388934 32.0068
389861 14 0.01 1 32.9 -0.304757 -0.370918 7.89453 -0.0721539 -0.0904608 34.3715
390502 14 0.01 1 32.9 -0.234064 0.102368 3.78168 -0.0256948 0.0130092 33.4434
390707 14 0.01 1 32.9 0.490031 0.0357841 2.81837 0.0452582 0.00160107 34.7401
391437 14 0.01 1 32.9 -0.0871325 0.179727 2.53734 -0.00636198 0.0117479 33.1436
393659 14 0.01 1 32.9 -0.0492742 -0.118782 9.44507 -0.01378 -0.0363814 31.3866
394243 14 0.01 1 32.9 0.402228 0.38219 9.29728 0.114104 0.107313 32.8504
394690 14 0.01 1 32.9 0.276209 -0.229743 3.66144 0.0265026 -0.0255336 32.8953
394734 14 0.01 1 32.9 -0.301633 0.143928 18.2949 -0.166317 0.0809035 31.3229
394756 14 0.01 1 32.9 0.409642 0.443086 6.52112 0.0828808 0.08768 35.7009
396471 14 0.01 1 32.9 -0.20933 0.462938 5.3363 -0.0346329 0.0736041 36.0219
397005 14 0.01 1 32.9 0.355977 -0.172948 3.16239 0.0328752 -0.0172883 35.7169
399556 14 0.01 1 32.9 -0.335598 -0.490906 7.6276 -0.080488 -0.11212 33.3207
400813 14 0.01 1 32.9 -0.185935 -0.0309334 3.51231 -0.0215419 -0.00574176 34.404
401173 14 0.01 1 32.9 -0.278824 0.311119 4.0966 -0.0345898 0.0388546 36.1669
401583 14 0.01 1 32.9 -0.219924 0.264679 5.99559 -0.0407389 0.0487816 37.0563
402201 14 0.01 1 32.9 -0.320541 -0.397638 18.412 -0.178067 -0.221871 31.0412
402826 14 0.01 1 32.9 -0.0349911 -0.158772 12.1594 -0.0126424 -0.0584521 31.2553
403227 14 0.01 1 32.9 -0.255814 0.483926 5.4124 -0.0422576 0.0802362 32.1541
403755 14 0.01 1 32.9 -0.40064 0.287183 9.68095 -0.116927 0.0840841 33.6248
404101 14 0.01 1 32.9 0.312174 0.189634 2.99129 0.0275868 0.0184577 32.8361
404116 14 0.01 1 32.9 0.178922 -0.220914 11.2017 0.0612191 -0.0755573 31.8753
404735 14 0.01 1 32.9 -0.266236 0.0549206 7.36326 -0.0591978 0.0124617 35.4058
405129 14 0.01 1 32.9 0.000573213 0.365459 3.27951 -0.00147375 0.0355951 31.5936
405773 14 0.01 1 32.9 0.389854 -0.367374 7.68315 0.0901751 -0.0840809 33.3954
406279 14 0.01 1 32.9 -0.0682844 0.477592 3.92497 -0.00757044 0.0578262 33.6488
406525 14 0.01 1 32.9 -0.184028 -0.00291783 4.12042 -0.0222683 -0.00132225 35.5287
406814 14 0.01 1 32.9 -0.461203 -0.303939 12.5052 -0.176831 -0.117924 32.5647
408274 14 0.01 1 32.9 -0.157941 -0.407973 7.54654 -0.0384824 -0.0949755 34.2364
408672 14 0.01 1 32.9 0.386844 0.0736942 3.12581 0.03411 0.00397613 34.8835
408674 14 0.01 1 32.9 -0.22844 -0.244974 7.3992 -0.0536741 -0.0556813 33.0001
409199 14 0.01 1 32.9 -0.301587 0.443747 9.48933 -0.0881985 0.12649 34.0347
410454 14 0.01 1 32.9 0.363604 -0.452222 7.91769 0.0895726 -0.108029 33.3935
411694 14 0.01 1 32.9 -0.380772 0.385922 4.9099 -0.0554515 0.0578593 36.7729
411916 14 0.01 1 32.9 0.00885667 0.118139 7.85904 0.00331804 0.0278732 35.2
412361 14 0.01 1 32.9 0.0305525 -0.488843 3.33387 0.00299566 -0.0476457 33.0489
412543 14 0.01 1 32.9 0.237679 0.127502 2.42424 0.0162499 0.0106635 32.7218
412614 14 0.01 1 32.9 0.361876 -0.335683 14.6515 0.161048 -0.150311 31.7254
413283 14 0.01 1 32.9 -0.420983 -0.0517795 4.4013 -0.0554836 -0.00450104 33.4182
413911 14 0.01 1 32.9 -0.347158 -0.334145 8.53649 -0.0910938 -0.0852384 33.0416
416040 14 0.01 1 32.9 -0.106147 -0.0928649 1.1287 -0.00290529 -0.00220279 32.1863
416252 14 0.01 1 32.9 0.204952 0.109971 5.03881 0.0313962 0.0178638 37.0436
418882 14 0.01 1 32.9 -0.122081 0.317446 8.66276 -0.0300352 0.083521 31.502
419546 14 0.01 1 32.9 -0.245518 0.276215 3.59286 -0.0256062 0.0283099 36.9898
419771 14 0.01 1 32.9 0.48655 -0.0883935 2.80748 0.0413574 -0.00746248 32.5801
419855 14 0.01 1 32.9 -0.492328 -0.366572 8.08331 -0.120261 -0.091372 34.7566
421998 14 0.01 1 32.9 -0.400009 -0.21027 5.09331 -0.0625038 -0.030303 35.4538
423448 14 0.01 1 32.9 -0.360749 0.424874 3.47626 -0.0366677 0.0477141 31.5986
423469 14 0.01 1 32.9 0.371169 -0.288354 4.0742 0.0474777 -0.036525 36.6141
424572 14 0.01 1 32.9 -0.29696 0.117083 1.78787 -0.0173916 0.0077105 32.6517
428257 14 0.01 1 32.9 0.259429 -0.466736 4.73213 0.0389249 -0.0670805 35.4236
430420 14 0.01 1 32.9 -0.491422 -0.479556 3.86903 -0.0563159 -0.0589963 32.4591
431889 14 0.01 1 32.9 -0.393552 0.0961522 12.058 -0.143927 0.0361073 32.7097
431928 14 0.01 1 32.9 0.0902142 0.439504 3.66671 0.011232 0.0486482 34.6085
432804 14 0.01 1 32.9 0.439966 -0.0454531 4.3316 0.0576057 -0.00539887 36.0207
435510 14 0.01 1 32.9 -0.348307 0.047986 7.32189 -0.0788535 0.011146 34.2292
435808 14 0.01 1 32.9 -0.483917 0.283796 6.72464 -0.100654 0.0553816 34.2765
437250 14 0.01 1 32.9 0.469418 0.412973 9.83939 0.140259 0.123059 31.3714
439664 14 0.01 1 32.9 -0.253572 0.461191 13.3232 -0.101772 0.186336 31.9327
439675 14 0.01 1 32.9 -0.30208 -0.115056 13.8425 -0.127927 -0.0474253 30.9248
440261 14 0.01 1 32.9 0.267544 0.298968 10.099 0.081471 0.0921994 32.9901
440343 14 0.01 1 32.9 0.00140481 0.424886 6.55275 0.00210181 0.0862596 34.9642
440394 14 0.01 1 32.9 0.120368 0.0899104 8.21841 0.0310859 0.0223755 32.7427
440820 14 0.01 1 32.9 -0.216068 -0.355953 7.40858 -0.0495526 -0.0821003 33.7025
441018 14 0.01 1 32.9 -0.0403854 -0.398061 3.42479 -0.00221544 -0.0405843 36.2512
441859 14 0.01 1 32.9 -0.442345 0.0758373 2.80156 -0.037504 0.00442226 35.3631
442241 14 0.01 1 32.9 -0.0882111 0.344695 4.32414 -0.0130173 0.0469459 36.9086
443064 14 0.01 1 32.9 0.303881 -0.0471402 1.30792 0.00918337 -0.00380607 35.2485
443636 14 0.01 1 32.9 0.118097 -0.442416 5.42527 0.0186622 -0.0722556 36.4248
443896 14 0.01 1 32.9 0.451769 -0.282087 15.2505 0.210302 -0.12985 31.5708
444478 14 0.01 1 32.9 0.381268 0.0589589 8.19741 0.0977835 0.0159766 34.9963
447125 14 0.01 1 32.9 0.148271 -0.246499 5.14445 0.0238638 -0.0382381 37.4453
447512 14 0.01 1 32.9 -0.0734479 0.451002 13.5065 -0.0302178 0.186075 31.0669
448971 14 0.01 1 32.9 0.395944 -0.113209 3.85457 0.0480495 -0.0135867 34.2365
451165 14 0.01 1 32.9 -0.117911 -0.0430757 9.80912 -0.0359165 -0.0111678 33.7165
451564 14 0.01 1 32.9 -0.471294 -0.114367 10.3114 -0.147584 -0.0345973 30.9269
452331 14 0.01 1 32.9 -0.298041 -0.0867754 4.42636 -0.038234 -0.0136359 32.93
452467 14 0.01 1 32.9 -0.240195 -0.0978387 5.93619 -0.0437972 -0.0175554 36.1782
453469 14 0.01 1 32.9 -0.413096 0.0845732 4.85887 -0.0636962 0.0112539 36.4881
454931 14 0.01 1 32.9 0.380451 0.0963464 3.99002 0.045424 0.00857482 34.0648
455268 14 0.01 1 32.9 0.430632 -0.0506618 8.24148 0.106825 -0.0110411 33.3494
457628 14 0.01 1 32.9 0.250097 0.396101 5.9447 0.0464855 0.0711012 35.6883
458875 14 0.01 1 32.9 -0.303266 0.00150573 1.76239 -0.0171735 -8.40915e-06 34.2075
459438 14 0.01 1 32.9 0.334189 0.0206498 11.1068 0.114061 0.00581076 32.5084
460860 14 0.01 1 32.9 -0.29974 -0.398149 1.40457 -0.0119901 -0.0196429 32.7506
461573 14 0.01 1 32.9 -0.450918 0.0907392 7.59879 -0.102522 0.0207531 31.9817
461921 14 0.01 1 32.9 0.42476 0.105675 5.82909 0.0753122 0.0187261 36.7608
462028 14 0.01 1 32.9 -0.291543 -0.279793 9.82349 -0.0884103 -0.0829664 32.8834
463175 14 0.01 1 32.9 0.232102 -0.148747 9.27815 0.0664027 -0.0453654 33.6663
463355 14 0.01 1 32.9 -0.100526 0.194859 6.11908 -0.0185252 0.0368578 34.6098
463692 14 0.01 1 32.9 0.00491033 -0.371604 3.33621 0.00176072 -0.0340726 35.8815
463827 14 0.01 1 32.9 0.25239 -0.155965 3.90709 0.0316899 -0.0172174 35.3289
465910 14 0.01 1 32.9 0.348939 0.357189 5.0628 0.0545507 0.052917 37.0959
466373 14 0.01 1 32.9 0.206652 -0.202817 4.2641 0.0286672 -0.0286631 34.3145
466421 14 0.01 1 32.9 -0.461277 -0.0456311 3.62941 -0.0480626 -0.00406517 34.5613
468125 14 0.01 1 32.9 -0.234007 -0.125001 6.2382 -0.0455236 -0.0237403 33.8552
468423 14 0.01 1 32.9 0.16247 -0.470419 4.51556 0.020883 -0.0644862 31.7475
469187 14 0.01 1 32.9 0.194934 -0.196454 5.15325 0.031284 -0.0311945 37.4094
470346 14 0.01 1 32.9 -0.387564 -0.0030198 1.27638 -0.0150368 -0.000500592 33.7038
470620 14 0.01 1 32.9 -0.336475 0.412315 2.50566 -0.0252787 0.0331436 33.396
473108 14 0.01 1 32.9 0.0911661 -0.446704 4.17072 0.0115901 -0.0559259 36.5282
473404 14 0.01 1 32.9 -0.346951 0.309966 6.05744 -0.0609791 0.0548755 34.1196
473545 14 0.01 1 32.9 0.439453 -0.170944 13.7781 0.185058 -0.0746962 31.3524
473860 14 0.01 1 32.9 0.215117 0.446314 11.8623 0.0774793 0.161106 32.608
474213 14 0.01 1 32.9 0.0405898 0.39415 6.89611 0.00814256 0.0810289 32.9783
475356 14 0.01 1 32.9 0.114885 0.0669454 5.75792 0.0201554 0.0101571 33.3039
475402 14 0.01 1 32.9 -0.362871 0.244892 4.13434 -0.0464186 0.0311918 36.2653
476004 14 0.01 1 32.9 -0.495072 0.0769119 2.23202 -0.032888 0.00709471 32.0881
476011 14 0.01 1 32.9 0.406469 -0.411783 5.33621 0.0642926 -0.0657975 31.7493
476120 14 0.01 1 32.9 0.0812564 0.0658561 2.48277 0.00506079 0.00299879 32.9702
476494 14 0.01 1 32.9 0.0429509 0.00534109 4.64077 0.00769475 -0.000739426 35.5903
476555 14 0.01 1 32.9 -0.329517 0.0565612 3.48082 -0.0350778 0.00418349 33.9988
477062 14 0.01 1 32.9 -0.446441 -0.270627 5.32305 -0.0728145 -0.0432132 32.9142
479218 14 0.01 1 32.9 0.256545 -0.336243 6.19229 0.0494402 -0.0612693 35.9126
479499 14 0.01 1 32.9 -0.0712608 -0.214038 1.73094 -0.0034091 -0.0120815 36.4097
480975 14 0.01 1 32.9 -0.123857 0.28345 2.88087 -0.00932394 0.0233026 34.7581
481842 14 0.01 1 32.9 -0.0391213 -0.219384 9.31287 -0.0128335 -0.0609581 33.5908
483013 14 0.01 1 32.9 -0.10131 0.307758 3.35424 -0.0109675 0.0300599 35.8336
486846 14 0.01 1 32.9 0.184748 -0.262294 2.74138 0.0146874 -0.021767 31.57
486886 14 0.01 1 32.9 -0.476095 0.175078 6.25999 -0.0912661 0.0327589 35.7201
486970 14 0.01 1 32.9 -0.28912 0.385867 13.0929 -0.113738 0.154724 32.2468
487043 14 0.01 1 32.9 0.0153049 -0.345724 5.18739 0.00158011 -0.0538613 35.3628
488301 14 0.01 1 32.9 -0.230717 0.335977 5.42787 -0.0367045 0.0539938 37.2641
488313 14 0.01 1 32.9 -0.0989043 0.367101 5.79363 -0.018864 0.0644516 32.2464
489799 14 0.01 1 32.9 -0.00522775 0.363744 10.3684 -0.00387 0.114805 30.8394
490223 14 0.01 1 32.9 0.490676 -0.0689468 4.19428 0.0637637 -0.0106445 34.5194
492596 14 0.01 1 32.9 0.435559 -0.244546 6.43859 0.0858705 -0.0484477 34.8902
493375 14 0.01 1 32.9 0.0227726 0.427672 3.64174 0.00287026 0.0457288 36.5705
494052 14 0.01 1 32.9 0.399692 -0.436558 2.53441 0.0331551 -0.0354296 36.4045
494407 14 0.01 1 32.9 -0.253839 -0.339328 8.99877 -0.0712514 -0.0943814 33.9209
494831 14 0.01 1 32.9 0.236636 -0.177162 8.41794 0.0605655 -0.0432971 33.2737
495488 14 0.01 1 32.9 0.200112 0.173048 6.92194 0.0431841 0.0352687 35.6587
495959 14 0.01 1 32.9 0.374112 -0.41954 3.55832 0.0412699 -0.0429071 33.7604
498540 14 0.01 1 32.9 -0.0797863 -0.486419 5.82101 -0.0133407 -0.0883774 35.1066
499089 14 0.01 1 32.9 -0.146498 0.332326 3.66825 -0.0135748 0.0375772 36.1344
