1936 1 0.01 0.1 32.9 -0.118393 -0.225318 4.33573 -0.0167056 -0.030083 5072.66
2525 1 0.01 0.1 32.9 0.435941 -0.0890983 1.93253 0.0249246 -0.00584734 5072.66
4097 1 0.01 0.1 32.9 -0.485311 0.297496 0.71105 -0.00899262 0.00812518 5072.66
6658 1 0.01 0.1 32.9 -0.248039 -0.148758 0.710158 -0.00574817 -0.00102742 5072.66
8956 1 0.01 0.1 32.9 0.213945 -0.266831 2.51477 0.0161433 -0.020987 5072.66
9265 1 0.01 0.1 32.9 0.0678911 0.38296 1.92867 0.00521794 0.0216215 5072.66
10281 1 0.01 0.1 32.9 -0.0326996 -0.229898 3.59511 -0.00671444 -0.0229422 5072.66
11205 1 0.01 0.1 32.9 0.294825 -0.470121 1.99775 0.017537 -0.028444 5072.66
13261 1 0.01 0.1 32.9 0.444734 0.222131 4.0248 0.0522407 0.0274096 5072.66
14934 1 0.01 0.1 32.9 -0.0174128 -0.213444 1.74473 -1.62702e-05 -0.0104035 5072.66
16253 1 0.01 0.1 32.9 -0.481578 0.339549 1.88751 -0.0278775 0.0184797 5072.66
16925 1 0.01 0.1 32.9 0.224023 0.184549 2.13462 0.014479 0.0148381 5072.66
18628 1 0.01 0.1 32.9 0.485862 0.167988 2.75327 0.040806 0.0176739 5072.66
19007 1 0.01 0.1 32.9 -0.370566 -0.150352 1.00147 -0.0104149 -0.00289127 5072.66
19997 1 0.01 0.1 32.9 -0.11607 -0.268692 1.4607 -0.00467402 -0.00911597 5072.66
20059 1 0.01 0.1 32.9 -0.111668 0.377934 4.9987 -0.0170351 0.057554 5072.66
21170 1 0.01 0.1 32.9 0.48587 0.353518 3.61064 0.0523248 0.0388541 5072.66
21418 1 0.01 0.1 32.9 -0.436002 0.0932538 2.1215 -0.0281537 0.00623161 5072.66
26221 1 0.01 0.1 32.9 0.422865 0.304413 1.38023 0.0169116 0.012152 5072.66
26676 1 0.01 0.1 32.9 0.178261 0.101368 4.18007 0.0212717 0.0151632 5072.66
27486 1 0.01 0.1 32.9 0.191028 -0.382841 3.02811 0.0170569 -0.0336959 5072.66
28217 1 0.01 0.1 32.9 -0.2499 -0.346444 2.99879 -0.0247557 -0.0307748 5072.66
28639 1 0.01 0.1 32.9 0.309584 -0.269282 2.19938 0.0193225 -0.02011 5072.66
28662 1 0.01 0.1 32.9 0.469542 -0.0967231 0.880459 0.0123843 -0.00227123 5072.66
28770 1 0.01 0.1 32.9 -0.347541 0.0542017 3.09688 -0.0312898 0.00515725 5072.66
29675 1 0.01 0.1 32.9 -0.3679 -0.154557 5.48913 -0.0610505 -0.0236237 5072.66
31993 1 0.01 0.1 32.9 -0.387741 0.308974 2.65229 -0.0326011 0.024923 5072.66
33861 1 0.01 0.1 32.9 0.401046 0.115726 2.97653 0.0358032 0.0112003 5072.66
35043 1 0.01 0.1 32.9 0.474179 0.408394 1.5345 0.0223021 0.0184061 5072.66
36675 1 0.01 0.1 32.9 0.263649 -0.409781 1.77943 0.0152027 -0.0203719 5072.66
41061 1 0.01 0.1 32.9 0.0502645 0.173338 1.46793 0.00119331 0.00934108 5072.66
44524 1 0.01 0.1 32.9 0.191332 0.162419 2.91201 0.019238 0.0174616 5072.66
45363 1 0.01 0.1 32.9 -0.485963 -0.188676 1.54413 -0.0231982 -0.00745336 5072.66
46293 1 0.01 0.1 32.9 0.300254 -0.365164 1.58935 0.0121763 -0.0198393 5072.66
47337 1 0.01 0.1 32.9 -0.336426 -0.238126 3.62287 -0.0373316 -0.0253439 5072.66
51033 1 0.01 0.1 32.9 0.458147 -0.0150142 4.69361 0.0675194 0.0010678 5072.66
51366 1 0.01 0.1 32.9 -0.0374163 0.466857 3.10118 -0.0025385 0.0440431 5072.66
53503 1 0.01 0.1 32.9 0.0647665 -0.239364 1.36732 0.00364835 -0.00715001 5072.66
56247 1 0.01 0.1 32.9 -0.324595 -0.485794 2.02421 -0.0194458 -0.0264917 5072.66
58860 1 0.01 0.1 32.9 -0.0910794 0.124615 8.40981 -0.0228431 0.0348306 5072.66
63265 1 0.01 0.1 32.9 0.444891 0.40688 2.39393 0.0316025 0.029681 5072.66
64800 1 0.01 0.1 32.9 -0.0597825 -0.0304059 3.30658 -0.00336831 -0.000338603 5072.66
65261 1 0.01 0.1 32.9 -0.0223794 -0.360088 3.84513 -0.00213756 -0.0430589 5072.66
66928 1 0.01 0.1 32.9 -0.368455 -0.292289 1.60666 -0.0171506 -0.0143103 5072.66
67044 1 0.01 0.1 32.9 -0.340274 0.129442 2.41068 -0.0253988 0.0106759 5072.66
67701 1 0.01 0.1 32.9 0.164077 -0.12876 0.886504 0.00562722 -0.0026103 5072.66
71146 1 0.01 0.1 32.9 0.246822 0.49862 0.775186 0.00501861 0.0135674 5072.66
71619 1 0.01 0.1 32.9 -0.292734 -0.0466366 3.85801 -0.0344199 -0.00564993 5072.66
75885 1 0.01 0.1 32.9 0.350067 0.361585 0.44238 0.00295312 0.00614413 5072.66
77573 1 0.01 0.1 32.9 0.205172 -0.199233 8.92021 0.0577177 -0.0532756 5072.66
79743 1 0.01 0.1 32.9 0.225366 0.453213 1.91065 0.011443 0.0271675 5072.66
80360 1 0.01 0.1 32.9 0.479507 -0.414743 0.85217 0.0118565 -0.0110574 5072.66
80761 1 0.01 0.1 32.9 0.156851 -0.306178 5.66504 0.0253392 -0.0508611 5072.66
81198 1 0.01 0.1 32.9 -0.232882 -0.241586 15.6643 -0.110568 -0.113807 5072.66
81756 1 0.01 0.1 32.9 -0.496818 -0.308875 12.0748 -0.182181 -0.113604 5072.66
83455 1 0.01 0.1 32.9 0.278076 0.016397 3.29611 0.0262316 0.00106551 5072.66
85156 1 0.01 0.1 32.9 0.233782 0.139123 9.05781 0.0614389 0.0390384 5072.66
88951 1 0.01 0.1 32.9 0.223503 -0.0579616 1.05865 0.00810101 -0.0020341 5072.66
89433 1 0.01 0.1 32.9 -0.487815 0.366083 1.93599 -0.0303889 0.0230158 5072.66
89923 1 0.01 0.1 32.9 -0.480624 -0.175922 1.7081 -0.0261983 -0.00875349 5072.66
90744 1 0.01 0.1 32.9 -0.409274 0.274548 2.31082 -0.0282311 0.019557 5072.66
91826 1 0.01 0.1 32.9 0.213718 0.000592841 1.81552 0.0142301 0.00157524 5072.66
92325 1 0.01 0.1 32.9 -0.0717377 0.242476 2.48538 -0.00543029 0.0177555 5072.66
94910 1 0.01 0.1 32.9 -0.355581 -0.131959 4.16829 -0.0459326 -0.0167451 5072.66
96701 1 0.01 0.1 32.9 0.200278 -0.199947 3.20234 0.0171463 -0.0199015 5072.66
98850 1 0.01 0.1 32.9 -0.282995 0.235649 2.89274 -0.0240955 0.0206699 5072.66
100588 1 0.01 0.1 32.9 -0.346782 0.14884 0.794041 -0.0087731 0.00421185 5072.66
101797 1 0.01 0.1 32.9 0.430237 -0.305816 0.422855 0.0069696 -0.00253296 5072.66
105049 1 0.01 0.1 32.9 -0.402833 -0.111264 2.23865 -0.026901 -0.00769916 5072.66
107261 1 0.01 0.1 32.9 0.118577 -0.301135 7.14178 0.0239274 -0.0646418 5072.66
107912 1 0.01 0.1 32.9 0.427748 -0.325471 1.49916 0.0186563 -0.0147927 5072.66
108962 1 0.01 0.1 32.9 -0.495284 -0.299044 2.40977 -0.0361062 -0.0214216 5072.66
111086 1 0.01 0.1 32.9 -0.0822369 0.335338 1.32258 -0.0018274 0.0135355 5072.66
111325 1 0.01 0.1 32.9 -0.229335 -0.352322 4.04532 -0.0271778 -0.0443119 5072.66
111733 1 0.01 0.1 32.9 0.0105382 0.061411 4.67369 0.00141109 0.00603297 5072.66
114132 1 0.01 0.1 32.9 0.285677 -0.0280787 1.48145 0.012344 -0.00147582 5072.66
118834 1 0.01 0.1 32.9 0.475166 -0.408123 0.857581 0.0144651 -0.00757759 5072.66
120471 1 0.01 0.1 32.9 0.376275 -0.243469 0.986167 0.0127385 -0.00649096 5072.66
123589 1 0.01 0.1 32.9 -0.284336 0.233414 5.13102 -0.0453634 0.0387532 5072.66
124136 1 0.01 0.1 32.9 -0.057787 -0.379734 5.36705 -0.00842596 -0.058466 5072.66
124946 1 0.01 0.1 32.9 -0.191255 0.41307 2.2756 -0.0124325 0.0299511 5072.66
125082 1 0.01 0.1 32.9 0.216178 -0.133905 8.8695 0.0580723 -0.0326031 5072.66
130570 1 0.01 0.1 32.9 -0.466793 0.106705 1.04948 -0.0149825 0.00394377 5072.66
133419 1 0.01 0.1 32.9 0.394648 -0.0102167 3.08386 0.0359685 0.00137538 5072.66
135365 1 0.01 0.1 32.9 0.378551 0.411304 3.65438 0.0414716 0.045447 5072.66
137498 1 0.01 0.1 32.9 -0.149363 0.206868 5.23714 -0.0257447 0.0338358 5072.66
138590 1 0.01 0.1 32.9 -0.189573 0.102853 2.25422 -0.0134954 0.00825323 5072.66
140228 1 0.01 0.1 32.9 0.361837 -0.379042 2.9334 0.0312761 -0.033209 5072.66
143374 1 0.01 0.1 32.9 0.462032 0.102636 2.42819 0.0327447 0.00805827 5072.66
147553 1 0.01 0.1 32.9 -0.253898 -0.307045 0.658724 -0.00262533 -0.00650224 5072.66
147713 1 0.01 0.1 32.9 -0.247076 -0.44701 0.781572 -0.00835095 -0.0128309 5072.66
149189 1 0.01 0.1 32.9 0.3228 0.264107 1.66355 0.0161279 0.0145874 5072.66
150871 1 0.01 0.1 32.9 0.00890515 -0.0938496 0.841526 -0.0014658 -0.00213877 5072.66
151561 1 0.01 0.1 32.9 0.145269 -0.445949 2.37451 0.00882321 -0.0317841 5072.66
152773 1 0.01 0.1 32.9 0.014962 0.345684 2.05384 -0.000821195 0.0230223 5072.66
153476 1 0.01 0.1 32.9 0.155825 0.18102 2.69915 0.0120481 0.015526 5072.66
156025 1 0.01 0.1 32.9 -0.46028 -0.103066 1.65929 -0.0239997 -0.00332056 5072.66
156826 1 0.01 0.1 32.9 -0.117046 0.49152 1.51405 -0.00248269 0.0261331 5072.66
156917 1 0.01 0.1 32.9 -0.321971 0.277281 8.62576 -0.0852275 0.0725561 5072.66
158631 1 0.01 0.1 32.9 0.499244 0.230097 1.74023 0.0243102 0.0137058 5072.66
159717 1 0.01 0.1 32.9 -0.0541727 -0.176088 4.09966 -0.00564909 -0.0182179 5072.66
159844 1 0.01 0.1 32.9 -0.345905 -0.0349374 3.08713 -0.0328616 -0.00392502 5072.66
160297 1 0.01 0.1 32.9 0.327083 0.292796 0.792068 0.00652649 0.00819321 5072.66
161476 1 0.01 0.1 32.9 -0.0828886 0.130047 2.41154 -0.0047983 0.00822911 5072.66
162910 1 0.01 0.1 32.9 -0.28935 0.0160492 10.8851 -0.0953794 0.00696808 5072.66
163137 1 0.01 0.1 32.9 0.185174 0.222943 0.097337 0.000841316 -0.00125443 5072.66
165473 1 0.01 0.1 32.9 -0.485128 -0.165775 3.49147 -0.0526197 -0.0163804 5072.66
168334 1 0.01 0.1 32.9 0.0417538 -0.313893 1.14185 0.000618936 -0.00746412 5072.66
170504 1 0.01 0.1 32.9 0.0870608 0.206357 1.83844 0.0051632 0.0099192 5072.66
170582 1 0.01 0.1 32.9 0.0573784 0.0764189 1.40559 0.00126683 0.00471093 5072.66
171278 1 0.01 0.1 32.9 -0.134887 0.00283936 6.61975 -0.0247836 -0.00157618 5072.66
172688 1 0.01 0.1 32.9 0.0221019 0.469365 2.99357 0.00192292 0.0434268 5072.66
173741 1 0.01 0.1 32.9 0.306757 0.243098 2.01343 0.0167323 0.0143341 5072.66
177448 1 0.01 0.1 32.9 0.282702 0.0666238 0.875295 0.00568381 0.00382399 5072.66
177668 1 0.01 0.1 32.9 0.48685 0.397657 1.40607 0.0210511 0.0169151 5072.66
179088 1 0.01 0.1 32.9 0.221204 0.0159662 2.37485 0.0170849 0.00176624 5072.66
179423 1 0.01 0.1 32.9 -0.112119 0.0793421 1.10335 -0.00310027 0.00266352 5072.66
180393 1 0.01 0.1 32.9 0.0105809 -0.489946 1.04478 -0.000396404 -0.0152412 5072.66
180750 1 0.01 0.1 32.9 -0.293175 -0.142884 2.04846 -0.019831 -0.00687422 5072.66
180840 1 0.01 0.1 32.9 0.300023 0.167922 0.885475 0.0082176 0.00791535 5072.66
181208 1 0.01 0.1 32.9 -0.353306 0.0718754 4.85989 -0.0522026 0.0115758 5072.66
181749 1 0.01 0.1 32.9 0.352461 0.111335 0.764661 0.00755697 0.00304421 5072.66
189123 1 0.01 0.1 32.9 -0.0905087 -0.0782816 2.42784 -0.00653636 -0.00383572 5072.66
190572 1 0.01 0.1 32.9 -0.296265 0.110828 3.47235 -0.0325094 0.0122557 5072.66
191220 1 0.01 0.1 32.9 -0.197487 -0.249526 1.30787 -0.00715641 -0.00756381 5072.66
195524 1 0.01 0.1 32.9 -0.0623811 0.370684 3.94935 -0.0078624 0.0440167 5072.66
196125 1 0.01 0.1 32.9 -0.119313 -0.478432 1.14359 -0.0064938 -0.0152527 5072.66
197446 1 0.01 0.1 32.9 -0.0123869 0.0594052 2.52237 -0.000965952 0.00469119 5072.66
197573 1 0.01 0.1 32.9 0.177285 -0.153007 0.649119 0.00321657 -0.00196819 5072.66
198153 1 0.01 0.1 32.9 -0.377944 -0.247683 0.510676 -0.00690006 -0.00375966 5072.66
200401 1 0.01 0.1 32.9 0.332753 -0.00314117 2.76674 0.0292866 0.00167597 5072.66
201774 1 0.01 0.1 32.9 0.00382051 -0.0133817 3.17698 -0.000833454 -0.00186412 5072.66
202594 1 0.01 0.1 32.9 0.234628 -0.0201047 6.71172 0.0482357 -0.00357472 5072.66
202723 1 0.01 0.1 32.9 0.164701 0.122108 2.59937 0.015 0.00983229 5072.66
206184 1 0.01 0.1 32.9 -0.22255 0.0937217 0.644889 -0.00618548 0.00109558 5072.66
209222 1 0.01 0.1 32.9 0.336403 0.219972 5.73668 0.0575055 0.0389614 5072.66
218651 1 0.01 0.1 32.9 0.0287093 -0.278971 1.79077 0.00318607 -0.012521 5072.66
219686 1 0.01 0.1 32.9 -0.167859 0.312129 1.36045 -0.00669177 0.0126219 5072.66
220211 1 0.01 0.1 32.9 -0.121319 0.46467 3.37354 -0.0126808 0.0495863 5072.66
220292 1 0.01 0.1 32.9 0.296168 -0.0960072 1.00173 0.009572 -0.00392561 5072.66
223401 1 0.01 0.1 32.9 -0.383288 0.309811 2.2535 -0.0225361 0.0230069 5072.66
226701 1 0.01 0.1 32.9 0.244915 -0.480389 0.915812 0.00849611 -0.015129 5072.66
227098 1 0.01 0.1 32.9 -0.138492 -0.227682 0.247228 -0.00481861 -0.00203863 5072.66
227605 1 0.01 0.1 32.9 -0.268276 -0.260009 2.30405 -0.0190914 -0.0177851 5072.66
235249 1 0.01 0.1 32.9 -0.22389 0.266189 1.37504 -0.00907836 0.010886 5072.66
237837 1 0.01 0.1 32.9 0.0969881 0.204066 1.26722 0.00299858 0.00717779 5072.66
238778 1 0.01 0.1 32.9 -0.493858 0.087488 5.30591 -0.0816633 0.0128485 5072.66
242276 1 0.01 0.1 32.9 -0.119107 0.112624 3.43203 -0.0136217 0.0131427 5072.66
243473 1 0.01 0.1 32.9 -0.311146 0.0315291 0.874179 -0.00933834 0.000902988 5072.66
244251 1 0.01 0.1 32.9 0.455722 0.00325596 2.82794 0.0402247 0.00206775 5072.66
244778 1 0.01 0.1 32.9 -0.456777 -0.147421 1.48998 -0.0211043 -0.0063207 5072.66
249901 1 0.01 0.1 32.9 -0.165739 0.267127 2.26352 -0.011055 0.0184027 5072.66
251382 1 0.01 0.1 32.9 -0.499689 0.41229 14.8958 -0.225156 0.187975 5072.66
253543 1 0.01 0.1 32.9 0.00177888 -0.139993 1.99908 -0.000467997 -0.00799278 5072.66
255143 1 0.01 0.1 32.9 0.378411 -0.417186 2.38556 0.0314406 -0.0300864 5072.66
255831 1 0.01 0.1 32.9 -0.253166 -0.151508 3.51335 -0.0290397 -0.0138676 5072.66
258301 1 0.01 0.1 32.9 0.481618 0.307789 4.22418 0.063038 0.0404446 5072.66
258411 1 0.01 0.1 32.9 0.32928 -0.193223 1.65087 0.0171743 -0.010916 5072.66
258634 1 0.01 0.1 32.9 -0.130191 0.137631 6.22125 -0.0261363 0.0277721 5072.66
264793 1 0.01 0.1 32.9 -0.23193 -0.231092 2.1836 -0.0151267 -0.0146234 5072.66
265679 1 0.01 0.1 32.9 0.385653 0.147372 1.56195 0.0185581 0.00851979 5072.66
266991 1 0.01 0.1 32.9 0.220192 0.182113 0.670141 0.00638961 0.00445535 5072.66
267774 1 0.01 0.1 32.9 -0.422302 0.0569443 1.04024 -0.0122119 0.00180288 5072.66
267979 1 0.01 0.1 32.9 -0.370128 -0.189291 3.55788 -0.0381926 -0.0183952 5072.66
269779 1 0.01 0.1 32.9 0.109346 0.0446076 3.13422 0.00864602 0.00858769 5072.66
272937 1 0.01 0.1 32.9 0.33416 -0.32046 2.6598 0.026474 -0.0272368 5072.66
273394 1 0.01 0.1 32.9 -0.0528182 0.323787 1.91476 -0.00208708 0.0188598 5072.66
274021 1 0.01 0.1 32.9 0.336886 0.306665 4.86088 0.0484274 0.0454077 5072.66
276906 1 0.01 0.1 32.9 -0.385728 0.281361 2.10611 -0.0235292 0.0196723 5072.66
277123 1 0.01 0.1 32.9 0.443727 0.387931 1.36378 0.0173521 0.0162535 5072.66
278207 1 0.01 0.1 32.9 0.443693 0.0226624 2.31705 0.0335689 0.000510986 5072.66
280136 1 0.01 0.1 32.9 -0.000903915 0.229318 2.56826 -0.00106107 0.0182037 5072.66
281232 1 0.01 0.1 32.9 -0.428792 -0.164669 1.37757 -0.0176817 -0.00652646 5072.66
281787 1 0.01 0.1 32.9 0.231811 0.119469 1.67791 0.0126397 0.00548373 5072.66
283068 1 0.01 0.1 32.9 -0.397013 -0.347136 1.06552 -0.0110539 -0.0096136 5072.66
283689 1 0.01 0.1 32.9 0.299018 0.31589 4.8447 0.0434409 0.0474379 5072.66
286057 1 0.01 0.1 32.9 0.0330861 -0.149474 2.64155 0.00200975 -0.0134079 5072.66
286368 1 0.01 0.1 32.9 0.00626334 -0.11975 5.29918 0.00162354 -0.0173459 5072.66
286644 1 0.01 0.1 32.9 -0.332732 0.00801288 1.632 -0.0142191 0.00110444 5072.66
286928 1 0.01 0.1 32.9 -0.118022 0.0836561 3.91203 -0.0144398 0.0103609 5072.66
290408 1 0.01 0.1 32.9 0.177109 -0.238367 2.98414 0.0149861 -0.0205682 5072.66
290879 1 0.01 0.1 32.9 -0.00858815 -0.223773 2.03913 -0.00210054 -0.0139244 5072.66
291144 1 0.01 0.1 32.9 -0.397552 0.31333 0.538608 -0.00623737 0.00587791 5072.66
292572 1 0.01 0.1 32.9 -0.472016 0.0043189 1.18258 -0.0148068 0.00135711 5072.66
292987 1 0.01 0.1 32.9 0.0606095 -0.197016 1.71048 0.00391167 -0.0116145 5072.66
293396 1 0.01 0.1 32.9 0.0157119 -0.129596 1.61508 0.000866607 -0.00567852 5072.66
294024 1 0.01 0.1 32.9 -0.4427 -0.190408 1.87935 -0.0256397 -0.0118145 5072.66
296525 1 0.01 0.1 32.9 -0.00766244 -0.350369 2.93687 -0.00016873 -0.0311913 5072.66
296779 1 0.01 0.1 32.9 -0.499141 0.417113 1.39217 -0.0209584 0.0174056 5072.66
303120 1 0.01 0.1 32.9 0.493975 0.137859 1.2477 0.0194403 0.00598239 5072.66
307413 1 0.01 0.1 32.9 0.105636 0.224015 3.5889 0.01179 0.0265272 5072.66
307506 1 0.01 0.1 32.9 0.156017 0.245557 1.23336 0.00463438 0.00956864 5072.66
309693 1 0.01 0.1 32.9 0.45841 -0.466106 4.79219 0.0662803 -0.0680546 5072.66
312323 1 0.01 0.1 32.9 0.0522905 -0.196661 3.6113 0.00594174 -0.0200821 5072.66
313330 1 0.01 0.1 32.9 0.426793 -0.12229 5.53418 0.0705263 -0.0207975 5072.66
315944 1 0.01 0.1 32.9 0.37366 0.347252 1.32928 0.0148411 0.0137594 5072.66
316394 1 0.01 0.1 32.9 0.346152 -0.0295368 0.630958 0.00598476 -1.6415e-06 5072.66
317091 1 0.01 0.1 32.9 0.381052 0.101677 3.72563 0.0436358 0.0136112 5072.66
317525 1 0.01 0.1 32.9 0.00314335 0.412926 2.28086 -0.00037559 0.028345 5072.66
322729 1 0.01 0.1 32.9 -0.0267133 -0.491064 1.42117 -0.00060575 -0.0222036 5072.66
323957 1 0.01 0.1 32.9 -0.381366 -0.0407938 1.93213 -0.0214167 -0.00155437 5072.66
324621 1 0.01 0.1 32.9 0.351893 -0.347967 1.35166 0.0160884 -0.0131773 5072.66
325410 1 0.01 0.1 32.9 -0.424065 0.202897 1.12754 -0.0134076 0.00672927 5072.66
326343 1 0.01 0.1 32.9 -0.127551 0.494441 1.15742 -0.00376915 0.0171957 5072.66
329795 1 0.01 0.1 32.9 -0.222337 -0.189607 7.72188 -0.0511035 -0.044796 5072.66
333631 1 0.01 0.1 32.9 0.117974 -0.237093 3.13817 0.0108362 -0.0223084 5072.66
334450 1 0.01 0.1 32.9 0.056687 -0.00160749 1.37334 0.00192462 0.00176641 5072.66
336305 1 0.01 0.1 32.9 -0.139795 0.42449 2.56294 -0.0140128 0.03356 5072.66
338100 1 0.01 0.1 32.9 -0.2507 0.43902 7.41206 -0.055926 0.0988664 5072.66
338178 1 0.01 0.1 32.9 -0.358441 -0.26946 3.07525 -0.0355621 -0.0246287 5072.66
340272 1 0.01 0.1 32.9 -0.0553631 0.057784 4.62728 -0.00705309 0.00971969 5072.66
340797 1 0.01 0.1 32.9 0.361845 0.333871 4.70279 0.0512611 0.0491347 5072.66
341548 1 0.01 0.1 32.9 0.0878621 -0.138587 1.08332 0.00406383 -0.00272817 5072.66
341593 1 0.01 0.1 32.9 0.229034 0.434126 2.14454 0.0148196 0.028587 5072.66
342336 1 0.01 0.1 32.9 -0.499729 -0.17579 1.98095 -0.0301319 -0.00903949 5072.66
344165 1 0.01 0.1 32.9 0.429188 -0.335513 4.20767 0.0554402 -0.0430908 5072.66
345862 1 0.01 0.1 32.9 -0.166342 0.486104 2.41184 -0.0116054 0.0369579 5072.66
347518 1 0.01 0.1 32.9 -0.137332 -0.4057 0.979529 -0.00359379 -0.0106908 5072.66
347543 1 0.01 0.1 32.9 -0.201363 -0.20687 1.78808 -0.0121336 -0.0114251 5072.66
347830 1 0.01 0.1 32.9 -0.156277 -0.082241 3.77826 -0.018007 -0.00990533 5072.66
348210 1 0.01 0.1 32.9 0.480765 -0.39638 1.58526 0.0205909 -0.0194268 5072.66
349631 1 0.01 0.1 32.9 -0.161526 -0.320996 1.1644 -0.00565044 -0.0118908 5072.66
353267 1 0.01 0.1 32.9 0.0926145 0.247016 1.07606 0.00302032 0.00877962 5072.66
357097 1 0.01 0.1 32.9 -0.468042 0.279814 1.01244 -0.0152859 0.0114885 5072.66
357768 1 0.01 0.1 32.9 -0.498096 -0.114872 1.01636 -0.016102 -0.00495114 5072.66
357830 1 0.01 0.1 32.9 0.0419701 0.311875 8.11072 0.00885724 0.077514 5072.66
362239 1 0.01 0.1 32.9 -0.46079 -0.143424 1.75467 -0.0261396 -0.00685473 5072.66
363391 1 0.01 0.1 32.9 0.479055 0.272142 1.55007 0.023163 0.0154466 5072.66
363463 1 0.01 0.1 32.9 0.189587 -0.413469 0.448895 0.00165106 -0.00357256 5072.66
369892 1 0.01 0.1 32.9 0.183266 0.354921 0.468706 -6.52416e-05 0.00619433 5072.66
370351 1 0.01 0.1 32.9 -0.157804 0.0378384 0.892427 -0.00473747 0.00133593 5072.66
371193 1 0.01 0.1 32.9 0.106914 0.136616 2.42726 0.00804161 0.0102397 5072.66
371524 1 0.01 0.1 32.9 -0.386488 -0.39561 2.18408 -0.0250792 -0.0254749 5072.66
373041 1 0.01 0.1 32.9 0.306293 -0.339609 3.62118 0.0319381 -0.0349196 5072.66
375475 1 0.01 0.1 32.9 -0.00161397 -0.42866 0.958352 0.000833119 -0.0124585 5072.66
376556 1 0.01 0.1 32.9 -0.0352877 0.14708 1.85588 -0.00290178 0.00696958 5072.66
378813 1 0.01 0.1 32.9 0.194458 0.263979 2.38053 0.0141464 0.0188579 5072.66
380871 1 0.01 0.1 32.9 -0.0406998 -0.205034 4.53907 -0.00609687 -0.0287262 5072.66
381256 1 0.01 0.1 32.9 0.43647 -0.0813772 0.738745 0.00891281 -0.00084334 5072.66
382490 1 0.01 0.1 32.9 -0.176096 -0.290945 1.48004 -0.00786738 -0.0112377 5072.66
383473 1 0.01 0.1 32.9 -0.160709 0.30335 1.75356 -0.0074409 0.0156897 5072.66
383515 1 0.01 0.1 32.9 0.180624 -0.426599 2.18848 0.0115679 -0.0286767 5072.66
384386 1 0.01 0.1 32.9 0.129576 -0.344686 1.10796 0.00391732 -0.00960536 5072.66
384507 1 0.01 0.1 32.9 -0.284396 0.356238 4.09974 -0.0343562 0.0444436 5072.66
386765 1 0.01 0.1 32.9 -0.0685911 -0.24666 2.61962 -0.00535545 -0.0175699 5072.66
386917 1 0.01 0.1 32.9 -0.143158 -0.290133 4.70928 -0.0216466 -0.0403027 5072.66
387114 1 0.01 0.1 32.9 0.0449944 -0.203396 3.46586 0.00638186 -0.0197845 5072.66
388004 1 0.01 0.1 32.9 -0.0773602 -0.0968236 5.27398 -0.0115871 -0.0152932 5072.66
392304 1 0.01 0.1 32.9 -0.330167 0.364621 2.03716 -0.0230042 0.0214173 5072.66
392597 1 0.01 0.1 32.9 -0.405617 0.457276 0.970185 -0.0110732 0.0144401 5072.66
395731 1 0.01 0.1 32.9 0.355746 0.381792 0.609068 0.00758469 0.00821115 5072.66
395878 1 0.01 0.1 32.9 -0.46462 -0.179704 9.50542 -0.133259 -0.0524424 5072.66
398672 1 0.01 0.1 32.9 -0.110962 -0.31007 2.52785 -0.00622485 -0.0234278 5072.66
405221 1 0.01 0.1 32.9 -0.39216 0.493732 5.58301 -0.064099 0.083485 5072.66
405687 1 0.01 0.1 32.9 -0.131046 0.331335 3.04835 -0.0105705 0.0314432 5072.66
406703 1 0.01 0.1 32.9 -0.431197 -0.417432 9.4334 -0.125716 -0.119452 5072.66
407218 1 0.01 0.1 32.9 -0.217547 -0.352191 3.67654 -0.025283 -0.0394038 5072.66
410145 1 0.01 0.1 32.9 -0.277212 -0.100218 1.27059 -0.0103592 -0.00196596 5072.66
411999 1 0.01 0.1 32.9 0.115018 0.272657 3.18707 0.0116246 0.0256287 5072.66
416467 1 0.01 0.1 32.9 -0.248794 0.47412 2.1241 -0.0180427 0.0296189 5072.66
416739 1 0.01 0.1 32.9 0.0265971 -0.177334 2.69944 0.00141594 -0.0132724 5072.66
419512 1 0.01 0.1 32.9 0.302843 -0.217704 0.601226 0.00541478 -0.00403163 5072.66
422264 1 0.01 0.1 32.9 -0.490597 -0.155404 2.87916 -0.0440785 -0.0153458 5072.66
424209 1 0.01 0.1 32.9 -0.0899716 0.380179 1.94657 -0.00616773 0.0242227 5072.66
427650 1 0.01 0.1 32.9 0.481482 -0.0444916 3.51388 0.0514139 -0.00301992 5072.66
427795 1 0.01 0.1 32.9 -0.269015 0.441958 6.58003 -0.0536205 0.090728 5072.66
431708 1 0.01 0.1 32.9 -0.357753 -0.0449306 1.95645 -0.0213617 -0.00337555 5072.66
433035 1 0.01 0.1 32.9 -0.139859 -0.135807 4.19866 -0.0165987 -0.0153762 5072.66
434640 1 0.01 0.1 32.9 -0.32238 -0.118257 1.73633 -0.0160974 -0.00576018 5072.66
437072 1 0.01 0.1 32.9 -0.466053 0.0126695 2.59185 -0.0362064 0.000107168 5072.66
437331 1 0.01 0.1 32.9 -0.0501496 -0.0559462 0.886929 -0.00156044 0.000448863 5072.66
439567 1 0.01 0.1 32.9 0.376078 0.0865615 0.765338 0.0124121 0.00136868 5072.66
440639 1 0.01 0.1 32.9 0.383079 -0.169036 1.49728 0.0176861 -0.00758664 5072.66
447891 1 0.01 0.1 32.9 -0.301481 -0.00351391 3.57183 -0.0336256 -0.00123438 5072.66
449755 1 0.01 0.1 32.9 -0.0695069 0.0635846 2.94461 -0.00731251 0.00383423 5072.66
457421 1 0.01 0.1 32.9 -0.310869 -0.413459 1.03507 -0.00837756 -0.0122694 5072.66
471094 1 0.01 0.1 32.9 -0.469236 0.346326 3.49091 -0.0490138 0.0370467 5072.66
471209 1 0.01 0.1 32.9 0.10358 0.168931 3.69029 0.0111826 0.0210792 5072.66
471639 1 0.01 0.1 32.9 -0.187223 0.13979 0.917444 -0.00578955 0.00586142 5072.66
472125 1 0.01 0.1 32.9 0.480653 -0.206674 4.09476 0.0580986 -0.0266069 5072.66
472704 1 0.01 0.1 32.9 0.295476 0.311867 5.3829 0.0481962 0.0493566 5072.66
473536 1 0.01 0.1 32.9 0.306339 0.287348 1.90357 0.0183822 0.0160959 5072.66
476009 1 0.01 0.1 32.9 0.3369 0.145521 3.42326 0.0382941 0.0145859 5072.66
476953 1 0.01 0.1 32.9 -0.282432 -0.318311 1.35208 -0.0108525 -0.0110689 5072.66
478521 1 0.01 0.1 32.9 0.150617 0.280608 14.3333 0.0667052 0.120044 5072.66
479111 1 0.01 0.1 32.9 0.29389 0.283437 1.63164 0.0134305 0.013042 5072.66
480930 1 0.01 0.1 32.9 0.37296 0.0234954 4.3478 0.0487698 0.0023826 5072.66
481737 1 0.01 0.1 32.9 0.0115303 -0.110379 2.63888 0.00085642 -0.00963514 5072.66
482310 1 0.01 0.1 32.9 0.308252 0.346821 4.34532 0.0417146 0.0465597 5072.66
484256 1 0.01 0.1 32.9 -0.168868 0.02252 3.44469 -0.0186333 0.00417953 5072.66
484401 1 0.01 0.1 32.9 0.360511 -0.362006 0.523327 0.00488147 -0.00664586 5072.66
485119 1 0.01 0.1 32.9 0.322841 -0.0718369 2.62718 0.0237001 -0.00441275 5072.66
486875 1 0.01 0.1 32.9 -0.0616171 -0.230502 1.40695 -0.00395097 -0.00781325 5072.66
490781 1 0.01 0.1 32.9 -0.222238 0.295646 1.34327 -0.00845074 0.0123985 5072.66
491911 1 0.01 0.1 32.9 0.282015 -0.405885 2.93721 0.0255961 -0.0370562 5072.66
492444 1 0.01 0.1 32.9 0.452462 -0.205891 1.58798 0.0210007 -0.0107222 5072.66
493690 1 0.01 0.1 32.9 0.183473 -0.200818 3.71032 0.0192225 -0.0216375 5072.66
495462 1 0.01 0.1 32.9 -0.11707 0.42393 2.26567 -0.00776345 0.0290423 5072.66
497974 1 0.01 0.1 32.9 0.17687 -0.491734 1.12271 0.00692352 -0.0166701 5072.66
498520 1 0.01 0.1 32.9 -0.212395 -0.0105045 6.70148 -0.0441353 -0.0026719 5072.66
498527 1 0.01 0.1 32.9 -0.412541 0.237416 6.65058 -0.0833671 0.0472324 5072.66
498975 1 0.01 0.1 32.9 -0.226039 0.175631 1.0811 -0.00739883 0.00481169 5072.66
499790 1 0.01 0.1 32.9 0.238875 -0.458514 1.23173 0.00725868 -0.0160785 5072.66
499874 1 0.01 0.1 32.9 -0.223504 -0.280229 2.67015 -0.0150637 -0.0230602 5072.66
