500015 1 0.01 0.3 32.9 0.261856 0.49576 4.78752 0.0366514 0.0728533 2511.96
500459 1 0.01 0.3 32.9 0.00694549 0.320196 9.19827 0.00287135 0.0889756 2511.96
501184 1 0.01 0.3 32.9 -0.0856599 -0.451997 2.34797 -0.00567048 -0.032946 2511.96
501237 1 0.01 0.3 32.9 0.179621 -0.326129 1.09677 0.00542687 -0.011151 2511.96
501249 1 0.01 0.3 32.9 0.0706274 0.366861 1.19549 0.000606216 0.0111806 2511.96
501349 1 0.01 0.3 32.9 -0.24258 -0.165381 2.14134 -0.016956 -0.0108879 2511.96
502593 1 0.01 0.3 32.9 0.01346 0.258359 1.34252 0.000380691 0.00983797 2511.96
503035 1 0.01 0.3 32.9 0.358791 -0.13269 1.88427 0.0202408 -0.00717113 2511.96
503284 1 0.01 0.3 32.9 -0.229067 0.430258 1.43811 -0.00806762 0.0222646 2511.96
503841 1 0.01 0.3 32.9 0.495817 -0.164309 2.05011 0.0299032 -0.00983648 2511.96
504027 1 0.01 0.3 32.9 -0.0244835 0.311534 1.05843 -0.00134879 0.00718222 2511.96
505118 1 0.01 0.3 32.9 -0.293588 0.00729539 7.77038 -0.06861 0.00145466 2511.96
505143 1 0.01 0.3 32.9 0.105979 -0.115973 6.61793 0.0219347 -0.0225483 2511.96
505169 1 0.01 0.3 32.9 0.130899 0.120983 3.093 0.0106839 0.0125671 2511.96
507051 1 0.01 0.3 32.9 0.143221 -0.0352808 1.12209 0.00473297 -0.000453796 2511.96
508139 1 0.01 0.3 32.9 0.314211 0.116689 2.27964 0.0212026 0.00721836 2511.96
509007 1 0.01 0.3 32.9 -0.0389791 0.127274 2.14609 -0.00379696 0.0086247 2511.96
513478 1 0.01 0.3 32.9 -0.0634066 0.0932059 2.03995 -0.0050427 0.00532274 2511.96
515239 1 0.01 0.3 32.9 0.461253 0.18216 0.637932 0.00904724 0.00531057 2511.96
515380 1 0.01 0.3 32.9 0.0484855 0.428041 0.651326 0.00269864 0.0055567 2511.96
515629 1 0.01 0.3 32.9 0.00639239 0.0620155 8.39978 -8.94198e-05 0.0166923 2511.96
516010 1 0.01 0.3 32.9 -0.31456 0.247415 2.71882 -0.025522 0.0194934 2511.96
516453 1 0.01 0.3 32.9 0.411662 -0.196759 2.57752 0.0303611 -0.0174053 2511.96
519412 1 0.01 0.3 32.9 0.343613 -0.317101 4.60325 0.0473428 -0.0470156 2511.96
520342 1 0.01 0.3 32.9 0.134067 0.402957 2.46099 0.0105671 0.0273726 2511.96
521161 1 0.01 0.3 32.9 0.00245331 0.408901 2.2047 -0.000391293 0.0290354 2511.96
523188 1 0.01 0.3 32.9 -0.284308 -0.452455 1.74694 -0.0156317 -0.0240809 2511.96
523522 1 0.01 0.3 32.9 0.403428 0.247396 3.49921 0.0415692 0.02956 2511.96
524847 1 0.01 0.3 32.9 0.0466294 0.260248 1.63015 0.00193329 0.0142129 2511.96
525592 1 0.01 0.3 32.9 0.497996 0.27567 2.23742 0.0337393 0.0178246 2511.96
526041 1 0.01 0.3 32.9 -0.492562 0.0465461 2.40812 -0.036077 0.00386353 2511.96
526443 1 0.01 0.3 32.9 -0.143516 0.113867 0.955587 -0.00442047 0.00204739 2511.96
526920 1 0.01 0.3 32.9 -0.00950992 -0.315766 2.46554 0.000329221 -0.0238162 2511.96
527601 1 0.01 0.3 32.9 -0.424913 0.0913579 5.0297 -0.0653544 0.014074 2511.96
530448 1 0.01 0.3 32.9 0.452536 0.0148122 4.06694 0.0551925 0.00180392 2511.96
531821 1 0.01 0.3 32.9 -0.424823 -0.294384 1.21246 -0.0165799 -0.00877966 2511.96
534736 1 0.01 0.3 32.9 0.127856 0.0589863 3.6993 0.0148693 0.0077558 2511.96
534769 1 0.01 0.3 32.9 0.112619 0.110382 2.61384 0.010152 0.00670059 2511.96
536922 1 0.01 0.3 32.9 -0.38052 0.480975 4.8954 -0.0553004 0.0708595 2511.96
537883 1 0.01 0.3 32.9 -0.00484708 0.141721 1.08091 0.000518258 0.0035582 2511.96
538591 1 0.01 0.3 32.9 -0.123465 0.448915 4.60986 -0.0153231 0.0627304 2511.96
538822 1 0.01 0.3 32.9 0.0136653 -0.166104 4.30007 -2.48334e-05 -0.0216406 2511.96
539172 1 0.01 0.3 32.9 -0.0157097 -0.280167 0.661408 0.0013657 -0.0071739 2511.96
539721 1 0.01 0.3 32.9 -0.386711 0.35894 2.99826 -0.0361839 0.0351259 2511.96
540328 1 0.01 0.3 32.9 -0.439875 -0.392989 1.38648 -0.0183553 -0.016637 2511.96
540735 1 0.01 0.3 32.9 -0.432306 -0.0911992 5.20353 -0.0695581 -0.0135633 2511.96
540902 1 0.01 0.3 32.9 0.0365826 0.323076 2.30533 0.00549984 0.0240848 2511.96
541983 1 0.01 0.3 32.9 -0.262288 -0.0116626 3.1819 -0.0258501 -3.51349e-05 2511.96
543855 1 0.01 0.3 32.9 0.268384 -0.161549 1.72188 0.0127755 -0.00799534 2511.96
544124 1 0.01 0.3 32.9 -0.274122 0.401908 2.06304 -0.0163567 0.025921 2511.96
545758 1 0.01 0.3 32.9 -0.274994 0.449065 2.72544 -0.0223236 0.0378702 2511.96
546002 1 0.01 0.3 32.9 -0.409936 -0.241859 6.84689 -0.084551 -0.0510927 2511.96
546852 1 0.01 0.3 32.9 -0.46601 0.247633 1.51904 -0.0232315 0.0140372 2511.96
547277 1 0.01 0.3 32.9 0.354355 -0.432231 2.78934 0.0300116 -0.0366386 2511.96
548678 1 0.01 0.3 32.9 -0.0829354 0.200122 0.469051 -0.00178032 3.29458e-05 2511.96
550007 1 0.01 0.3 32.9 -0.203034 0.201849 5.76897 -0.0357364 0.0350575 2511.96
551052 1 0.01 0.3 32.9 -0.110121 -0.0746345 5.84024 -0.0186399 -0.0134468 2511.96
552004 1 0.01 0.3 32.9 -0.0628944 0.0551887 1.19314 -0.00383566 0.00111129 2511.96
552373 1 0.01 0.3 32.9 0.44723 -0.414468 0.978704 0.0124599 -0.0116994 2511.96
553555 1 0.01 0.3 32.9 -0.304935 -0.286982 0.889569 -0.00892932 -0.00799419 2511.96
554058 1 0.01 0.3 32.9 -0.446568 -0.32896 4.71231 -0.062228 -0.0495289 2511.96
554800 1 0.01 0.3 32.9 -0.489865 -0.430711 7.99857 -0.119876 -0.10425 2511.96
555129 1 0.01 0.3 32.9 0.365477 0.0280666 1.47782 0.0150668 0.00339653 2511.96
556252 1 0.01 0.3 32.9 -0.408251 0.0957005 2.9302 -0.0367221 0.00548624 2511.96
559670 1 0.01 0.3 32.9 -0.181042 0.17432 2.2525 -0.012879 0.00966898 2511.96
560352 1 0.01 0.3 32.9 -0.382203 0.0793429 2.11817 -0.0252393 0.00518289 2511.96
560751 1 0.01 0.3 32.9 -0.485174 0.477611 1.49797 -0.0217996 0.0200078 2511.96
561182 1 0.01 0.3 32.9 0.24618 -0.400243 1.80762 0.0140057 -0.0216886 2511.96
561774 1 0.01 0.3 32.9 0.108565 -0.369206 1.3538 0.00357025 -0.0159908 2511.96
561818 1 0.01 0.3 32.9 0.445749 -0.400845 1.14677 0.0156451 -0.014904 2511.96
564800 1 0.01 0.3 32.9 -0.323893 0.380866 2.74749 -0.0261099 0.0321468 2511.96
564944 1 0.01 0.3 32.9 -0.159741 0.0772914 5.71268 -0.027079 0.0113204 2511.96
565208 1 0.01 0.3 32.9 0.243017 0.431414 5.70723 0.0441376 0.0740155 2511.96
565393 1 0.01 0.3 32.9 0.4153 0.0843664 1.83714 0.0200871 0.0030652 2511.96
565498 1 0.01 0.3 32.9 0.210119 -0.158177 0.481979 0.00336627 -0.00556205 2511.96
565886 1 0.01 0.3 32.9 0.0135357 0.306558 2.43624 0.00213586 0.0248345 2511.96
566072 1 0.01 0.3 32.9 0.499882 -0.0107121 1.93174 0.030453 -0.00221292 2511.96
566601 1 0.01 0.3 32.9 -0.291062 -0.360973 2.84191 -0.0246238 -0.0322638 2511.96
572825 1 0.01 0.3 32.9 0.214602 0.0875624 1.24527 0.00878421 0.00385888 2511.96
573538 1 0.01 0.3 32.9 -0.371061 0.159761 3.9158 -0.0408457 0.0195303 2511.96
574126 1 0.01 0.3 32.9 0.140475 0.178397 4.43018 0.0190123 0.0222407 2511.96
574756 1 0.01 0.3 32.9 -0.13891 -0.0915016 3.18256 -0.0151499 -0.00983926 2511.96
574943 1 0.01 0.3 32.9 0.481892 0.365918 1.46418 0.0221599 0.0159792 2511.96
575797 1 0.01 0.3 32.9 0.0597398 -0.0446808 1.25544 0.00271327 0.00181971 2511.96
576557 1 0.01 0.3 32.9 0.0281091 -0.195126 6.27809 0.00570206 -0.0382457 2511.96
577270 1 0.01 0.3 32.9 -0.388306 -0.468641 2.87832 -0.0344006 -0.040235 2511.96
578353 1 0.01 0.3 32.9 0.0258668 -0.232507 3.87924 0.00669649 -0.0267251 2511.96
579149 1 0.01 0.3 32.9 0.282091 0.1508 4.49928 0.0380957 0.0200107 2511.96
583807 1 0.01 0.3 32.9 -0.463721 -0.451096 5.62789 -0.0782847 -0.0772376 2511.96
584013 1 0.01 0.3 32.9 -0.369339 0.465915 1.94002 -0.0204752 0.0244623 2511.96
585508 1 0.01 0.3 32.9 -0.120837 0.388629 1.49929 -0.00693339 0.017989 2511.96
585616 1 0.01 0.3 32.9 0.113676 -0.233433 2.1858 0.0080333 -0.0158377 2511.96
585670 1 0.01 0.3 32.9 0.142099 -0.154245 1.2881 0.00679443 -0.00665015 2511.96
585835 1 0.01 0.3 32.9 0.42278 0.28849 2.18896 0.0276061 0.0173174 2511.96
587264 1 0.01 0.3 32.9 0.121944 -0.163341 1.36376 0.00390682 -0.00581664 2511.96
587616 1 0.01 0.3 32.9 0.240568 0.230591 2.08666 0.0183912 0.0150516 2511.96
588633 1 0.01 0.3 32.9 0.408737 -0.385841 2.04438 0.02359 -0.0273835 2511.96
588847 1 0.01 0.3 32.9 -0.481225 0.481937 7.04963 -0.102933 0.102469 2511.96
589839 1 0.01 0.3 32.9 0.346023 0.333352 2.1949 0.022969 0.0231927 2511.96
591078 1 0.01 0.3 32.9 -0.327405 -0.326677 0.759732 -0.0067596 -0.00799801 2511.96
591666 1 0.01 0.3 32.9 0.373589 0.0515819 7.1595 0.0822101 0.0114597 2511.96
592198 1 0.01 0.3 32.9 -0.0626026 0.176705 2.96241 -0.00475341 0.0156568 2511.96
592513 1 0.01 0.3 32.9 0.431854 -0.170285 0.598067 0.0077267 0.000495564 2511.96
592537 1 0.01 0.3 32.9 -0.120936 0.200409 2.17335 -0.00826843 0.0122696 2511.96
594317 1 0.01 0.3 32.9 0.42703 0.459394 0.701607 0.00730978 0.0110149 2511.96
595083 1 0.01 0.3 32.9 0.252612 0.420257 1.29987 0.0092008 0.0185251 2511.96
595556 1 0.01 0.3 32.9 -0.365866 -0.440916 1.45136 -0.0182843 -0.0176989 2511.96
595714 1 0.01 0.3 32.9 0.109926 -0.231913 2.12936 0.00656979 -0.0165861 2511.96
598860 1 0.01 0.3 32.9 -0.341672 0.314595 7.13388 -0.0738523 0.0665828 2511.96
601766 1 0.01 0.3 32.9 -0.493642 0.0312209 3.70936 -0.0564736 0.00197916 2511.96
602360 1 0.01 0.3 32.9 -0.43581 0.19578 4.33652 -0.0562797 0.024503 2511.96
603320 1 0.01 0.3 32.9 -0.28399 -0.404908 1.62193 -0.0138109 -0.0195919 2511.96
603759 1 0.01 0.3 32.9 -0.377225 0.411007 3.78259 -0.0430054 0.0467823 2511.96
607240 1 0.01 0.3 32.9 -0.337657 0.387907 2.46765 -0.0279315 0.0284823 2511.96
607795 1 0.01 0.3 32.9 -0.341602 0.211289 1.34993 -0.0123829 0.00708546 2511.96
608432 1 0.01 0.3 32.9 -0.228009 -0.0307891 2.912 -0.0204195 -0.00364833 2511.96
610415 1 0.01 0.3 32.9 -0.373596 -0.327054 0.897778 -0.0119217 -0.00924076 2511.96
610593 1 0.01 0.3 32.9 -0.293139 -0.108639 3.29703 -0.0302595 -0.0118005 2511.96
611138 1 0.01 0.3 32.9 0.132459 0.345309 2.34283 0.00926401 0.0264053 2511.96
613548 1 0.01 0.3 32.9 -0.474528 0.0455936 4.30459 -0.059145 0.00681597 2511.96
615564 1 0.01 0.3 32.9 -0.243434 -0.222345 4.20408 -0.0311859 -0.0292634 2511.96
616475 1 0.01 0.3 32.9 0.064445 0.0886175 2.50438 0.0057863 0.00751057 2511.96
617268 1 0.01 0.3 32.9 0.29636 -0.261774 4.09257 0.0369075 -0.0334397 2511.96
617728 1 0.01 0.3 32.9 -0.328375 -0.156995 6.0987 -0.0616546 -0.0267931 2511.96
620309 1 0.01 0.3 32.9 -0.126289 0.424174 0.72223 -0.00289956 0.00979435 2511.96
620704 1 0.01 0.3 32.9 0.0799395 -0.0354806 2.0252 0.00456449 -0.00214014 2511.96
623351 1 0.01 0.3 32.9 0.430479 0.176727 1.24372 0.0151669 0.00903137 2511.96
623805 1 0.01 0.3 32.9 -0.266742 0.0351104 19.816 -0.161244 0.0211029 2511.96
625560 1 0.01 0.3 32.9 -0.463392 -0.413602 0.538963 -0.00921551 -0.00630498 2511.96
626997 1 0.01 0.3 32.9 -0.0731439 0.346729 5.91898 -0.0160388 0.0616414 2511.96
628584 1 0.01 0.3 32.9 0.046072 -0.197498 3.736 0.00511777 -0.0222245 2511.96
629251 1 0.01 0.3 32.9 0.45477 -0.459852 1.46937 0.0209422 -0.0193361 2511.96
629493 1 0.01 0.3 32.9 -0.0856574 -0.482541 1.4475 -0.00566323 -0.0205503 2511.96
629964 1 0.01 0.3 32.9 0.172669 -0.165907 4.38808 0.0244824 -0.0221995 2511.96
630415 1 0.01 0.3 32.9 -0.29266 0.0779438 3.16713 -0.0279152 0.0061705 2511.96
630761 1 0.01 0.3 32.9 -0.0475763 0.0818284 1.56501 -0.00224899 0.00618712 2511.96
633040 1 0.01 0.3 32.9 0.048905 0.48159 3.54188 0.005372 0.0516041 2511.96
633886 1 0.01 0.3 32.9 0.458887 0.0934981 2.03416 0.0297304 0.00499893 2511.96
634550 1 0.01 0.3 32.9 0.458763 -0.300675 3.42904 0.048101 -0.0314519 2511.96
636594 1 0.01 0.3 32.9 -0.305944 0.29931 1.72743 -0.015726 0.0160162 2511.96
636663 1 0.01 0.3 32.9 0.441587 -0.30605 1.39997 0.0173888 -0.0124735 2511.96
636808 1 0.01 0.3 32.9 -0.41447 0.38704 1.51166 -0.0181644 0.0195615 2511.96
636939 1 0.01 0.3 32.9 -0.0893133 0.34659 0.916882 -0.00212799 0.00829572 2511.96
639111 1 0.01 0.3 32.9 -0.412294 -0.337581 1.18436 -0.0150001 -0.00845601 2511.96
639432 1 0.01 0.3 32.9 0.345519 -0.125704 3.9673 0.0395067 -0.0148579 2511.96
639675 1 0.01 0.3 32.9 0.423398 0.409987 2.06375 0.0280725 0.0245835 2511.96
640235 1 0.01 0.3 32.9 0.149584 -0.371283 3.92666 0.0195994 -0.0407496 2511.96
640650 1 0.01 0.3 32.9 -0.0661606 -0.0578567 6.71325 -0.0149716 -0.0105466 2511.96
640720 1 0.01 0.3 32.9 0.210513 0.0742423 2.20764 0.0116413 0.00277831 2511.96
640867 1 0.01 0.3 32.9 -0.282002 -0.360139 3.13191 -0.0264952 -0.0341149 2511.96
641402 1 0.01 0.3 32.9 -0.0266619 -0.223631 7.80627 -0.00660623 -0.0532879 2511.96
641933 1 0.01 0.3 32.9 0.0731646 0.413885 2.18306 0.00518121 0.0276392 2511.96
644701 1 0.01 0.3 32.9 -0.353938 0.148077 2.57483 -0.0266251 0.0124764 2511.96
644814 1 0.01 0.3 32.9 -0.151472 0.0169614 1.82832 -0.00788373 -0.000192571 2511.96
645711 1 0.01 0.3 32.9 0.0340765 -0.348599 1.71368 0.0017627 -0.020154 2511.96
646234 1 0.01 0.3 32.9 -0.340867 0.187573 1.04652 -0.0104857 0.00711556 2511.96
646279 1 0.01 0.3 32.9 -0.157753 -0.216566 2.90922 -0.0126105 -0.0184556 2511.96
646295 1 0.01 0.3 32.9 0.203311 0.378513 3.46276 0.0216875 0.0423177 2511.96
646618 1 0.01 0.3 32.9 -0.303442 -0.0150296 3.10617 -0.0305462 -0.00160179 2511.96
647184 1 0.01 0.3 32.9 -0.424205 0.278483 2.11075 -0.0250871 0.0195464 2511.96
647233 1 0.01 0.3 32.9 0.439082 0.437336 2.67305 0.0341926 0.0384923 2511.96
650074 1 0.01 0.3 32.9 -0.124806 -0.128467 0.819161 -0.00623057 -0.00502058 2511.96
650332 1 0.01 0.3 32.9 0.24896 0.410067 0.848743 0.00757035 0.010191 2511.96
650419 1 0.01 0.3 32.9 0.47314 -0.0219577 6.42208 0.0913477 -0.00426802 2511.96
651468 1 0.01 0.3 32.9 0.298885 -0.474712 1.14876 0.0103418 -0.0132514 2511.96
651637 1 0.01 0.3 32.9 -0.017536 0.492949 1.15666 0.000587086 0.0177371 2511.96
653043 1 0.01 0.3 32.9 -0.347248 0.0155599 2.20095 -0.0236238 0.00243233 2511.96
654225 1 0.01 0.3 32.9 -0.33135 -0.4811 3.72437 -0.0354968 -0.0539266 2511.96
654228 1 0.01 0.3 32.9 -0.328865 0.0883201 3.05477 -0.030419 0.00942471 2511.96
654445 1 0.01 0.3 32.9 -0.171739 -0.38109 2.11919 -0.0113986 -0.0240579 2511.96
654756 1 0.01 0.3 32.9 0.0962275 0.149673 2.42284 0.00660283 0.012055 2511.96
655267 1 0.01 0.3 32.9 -0.348705 -0.175572 1.8642 -0.0194265 -0.00807898 2511.96
656141 1 0.01 0.3 32.9 -0.362461 -0.491748 0.897349 -0.0125007 -0.0125651 2511.96
656428 1 0.01 0.3 32.9 -0.10731 -0.252129 2.56664 -0.00872633 -0.021207 2511.96
658551 1 0.01 0.3 32.9 0.282842 -0.12144 2.94969 0.0249005 -0.0101857 2511.96
659623 1 0.01 0.3 32.9 0.476194 -0.0977498 0.572675 0.009419 -0.00289592 2511.96
660467 1 0.01 0.3 32.9 -0.314612 0.0892175 1.33278 -0.0106422 0.00414806 2511.96
660971 1 0.01 0.3 32.9 0.231843 0.349104 2.81772 0.0201833 0.0315365 2511.96
662884 1 0.01 0.3 32.9 -0.436037 -0.0137994 0.725401 -0.0120466 -0.000128297 2511.96
662929 1 0.01 0.3 32.9 -0.186959 0.318123 0.714588 -0.00460269 0.00849956 2511.96
663059 1 0.01 0.3 32.9 -0.0176245 0.142083 3.86934 -0.00349015 0.0164565 2511.96
664171 1 0.01 0.3 32.9 0.298907 0.0695896 1.64218 0.017122 0.00199868 2511.96
664328 1 0.01 0.3 32.9 0.087103 0.418589 1.73711 0.00592018 0.021104 2511.96
664477 1 0.01 0.3 32.9 -0.259441 -0.123796 2.23925 -0.0178717 -0.0076813 2511.96
664973 1 0.01 0.3 32.9 0.0854267 0.307311 1.42849 0.00239427 0.0155068 2511.96
665639 1 0.01 0.3 32.9 -0.0582639 -0.0194887 3.6405 -0.00467624 -0.00381371 2511.96
668809 1 0.01 0.3 32.9 -0.32747 0.00403687 3.09325 -0.0300683 0.000648747 2511.96
669162 1 0.01 0.3 32.9 -0.203081 -0.121184 3.83448 -0.0250339 -0.015318 2511.96
670397 1 0.01 0.3 32.9 -0.0855262 -0.419737 1.81633 -0.00403213 -0.0248707 2511.96
670859 1 0.01 0.3 32.9 0.0263905 -0.141502 3.67208 0.00473291 -0.0147141 2511.96
671322 1 0.01 0.3 32.9 -0.438852 0.113312 2.46006 -0.0327752 0.00654513 2511.96
671388 1 0.01 0.3 32.9 -0.150412 0.0373934 6.2679 -0.0281085 0.00754154 2511.96
673408 1 0.01 0.3 32.9 -0.490765 -0.489953 2.23596 -0.0317128 -0.0333383 2511.96
675967 1 0.01 0.3 32.9 -0.0287494 -0.15328 2.68623 -0.0024419 -0.0135224 2511.96
676263 1 0.01 0.3 32.9 -0.19857 0.379791 1.67498 -0.0102861 0.0183026 2511.96
677121 1 0.01 0.3 32.9 0.209011 -0.388188 2.91285 0.0204075 -0.034481 2511.96
679118 1 0.01 0.3 32.9 -0.288717 0.199307 2.17726 -0.0191413 0.0134477 2511.96
679326 1 0.01 0.3 32.9 -0.459012 0.375864 1.11895 -0.0149191 0.00888779 2511.96
680140 1 0.01 0.3 32.9 0.288052 -0.345006 2.67286 0.0214459 -0.0273824 2511.96
681152 1 0.01 0.3 32.9 -0.235842 0.382672 3.19375 -0.0206894 0.0370401 2511.96
681289 1 0.01 0.3 32.9 0.113032 0.394497 0.525637 -0.00101757 0.00528026 2511.96
681655 1 0.01 0.3 32.9 -0.268688 -0.492919 2.68287 -0.0232856 -0.0363419 2511.96
683360 1 0.01 0.3 32.9 -0.347248 0.41479 2.70643 -0.0287077 0.0335155 2511.96
684306 1 0.01 0.3 32.9 -0.318269 -0.497939 1.40869 -0.013629 -0.0213949 2511.96
685135 1 0.01 0.3 32.9 -0.0423454 0.443625 0.536077 -0.00120967 0.00253253 2511.96
686532 1 0.01 0.3 32.9 0.179594 -0.395038 6.6488 0.0344393 -0.0789911 2511.96
688114 1 0.01 0.3 32.9 -0.157688 -0.492048 0.865963 -0.00417656 -0.0158789 2511.96
688750 1 0.01 0.3 32.9 0.400659 -0.209298 1.68956 0.0208175 -0.0119299 2511.96
689355 1 0.01 0.3 32.9 -0.336062 0.375022 4.53639 -0.0465448 0.0514196 2511.96
689563 1 0.01 0.3 32.9 -0.241832 -0.441601 2.23124 -0.0183079 -0.0311581 2511.96
689897 1 0.01 0.3 32.9 -0.0288137 -0.457189 3.95837 -0.00407444 -0.0547455 2511.96
690874 1 0.01 0.3 32.9 0.143822 -0.492036 2.00484 0.00803863 -0.0285049 2511.96
692208 1 0.01 0.3 32.9 -0.0388667 -0.0884099 1.45635 -0.00141056 -0.0036573 2511.96
693057 1 0.01 0.3 32.9 -0.244309 0.395818 0.804563 -0.00704808 0.0128581 2511.96
693140 1 0.01 0.3 32.9 -0.408273 -0.360571 2.09975 -0.0257426 -0.023721 2511.96
693261 1 0.01 0.3 32.9 0.363123 0.369564 0.567409 0.005008 0.00634415 2511.96
693426 1 0.01 0.3 32.9 -0.0840419 -0.117841 1.37265 -0.000929614 -0.00422379 2511.96
693941 1 0.01 0.3 32.9 -0.141629 -0.480318 0.984286 -0.00556948 -0.0157411 2511.96
694082 1 0.01 0.3 32.9 -0.000634085 0.282897 5.26564 0.000651853 0.0463032 2511.96
694815 1 0.01 0.3 32.9 0.356099 -0.422544 4.81508 0.0542464 -0.0606464 2511.96
695012 1 0.01 0.3 32.9 0.15695 -0.108342 0.314705 0.00260623 -0.00258224 2511.96
695034 1 0.01 0.3 32.9 0.279535 -0.0223357 3.08449 0.0262822 -0.000487869 2511.96
695058 1 0.01 0.3 32.9 -0.35398 -0.0155539 2.64319 -0.0296237 -0.00061849 2511.96
695281 1 0.01 0.3 32.9 -0.410135 -0.23693 1.72831 -0.0197935 -0.0133239 2511.96
695877 1 0.01 0.3 32.9 -0.424214 0.323409 1.19424 -0.0141535 0.00854072 2511.96
696443 1 0.01 0.3 32.9 -0.0813546 -0.341083 2.03321 -0.00579001 -0.0213732 2511.96
697826 1 0.01 0.3 32.9 0.00352797 -0.0496404 2.45626 -0.000589342 -0.00474637 2511.96
697850 1 0.01 0.3 32.9 0.154951 -0.251901 0.967153 0.00591204 -0.00955154 2511.96
698747 1 0.01 0.3 32.9 0.19897 0.44898 2.98801 0.0157687 0.0403459 2511.96
698779 1 0.01 0.3 32.9 -0.251049 -0.295348 3.53152 -0.0290901 -0.0303727 2511.96
699546 1 0.01 0.3 32.9 0.138204 0.0400549 1.56708 0.00779758 0.00407279 2511.96
701443 1 0.01 0.3 32.9 0.0470911 0.109822 1.18372 0.00223488 0.00211234 2511.96
701891 1 0.01 0.3 32.9 -0.486097 0.165332 4.03195 -0.0594815 0.0208693 2511.96
702775 1 0.01 0.3 32.9 -0.207532 -0.332428 2.54938 -0.0193866 -0.0258005 2511.96
703246 1 0.01 0.3 32.9 0.413925 -0.265762 1.69137 0.023064 -0.0136318 2511.96
703393 1 0.01 0.3 32.9 -0.424359 0.190106 1.66668 -0.0246649 0.00866535 2511.96
705286 1 0.01 0.3 32.9 -0.126826 -0.488559 2.36502 -0.00967015 -0.0378821 2511.96
705826 1 0.01 0.3 32.9 0.44142 0.0537695 1.68104 0.023835 0.000696709 2511.96
706014 1 0.01 0.3 32.9 -0.018437 -0.442272 2.05212 -0.00133778 -0.029581 2511.96
706627 1 0.01 0.3 32.9 -0.018057 0.00605522 1.84356 0.000674484 -0.000720972 2511.96
706924 1 0.01 0.3 32.9 -0.471206 -0.00655137 4.90519 -0.0704845 0.00160384 2511.96
708818 1 0.01 0.3 32.9 0.377533 0.277008 2.07886 0.0239224 0.0182967 2511.96
708829 1 0.01 0.3 32.9 -0.235289 -0.300106 3.69997 -0.0263205 -0.0345702 2511.96
709519 1 0.01 0.3 32.9 0.0675038 0.347772 2.10627 0.00398758 0.0207863 2511.96
710551 1 0.01 0.3 32.9 0.0208946 -0.251113 2.8957 0.000945755 -0.0242198 2511.96
710749 1 0.01 0.3 32.9 0.00995639 0.386113 2.86411 0.00192132 0.0354212 2511.96
711442 1 0.01 0.3 32.9 -0.335735 -0.0057278 2.43504 -0.0259402 -0.00217323 2511.96
711829 1 0.01 0.3 32.9 0.198427 0.0673299 2.31363 0.0110502 0.00601386 2511.96
712069 1 0.01 0.3 32.9 0.30391 -0.441693 1.7402 0.0146485 -0.0222963 2511.96
713302 1 0.01 0.3 32.9 0.0375045 -0.353109 1.85971 0.00133693 -0.0235447 2511.96
713604 1 0.01 0.3 32.9 0.115784 0.141981 4.19603 0.0151539 0.0168961 2511.96
713679 1 0.01 0.3 32.9 -0.365833 -0.083052 5.13629 -0.055532 -0.013013 2511.96
715638 1 0.01 0.3 32.9 0.0305653 -0.0992627 0.93121 0.00048389 -0.00343882 2511.96
718597 1 0.01 0.3 32.9 0.325584 0.254953 4.64717 0.0460237 0.0356644 2511.96
718889 1 0.01 0.3 32.9 -0.281029 0.0312051 1.14518 -0.00887588 0.00372386 2511.96
721795 1 0.01 0.3 32.9 0.422011 -0.260389 1.31907 0.0178464 -0.0079042 2511.96
721825 1 0.01 0.3 32.9 0.339619 -0.317608 1.51175 0.0117005 -0.0126241 2511.96
721928 1 0.01 0.3 32.9 -0.258278 -0.333814 2.34881 -0.0185602 -0.0225637 2511.96
723505 1 0.01 0.3 32.9 -0.0731052 0.423377 2.0335 -0.00629639 0.0245906 2511.96
724092 1 0.01 0.3 32.9 0.192635 -0.022134 4.86404 0.0286232 -0.00413907 2511.96
724155 1 0.01 0.3 32.9 0.375412 0.0696121 1.11896 0.0147729 0.00023382 2511.96
725062 1 0.01 0.3 32.9 -0.255444 -0.0998882 3.31667 -0.0261153 -0.0132459 2511.96
725384 1 0.01 0.3 32.9 -0.0190691 -0.14654 0.550224 -0.000108381 -0.00486589 2511.96
725392 1 0.01 0.3 32.9 -0.408233 0.144616 1.25989 -0.0152582 0.00756741 2511.96
725663 1 0.01 0.3 32.9 0.285489 0.0898952 2.34527 0.0220356 0.00586911 2511.96
725678 1 0.01 0.3 32.9 0.4296 -0.0459672 2.83754 0.0386233 -0.00182842 2511.96
729874 1 0.01 0.3 32.9 -0.432005 -0.492184 1.58904 -0.0200191 -0.0257327 2511.96
730710 1 0.01 0.3 32.9 -0.0326695 0.0417921 1.59887 -0.00148275 0.00221266 2511.96
731343 1 0.01 0.3 32.9 -0.380965 0.16747 1.9914 -0.0240601 0.00959564 2511.96
731477 1 0.01 0.3 32.9 -0.127695 0.0829185 1.32869 -0.00571666 0.00422925 2511.96
731745 1 0.01 0.3 32.9 0.0764849 0.487952 3.14351 0.00636979 0.046499 2511.96
733067 1 0.01 0.3 32.9 0.348666 -0.0593014 2.42983 0.0247228 -0.00325929 2511.96
734861 1 0.01 0.3 32.9 0.296875 -0.469601 7.73812 0.0693686 -0.111933 2511.96
735815 1 0.01 0.3 32.9 -0.0137147 -0.24877 1.18972 0.00144768 -0.0111983 2511.96
736905 1 0.01 0.3 32.9 0.177733 -0.237484 0.459909 0.000734645 -0.00534528 2511.96
737261 1 0.01 0.3 32.9 -0.447883 0.343009 1.33561 -0.0175015 0.0167354 2511.96
738654 1 0.01 0.3 32.9 0.496159 -0.288169 0.720198 0.00962313 -0.00583162 2511.96
738921 1 0.01 0.3 32.9 0.0565154 0.0872312 1.63602 0.00223431 0.00574404 2511.96
739382 1 0.01 0.3 32.9 0.0574239 0.212046 0.943365 0.00275705 0.00695992 2511.96
741265 1 0.01 0.3 32.9 0.357191 -0.405625 3.83482 0.0429249 -0.0474784 2511.96
741300 1 0.01 0.3 32.9 0.12425 0.186217 1.02858 0.0048839 0.00392557 2511.96
742618 1 0.01 0.3 32.9 0.0301324 0.192516 1.18583 0.0022208 0.00437669 2511.96
745372 1 0.01 0.3 32.9 0.0186145 0.164826 1.79988 0.00123766 0.010625 2511.96
745619 1 0.01 0.3 32.9 -0.450929 -0.163177 1.9841 -0.0265567 -0.0102768 2511.96
746714 1 0.01 0.3 32.9 -0.177797 0.327453 1.1636 -0.00623309 0.00858966 2511.96
749323 1 0.01 0.3 32.9 -0.0612544 -0.394657 1.69578 -0.00529265 -0.0211278 2511.96
749914 1 0.01 0.3 32.9 0.45357 -0.342745 3.15569 0.0439734 -0.0331091 2511.96
750620 1 0.01 0.3 32.9 0.340419 0.343407 1.27115 0.0116616 0.00953476 2511.96
752351 1 0.01 0.3 32.9 -0.373693 0.0264485 7.93355 -0.0899494 0.00629056 2511.96
753959 1 0.01 0.3 32.9 -0.379002 0.0915006 2.40785 -0.0292455 0.00482417 2511.96
753992 1 0.01 0.3 32.9 0.216836 0.23844 1.82189 0.0136709 0.0151699 2511.96
754231 1 0.01 0.3 32.9 0.437133 -0.00441999 3.26144 0.0447701 -0.000175662 2511.96
754291 1 0.01 0.3 32.9 0.203656 0.403898 1.35294 0.00803265 0.0158309 2511.96
754964 1 0.01 0.3 32.9 0.365278 -0.164625 2.2821 0.0246135 -0.0114155 2511.96
754965 1 0.01 0.3 32.9 0.39547 -0.372017 1.67071 0.0198979 -0.0177333 2511.96
756430 1 0.01 0.3 32.9 0.269727 0.0486663 1.09313 0.00693299 0.001206 2511.96
757191 1 0.01 0.3 32.9 0.0955298 -0.385555 3.55446 0.00915166 -0.0418073 2511.96
758641 1 0.01 0.3 32.9 0.231207 -0.0779094 2.78523 0.0173717 -0.00865218 2511.96
759793 1 0.01 0.3 32.9 -0.0134519 -0.246572 2.16092 0.00162334 -0.0184425 2511.96
760973 1 0.01 0.3 32.9 0.482315 -0.264232 1.28223 0.0180891 -0.0113522 2511.96
761217 1 0.01 0.3 32.9 0.448652 0.108106 3.89608 0.0520835 0.0128337 2511.96
762065 1 0.01 0.3 32.9 -0.127979 0.432683 1.738 -0.00499307 0.0219689 2511.96
762209 1 0.01 0.3 32.9 -0.273985 0.253129 0.235184 -0.00586892 0.00133402 2511.96
762372 1 0.01 0.3 32.9 -0.44604 -0.201626 1.67092 -0.0230656 -0.0116178 2511.96
762879 1 0.01 0.3 32.9 0.23005 0.0125287 0.564598 0.00571214 -0.00302532 2511.96
764120 1 0.01 0.3 32.9 0.269057 0.483922 3.45743 0.026621 0.0530167 2511.96
766760 1 0.01 0.3 32.9 0.201384 -0.0131862 3.03855 0.0197822 -0.00214825 2511.96
767426 1 0.01 0.3 32.9 0.119024 0.221538 2.68384 0.0111859 0.0183208 2511.96
768406 1 0.01 0.3 32.9 0.261591 0.117856 2.86539 0.0230438 0.0106955 2511.96
769285 1 0.01 0.3 32.9 -0.31555 -0.337587 1.97799 -0.0205139 -0.0208873 2511.96
770398 1 0.01 0.3 32.9 0.413955 0.207977 3.7402 0.0450554 0.0233573 2511.96
770680 1 0.01 0.3 32.9 0.218546 0.428988 2.90719 0.0183594 0.0363973 2511.96
770694 1 0.01 0.3 32.9 -0.256638 0.2122 2.98324 -0.0234399 0.0205072 2511.96
771158 1 0.01 0.3 32.9 0.223828 0.360039 3.09931 0.0211316 0.0358289 2511.96
771331 1 0.01 0.3 32.9 0.29368 0.409118 2.88901 0.0267707 0.0381005 2511.96
771391 1 0.01 0.3 32.9 -0.129884 -0.28059 2.85076 -0.0135129 -0.0254837 2511.96
771914 1 0.01 0.3 32.9 -0.405248 -0.127265 2.80673 -0.0365105 -0.0115939 2511.96
772128 1 0.01 0.3 32.9 -0.0246307 0.279335 0.56753 -0.00164232 0.00423928 2511.96
772969 1 0.01 0.3 32.9 0.39029 -0.0215975 4.52213 0.0542676 -0.00274586 2511.96
773381 1 0.01 0.3 32.9 0.0314596 0.138832 4.24395 0.00372737 0.016645 2511.96
774598 1 0.01 0.3 32.9 0.226074 -0.43382 1.45507 0.00928293 -0.019507 2511.96
775854 1 0.01 0.3 32.9 0.376456 -0.0684437 0.589434 0.00770662 -0.0011144 2511.96
776501 1 0.01 0.3 32.9 0.181566 0.230038 1.08035 0.00613171 0.00639236 2511.96
778488 1 0.01 0.3 32.9 0.183863 0.259343 0.771319 0.00391848 0.0077787 2511.96
778983 1 0.01 0.3 32.9 -0.23622 -0.308236 2.46541 -0.0200253 -0.0250698 2511.96
780421 1 0.01 0.3 32.9 -0.465149 -0.0620636 0.900426 -0.0114752 -0.00368163 2511.96
781036 1 0.01 0.3 32.9 -0.397167 0.373177 1.54692 -0.015661 0.0172679 2511.96
781078 1 0.01 0.3 32.9 -0.111798 -0.201821 1.52003 -0.00493838 -0.00978888 2511.96
782944 1 0.01 0.3 32.9 -0.346936 -0.270948 2.20483 -0.0237372 -0.0153801 2511.96
783052 1 0.01 0.3 32.9 -0.0336857 0.334465 1.62511 -0.00157248 0.0179898 2511.96
784129 1 0.01 0.3 32.9 -0.492138 -0.319116 1.00458 -0.0166262 -0.0099496 2511.96
785649 1 0.01 0.3 32.9 0.319873 -0.400675 1.78824 0.0165589 -0.022226 2511.96
785865 1 0.01 0.3 32.9 0.139955 -0.363511 2.98156 0.0137051 -0.0324355 2511.96
785933 1 0.01 0.3 32.9 0.317387 0.387886 1.36532 0.0121301 0.0183028 2511.96
788713 1 0.01 0.3 32.9 -0.0560916 -0.0253693 2.94065 -0.00379566 -0.00251744 2511.96
788742 1 0.01 0.3 32.9 -0.163829 -0.0118545 5.1773 -0.0249701 -0.00234823 2511.96
789066 1 0.01 0.3 32.9 -0.407918 -0.208707 1.14397 -0.0144647 -0.00624316 2511.96
789730 1 0.01 0.3 32.9 0.309893 0.251149 3.51655 0.0347238 0.0257885 2511.96
790201 1 0.01 0.3 32.9 -0.383153 0.130114 1.19289 -0.0143768 0.00527589 2511.96
790652 1 0.01 0.3 32.9 0.394006 -0.103964 1.53765 0.0153211 -0.00378233 2511.96
790959 1 0.01 0.3 32.9 0.273482 -0.158668 0.319541 0.00326825 -0.00350562 2511.96
791169 1 0.01 0.3 32.9 -0.0421476 0.265032 2.0145 -0.00171455 0.0144263 2511.96
791350 1 0.01 0.3 32.9 -0.125186 -0.00518743 0.0850889 0.00179925 -0.00261271 2511.96
794439 1 0.01 0.3 32.9 0.44309 -0.0900496 4.80879 0.0658294 -0.0129719 2511.96
795305 1 0.01 0.3 32.9 -0.0139114 -0.254505 4.05216 -0.000676653 -0.031108 2511.96
795706 1 0.01 0.3 32.9 -0.345008 0.375828 1.80095 -0.0209512 0.0210248 2511.96
795909 1 0.01 0.3 32.9 -0.258561 0.218385 1.53992 -0.0102914 0.0112077 2511.96
797017 1 0.01 0.3 32.9 0.337231 -0.193357 3.05972 0.0300508 -0.0155423 2511.96
797198 1 0.01 0.3 32.9 0.461921 -0.379836 18.793 0.264628 -0.216078 2511.96
797307 1 0.01 0.3 32.9 -0.349426 0.0746804 1.48738 -0.0158923 0.00154974 2511.96
797762 1 0.01 0.3 32.9 -0.298261 -0.173219 1.06989 -0.00982576 -0.00413839 2511.96
797782 1 0.01 0.3 32.9 -0.420787 -0.29032 1.40793 -0.0165964 -0.0124451 2511.96
800220 1 0.01 0.3 32.9 -0.120844 0.340304 2.94379 -0.0113836 0.0291473 2511.96
802275 1 0.01 0.3 32.9 0.439478 0.124386 2.18911 0.0295966 0.00838116 2511.96
803669 1 0.01 0.3 32.9 -0.11862 -0.348182 1.66368 -0.00764155 -0.0183834 2511.96
806350 1 0.01 0.3 32.9 0.408599 0.0760085 3.45349 0.0441506 0.0074199 2511.96
806747 1 0.01 0.3 32.9 -0.442677 -0.0469788 1.12538 -0.0165557 -0.00100162 2511.96
808080 1 0.01 0.3 32.9 0.264144 0.286926 2.25184 0.014966 0.0207274 2511.96
808663 1 0.01 0.3 32.9 -0.268636 -0.0695027 0.575453 -0.00435067 0.000561409 2511.96
808688 1 0.01 0.3 32.9 -0.0154725 0.294241 2.35495 0.00153567 0.0234662 2511.96
809606 1 0.01 0.3 32.9 0.452445 0.437789 2.28651 0.0304171 0.0323245 2511.96
810419 1 0.01 0.3 32.9 0.00513772 -0.15801 3.89859 -2.04312e-05 -0.0185691 2511.96
810686 1 0.01 0.3 32.9 0.124362 0.0634838 4.60635 0.0179245 0.0123374 2511.96
813296 1 0.01 0.3 32.9 0.033277 -0.0872893 3.16114 0.00296973 -0.00861993 2511.96
815182 1 0.01 0.3 32.9 0.259491 -0.144641 6.80156 0.0539461 -0.0287286 2511.96
815947 1 0.01 0.3 32.9 0.280946 0.407023 4.02614 0.0336792 0.0529713 2511.96
816388 1 0.01 0.3 32.9 0.194793 -0.246071 1.30013 0.00758957 -0.00994446 2511.96
817280 1 0.01 0.3 32.9 -0.428492 -0.182044 0.661243 -0.00906106 -0.00133124 2511.96
818094 1 0.01 0.3 32.9 0.251819 -0.348827 4.36683 0.031778 -0.0442319 2511.96
822465 1 0.01 0.3 32.9 0.38055 -0.335796 4.31111 0.049219 -0.0470626 2511.96
823546 1 0.01 0.3 32.9 -0.490171 -0.179942 2.56883 -0.0397942 -0.0140878 2511.96
823718 1 0.01 0.3 32.9 -0.253516 0.472594 2.66325 -0.0216804 0.0408886 2511.96
825572 1 0.01 0.3 32.9 0.301619 -0.403501 5.37406 0.0502125 -0.0679251 2511.96
826284 1 0.01 0.3 32.9 -0.355731 -0.140987 1.18242 -0.0133381 -0.00262405 2511.96
829327 1 0.01 0.3 32.9 -0.0983548 0.11548 0.241097 7.59482e-05 0.00367406 2511.96
830549 1 0.01 0.3 32.9 0.389143 0.35661 0.504619 0.00517781 0.00337186 2511.96
831218 1 0.01 0.3 32.9 0.149013 0.264825 1.93 0.00773447 0.0126313 2511.96
831849 1 0.01 0.3 32.9 -0.243825 -0.383239 1.47653 -0.0107316 -0.016726 2511.96
832191 1 0.01 0.3 32.9 -0.230641 0.101308 0.328986 -0.00188138 -0.00195879 2511.96
833940 1 0.01 0.3 32.9 0.401108 -0.109263 7.19775 0.0901922 -0.0245065 2511.96
834289 1 0.01 0.3 32.9 0.16037 -0.255629 1.49245 0.00775643 -0.0112276 2511.96
834615 1 0.01 0.3 32.9 0.273854 0.388702 1.74342 0.0147488 0.0201113 2511.96
834713 1 0.01 0.3 32.9 -0.425121 -0.392112 7.65909 -0.0980817 -0.0932398 2511.96
835269 1 0.01 0.3 32.9 0.166836 0.176109 7.20467 0.0358563 0.036873 2511.96
836263 1 0.01 0.3 32.9 0.112431 -0.32407 2.97818 0.0104821 -0.0309378 2511.96
836664 1 0.01 0.3 32.9 0.439682 -0.175332 3.30517 0.0418965 -0.0174098 2511.96
837719 1 0.01 0.3 32.9 0.114706 0.318088 1.46898 0.00377941 0.0132883 2511.96
837912 1 0.01 0.3 32.9 0.332054 0.301312 1.39643 0.0154693 0.0111834 2511.96
837919 1 0.01 0.3 32.9 -0.474849 -0.121624 2.02345 -0.0284941 -0.00904837 2511.96
839159 1 0.01 0.3 32.9 0.298816 -0.335492 3.68592 0.0327034 -0.0388495 2511.96
839334 1 0.01 0.3 32.9 -0.0157752 0.219259 2.31437 0.000291765 0.0166215 2511.96
839992 1 0.01 0.3 32.9 -0.369267 -0.09247 1.96065 -0.0227693 -0.00412814 2511.96
840273 1 0.01 0.3 32.9 -0.346854 0.0292952 0.71506 -0.00866126 0.00304554 2511.96
840460 1 0.01 0.3 32.9 -0.480453 0.309271 2.90204 -0.0435345 0.0271796 2511.96
842247 1 0.01 0.3 32.9 -0.187568 -0.47853 2.85203 -0.0161492 -0.0417217 2511.96
842342 1 0.01 0.3 32.9 -0.201812 0.422096 7.05795 -0.0427554 0.0915235 2511.96
843937 1 0.01 0.3 32.9 0.12312 -0.148735 3.72801 0.0133884 -0.0169614 2511.96
844514 1 0.01 0.3 32.9 0.450986 0.38779 7.01378 0.0937637 0.0854087 2511.96
844777 1 0.01 0.3 32.9 0.306609 -0.41763 0.530448 0.00519431 -0.00641726 2511.96
844830 1 0.01 0.3 32.9 0.273954 -0.469703 0.454282 0.00488806 -0.00485916 2511.96
846084 1 0.01 0.3 32.9 -0.154906 0.270584 0.325958 -0.00329175 0.002848 2511.96
847558 1 0.01 0.3 32.9 0.267061 -0.13602 2.23778 0.0179618 -0.00996527 2511.96
848902 1 0.01 0.3 32.9 -0.450321 0.296717 0.890593 -0.0132068 0.00687482 2511.96
849045 1 0.01 0.3 32.9 0.206295 -0.213939 2.20576 0.0161581 -0.0138647 2511.96
849610 1 0.01 0.3 32.9 -0.161447 0.217329 2.91175 -0.0156903 0.0171454 2511.96
850099 1 0.01 0.3 32.9 0.336218 0.262032 1.61092 0.0178378 0.0130598 2511.96
851070 1 0.01 0.3 32.9 -0.0844822 -0.134834 3.20532 -0.00683551 -0.0128402 2511.96
851120 1 0.01 0.3 32.9 -0.359941 0.355676 6.58857 -0.072252 0.0717956 2511.96
852505 1 0.01 0.3 32.9 0.265608 0.363959 1.21082 0.0118391 0.0129315 2511.96
854052 1 0.01 0.3 32.9 -0.0785835 0.184224 2.67232 -0.00577176 0.0151803 2511.96
854059 1 0.01 0.3 32.9 0.401842 -0.208826 2.83648 0.033182 -0.020967 2511.96
854434 1 0.01 0.3 32.9 -0.15898 0.120242 3.23465 -0.0159672 0.0132677 2511.96
854636 1 0.01 0.3 32.9 -0.404599 -0.393912 2.40747 -0.0295955 -0.0286405 2511.96
855180 1 0.01 0.3 32.9 -0.456727 -0.086394 3.9171 -0.053846 -0.00960694 2511.96
856552 1 0.01 0.3 32.9 0.0958256 -0.213009 0.806806 0.0035512 -0.0048048 2511.96
857137 1 0.01 0.3 32.9 -0.390284 0.39955 1.62733 -0.0198821 0.0161202 2511.96
858564 1 0.01 0.3 32.9 -0.43153 0.0447823 1.56797 -0.0193074 0.0002536 2511.96
859476 1 0.01 0.3 32.9 0.0935753 -0.0823535 1.39755 0.00402474 -0.00383267 2511.96
859819 1 0.01 0.3 32.9 0.40593 0.225645 0.937143 0.00987931 0.00578062 2511.96
860578 1 0.01 0.3 32.9 0.156194 -0.0927646 1.52084 0.00557681 -0.0021909 2511.96
861664 1 0.01 0.3 32.9 -0.318709 -0.316474 1.59127 -0.0149392 -0.0162365 2511.96
861874 1 0.01 0.3 32.9 -0.0309521 0.126818 1.38748 -0.00132667 0.00721887 2511.96
861911 1 0.01 0.3 32.9 0.476008 -0.432011 1.97634 0.0296749 -0.0239551 2511.96
862230 1 0.01 0.3 32.9 -0.00469265 0.426673 7.76683 0.000184214 0.101154 2511.96
862254 1 0.01 0.3 32.9 -0.409234 0.174014 3.05913 -0.0388849 0.0146083 2511.96
862446 1 0.01 0.3 32.9 -0.153534 0.232206 0.69657 -0.00267473 0.0060265 2511.96
864712 1 0.01 0.3 32.9 -0.469831 -0.408988 2.46309 -0.0355355 -0.0328811 2511.96
866647 1 0.01 0.3 32.9 0.423241 0.424975 4.55397 0.0602584 0.0605529 2511.96
868299 1 0.01 0.3 32.9 0.0166919 0.260877 0.978418 -0.000218081 0.00751298 2511.96
868584 1 0.01 0.3 32.9 -0.135915 -0.244413 2.02682 -0.00811335 -0.0130504 2511.96
868736 1 0.01 0.3 32.9 0.373958 0.481103 1.6772 0.0179211 0.0248622 2511.96
868814 1 0.01 0.3 32.9 0.113231 0.198881 2.29836 0.00910732 0.0146248 2511.96
869138 1 0.01 0.3 32.9 0.101882 0.0836891 0.51153 0.002139 0.000129326 2511.96
870231 1 0.01 0.3 32.9 -0.418142 -0.463327 1.51837 -0.0197125 -0.0206392 2511.96
873033 1 0.01 0.3 32.9 -0.200551 -0.140469 7.81945 -0.0481002 -0.0360209 2511.96
873365 1 0.01 0.3 32.9 -0.141429 -0.429317 1.04496 -0.00346716 -0.0139922 2511.96
873540 1 0.01 0.3 32.9 0.198153 -0.0477238 1.78858 0.00936442 -0.00325483 2511.96
874635 1 0.01 0.3 32.9 0.0397556 0.139721 0.790845 0.000403145 0.00342479 2511.96
875267 1 0.01 0.3 32.9 0.0299855 0.489563 0.210291 0.00317334 0.00343303 2511.96
875304 1 0.01 0.3 32.9 0.49596 -0.0203617 4.53017 0.06854 -0.00265678 2511.96
876114 1 0.01 0.3 32.9 0.336126 0.228865 4.04829 0.0407403 0.025426 2511.96
877942 1 0.01 0.3 32.9 -0.26119 0.388428 2.07007 -0.0187916 0.0239801 2511.96
878615 1 0.01 0.3 32.9 -0.278628 0.0169875 0.550964 -0.00493843 0.000932362 2511.96
878937 1 0.01 0.3 32.9 -0.0219565 0.34076 0.903709 -0.00322351 0.00908055 2511.96
880760 1 0.01 0.3 32.9 -0.376794 0.392445 4.88817 -0.0531227 0.0568201 2511.96
880949 1 0.01 0.3 32.9 -0.112576 0.410733 3.62665 -0.0138366 0.0465585 2511.96
881272 1 0.01 0.3 32.9 0.246081 -0.123142 2.02879 0.0156384 -0.00612238 2511.96
882041 1 0.01 0.3 32.9 -0.00518098 -0.206267 0.577876 0.000915563 -0.00542869 2511.96
882061 1 0.01 0.3 32.9 -0.27933 0.239848 2.78792 -0.0225908 0.0199255 2511.96
882431 1 0.01 0.3 32.9 -0.211422 -0.175456 1.00359 -0.00582041 -0.00523334 2511.96
882449 1 0.01 0.3 32.9 -0.194904 -0.162371 0.910865 -0.00512569 -0.00851295 2511.96
885337 1 0.01 0.3 32.9 0.0317368 0.254326 3.52218 0.00392255 0.0283749 2511.96
886141 1 0.01 0.3 32.9 -0.0425418 -0.454822 2.04524 -0.00198005 -0.0262255 2511.96
886407 1 0.01 0.3 32.9 0.231304 -0.253808 0.98609 0.00543117 -0.00779747 2511.96
887387 1 0.01 0.3 32.9 -0.483891 -0.088448 3.55125 -0.0536043 -0.00978947 2511.96
887690 1 0.01 0.3 32.9 -0.349248 -0.336574 0.886613 -0.00899543 -0.00852098 2511.96
888180 1 0.01 0.3 32.9 -0.426031 -0.245063 3.48923 -0.0434259 -0.0249838 2511.96
889977 1 0.01 0.3 32.9 -0.0927354 0.224233 4.34526 -0.0120131 0.0285773 2511.96
890734 1 0.01 0.3 32.9 0.176846 -0.251639 2.47812 0.014893 -0.0199669 2511.96
891959 1 0.01 0.3 32.9 0.249009 0.272392 1.60972 0.0120662 0.011075 2511.96
892056 1 0.01 0.3 32.9 -0.39799 0.338728 2.34809 -0.0306029 0.0249703 2511.96
893258 1 0.01 0.3 32.9 -0.160171 -0.0411247 5.23155 -0.0240926 -0.00588224 2511.96
893574 1 0.01 0.3 32.9 -0.470003 -0.227583 1.18598 -0.0183072 -0.00863779 2511.96
893686 1 0.01 0.3 32.9 0.404975 -0.119166 3.62089 0.0467677 -0.0150579 2511.96
893875 1 0.01 0.3 32.9 0.486368 -0.338192 1.32636 0.020083 -0.0136642 2511.96
894832 1 0.01 0.3 32.9 0.13549 0.0133018 0.778533 0.00102509 -0.00139629 2511.96
896542 1 0.01 0.3 32.9 0.0953407 -0.198098 1.95969 0.00360189 -0.0122517 2511.96
899047 1 0.01 0.3 32.9 -0.492667 -0.265179 1.35897 -0.0189491 -0.0124648 2511.96
899859 1 0.01 0.3 32.9 0.0589113 0.141257 1.61356 0.00348639 0.00712041 2511.96
900412 1 0.01 0.3 32.9 0.0406511 -0.222412 2.63549 0.00221857 -0.0189877 2511.96
901838 1 0.01 0.3 32.9 -0.234904 0.419156 0.989595 -0.00884064 0.0126068 2511.96
902099 1 0.01 0.3 32.9 0.36052 -0.218963 0.56026 0.00485274 -0.00446192 2511.96
902330 1 0.01 0.3 32.9 0.126579 0.234918 0.983078 0.00402262 0.00768448 2511.96
902362 1 0.01 0.3 32.9 -0.3185 0.160661 3.82991 -0.0386832 0.0169088 2511.96
905465 1 0.01 0.3 32.9 -0.441571 -0.430948 1.57742 -0.0206353 -0.0191772 2511.96
905900 1 0.01 0.3 32.9 0.219354 0.0488599 5.63294 0.0369159 0.00897249 2511.96
906530 1 0.01 0.3 32.9 -0.271786 0.126411 4.11768 -0.0348253 0.0149363 2511.96
907027 1 0.01 0.3 32.9 -0.429256 0.457068 1.24865 -0.0177276 0.018879 2511.96
907189 1 0.01 0.3 32.9 0.222516 0.19542 1.96479 0.0119724 0.0116189 2511.96
908520 1 0.01 0.3 32.9 -0.426495 0.120185 2.16693 -0.0297947 0.00830638 2511.96
910178 1 0.01 0.3 32.9 0.0354063 -0.329503 2.67061 0.000618256 -0.0240473 2511.96
910983 1 0.01 0.3 32.9 0.475785 0.151124 1.74503 0.0264189 0.00548533 2511.96
911366 1 0.01 0.3 32.9 0.143092 0.469785 1.6305 0.00702606 0.0224288 2511.96
913318 1 0.01 0.3 32.9 -0.466248 0.0341745 2.36787 -0.0335218 0.0034194 2511.96
913621 1 0.01 0.3 32.9 0.416504 0.238981 1.91668 0.0227224 0.0122208 2511.96
914497 1 0.01 0.3 32.9 -0.473107 -0.0208909 4.08012 -0.0593774 -0.00264119 2511.96
914669 1 0.01 0.3 32.9 -0.488615 0.496104 1.81643 -0.0249401 0.0276929 2511.96
916467 1 0.01 0.3 32.9 -0.377758 -0.362709 3.59689 -0.0408541 -0.0400446 2511.96
916502 1 0.01 0.3 32.9 0.213922 -0.259211 0.862518 0.00565154 -0.00446798 2511.96
917838 1 0.01 0.3 32.9 -0.277791 -0.482462 1.49781 -0.0134506 -0.0213572 2511.96
918338 1 0.01 0.3 32.9 0.303114 0.226673 1.74017 0.0135412 0.0124568 2511.96
918861 1 0.01 0.3 32.9 0.193974 0.0875631 2.79126 0.0187026 0.00588279 2511.96
918880 1 0.01 0.3 32.9 0.280676 0.430617 2.77805 0.0251295 0.0369567 2511.96
919185 1 0.01 0.3 32.9 -0.242075 -0.128195 2.63753 -0.0205934 -0.0115216 2511.96
920836 1 0.01 0.3 32.9 -0.0802627 0.240721 4.30544 -0.00908509 0.0320318 2511.96
922816 1 0.01 0.3 32.9 -0.0137583 0.0993669 2.56512 -0.0011138 0.00847294 2511.96
924930 1 0.01 0.3 32.9 -0.1675 0.305639 1.18489 -0.00620685 0.0120427 2511.96
924988 1 0.01 0.3 32.9 -0.49132 0.247738 2.39405 -0.0351817 0.0171263 2511.96
925183 1 0.01 0.3 32.9 -0.0457559 0.310971 0.606434 -0.00142669 0.00743192 2511.96
925267 1 0.01 0.3 32.9 -0.229457 -0.0389648 2.09698 -0.0149932 -0.00368825 2511.96
926012 1 0.01 0.3 32.9 0.475044 -0.0972429 8.08675 0.117212 -0.0245375 2511.96
926627 1 0.01 0.3 32.9 0.0256442 -0.172471 1.82144 -0.000355222 -0.00913549 2511.96
927648 1 0.01 0.3 32.9 0.0681599 0.143203 4.27719 0.00778795 0.0185101 2511.96
927670 1 0.01 0.3 32.9 0.224272 -0.430953 3.05352 0.023889 -0.0390182 2511.96
930175 1 0.01 0.3 32.9 -0.385965 -0.366082 2.30811 -0.0256734 -0.0232768 2511.96
932236 1 0.01 0.3 32.9 0.259743 0.117177 5.72663 0.04572 0.0219456 2511.96
933047 1 0.01 0.3 32.9 -0.464007 -0.489497 1.47577 -0.0186976 -0.0221452 2511.96
934078 1 0.01 0.3 32.9 -0.387415 0.486801 3.21353 -0.037309 0.0480813 2511.96
934545 1 0.01 0.3 32.9 -0.216933 0.0503423 1.27119 -0.00888972 3.80789e-05 2511.96
934927 1 0.01 0.3 32.9 0.427381 0.395225 1.20511 0.016255 0.0112849 2511.96
936341 1 0.01 0.3 32.9 0.000549623 -0.0788153 6.07243 -0.00026904 -0.0146004 2511.96
936402 1 0.01 0.3 32.9 -0.0456371 0.367731 2.73167 -0.00416683 0.0300821 2511.96
937054 1 0.01 0.3 32.9 -0.278568 0.145513 0.73847 -0.00617028 0.00188507 2511.96
937855 1 0.01 0.3 32.9 -0.187077 -0.471722 8.75057 -0.0509414 -0.127588 2511.96
940263 1 0.01 0.3 32.9 0.266514 -0.00733631 0.769506 0.0047156 0.000794976 2511.96
942813 1 0.01 0.3 32.9 0.186324 -0.135864 1.05143 0.00515242 -0.00419343 2511.96
942854 1 0.01 0.3 32.9 -0.00461028 0.287255 3.83518 -2.85506e-06 0.035293 2511.96
943597 1 0.01 0.3 32.9 0.380732 -0.311609 2.36172 0.0267501 -0.0242121 2511.96
943696 1 0.01 0.3 32.9 -0.0777013 0.138265 3.80636 -0.0106274 0.0139615 2511.96
944714 1 0.01 0.3 32.9 -0.0367835 -0.465356 1.32633 -0.00174692 -0.0176203 2511.96
946066 1 0.01 0.3 32.9 0.299761 -0.483666 1.51402 0.0144815 -0.0211159 2511.96
947903 1 0.01 0.3 32.9 -0.474309 0.0706013 1.43824 -0.0176103 0.0027023 2511.96
948000 1 0.01 0.3 32.9 -0.320067 0.34477 4.15812 -0.0400422 0.0436648 2511.96
949897 1 0.01 0.3 32.9 -0.105551 -0.23971 0.819668 -0.00245369 -0.00533509 2511.96
950105 1 0.01 0.3 32.9 -0.423432 0.220564 6.02018 -0.0773508 0.041843 2511.96
951067 1 0.01 0.3 32.9 -0.483529 0.234539 1.72408 -0.0242406 0.0107258 2511.96
951442 1 0.01 0.3 32.9 0.0879613 0.0503241 4.52033 0.0136637 0.00882745 2511.96
951676 1 0.01 0.3 32.9 -0.239705 0.346765 3.01573 -0.0229952 0.031706 2511.96
953822 1 0.01 0.3 32.9 0.474711 0.0818284 3.13072 0.045092 0.00894689 2511.96
954008 1 0.01 0.3 32.9 0.2563 -0.00480086 0.769767 0.00463544 0.00024771 2511.96
954425 1 0.01 0.3 32.9 -0.325025 0.352424 4.97428 -0.0500367 0.0527227 2511.96
954858 1 0.01 0.3 32.9 -0.117721 0.176507 1.97854 -0.00703035 0.0103059 2511.96
955348 1 0.01 0.3 32.9 -0.261571 0.198241 0.691757 -0.00744934 0.00278136 2511.96
955911 1 0.01 0.3 32.9 0.355642 -0.106631 1.56198 0.0180304 -0.00305898 2511.96
956878 1 0.01 0.3 32.9 0.159207 -0.28904 1.22982 0.00623069 -0.00827416 2511.96
957104 1 0.01 0.3 32.9 -0.000350994 0.426937 2.17668 0.00212492 0.0286336 2511.96
958729 1 0.01 0.3 32.9 0.0971323 -0.40144 1.66547 0.00615269 -0.0202435 2511.96
960610 1 0.01 0.3 32.9 -0.483645 0.247663 1.32715 -0.019727 0.0107343 2511.96
961936 1 0.01 0.3 32.9 -0.0111516 -0.336509 2.86935 8.80184e-05 -0.0288963 2511.96
962184 1 0.01 0.3 32.9 0.429999 -0.2332 2.54901 0.0346393 -0.0178509 2511.96
962844 1 0.01 0.3 32.9 -0.235403 0.0868862 0.562658 -0.0012893 0.00515394 2511.96
962912 1 0.01 0.3 32.9 -0.125988 -0.499649 2.54876 -0.010152 -0.0404819 2511.96
963914 1 0.01 0.3 32.9 0.0951106 -0.292242 2.47169 0.00771515 -0.0233583 2511.96
965753 1 0.01 0.3 32.9 0.227656 0.0901212 0.783474 0.00343381 0.00436526 2511.96
965825 1 0.01 0.3 32.9 0.0479528 -0.128448 2.23844 0.00377 -0.00820885 2511.96
966605 1 0.01 0.3 32.9 0.17367 0.441112 0.929506 0.004913 0.0115452 2511.96
967293 1 0.01 0.3 32.9 -0.043412 -0.159188 2.27263 -0.00296253 -0.00993317 2511.96
967308 1 0.01 0.3 32.9 -0.457703 0.0609125 1.21018 -0.0157799 0.00288949 2511.96
969368 1 0.01 0.3 32.9 -0.0639365 -0.172997 0.859691 -0.00056498 -0.008069 2511.96
969959 1 0.01 0.3 32.9 -0.249128 -0.0370515 3.45048 -0.0262209 -0.00311394 2511.96
972153 1 0.01 0.3 32.9 -0.180196 -0.417245 0.554122 -0.00270271 -0.00582137 2511.96
972429 1 0.01 0.3 32.9 -0.351204 0.0138816 2.20526 -0.0241079 -0.00109959 2511.96
972863 1 0.01 0.3 32.9 0.0480425 -0.381228 2.26816 0.00382206 -0.0262783 2511.96
974656 1 0.01 0.3 32.9 0.150684 -0.203201 1.10492 0.00665397 -0.00664822 2511.96
974682 1 0.01 0.3 32.9 0.0895336 0.419324 2.54993 0.00774276 0.0301834 2511.96
975844 1 0.01 0.3 32.9 -0.306062 0.397354 2.37333 -0.021768 0.0247057 2511.96
976890 1 0.01 0.3 32.9 -0.35666 -0.244537 6.74899 -0.0737525 -0.0510849 2511.96
977065 1 0.01 0.3 32.9 0.192305 -0.246871 2.62958 0.0183896 -0.017214 2511.96
977183 1 0.01 0.3 32.9 0.0710772 0.267306 1.15479 0.00315307 0.0100741 2511.96
977523 1 0.01 0.3 32.9 -0.0164985 -0.0916824 0.711021 -0.00134838 -0.00264275 2511.96
978702 1 0.01 0.3 32.9 0.122964 -0.276679 2.4303 0.0104416 -0.0206886 2511.96
978742 1 0.01 0.3 32.9 -0.0315205 0.365719 1.19652 -0.00187564 0.0139904 2511.96
979332 1 0.01 0.3 32.9 -0.234376 -0.070297 2.00158 -0.0135706 -0.00379875 2511.96
979565 1 0.01 0.3 32.9 0.145193 0.427619 2.94053 0.0127382 0.0378542 2511.96
979794 1 0.01 0.3 32.9 -0.421124 -0.0051564 0.685834 -0.00792575 0.000338153 2511.96
979822 1 0.01 0.3 32.9 0.249556 -0.439822 1.49149 0.012786 -0.0205212 2511.96
979835 1 0.01 0.3 32.9 0.165223 0.0249929 1.36421 0.00606602 0.00299061 2511.96
981532 1 0.01 0.3 32.9 0.238584 -0.0204673 0.718277 0.00459368 -0.000630432 2511.96
981867 1 0.01 0.3 32.9 -0.256313 0.318991 0.926863 -0.0071749 0.00992308 2511.96
982526 1 0.01 0.3 32.9 0.46569 0.442926 2.90597 0.0398174 0.0399861 2511.96
983520 1 0.01 0.3 32.9 0.13145 -0.155227 1.50552 0.00651652 -0.00576603 2511.96
985026 1 0.01 0.3 32.9 0.323132 -0.412414 2.30169 0.0201947 -0.0278861 2511.96
987223 1 0.01 0.3 32.9 0.0282211 0.401582 1.37759 0.000225635 0.0159418 2511.96
987710 1 0.01 0.3 32.9 0.168854 0.00956385 1.62371 0.00876254 0.00321348 2511.96
987795 1 0.01 0.3 32.9 -0.378127 -0.356088 2.42737 -0.0273241 -0.027334 2511.96
989109 1 0.01 0.3 32.9 -0.20449 0.334421 1.12135 -0.00791418 0.0104591 2511.96
989638 1 0.01 0.3 32.9 0.0584233 -0.392698 1.06642 0.00116113 -0.0117801 2511.96
990796 1 0.01 0.3 32.9 0.0792165 -0.46387 2.45329 0.00686523 -0.0333056 2511.96
991335 1 0.01 0.3 32.9 -0.178525 -0.140366 1.78222 -0.0062958 -0.00705851 2511.96
991410 1 0.01 0.3 32.9 0.0149039 -0.378115 2.71772 0.00179513 -0.0299206 2511.96
991815 1 0.01 0.3 32.9 0.423819 0.0145832 1.51657 0.0179287 0.00168063 2511.96
992592 1 0.01 0.3 32.9 0.408819 0.485301 4.53325 0.0550965 0.067817 2511.96
993114 1 0.01 0.3 32.9 0.238738 -0.0438262 0.988146 0.00728497 -0.000510678 2511.96
993656 1 0.01 0.3 32.9 -0.429079 -0.36263 7.13382 -0.0934437 -0.0812047 2511.96
994152 1 0.01 0.3 32.9 -0.0743689 0.291651 4.74666 -0.00926622 0.0414621 2511.96
994637 1 0.01 0.3 32.9 0.0251516 0.0182068 1.3002 0.000214235 -0.00235201 2511.96
994828 1 0.01 0.3 32.9 -0.292319 0.188302 2.24408 -0.0200794 0.0137639 2511.96
995268 1 0.01 0.3 32.9 0.240162 0.30582 2.64837 0.0184723 0.0261536 2511.96
996340 1 0.01 0.3 32.9 0.379861 -0.252325 6.08951 0.0700974 -0.0482191 2511.96
996798 1 0.01 0.3 32.9 0.449806 -0.274697 2.01639 0.0276437 -0.014433 2511.96
997811 1 0.01 0.3 32.9 -0.0723301 0.00659423 2.39621 -0.00380925 -0.00131558 2511.96
998745 1 0.01 0.3 32.9 0.320125 0.313108 3.55357 0.0355634 0.0345673 2511.96
999318 1 0.01 0.3 32.9 -0.187065 0.497381 1.63745 -0.0106622 0.0240646 2511.96
999588 1 0.01 0.3 32.9 0.320405 -0.0487731 1.54967 0.0151759 -0.00217772 2511.96
383 1 0.01 0.3 32.9 0.0715049 -0.0209577 1.16089 0.00171936 -0.0030609 2505.06
671 1 0.01 0.3 32.9 -0.315727 0.253229 4.6046 -0.0431496 0.0368829 2505.06
1447 1 0.01 0.3 32.9 -0.346993 0.242945 4.05482 -0.0467632 0.0309253 2505.06
1613 1 0.01 0.3 32.9 -0.212855 -0.442393 1.87519 -0.0130652 -0.0231708 2505.06
3442 1 0.01 0.3 32.9 0.274629 0.173177 1.73988 0.0150538 0.0127072 2505.06
4811 1 0.01 0.3 32.9 0.433577 -0.39979 2.32451 0.0310772 -0.0267471 2505.06
6419 1 0.01 0.3 32.9 -0.42805 0.39703 7.4748 -0.0981997 0.0897605 2505.06
6564 1 0.01 0.3 32.9 0.231847 -0.0684188 1.48168 0.0105702 -0.00222945 2505.06
7420 1 0.01 0.3 32.9 -0.361947 -0.457902 2.16519 -0.0226344 -0.0305604 2505.06
10736 1 0.01 0.3 32.9 0.0919146 0.360165 0.588632 -0.00258592 0.00670242 2505.06
14097 1 0.01 0.3 32.9 0.232294 0.465419 0.851759 0.00730364 0.0128203 2505.06
16123 1 0.01 0.3 32.9 -0.0810457 -0.07394 3.0492 -0.00813265 -0.00803324 2505.06
16454 1 0.01 0.3 32.9 0.149696 -0.192616 2.81726 0.0131261 -0.0153684 2505.06
16720 1 0.01 0.3 32.9 0.239675 -0.207786 5.323 0.0389414 -0.0350491 2505.06
17211 1 0.01 0.3 32.9 -0.346546 -0.0159816 4.14222 -0.0436718 -0.00328929 2505.06
17885 1 0.01 0.3 32.9 0.375444 -0.0168793 1.01814 0.0136718 -0.000567617 2505.06
18646 1 0.01 0.3 32.9 -0.200549 -0.154881 2.32386 -0.0131953 -0.0103697 2505.06
19141 1 0.01 0.3 32.9 -0.388172 0.0782511 0.579685 -0.005652 -0.000411748 2505.06
19905 1 0.01 0.3 32.9 -0.107011 0.183374 1.00042 -0.00203207 0.00493492 2505.06
20653 1 0.01 0.3 32.9 0.122612 0.434923 4.11022 0.0139925 0.0550239 2505.06
22592 1 0.01 0.3 32.9 0.316345 -0.141647 0.717463 0.00741024 -0.00215154 2505.06
23030 1 0.01 0.3 32.9 0.477553 -0.119925 0.830199 0.0118939 -0.00203235 2505.06
24046 1 0.01 0.3 32.9 0.463852 0.0798188 1.10732 0.0151697 0.00572908 2505.06
24525 1 0.01 0.3 32.9 -0.0500853 0.100677 10.2849 -0.0173445 0.0326597 2505.06
25583 1 0.01 0.3 32.9 0.0665427 -0.00198394 2.03347 0.00411417 -0.00364003 2505.06
25652 1 0.01 0.3 32.9 0.0806117 -0.341044 2.44934 0.00467687 -0.0235896 2505.06
26286 1 0.01 0.3 32.9 -0.137197 0.45465 1.38113 -0.00577782 0.0180069 2505.06
26502 1 0.01 0.3 32.9 -0.0827126 -0.103954 2.36758 -0.00587392 -0.00844105 2505.06
26580 1 0.01 0.3 32.9 -0.0482618 -0.242786 0.445077 0.00259509 -0.00418789 2505.06
27000 1 0.01 0.3 32.9 0.437625 -0.460419 1.94652 0.0275887 -0.0248818 2505.06
27011 1 0.01 0.3 32.9 -0.221797 0.258365 2.80712 -0.0187063 0.0231377 2505.06
27223 1 0.01 0.3 32.9 -0.220955 -0.321854 2.85719 -0.0184013 -0.0298685 2505.06
28160 1 0.01 0.3 32.9 0.0979051 0.415875 5.20219 0.0186042 0.0656102 2505.06
28734 1 0.01 0.3 32.9 -0.0439245 0.092438 1.29006 -0.00111576 0.0031697 2505.06
28759 1 0.01 0.3 32.9 0.459556 0.20219 1.64413 0.023618 0.011108 2505.06
28897 1 0.01 0.3 32.9 -0.0208574 -0.20061 3.98378 -0.00309038 -0.0243889 2505.06
30265 1 0.01 0.3 32.9 -0.117401 -0.319574 1.7927 -0.00517952 -0.0182149 2505.06
32083 1 0.01 0.3 32.9 -0.366011 0.183961 0.488979 -0.00522497 0.000776212 2505.06
34022 1 0.01 0.3 32.9 0.155255 -0.28855 0.799906 0.00385067 -0.00727396 2505.06
34310 1 0.01 0.3 32.9 0.396015 0.275161 0.584229 0.00647038 0.00108218 2505.06
35653 1 0.01 0.3 32.9 0.490664 0.206795 2.82711 0.0416699 0.0199901 2505.06
35891 1 0.01 0.3 32.9 0.0869295 0.432278 0.487039 0.00157129 0.00580742 2505.06
36408 1 0.01 0.3 32.9 -0.101243 -0.113014 1.92954 -0.00644077 -0.0089044 2505.06
36686 1 0.01 0.3 32.9 -0.0372409 0.440442 1.37206 -0.00122276 0.0179937 2505.06
37562 1 0.01 0.3 32.9 -0.411515 -0.474716 2.76675 -0.0328229 -0.0368194 2505.06
37784 1 0.01 0.3 32.9 -0.419755 -0.0269956 0.6903 -0.00921027 -0.00259906 2505.06
38334 1 0.01 0.3 32.9 -0.19862 -0.172024 2.3535 -0.015747 -0.0130682 2505.06
39665 1 0.01 0.3 32.9 -0.114959 0.265465 1.9063 -0.00503974 0.0144556 2505.06
39892 1 0.01 0.3 32.9 0.255018 0.161625 2.87161 0.0230924 0.0134571 2505.06
40126 1 0.01 0.3 32.9 -0.469605 0.263384 1.65728 -0.0238121 0.0130979 2505.06
40263 1 0.01 0.3 32.9 -0.38648 0.265377 4.5813 -0.0508822 0.0376016 2505.06
40680 1 0.01 0.3 32.9 -0.105807 -0.322942 1.59098 -0.00707546 -0.0153156 2505.06
41375 1 0.01 0.3 32.9 0.262933 0.498997 2.96353 0.0224015 0.0460544 2505.06
41705 1 0.01 0.3 32.9 -0.446617 -0.482309 3.32776 -0.0453383 -0.0484668 2505.06
42737 1 0.01 0.3 32.9 -0.078186 -0.296999 6.85868 -0.0168761 -0.0621807 2505.06
43330 1 0.01 0.3 32.9 -0.0390129 0.354901 1.47106 -0.00536482 0.0148827 2505.06
44760 1 0.01 0.3 32.9 -0.137527 0.217003 1.09093 -0.00537626 0.00759018 2505.06
45636 1 0.01 0.3 32.9 -0.207848 -0.407116 3.99607 -0.0247805 -0.0468806 2505.06
45742 1 0.01 0.3 32.9 0.0389827 -0.479057 5.80732 0.0101496 -0.0863938 2505.06
47002 1 0.01 0.3 32.9 0.155072 0.351134 2.25153 0.0077098 0.0249052 2505.06
47878 1 0.01 0.3 32.9 -0.352468 -0.324796 1.27675 -0.0126695 -0.0126571 2505.06
49264 1 0.01 0.3 32.9 -0.266334 -0.119413 1.27306 -0.0121834 -0.00372105 2505.06
51650 1 0.01 0.3 32.9 -0.257445 0.233937 1.22002 -0.010016 0.00784495 2505.06
52203 1 0.01 0.3 32.9 -0.360384 -0.194586 7.44675 -0.0828785 -0.04336 2505.06
52345 1 0.01 0.3 32.9 0.306238 -0.242273 1.95146 0.0180684 -0.0156671 2505.06
53593 1 0.01 0.3 32.9 0.30991 0.241776 3.27586 0.0317503 0.022921 2505.06
53731 1 0.01 0.3 32.9 0.149243 0.336093 1.59147 0.00722049 0.0136516 2505.06
53785 1 0.01 0.3 32.9 0.316077 0.442438 1.95256 0.0192219 0.0241192 2505.06
53847 1 0.01 0.3 32.9 0.0714469 -0.148449 1.26363 0.00369525 -0.00597169 2505.06
55392 1 0.01 0.3 32.9 -0.476352 -0.389206 3.50869 -0.049998 -0.0397053 2505.06
55839 1 0.01 0.3 32.9 0.461834 0.452375 0.959199 0.0144899 0.0133613 2505.06
56190 1 0.01 0.3 32.9 0.373585 -0.24245 0.592034 0.00716294 -0.00295519 2505.06
56261 1 0.01 0.3 32.9 -0.0428418 -0.328166 2.6978 -0.00391316 -0.0255738 2505.06
56289 1 0.01 0.3 32.9 0.411496 0.485639 1.69043 0.0236563 0.0259821 2505.06
58233 1 0.01 0.3 32.9 0.050498 -0.473246 1.26325 0.000996967 -0.0189474 2505.06
58241 1 0.01 0.3 32.9 0.342912 -0.085714 2.27918 0.0227909 -0.00337146 2505.06
58635 1 0.01 0.3 32.9 0.101729 0.302481 2.49388 0.00831706 0.0220918 2505.06
59346 1 0.01 0.3 32.9 0.420701 0.0478999 2.14066 0.0271573 0.00188658 2505.06
60200 1 0.01 0.3 32.9 0.237723 0.182522 0.965809 0.00709765 0.00355754 2505.06
60397 1 0.01 0.3 32.9 -0.233415 -0.023452 1.67648 -0.0142859 0.00051235 2505.06
60624 1 0.01 0.3 32.9 0.433307 -0.100254 1.33782 0.0177086 -0.00308349 2505.06
61039 1 0.01 0.3 32.9 0.0639043 -0.326745 1.57396 0.00373809 -0.0153293 2505.06
61156 1 0.01 0.3 32.9 -0.0329921 -0.374174 1.28056 -0.0024155 -0.0114419 2505.06
61472 1 0.01 0.3 32.9 0.420486 -0.0532818 4.90551 0.0632566 -0.00978368 2505.06
61904 1 0.01 0.3 32.9 -0.274305 -0.275386 3.10794 -0.0243896 -0.0237877 2505.06
61913 1 0.01 0.3 32.9 0.256008 0.150004 0.7652 0.00834438 0.00227019 2505.06
62010 1 0.01 0.3 32.9 -0.330213 -0.167126 1.66248 -0.0162232 -0.00974922 2505.06
62093 1 0.01 0.3 32.9 0.1646 -0.0618797 1.77365 0.010138 -0.00291272 2505.06
62225 1 0.01 0.3 32.9 0.195334 -0.050324 3.20125 0.0179637 -0.00442329 2505.06
62886 1 0.01 0.3 32.9 0.40639 0.198067 4.69327 0.0584864 0.0282147 2505.06
64073 1 0.01 0.3 32.9 0.0597993 -0.179946 1.22155 0.000614753 -0.00734519 2505.06
65155 1 0.01 0.3 32.9 -0.290487 -0.194418 1.2589 -0.00889119 -0.00956904 2505.06
65978 1 0.01 0.3 32.9 -0.136652 -0.312407 0.413003 -0.0033726 -0.00228151 2505.06
66094 1 0.01 0.3 32.9 -0.0971512 -0.196571 1.4894 -0.00246954 -0.0101762 2505.06
66443 1 0.01 0.3 32.9 -0.339961 -0.0501555 6.77887 -0.0707213 -0.00829003 2505.06
67103 1 0.01 0.3 32.9 0.127538 0.164409 2.05209 0.00751387 0.00664895 2505.06
67298 1 0.01 0.3 32.9 -0.447837 -0.488445 2.07614 -0.0293314 -0.0309505 2505.06
68579 1 0.01 0.3 32.9 -0.192815 -0.0406025 0.501864 -0.00248066 -0.00242906 2505.06
70469 1 0.01 0.3 32.9 0.439556 -0.0833373 2.21015 0.02708 -0.00706079 2505.06
70784 1 0.01 0.3 32.9 -0.237935 0.370596 4.31519 -0.0307536 0.0489643 2505.06
71653 1 0.01 0.3 32.9 -0.16223 0.0260472 10.3281 -0.0515032 0.00819187 2505.06
72339 1 0.01 0.3 32.9 -0.316397 0.244813 1.58446 -0.0152932 0.0124533 2505.06
73114 1 0.01 0.3 32.9 0.210609 -0.252113 1.7079 0.0100507 -0.0146972 2505.06
73596 1 0.01 0.3 32.9 -0.106587 0.0789514 2.14472 -0.00601847 0.00657446 2505.06
73657 1 0.01 0.3 32.9 0.271047 -0.450815 1.10455 0.00823959 -0.0159318 2505.06
75187 1 0.01 0.3 32.9 -0.293231 -0.257474 1.50221 -0.014394 -0.0108608 2505.06
76444 1 0.01 0.3 32.9 0.0017578 0.299233 3.30327 -0.000604962 0.0304514 2505.06
76907 1 0.01 0.3 32.9 -0.162751 -0.262547 1.15438 -0.0067924 -0.00853635 2505.06
79213 1 0.01 0.3 32.9 0.278389 -0.450862 2.10273 0.017607 -0.0310239 2505.06
79911 1 0.01 0.3 32.9 -0.493595 0.0627422 2.65323 -0.039856 0.00561735 2505.06
79935 1 0.01 0.3 32.9 -0.0944491 0.250132 1.89112 -0.0077829 0.0150265 2505.06
80117 1 0.01 0.3 32.9 0.239799 0.185772 1.47667 0.0110738 0.0067104 2505.06
81206 1 0.01 0.3 32.9 -0.183449 -0.288674 2.08643 -0.012876 -0.0163364 2505.06
81600 1 0.01 0.3 32.9 -0.17671 -0.294394 2.15608 -0.0104243 -0.0193073 2505.06
81978 1 0.01 0.3 32.9 0.0476853 -0.139329 2.03718 0.00209329 -0.00810117 2505.06
82347 1 0.01 0.3 32.9 0.289989 0.357122 18.0287 0.156452 0.196109 2505.06
86980 1 0.01 0.3 32.9 -0.182731 -0.469016 3.3039 -0.0185107 -0.0456344 2505.06
87338 1 0.01 0.3 32.9 0.459083 -0.419032 3.11524 0.0436098 -0.0376253 2505.06
87367 1 0.01 0.3 32.9 -0.15165 -0.463315 6.92473 -0.0319323 -0.096857 2505.06
88497 1 0.01 0.3 32.9 -0.343042 -0.361541 1.53047 -0.0152494 -0.01571 2505.06
88678 1 0.01 0.3 32.9 0.186612 -0.17747 2.34899 0.0125359 -0.0126126 2505.06
89580 1 0.01 0.3 32.9 -0.479477 0.416299 1.98012 -0.0290942 0.027799 2505.06
90349 1 0.01 0.3 32.9 0.12073 -0.258938 1.0991 0.00461811 -0.00930854 2505.06
91309 1 0.01 0.3 32.9 0.0294961 0.462151 3.24366 0.00408222 0.0446786 2505.06
91760 1 0.01 0.3 32.9 0.339576 -0.309439 4.31969 0.0438243 -0.04176 2505.06
91935 1 0.01 0.3 32.9 0.126502 0.292469 1.54271 0.00792166 0.013089 2505.06
92034 1 0.01 0.3 32.9 0.0400154 -0.236497 1.85453 -0.000348928 -0.0131541 2505.06
92303 1 0.01 0.3 32.9 -0.27358 0.138814 3.91117 -0.0324778 0.0160035 2505.06
92791 1 0.01 0.3 32.9 -0.196753 0.268828 1.47703 -0.00838016 0.0140683 2505.06
94385 1 0.01 0.3 32.9 0.366188 -0.417484 0.971614 0.0107457 -0.00828584 2505.06
95165 1 0.01 0.3 32.9 0.495828 -0.406039 1.93802 0.0289291 -0.0261095 2505.06
95466 1 0.01 0.3 32.9 0.438207 -0.185235 1.03483 0.0156798 -0.00538134 2505.06
95601 1 0.01 0.3 32.9 -0.298895 -0.379547 6.28222 -0.0554326 -0.0737927 2505.06
96253 1 0.01 0.3 32.9 0.385251 -0.316424 0.702361 0.00743832 -0.00525146 2505.06
99556 1 0.01 0.3 32.9 0.437895 -0.373699 3.27057 0.0423628 -0.0376402 2505.06
101560 1 0.01 0.3 32.9 0.0382032 0.231865 1.5331 0.00274236 0.0101146 2505.06
104116 1 0.01 0.3 32.9 0.0837539 -0.490729 1.48987 0.00348378 -0.022653 2505.06
104401 1 0.01 0.3 32.9 0.100125 -0.230469 3.47887 0.0098095 -0.0239448 2505.06
104466 1 0.01 0.3 32.9 0.0525691 0.28944 1.54546 0.000604155 0.0123745 2505.06
105744 1 0.01 0.3 32.9 0.488416 -0.384502 1.39611 0.0221951 -0.0157773 2505.06
106317 1 0.01 0.3 32.9 -0.307947 0.0745609 0.717392 -0.0084009 0.0021797 2505.06
106453 1 0.01 0.3 32.9 0.0780783 0.13206 1.6388 0.00465462 0.00608731 2505.06
106853 1 0.01 0.3 32.9 0.228445 0.125343 2.07755 0.0152009 0.00924669 2505.06
106894 1 0.01 0.3 32.9 0.138683 -0.34731 0.823645 0.00160736 -0.00820723 2505.06
107343 1 0.01 0.3 32.9 -0.150183 0.382933 0.321837 -0.000929658 0.0014065 2505.06
107777 1 0.01 0.3 32.9 0.0109338 0.31117 2.06214 -0.00202788 0.019371 2505.06
108650 1 0.01 0.3 32.9 -0.0639599 -0.0640892 4.91491 -0.0118789 -0.0113387 2505.06
109510 1 0.01 0.3 32.9 0.112707 0.302796 2.07725 0.00897593 0.0201989 2505.06
112357 1 0.01 0.3 32.9 0.23183 -0.197991 0.576105 0.00307709 -0.00363261 2505.06
113222 1 0.01 0.3 32.9 -0.0701678 -0.430642 0.994677 -0.00177211 -0.0152125 2505.06
113824 1 0.01 0.3 32.9 -0.114201 0.440344 1.50983 -0.00454241 0.0203017 2505.06
114038 1 0.01 0.3 32.9 -0.282876 0.23585 4.65402 -0.0381828 0.0324306 2505.06
115162 1 0.01 0.3 32.9 0.255906 0.0371322 2.3136 0.021146 0.00308325 2505.06
115543 1 0.01 0.3 32.9 0.206205 -0.33033 1.50515 0.0105276 -0.0147699 2505.06
116810 1 0.01 0.3 32.9 -0.446241 -0.384846 2.06405 -0.0237616 -0.0232423 2505.06
118159 1 0.01 0.3 32.9 0.495094 -0.0635609 2.07153 0.0320328 -0.00332331 2505.06
118390 1 0.01 0.3 32.9 -0.443481 -0.272006 6.92866 -0.0930959 -0.0552819 2505.06
118827 1 0.01 0.3 32.9 0.45875 0.488402 2.07417 0.029047 0.0317889 2505.06
121137 1 0.01 0.3 32.9 -0.0515252 -0.0221221 2.35294 -0.00306325 -0.00089153 2505.06
121574 1 0.01 0.3 32.9 -0.408193 -0.0311993 0.502962 -0.00615848 0.000845897 2505.06
121730 1 0.01 0.3 32.9 -0.00129566 -0.335406 0.926097 0.00170434 -0.00834219 2505.06
122641 1 0.01 0.3 32.9 -0.223857 -0.138268 1.72565 -0.0107985 -0.0078952 2505.06
123073 1 0.01 0.3 32.9 -0.224212 0.375713 2.28141 -0.0159264 0.0259083 2505.06
123930 1 0.01 0.3 32.9 -0.0716274 0.0397675 2.53407 -0.00399348 0.00325685 2505.06
124894 1 0.01 0.3 32.9 -0.474829 -0.396053 4.63339 -0.0676152 -0.0513343 2505.06
125322 1 0.01 0.3 32.9 -0.235104 -0.318585 2.95537 -0.0208083 -0.030777 2505.06
126805 1 0.01 0.3 32.9 0.136681 0.0801083 2.64489 0.0100116 0.00876207 2505.06
126846 1 0.01 0.3 32.9 0.414266 -0.0591407 2.63435 0.0335148 -0.00484214 2505.06
128754 1 0.01 0.3 32.9 -0.0933292 0.0415625 0.902978 -0.00554772 0.000995381 2505.06
131265 1 0.01 0.3 32.9 -0.354489 -0.471098 1.20433 -0.0124714 -0.013849 2505.06
132920 1 0.01 0.3 32.9 0.139634 -0.492379 1.97237 0.00897882 -0.028949 2505.06
133474 1 0.01 0.3 32.9 -0.429993 0.0510919 0.958462 -0.0156045 0.000852234 2505.06
134525 1 0.01 0.3 32.9 0.229083 -0.141592 2.97679 0.0170322 -0.0165208 2505.06
135387 1 0.01 0.3 32.9 -0.205364 -0.189516 7.18081 -0.0453282 -0.040022 2505.06
137047 1 0.01 0.3 32.9 -0.408205 0.29594 6.91746 -0.0856417 0.0615939 2505.06
138093 1 0.01 0.3 32.9 0.466076 -0.322852 2.7406 0.0394817 -0.0266531 2505.06
139078 1 0.01 0.3 32.9 -0.276276 0.0117949 3.11028 -0.0272877 -0.000334422 2505.06
139453 1 0.01 0.3 32.9 0.376697 0.266565 2.33134 0.0256976 0.0165767 2505.06
140347 1 0.01 0.3 32.9 0.342322 0.0788209 2.82741 0.0290225 0.0069657 2505.06
140529 1 0.01 0.3 32.9 -0.346476 0.3528 1.17685 -0.0118888 0.0125547 2505.06
140981 1 0.01 0.3 32.9 0.427454 -0.238666 2.04977 0.0262419 -0.0158513 2505.06
141059 1 0.01 0.3 32.9 -0.0925849 0.23055 4.11918 -0.0114278 0.0289825 2505.06
141562 1 0.01 0.3 32.9 -0.371798 0.166377 0.884943 -0.0101195 0.00492885 2505.06
142466 1 0.01 0.3 32.9 0.138819 -0.113601 7.98554 0.0335698 -0.0264084 2505.06
143462 1 0.01 0.3 32.9 -0.319919 -0.26933 2.3081 -0.0209948 -0.0171483 2505.06
143684 1 0.01 0.3 32.9 0.383061 0.413705 1.24051 0.0118112 0.0166904 2505.06
144336 1 0.01 0.3 32.9 -0.461175 -0.421588 6.47414 -0.0930411 -0.0812947 2505.06
146334 1 0.01 0.3 32.9 0.487703 -0.162984 1.58224 0.0242881 -0.00538313 2505.06
146912 1 0.01 0.3 32.9 -0.0434868 0.0952421 0.99849 -0.00241905 0.00149862 2505.06
147248 1 0.01 0.3 32.9 -0.0948108 -0.416116 1.05308 -0.00176079 -0.0125931 2505.06
148211 1 0.01 0.3 32.9 0.193569 -0.498987 2.59422 0.0176291 -0.0396172 2505.06
149633 1 0.01 0.3 32.9 0.431872 -0.489798 2.04617 0.0271428 -0.0322976 2505.06
151050 1 0.01 0.3 32.9 0.229385 0.498532 6.14859 0.0426224 0.0937196 2505.06
153078 1 0.01 0.3 32.9 0.227961 -0.254576 6.14158 0.0412545 -0.045988 2505.06
153259 1 0.01 0.3 32.9 -0.340518 -0.349376 8.56546 -0.0888272 -0.0937686 2505.06
154028 1 0.01 0.3 32.9 -0.111216 -0.266583 1.43962 -0.00463005 -0.012133 2505.06
157316 1 0.01 0.3 32.9 -0.26641 0.0371912 3.73705 -0.0317147 0.00471943 2505.06
158801 1 0.01 0.3 32.9 0.0539774 0.216239 3.35114 0.00405153 0.019725 2505.06
160106 1 0.01 0.3 32.9 0.166072 -0.164285 3.57485 0.0183095 -0.0179501 2505.06
160389 1 0.01 0.3 32.9 -0.199322 -0.487119 5.05764 -0.032093 -0.075653 2505.06
160975 1 0.01 0.3 32.9 -0.155867 -0.301115 1.11954 -0.00532515 -0.00947246 2505.06
162832 1 0.01 0.3 32.9 -0.290647 0.389291 3.00065 -0.0264232 0.0360073 2505.06
162968 1 0.01 0.3 32.9 0.0851427 0.16979 4.66824 0.0107893 0.0254209 2505.06
164656 1 0.01 0.3 32.9 -0.26138 -0.0943082 5.03294 -0.0400584 -0.0153079 2505.06
164674 1 0.01 0.3 32.9 0.361527 0.397216 2.60366 0.0332391 0.0300986 2505.06
164958 1 0.01 0.3 32.9 0.46673 0.10825 1.44552 0.0200641 0.0035185 2505.06
165306 1 0.01 0.3 32.9 -0.247165 0.351358 6.16204 -0.0476101 0.0674717 2505.06
168059 1 0.01 0.3 32.9 0.237866 -0.252381 2.4337 0.0182739 -0.0187369 2505.06
168462 1 0.01 0.3 32.9 -0.0683834 0.185 1.34262 -0.00376824 0.00944089 2505.06
168556 1 0.01 0.3 32.9 -0.0665805 0.478371 1.61438 -0.00242461 0.0240716 2505.06
169057 1 0.01 0.3 32.9 -0.180011 0.354133 2.29339 -0.0134916 0.0244085 2505.06
169280 1 0.01 0.3 32.9 -0.32909 0.465901 3.1559 -0.034494 0.0433447 2505.06
169525 1 0.01 0.3 32.9 0.424661 -0.451821 1.0375 0.0153843 -0.0122243 2505.06
171489 1 0.01 0.3 32.9 0.458963 0.357785 1.17761 0.0150367 0.0154627 2505.06
171570 1 0.01 0.3 32.9 -0.402026 0.289843 2.64047 -0.0303125 0.022318 2505.06
172523 1 0.01 0.3 32.9 -0.290516 0.375454 1.83075 -0.0165715 0.0202584 2505.06
173075 1 0.01 0.3 32.9 -0.124298 -0.0596693 0.829949 -0.00257227 -0.00421648 2505.06
173872 1 0.01 0.3 32.9 0.208436 0.150004 3.33205 0.0220289 0.0154198 2505.06
174775 1 0.01 0.3 32.9 0.463003 0.109147 2.89758 0.0401128 0.010458 2505.06
175909 1 0.01 0.3 32.9 0.449305 0.155848 1.61642 0.0214517 0.00840584 2505.06
176251 1 0.01 0.3 32.9 -0.408178 0.34429 2.71397 -0.033964 0.026792 2505.06
177110 1 0.01 0.3 32.9 -0.462812 0.00609711 2.21309 -0.0304647 -0.000134912 2505.06
177317 1 0.01 0.3 32.9 0.0707153 0.156063 2.1563 0.00436532 0.0103172 2505.06
177583 1 0.01 0.3 32.9 -0.280807 0.230221 2.75641 -0.0234966 0.0195148 2505.06
177612 1 0.01 0.3 32.9 0.384251 0.405552 1.97706 0.0246332 0.0229434 2505.06
177754 1 0.01 0.3 32.9 0.496468 -0.180351 2.2293 0.0356997 -0.012362 2505.06
178865 1 0.01 0.3 32.9 0.0465087 0.222129 0.141784 -0.00267113 0.005049 2505.06
179898 1 0.01 0.3 32.9 -0.471641 0.252824 0.754621 -0.00847623 0.00716309 2505.06
180465 1 0.01 0.3 32.9 -0.264856 0.479805 1.02193 -0.00775602 0.0134967 2505.06
180526 1 0.01 0.3 32.9 -0.32369 0.428922 3.32083 -0.0332835 0.044336 2505.06
181226 1 0.01 0.3 32.9 -0.209737 -0.102963 1.42445 -0.00995017 -0.00565724 2505.06
183920 1 0.01 0.3 32.9 -0.264819 -0.271883 1.38846 -0.0121203 -0.0143704 2505.06
184710 1 0.01 0.3 32.9 -0.14505 0.23021 0.899403 -0.00603729 0.00941315 2505.06
185129 1 0.01 0.3 32.9 0.489336 0.481542 2.59267 0.0379221 0.0391812 2505.06
185435 1 0.01 0.3 32.9 0.103658 0.231102 4.88317 0.0157604 0.033678 2505.06
185475 1 0.01 0.3 32.9 -0.25243 0.0440573 2.70315 -0.0205414 0.00276889 2505.06
187115 1 0.01 0.3 32.9 -0.132725 -0.330179 2.87696 -0.0120207 -0.0300192 2505.06
187148 1 0.01 0.3 32.9 0.391453 0.470002 0.960833 0.0104688 0.0147226 2505.06
188203 1 0.01 0.3 32.9 0.179581 0.0426332 4.16896 0.0238206 0.00475793 2505.06
188838 1 0.01 0.3 32.9 -0.425501 -0.408918 2.08553 -0.0268415 -0.0253852 2505.06
188916 1 0.01 0.3 32.9 0.351103 0.297456 1.87124 0.0176505 0.0162002 2505.06
189352 1 0.01 0.3 32.9 0.0896907 -0.0730703 1.67111 0.00477307 -0.00501007 2505.06
190846 1 0.01 0.3 32.9 -0.420212 0.401181 24.1378 -0.310191 0.293478 2505.06
193225 1 0.01 0.3 32.9 0.31869 -0.218169 2.63536 0.0275383 -0.0154398 2505.06
193676 1 0.01 0.3 32.9 -0.346234 0.408888 2.87588 -0.0282971 0.0366095 2505.06
194205 1 0.01 0.3 32.9 -0.164523 -0.00551692 0.700196 -0.00448617 0.000663721 2505.06
195139 1 0.01 0.3 32.9 -0.235927 -0.395282 3.44126 -0.0245791 -0.0390826 2505.06
195201 1 0.01 0.3 32.9 0.216192 -0.174483 2.47058 0.0176365 -0.0141932 2505.06
195218 1 0.01 0.3 32.9 0.0529241 -0.291279 5.28459 0.00821978 -0.0486846 2505.06
195490 1 0.01 0.3 32.9 0.169172 -0.113411 10.1943 0.0525582 -0.0339089 2505.06
195606 1 0.01 0.3 32.9 0.347737 0.16466 0.923717 0.0117557 0.00259335 2505.06
195836 1 0.01 0.3 32.9 -0.0345932 -0.42276 2.02731 0.000358666 -0.0277764 2505.06
196919 1 0.01 0.3 32.9 0.185367 0.0593272 7.81137 0.0414438 0.0140143 2505.06
197399 1 0.01 0.3 32.9 0.32499 -0.38693 4.83953 0.046037 -0.0601138 2505.06
198838 1 0.01 0.3 32.9 0.268086 0.320385 1.23884 0.00860282 0.0134843 2505.06
198972 1 0.01 0.3 32.9 0.0820282 -0.187526 1.17359 0.00198612 -0.00583466 2505.06
200155 1 0.01 0.3 32.9 -0.00137561 -0.0612023 2.17844 -0.000889901 -0.00607396 2505.06
200827 1 0.01 0.3 32.9 -0.468304 -0.27348 1.98357 -0.0300918 -0.0175186 2505.06
204411 1 0.01 0.3 32.9 -0.232475 0.112609 1.35252 -0.01021 0.00109735 2505.06
205271 1 0.01 0.3 32.9 0.0265711 0.120647 1.52649 0.00320479 0.00519923 2505.06
205420 1 0.01 0.3 32.9 0.275131 0.399822 1.15416 0.011009 0.0171275 2505.06
206437 1 0.01 0.3 32.9 -0.41687 -0.425083 2.02817 -0.0256242 -0.026568 2505.06
206603 1 0.01 0.3 32.9 0.287358 -0.0704544 4.7469 0.0384073 -0.0103887 2505.06
207221 1 0.01 0.3 32.9 -0.280507 0.426369 2.14799 -0.0168945 0.0293208 2505.06
208175 1 0.01 0.3 32.9 -0.2196 0.34252 2.42773 -0.0153409 0.0263019 2505.06
210415 1 0.01 0.3 32.9 -0.177488 0.235367 3.3059 -0.0182299 0.0249382 2505.06
210700 1 0.01 0.3 32.9 -0.329341 0.236761 2.15117 -0.0230538 0.013322 2505.06
210886 1 0.01 0.3 32.9 0.205961 -0.472346 4.99385 0.030687 -0.073448 2505.06
213374 1 0.01 0.3 32.9 -0.00733653 -0.0392493 3.13907 0.000363346 -0.00510002 2505.06
213464 1 0.01 0.3 32.9 0.0502773 0.168951 0.431086 0.00172918 0.000999174 2505.06
213800 1 0.01 0.3 32.9 0.355228 -0.459527 2.90598 0.0331688 -0.0410737 2505.06
214854 1 0.01 0.3 32.9 0.220332 0.219135 0.948194 0.0067369 0.00630111 2505.06
215524 1 0.01 0.3 32.9 -0.148575 0.254255 0.840215 -0.00457714 0.00703803 2505.06
219580 1 0.01 0.3 32.9 0.191198 0.0111083 0.606407 0.00278798 0.000998657 2505.06
219617 1 0.01 0.3 32.9 0.234458 -0.229853 3.01279 0.0204928 -0.0211203 2505.06
219724 1 0.01 0.3 32.9 -0.154583 -0.0820417 2.45946 -0.0113347 -0.00421989 2505.06
220720 1 0.01 0.3 32.9 0.290459 -0.256655 2.89988 0.0244411 -0.0210442 2505.06
221464 1 0.01 0.3 32.9 0.228504 -0.132934 2.001 0.0126808 -0.00942076 2505.06
221532 1 0.01 0.3 32.9 -0.177281 0.0994246 1.46446 -0.00592373 0.00297714 2505.06
223157 1 0.01 0.3 32.9 0.317035 -0.401536 2.26501 0.0201861 -0.0286402 2505.06
223200 1 0.01 0.3 32.9 -0.477356 0.0982111 1.79663 -0.0245931 0.00532351 2505.06
223354 1 0.01 0.3 32.9 0.0768367 -0.473433 2.61411 0.00611261 -0.038962 2505.06
223388 1 0.01 0.3 32.9 -0.173956 0.363683 3.03995 -0.0162455 0.0348111 2505.06
223763 1 0.01 0.3 32.9 0.319979 -0.0180387 0.734147 0.00823844 -0.00129823 2505.06
223859 1 0.01 0.3 32.9 0.424007 -0.284055 2.38877 0.0320929 -0.019451 2505.06
223952 1 0.01 0.3 32.9 0.409712 0.0445308 5.16986 0.0653895 0.00577625 2505.06
225119 1 0.01 0.3 32.9 0.06943 0.195952 2.81883 0.00611807 0.0179486 2505.06
225663 1 0.01 0.3 32.9 0.16776 0.306583 2.65398 0.0148369 0.0241834 2505.06
226222 1 0.01 0.3 32.9 -0.335042 0.178016 3.70665 -0.0373093 0.0224899 2505.06
226533 1 0.01 0.3 32.9 -0.273391 0.198678 2.48168 -0.0212059 0.0163212 2505.06
229422 1 0.01 0.3 32.9 -0.0776187 -0.175269 10.2203 -0.0245042 -0.0548941 2505.06
229678 1 0.01 0.3 32.9 -0.464913 0.10223 3.365 -0.0489082 0.0125241 2505.06
231680 1 0.01 0.3 32.9 -0.202769 0.0881783 0.648227 -0.00657294 0.00177408 2505.06
233483 1 0.01 0.3 32.9 -0.310265 0.0848187 1.22698 -0.0138268 0.00158822 2505.06
234132 1 0.01 0.3 32.9 0.191627 -0.248578 2.15923 0.0136655 -0.016619 2505.06
234734 1 0.01 0.3 32.9 -0.352424 0.226665 2.22741 -0.0236814 0.0155711 2505.06
235091 1 0.01 0.3 32.9 -0.482004 -0.120863 0.952145 -0.0136541 -0.00369956 2505.06
235682 1 0.01 0.3 32.9 0.489309 -0.338008 0.995275 0.0172728 -0.00921578 2505.06
235728 1 0.01 0.3 32.9 0.0818957 0.217343 1.22097 0.00250721 0.00977253 2505.06
235823 1 0.01 0.3 32.9 0.229083 0.281863 3.35308 0.023715 0.026035 2505.06
236822 1 0.01 0.3 32.9 -0.412569 0.197306 3.99959 -0.0499782 0.0240282 2505.06
237442 1 0.01 0.3 32.9 -0.22842 0.153537 0.663436 -0.0037088 0.00158659 2505.06
237559 1 0.01 0.3 32.9 0.404357 0.136573 2.87573 0.0362023 0.0118083 2505.06
238934 1 0.01 0.3 32.9 -0.225523 0.046125 1.53993 -0.0116916 0.00148482 2505.06
240382 1 0.01 0.3 32.9 0.134569 -0.0874801 0.759609 0.00316348 -0.00426302 2505.06
240575 1 0.01 0.3 32.9 -0.179656 0.0350247 1.81132 -0.0119616 0.00350491 2505.06
241249 1 0.01 0.3 32.9 0.457917 0.154967 2.17065 0.0291926 0.0111655 2505.06
241991 1 0.01 0.3 32.9 -0.359999 -0.138599 4.15417 -0.0449154 -0.0162516 2505.06
243133 1 0.01 0.3 32.9 -0.11836 -0.314353 1.75221 -0.00752846 -0.0193836 2505.06
243261 1 0.01 0.3 32.9 -0.158334 -0.00208745 2.09431 -0.0125889 -0.00265139 2505.06
245266 1 0.01 0.3 32.9 -0.315117 0.246031 8.18265 -0.0774022 0.0632569 2505.06
245497 1 0.01 0.3 32.9 -0.443081 -0.0868739 2.74427 -0.0380099 -0.00780309 2505.06
245576 1 0.01 0.3 32.9 -0.336513 -0.0997682 3.04463 -0.0321163 -0.00787217 2505.06
246483 1 0.01 0.3 32.9 -0.0951935 -0.491876 3.72713 -0.0122757 -0.0529104 2505.06
246880 1 0.01 0.3 32.9 -0.0468061 0.177578 1.37517 -0.000982734 0.00594348 2505.06
247831 1 0.01 0.3 32.9 0.25389 -0.0468475 2.02967 0.0119675 -0.0031505 2505.06
248239 1 0.01 0.3 32.9 -0.143485 -0.473681 2.86862 -0.0135843 -0.0390507 2505.06
249000 1 0.01 0.3 32.9 0.0270017 -0.107781 1.29503 0.0015734 -0.00224439 2505.06
250414 1 0.01 0.3 32.9 0.265763 -0.175603 2.87717 0.0227997 -0.0160946 2505.06
251792 1 0.01 0.3 32.9 -0.0608737 -0.105114 1.04751 -0.00234551 -0.00566704 2505.06
251896 1 0.01 0.3 32.9 0.0503262 0.121736 1.92441 0.00447002 0.0091824 2505.06
252462 1 0.01 0.3 32.9 -0.424718 -0.153852 3.73922 -0.0493866 -0.0156674 2505.06
253233 1 0.01 0.3 32.9 0.170974 -0.0998353 0.604332 0.00377651 -0.00222753 2505.06
259592 1 0.01 0.3 32.9 0.368105 -0.423507 3.02926 0.0336716 -0.0385688 2505.06
260227 1 0.01 0.3 32.9 0.0707687 -0.0112159 1.00508 -0.000162039 -0.00049019 2505.06
262314 1 0.01 0.3 32.9 -0.242433 -0.301952 1.93473 -0.0166119 -0.0193276 2505.06
262439 1 0.01 0.3 32.9 -0.277642 0.0729476 1.66718 -0.0155057 0.00482951 2505.06
262543 1 0.01 0.3 32.9 0.392605 -0.197188 3.00542 0.035758 -0.0180124 2505.06
262902 1 0.01 0.3 32.9 0.0584096 0.45859 3.61148 0.00724926 0.0488541 2505.06
263373 1 0.01 0.3 32.9 0.0409345 0.232059 3.31959 0.00402501 0.0256774 2505.06
263484 1 0.01 0.3 32.9 -0.128754 -0.275439 2.2975 -0.00908817 -0.020676 2505.06
267006 1 0.01 0.3 32.9 -0.375849 0.215213 4.93936 -0.0557877 0.0323792 2505.06
268045 1 0.01 0.3 32.9 0.356905 0.137573 1.98243 0.0228709 0.00900575 2505.06
268701 1 0.01 0.3 32.9 0.303374 -0.101412 1.01758 0.0109177 -0.00234524 2505.06
270723 1 0.01 0.3 32.9 -0.0621572 0.374146 9.12124 -0.0166265 0.105266 2505.06
271567 1 0.01 0.3 32.9 0.00595349 0.216343 2.44186 -0.00188399 0.0165184 2505.06
275550 1 0.01 0.3 32.9 0.291437 0.43268 0.716982 0.00566358 0.00983913 2505.06
275759 1 0.01 0.3 32.9 -0.318182 0.313441 1.57154 -0.0155584 0.0158961 2505.06
275960 1 0.01 0.3 32.9 -0.091592 -0.0231618 4.28655 -0.0105975 -0.00210548 2505.06
276858 1 0.01 0.3 32.9 -0.390596 0.388299 2.89207 -0.0357177 0.0330848 2505.06
278189 1 0.01 0.3 32.9 -0.0359699 0.429447 3.24181 -0.00225756 0.0445072 2505.06
278206 1 0.01 0.3 32.9 -0.199446 -0.364565 0.949829 -0.00535116 -0.0127175 2505.06
278529 1 0.01 0.3 32.9 0.120693 -0.318239 1.3799 0.00428936 -0.0138153 2505.06
279546 1 0.01 0.3 32.9 0.13096 0.0344926 1.45767 0.00666907 0.00187091 2505.06
281527 1 0.01 0.3 32.9 -0.082803 0.188786 1.88675 -0.00389332 0.00993375 2505.06
282220 1 0.01 0.3 32.9 -0.312192 0.245789 2.48844 -0.0223621 0.0176651 2505.06
282615 1 0.01 0.3 32.9 0.472398 -0.0281279 5.36466 0.0752585 -0.00325048 2505.06
286220 1 0.01 0.3 32.9 -0.269203 0.296398 1.6316 -0.0132245 0.0123426 2505.06
287907 1 0.01 0.3 32.9 -0.0381705 -0.0100618 4.53145 -0.0045094 -0.00414874 2505.06
288082 1 0.01 0.3 32.9 0.0513637 -0.253944 0.926811 0.00168435 -0.00774207 2505.06
288610 1 0.01 0.3 32.9 0.0813221 -0.239156 1.24989 0.00694476 -0.00907213 2505.06
289418 1 0.01 0.3 32.9 0.0529246 0.379264 3.00379 0.00473948 0.0343037 2505.06
290075 1 0.01 0.3 32.9 0.336053 0.215833 1.26916 0.0127269 0.00546962 2505.06
291849 1 0.01 0.3 32.9 0.246739 -0.210351 0.915181 0.00705899 -0.00712452 2505.06
292767 1 0.01 0.3 32.9 0.158747 -0.107114 1.66341 0.00668752 -0.00587558 2505.06
292890 1 0.01 0.3 32.9 0.427143 -0.264786 2.68004 0.0359545 -0.0218197 2505.06
293077 1 0.01 0.3 32.9 -0.429118 -0.348819 2.88642 -0.0365207 -0.0286499 2505.06
293570 1 0.01 0.3 32.9 0.196626 0.130943 2.9336 0.0169254 0.0103678 2505.06
294302 1 0.01 0.3 32.9 -0.296369 0.0751374 4.42154 -0.0387663 0.0122118 2505.06
294409 1 0.01 0.3 32.9 -0.45931 0.0935087 3.24829 -0.0473678 0.0106401 2505.06
294866 1 0.01 0.3 32.9 -0.296534 0.211464 3.49033 -0.0313732 0.0200011 2505.06
295632 1 0.01 0.3 32.9 0.443101 0.475766 0.210733 0.0025474 0.00373991 2505.06
295849 1 0.01 0.3 32.9 -0.382646 0.114025 2.55254 -0.0280782 0.0110623 2505.06
295936 1 0.01 0.3 32.9 0.35357 0.153545 0.464508 0.00450285 -7.99898e-05 2505.06
296724 1 0.01 0.3 32.9 -0.401748 -0.154426 0.75524 -0.00944382 -0.00132532 2505.06
297719 1 0.01 0.3 32.9 -0.351988 -0.117758 3.13565 -0.0315126 -0.0132389 2505.06
298654 1 0.01 0.3 32.9 0.451292 -0.0487687 2.09963 0.0283871 -0.00455697 2505.06
298717 1 0.01 0.3 32.9 0.170111 -0.312503 1.484 0.00927621 -0.013721 2505.06
298831 1 0.01 0.3 32.9 0.123291 -0.456799 1.9562 0.00327347 -0.0270985 2505.06
300605 1 0.01 0.3 32.9 -0.265288 -0.394991 2.49703 -0.0201104 -0.02963 2505.06
301304 1 0.01 0.3 32.9 0.0762644 0.115002 1.65967 0.00423636 0.00500263 2505.06
301763 1 0.01 0.3 32.9 0.319032 0.0872443 1.43083 0.0135837 0.00447653 2505.06
302032 1 0.01 0.3 32.9 0.238144 0.499653 5.90081 0.0408461 0.0882398 2505.06
303822 1 0.01 0.3 32.9 -0.11767 0.157624 3.07695 -0.0120378 0.0145858 2505.06
303987 1 0.01 0.3 32.9 0.491522 0.0374121 4.80182 0.0711492 0.00406054 2505.06
304138 1 0.01 0.3 32.9 0.17626 -0.452434 3.04685 0.0145883 -0.0419048 2505.06
306447 1 0.01 0.3 32.9 0.012506 0.00512693 6.714 0.00523519 -0.00163603 2505.06
306782 1 0.01 0.3 32.9 0.140797 -0.445723 0.807132 0.00249898 -0.0122565 2505.06
306845 1 0.01 0.3 32.9 -0.457932 -0.0938292 7.06639 -0.0990433 -0.0214293 2505.06
307020 1 0.01 0.3 32.9 -0.191836 -0.355203 5.10842 -0.0313197 -0.0557484 2505.06
307304 1 0.01 0.3 32.9 0.293063 -0.335765 0.410019 0.00477653 -0.00246048 2505.06
308543 1 0.01 0.3 32.9 0.0344157 -0.494035 0.662427 -0.00200946 -0.0101031 2505.06
309463 1 0.01 0.3 32.9 -0.431181 0.0672735 8.06957 -0.106714 0.0197556 2505.06
309465 1 0.01 0.3 32.9 0.0673971 -0.363615 1.46776 0.00205582 -0.014327 2505.06
309986 1 0.01 0.3 32.9 0.107832 -0.290243 1.71661 0.00462439 -0.0153954 2505.06
310438 1 0.01 0.3 32.9 -0.379163 0.267458 1.54472 -0.0169763 0.0128407 2505.06
312276 1 0.01 0.3 32.9 0.265573 0.103863 0.959254 0.00794958 -0.000815635 2505.06
314969 1 0.01 0.3 32.9 0.196326 0.0486377 0.2317 -0.000495513 0.000376866 2505.06
316032 1 0.01 0.3 32.9 0.319063 0.274222 1.69333 0.0169471 0.0153764 2505.06
319074 1 0.01 0.3 32.9 0.458908 0.381547 3.52229 0.0489596 0.0387617 2505.06
320655 1 0.01 0.3 32.9 -0.212626 0.413205 1.30683 -0.00884445 0.0156611 2505.06
320681 1 0.01 0.3 32.9 0.24002 0.473583 1.19437 0.00856334 0.0156509 2505.06
321062 1 0.01 0.3 32.9 0.0955167 0.365605 1.83473 0.00522808 0.0198029 2505.06
322171 1 0.01 0.3 32.9 0.470315 0.451733 1.88653 0.0290441 0.0231021 2505.06
322849 1 0.01 0.3 32.9 -0.283041 0.203382 1.82493 -0.0161912 0.014119 2505.06
323068 1 0.01 0.3 32.9 0.322549 -0.268844 3.71997 0.0370909 -0.0315578 2505.06
323923 1 0.01 0.3 32.9 -0.0558008 0.19983 3.35945 -0.00593461 0.0211548 2505.06
324081 1 0.01 0.3 32.9 -0.467159 0.0970785 8.30554 -0.120422 0.0229508 2505.06
326656 1 0.01 0.3 32.9 -0.27607 -0.208769 2.95929 -0.0227739 -0.020697 2505.06
328143 1 0.01 0.3 32.9 0.39546 -0.105672 1.17378 0.0127633 -0.00441186 2505.06
329666 1 0.01 0.3 32.9 0.111684 -0.087102 2.47823 0.00722115 -0.00548958 2505.06
329827 1 0.01 0.3 32.9 -0.4307 0.0238304 2.01439 -0.0258039 0.00071814 2505.06
330372 1 0.01 0.3 32.9 0.48563 0.454126 1.5779 0.0229046 0.0214477 2505.06
330517 1 0.01 0.3 32.9 -0.447259 0.279789 7.80086 -0.106491 0.0657392 2505.06
330528 1 0.01 0.3 32.9 -0.269349 -0.352 2.21632 -0.0172035 -0.0275197 2505.06
330743 1 0.01 0.3 32.9 -0.246769 -0.00422966 7.36139 -0.0539945 0.000834243 2505.06
331319 1 0.01 0.3 32.9 0.214237 -0.0559676 1.70078 0.0105489 -0.00425879 2505.06
332007 1 0.01 0.3 32.9 0.153727 -0.0660484 4.50978 0.023309 -0.00931347 2505.06
332138 1 0.01 0.3 32.9 -0.205843 -0.277416 2.13991 -0.0141167 -0.0177709 2505.06
334818 1 0.01 0.3 32.9 -0.49008 0.410666 0.461642 -0.00773447 0.00677142 2505.06
335467 1 0.01 0.3 32.9 0.0323988 -0.2997 1.15711 -0.000699408 -0.0100486 2505.06
336521 1 0.01 0.3 32.9 0.200494 -0.0702588 2.93656 0.0213914 -0.00740062 2505.06
336639 1 0.01 0.3 32.9 -0.232883 0.106018 1.59988 -0.0114831 0.00731453 2505.06
337901 1 0.01 0.3 32.9 -0.159497 -0.255628 1.90051 -0.00943538 -0.0147432 2505.06
337964 1 0.01 0.3 32.9 -0.462136 0.344501 1.53905 -0.0211149 0.0146174 2505.06
341486 1 0.01 0.3 32.9 0.25382 -0.491987 1.21155 0.0088297 -0.0184376 2505.06
341540 1 0.01 0.3 32.9 0.418656 -0.302772 3.739 0.0477592 -0.0350981 2505.06
341794 1 0.01 0.3 32.9 -0.2628 0.464162 0.937018 -0.00780457 0.0137679 2505.06
342992 1 0.01 0.3 32.9 -0.461829 -0.247785 2.04099 -0.0278348 -0.015399 2505.06
343434 1 0.01 0.3 32.9 0.0816975 0.0889181 1.52409 0.00204693 0.00640514 2505.06
344959 1 0.01 0.3 32.9 -0.0555425 -0.0843069 2.01639 -0.00475627 -0.00572925 2505.06
345072 1 0.01 0.3 32.9 0.43451 0.229935 0.591333 0.00787588 0.0027824 2505.06
346030 1 0.01 0.3 32.9 0.221608 0.327152 6.25976 0.0421193 0.0614385 2505.06
346159 1 0.01 0.3 32.9 -0.0578959 -0.210005 1.32362 -0.000927331 -0.00862928 2505.06
348189 1 0.01 0.3 32.9 0.422533 0.0102162 0.786681 0.0110831 0.000700144 2505.06
348612 1 0.01 0.3 32.9 -0.308097 0.338103 9.67571 -0.0916718 0.0984863 2505.06
349106 1 0.01 0.3 32.9 0.0801669 0.0951198 2.65485 0.00575415 0.00897061 2505.06
349386 1 0.01 0.3 32.9 0.34014 -0.338792 3.22956 0.0327686 -0.033025 2505.06
349914 1 0.01 0.3 32.9 -0.476513 0.245051 2.16189 -0.03003 0.0170037 2505.06
350532 1 0.01 0.3 32.9 -0.489289 0.262278 2.11043 -0.0309826 0.0164075 2505.06
352783 1 0.01 0.3 32.9 0.39045 0.452754 1.05048 0.0110925 0.0143401 2505.06
352921 1 0.01 0.3 32.9 -0.084035 -0.388014 0.793355 0.000174728 -0.00752739 2505.06
353261 1 0.01 0.3 32.9 0.42738 -0.445732 0.706738 0.00765648 -0.0115766 2505.06
353664 1 0.01 0.3 32.9 0.194336 0.45155 0.53569 0.00614505 0.00214876 2505.06
353974 1 0.01 0.3 32.9 0.159196 0.112588 2.27804 0.0125168 0.00438611 2505.06
357408 1 0.01 0.3 32.9 -0.193103 -0.330603 3.23429 -0.0199788 -0.0342822 2505.06
358623 1 0.01 0.3 32.9 -0.108961 0.0443957 2.36916 -0.00502861 0.00168283 2505.06
364134 1 0.01 0.3 32.9 -0.466657 -0.413938 5.84969 -0.085568 -0.0717854 2505.06
365934 1 0.01 0.3 32.9 0.155072 -0.155617 1.79102 0.00898282 -0.00558793 2505.06
368750 1 0.01 0.3 32.9 0.208994 -0.252578 2.10463 0.0115531 -0.0170377 2505.06
370166 1 0.01 0.3 32.9 -0.313626 0.21097 0.405328 -0.00326856 0.0025543 2505.06
371195 1 0.01 0.3 32.9 0.252359 -0.147052 0.83725 0.00701014 -0.00450578 2505.06
371864 1 0.01 0.3 32.9 -0.32919 -0.324627 2.31403 -0.0217001 -0.0253007 2505.06
372368 1 0.01 0.3 32.9 0.0691693 -0.19739 1.78641 0.00420946 -0.0100285 2505.06
373978 1 0.01 0.3 32.9 0.488052 0.170407 1.01801 0.0140048 0.00406415 2505.06
375402 1 0.01 0.3 32.9 0.177841 0.496605 3.79409 0.0211413 0.0557465 2505.06
375572 1 0.01 0.3 32.9 0.298077 0.209191 2.91308 0.0277785 0.0181202 2505.06
375831 1 0.01 0.3 32.9 -0.479544 0.21915 2.83336 -0.0426033 0.0199091 2505.06
376872 1 0.01 0.3 32.9 0.0528836 0.198263 1.57461 0.00487131 0.0120376 2505.06
377580 1 0.01 0.3 32.9 0.0701791 -0.175006 1.59073 0.00325564 -0.00749787 2505.06
377848 1 0.01 0.3 32.9 0.267538 -0.148023 0.614242 0.00192383 0.00116831 2505.06
378260 1 0.01 0.3 32.9 0.293678 0.17193 1.84471 0.015563 0.00833659 2505.06
379674 1 0.01 0.3 32.9 -0.488298 0.182192 2.716 -0.0407635 0.0167819 2505.06
380189 1 0.01 0.3 32.9 -0.322337 0.191866 4.15618 -0.0388952 0.0242636 2505.06
381929 1 0.01 0.3 32.9 0.440991 0.0193755 1.94965 0.0257867 0.00128176 2505.06
383059 1 0.01 0.3 32.9 -0.150255 0.406922 1.9584 -0.0101639 0.0245321 2505.06
384311 1 0.01 0.3 32.9 -0.211899 0.151846 3.13816 -0.018565 0.0155299 2505.06
384330 1 0.01 0.3 32.9 -0.0635162 0.296327 1.63589 -0.000617251 0.0144288 2505.06
384415 1 0.01 0.3 32.9 0.384549 -0.266722 4.11628 0.0484912 -0.0333538 2505.06
384518 1 0.01 0.3 32.9 -0.263113 0.0828286 6.8166 -0.0528308 0.0186654 2505.06
384841 1 0.01 0.3 32.9 0.0527684 0.00232954 7.57388 0.0119386 0.0016211 2505.06
386060 1 0.01 0.3 32.9 0.213602 -0.268927 0.591892 0.00243229 -0.00505695 2505.06
389294 1 0.01 0.3 32.9 -0.0476391 -0.128879 1.55358 -0.00502501 -0.00879464 2505.06
391420 1 0.01 0.3 32.9 0.40779 0.0330283 1.48689 0.0183279 0.00113137 2505.06
392316 1 0.01 0.3 32.9 -0.390823 0.240443 1.45887 -0.017414 0.0111069 2505.06
392518 1 0.01 0.3 32.9 -0.406552 0.483779 3.69087 -0.0456894 0.0528827 2505.06
394723 1 0.01 0.3 32.9 0.416015 -0.335406 4.15619 0.0529025 -0.0438364 2505.06
395032 1 0.01 0.3 32.9 0.04705 0.0269902 3.10427 0.00227381 0.00413445 2505.06
395589 1 0.01 0.3 32.9 0.375888 -0.129214 2.23679 0.0242321 -0.00659696 2505.06
396979 1 0.01 0.3 32.9 0.357072 0.411826 1.79333 0.0216271 0.0225392 2505.06
397183 1 0.01 0.3 32.9 -0.0859521 -0.0714693 1.18377 -0.00403677 -0.0032147 2505.06
399080 1 0.01 0.3 32.9 0.359127 -0.249086 3.47281 0.0390063 -0.0243155 2505.06
399231 1 0.01 0.3 32.9 0.388155 0.456644 1.02196 0.0107226 0.0144679 2505.06
399891 1 0.01 0.3 32.9 0.423738 0.102333 1.22658 0.0162619 0.00766267 2505.06
400154 1 0.01 0.3 32.9 0.399543 -0.280575 3.13069 0.035283 -0.0249918 2505.06
401036 1 0.01 0.3 32.9 -0.241068 -0.0641997 1.37038 -0.0116951 -0.00117981 2505.06
402090 1 0.01 0.3 32.9 -0.304446 -0.479875 5.43114 -0.0513658 -0.0787027 2505.06
404730 1 0.01 0.3 32.9 -0.415184 0.287504 1.22603 -0.0166327 0.0108584 2505.06
405634 1 0.01 0.3 32.9 -0.0431595 0.490952 3.63362 -0.00476984 0.0552815 2505.06
406338 1 0.01 0.3 32.9 -0.364159 0.497921 1.19634 -0.0132388 0.0188135 2505.06
411769 1 0.01 0.3 32.9 0.0555104 0.268913 2.6803 0.004823 0.0237212 2505.06
412682 1 0.01 0.3 32.9 -0.291129 0.43074 0.543286 -0.00455178 0.00740642 2505.06
412782 1 0.01 0.3 32.9 -0.389861 -0.29159 1.14568 -0.0147462 -0.0111316 2505.06
413389 1 0.01 0.3 32.9 -0.4675 0.0444781 8.53954 -0.120764 0.011575 2505.06
415933 1 0.01 0.3 32.9 -0.173665 0.499366 1.74826 -0.0100753 0.0293192 2505.06
416429 1 0.01 0.3 32.9 -0.107403 -0.13281 2.95199 -0.0118817 -0.0124441 2505.06
417425 1 0.01 0.3 32.9 -0.0673499 -0.376839 6.07217 -0.0130094 -0.0685409 2505.06
419389 1 0.01 0.3 32.9 0.493268 0.302793 8.37029 0.125899 0.0762472 2505.06
419684 1 0.01 0.3 32.9 -0.246037 -0.0160467 1.2595 -0.00895333 0.00161772 2505.06
421190 1 0.01 0.3 32.9 0.297243 -0.204879 3.94856 0.0356161 -0.0252186 2505.06
421639 1 0.01 0.3 32.9 -0.401529 -0.266126 3.03997 -0.0373603 -0.0245615 2505.06
423099 1 0.01 0.3 32.9 0.423992 -0.068989 2.07647 0.0279619 -0.00307824 2505.06
425302 1 0.01 0.3 32.9 0.283952 0.0230777 0.837193 0.00454995 -0.000109251 2505.06
426651 1 0.01 0.3 32.9 0.443492 -0.0801328 7.2781 0.0955759 -0.0174587 2505.06
427226 1 0.01 0.3 32.9 0.171637 0.227453 0.933125 0.00531513 0.00612408 2505.06
427817 1 0.01 0.3 32.9 -0.418804 -0.130717 2.32636 -0.0305142 -0.00713424 2505.06
428842 1 0.01 0.3 32.9 -0.36129 -0.309454 4.37007 -0.0464705 -0.0415696 2505.06
428878 1 0.01 0.3 32.9 -0.118626 -0.282322 0.746161 -0.00188757 -0.00690308 2505.06
429673 1 0.01 0.3 32.9 -0.351409 0.415721 0.838189 -0.00806454 0.0109226 2505.06
430512 1 0.01 0.3 32.9 -0.114287 -0.0653602 2.60509 -0.00833811 -0.00369873 2505.06
430775 1 0.01 0.3 32.9 -0.147895 -0.482926 6.70325 -0.0313966 -0.0972398 2505.06
431298 1 0.01 0.3 32.9 0.323391 0.346765 5.51105 0.0558178 0.0592512 2505.06
431439 1 0.01 0.3 32.9 0.149337 0.291002 0.704526 0.00384688 0.00857302 2505.06
431649 1 0.01 0.3 32.9 0.21994 0.211803 1.24892 0.008974 0.00540943 2505.06
432105 1 0.01 0.3 32.9 0.0440826 -0.0271515 2.27955 0.00210508 -0.00135283 2505.06
432318 1 0.01 0.3 32.9 0.227204 -0.278963 5.19592 0.0346022 -0.0425655 2505.06
432629 1 0.01 0.3 32.9 -0.0915016 -0.120565 0.528533 -0.00240046 -0.00315565 2505.06
432783 1 0.01 0.3 32.9 0.0732845 -0.389981 2.79896 0.0061228 -0.0343158 2505.06
434247 1 0.01 0.3 32.9 0.00532018 -0.450288 1.30452 -0.000414125 -0.0189947 2505.06
435791 1 0.01 0.3 32.9 0.149818 -0.0353574 4.73891 0.0231898 -0.00398263 2505.06
436429 1 0.01 0.3 32.9 0.28663 -0.389041 6.49645 0.0573693 -0.0767477 2505.06
436973 1 0.01 0.3 32.9 0.0696774 -0.456221 2.72848 0.00743974 -0.0353323 2505.06
437038 1 0.01 0.3 32.9 -0.473148 -0.121557 2.37053 -0.0364578 -0.00689801 2505.06
437114 1 0.01 0.3 32.9 -0.0771931 0.109759 3.33875 -0.0079649 0.0100268 2505.06
437904 1 0.01 0.3 32.9 -0.298943 -0.0860818 1.17758 -0.00860718 -0.00337474 2505.06
437911 1 0.01 0.3 32.9 0.480273 0.467933 1.01942 0.0143468 0.0134862 2505.06
438837 1 0.01 0.3 32.9 0.194965 -0.322461 1.42484 0.00782088 -0.0145666 2505.06
439883 1 0.01 0.3 32.9 -0.036014 -0.0157538 2.27759 -0.00408272 -0.000855984 2505.06
443389 1 0.01 0.3 32.9 0.211887 0.191021 7.03058 0.0482542 0.040517 2505.06
443710 1 0.01 0.3 32.9 -0.378071 -0.1438 1.92285 -0.0222777 -0.00763778 2505.06
444020 1 0.01 0.3 32.9 0.498183 0.189447 2.12733 0.0325167 0.0123684 2505.06
444085 1 0.01 0.3 32.9 -0.328009 0.396092 3.33114 -0.0346203 0.0427575 2505.06
444338 1 0.01 0.3 32.9 -0.0527512 -0.330266 1.43453 -0.00299558 -0.0132142 2505.06
446039 1 0.01 0.3 32.9 -0.0418613 0.104684 2.05089 -0.00565131 0.00652192 2505.06
446609 1 0.01 0.3 32.9 0.313913 0.117477 0.856872 0.00641019 0.00555133 2505.06
446891 1 0.01 0.3 32.9 0.11222 0.202726 1.31944 0.00322234 0.00909775 2505.06
447364 1 0.01 0.3 32.9 -0.309294 -0.0654433 0.859084 -0.00625586 -0.00209968 2505.06
447982 1 0.01 0.3 32.9 -0.152282 0.361254 2.11079 -0.0100149 0.0265767 2505.06
448152 1 0.01 0.3 32.9 0.46006 0.296078 1.48659 0.0188333 0.0116996 2505.06
448556 1 0.01 0.3 32.9 0.035074 0.224312 1.94868 0.00299866 0.0138098 2505.06
449626 1 0.01 0.3 32.9 -0.00416668 0.354324 1.86772 0.000742985 0.0183491 2505.06
449720 1 0.01 0.3 32.9 -0.455681 -0.296548 2.31987 -0.0328036 -0.019689 2505.06
450252 1 0.01 0.3 32.9 -0.490835 0.157601 1.72922 -0.0270028 0.00806981 2505.06
450722 1 0.01 0.3 32.9 0.031889 0.262175 4.33974 0.00442499 0.0323608 2505.06
455453 1 0.01 0.3 32.9 0.415163 -0.0647079 3.78 0.0499007 -0.00680522 2505.06
456167 1 0.01 0.3 32.9 0.291046 -0.219847 1.95502 0.0147471 -0.0133275 2505.06
456290 1 0.01 0.3 32.9 0.495068 0.470606 1.94028 0.0294522 0.0265979 2505.06
456561 1 0.01 0.3 32.9 0.106594 0.151222 1.58656 0.00520191 0.00777068 2505.06
456759 1 0.01 0.3 32.9 0.351631 -0.428563 0.793244 0.0109309 -0.00989061 2505.06
457773 1 0.01 0.3 32.9 -0.381106 0.134621 3.67215 -0.0421412 0.0131187 2505.06
458201 1 0.01 0.3 32.9 0.361017 -0.304845 0.997113 0.0115901 -0.0094533 2505.06
458813 1 0.01 0.3 32.9 0.00546012 -0.295635 4.88256 0.00158913 -0.0414762 2505.06
459018 1 0.01 0.3 32.9 -0.284848 -0.207553 2.93669 -0.0229145 -0.018669 2505.06
459079 1 0.01 0.3 32.9 -0.260849 0.299748 4.79549 -0.0363839 0.0404987 2505.06
459614 1 0.01 0.3 32.9 0.158163 -0.440657 1.15749 0.00431021 -0.0150002 2505.06
460245 1 0.01 0.3 32.9 -0.130447 0.216977 0.596607 -0.00346501 0.00434682 2505.06
461948 1 0.01 0.3 32.9 0.483699 0.287728 1.91395 0.0299277 0.0180338 2505.06
465122 1 0.01 0.3 32.9 -0.44361 -0.170133 14.0242 -0.189005 -0.0691941 2505.06
466555 1 0.01 0.3 32.9 0.329092 0.236236 0.970932 0.0122144 0.00582568 2505.06
467199 1 0.01 0.3 32.9 0.220183 -0.27725 2.6884 0.0169028 -0.020026 2505.06
468214 1 0.01 0.3 32.9 -0.0101017 -0.449949 14.7776 -0.00677441 -0.204655 2505.06
468568 1 0.01 0.3 32.9 0.126925 -0.257129 3.59428 0.0159296 -0.0275204 2505.06
470340 1 0.01 0.3 32.9 -0.00702079 0.303716 2.40037 -0.000219644 0.0232946 2505.06
472349 1 0.01 0.3 32.9 -0.147964 0.399222 2.44622 -0.0100543 0.0296342 2505.06
472665 1 0.01 0.3 32.9 0.292255 0.480514 1.09895 0.0100153 0.015995 2505.06
472831 1 0.01 0.3 32.9 0.135902 -0.379006 6.48112 0.0265218 -0.0728533 2505.06
472876 1 0.01 0.3 32.9 -0.408222 -0.329137 1.84333 -0.0233924 -0.0180244 2505.06
474700 1 0.01 0.3 32.9 -0.212954 0.173327 2.52009 -0.0159388 0.0126628 2505.06
475532 1 0.01 0.3 32.9 0.297527 -0.470114 5.5029 0.0523626 -0.075274 2505.06
475699 1 0.01 0.3 32.9 -0.0774122 0.355742 4.1098 -0.0101896 0.0447231 2505.06
477054 1 0.01 0.3 32.9 -0.271555 0.0856699 2.1351 -0.0166179 0.00467108 2505.06
478071 1 0.01 0.3 32.9 0.148851 0.0261935 1.72728 0.00662456 0.000102139 2505.06
478807 1 0.01 0.3 32.9 -0.38597 -0.0691584 5.75622 -0.0684949 -0.0146072 2505.06
479567 1 0.01 0.3 32.9 0.155789 0.377184 3.39972 0.017566 0.042293 2505.06
479751 1 0.01 0.3 32.9 -0.204797 -0.442804 1.1942 -0.00764656 -0.0147155 2505.06
480498 1 0.01 0.3 32.9 -0.149686 0.0765058 3.13382 -0.0155592 0.0047904 2505.06
481420 1 0.01 0.3 32.9 0.449719 0.289372 0.706903 0.00682436 0.00726234 2505.06
482323 1 0.01 0.3 32.9 0.193098 0.0788648 6.92507 0.0412561 0.017903 2505.06
482363 1 0.01 0.3 32.9 -0.0301117 -0.0179286 1.26195 -0.00151876 -0.000375029 2505.06
482888 1 0.01 0.3 32.9 -0.0449288 0.374483 3.01343 -0.00441973 0.0352119 2505.06
483137 1 0.01 0.3 32.9 0.240358 -0.274618 2.98956 0.0221397 -0.0231326 2505.06
484337 1 0.01 0.3 32.9 0.383854 -0.384919 1.76277 0.021667 -0.019419 2505.06
485331 1 0.01 0.3 32.9 -0.384031 0.198394 5.32417 -0.0631187 0.0308131 2505.06
486126 1 0.01 0.3 32.9 0.096733 -0.396009 3.26374 0.00923963 -0.0400233 2505.06
486470 1 0.01 0.3 32.9 -0.115905 0.0797826 1.84328 -0.00678772 0.00343847 2505.06
488104 1 0.01 0.3 32.9 0.102125 -0.237788 2.08861 0.00847394 -0.0149769 2505.06
488184 1 0.01 0.3 32.9 -0.266546 -0.363274 1.07468 -0.00868819 -0.013588 2505.06
488216 1 0.01 0.3 32.9 -0.239256 0.0189119 1.71216 -0.01019 -4.71254e-05 2505.06
488605 1 0.01 0.3 32.9 -0.398875 0.405379 0.551841 -0.00648877 0.00626521 2505.06
490439 1 0.01 0.3 32.9 0.0566638 0.0889061 0.640304 0.00353728 0.00330507 2505.06
493561 1 0.01 0.3 32.9 0.426186 -0.396342 3.73105 0.0494081 -0.0429657 2505.06
494957 1 0.01 0.3 32.9 -0.0204829 -0.445367 0.741834 0.00025074 -0.00908594 2505.06
496088 1 0.01 0.3 32.9 0.124023 -0.405408 1.01399 0.00512679 -0.0114537 2505.06
496806 1 0.01 0.3 32.9 0.324741 -0.00328623 3.01683 0.0296803 -0.00301048 2505.06
496938 1 0.01 0.3 32.9 0.355594 -0.248937 1.3777 0.0145382 -0.0101128 2505.06
496986 1 0.01 0.3 32.9 -0.0899167 -0.166498 1.12532 -0.00372618 -0.00382318 2505.06
497477 1 0.01 0.3 32.9 -0.227176 0.263288 1.56704 -0.0123593 0.012618 2505.06
497728 1 0.01 0.3 32.9 -0.188813 -0.210456 1.90306 -0.0130519 -0.0126882 2505.06
497749 1 0.01 0.3 32.9 0.249803 -0.249199 0.77176 0.00443442 -0.00235403 2505.06
499308 1 0.01 0.3 32.9 0.434973 -0.0535829 1.808 0.0243712 -0.00252122 2505.06
