500299 15 0.01 1.7 32.9 0.440944 -0.352025 5.48254 0.0733396 -0.0592041 9.41169
500702 15 0.01 1.7 32.9 0.458183 -0.461078 7.3742 0.101242 -0.106489 8.74215
501407 15 0.01 1.7 32.9 -0.345865 0.204987 8.58875 -0.0887899 0.0518274 8.1088
502411 15 0.01 1.7 32.9 -0.393748 -0.431973 6.35942 -0.0776638 -0.0853033 8.96948
504062 15 0.01 1.7 32.9 -0.453788 -0.251151 1.91481 -0.0239337 -0.0165041 9.23427
505871 15 0.01 1.7 32.9 -0.234749 0.433001 5.5443 -0.0389197 0.0750707 9.41908
506969 15 0.01 1.7 32.9 -0.433203 -0.0944125 7.80303 -0.102059 -0.0213702 8.47336
507448 15 0.01 1.7 32.9 0.186852 0.0316554 4.07058 0.0231414 0.00534016 9.36375
508318 15 0.01 1.7 32.9 0.0394794 0.035591 9.3749 0.0121586 0.0109314 8.42078
509116 15 0.01 1.7 32.9 0.262771 -0.200208 14.2451 0.1141 -0.0858501 8.02587
509550 15 0.01 1.7 32.9 -0.192424 0.407634 2.60196 -0.0147371 0.0322089 8.95293
509635 15 0.01 1.7 32.9 0.262736 -0.237498 8.2977 0.0657351 -0.0616509 8.81554
509691 15 0.01 1.7 32.9 -0.195571 0.40102 4.71093 -0.0281683 0.0581898 8.6972
512755 15 0.01 1.7 32.9 -0.339478 0.145294 1.99131 -0.0222611 0.0054451 8.66791
512964 15 0.01 1.7 32.9 0.231982 -0.00372411 12.0627 0.0839609 -0.00119061 7.88163
513783 15 0.01 1.7 32.9 -0.179273 0.0804739 1.50015 -0.00817864 0.00292362 8.26796
516350 15 0.01 1.7 32.9 0.34877 -0.198333 4.70978 0.050843 -0.0271734 9.2923
516510 15 0.01 1.7 32.9 0.0790143 -0.0740738 4.33454 0.0110959 -0.00822879 8.36929
517388 15 0.01 1.7 32.9 0.0502511 0.473684 5.75207 0.00959798 0.0817745 7.96556
518514 15 0.01 1.7 32.9 0.362556 0.0596684 2.89635 0.032882 0.00336929 8.95166
518837 15 0.01 1.7 32.9 0.351061 -0.138167 7.59429 0.0814765 -0.0321989 8.16685
519443 15 0.01 1.7 32.9 0.392171 -0.149184 10.0336 0.119426 -0.0475074 8.45444
519783 15 0.01 1.7 32.9 -0.0906963 0.220533 13.5596 -0.0358948 0.0918084 8.08711
522689 15 0.01 1.7 32.9 0.300818 0.247146 6.28523 0.0578111 0.0475493 8.56133
524871 15 0.01 1.7 32.9 0.447795 0.00967505 3.13828 0.0415382 -0.000666736 8.81147
525410 15 0.01 1.7 32.9 -0.0578766 0.384359 7.90669 -0.0161749 0.0917049 7.9148
525905 15 0.01 1.7 32.9 0.145767 0.270711 5.7034 0.0253277 0.0461223 9.08382
525980 15 0.01 1.7 32.9 -0.0357404 -0.331262 3.90021 -0.0018534 -0.0400202 8.70145
526206 15 0.01 1.7 32.9 -0.488139 -0.349739 3.95728 -0.0605785 -0.043085 8.64306
526560 15 0.01 1.7 32.9 0.248932 -0.363984 2.75454 0.0226315 -0.0295662 8.17017
528715 15 0.01 1.7 32.9 -0.201414 -0.0881438 12.0383 -0.0725978 -0.0312232 8.24266
529080 15 0.01 1.7 32.9 0.379098 -0.196829 8.1677 0.0955234 -0.0483468 8.36178
529219 15 0.01 1.7 32.9 -0.192115 -0.208745 8.92006 -0.0523836 -0.0569557 8.2829
530190 15 0.01 1.7 32.9 -0.30014 -0.285507 2.46296 -0.0224206 -0.0192188 8.71599
530814 15 0.01 1.7 32.9 0.0963468 0.119474 3.85132 0.0108375 0.0169354 8.11954
534045 15 0.01 1.7 32.9 0.104946 0.366972 1.31401 0.00290355 0.0140267 8.95964
536114 15 0.01 1.7 32.9 0.294042 -0.379951 5.40461 0.0469706 -0.0634986 8.72847
539347 15 0.01 1.7 32.9 0.176612 0.0590127 4.35123 0.0215785 0.00936144 8.53805
539517 15 0.01 1.7 32.9 0.236559 0.141104 5.98213 0.0403324 0.0245905 8.61913
539982 15 0.01 1.7 32.9 0.379931 0.465549 3.38679 0.03871 0.047575 8.44643
540536 15 0.01 1.7 32.9 0.0246582 -0.472127 1.60603 0.00331603 -0.0182409 9.07804
540932 15 0.01 1.7 32.9 0.240354 0.157044 8.76211 0.0633419 0.0429032 7.78772
544822 15 0.01 1.7 32.9 0.422019 -0.289296 4.14433 0.052757 -0.0377247 8.67052
544853 15 0.01 1.7 32.9 0.355915 0.247948 9.19572 0.0976973 0.0688225 8.42177
546298 15 0.01 1.7 32.9 0.374277 -0.49729 6.82702 0.0770333 -0.101321 8.68614
547837 15 0.01 1.7 32.9 0.379429 -0.17115 6.83727 0.0812165 -0.0369663 8.86938
547979 15 0.01 1.7 32.9 0.34515 -0.0234809 7.59939 0.0794858 -0.00438103 8.76682
548332 15 0.01 1.7 32.9 0.442107 0.482451 5.18114 0.0691937 0.0740572 8.56287
548840 15 0.01 1.7 32.9 -0.252514 -0.258947 5.44789 -0.0402051 -0.0438503 8.79674
550889 15 0.01 1.7 32.9 -0.0152828 0.141089 1.49694 -2.47114e-05 0.00611947 8.63252
551834 15 0.01 1.7 32.9 0.244351 -0.0737074 5.40706 0.0391071 -0.0123659 8.64514
552071 15 0.01 1.7 32.9 0.236078 -0.202891 4.76979 0.0345471 -0.0309279 8.38469
552563 15 0.01 1.7 32.9 0.477984 -0.447831 2.4142 0.0377988 -0.0327833 8.25866
554001 15 0.01 1.7 32.9 0.18757 -0.41685 7.18619 0.0412448 -0.0894862 7.78125
555937 15 0.01 1.7 32.9 0.228515 0.0406659 15.3395 0.106284 0.0176205 7.89106
557425 15 0.01 1.7 32.9 0.0230943 0.46873 13.3 0.00977237 0.190242 7.91794
558499 15 0.01 1.7 32.9 -0.265101 0.254792 5.8494 -0.048454 0.0454171 8.59617
560834 15 0.01 1.7 32.9 -0.0665289 0.219762 1.86624 -0.00466157 0.0113615 8.55639
561858 15 0.01 1.7 32.9 0.197513 -0.253595 5.69107 0.0386231 -0.045273 9.3723
562729 15 0.01 1.7 32.9 0.326049 -0.205198 7.15747 0.0729099 -0.0454595 9.04921
563806 15 0.01 1.7 32.9 0.139383 0.0120937 5.71146 0.0248721 -0.00041012 8.44174
563878 15 0.01 1.7 32.9 -0.193443 0.405205 6.27065 -0.0361717 0.076914 9.10813
564448 15 0.01 1.7 32.9 0.132149 -0.315268 3.13308 0.011244 -0.0297502 8.69023
564883 15 0.01 1.7 32.9 -0.210883 -0.109632 3.78011 -0.0254988 -0.00904016 9.13869
565379 15 0.01 1.7 32.9 0.455013 -0.303909 15.5002 0.216236 -0.142291 7.89697
566005 15 0.01 1.7 32.9 0.453069 0.474793 8.59819 0.117164 0.125952 8.27315
566473 15 0.01 1.7 32.9 -0.337671 0.329463 3.45827 -0.0376365 0.0344289 8.69236
566818 15 0.01 1.7 32.9 -0.310598 0.244602 3.37113 -0.0311044 0.0249369 9.13425
567185 15 0.01 1.7 32.9 0.354384 0.125561 2.18738 0.0236517 0.00606792 8.55426
567314 15 0.01 1.7 32.9 -0.293736 -0.27902 10.6573 -0.0973549 -0.0889497 8.45512
568228 15 0.01 1.7 32.9 -0.426739 -0.131268 28.7888 -0.37195 -0.114019 7.72762
569092 15 0.01 1.7 32.9 0.169664 -0.261666 5.38764 0.0291755 -0.0392381 8.82231
572017 15 0.01 1.7 32.9 -0.379912 0.018898 3.85472 -0.0467143 0.00123781 8.65725
572177 15 0.01 1.7 32.9 -0.380458 -0.484856 7.06962 -0.0792955 -0.10433 9.01621
572260 15 0.01 1.7 32.9 -0.437379 0.484815 4.38062 -0.0583796 0.0644524 9.05857
572689 15 0.01 1.7 32.9 0.460592 0.197399 6.07243 0.0866849 0.0388088 9.13045
572972 15 0.01 1.7 32.9 -0.0506415 -0.272947 3.35639 -0.00441594 -0.0243491 9.1679
574599 15 0.01 1.7 32.9 -0.305324 -0.311173 5.93026 -0.0533481 -0.0532897 8.201
575405 15 0.01 1.7 32.9 -0.215275 0.373724 10.2456 -0.0678666 0.117074 8.45673
576282 15 0.01 1.7 32.9 0.139619 0.0275708 11.3877 0.0486284 0.0109514 8.27067
577404 15 0.01 1.7 32.9 0.339894 0.288463 6.43892 0.066114 0.0545302 8.97523
579281 15 0.01 1.7 32.9 -0.384981 0.313882 2.97769 -0.0357273 0.0270307 8.15485
581544 15 0.01 1.7 32.9 0.13714 -0.0739978 5.37716 0.024551 -0.0149822 9.25671
581954 15 0.01 1.7 32.9 -0.215296 0.202148 8.7408 -0.0565685 0.0535812 8.30198
585903 15 0.01 1.7 32.9 0.112441 -0.41042 11.5258 0.0406252 -0.142585 7.96468
586627 15 0.01 1.7 32.9 -0.000432603 0.053754 4.28835 0.00103524 0.00892888 8.49525
587725 15 0.01 1.7 32.9 -0.307687 0.352626 4.82709 -0.0470979 0.0489708 8.74503
588083 15 0.01 1.7 32.9 0.073037 0.126069 9.09432 0.0209365 0.0343463 8.20435
589081 15 0.01 1.7 32.9 0.335871 -0.233234 6.30495 0.0659082 -0.0424102 9.00503
590725 15 0.01 1.7 32.9 -0.0421802 0.0388804 9.23338 -0.0102183 0.00914377 8.45815
593676 15 0.01 1.7 32.9 0.0558428 0.319507 1.34929 0.00145414 0.0123908 8.45905
594299 15 0.01 1.7 32.9 -0.255158 -0.359992 4.10483 -0.0325299 -0.0421155 8.01823
596147 15 0.01 1.7 32.9 0.156724 -0.137122 3.26874 0.0159576 -0.0151092 8.34268
600011 15 0.01 1.7 32.9 0.281858 -0.378393 6.09636 0.049773 -0.0686869 8.91169
600898 15 0.01 1.7 32.9 -0.118033 0.312722 4.58745 -0.0179524 0.0394545 9.46359
601419 15 0.01 1.7 32.9 0.235881 0.0601768 7.18527 0.0547565 0.014217 8.74212
603340 15 0.01 1.7 32.9 -0.23727 -0.326524 11.9324 -0.0853411 -0.117365 8.27909
606497 15 0.01 1.7 32.9 0.327473 -0.314368 7.03033 0.0692455 -0.0697489 8.7876
607013 15 0.01 1.7 32.9 -0.177954 0.0497717 4.0911 -0.0225562 0.00616143 9.19382
613565 15 0.01 1.7 32.9 -0.317485 -0.491644 7.01629 -0.0680992 -0.103393 8.41664
613772 15 0.01 1.7 32.9 0.403006 0.494848 4.33254 0.0525598 0.065388 9.21931
613855 15 0.01 1.7 32.9 -0.415254 0.00507857 2.11281 -0.0267598 0.00237768 8.17363
614034 15 0.01 1.7 32.9 -0.0155127 0.186508 3.8615 -0.00160793 0.0222558 8.71344
614176 15 0.01 1.7 32.9 -0.363507 0.0243121 5.93762 -0.0653532 0.0024223 9.09901
616546 15 0.01 1.7 32.9 0.290457 -0.425528 1.65487 0.0141128 -0.0231045 9.05904
616924 15 0.01 1.7 32.9 -0.365389 -0.00762036 8.32094 -0.0900836 -0.00129572 7.95564
616985 15 0.01 1.7 32.9 -0.064128 0.0650342 2.79605 -0.00552897 0.00881892 9.44164
620384 15 0.01 1.7 32.9 -0.470676 -0.42505 3.11306 -0.0441703 -0.0399451 8.98613
620831 15 0.01 1.7 32.9 -0.229337 -0.413992 8.14597 -0.0548813 -0.101953 8.10349
621228 15 0.01 1.7 32.9 0.496437 -0.357776 9.85653 0.148713 -0.106316 8.20564
621748 15 0.01 1.7 32.9 -0.28216 0.470853 4.61914 -0.0393464 0.0650719 9.16157
621776 15 0.01 1.7 32.9 -0.441539 -0.489879 6.7554 -0.0920629 -0.0997412 8.67386
621828 15 0.01 1.7 32.9 -0.0948187 0.498897 3.25087 -0.00680075 0.0514523 8.29869
622564 15 0.01 1.7 32.9 -0.0320577 -0.105957 4.09415 -0.00251502 -0.0131891 9.12671
624572 15 0.01 1.7 32.9 0.0649404 0.0169891 5.64398 0.0104686 0.00125843 8.80939
626256 15 0.01 1.7 32.9 0.376896 0.497269 7.03048 0.0810817 0.10714 8.53586
626545 15 0.01 1.7 32.9 -0.0869439 0.233985 9.10512 -0.0246545 0.0630057 8.01027
627621 15 0.01 1.7 32.9 0.262914 0.373077 7.47527 0.0609265 0.0853233 7.9937
629758 15 0.01 1.7 32.9 0.0389388 -0.214215 3.4329 0.00202774 -0.0222023 9.17125
630415 15 0.01 1.7 32.9 0.444373 0.429697 2.90859 0.0388775 0.0369712 8.70025
630671 15 0.01 1.7 32.9 -0.276701 -0.00361672 34.2688 -0.290341 -0.00443731 7.66907
630714 15 0.01 1.7 32.9 0.207501 -0.102523 4.46863 0.0295637 -0.0128666 8.67926
630878 15 0.01 1.7 32.9 -0.0884554 0.00765668 3.29066 -0.00736801 0.002368 9.11811
631853 15 0.01 1.7 32.9 -0.165103 -0.334723 14.0032 -0.0720416 -0.140509 8.10637
634844 15 0.01 1.7 32.9 0.0725664 -0.306461 6.38134 0.0109301 -0.0620996 8.91339
635937 15 0.01 1.7 32.9 -0.321389 0.224465 5.66485 -0.0556812 0.0397986 8.44262
636939 15 0.01 1.7 32.9 -0.281823 0.477859 16.6337 -0.142488 0.240972 7.98797
637953 15 0.01 1.7 32.9 0.0884359 0.223289 9.66374 0.026887 0.0661284 8.20362
638578 15 0.01 1.7 32.9 -0.158824 -0.410508 8.00704 -0.0383279 -0.100018 8.50822
638763 15 0.01 1.7 32.9 0.246921 -0.250717 3.34392 0.0268095 -0.0240487 9.03548
638896 15 0.01 1.7 32.9 -0.267574 -0.489878 4.42376 -0.0352579 -0.0695194 9.27633
639259 15 0.01 1.7 32.9 -0.0152852 -0.175934 6.27615 -0.0018392 -0.0330247 7.88445
639692 15 0.01 1.7 32.9 -0.280863 0.0424197 8.30913 -0.0718473 0.0108161 8.55277
641821 15 0.01 1.7 32.9 -0.213105 0.42207 4.89972 -0.0326181 0.0619832 9.34854
642258 15 0.01 1.7 32.9 -0.395945 0.493291 7.58642 -0.0888078 0.115667 8.33491
642623 15 0.01 1.7 32.9 -0.373555 0.0499415 4.56287 -0.0516345 0.00742874 8.90446
642770 15 0.01 1.7 32.9 0.351495 -0.234891 5.06447 0.0555391 -0.0361973 8.45248
645009 15 0.01 1.7 32.9 -0.106536 0.197195 2.22919 -0.00761995 0.0151562 9.0069
645447 15 0.01 1.7 32.9 -0.200449 0.444213 11.4123 -0.0700645 0.154456 8.15575
645629 15 0.01 1.7 32.9 -0.258649 0.425828 8.27689 -0.0619136 0.108974 8.58015
646492 15 0.01 1.7 32.9 0.1378 -0.412088 21.216 0.0887669 -0.265808 7.8054
646920 15 0.01 1.7 32.9 0.488784 -0.43431 4.3455 0.0658464 -0.0597791 8.06686
649479 15 0.01 1.7 32.9 0.301177 0.382079 6.45297 0.0594695 0.0756977 8.47836
651662 15 0.01 1.7 32.9 -0.0612081 0.191124 1.75209 -0.00576588 0.0108221 8.19533
653484 15 0.01 1.7 32.9 -0.212374 -0.25993 6.14927 -0.0405242 -0.0502956 8.32511
657207 15 0.01 1.7 32.9 0.175291 -0.333296 3.79559 0.0187863 -0.0371934 8.38189
657947 15 0.01 1.7 32.9 -0.055387 -0.181535 3.02453 -0.00487141 -0.0186606 9.15203
659744 15 0.01 1.7 32.9 -0.153658 0.020068 1.6244 -0.0080671 -0.000682837 8.74201
660219 15 0.01 1.7 32.9 -0.417826 -0.173688 6.50021 -0.0843601 -0.0344035 8.6552
660617 15 0.01 1.7 32.9 0.0151124 -0.0385701 10.3833 0.00415553 -0.0098054 8.44144
660773 15 0.01 1.7 32.9 0.334536 0.0228176 7.96146 0.0817028 0.00740968 8.87709
661126 15 0.01 1.7 32.9 -0.403091 -0.383426 2.24622 -0.0253828 -0.0232835 8.37086
661427 15 0.01 1.7 32.9 0.251175 -0.0843095 8.02705 0.0610789 -0.0216596 8.21025
661956 15 0.01 1.7 32.9 -0.108803 0.455714 10.9897 -0.0382054 0.152837 7.88767
663440 15 0.01 1.7 32.9 0.0997819 -0.0531378 13.746 0.040405 -0.0231376 8.05873
663844 15 0.01 1.7 32.9 -0.287592 0.454527 4.48251 -0.0396261 0.0622481 8.32284
666393 15 0.01 1.7 32.9 -0.407093 -0.0361927 8.01768 -0.0995148 -0.00789344 8.30806
667596 15 0.01 1.7 32.9 0.412937 0.0717048 2.84348 0.0359622 0.00711611 9.24086
668342 15 0.01 1.7 32.9 -0.339435 -0.0402906 3.72784 -0.0411162 -0.005392 9.21533
668588 15 0.01 1.7 32.9 0.00607263 -0.110528 5.08812 -0.000525675 -0.017546 8.47318
668942 15 0.01 1.7 32.9 -0.465371 0.0944718 2.49512 -0.0337071 0.00584135 8.43576
669167 15 0.01 1.7 32.9 0.350692 0.16886 7.11049 0.0758646 0.0370788 8.57673
671180 15 0.01 1.7 32.9 -0.192405 0.302393 4.43435 -0.0255513 0.0425437 9.35061
671352 15 0.01 1.7 32.9 0.272689 -0.0174446 8.22547 0.0702379 -0.00319102 8.49934
671619 15 0.01 1.7 32.9 0.354387 -0.26772 14.1299 0.149492 -0.113724 8.10061
671855 15 0.01 1.7 32.9 -0.44876 0.0166031 2.73495 -0.0386526 0.00163942 8.70396
671968 15 0.01 1.7 32.9 0.352978 -0.0544908 1.1843 0.00990714 -0.000956909 9.04966
672874 15 0.01 1.7 32.9 0.410324 -0.292247 2.76552 0.0358003 -0.0262874 8.67297
673289 15 0.01 1.7 32.9 0.451544 0.0360386 4.5253 0.0606142 0.00647812 8.84005
675413 15 0.01 1.7 32.9 0.370367 0.454768 3.23051 0.0345454 0.0451069 9.31126
675747 15 0.01 1.7 32.9 0.0155995 0.127356 3.73167 0.00144679 0.0162342 8.65474
677294 15 0.01 1.7 32.9 -0.239348 0.0618519 4.67621 -0.0325379 0.00931766 8.67038
677564 15 0.01 1.7 32.9 -0.119526 0.289205 2.42525 -0.00987497 0.0213246 8.65245
678702 15 0.01 1.7 32.9 -0.194868 -0.117582 3.79303 -0.0219999 -0.0107534 9.31471
679134 15 0.01 1.7 32.9 -0.104853 0.346329 20.8797 -0.0674824 0.221866 7.70662
679950 15 0.01 1.7 32.9 0.390463 0.150508 6.10103 0.0700344 0.0281727 8.04424
680966 15 0.01 1.7 32.9 -0.0988509 -0.0709831 30.1813 -0.0909053 -0.0657325 7.69277
681135 15 0.01 1.7 32.9 0.218152 0.446947 19.4952 0.12991 0.263707 7.88397
681445 15 0.01 1.7 32.9 -0.213931 0.498204 6.61778 -0.0446597 0.0990903 9.1372
683128 15 0.01 1.7 32.9 -0.0695974 0.493558 6.80609 -0.016465 0.101631 8.44445
683515 15 0.01 1.7 32.9 -0.302216 0.249393 4.78327 -0.0451704 0.0363228 8.58214
683664 15 0.01 1.7 32.9 -0.0498445 -0.300917 1.77432 -0.00184752 -0.0173402 8.5854
686198 15 0.01 1.7 32.9 0.18667 0.0910035 8.00007 0.0444223 0.0236168 8.88289
688835 15 0.01 1.7 32.9 0.159813 0.193478 4.84336 0.0246378 0.0285021 8.06055
690661 15 0.01 1.7 32.9 -0.383959 0.399092 3.77937 -0.0431207 0.0448445 8.93363
691665 15 0.01 1.7 32.9 -0.343167 -0.122432 9.70309 -0.100261 -0.0352359 7.92331
693835 15 0.01 1.7 32.9 -0.366801 0.279523 10.456 -0.115014 0.0881048 8.35443
695611 15 0.01 1.7 32.9 -0.494132 -0.0185466 2.33048 -0.0368614 -0.00210469 8.4611
695717 15 0.01 1.7 32.9 0.496386 0.482258 3.03351 0.0472119 0.0435811 9.11394
695827 15 0.01 1.7 32.9 0.151575 0.320941 5.59566 0.0290425 0.0550782 9.00763
696314 15 0.01 1.7 32.9 -0.409116 -0.141084 3.21492 -0.0404292 -0.0139541 8.15307
697370 15 0.01 1.7 32.9 -0.463134 -0.00941532 2.64319 -0.0379261 0.000470939 8.76003
697886 15 0.01 1.7 32.9 -0.153442 -0.0513159 3.47303 -0.0161602 -0.00753568 8.45254
700277 15 0.01 1.7 32.9 -0.497781 0.444352 3.39313 -0.0515773 0.0430679 9.19439
700665 15 0.01 1.7 32.9 -0.162266 -0.338361 3.49123 -0.0175545 -0.0348126 9.45652
700767 15 0.01 1.7 32.9 -0.436643 -0.152369 16.754 -0.223232 -0.078532 7.81705
701362 15 0.01 1.7 32.9 -0.304106 -0.357928 3.63431 -0.034805 -0.0397668 9.28018
701652 15 0.01 1.7 32.9 -0.139498 0.293086 9.62367 -0.0408386 0.0862664 8.37676
701678 15 0.01 1.7 32.9 0.411645 -0.188574 6.00965 0.075565 -0.035778 9.23915
702486 15 0.01 1.7 32.9 -0.225681 0.327163 13.3528 -0.0931 0.131737 7.73071
702755 15 0.01 1.7 32.9 0.0916184 0.257063 7.48017 0.0229217 0.0569705 8.03924
703356 15 0.01 1.7 32.9 -0.12468 -0.153819 9.01356 -0.0364707 -0.0421499 7.80034
705273 15 0.01 1.7 32.9 -0.244655 -0.024112 12.6143 -0.0932435 -0.00947679 7.91875
706256 15 0.01 1.7 32.9 0.0252927 -0.254654 5.42183 0.00232793 -0.0429158 8.78886
707365 15 0.01 1.7 32.9 0.499638 -0.125837 8.07017 0.122955 -0.0339565 8.10525
707372 15 0.01 1.7 32.9 -0.177045 0.200409 4.76568 -0.0246795 0.0300027 9.29171
708417 15 0.01 1.7 32.9 0.460145 -0.192259 2.42019 0.0346346 -0.0115314 9.01528
708502 15 0.01 1.7 32.9 -0.00647756 -0.418892 5.52883 -0.00138115 -0.0688207 9.40816
708691 15 0.01 1.7 32.9 -0.27742 0.0240439 2.31071 -0.0213621 0.00338466 8.36718
709730 15 0.01 1.7 32.9 -0.37566 0.239158 5.04268 -0.0580392 0.0354186 8.64494
710279 15 0.01 1.7 32.9 0.175674 -0.297871 8.89973 0.0472042 -0.0821561 7.86286
710927 15 0.01 1.7 32.9 -0.496522 0.223437 7.39699 -0.115622 0.0515357 8.20389
711515 15 0.01 1.7 32.9 0.158301 0.0566936 3.5781 0.0174231 0.00671524 8.39628
715162 15 0.01 1.7 32.9 0.311864 0.315806 4.60797 0.0431819 0.0444556 9.16656
716953 15 0.01 1.7 32.9 0.112651 0.483287 2.59243 0.00955769 0.0371531 8.59377
719688 15 0.01 1.7 32.9 0.166767 0.406029 4.33232 0.0220943 0.0525906 8.50469
720348 15 0.01 1.7 32.9 0.427467 0.098089 6.0262 0.0812927 0.0177319 8.84524
721767 15 0.01 1.7 32.9 -0.466495 0.158154 3.93463 -0.0549173 0.0212757 9.2189
722666 15 0.01 1.7 32.9 0.212633 0.0979509 6.97567 0.0432308 0.0189177 8.33187
724764 15 0.01 1.7 32.9 -0.0780785 0.267202 7.562 -0.0175138 0.0611715 8.49979
724833 15 0.01 1.7 32.9 0.400186 0.292533 5.74457 0.0699918 0.0506434 9.00662
724894 15 0.01 1.7 32.9 -0.0302709 0.00576778 5.36682 -0.00280416 0.00115174 9.04624
726435 15 0.01 1.7 32.9 -0.49028 -0.185498 3.8748 -0.0576293 -0.023555 9.23683
730511 15 0.01 1.7 32.9 0.202647 0.270428 4.7712 0.0300085 0.0396064 7.8283
731935 15 0.01 1.7 32.9 0.459982 0.0728272 3.45107 0.0473693 0.00963077 9.13219
732102 15 0.01 1.7 32.9 -0.277383 0.304884 2.99587 -0.022919 0.0286555 8.3325
732118 15 0.01 1.7 32.9 0.490198 -0.1615 7.69739 0.115866 -0.0397316 8.80826
732410 15 0.01 1.7 32.9 0.224806 -0.492113 8.97523 0.0616429 -0.134339 8.53186
733247 15 0.01 1.7 32.9 -0.445765 0.417573 5.58289 -0.0756304 0.0702628 9.33342
733771 15 0.01 1.7 32.9 -0.351083 0.148088 3.31249 -0.0329071 0.0142665 8.31611
733782 15 0.01 1.7 32.9 -0.144039 0.0639145 2.58881 -0.011657 0.0081527 8.37989
733831 15 0.01 1.7 32.9 0.441834 -0.480954 2.13391 0.0289213 -0.0341079 8.60722
734027 15 0.01 1.7 32.9 -0.166814 -0.394865 8.6192 -0.0429489 -0.10616 8.74236
734089 15 0.01 1.7 32.9 -0.312728 0.238268 7.32294 -0.0714773 0.0545154 9.0615
734604 15 0.01 1.7 32.9 -0.363727 -0.423413 3.24939 -0.0355843 -0.0414256 9.05541
735130 15 0.01 1.7 32.9 0.385297 -0.467258 4.18442 0.0505742 -0.0582649 9.39511
735504 15 0.01 1.7 32.9 0.0602182 0.012035 8.19407 0.0137817 0.00554694 8.76995
736144 15 0.01 1.7 32.9 0.0705411 -0.348354 3.4257 0.00597666 -0.0358311 8.19553
736946 15 0.01 1.7 32.9 0.314301 -0.395522 2.76646 0.0245244 -0.0352515 8.69304
737729 15 0.01 1.7 32.9 -0.00315095 0.31924 32.1708 -0.00285786 0.311245 7.67597
737839 15 0.01 1.7 32.9 0.0496736 0.313536 7.71173 0.0100716 0.0750514 8.84109
738093 15 0.01 1.7 32.9 0.222291 0.131094 6.09377 0.0423488 0.0237264 9.25193
738734 15 0.01 1.7 32.9 -0.392911 0.299077 5.92173 -0.0705185 0.0545181 8.67928
738880 15 0.01 1.7 32.9 -0.439968 0.280583 8.81185 -0.116985 0.0743952 8.65335
739189 15 0.01 1.7 32.9 0.247076 -0.153607 3.49978 0.0254778 -0.016772 8.81154
739503 15 0.01 1.7 32.9 0.0186857 0.109 1.24378 0.000384098 0.00468149 9.26622
740447 15 0.01 1.7 32.9 0.132348 -0.453703 6.43903 0.0244189 -0.0871585 8.64452
741089 15 0.01 1.7 32.9 0.0904475 0.0252665 9.59876 0.0268602 0.00984515 8.20976
741239 15 0.01 1.7 32.9 -0.0280463 -0.333126 5.14194 -0.00347426 -0.0525297 9.49193
741288 15 0.01 1.7 32.9 -0.465162 0.403453 7.29225 -0.103197 0.0894083 8.36257
741438 15 0.01 1.7 32.9 0.381839 -0.403801 7.26443 0.0840346 -0.0925616 8.9975
741984 15 0.01 1.7 32.9 0.294866 0.191295 8.79637 0.0781751 0.052745 8.32678
742904 15 0.01 1.7 32.9 0.069919 0.411542 6.30643 0.0122313 0.0789086 7.98915
742962 15 0.01 1.7 32.9 -0.0468343 0.268348 4.66634 -0.00719112 0.0391956 8.70782
746477 15 0.01 1.7 32.9 0.109079 -0.25968 3.9072 0.0127336 -0.0280744 9.01491
747760 15 0.01 1.7 32.9 0.236085 -0.106663 5.99645 0.0420795 -0.0199045 9.00018
748156 15 0.01 1.7 32.9 -0.103263 0.303895 3.30573 -0.0112443 0.0306974 9.09993
749584 15 0.01 1.7 32.9 -0.437921 -0.0889415 7.92206 -0.105447 -0.0202422 8.11095
751010 15 0.01 1.7 32.9 0.261355 0.444943 4.92986 0.0402289 0.0660972 9.46513
751452 15 0.01 1.7 32.9 0.298803 -0.129641 5.55804 0.0505328 -0.0213259 7.96724
751534 15 0.01 1.7 32.9 -0.218206 -0.218087 6.61358 -0.0424047 -0.044839 8.90586
751657 15 0.01 1.7 32.9 -0.36733 -0.258622 17.8397 -0.198199 -0.137686 7.85814
752099 15 0.01 1.7 32.9 -0.0854602 -0.29502 7.29421 -0.0184936 -0.0663119 8.89132
752246 15 0.01 1.7 32.9 -0.264384 0.128914 1.77553 -0.0157101 0.0046855 7.8128
753215 15 0.01 1.7 32.9 -0.444933 0.160437 13.2617 -0.181355 0.0645348 8.0394
754504 15 0.01 1.7 32.9 -0.126693 -0.31068 5.60615 -0.0223786 -0.0516145 7.95285
755252 15 0.01 1.7 32.9 -0.0761342 0.125866 1.70887 -0.00411277 0.00165302 8.31401
757712 15 0.01 1.7 32.9 -0.278856 0.250541 6.78202 -0.0585728 0.0498388 8.30919
758968 15 0.01 1.7 32.9 -0.13198 0.391685 8.13243 -0.0321213 0.0962461 8.74256
761091 15 0.01 1.7 32.9 -0.18498 -0.34402 4.1545 -0.0249986 -0.0434562 8.84461
761636 15 0.01 1.7 32.9 -0.46695 -0.385956 4.33163 -0.0618253 -0.0499387 8.63374
762947 15 0.01 1.7 32.9 -0.0545785 -0.434046 8.63791 -0.0153207 -0.114335 8.41291
762971 15 0.01 1.7 32.9 0.458158 0.428563 6.71548 0.092226 0.0860387 9.01284
764638 15 0.01 1.7 32.9 0.496266 -0.374574 6.18377 0.0939067 -0.0676965 9.30135
765760 15 0.01 1.7 32.9 0.340111 -0.143948 11.1926 0.11571 -0.0478115 8.32841
766287 15 0.01 1.7 32.9 -0.168412 0.275754 10.6365 -0.0542628 0.0878606 7.99087
766347 15 0.01 1.7 32.9 -0.276486 0.426281 5.30551 -0.0431231 0.0688489 9.46377
766769 15 0.01 1.7 32.9 0.0190045 -0.262301 6.85352 0.00309393 -0.055369 7.99387
768252 15 0.01 1.7 32.9 -0.488389 -0.303486 2.21519 -0.0341374 -0.0219912 8.23785
768476 15 0.01 1.7 32.9 0.259483 0.436166 6.37025 0.0498466 0.0829141 8.91057
770889 15 0.01 1.7 32.9 0.23153 -0.113612 38.0724 0.266077 -0.130607 7.66562
771046 15 0.01 1.7 32.9 -0.467479 -0.296546 6.32424 -0.0906717 -0.0552282 8.54132
773393 15 0.01 1.7 32.9 -0.234348 0.0441742 2.61986 -0.0230425 0.00245659 7.96583
773498 15 0.01 1.7 32.9 0.429846 0.460722 3.10421 0.0387323 0.0415643 9.14238
773690 15 0.01 1.7 32.9 0.139771 -0.347226 5.88848 0.0248068 -0.0600587 8.48215
773703 15 0.01 1.7 32.9 0.0253441 0.197928 10.638 0.00610553 0.0644679 8.02352
774335 15 0.01 1.7 32.9 0.461136 -0.257804 10.3552 0.146758 -0.0819007 8.46189
774378 15 0.01 1.7 32.9 -0.273095 -0.338403 21.5262 -0.178316 -0.221322 7.71462
775328 15 0.01 1.7 32.9 0.0313026 0.140095 5.10453 0.00602757 0.0189133 8.22954
775362 15 0.01 1.7 32.9 0.0461041 -0.151377 4.66519 0.00978352 -0.0185471 8.8769
776663 15 0.01 1.7 32.9 0.223077 0.172811 5.68347 0.0413471 0.0272645 9.09149
777250 15 0.01 1.7 32.9 0.399603 0.370676 18.1146 0.219896 0.205549 7.88258
777337 15 0.01 1.7 32.9 0.0201057 0.060435 4.4223 0.00287248 0.0078033 9.26925
777393 15 0.01 1.7 32.9 0.190377 0.16656 5.79119 0.0315132 0.0282821 8.92386
780507 15 0.01 1.7 32.9 -0.436992 -0.195875 9.72606 -0.12954 -0.0595136 8.57808
780849 15 0.01 1.7 32.9 -0.220009 -0.353031 3.97916 -0.0261218 -0.0442889 9.02891
785093 15 0.01 1.7 32.9 -0.309907 0.486821 5.5203 -0.0517241 0.0832555 8.75199
785854 15 0.01 1.7 32.9 -0.318289 0.494402 4.72958 -0.047105 0.0702532 8.61362
786115 15 0.01 1.7 32.9 0.438129 0.350603 4.59525 0.058134 0.0497531 9.20462
787091 15 0.01 1.7 32.9 -0.181012 0.287725 9.45424 -0.0533254 0.0815237 8.30072
789725 15 0.01 1.7 32.9 0.0159698 0.0738518 6.88392 0.00330298 0.0157377 8.91672
789883 15 0.01 1.7 32.9 0.426033 0.328923 6.42133 0.0797226 0.0638805 8.90251
790029 15 0.01 1.7 32.9 0.0337602 0.296465 6.91196 0.00791221 0.0616611 8.86525
790049 15 0.01 1.7 32.9 0.260568 0.321496 7.95447 0.0617145 0.0749594 8.33936
790717 15 0.01 1.7 32.9 -0.449699 -0.160898 4.21486 -0.053484 -0.0191397 9.30178
791070 15 0.01 1.7 32.9 0.156724 0.105946 2.01884 0.0116436 0.00650242 8.18638
791117 15 0.01 1.7 32.9 -0.219181 -0.315386 5.09055 -0.0340583 -0.0515201 9.07102
791722 15 0.01 1.7 32.9 0.453711 -0.185705 6.2756 0.087515 -0.0375767 9.10064
792731 15 0.01 1.7 32.9 -0.194297 0.389259 11.553 -0.0681661 0.135424 8.23889
792824 15 0.01 1.7 32.9 -0.0941409 0.129158 11.4597 -0.0340387 0.0417028 8.31192
793003 15 0.01 1.7 32.9 0.431066 -0.399401 1.81675 0.0239253 -0.0213323 7.85693
794358 15 0.01 1.7 32.9 0.385096 0.0126034 8.80325 0.104664 0.00415103 8.66128
796282 15 0.01 1.7 32.9 -0.316587 -0.137006 13.6569 -0.131375 -0.0578835 8.02036
798013 15 0.01 1.7 32.9 -0.120939 -0.287855 3.01025 -0.0131088 -0.0280994 8.69956
798164 15 0.01 1.7 32.9 0.246262 0.339353 6.42428 0.0506994 0.0655456 9.10834
800825 15 0.01 1.7 32.9 -0.197556 -0.112356 4.65024 -0.029071 -0.0182682 8.50937
801091 15 0.01 1.7 32.9 -0.0829401 -0.121111 2.90564 -0.00976752 -0.0115366 8.33128
802196 15 0.01 1.7 32.9 0.255242 -0.0823672 5.27533 0.0398239 -0.0141832 7.99815
802641 15 0.01 1.7 32.9 -0.487774 0.000917393 7.52526 -0.113039 -0.000498951 8.94936
802758 15 0.01 1.7 32.9 0.246666 -0.271897 5.89784 0.0466194 -0.0496393 9.16991
803772 15 0.01 1.7 32.9 -0.0479624 -0.182068 2.41905 -0.00164181 -0.0149406 7.76009
804469 15 0.01 1.7 32.9 -0.414254 -0.117738 5.41838 -0.066776 -0.020367 9.4299
807308 15 0.01 1.7 32.9 0.48576 -0.33117 4.53996 0.0690597 -0.0466865 7.72388
808957 15 0.01 1.7 32.9 -0.286684 0.0236893 5.27973 -0.0455564 0.00662088 9.06419
809206 15 0.01 1.7 32.9 0.0307787 0.343024 4.91978 0.004107 0.0505769 8.47147
809623 15 0.01 1.7 32.9 0.324093 -0.476872 2.59672 0.0250261 -0.0412225 8.90969
809742 15 0.01 1.7 32.9 -0.10179 0.0474643 4.48962 -0.014578 0.00660815 8.97597
810511 15 0.01 1.7 32.9 0.143438 -0.136731 6.86457 0.0323951 -0.0266605 8.78886
811977 15 0.01 1.7 32.9 -0.486598 0.458083 2.71299 -0.0396338 0.0364095 9.09945
813660 15 0.01 1.7 32.9 0.25062 0.23549 10.193 0.0768475 0.072652 8.52165
814324 15 0.01 1.7 32.9 -0.278342 -0.252837 10.8892 -0.0901779 -0.0848842 7.70114
815207 15 0.01 1.7 32.9 -0.468677 -0.00995077 5.06438 -0.0749005 -0.00135593 9.42866
815473 15 0.01 1.7 32.9 0.496221 -0.129659 1.94901 0.0297245 -0.00795219 9.04488
815787 15 0.01 1.7 32.9 -0.446277 0.274918 11.7784 -0.1592 0.0993253 8.31106
816616 15 0.01 1.7 32.9 -0.0368294 -0.0478158 1.6102 0.00159353 -0.0071985 8.32416
817044 15 0.01 1.7 32.9 -0.0473116 -0.133401 15.3061 -0.0234875 -0.0633505 7.93514
817272 15 0.01 1.7 32.9 0.0259393 -0.153907 5.69053 0.00282344 -0.0235884 8.43174
819806 15 0.01 1.7 32.9 -0.225957 -0.279349 8.77846 -0.0605328 -0.07457 8.66955
820277 15 0.01 1.7 32.9 0.0425573 0.147964 8.23364 0.00983581 0.0375813 8.48341
820512 15 0.01 1.7 32.9 -0.162826 -0.229059 3.29443 -0.0169037 -0.0213736 8.79466
821379 15 0.01 1.7 32.9 -0.0979363 -0.479652 6.15508 -0.0169054 -0.0916596 8.85796
821391 15 0.01 1.7 32.9 0.133131 -0.0618584 3.65134 0.0136352 -0.00755795 8.29835
821771 15 0.01 1.7 32.9 0.0786822 -0.114822 14.0017 0.0349851 -0.048624 8.10997
825328 15 0.01 1.7 32.9 0.033497 -0.167942 8.46111 0.00930875 -0.0420743 8.02871
826383 15 0.01 1.7 32.9 0.030219 -0.289538 5.35224 0.00425082 -0.046765 9.18104
827827 15 0.01 1.7 32.9 0.328207 -0.31326 10.1574 0.0998 -0.0929624 8.5314
828409 15 0.01 1.7 32.9 0.143187 0.457666 3.11302 0.0129867 0.044039 8.96235
829075 15 0.01 1.7 32.9 -0.474258 -0.201157 6.9818 -0.102786 -0.0429304 9.15312
829326 15 0.01 1.7 32.9 -0.212091 0.304726 6.07691 -0.0387033 0.0553083 8.09941
830657 15 0.01 1.7 32.9 -0.0995704 0.0362808 2.50042 -0.00901387 0.00299699 8.72728
831026 15 0.01 1.7 32.9 0.312087 0.422806 6.74832 0.0632385 0.0895468 8.06275
831161 15 0.01 1.7 32.9 0.0282995 -0.450422 3.67783 0.00215008 -0.0511908 8.84813
831811 15 0.01 1.7 32.9 -0.145944 -0.435624 7.99787 -0.0350791 -0.104112 8.02454
832337 15 0.01 1.7 32.9 0.239044 0.0979138 4.24257 0.0304399 0.0113171 8.70533
832732 15 0.01 1.7 32.9 0.00191245 -0.0928813 4.83131 0.00186873 -0.0172436 8.01699
833638 15 0.01 1.7 32.9 -0.397193 -0.194145 5.35199 -0.0653296 -0.0330334 9.32488
834062 15 0.01 1.7 32.9 0.478761 0.46171 0.494797 0.0025103 0.00577699 8.78136
834760 15 0.01 1.7 32.9 0.178051 -0.427657 7.8549 0.0419014 -0.103318 8.09181
834997 15 0.01 1.7 32.9 -0.121616 -0.112546 2.84983 -0.00924207 -0.00731617 8.973
836137 15 0.01 1.7 32.9 0.230552 -0.364129 15.4716 0.107168 -0.172826 7.65273
836161 15 0.01 1.7 32.9 -0.145829 -0.353781 10.6153 -0.0467952 -0.117891 8.11418
838292 15 0.01 1.7 32.9 -0.121577 0.394765 10.0922 -0.0397614 0.121867 8.37811
839363 15 0.01 1.7 32.9 0.0273459 -0.129977 3.63229 0.00708596 -0.0129168 8.19329
840155 15 0.01 1.7 32.9 0.283481 -0.215877 8.46408 0.0726878 -0.0572496 8.19947
842650 15 0.01 1.7 32.9 -0.297634 -0.370719 8.75407 -0.081616 -0.0976368 8.13918
842947 15 0.01 1.7 32.9 0.182306 0.426167 3.12405 0.0180327 0.041254 8.8821
844005 15 0.01 1.7 32.9 -0.14946 0.126846 7.66802 -0.0354681 0.0314822 8.36146
845773 15 0.01 1.7 32.9 -0.448353 0.314064 4.83036 -0.0669618 0.0468901 8.61745
846143 15 0.01 1.7 32.9 -0.462337 -0.250438 2.82161 -0.0403247 -0.020847 8.19253
846253 15 0.01 1.7 32.9 -0.466281 0.311243 4.66484 -0.0663029 0.0426642 8.40858
846262 15 0.01 1.7 32.9 -0.0959098 0.00759718 18.9602 -0.05661 0.00349616 7.85994
847343 15 0.01 1.7 32.9 0.240215 0.298655 4.21239 0.0312002 0.0369027 8.08825
847555 15 0.01 1.7 32.9 -0.38805 -0.114532 3.93663 -0.0450004 -0.0137495 9.32766
851929 15 0.01 1.7 32.9 0.0871962 0.187747 9.27715 0.02553 0.0501244 8.27558
852169 15 0.01 1.7 32.9 0.358463 -0.120169 9.75097 0.107025 -0.0357459 7.83975
853646 15 0.01 1.7 32.9 -0.0482027 -0.457773 2.72196 -0.000923741 -0.0403345 8.5273
853701 15 0.01 1.7 32.9 0.354533 -0.0599751 5.44116 0.0562159 -0.0126292 8.78217
853825 15 0.01 1.7 32.9 -0.0811277 0.106312 4.14351 -0.0136506 0.0156948 9.22188
853985 15 0.01 1.7 32.9 0.105068 -0.0161039 9.12812 0.0327361 -0.00446483 8.19088
854353 15 0.01 1.7 32.9 -0.121294 -0.308982 6.59373 -0.0238454 -0.0627767 8.70876
859266 15 0.01 1.7 32.9 -0.352837 0.0314671 5.99359 -0.0637267 0.00663052 8.58815
859504 15 0.01 1.7 32.9 0.276477 0.400559 4.05141 0.0364118 0.0504692 9.05674
860342 15 0.01 1.7 32.9 0.327045 -0.367638 3.85145 0.0397677 -0.0427816 8.50748
861522 15 0.01 1.7 32.9 -0.0380013 0.160383 3.15173 -0.0035875 0.0168191 8.27474
861576 15 0.01 1.7 32.9 0.49814 0.258206 5.59483 0.0845963 0.0417428 8.65545
861741 15 0.01 1.7 32.9 0.358025 0.00813687 4.55581 0.0499528 0.00125752 8.9912
862182 15 0.01 1.7 32.9 -0.254061 -0.119164 5.37668 -0.0428244 -0.0186497 9.39882
862743 15 0.01 1.7 32.9 -0.421745 -0.0332558 4.80599 -0.0602458 -0.00585541 8.86974
862863 15 0.01 1.7 32.9 0.198539 0.41006 2.40231 0.0140464 0.0279538 8.54046
863519 15 0.01 1.7 32.9 0.250225 -0.288548 7.88022 0.0579165 -0.0685133 8.19296
863961 15 0.01 1.7 32.9 -0.105833 -0.462128 5.28658 -0.0177497 -0.0717319 8.70341
864320 15 0.01 1.7 32.9 0.322074 -0.0256601 13.9451 0.137954 -0.00910384 7.87667
865295 15 0.01 1.7 32.9 -0.0709544 0.199798 7.52843 -0.0159111 0.0483444 7.79383
866892 15 0.01 1.7 32.9 0.169229 -0.29938 5.6526 0.0314597 -0.0546251 8.39229
867149 15 0.01 1.7 32.9 0.111183 -0.293528 2.51726 0.00745441 -0.0234723 8.07274
869239 15 0.01 1.7 32.9 0.381944 -0.179408 3.87926 0.0439255 -0.0225498 9.12676
869733 15 0.01 1.7 32.9 0.21078 -0.000892363 1.22493 0.00486174 0.003846 9.10263
871422 15 0.01 1.7 32.9 0.0760976 0.223002 5.44203 0.0142393 0.0353221 8.45328
871709 15 0.01 1.7 32.9 -0.141456 0.1759 8.03041 -0.035321 0.0432618 8.80265
872028 15 0.01 1.7 32.9 0.388733 -0.234742 3.31464 0.0375792 -0.0214504 8.72512
872064 15 0.01 1.7 32.9 -0.144935 -0.269124 8.6428 -0.0385904 -0.0720143 8.34204
873442 15 0.01 1.7 32.9 0.251262 -0.411331 9.1421 0.068703 -0.116125 8.48303
873614 15 0.01 1.7 32.9 0.40732 -0.0295023 12.665 0.158477 -0.0114983 7.9175
873754 15 0.01 1.7 32.9 -0.179627 -0.320522 5.16609 -0.0265706 -0.0524333 9.46241
875095 15 0.01 1.7 32.9 0.490794 -0.346201 3.18246 0.0495347 -0.0353797 9.42685
875619 15 0.01 1.7 32.9 0.480221 -0.244968 6.57639 0.0943467 -0.0516489 8.93361
876377 15 0.01 1.7 32.9 0.296517 -0.165623 12.6916 0.112774 -0.0640417 8.20569
877836 15 0.01 1.7 32.9 -0.288227 0.026382 2.58201 -0.0187473 0.000114593 9.23123
879613 15 0.01 1.7 32.9 0.352712 -0.319128 6.51669 0.0710537 -0.0618745 8.16664
880106 15 0.01 1.7 32.9 -0.260375 0.353182 6.20573 -0.0476581 0.0667106 9.04408
882790 15 0.01 1.7 32.9 0.0909498 -0.330122 5.96987 0.0150606 -0.0602019 9.10144
883479 15 0.01 1.7 32.9 -0.494199 -0.309919 3.64127 -0.056034 -0.0332812 9.21242
884746 15 0.01 1.7 32.9 0.202566 0.161022 5.32256 0.0328793 0.0251988 8.78207
886326 15 0.01 1.7 32.9 0.424687 -0.0699758 11.2688 0.147139 -0.0229846 8.36708
886401 15 0.01 1.7 32.9 -0.464207 0.121127 18.5299 -0.261394 0.0674285 7.68138
886515 15 0.01 1.7 32.9 0.356251 -0.152155 9.46011 0.106527 -0.0450996 7.98605
886648 15 0.01 1.7 32.9 -0.3816 -0.175084 4.07864 -0.0449875 -0.0216504 9.02124
887157 15 0.01 1.7 32.9 0.498866 0.115489 5.12486 0.0792197 0.017782 8.89157
889030 15 0.01 1.7 32.9 -0.414254 -0.12045 7.80996 -0.0974227 -0.0268381 8.76546
890031 15 0.01 1.7 32.9 0.191392 -0.167883 4.87762 0.0236077 -0.0254338 9.44003
890601 15 0.01 1.7 32.9 -0.217564 0.495646 8.59555 -0.055516 0.128794 8.75093
891297 15 0.01 1.7 32.9 0.344271 0.329195 6.00617 0.0638663 0.0598518 8.5051
892528 15 0.01 1.7 32.9 -0.279499 -0.219814 0.661699 -0.00726938 -0.00142566 7.88457
893302 15 0.01 1.7 32.9 0.476436 -0.217828 4.38827 0.0624634 -0.0296842 9.43291
895305 15 0.01 1.7 32.9 0.356602 -0.146589 7.2531 0.0800006 -0.0323722 8.51761
895719 15 0.01 1.7 32.9 -0.0158671 -0.294371 6.26925 -0.00393815 -0.0554773 7.97483
896066 15 0.01 1.7 32.9 0.46198 -0.133234 4.36251 0.0603506 -0.0195894 8.9982
897415 15 0.01 1.7 32.9 0.401772 0.408311 6.02023 0.0739457 0.0746673 9.19436
897769 15 0.01 1.7 32.9 -0.12046 0.086455 5.18286 -0.0176269 0.0128072 8.64121
898575 15 0.01 1.7 32.9 0.355111 0.0350533 3.9708 0.0464221 0.00473924 9.28833
899772 15 0.01 1.7 32.9 0.329663 -0.467748 5.72996 0.0601188 -0.080509 9.3258
899785 15 0.01 1.7 32.9 -0.380416 -0.296512 8.2179 -0.0942725 -0.0741149 8.35477
900828 15 0.01 1.7 32.9 -0.417245 -0.450179 8.40014 -0.106033 -0.114016 8.34909
901026 15 0.01 1.7 32.9 -0.207514 -0.00925069 4.88687 -0.0308201 -0.00397389 9.47971
902417 15 0.01 1.7 32.9 0.0580602 -0.442621 6.13623 0.012337 -0.0814158 9.34715
904486 15 0.01 1.7 32.9 -0.392591 0.0288554 4.05155 -0.0482933 0.00168384 9.27363
905457 15 0.01 1.7 32.9 -0.461994 0.427183 8.91717 -0.127789 0.115512 8.18903
905644 15 0.01 1.7 32.9 0.407295 -0.0266943 3.1001 0.0391381 -0.00550217 7.8869
905989 15 0.01 1.7 32.9 -0.188867 0.105052 2.82382 -0.0181059 0.00962458 9.38756
906808 15 0.01 1.7 32.9 -0.00411978 0.299272 4.02138 -0.00178736 0.037179 8.24683
907285 15 0.01 1.7 32.9 -0.126652 0.205453 1.16777 -0.00665115 0.00923098 8.01521
907527 15 0.01 1.7 32.9 -0.381786 -0.246262 3.79326 -0.0406002 -0.026995 9.03008
907580 15 0.01 1.7 32.9 -0.0498573 0.135186 5.59766 -0.00743264 0.0239938 8.63544
907881 15 0.01 1.7 32.9 0.0857665 0.379212 5.48479 0.0136996 0.064043 8.1479
909555 15 0.01 1.7 32.9 -0.260625 0.225909 22.929 -0.181751 0.159121 7.72054
911319 15 0.01 1.7 32.9 0.38054 -0.0471307 2.72016 0.0318276 -0.00412049 8.34484
912866 15 0.01 1.7 32.9 -0.0456399 0.426665 8.16957 -0.0122379 0.103477 7.97352
913314 15 0.01 1.7 32.9 0.253338 0.212466 13.371 0.105949 0.0891494 8.18069
914470 15 0.01 1.7 32.9 0.260088 0.324831 8.72332 0.071352 0.0885351 8.74122
914579 15 0.01 1.7 32.9 -0.345382 0.429374 1.81403 -0.0169954 0.0227239 8.19275
916621 15 0.01 1.7 32.9 -0.462718 -0.22923 23.9668 -0.334274 -0.164881 7.67436
917103 15 0.01 1.7 32.9 0.383622 -0.490749 5.1094 0.0557827 -0.0781095 8.20787
918243 15 0.01 1.7 32.9 0.456038 0.248483 4.99558 0.0698286 0.0363124 8.60408
921920 15 0.01 1.7 32.9 0.407194 -0.193572 1.29681 0.0184511 -0.00781611 8.06359
923007 15 0.01 1.7 32.9 0.330117 0.0965671 8.58098 0.0878537 0.0258484 8.71317
923846 15 0.01 1.7 32.9 0.306212 -0.204663 4.28566 0.038289 -0.0263816 8.49344
924965 15 0.01 1.7 32.9 -0.437138 0.46872 4.29001 -0.0588931 0.0600061 8.71328
925693 15 0.01 1.7 32.9 -0.290903 0.305556 9.91212 -0.086423 0.091048 7.87515
926330 15 0.01 1.7 32.9 0.0912897 0.0358324 6.00789 0.0162525 0.00634493 9.22967
926682 15 0.01 1.7 32.9 -0.274884 0.428502 1.22172 -0.00893754 0.0170986 8.30382
927107 15 0.01 1.7 32.9 -0.332871 -0.251473 9.33988 -0.0953379 -0.0718996 8.09647
927682 15 0.01 1.7 32.9 0.262237 0.164777 4.53633 0.0362328 0.0253064 9.36446
929452 15 0.01 1.7 32.9 -0.296183 0.251091 1.1402 -0.00882683 0.00747413 8.01567
930317 15 0.01 1.7 32.9 0.43928 -0.287954 5.98191 0.0782853 -0.0528983 8.78667
931275 15 0.01 1.7 32.9 0.404954 0.161943 14.0857 0.173179 0.0691762 8.06068
931633 15 0.01 1.7 32.9 0.056907 0.239787 0.444637 0.00458216 0.0113485 9.08769
931859 15 0.01 1.7 32.9 0.203499 0.0249978 9.97319 0.0604388 0.0101139 8.45453
933221 15 0.01 1.7 32.9 -0.0605387 -0.333614 6.52196 -0.0128883 -0.067682 8.03517
933861 15 0.01 1.7 32.9 -0.464152 -0.151134 3.06536 -0.0418943 -0.0149137 9.04978
934397 15 0.01 1.7 32.9 -0.179317 0.0237891 11.0775 -0.0587489 0.00632786 7.86394
934853 15 0.01 1.7 32.9 -0.314417 0.0794843 10.9611 -0.10321 0.0295374 8.14825
935449 15 0.01 1.7 32.9 0.142808 0.39731 0.620097 0.000406804 0.0075439 7.88164
939522 15 0.01 1.7 32.9 -0.0648714 -0.208317 8.43705 -0.0168366 -0.0522014 8.32612
940990 15 0.01 1.7 32.9 -0.217417 0.0777339 2.82967 -0.0203741 0.0051444 8.94789
941665 15 0.01 1.7 32.9 -0.2818 0.325042 2.84431 -0.0220444 0.0271997 8.68817
942583 15 0.01 1.7 32.9 0.174197 -0.353691 2.91961 0.0200862 -0.0295624 8.20702
943662 15 0.01 1.7 32.9 -0.363016 0.254145 16.1708 -0.180807 0.124653 7.79335
943739 15 0.01 1.7 32.9 -0.331932 -0.0685177 3.54767 -0.0343352 -0.00480772 9.38303
944258 15 0.01 1.7 32.9 -0.0520574 0.49465 12.1006 -0.0201213 0.183778 8.24459
944499 15 0.01 1.7 32.9 0.201738 -0.19356 2.8416 0.0181165 -0.0179859 8.62883
944580 15 0.01 1.7 32.9 -0.410396 -0.139043 1.20724 -0.0180746 -0.00595702 8.07032
946183 15 0.01 1.7 32.9 -0.0770894 -0.368054 5.04918 -0.0129526 -0.0583914 9.49793
948404 15 0.01 1.7 32.9 0.345422 0.307875 7.29995 0.0767446 0.0702432 8.66628
949110 15 0.01 1.7 32.9 -0.26481 0.106927 2.66156 -0.0230655 0.00784067 8.50462
949438 15 0.01 1.7 32.9 -0.471456 0.0842049 4.73217 -0.0696168 0.0136854 8.57358
949748 15 0.01 1.7 32.9 -0.398507 -0.309998 5.17468 -0.0585494 -0.048136 9.45518
950260 15 0.01 1.7 32.9 0.401178 -0.113416 7.32339 0.0870527 -0.025567 8.77933
951423 15 0.01 1.7 32.9 0.243512 0.405695 3.86797 0.0307868 0.0468489 8.45295
953473 15 0.01 1.7 32.9 0.179024 0.349453 14.0949 0.0769737 0.149115 7.99325
955515 15 0.01 1.7 32.9 -0.0970019 0.125567 7.19047 -0.020466 0.0258317 8.60749
955610 15 0.01 1.7 32.9 0.302826 0.168874 4.98659 0.0440924 0.0257367 9.34742
957142 15 0.01 1.7 32.9 0.4837 -0.105574 0.998386 0.0136436 -0.00104507 9.0366
959722 15 0.01 1.7 32.9 -0.0396369 -0.237122 5.34351 -0.00729591 -0.0388799 9.37907
960316 15 0.01 1.7 32.9 0.230792 -0.384184 3.45764 0.0270521 -0.037314 8.55885
961811 15 0.01 1.7 32.9 -0.15866 -0.196398 4.28277 -0.0200433 -0.0260851 9.15505
964159 15 0.01 1.7 32.9 0.0401234 -0.45587 4.39328 0.00636032 -0.0603802 8.55713
966120 15 0.01 1.7 32.9 -0.239208 -0.46625 1.06132 -0.00645295 -0.0156797 8.71962
967612 15 0.01 1.7 32.9 -0.44924 0.28779 1.93118 -0.0245037 0.0179602 8.82235
967613 15 0.01 1.7 32.9 -0.116259 -0.312934 2.45148 -0.00862938 -0.0249378 8.96796
967715 15 0.01 1.7 32.9 0.222684 0.311822 8.83879 0.059823 0.0849482 8.62295
967824 15 0.01 1.7 32.9 0.325883 0.416699 12.5327 0.12443 0.157966 7.84989
970519 15 0.01 1.7 32.9 -0.429533 0.19805 3.29182 -0.0429877 0.0173127 9.16553
970523 15 0.01 1.7 32.9 0.143053 -0.3247 6.25548 0.025756 -0.0616222 9.1929
971869 15 0.01 1.7 32.9 -0.221376 0.0300771 8.31515 -0.0536516 0.00591258 8.3085
975840 15 0.01 1.7 32.9 0.436865 0.32527 6.59752 0.0875124 0.0636918 8.22263
977480 15 0.01 1.7 32.9 -0.252575 -0.0453994 6.39986 -0.0516323 -0.00981319 8.73134
978519 15 0.01 1.7 32.9 0.400042 -0.345122 8.61541 0.105989 -0.0897586 8.77007
978884 15 0.01 1.7 32.9 0.0575323 0.0961751 4.67964 0.00689684 0.0135252 9.37588
979487 15 0.01 1.7 32.9 -0.106744 -0.474496 4.34073 -0.014546 -0.0636967 8.53323
981690 15 0.01 1.7 32.9 0.367695 0.122336 2.79516 0.0298989 0.0114229 8.16755
982082 15 0.01 1.7 32.9 -0.274677 0.330759 22.3087 -0.184038 0.227295 7.72401
982205 15 0.01 1.7 32.9 0.169212 0.254426 11.7025 0.0601998 0.0921542 8.25596
983584 15 0.01 1.7 32.9 0.101616 -0.486192 6.2734 0.0159498 -0.0920999 9.20202
984140 15 0.01 1.7 32.9 -0.316273 0.336199 7.14996 -0.0680264 0.0749633 8.24471
984551 15 0.01 1.7 32.9 -0.15296 0.294623 6.43942 -0.0307538 0.0588356 8.53788
984779 15 0.01 1.7 32.9 0.157918 -0.0784952 3.16839 0.0157024 -0.00677857 8.93468
986410 15 0.01 1.7 32.9 0.0192731 0.00678775 5.14908 0.000697165 -0.00109471 8.648
986886 15 0.01 1.7 32.9 0.141835 0.00380274 2.74398 0.0104122 0.00211841 9.2727
986961 15 0.01 1.7 32.9 0.06245 -0.149127 29.8166 0.0579813 -0.134088 7.64174
987043 15 0.01 1.7 32.9 -0.00615444 -0.429132 11.4738 -0.00351287 -0.14742 8.25266
987211 15 0.01 1.7 32.9 0.328983 0.281261 3.03847 0.0296317 0.0259963 9.20874
989272 15 0.01 1.7 32.9 -0.145906 0.0272357 7.17486 -0.0326483 0.0067484 8.79718
991086 15 0.01 1.7 32.9 -0.467134 -0.21576 6.3371 -0.091775 -0.0436059 8.6711
991928 15 0.01 1.7 32.9 0.270634 0.373492 11.6818 0.0975684 0.133142 8.20882
992062 15 0.01 1.7 32.9 -0.277329 0.44722 3.46613 -0.0304112 0.0449548 8.76315
993723 15 0.01 1.7 32.9 -0.0741222 0.192206 8.79229 -0.0220973 0.0493992 8.08552
993735 15 0.01 1.7 32.9 0.335687 -0.0453112 4.51004 0.0451289 -0.00647943 9.46416
993949 15 0.01 1.7 32.9 -0.382098 -0.121999 3.94297 -0.0448016 -0.0124122 8.36206
997783 15 0.01 1.7 32.9 -0.134207 0.233046 8.89937 -0.0363466 0.0626401 8.63842
998392 15 0.01 1.7 32.9 0.34518 -0.239757 2.55463 0.0285891 -0.0185333 8.61074
999473 15 0.01 1.7 32.9 -0.475809 0.303495 3.05119 -0.0422729 0.0289185 8.76476
999534 15 0.01 1.7 32.9 0.408436 0.236915 5.66535 0.0720227 0.0403869 8.78361
353 15 0.01 1.7 32.9 0.387653 -0.28045 0.690367 0.0104796 0.000742911 7.83366
513 15 0.01 1.7 32.9 -0.298053 -0.00744756 16.4287 -0.148019 -0.00581759 7.81739
1157 15 0.01 1.7 32.9 -0.0256019 0.344593 2.24242 -0.00659214 0.0243324 8.99763
1933 15 0.01 1.7 32.9 0.0968896 -0.392014 18.2289 0.055069 -0.217424 7.72359
2892 15 0.01 1.7 32.9 -0.411011 -0.242364 4.02424 -0.0496386 -0.0286704 8.39768
2974 15 0.01 1.7 32.9 -0.377294 0.132006 6.87748 -0.0785193 0.0293274 8.19742
4966 15 0.01 1.7 32.9 0.295195 -0.157914 12.7372 0.115349 -0.0623454 8.0932
5401 15 0.01 1.7 32.9 0.0486088 -0.433132 4.65825 0.00572266 -0.0628875 9.063
6197 15 0.01 1.7 32.9 0.046262 -0.499814 5.23706 0.00728351 -0.0801372 8.11641
6570 15 0.01 1.7 32.9 0.299805 0.213467 5.2917 0.0493484 0.0351214 8.2148
7563 15 0.01 1.7 32.9 -0.224288 -0.412887 1.48601 -0.0106055 -0.0231966 8.86204
9234 15 0.01 1.7 32.9 -0.266864 0.400028 7.54846 -0.062347 0.0920207 8.08551
12390 15 0.01 1.7 32.9 0.0905496 0.355453 9.80643 0.0265355 0.106031 8.50013
13932 15 0.01 1.7 32.9 0.0665662 -0.135841 5.73822 0.012098 -0.0228754 8.96747
13963 15 0.01 1.7 32.9 -0.0995192 -0.254124 8.43911 -0.0273776 -0.0668716 8.07014
15038 15 0.01 1.7 32.9 -0.207367 0.335379 5.12153 -0.0283042 0.0525694 8.26983
16117 15 0.01 1.7 32.9 0.0123734 0.364919 3.80187 0.000958571 0.0441655 9.06609
16326 15 0.01 1.7 32.9 -0.0431024 -0.326047 7.80671 -0.00904853 -0.0770604 8.55688
16878 15 0.01 1.7 32.9 -0.122039 0.470504 7.67258 -0.0295824 0.109723 8.54081
17702 15 0.01 1.7 32.9 0.213244 0.0396519 5.39094 0.0360878 0.00640815 9.43855
19024 15 0.01 1.7 32.9 0.0823967 0.226563 8.61091 0.0218177 0.0576001 8.41162
20267 15 0.01 1.7 32.9 -0.00071881 0.0178033 3.51804 -0.00116418 0.00269581 9.11909
20901 15 0.01 1.7 32.9 -0.388061 -0.164161 10.1556 -0.120711 -0.0506033 8.1749
21758 15 0.01 1.7 32.9 -0.481565 0.099596 2.86996 -0.0422406 0.00831432 8.84757
22580 15 0.01 1.7 32.9 0.268228 0.0959433 2.83659 0.0205974 0.00880131 8.69963
22926 15 0.01 1.7 32.9 -0.454052 -0.400911 4.66785 -0.0635579 -0.0561398 8.74846
23164 15 0.01 1.7 32.9 0.440141 -0.279105 7.8873 0.10593 -0.0643151 8.57571
24032 15 0.01 1.7 32.9 -0.339496 -0.142029 5.42121 -0.0574044 -0.0220638 9.35123
24351 15 0.01 1.7 32.9 0.416628 0.277243 4.37139 0.056756 0.0329711 8.51887
25224 15 0.01 1.7 32.9 -0.00171857 0.373931 3.43008 0.00295972 0.0403696 9.40698
25269 15 0.01 1.7 32.9 0.293557 -0.132216 8.30303 0.0728411 -0.0315365 8.50283
25757 15 0.01 1.7 32.9 -0.37446 -0.101267 3.55191 -0.0413181 -0.00904989 8.06503
26035 15 0.01 1.7 32.9 0.489393 0.156455 2.77168 0.0413123 0.0103855 9.1346
26312 15 0.01 1.7 32.9 0.300231 -0.0204668 1.17889 0.0119667 -0.00205588 8.12874
28828 15 0.01 1.7 32.9 0.230561 0.1147 5.16337 0.0361908 0.0212084 8.55382
29383 15 0.01 1.7 32.9 0.339593 0.164154 14.0429 0.143509 0.0719804 8.06333
29482 15 0.01 1.7 32.9 0.284822 -0.0757078 11.7816 0.102396 -0.0289925 7.91088
31280 15 0.01 1.7 32.9 0.425651 -0.228952 6.83147 0.0865914 -0.0498198 8.9367
31985 15 0.01 1.7 32.9 -0.0346149 -0.327086 4.35768 -0.00402889 -0.0426318 9.01471
32172 15 0.01 1.7 32.9 0.0944544 -0.0507329 2.733 0.00820215 -0.00361057 8.18341
32805 15 0.01 1.7 32.9 0.160499 -0.226063 5.219 0.0268989 -0.0378567 8.3098
33197 15 0.01 1.7 32.9 0.44916 0.393548 5.76423 0.080236 0.0696033 8.30403
33997 15 0.01 1.7 32.9 0.291235 -0.139419 4.47575 0.041506 -0.0210169 8.06605
35665 15 0.01 1.7 32.9 0.43549 -0.496209 7.77443 0.10161 -0.116675 8.95217
35851 15 0.01 1.7 32.9 -0.176398 0.395773 5.11808 -0.0257887 0.0620987 8.10773
36989 15 0.01 1.7 32.9 -0.471648 0.285338 6.16726 -0.0877445 0.0512682 8.51897
43931 15 0.01 1.7 32.9 -0.159993 0.0791901 2.71456 -0.0163118 0.00655324 8.77677
44540 15 0.01 1.7 32.9 0.379031 0.109554 3.5768 0.0400153 0.0129411 9.37293
48116 15 0.01 1.7 32.9 -0.0545519 -0.157279 16.6452 -0.0272905 -0.0789193 7.89328
49351 15 0.01 1.7 32.9 0.3976 0.382645 3.83122 0.0474617 0.0439731 9.36585
49410 15 0.01 1.7 32.9 0.430632 -0.406562 12.7559 0.166823 -0.158607 8.0992
49607 15 0.01 1.7 32.9 0.00763532 -0.206221 4.39929 0.000530596 -0.0250124 8.88385
49766 15 0.01 1.7 32.9 0.195801 -0.0831793 8.61759 0.0510507 -0.0237377 7.91961
50398 15 0.01 1.7 32.9 0.186994 -0.0193941 5.57488 0.0316557 -0.00618 8.78573
50750 15 0.01 1.7 32.9 0.0588021 -0.212342 3.00979 0.00337334 -0.0209316 7.97442
51797 15 0.01 1.7 32.9 0.238718 -0.241908 4.22607 0.031731 -0.031112 8.3315
54937 15 0.01 1.7 32.9 0.221678 -0.424707 10.7449 0.0745366 -0.136863 8.43727
55046 15 0.01 1.7 32.9 0.410287 -0.438248 13.2112 0.165006 -0.174447 8.17666
55229 15 0.01 1.7 32.9 -0.245022 -0.198437 6.24186 -0.0482117 -0.0374296 9.31843
55646 15 0.01 1.7 32.9 -0.336673 0.379112 2.44248 -0.0242598 0.0295485 8.73062
56231 15 0.01 1.7 32.9 -0.0363287 0.106623 4.4776 -0.00314126 0.0102754 8.83003
56269 15 0.01 1.7 32.9 0.291651 0.482662 11.2444 0.100281 0.162089 8.03035
57357 15 0.01 1.7 32.9 0.0727901 -0.0104637 8.27236 0.018706 -0.00741651 8.13225
57394 15 0.01 1.7 32.9 -0.318972 -0.432261 3.15316 -0.0315053 -0.042806 9.10001
58116 15 0.01 1.7 32.9 0.0194275 -0.0278392 7.02619 0.00412739 -0.00667216 9.10356
58454 15 0.01 1.7 32.9 -0.0624052 0.00801175 4.2968 -0.00768776 0.000184306 9.15775
60467 15 0.01 1.7 32.9 -0.0944897 -0.347568 2.21298 -0.00916909 -0.0253102 8.68289
61024 15 0.01 1.7 32.9 0.0227388 -0.227042 10.2895 0.00600913 -0.0696632 7.81511
63471 15 0.01 1.7 32.9 -0.438444 -0.496597 6.05625 -0.0825975 -0.0922355 8.71001
65076 15 0.01 1.7 32.9 -0.384703 0.348534 15.7162 -0.185343 0.167541 7.92103
65546 15 0.01 1.7 32.9 0.0918806 -0.393212 12.7968 0.0350686 -0.15192 7.7943
65624 15 0.01 1.7 32.9 -0.0423847 -0.472166 6.0679 -0.00904267 -0.0857027 8.53239
66496 15 0.01 1.7 32.9 0.214703 -0.280467 6.50628 0.045197 -0.0538699 8.90597
66857 15 0.01 1.7 32.9 0.241714 0.0786628 5.93182 0.0455058 0.01421 8.54497
66944 15 0.01 1.7 32.9 -0.246139 -0.0238622 6.96011 -0.0499563 -0.00720317 9.07434
66995 15 0.01 1.7 32.9 -0.177664 0.380127 5.30802 -0.0263332 0.0641191 8.54438
67130 15 0.01 1.7 32.9 -0.212785 0.0652089 7.12609 -0.0444929 0.0151947 8.14556
67606 15 0.01 1.7 32.9 -0.116521 -0.0778487 14.264 -0.0519139 -0.0344374 7.80831
70551 15 0.01 1.7 32.9 -0.244723 0.427083 7.28207 -0.0548062 0.0944117 8.08873
70874 15 0.01 1.7 32.9 0.49615 0.0264128 4.27748 0.0662642 0.00247095 9.37378
71725 15 0.01 1.7 32.9 -0.488339 0.169742 2.28015 -0.0368417 0.012617 8.26083
72197 15 0.01 1.7 32.9 0.498249 -0.477901 8.01861 0.121989 -0.117434 8.45902
73928 15 0.01 1.7 32.9 -0.283217 -0.0536048 2.7664 -0.022534 -0.00631973 8.4985
74748 15 0.01 1.7 32.9 -0.0533886 -0.386769 3.12151 -0.00427195 -0.0381961 7.99354
75084 15 0.01 1.7 32.9 -0.0468024 0.211501 5.59351 -0.00801222 0.0341016 8.78593
77525 15 0.01 1.7 32.9 0.0114518 0.326981 13.1928 0.00505953 0.128005 8.08523
78367 15 0.01 1.7 32.9 -0.0139152 -0.148936 8.19707 -0.00471639 -0.0364648 8.2548
78653 15 0.01 1.7 32.9 0.130552 -0.336141 7.26691 0.0280622 -0.0746733 8.59582
79242 15 0.01 1.7 32.9 0.294741 -0.3501 7.25447 0.0659874 -0.0752288 8.78022
79794 15 0.01 1.7 32.9 -0.273084 0.0779834 5.86828 -0.0499644 0.0165346 9.32624
80550 15 0.01 1.7 32.9 -0.177615 0.480679 7.9677 -0.0440314 0.116299 8.75656
81136 15 0.01 1.7 32.9 0.204803 -0.0372553 3.2688 0.018261 -0.00199042 8.24011
82771 15 0.01 1.7 32.9 -0.0718784 0.123741 10.3588 -0.0222434 0.0394508 8.25019
84358 15 0.01 1.7 32.9 -0.0296827 -0.498117 7.16377 -0.00642304 -0.109378 8.94582
84547 15 0.01 1.7 32.9 0.0200892 0.194935 9.50938 0.00754506 0.0576238 8.12801
85328 15 0.01 1.7 32.9 0.161115 0.235655 4.47079 0.0230144 0.0324383 8.64916
86452 15 0.01 1.7 32.9 0.439251 0.0866272 5.2252 0.0716848 0.0134819 9.46806
90510 15 0.01 1.7 32.9 -0.0844067 -0.098627 5.25254 -0.0131155 -0.0148714 8.88016
91078 15 0.01 1.7 32.9 0.0881608 0.361824 3.92709 0.0091868 0.0454455 9.09621
91137 15 0.01 1.7 32.9 0.266279 0.132979 11.5711 0.0921143 0.0451178 8.35352
91197 15 0.01 1.7 32.9 -0.0564554 -0.349334 7.06462 -0.0134459 -0.0769337 8.42613
92113 15 0.01 1.7 32.9 -0.232408 -0.0475945 5.40463 -0.0392985 -0.00590849 8.82171
92290 15 0.01 1.7 32.9 0.20605 -0.14911 8.2337 0.0504934 -0.0357843 7.72249
92379 15 0.01 1.7 32.9 -0.338086 -0.375996 3.41237 -0.037318 -0.0397523 9.10198
93149 15 0.01 1.7 32.9 0.399739 0.443211 8.72063 0.10676 0.11445 8.35096
93391 15 0.01 1.7 32.9 0.498923 -0.081194 6.324 0.0964207 -0.015876 8.85539
93398 15 0.01 1.7 32.9 0.101221 0.0722977 6.76844 0.0211244 0.0163524 9.17775
94136 15 0.01 1.7 32.9 -0.127777 -0.105925 10.0864 -0.0405043 -0.032663 8.49149
94304 15 0.01 1.7 32.9 0.278197 -0.0325079 8.85046 0.0744592 -0.00792939 8.0252
95339 15 0.01 1.7 32.9 -0.337568 -0.123666 10.0594 -0.104772 -0.0377062 8.50482
96349 15 0.01 1.7 32.9 -0.241143 0.275 12.8212 -0.0958434 0.106794 8.11931
96550 15 0.01 1.7 32.9 0.126219 0.114402 2.49488 0.0115995 0.00989791 9.38994
96782 15 0.01 1.7 32.9 -0.2151 -0.0170425 5.12975 -0.0323453 -0.00577286 8.2092
97968 15 0.01 1.7 32.9 0.222729 0.498316 4.4131 0.0270509 0.0646067 9.1144
98492 15 0.01 1.7 32.9 0.35826 0.0856934 9.74576 0.104966 0.0246658 8.28734
99748 15 0.01 1.7 32.9 -0.35887 -0.168012 11.7082 -0.126027 -0.0596101 7.74313
100425 15 0.01 1.7 32.9 0.29104 -0.306415 6.73896 0.0570534 -0.0633449 8.57521
101637 15 0.01 1.7 32.9 0.361455 -0.135327 5.35459 0.0572144 -0.0257532 7.94885
102934 15 0.01 1.7 32.9 -0.169199 0.247047 7.53134 -0.0406773 0.0569955 8.69735
104249 15 0.01 1.7 32.9 0.301797 -0.172623 7.39969 0.066849 -0.0409183 9.06483
104624 15 0.01 1.7 32.9 -0.267519 0.16912 5.08788 -0.0400566 0.0289533 7.954
107498 15 0.01 1.7 32.9 -0.372201 -0.421393 6.20599 -0.0709453 -0.0789985 8.22111
108855 15 0.01 1.7 32.9 0.296309 0.122358 9.58472 0.0867897 0.0346103 8.14242
109924 15 0.01 1.7 32.9 0.311811 -0.0123466 6.92752 0.0677938 -0.00208141 9.04798
110115 15 0.01 1.7 32.9 -0.450676 -0.413528 4.45654 -0.0607211 -0.0563811 8.61974
110153 15 0.01 1.7 32.9 0.111372 -0.132741 1.86206 0.00621981 -0.00900746 8.36698
110541 15 0.01 1.7 32.9 0.494087 0.431618 4.80802 0.0720519 0.0645755 9.33102
111193 15 0.01 1.7 32.9 -0.176794 -0.258683 5.18915 -0.028658 -0.0418434 9.11004
111576 15 0.01 1.7 32.9 -0.26321 0.122007 9.5173 -0.0784504 0.0358568 8.54195
113437 15 0.01 1.7 32.9 -0.037668 -0.483635 2.41044 -0.00286288 -0.0361954 9.08018
113781 15 0.01 1.7 32.9 0.457573 -0.156269 8.05471 0.112253 -0.0408029 8.37632
114874 15 0.01 1.7 32.9 -0.0121984 -0.44409 2.83521 0.00105182 -0.0371232 8.83194
114948 15 0.01 1.7 32.9 0.401745 0.446697 7.79114 0.0954137 0.107055 8.90607
115635 15 0.01 1.7 32.9 -0.283454 -0.0553046 10.5667 -0.0908298 -0.0196347 8.35453
118635 15 0.01 1.7 32.9 -0.20335 0.35852 6.19968 -0.0392152 0.0696168 8.84595
119394 15 0.01 1.7 32.9 -0.311009 0.354039 9.21752 -0.087925 0.0979605 7.93464
119731 15 0.01 1.7 32.9 0.0967731 -0.474372 2.37635 0.00760558 -0.0374255 8.79688
119981 15 0.01 1.7 32.9 -0.15261 0.29951 13.2063 -0.0623493 0.119593 7.98369
120286 15 0.01 1.7 32.9 0.358345 -0.256224 11.0029 0.119467 -0.0859891 8.4209
120362 15 0.01 1.7 32.9 0.419496 0.240243 6.57948 0.0840363 0.0494137 8.90894
120497 15 0.01 1.7 32.9 0.0621564 0.317803 3.71503 0.00915741 0.0349085 8.36762
120908 15 0.01 1.7 32.9 -0.343613 -0.40988 3.13596 -0.0337059 -0.0371529 9.15503
120986 15 0.01 1.7 32.9 -0.406139 0.194192 0.485508 -0.0051677 -0.00158654 8.37422
121135 15 0.01 1.7 32.9 0.128105 0.131042 4.9828 0.0203161 0.0210922 8.9022
122059 15 0.01 1.7 32.9 0.0539699 0.0969715 6.87392 0.0118164 0.0181579 8.39598
122064 15 0.01 1.7 32.9 0.139136 -0.125971 4.44038 0.019805 -0.0174649 8.74101
122233 15 0.01 1.7 32.9 -0.448838 -0.452561 7.09074 -0.0985657 -0.0980861 8.15926
122466 15 0.01 1.7 32.9 0.397759 -0.0147951 4.90161 0.061165 -0.00570817 9.05112
122771 15 0.01 1.7 32.9 0.38015 0.442459 13.6777 0.159303 0.184294 8.03608
123363 15 0.01 1.7 32.9 0.322326 0.43821 7.4128 0.0738688 0.100894 8.13874
123847 15 0.01 1.7 32.9 -0.0456428 0.0756192 1.44828 -0.00299059 0.00365879 9.35018
125938 15 0.01 1.7 32.9 -0.443226 0.0862447 3.8956 -0.0507501 0.0102429 8.6389
126208 15 0.01 1.7 32.9 -0.402482 -0.247634 15.8016 -0.193684 -0.117748 7.99739
127520 15 0.01 1.7 32.9 -0.0162424 -0.194448 8.04501 -0.00376818 -0.0483631 8.69318
127988 15 0.01 1.7 32.9 0.450567 0.403646 6.77671 0.0947236 0.0799971 8.4672
128851 15 0.01 1.7 32.9 -0.0132285 -0.130036 10.5269 -0.00274367 -0.0439695 7.997
129318 15 0.01 1.7 32.9 0.0863934 -0.435641 2.65427 0.00618758 -0.0338967 9.00767
134636 15 0.01 1.7 32.9 0.0200108 -0.280654 2.87618 0.00183807 -0.0237608 8.63964
135065 15 0.01 1.7 32.9 0.300313 -0.39734 3.88465 0.0371196 -0.0519689 9.07961
135192 15 0.01 1.7 32.9 0.179146 -0.434845 2.52492 0.0142095 -0.0330219 8.95353
136011 15 0.01 1.7 32.9 0.404736 -0.262206 2.38467 0.0297113 -0.0181873 8.62676
136026 15 0.01 1.7 32.9 0.139185 -0.340569 5.3639 0.0236236 -0.0554929 9.15598
137014 15 0.01 1.7 32.9 -0.136036 -0.386832 6.43506 -0.0259748 -0.0758559 7.99879
137214 15 0.01 1.7 32.9 -0.043239 -0.324381 6.79774 -0.0108557 -0.0657829 8.88984
137638 15 0.01 1.7 32.9 0.0944595 0.200164 5.22799 0.0138407 0.0327207 8.65903
138042 15 0.01 1.7 32.9 0.173628 -0.121542 4.44973 0.0236183 -0.0183502 8.03364
138277 15 0.01 1.7 32.9 -0.0894153 -0.311291 7.49712 -0.0208294 -0.0741331 8.63318
139579 15 0.01 1.7 32.9 0.295141 -0.366019 8.75174 0.0777727 -0.0982219 8.67238
139839 15 0.01 1.7 32.9 0.464102 0.00916493 4.86238 0.0684776 0.00234934 9.48911
140969 15 0.01 1.7 32.9 -0.158595 0.449443 3.1862 -0.0155417 0.042768 8.19111
143368 15 0.01 1.7 32.9 0.376234 -0.440892 1.9633 0.0232849 -0.0250691 8.55759
144611 15 0.01 1.7 32.9 0.180852 -0.392065 5.55014 0.0301768 -0.0666022 9.16316
145490 15 0.01 1.7 32.9 -0.221356 0.369545 3.19506 -0.021966 0.0358697 8.80345
145563 15 0.01 1.7 32.9 -0.194364 0.0551304 46.8665 -0.27583 0.0776519 7.65331
146042 15 0.01 1.7 32.9 -0.319554 -0.370633 10.0951 -0.0991487 -0.114957 8.37932
148088 15 0.01 1.7 32.9 0.444055 0.459909 1.64279 0.0205094 0.0239888 8.58372
148299 15 0.01 1.7 32.9 0.341742 0.459199 2.66871 0.0261772 0.0364222 8.05285
148720 15 0.01 1.7 32.9 -0.012585 0.39433 6.1288 -0.00309014 0.0763512 8.64971
148956 15 0.01 1.7 32.9 0.0582422 -0.274032 9.37011 0.0190186 -0.0763177 8.60367
153072 15 0.01 1.7 32.9 0.367395 0.0189548 5.09859 0.0576027 0.00299102 8.84091
153525 15 0.01 1.7 32.9 0.387274 -0.0317135 5.02046 0.0604565 -0.00795306 9.12133
153715 15 0.01 1.7 32.9 -0.32925 0.251585 1.64556 -0.0180966 0.00931057 8.30359
158080 15 0.01 1.7 32.9 0.310729 0.289912 1.71604 0.0132254 0.0179805 9.15472
158858 15 0.01 1.7 32.9 -0.351024 0.263609 4.77318 -0.0539353 0.0386455 9.49632
159149 15 0.01 1.7 32.9 0.310172 0.351745 9.34332 0.0893228 0.101358 8.62941
159267 15 0.01 1.7 32.9 -0.00210762 0.168838 4.75445 0.00194907 0.0228593 9.28557
159279 15 0.01 1.7 32.9 0.449577 -0.184957 3.54096 0.0474725 -0.0221371 9.3212
160565 15 0.01 1.7 32.9 0.065736 -0.473405 2.33498 0.00367701 -0.0323084 8.65314
160992 15 0.01 1.7 32.9 -0.418654 0.473909 11.2162 -0.142494 0.163196 8.11359
161748 15 0.01 1.7 32.9 -0.21852 0.276208 6.3208 -0.0446713 0.0549158 8.20766
162321 15 0.01 1.7 32.9 -0.397538 -0.359052 9.17415 -0.112333 -0.100008 7.9482
164442 15 0.01 1.7 32.9 -0.101908 0.0887463 5.08923 -0.0156847 0.0153522 9.25644
164809 15 0.01 1.7 32.9 -0.0314786 -0.3568 3.04294 -0.00180094 -0.0345629 8.7351
165246 15 0.01 1.7 32.9 -0.264771 0.0201593 7.59099 -0.0619962 0.00680884 8.83725
165947 15 0.01 1.7 32.9 -0.372 -0.33042 0.72914 -0.011228 -0.0074645 8.04236
166572 15 0.01 1.7 32.9 -0.19518 0.231527 10.2177 -0.060884 0.0701081 8.38046
166924 15 0.01 1.7 32.9 -0.121328 -0.335108 4.56312 -0.0165685 -0.0493445 8.12119
167200 15 0.01 1.7 32.9 0.230692 0.428604 4.95971 0.0377999 0.0637806 8.69825
169940 15 0.01 1.7 32.9 -0.0171763 -0.0406814 6.31419 -0.000981169 -0.00781294 8.14345
170709 15 0.01 1.7 32.9 -0.0346504 0.453734 1.67757 -0.00317921 0.0215692 8.25938
171081 15 0.01 1.7 32.9 0.00664029 0.0083601 5.67136 8.56289e-05 -0.00215767 9.32188
171238 15 0.01 1.7 32.9 0.15328 -0.451567 16.8807 0.0786918 -0.230422 7.81158
171660 15 0.01 1.7 32.9 -0.487634 -0.495896 6.52035 -0.0994501 -0.0974728 9.07367
172815 15 0.01 1.7 32.9 0.258572 -0.347701 4.17745 0.034588 -0.0449349 8.99807
173175 15 0.01 1.7 32.9 0.469033 -0.324195 4.94819 0.0696851 -0.049168 8.57115
175637 15 0.01 1.7 32.9 -0.155483 0.169705 3.18289 -0.0143747 0.0169904 9.30228
176537 15 0.01 1.7 32.9 0.392251 -0.318347 9.63648 0.113858 -0.0937894 8.54817
177157 15 0.01 1.7 32.9 -0.313509 0.270877 2.43351 -0.0216182 0.0165125 9.30833
177239 15 0.01 1.7 32.9 -0.202109 0.0822588 3.55253 -0.0225122 0.0101119 8.00763
178980 15 0.01 1.7 32.9 -0.125999 0.0928529 4.67516 -0.0166754 0.014169 8.51666
180503 15 0.01 1.7 32.9 0.332307 -0.0503801 5.5798 0.0571066 -0.0083102 8.93708
180871 15 0.01 1.7 32.9 -0.086837 0.241716 17.1909 -0.0466721 0.129132 7.70669
181049 15 0.01 1.7 32.9 0.0694885 0.10295 8.55037 0.0178063 0.0266771 8.30226
181455 15 0.01 1.7 32.9 -0.236892 0.282833 9.2579 -0.06918 0.080965 8.39301
181875 15 0.01 1.7 32.9 0.0900104 0.0786621 5.35202 0.0120743 0.0133406 9.4148
182283 15 0.01 1.7 32.9 -0.13662 0.397564 13.8464 -0.0579603 0.163657 7.94254
182464 15 0.01 1.7 32.9 -0.0806011 0.0743523 4.63082 -0.0128688 0.00927052 9.33702
183390 15 0.01 1.7 32.9 -0.239968 0.451005 10.0485 -0.0747236 0.136666 8.40379
185093 15 0.01 1.7 32.9 0.115597 -0.411986 6.82774 0.0237255 -0.0839044 8.12124
185123 15 0.01 1.7 32.9 -0.186831 -0.147277 5.25719 -0.0312678 -0.025572 9.10473
185502 15 0.01 1.7 32.9 -0.142637 0.168342 7.13001 -0.0323298 0.0366942 8.27596
186144 15 0.01 1.7 32.9 0.199777 0.226242 12.2088 0.0740987 0.0866151 8.10899
187060 15 0.01 1.7 32.9 0.0232737 0.0513594 4.21928 0.00213844 0.00899575 8.14449
188069 15 0.01 1.7 32.9 -0.248505 0.490048 3.69905 -0.0294551 0.0520636 9.30018
188390 15 0.01 1.7 32.9 -0.490211 -0.361238 4.2941 -0.064712 -0.0481526 8.36226
188442 15 0.01 1.7 32.9 0.0578303 -0.223553 6.91681 0.0122073 -0.0483461 8.97701
189891 15 0.01 1.7 32.9 -0.0546996 0.160019 4.30079 -0.00592661 0.0220099 9.28078
190213 15 0.01 1.7 32.9 0.331669 -0.213142 6.42553 0.0652566 -0.0409694 9.10891
190653 15 0.01 1.7 32.9 -0.0103924 0.433193 9.53933 -0.00314983 0.124411 8.29812
193344 15 0.01 1.7 32.9 -0.0244664 -0.243085 4.00491 -0.00444724 -0.0301171 8.34739
193944 15 0.01 1.7 32.9 0.0957109 0.275603 1.38931 0.00388793 0.00978213 8.44324
194665 15 0.01 1.7 32.9 -0.327367 -0.363808 2.05679 -0.0201208 -0.0257029 8.46274
195099 15 0.01 1.7 32.9 0.0111177 0.205571 12.206 0.00743056 0.0760731 8.15036
195584 15 0.01 1.7 32.9 -0.108861 0.0857056 1.62334 -0.00656232 -0.000155559 8.98078
196407 15 0.01 1.7 32.9 -0.498582 -0.114344 7.30495 -0.111792 -0.0262834 8.252
196768 15 0.01 1.7 32.9 0.489514 0.404517 8.5258 0.124828 0.103976 8.69658
197288 15 0.01 1.7 32.9 0.246087 -0.359124 7.02316 0.0543437 -0.0798333 8.4253
198331 15 0.01 1.7 32.9 -0.252581 -0.0450123 11.6335 -0.0889605 -0.0174814 7.97516
199559 15 0.01 1.7 32.9 -0.379211 -0.3163 8.24624 -0.093877 -0.0811951 8.18578
202117 15 0.01 1.7 32.9 0.235026 0.158469 5.66403 0.040092 0.0261698 9.05024
203022 15 0.01 1.7 32.9 0.183898 -0.275887 1.68502 0.0110777 -0.0154267 8.63724
206537 15 0.01 1.7 32.9 0.0697433 -0.352687 7.5719 0.0158548 -0.080822 8.41416
208348 15 0.01 1.7 32.9 0.469771 0.300738 3.9765 0.0561243 0.0390299 9.02365
210500 15 0.01 1.7 32.9 -0.28126 -0.305403 5.69178 -0.0472832 -0.050983 9.13376
210569 15 0.01 1.7 32.9 0.111469 -0.137153 18.5486 0.0618773 -0.0783061 7.83006
210631 15 0.01 1.7 32.9 0.0775631 0.378554 8.8481 0.0199021 0.100083 8.04576
211049 15 0.01 1.7 32.9 -0.0449842 0.285582 5.61894 -0.00840566 0.0477241 9.15235
211078 15 0.01 1.7 32.9 0.270571 0.221915 13.8785 0.112883 0.0925576 7.98711
211836 15 0.01 1.7 32.9 -0.00290463 0.128814 4.9999 0.00146397 0.0180211 9.31183
212389 15 0.01 1.7 32.9 0.0791741 0.0540091 7.00165 0.0166435 0.0102535 8.63127
214188 15 0.01 1.7 32.9 0.196408 -0.184757 8.3626 0.0498427 -0.0479433 8.79659
214595 15 0.01 1.7 32.9 -0.128674 0.266567 5.99805 -0.0251554 0.048729 8.79411
214838 15 0.01 1.7 32.9 0.108 -0.249035 6.24699 0.0193398 -0.0481863 9.33582
215616 15 0.01 1.7 32.9 -0.267661 -0.00799121 4.67899 -0.0387695 0.000429375 8.41802
215680 15 0.01 1.7 32.9 -0.363108 -0.0830109 2.03571 -0.0226291 -0.00608994 8.30881
216041 15 0.01 1.7 32.9 -0.255669 -0.00767106 7.93491 -0.0626406 -0.00248964 8.12687
216581 15 0.01 1.7 32.9 0.196077 -0.414588 4.73129 0.0293517 -0.059932 8.48974
216886 15 0.01 1.7 32.9 0.183834 -0.093588 14.7768 0.0827181 -0.0422914 7.75077
217241 15 0.01 1.7 32.9 -0.318098 0.343317 3.86571 -0.0378311 0.0412001 9.3416
218422 15 0.01 1.7 32.9 -0.190583 -0.338492 5.48441 -0.0306715 -0.0566971 9.45538
218624 15 0.01 1.7 32.9 -0.191738 0.101477 5.3909 -0.0321511 0.0179706 8.664
219081 15 0.01 1.7 32.9 0.297944 -0.197634 3.56383 0.0325618 -0.0212591 9.22589
220706 15 0.01 1.7 32.9 0.0975659 -0.0829301 13.8143 0.0375877 -0.0339459 8.09646
222408 15 0.01 1.7 32.9 0.0446643 -0.247454 1.98845 0.00432203 -0.0145206 8.57493
222832 15 0.01 1.7 32.9 0.134706 -0.116401 25.8669 0.10431 -0.0919094 7.6672
222884 15 0.01 1.7 32.9 -0.333233 0.0653201 3.15124 -0.0329127 0.0069491 8.76701
223021 15 0.01 1.7 32.9 -0.436521 -0.0485782 2.7322 -0.0365024 -0.00230091 8.83683
226210 15 0.01 1.7 32.9 -0.201058 -0.422721 2.40033 -0.0148319 -0.0297098 8.95776
226434 15 0.01 1.7 32.9 0.484767 -0.457545 6.40465 0.0927197 -0.0888518 8.58351
226445 15 0.01 1.7 32.9 0.353852 -0.166797 4.89989 0.0523677 -0.0233662 8.35323
226798 15 0.01 1.7 32.9 -0.0639693 0.260153 8.62972 -0.0156586 0.0664927 7.92584
226913 15 0.01 1.7 32.9 0.424811 0.0814594 8.87787 0.113659 0.0209661 8.45381
229904 15 0.01 1.7 32.9 0.311853 -0.487603 3.21994 0.0293083 -0.0442576 8.3861
230829 15 0.01 1.7 32.9 -0.328483 0.372265 1.92267 -0.0213501 0.0208216 8.46667
231015 15 0.01 1.7 32.9 -0.150863 0.44642 4.35659 -0.0190851 0.0586207 8.41087
232863 15 0.01 1.7 32.9 -0.386986 0.266169 2.72658 -0.03171 0.0197928 8.66278
233186 15 0.01 1.7 32.9 -0.44972 -0.467032 4.90481 -0.0698848 -0.0655093 8.02891
233581 15 0.01 1.7 32.9 0.396509 0.266161 8.71682 0.104511 0.0722065 8.64109
234446 15 0.01 1.7 32.9 -0.285679 0.358903 15.001 -0.13193 0.164315 7.89005
235790 15 0.01 1.7 32.9 -0.36844 0.337841 8.4924 -0.0934541 0.0867906 8.52969
236421 15 0.01 1.7 32.9 0.344555 -0.451642 2.41112 0.0250995 -0.033111 8.85456
238356 15 0.01 1.7 32.9 -0.305439 0.0704701 4.47507 -0.0404263 0.00691614 8.71046
238471 15 0.01 1.7 32.9 -0.272631 0.0195746 4.39787 -0.0360896 0.00164105 8.70624
239310 15 0.01 1.7 32.9 -0.321755 0.112582 4.38629 -0.0419213 0.0140617 8.0435
240016 15 0.01 1.7 32.9 0.469791 0.155664 3.79639 0.0547886 0.0189023 8.61679
241113 15 0.01 1.7 32.9 -0.27661 -0.104834 0.459681 0.00356811 -0.00793589 7.82468
241919 15 0.01 1.7 32.9 -0.287681 0.0482873 1.31138 -0.0151766 0.000738404 8.1771
242351 15 0.01 1.7 32.9 -0.241227 -0.0881682 9.59849 -0.0685317 -0.0266011 8.19017
242797 15 0.01 1.7 32.9 0.0373117 0.237076 5.38182 0.00659833 0.0354817 9.14898
243549 15 0.01 1.7 32.9 0.433084 0.266332 5.30198 0.069027 0.0427429 8.58475
244526 15 0.01 1.7 32.9 -0.245078 -0.258911 9.82001 -0.0717112 -0.0788154 8.27183
244723 15 0.01 1.7 32.9 -0.42036 -0.416068 8.95658 -0.113825 -0.111289 8.73165
245455 15 0.01 1.7 32.9 -0.0637485 0.0493075 4.44214 -0.0098037 0.00668233 9.33456
247063 15 0.01 1.7 32.9 0.353462 -0.23594 1.49823 0.0175322 -0.00925756 8.23245
248125 15 0.01 1.7 32.9 0.304537 -0.322538 10.2256 0.0937251 -0.0989094 8.11457
248206 15 0.01 1.7 32.9 0.168468 -0.403037 8.71369 0.0450158 -0.105913 8.36624
248475 15 0.01 1.7 32.9 -0.359922 0.0628872 4.65552 -0.0512359 0.00918522 9.14184
251549 15 0.01 1.7 32.9 0.41106 -0.166189 2.28407 0.0275601 -0.0131845 8.7564
252214 15 0.01 1.7 32.9 0.304616 0.152809 4.87918 0.0452355 0.0227933 8.16475
253715 15 0.01 1.7 32.9 -0.438813 0.396607 7.4634 -0.099376 0.0888987 8.07673
255168 15 0.01 1.7 32.9 0.271471 0.0404956 9.03746 0.0738517 0.0101355 7.88791
255526 15 0.01 1.7 32.9 0.31829 0.0623133 3.76436 0.0354776 0.00849718 8.83739
256520 15 0.01 1.7 32.9 -0.170061 -0.0248593 6.20897 -0.0326451 -0.00455163 9.13387
256597 15 0.01 1.7 32.9 0.0487967 -0.217704 7.37517 0.00922268 -0.0485219 8.77526
256809 15 0.01 1.7 32.9 -0.0602288 0.0367242 12.0401 -0.0199757 0.0168704 8.09387
257061 15 0.01 1.7 32.9 -0.317124 -0.193266 3.82614 -0.0374558 -0.0225144 9.27048
257128 15 0.01 1.7 32.9 -0.434514 -0.10117 5.9999 -0.0797169 -0.0176029 9.24958
257954 15 0.01 1.7 32.9 0.192783 0.405461 2.40114 0.0117825 0.0327568 8.94642
258644 15 0.01 1.7 32.9 -0.380519 -0.354394 3.78588 -0.0429878 -0.039493 9.24951
258828 15 0.01 1.7 32.9 -0.269367 0.332885 3.9725 -0.0320134 0.0396753 9.09169
260150 15 0.01 1.7 32.9 0.229818 0.155132 3.66882 0.0266147 0.0149676 8.30863
260642 15 0.01 1.7 32.9 -0.196461 0.18511 2.79731 -0.0176606 0.01765 8.43846
260972 15 0.01 1.7 32.9 0.12044 0.0978519 6.82359 0.024836 0.0193737 8.61015
262264 15 0.01 1.7 32.9 0.108199 -0.285899 5.52386 0.0187161 -0.0500026 9.14511
263512 15 0.01 1.7 32.9 0.0571663 -0.302597 3.81728 0.00559692 -0.0357498 9.24916
263931 15 0.01 1.7 32.9 -0.35843 -0.153281 14.5925 -0.158445 -0.0672873 7.81652
264431 15 0.01 1.7 32.9 0.312717 -0.360137 1.41403 0.0144888 -0.0106799 8.38479
266037 15 0.01 1.7 32.9 -0.125835 -0.307735 4.96097 -0.0156661 -0.0459607 9.50546
266576 15 0.01 1.7 32.9 -0.0135014 -0.205399 3.20037 -0.00226694 -0.0189355 8.08743
266679 15 0.01 1.7 32.9 0.301601 0.115405 4.69796 0.0430533 0.0164085 7.76904
267125 15 0.01 1.7 32.9 0.276671 -0.192674 20.3974 0.170931 -0.120951 7.67644
267634 15 0.01 1.7 32.9 0.153311 0.173 2.14178 0.00927806 0.0107221 8.78337
268333 15 0.01 1.7 32.9 -0.279615 0.396543 8.41387 -0.0706732 0.101504 8.45109
268614 15 0.01 1.7 32.9 -0.0218389 -0.255726 13.7916 -0.00877771 -0.107047 8.08886
270412 15 0.01 1.7 32.9 -0.123404 0.177105 34.1152 -0.12831 0.185 7.69759
271218 15 0.01 1.7 32.9 -0.339388 0.471043 2.63606 -0.0257968 0.0348077 9.28699
271669 15 0.01 1.7 32.9 0.285402 0.344863 4.19077 0.0385824 0.0430312 8.94883
271684 15 0.01 1.7 32.9 0.257704 0.0260345 7.69234 0.0605178 0.00430723 8.80994
272083 15 0.01 1.7 32.9 0.363214 -0.206645 3.22577 0.0366327 -0.022977 8.99178
272562 15 0.01 1.7 32.9 0.0807855 -0.119964 6.87966 0.0173653 -0.028885 7.82054
275274 15 0.01 1.7 32.9 0.0160866 -0.236839 10.3287 0.00667052 -0.0740911 7.92892
276309 15 0.01 1.7 32.9 -0.0965929 -0.361092 5.11784 -0.0166026 -0.0538698 9.21722
276839 15 0.01 1.7 32.9 -0.0860702 0.117107 5.35766 -0.0151218 0.0192267 8.76614
277261 15 0.01 1.7 32.9 -0.457601 0.321759 13.0648 -0.183164 0.127876 8.1557
277298 15 0.01 1.7 32.9 0.10531 -0.257704 6.4266 0.0220597 -0.0502974 8.67624
277973 15 0.01 1.7 32.9 -0.44296 -0.0305136 3.45684 -0.0450776 -0.00462427 8.3942
278340 15 0.01 1.7 32.9 0.242154 0.276753 10.0357 0.0737351 0.08534 8.06907
278472 15 0.01 1.7 32.9 -0.39877 0.441634 5.00182 -0.0619151 0.0672803 9.03975
279223 15 0.01 1.7 32.9 -0.238006 -0.379269 5.26323 -0.0374184 -0.0600745 8.48422
279336 15 0.01 1.7 32.9 -0.226761 0.206024 7.22059 -0.0489917 0.0429887 7.89125
279579 15 0.01 1.7 32.9 -0.0483112 0.379978 13.5334 -0.0193457 0.156711 8.03269
281208 15 0.01 1.7 32.9 0.41664 0.260131 18.2582 0.233124 0.144916 7.8628
283236 15 0.01 1.7 32.9 -0.284366 0.0321126 6.34896 -0.0546769 0.00669288 9.21432
283348 15 0.01 1.7 32.9 -0.405535 0.168593 6.47759 -0.0787075 0.0340952 9.09542
284518 15 0.01 1.7 32.9 -0.0133465 -0.312619 1.23233 0.00210747 -0.0134993 7.99338
284637 15 0.01 1.7 32.9 -0.377709 -0.241395 7.63136 -0.0893856 -0.0555424 8.64801
286022 15 0.01 1.7 32.9 0.231752 0.203435 4.0046 0.0281951 0.0235261 9.18731
286088 15 0.01 1.7 32.9 0.376005 -0.319099 6.18601 0.0712616 -0.060978 9.26924
286651 15 0.01 1.7 32.9 0.187257 0.274081 5.1279 0.0292 0.0439447 8.94708
286709 15 0.01 1.7 32.9 -0.13226 -0.0369651 7.29054 -0.0293523 -0.00777585 8.93232
287494 15 0.01 1.7 32.9 -0.0882876 0.0484379 4.27699 -0.0123953 0.00502421 9.19712
287995 15 0.01 1.7 32.9 -0.338487 -0.166295 3.96602 -0.0404609 -0.0194739 8.61747
288614 15 0.01 1.7 32.9 -0.245689 -0.230435 1.3002 -0.00710104 -0.00954797 8.92702
291770 15 0.01 1.7 32.9 -0.358827 0.0494518 10.7727 -0.118862 0.0179163 8.01561
293219 15 0.01 1.7 32.9 -0.291688 0.0676766 8.43336 -0.0747023 0.0167493 8.50298
293363 15 0.01 1.7 32.9 0.069512 0.0321302 4.78143 0.00952199 0.00388334 9.04806
295683 15 0.01 1.7 32.9 -0.36002 0.303144 7.09718 -0.0761722 0.067358 8.3857
296820 15 0.01 1.7 32.9 -0.0574758 0.444339 10.8655 -0.0188845 0.143841 7.91549
297560 15 0.01 1.7 32.9 -0.210121 -0.318701 6.43488 -0.0399302 -0.0608332 8.8312
297671 15 0.01 1.7 32.9 -0.480102 -0.39353 5.92816 -0.0860574 -0.0736181 7.93299
297753 15 0.01 1.7 32.9 -0.215897 0.0437419 8.00892 -0.0518374 0.00885647 8.7583
298114 15 0.01 1.7 32.9 -0.208897 -0.0662728 4.13222 -0.0255792 -0.00795406 8.2411
298878 15 0.01 1.7 32.9 -0.136367 0.111557 8.38639 -0.037665 0.0270893 8.67586
299169 15 0.01 1.7 32.9 0.34921 0.424292 5.70771 0.0612088 0.0724726 8.85834
301276 15 0.01 1.7 32.9 0.431193 -0.288003 7.47863 0.0980837 -0.0668754 8.12732
303945 15 0.01 1.7 32.9 0.389536 -0.207606 7.08488 0.0848708 -0.0443553 8.9784
304015 15 0.01 1.7 32.9 -0.366674 -0.261559 7.55745 -0.0874186 -0.0583382 9.01717
304800 15 0.01 1.7 32.9 0.0656349 0.0555136 7.33717 0.0135068 0.0133491 8.57505
305026 15 0.01 1.7 32.9 -0.0861503 0.0845567 7.48857 -0.0210445 0.0219121 8.92771
307619 15 0.01 1.7 32.9 0.359416 -0.0708563 11.2786 0.123265 -0.0246569 8.25987
307758 15 0.01 1.7 32.9 -0.380699 -0.430126 4.59725 -0.0534403 -0.0609844 9.28501
308099 15 0.01 1.7 32.9 -0.266733 0.0450708 4.92136 -0.0393398 0.00403456 8.89558
308307 15 0.01 1.7 32.9 -0.417828 -0.318483 4.77035 -0.0608616 -0.0451059 9.00889
308968 15 0.01 1.7 32.9 0.048873 0.206824 5.61419 0.00859914 0.0348746 9.20056
309060 15 0.01 1.7 32.9 0.00615255 0.11512 15.5427 0.00336414 0.0533571 7.98221
314094 15 0.01 1.7 32.9 -0.0628025 0.0468257 3.62924 -0.00586315 0.00363818 8.86528
314652 15 0.01 1.7 32.9 -0.107753 0.0261033 4.48942 -0.0150141 0.00350297 7.93171
315250 15 0.01 1.7 32.9 -0.32181 0.166723 5.76766 -0.0574299 0.0246748 7.96286
315508 15 0.01 1.7 32.9 -0.104618 -0.394697 2.88588 -0.00984747 -0.0333876 8.78434
315690 15 0.01 1.7 32.9 0.178732 0.162913 3.55263 0.0181783 0.0145554 8.32861
315944 15 0.01 1.7 32.9 0.410021 -0.345888 10.9086 0.135997 -0.115075 8.13938
317641 15 0.01 1.7 32.9 -0.365279 0.0219367 6.85014 -0.077976 0.00567466 8.58281
318373 15 0.01 1.7 32.9 0.389402 0.305753 5.96606 0.0704646 0.0576765 8.44307
320401 15 0.01 1.7 32.9 0.426019 -0.204478 1.32952 0.0201797 -0.00855989 8.59545
320567 15 0.01 1.7 32.9 -0.155258 -0.0745436 7.44588 -0.0350337 -0.0184051 8.45552
320853 15 0.01 1.7 32.9 0.375059 0.0356798 3.32074 0.0361454 0.0054658 8.12498
320859 15 0.01 1.7 32.9 -0.302778 0.129159 6.08355 -0.0544333 0.0245653 8.79277
321136 15 0.01 1.7 32.9 0.0214573 0.45465 4.9443 0.00446055 0.069248 8.50849
321329 15 0.01 1.7 32.9 0.0619415 0.291662 5.4632 0.00864882 0.046511 9.37368
323413 15 0.01 1.7 32.9 -0.168515 -0.496248 4.36037 -0.0230451 -0.0642334 9.09901
324589 15 0.01 1.7 32.9 0.210295 -0.253036 3.79773 0.0237193 -0.029249 9.14746
324826 15 0.01 1.7 32.9 -0.387248 -0.344162 4.98696 -0.0601039 -0.051442 8.90184
326342 15 0.01 1.7 32.9 -0.328357 0.305634 3.09963 -0.0323129 0.0271996 9.0853
326795 15 0.01 1.7 32.9 -0.442145 -0.142594 5.95817 -0.0814992 -0.0242764 8.86803
328027 15 0.01 1.7 32.9 0.138398 0.203375 8.9326 0.0364666 0.0553473 8.13091
328784 15 0.01 1.7 32.9 0.010926 -0.114275 5.60652 0.00164577 -0.0182815 8.67033
329196 15 0.01 1.7 32.9 -0.182572 -0.443147 6.02803 -0.0355684 -0.0807515 9.26776
329370 15 0.01 1.7 32.9 0.028429 -0.0281815 5.34443 0.00624535 -0.00322285 8.15527
330177 15 0.01 1.7 32.9 -0.00683455 -0.342187 4.84942 0.000709375 -0.052438 9.31115
331134 15 0.01 1.7 32.9 -0.451379 -0.386962 7.68462 -0.106946 -0.0882941 8.04906
333857 15 0.01 1.7 32.9 0.325988 0.276505 6.82224 0.0686168 0.0554749 7.96576
333995 15 0.01 1.7 32.9 -0.448523 -0.339364 11.2097 -0.152383 -0.117738 8.15764
337103 15 0.01 1.7 32.9 -0.475751 0.167562 6.97412 -0.100888 0.0351704 8.12869
337159 15 0.01 1.7 32.9 -0.0133052 0.362811 5.01281 -0.00237054 0.055474 8.0818
338818 15 0.01 1.7 32.9 0.343712 0.412529 6.02183 0.0634816 0.076513 8.93083
340796 15 0.01 1.7 32.9 0.266814 -0.201658 6.76914 0.0536979 -0.0398989 8.48803
343011 15 0.01 1.7 32.9 -0.109202 0.37184 6.02468 -0.0200026 0.0684833 8.27543
343245 15 0.01 1.7 32.9 0.0363889 -0.378412 6.34572 0.007013 -0.0738146 8.47505
344414 15 0.01 1.7 32.9 0.354716 0.136704 10.7032 0.115168 0.0464242 8.04001
344496 15 0.01 1.7 32.9 -0.43144 0.481062 6.85068 -0.090885 0.10245 8.40415
345266 15 0.01 1.7 32.9 0.0666149 0.0240133 3.59108 0.00805654 -0.000172189 8.41865
346884 15 0.01 1.7 32.9 -0.0572079 0.341138 6.1365 -0.0113846 0.0656432 8.96303
347017 15 0.01 1.7 32.9 0.0866317 0.135498 9.49167 0.025403 0.0393284 8.44366
347959 15 0.01 1.7 32.9 0.327697 -0.0108891 6.42545 0.063446 -0.000965605 9.14472
348122 15 0.01 1.7 32.9 -0.118914 -0.202754 1.90849 -0.00522613 -0.0126807 8.86419
350796 15 0.01 1.7 32.9 -0.190227 -0.078642 11.5976 -0.0690381 -0.0272998 8.31911
354454 15 0.01 1.7 32.9 -0.286116 -0.243337 2.55353 -0.0223375 -0.0142692 8.8838
354503 15 0.01 1.7 32.9 0.360737 0.267403 6.51302 0.0701355 0.0510798 8.5612
354884 15 0.01 1.7 32.9 -0.0807666 0.271794 8.77742 -0.021139 0.0723004 8.44448
356183 15 0.01 1.7 32.9 -0.483357 0.191033 3.41719 -0.0485029 0.0180506 8.68252
357097 15 0.01 1.7 32.9 -0.394582 0.482745 29.1093 -0.349924 0.429965 7.65315
357906 15 0.01 1.7 32.9 -0.391299 -0.389534 6.20282 -0.0739466 -0.0757821 8.48688
358249 15 0.01 1.7 32.9 -0.498177 -0.463176 6.78712 -0.101965 -0.0938572 9.15624
359720 15 0.01 1.7 32.9 -0.475447 0.427912 4.51292 -0.0660951 0.0590023 8.78403
360241 15 0.01 1.7 32.9 0.214216 0.172354 8.54513 0.0572039 0.0421221 8.45242
361828 15 0.01 1.7 32.9 0.393955 0.06252 6.66036 0.0828324 0.0168974 8.54854
362114 15 0.01 1.7 32.9 -0.30144 -0.43945 5.85956 -0.0512292 -0.0778733 8.98535
364584 15 0.01 1.7 32.9 0.0631027 -0.0184012 8.10348 0.014925 -0.00505161 8.65252
364748 15 0.01 1.7 32.9 -0.148798 0.228065 6.49267 -0.0302302 0.0469046 9.13901
366919 15 0.01 1.7 32.9 0.309475 -0.114432 6.15701 0.0585392 -0.0217222 9.23762
367979 15 0.01 1.7 32.9 0.32733 0.35836 8.73235 0.0876038 0.0954594 8.58409
370334 15 0.01 1.7 32.9 -0.0652456 -0.270591 1.96208 -0.00412466 -0.0144254 8.45365
370466 15 0.01 1.7 32.9 0.31806 -0.208551 3.24106 0.0311246 -0.0207412 9.16137
370501 15 0.01 1.7 32.9 0.266382 -0.36588 5.45016 0.0460371 -0.0613985 8.60446
372051 15 0.01 1.7 32.9 0.295113 -0.102038 4.46624 0.0389891 -0.013362 8.92292
372061 15 0.01 1.7 32.9 -0.135394 0.304826 4.31936 -0.0163903 0.0382652 7.87015
372342 15 0.01 1.7 32.9 0.298415 0.39963 11.87 0.108345 0.144692 8.1574
374685 15 0.01 1.7 32.9 0.373781 0.0711307 2.49901 0.0273289 0.00805957 8.33818
375415 15 0.01 1.7 32.9 0.0300635 0.109071 6.43765 0.00523317 0.0218803 8.66386
375761 15 0.01 1.7 32.9 -0.316045 -0.0525154 7.69575 -0.0740597 -0.0127152 8.67725
375765 15 0.01 1.7 32.9 0.440841 0.248004 10.2845 0.138953 0.076623 8.40827
376004 15 0.01 1.7 32.9 0.294131 0.0345125 3.93696 0.0339501 0.00550456 9.37671
376667 15 0.01 1.7 32.9 0.392542 -0.387093 6.46565 0.0783187 -0.0767178 9.10113
377052 15 0.01 1.7 32.9 -0.46212 0.463717 4.95704 -0.0691372 0.0690672 8.51548
377080 15 0.01 1.7 32.9 0.152655 -0.242361 6.72701 0.0324155 -0.0502649 8.78323
377659 15 0.01 1.7 32.9 -0.124935 0.0514735 6.03701 -0.0214485 0.00906613 9.10633
379459 15 0.01 1.7 32.9 -0.404091 0.0430377 16.6032 -0.201974 0.0185366 7.91143
379661 15 0.01 1.7 32.9 0.434354 -0.0925642 7.485 0.097134 -0.0208729 8.50577
379959 15 0.01 1.7 32.9 0.476473 0.0396239 2.39789 0.0329834 0.00428479 8.74507
380805 15 0.01 1.7 32.9 0.317125 0.323136 3.58812 0.037447 0.0329125 9.13057
381536 15 0.01 1.7 32.9 0.285704 -0.00223533 6.8943 0.0599364 0.000746458 8.82781
381563 15 0.01 1.7 32.9 0.142546 -0.221091 3.07861 0.0143794 -0.0224573 8.27999
381752 15 0.01 1.7 32.9 -0.381641 -0.317773 6.14554 -0.0732419 -0.0587509 8.52249
382161 15 0.01 1.7 32.9 0.223489 -0.227555 12.911 0.0889965 -0.088387 8.17005
382765 15 0.01 1.7 32.9 -0.232323 -0.299712 3.13536 -0.0233955 -0.0306491 8.75353
383126 15 0.01 1.7 32.9 0.306194 -0.272868 8.38919 0.0790751 -0.0698632 8.25388
384816 15 0.01 1.7 32.9 -0.00566824 -0.222378 3.24407 -0.00232851 -0.0206713 9.09146
385644 15 0.01 1.7 32.9 0.413655 0.0972216 4.9945 0.0618207 0.0165957 9.03825
386140 15 0.01 1.7 32.9 0.362179 -0.408354 5.64095 0.0595926 -0.0722653 8.17619
386956 15 0.01 1.7 32.9 -0.0379887 -0.0379604 12.2807 -0.0159102 -0.0167213 8.26144
388120 15 0.01 1.7 32.9 -0.480819 0.0443266 10.311 -0.149949 0.0129605 8.11673
388132 15 0.01 1.7 32.9 0.025804 0.462497 4.52899 0.00276609 0.0638275 8.45257
388370 15 0.01 1.7 32.9 0.0972602 -0.242959 6.69365 0.0212023 -0.0471297 8.7332
389603 15 0.01 1.7 32.9 -0.0523699 0.359405 3.15104 -0.00592572 0.0332031 8.90945
392073 15 0.01 1.7 32.9 -0.411404 -0.477066 5.5287 -0.0682077 -0.0781191 9.30274
392510 15 0.01 1.7 32.9 -0.335658 -0.425154 6.03617 -0.0612443 -0.0756014 9.28868
394590 15 0.01 1.7 32.9 0.335676 0.133289 9.88443 0.0998015 0.0413058 7.91943
395059 15 0.01 1.7 32.9 0.288061 0.385885 7.89534 0.0683475 0.0906527 8.93245
395241 15 0.01 1.7 32.9 0.463147 0.158885 8.66224 0.122114 0.0428353 8.32804
401253 15 0.01 1.7 32.9 0.449718 0.144852 4.1051 0.0558623 0.0182179 9.38325
402129 15 0.01 1.7 32.9 -0.196016 0.214738 7.49047 -0.0423668 0.0503993 8.84592
403602 15 0.01 1.7 32.9 -0.444463 0.147569 8.3129 -0.111384 0.0366183 8.62602
403614 15 0.01 1.7 32.9 0.147284 -0.144749 9.68417 0.0436484 -0.0440462 8.40926
403961 15 0.01 1.7 32.9 -0.197877 0.164684 4.98047 -0.0294027 0.024745 8.88006
404006 15 0.01 1.7 32.9 0.198963 -0.224166 6.1081 0.0352661 -0.0408259 7.87301
404622 15 0.01 1.7 32.9 -0.404516 -0.0629789 5.69756 -0.0714493 -0.0109495 8.35544
405340 15 0.01 1.7 32.9 -0.272581 0.0235758 3.37243 -0.0271722 0.00143489 9.32251
405852 15 0.01 1.7 32.9 0.300001 -0.231994 6.00861 0.0543896 -0.0427442 8.92533
409036 15 0.01 1.7 32.9 0.184202 -0.038323 25.7776 0.145779 -0.0288473 7.73411
409345 15 0.01 1.7 32.9 -0.446343 0.270646 4.34112 -0.0573899 0.0354531 8.6922
409795 15 0.01 1.7 32.9 0.0571597 0.243613 4.91664 0.00648705 0.0362778 9.27026
409862 15 0.01 1.7 32.9 -0.0230645 -0.0199153 2.76577 -0.00507974 -0.00527213 8.82107
410006 15 0.01 1.7 32.9 0.316722 0.361125 6.31552 0.0610511 0.0703103 8.40317
411040 15 0.01 1.7 32.9 -0.286151 -0.367783 3.95653 -0.0345513 -0.0460191 8.91568
413364 15 0.01 1.7 32.9 -0.282789 -0.327062 5.61779 -0.0470094 -0.0578137 8.02228
415148 15 0.01 1.7 32.9 -0.0657858 -0.0421268 4.32838 -0.00579113 -0.00274605 8.74766
416045 15 0.01 1.7 32.9 -0.270342 0.324136 3.68785 -0.0327377 0.0373815 9.32628
417044 15 0.01 1.7 32.9 0.346787 0.496891 14.4655 0.152354 0.216481 7.92423
418944 15 0.01 1.7 32.9 -0.499732 0.0826641 3.15405 -0.0458742 0.00857497 8.6065
419519 15 0.01 1.7 32.9 -0.144192 -0.357512 2.65591 -0.0122996 -0.0247453 9.15345
419626 15 0.01 1.7 32.9 0.0370188 0.123722 5.02245 0.00361423 0.0185721 8.78349
419769 15 0.01 1.7 32.9 -0.361163 0.259358 3.30936 -0.036659 0.0260247 9.12312
422200 15 0.01 1.7 32.9 0.0716718 -0.381103 1.51449 0.00282281 -0.0191148 9.33094
423222 15 0.01 1.7 32.9 0.180835 -0.156878 6.6152 0.0351701 -0.0304845 8.6462
423832 15 0.01 1.7 32.9 0.208952 -0.0109599 3.45139 0.0217412 0.000135669 8.57688
425464 15 0.01 1.7 32.9 -0.414228 -0.167563 5.05591 -0.0635362 -0.0241445 8.71725
427255 15 0.01 1.7 32.9 -0.20353 -0.191908 3.53209 -0.0217381 -0.0210165 7.73328
427849 15 0.01 1.7 32.9 0.198193 0.113321 8.25448 0.0504229 0.0287523 8.24348
428031 15 0.01 1.7 32.9 0.280816 -0.294502 6.14234 0.0530148 -0.0551723 9.23837
429783 15 0.01 1.7 32.9 0.362722 0.0458945 7.7469 0.0860727 0.0112447 8.60186
431233 15 0.01 1.7 32.9 0.433136 -0.382333 5.20083 0.0683248 -0.058008 8.87148
431286 15 0.01 1.7 32.9 0.240844 -0.230848 8.35443 0.0642164 -0.0567877 8.60768
431723 15 0.01 1.7 32.9 0.157267 0.104595 5.19209 0.0249943 0.017489 8.40961
432947 15 0.01 1.7 32.9 -0.226802 -0.413759 5.56413 -0.0377357 -0.0705637 9.21715
433014 15 0.01 1.7 32.9 -0.158102 0.492027 9.16374 -0.0436646 0.137381 8.60769
433967 15 0.01 1.7 32.9 0.357377 0.484641 5.12965 0.0539969 0.0764791 8.15698
435365 15 0.01 1.7 32.9 0.178802 0.259523 7.46561 0.0388842 0.058937 8.3288
436319 15 0.01 1.7 32.9 -0.0366202 0.0930834 7.0778 -0.00548179 0.0211424 8.88877
436752 15 0.01 1.7 32.9 0.457199 0.497944 11.3529 0.156148 0.169858 8.18204
437026 15 0.01 1.7 32.9 0.473675 0.221615 4.24907 0.0601195 0.0280387 7.85264
437589 15 0.01 1.7 32.9 0.334266 -0.291064 8.52476 0.0868968 -0.0774959 8.42936
437786 15 0.01 1.7 32.9 -0.0340046 -0.301878 2.88177 -0.00165208 -0.0259557 8.88815
438216 15 0.01 1.7 32.9 0.48562 -0.163639 8.30519 0.121483 -0.0393396 8.42916
438665 15 0.01 1.7 32.9 -0.264616 -0.43901 6.10001 -0.0506304 -0.0815526 8.61858
440330 15 0.01 1.7 32.9 -0.203825 0.352026 8.08686 -0.0509932 0.0871067 8.89238
440388 15 0.01 1.7 32.9 -0.293493 -0.0346886 3.64259 -0.0310102 -0.00455531 9.15361
440559 15 0.01 1.7 32.9 -0.241352 0.109914 12.1656 -0.086378 0.041161 8.19799
443280 15 0.01 1.7 32.9 0.391371 0.156776 4.98057 0.0576797 0.0230726 8.56118
445901 15 0.01 1.7 32.9 0.364799 -0.0986773 3.49239 0.0383988 -0.0142046 9.11533
447412 15 0.01 1.7 32.9 0.449334 0.403392 14.975 0.204428 0.183574 7.93314
448024 15 0.01 1.7 32.9 -0.402557 0.428397 1.07966 -0.0171902 0.0130553 9.05377
449765 15 0.01 1.7 32.9 -0.292214 -0.334696 9.02761 -0.078547 -0.0908349 8.70817
450092 15 0.01 1.7 32.9 -0.264958 -0.00880136 4.20418 -0.0350349 -0.00225448 8.05502
450204 15 0.01 1.7 32.9 0.455367 0.315255 10.189 0.139684 0.0970621 8.14048
453430 15 0.01 1.7 32.9 -0.158196 -0.152718 9.95333 -0.0463933 -0.0458818 8.32348
454212 15 0.01 1.7 32.9 -0.131721 -0.271381 7.24238 -0.0299641 -0.0596035 8.10933
454630 15 0.01 1.7 32.9 -0.0622288 0.110169 1.50969 -0.00437626 0.00471207 8.48704
454654 15 0.01 1.7 32.9 0.294095 0.0654852 8.62905 0.0764016 0.0179289 8.31368
455455 15 0.01 1.7 32.9 -0.379535 0.499616 5.06299 -0.0572884 0.075805 9.29016
455927 15 0.01 1.7 32.9 0.16656 0.167182 12.6554 0.0626703 0.0614036 8.23411
456124 15 0.01 1.7 32.9 0.209483 0.209066 13.625 0.086246 0.0875971 8.1322
456291 15 0.01 1.7 32.9 0.440288 0.0739097 5.01849 0.0677363 0.0108479 9.22594
458140 15 0.01 1.7 32.9 -0.344412 -0.254019 6.68308 -0.0718411 -0.0500933 9.01165
459384 15 0.01 1.7 32.9 0.0339376 -0.339684 6.49032 0.00755555 -0.0659906 9.2281
461397 15 0.01 1.7 32.9 -0.448528 0.271026 8.03075 -0.109351 0.0642334 8.35839
461404 15 0.01 1.7 32.9 -0.100967 -0.247194 1.02922 -0.00590446 -0.00828909 8.01549
461649 15 0.01 1.7 32.9 0.178341 0.280917 5.69834 0.0317637 0.0460102 8.82115
462139 15 0.01 1.7 32.9 -0.0885648 0.35759 6.46228 -0.0187201 0.071578 9.06605
462382 15 0.01 1.7 32.9 0.483152 -0.320026 5.95209 0.085466 -0.0585823 8.66898
464207 15 0.01 1.7 32.9 0.48403 0.261716 5.62319 0.0845163 0.0456428 8.69098
464976 15 0.01 1.7 32.9 0.199505 -0.227854 8.82063 0.0535381 -0.0603748 8.62929
465313 15 0.01 1.7 32.9 0.28474 0.389691 4.31456 0.036002 0.0497659 9.18717
465783 15 0.01 1.7 32.9 -0.17075 -0.187394 3.05655 -0.0156422 -0.0155629 8.90324
466013 15 0.01 1.7 32.9 0.465925 -0.142224 6.71513 0.0937234 -0.0296179 9.11542
466527 15 0.01 1.7 32.9 -0.390707 0.381845 17.8428 -0.212172 0.208196 7.78875
468930 15 0.01 1.7 32.9 0.0168053 -0.212977 7.70581 0.00391892 -0.0493464 8.32716
469458 15 0.01 1.7 32.9 0.215495 -0.167108 6.4282 0.0424375 -0.0332664 8.22404
469736 15 0.01 1.7 32.9 -0.340158 0.0492226 4.68418 -0.0499563 0.00695463 8.7215
471324 15 0.01 1.7 32.9 -0.316396 -0.499017 4.29293 -0.0427405 -0.0641795 8.41055
471592 15 0.01 1.7 32.9 -0.437024 -0.335079 11.5732 -0.154086 -0.119073 7.85732
472364 15 0.01 1.7 32.9 0.183496 0.395297 7.4393 0.0409344 0.0900701 8.80225
472699 15 0.01 1.7 32.9 0.0128594 0.232537 5.5828 0.00332811 0.0382013 8.45981
472758 15 0.01 1.7 32.9 0.489752 -0.159688 16.0186 0.23674 -0.0764903 7.89032
472807 15 0.01 1.7 32.9 -0.0389887 -0.105079 10.1462 -0.0138517 -0.0341568 8.21453
473423 15 0.01 1.7 32.9 0.081818 0.370204 6.531 0.0163632 0.0742156 9.229
475155 15 0.01 1.7 32.9 0.476666 -0.119557 7.66928 0.112603 -0.0302602 8.89574
475936 15 0.01 1.7 32.9 0.345193 -0.453105 3.94305 0.041245 -0.0541412 9.05982
477349 15 0.01 1.7 32.9 0.252372 0.301613 2.87444 0.0255072 0.0252669 8.87225
478187 15 0.01 1.7 32.9 0.108863 0.419741 7.67297 0.0259005 0.0998524 8.59129
478312 15 0.01 1.7 32.9 -0.417754 -0.271392 6.67966 -0.0857683 -0.0549569 9.11446
479102 15 0.01 1.7 32.9 -0.138521 -0.183799 5.35852 -0.0231394 -0.0312018 8.47363
480043 15 0.01 1.7 32.9 0.446143 0.439391 6.49995 0.0905718 0.0881796 8.23928
480407 15 0.01 1.7 32.9 4.29558e-05 0.0142897 4.26128 0.000382721 0.00244131 8.89559
480516 15 0.01 1.7 32.9 0.447042 -0.276185 5.29857 0.0735962 -0.0455373 9.39225
481043 15 0.01 1.7 32.9 -0.233047 -0.00413906 12.6433 -0.0891939 -0.0011789 8.025
482260 15 0.01 1.7 32.9 0.206045 -0.407391 8.89131 0.0566765 -0.109001 8.05263
482808 15 0.01 1.7 32.9 0.204839 0.046458 11.4575 0.0702766 0.0147544 7.94486
483972 15 0.01 1.7 32.9 0.318255 -0.0193084 3.31652 0.0338851 0.000485465 8.01821
485071 15 0.01 1.7 32.9 -0.401263 0.449606 3.69439 -0.0454068 0.0524072 9.03021
485789 15 0.01 1.7 32.9 -0.112845 0.438407 2.85864 -0.00979888 0.0367508 8.44102
486742 15 0.01 1.7 32.9 -0.289986 -0.204841 2.8622 -0.0255635 -0.0179823 7.87887
487156 15 0.01 1.7 32.9 0.403998 -0.231728 10.8516 0.133636 -0.0763815 8.31787
488080 15 0.01 1.7 32.9 0.233026 -0.0122062 9.12016 0.0648732 -0.00188054 8.42202
488419 15 0.01 1.7 32.9 0.438766 0.221351 5.39472 0.0726649 0.0363328 8.84553
488845 15 0.01 1.7 32.9 0.249712 -0.41 4.57757 0.0322011 -0.057031 9.37295
488874 15 0.01 1.7 32.9 0.123894 -0.10214 10.8462 0.041255 -0.0346687 8.43269
490230 15 0.01 1.7 32.9 0.195894 -0.449325 4.69549 0.0263462 -0.0617317 8.8054
491032 15 0.01 1.7 32.9 0.477007 0.127344 3.7769 0.0546158 0.0139372 9.04849
491076 15 0.01 1.7 32.9 -0.0328231 0.237477 13.4738 -0.0130158 0.100021 7.84638
493616 15 0.01 1.7 32.9 0.0994434 0.1864 7.19831 0.0259584 0.0405685 8.96298
494605 15 0.01 1.7 32.9 -0.0588822 -0.275157 4.79498 -0.0108827 -0.0407776 8.58043
495307 15 0.01 1.7 32.9 0.166792 -0.425312 3.4293 0.0195592 -0.0430683 9.4208
496258 15 0.01 1.7 32.9 -0.0822884 -0.457224 5.55177 -0.0118604 -0.0744773 9.3516
498488 15 0.01 1.7 32.9 -0.173973 -0.0533543 7.81236 -0.0418549 -0.0136883 8.2491
498506 15 0.01 1.7 32.9 -0.18061 0.361748 3.65762 -0.0225358 0.0388682 9.307
498802 15 0.01 1.7 32.9 0.258956 -0.116561 14.531 0.11482 -0.0509517 8.04527
