2084 8 0.01 0.35 32.9 0.324707 -0.233859 0.775952 0.007085 -0.0047129 1594.32
3790 8 0.01 0.35 32.9 -0.121165 0.146751 0.147267 0.000894754 0.000346445 1594.32
5280 8 0.01 0.35 32.9 0.131526 0.15526 0.272606 -0.000418167 0.00242483 1594.32
7480 8 0.01 0.35 32.9 0.499973 0.471025 0.415983 0.00766959 0.00556814 1594.32
8695 8 0.01 0.35 32.9 -0.211713 0.325874 0.264499 -0.00490507 0.00200381 1594.32
8989 8 0.01 0.35 32.9 0.476915 -0.107657 0.157434 0.00130807 -0.00597478 1594.32
12066 8 0.01 0.35 32.9 0.165677 0.194589 0.543614 0.0022015 0.00391544 1594.32
12091 8 0.01 0.35 32.9 -0.244519 -0.495816 0.35518 -0.00156892 -0.00667463 1594.32
14136 8 0.01 0.35 32.9 -0.286552 -0.151002 0.483612 -0.00381696 -0.00238684 1594.32
14317 8 0.01 0.35 32.9 -0.411062 0.266583 0.493297 -0.0076225 0.00635787 1594.32
15555 8 0.01 0.35 32.9 -0.252039 0.190791 3.73531 -0.0290843 0.0225199 1594.32
16479 8 0.01 0.35 32.9 0.204096 -0.326476 0.198311 -0.000533627 -0.00187199 1594.32
16807 8 0.01 0.35 32.9 0.300286 0.386497 0.0552166 0.00949701 0.00526116 1594.32
17893 8 0.01 0.35 32.9 0.191138 -0.138691 0.817165 0.00306384 -0.00154266 1594.32
18659 8 0.01 0.35 32.9 -0.247947 0.328532 0.330848 -0.00358539 0.00697202 1594.32
20016 8 0.01 0.35 32.9 0.112613 0.475578 0.123654 -0.00138867 -0.00165627 1594.32
20894 8 0.01 0.35 32.9 0.127116 -0.0841326 0.250258 -0.00183701 -0.00184226 1594.32
21410 8 0.01 0.35 32.9 -0.136451 0.452464 0.365659 -0.00428223 0.00606732 1594.32
23434 8 0.01 0.35 32.9 -0.0491513 -0.412153 0.37021 -0.000860436 -0.00217562 1594.32
24368 8 0.01 0.35 32.9 -0.480158 -0.402799 0.307594 -0.00436543 -0.00206554 1594.32
26138 8 0.01 0.35 32.9 -0.413798 -0.39201 0.259724 -0.00309206 -0.00129929 1594.32
33713 8 0.01 0.35 32.9 -0.127273 -0.0783053 1.00263 -0.00641275 -0.00250427 1594.32
38508 8 0.01 0.35 32.9 -0.358537 0.490577 0.45227 -0.00298954 0.00618307 1594.32
39113 8 0.01 0.35 32.9 0.379892 0.127949 0.278766 0.00251048 0.00479437 1594.32
41947 8 0.01 0.35 32.9 -0.178586 0.333233 0.791227 -0.00422626 0.00817679 1594.32
45958 8 0.01 0.35 32.9 -0.465224 -0.209961 0.267014 -0.00284523 -0.00161393 1594.32
48258 8 0.01 0.35 32.9 -0.232759 -0.35418 0.26338 -0.00272468 -0.00325931 1594.32
48383 8 0.01 0.35 32.9 -0.247475 -0.304865 0.665187 -0.00570685 -0.00541642 1594.32
49881 8 0.01 0.35 32.9 -0.157502 -0.0965752 0.769658 -0.0037851 -0.00169896 1594.32
51339 8 0.01 0.35 32.9 -0.279873 0.448812 0.381669 -0.00547467 0.00397352 1594.32
51946 8 0.01 0.35 32.9 0.385799 0.340813 0.492012 0.00415484 0.0076621 1594.32
54761 8 0.01 0.35 32.9 0.0103243 0.140713 0.606933 0.000454756 0.00316108 1594.32
56569 8 0.01 0.35 32.9 -0.0454129 -0.471491 0.725883 -0.0036731 -0.0102627 1594.32
57087 8 0.01 0.35 32.9 -0.213034 0.242863 0.601299 -0.00389866 0.00496505 1594.32
60020 8 0.01 0.35 32.9 -0.366574 -0.146462 0.535383 -0.00677699 0.00152097 1594.32
61076 8 0.01 0.35 32.9 0.304539 -0.19803 0.411253 0.00209432 -0.00138458 1594.32
62728 8 0.01 0.35 32.9 0.064081 -0.441759 0.399166 -0.00104829 -0.00495543 1594.32
66310 8 0.01 0.35 32.9 -0.368107 -0.224514 0.705833 -0.00852722 -0.00531347 1594.32
67762 8 0.01 0.35 32.9 -0.0494107 0.155711 0.416532 -0.00135959 0.00470377 1594.32
68320 8 0.01 0.35 32.9 -0.181169 0.0858136 0.0453112 -0.000598598 -0.00382401 1594.32
69305 8 0.01 0.35 32.9 -0.360408 -0.393364 0.528075 -0.00345027 -0.00587682 1594.32
69824 8 0.01 0.35 32.9 -0.243661 0.330039 0.401894 -0.000747162 0.00635723 1594.32
71334 8 0.01 0.35 32.9 0.0632476 -0.359466 0.861412 0.00100483 -0.00673655 1594.32
74416 8 0.01 0.35 32.9 -0.0607254 0.357231 0.708789 -0.000723609 0.00908779 1594.32
74805 8 0.01 0.35 32.9 -0.405186 -0.485511 0.709547 -0.00800352 -0.0091156 1594.32
75820 8 0.01 0.35 32.9 0.207211 -0.207928 0.482982 0.00420929 -0.000658941 1594.32
76739 8 0.01 0.35 32.9 -0.126384 0.294615 0.715285 -0.00329267 0.00440529 1594.32
81359 8 0.01 0.35 32.9 -0.207809 -0.0967404 1.07134 -0.00941004 -0.00325804 1594.32
81998 8 0.01 0.35 32.9 -0.476347 0.482002 0.638512 -0.00906275 0.00981977 1594.32
86014 8 0.01 0.35 32.9 -0.279014 -0.283763 0.144465 -0.00232889 -0.00528242 1594.32
86821 8 0.01 0.35 32.9 0.310104 -0.0813612 0.35869 0.00879042 0.000420096 1594.32
91393 8 0.01 0.35 32.9 -0.421872 0.241062 0.786322 -0.00943916 0.00695386 1594.32
101099 8 0.01 0.35 32.9 0.18246 0.12173 0.177083 0.00226046 -0.00225503 1594.32
101651 8 0.01 0.35 32.9 -0.155756 -0.018957 0.298261 0.000919516 4.37673e-05 1594.32
101871 8 0.01 0.35 32.9 -0.135886 0.00444765 0.540745 -0.00318541 0.000278599 1594.32
105805 8 0.01 0.35 32.9 -0.381656 0.379966 0.333433 -0.00302489 0.00221352 1594.32
105960 8 0.01 0.35 32.9 -0.279416 -0.248612 0.201301 -0.000269326 -0.00232162 1594.32
105986 8 0.01 0.35 32.9 -0.2108 -0.211786 0.475276 -0.00426163 -0.00211907 1594.32
107351 8 0.01 0.35 32.9 -0.222025 -0.346228 0.714614 -0.00547107 -0.00624057 1594.32
110514 8 0.01 0.35 32.9 0.0171463 -0.197745 1.07296 0.00175996 -0.00439058 1594.32
111077 8 0.01 0.35 32.9 0.440833 -0.0514179 2.8086 0.0375341 -0.00411853 1594.32
112945 8 0.01 0.35 32.9 0.286236 0.41585 0.169557 0.000906348 -0.00204272 1594.32
116797 8 0.01 0.35 32.9 0.372751 0.193327 0.6474 0.00798758 0.00552384 1594.32
118958 8 0.01 0.35 32.9 -0.0525736 -0.246559 0.735356 -0.00303039 -0.00443494 1594.32
119186 8 0.01 0.35 32.9 -0.467478 -0.185407 0.354283 -0.00609395 -0.00185079 1594.32
120709 8 0.01 0.35 32.9 -0.0927529 0.214532 0.13302 0.00119045 -0.00262171 1594.32
120847 8 0.01 0.35 32.9 0.399677 0.118257 0.439901 0.00439865 0.00098437 1594.32
120860 8 0.01 0.35 32.9 -0.475008 -0.136683 0.957136 -0.0141789 -0.00431815 1594.32
122848 8 0.01 0.35 32.9 0.181823 0.179957 0.639333 0.00449494 0.00338437 1594.32
123434 8 0.01 0.35 32.9 -0.231418 0.485713 0.212263 0.000665585 0.00115488 1594.32
125678 8 0.01 0.35 32.9 -0.328298 0.0274593 0.31552 -0.00296872 0.000424865 1594.32
134812 8 0.01 0.35 32.9 -0.118496 0.346821 0.22041 -0.00295349 0.00296085 1594.32
135377 8 0.01 0.35 32.9 0.399656 -0.446138 0.191336 -0.000417134 -0.00378891 1594.32
137335 8 0.01 0.35 32.9 0.370709 0.389349 0.539113 0.00661191 0.0053832 1594.32
138826 8 0.01 0.35 32.9 -0.356014 0.0493887 0.923712 -0.0126081 0.00380079 1594.32
138956 8 0.01 0.35 32.9 0.426629 -0.118169 1.56164 0.0179331 -0.0056995 1594.32
143998 8 0.01 0.35 32.9 -0.0352815 -0.065226 0.435308 -0.00194876 0.0018784 1594.32
146921 8 0.01 0.35 32.9 -0.0859032 -0.468666 1.63625 -0.00427094 -0.0255507 1594.32
151429 8 0.01 0.35 32.9 0.49272 -0.220774 0.192405 -0.000465798 -0.00267844 1594.32
152547 8 0.01 0.35 32.9 0.308314 -0.450051 0.1291 0.00442103 -0.00153005 1594.32
154086 8 0.01 0.35 32.9 -0.0990676 0.0690231 0.359821 -0.00400177 0.0038038 1594.32
154168 8 0.01 0.35 32.9 -0.243265 0.475235 1.18096 -0.0105613 0.0167123 1594.32
156921 8 0.01 0.35 32.9 0.28647 0.199194 0.342191 0.00392627 0.00207099 1594.32
162646 8 0.01 0.35 32.9 -0.242857 0.463591 0.254324 -0.00186328 0.000494268 1594.32
165975 8 0.01 0.35 32.9 -0.452119 -0.0830205 1.88352 -0.0247983 -0.00412807 1594.32
167370 8 0.01 0.35 32.9 0.475577 0.34419 0.216544 0.000916405 0.00457908 1594.32
172707 8 0.01 0.35 32.9 -0.028653 -0.0241397 0.148445 0.00363835 0.000909557 1594.32
173808 8 0.01 0.35 32.9 0.158233 0.274479 1.28127 0.00510537 0.0133335 1594.32
173896 8 0.01 0.35 32.9 -0.34828 0.176237 0.315968 -0.00297346 0.000732931 1594.32
175930 8 0.01 0.35 32.9 0.266592 -0.122203 1.31059 0.00915408 -0.00420059 1594.32
176348 8 0.01 0.35 32.9 -0.163339 0.0782373 0.216423 -0.00513212 -0.000980731 1594.32
178638 8 0.01 0.35 32.9 0.169062 0.227951 0.18508 0.00452504 0.00558823 1594.32
179181 8 0.01 0.35 32.9 -0.127507 -0.120208 0.354258 -0.00421367 0.00169771 1594.32
182291 8 0.01 0.35 32.9 -0.183133 -0.226655 0.86491 -0.00523505 -0.00516557 1594.32
183775 8 0.01 0.35 32.9 0.306054 -0.237751 0.835391 0.0088538 -0.00599555 1594.32
193776 8 0.01 0.35 32.9 -0.39518 0.249066 0.239982 -0.00576381 0.00823196 1594.32
197701 8 0.01 0.35 32.9 -0.101861 -0.206121 0.168992 -0.00196116 0.00189963 1594.32
197748 8 0.01 0.35 32.9 0.352399 -0.280423 0.402373 0.00410689 -0.00537987 1594.32
199879 8 0.01 0.35 32.9 0.127866 0.121127 0.0913321 8.31086e-05 -0.000216958 1594.32
201862 8 0.01 0.35 32.9 -0.441165 -0.16865 1.63011 -0.0228078 -0.00865409 1594.32
203570 8 0.01 0.35 32.9 0.199596 -0.477341 0.875602 0.00677842 -0.0127698 1594.32
205105 8 0.01 0.35 32.9 0.435693 -0.399434 0.173924 0.00536581 -0.00121747 1594.32
205108 8 0.01 0.35 32.9 -0.480428 0.343705 0.181016 -0.00289316 0.00338461 1594.32
209733 8 0.01 0.35 32.9 0.0653079 -0.134635 0.428077 0.00345456 -0.000769199 1594.32
210753 8 0.01 0.35 32.9 -0.411418 0.0529377 0.368119 -0.00627722 0.00108338 1594.32
212728 8 0.01 0.35 32.9 0.289557 0.476656 0.403987 0.00225753 0.00743045 1594.32
214626 8 0.01 0.35 32.9 0.420586 0.443716 0.115145 0.00113306 -0.00535625 1594.32
215450 8 0.01 0.35 32.9 -0.0218199 -0.309447 0.574598 0.000617215 -0.0071727 1594.32
216962 8 0.01 0.35 32.9 0.121414 -0.378679 0.820476 0.00114045 -0.00917836 1594.32
217014 8 0.01 0.35 32.9 0.407241 -0.367515 0.543836 0.00456749 -0.00619384 1594.32
217532 8 0.01 0.35 32.9 0.475461 0.417683 0.181088 0.00349033 0.00253554 1594.32
218990 8 0.01 0.35 32.9 0.142799 -0.261718 0.112453 0.00699416 -0.00376497 1594.32
220401 8 0.01 0.35 32.9 0.407325 0.419394 0.239147 0.00713541 0.00397485 1594.32
220793 8 0.01 0.35 32.9 -0.0273135 0.213157 0.332526 -0.00133328 0.000146551 1594.32
220881 8 0.01 0.35 32.9 -0.352532 -0.469814 0.267737 0.000645958 -0.000340554 1594.32
223841 8 0.01 0.35 32.9 -0.370061 -0.46585 0.300606 -0.0047339 -0.00134952 1594.32
224450 8 0.01 0.35 32.9 0.148176 0.255159 0.338402 0.00375673 0.00223821 1594.32
226957 8 0.01 0.35 32.9 0.274244 -0.219605 0.0958329 -0.00169582 0.0062406 1594.32
229020 8 0.01 0.35 32.9 0.205282 0.199469 0.784323 0.00555192 0.00286259 1594.32
229359 8 0.01 0.35 32.9 -0.393248 -0.00505681 0.308243 -0.00531178 0.00181324 1594.32
230899 8 0.01 0.35 32.9 -0.496085 -0.0806923 2.25276 -0.0337988 -0.00485381 1594.32
231833 8 0.01 0.35 32.9 0.292243 -0.317825 1.26524 0.0108863 -0.0139582 1594.32
234083 8 0.01 0.35 32.9 0.416767 -0.261597 0.20691 0.000619723 -0.00540611 1594.32
238411 8 0.01 0.35 32.9 0.181206 0.310855 0.799739 0.0012598 0.00766402 1594.32
239623 8 0.01 0.35 32.9 0.18966 -0.138952 0.240903 0.00163342 0.00103275 1594.32
243785 8 0.01 0.35 32.9 0.0246094 0.380565 0.311893 0.00203735 0.00506657 1594.32
244465 8 0.01 0.35 32.9 -0.292178 -0.296265 0.268555 -0.00135197 -0.00153889 1594.32
244581 8 0.01 0.35 32.9 -0.380391 0.348975 0.427743 -0.00481911 0.00724521 1594.32
245528 8 0.01 0.35 32.9 -0.212304 0.0372995 0.372379 -0.00478674 0.000648273 1594.32
245983 8 0.01 0.35 32.9 0.222942 0.19578 0.760353 0.00339263 0.00481892 1594.32
246350 8 0.01 0.35 32.9 0.120855 -0.058772 0.278134 -0.00216147 0.000450563 1594.32
248931 8 0.01 0.35 32.9 0.106192 -0.457019 0.453328 0.00156483 -0.00636174 1594.32
249273 8 0.01 0.35 32.9 -0.462637 -0.0067982 0.533054 -0.00672001 -0.000415957 1594.32
249296 8 0.01 0.35 32.9 -0.334664 -0.404973 0.228533 -6.53533e-05 -0.00639292 1594.32
249878 8 0.01 0.35 32.9 0.0284207 -0.461831 2.11657 0.00363871 -0.028012 1594.32
252540 8 0.01 0.35 32.9 0.0505024 0.443576 0.811612 0.00162557 0.0091983 1594.32
253583 8 0.01 0.35 32.9 -0.485188 -0.0377298 0.756707 -0.0113599 0.00182839 1594.32
254139 8 0.01 0.35 32.9 0.313496 0.0178823 1.15869 0.0121293 -0.00023183 1594.32
254318 8 0.01 0.35 32.9 -0.435567 0.316558 0.656393 -0.00837064 0.00609875 1594.32
255545 8 0.01 0.35 32.9 0.358109 -0.0240962 0.569747 0.0065735 0.000685488 1594.32
256783 8 0.01 0.35 32.9 -0.2998 0.0783658 0.729688 -0.00690767 0.00383585 1594.32
258059 8 0.01 0.35 32.9 0.138874 0.0742399 0.425703 0.00336731 0.00169295 1594.32
259948 8 0.01 0.35 32.9 0.37545 0.289319 0.711299 0.00865179 0.00651178 1594.32
262415 8 0.01 0.35 32.9 0.00883271 -0.121586 0.282403 0.000783178 0.00133542 1594.32
263193 8 0.01 0.35 32.9 0.169346 -0.232105 0.644394 0.00559122 -0.00396883 1594.32
264106 8 0.01 0.35 32.9 -0.206336 0.166749 0.282551 -0.00105381 0.00270888 1594.32
264307 8 0.01 0.35 32.9 -0.202833 0.38262 0.209826 0.000764413 0.004336 1594.32
265339 8 0.01 0.35 32.9 0.249753 0.16244 2.1322 0.0189205 0.0115273 1594.32
265441 8 0.01 0.35 32.9 -0.192306 -0.122692 0.298186 -0.00137515 0.00137896 1594.32
266212 8 0.01 0.35 32.9 0.0714958 0.482174 0.702851 0.00107746 0.0103747 1594.32
269709 8 0.01 0.35 32.9 0.166131 -0.379766 0.16298 -0.000842173 -0.000580658 1594.32
269769 8 0.01 0.35 32.9 0.0396246 0.497189 0.317087 0.00256707 0.00762535 1594.32
271722 8 0.01 0.35 32.9 -0.0372688 0.419021 0.375547 0.000927928 0.00375769 1594.32
275058 8 0.01 0.35 32.9 0.279805 -0.434905 0.556304 0.0047782 -0.00776983 1594.32
276492 8 0.01 0.35 32.9 0.237747 0.406876 0.918728 0.00737312 0.0136587 1594.32
276592 8 0.01 0.35 32.9 0.0744094 0.158743 0.107064 -0.00903362 -0.00228805 1594.32
278411 8 0.01 0.35 32.9 -0.270616 0.29783 0.191324 -0.00288097 0.00304576 1594.32
278811 8 0.01 0.35 32.9 0.452597 -0.0393074 0.260628 0.00368447 0.00147482 1594.32
283916 8 0.01 0.35 32.9 0.102065 -0.0937821 0.304896 0.000597043 0.00207338 1594.32
285514 8 0.01 0.35 32.9 0.26038 0.299108 0.215948 0.000798622 0.00310297 1594.32
286886 8 0.01 0.35 32.9 -0.0540357 0.0917046 0.612211 -0.00116353 -0.00141949 1594.32
287919 8 0.01 0.35 32.9 -0.487421 0.172776 0.377844 -0.00389681 0.00325445 1594.32
288846 8 0.01 0.35 32.9 0.0240832 -0.333296 0.67377 -0.00126565 -0.00715145 1594.32
289708 8 0.01 0.35 32.9 0.105675 0.199057 0.170459 0.00175185 0.003166 1594.32
290070 8 0.01 0.35 32.9 0.179621 -0.0372666 0.642249 0.00456444 -0.000579915 1594.32
291342 8 0.01 0.35 32.9 0.448013 -0.259659 0.157612 0.000601692 -0.000407059 1594.32
291538 8 0.01 0.35 32.9 0.390133 0.298184 0.145337 0.00387446 -0.00595541 1594.32
292255 8 0.01 0.35 32.9 -0.161848 -0.456202 0.58206 -0.00394158 -0.00935755 1594.32
294191 8 0.01 0.35 32.9 0.300297 0.424349 0.517992 0.00256498 0.00970381 1594.32
298008 8 0.01 0.35 32.9 0.0286443 0.0207881 0.280887 5.64969e-05 0.00284598 1594.32
299801 8 0.01 0.35 32.9 0.263263 0.390542 0.288092 0.00499627 0.00254935 1594.32
300074 8 0.01 0.35 32.9 -0.0163284 -0.446295 0.497022 -0.00123833 -0.00397814 1594.32
301030 8 0.01 0.35 32.9 0.365521 0.113629 0.616242 0.00569712 0.0041114 1594.32
301758 8 0.01 0.35 32.9 -0.174187 -0.358643 0.783794 -0.00250249 -0.00913571 1594.32
302160 8 0.01 0.35 32.9 0.168454 -0.158624 0.223728 0.000584812 0.000154559 1594.32
308613 8 0.01 0.35 32.9 0.0501766 -0.147689 0.353134 0.002708 -0.000177591 1594.32
311457 8 0.01 0.35 32.9 -0.26632 -0.34192 0.332374 -0.00080265 0.00013919 1594.32
311709 8 0.01 0.35 32.9 -0.0164012 0.0540362 0.319165 -8.47084e-05 0.00180057 1594.32
312481 8 0.01 0.35 32.9 -0.404858 0.265578 0.386513 -0.0056391 0.00117642 1594.32
312704 8 0.01 0.35 32.9 -0.28681 0.24853 1.20264 -0.00969058 0.00923541 1594.32
312706 8 0.01 0.35 32.9 0.278356 0.118367 0.363455 0.00525348 0.00108028 1594.32
314306 8 0.01 0.35 32.9 0.101148 0.0092859 0.510193 0.000390986 0.00200195 1594.32
315324 8 0.01 0.35 32.9 0.451557 -0.394076 0.223248 0.0044805 -0.00109906 1594.32
317018 8 0.01 0.35 32.9 0.0349133 0.210537 0.160417 0.000508447 0.00212775 1594.32
322499 8 0.01 0.35 32.9 -0.278327 0.428879 0.335392 -0.000498635 0.00519693 1594.32
323487 8 0.01 0.35 32.9 0.450112 0.165141 0.727027 0.00995625 0.00405111 1594.32
327823 8 0.01 0.35 32.9 -0.35948 -0.457962 0.411122 -0.00418011 -0.00192631 1594.32
328198 8 0.01 0.35 32.9 0.0593682 0.400242 0.260067 -0.00247125 0.00321144 1594.32
330167 8 0.01 0.35 32.9 0.0813481 -0.219679 1.16938 0.00327513 -0.0084658 1594.32
330711 8 0.01 0.35 32.9 -0.17544 0.0946517 0.852319 -0.00621842 0.00114004 1594.32
331368 8 0.01 0.35 32.9 0.205606 0.351805 0.253268 0.00204644 0.00725767 1594.32
331417 8 0.01 0.35 32.9 0.384408 -0.180562 0.70801 0.00826347 -0.00266455 1594.32
332210 8 0.01 0.35 32.9 -0.0470853 0.289789 0.142732 0.00468985 0.00211539 1594.32
334730 8 0.01 0.35 32.9 -0.264802 -0.0259816 0.697331 -0.006548 0.000887797 1594.32
336385 8 0.01 0.35 32.9 0.155024 0.447036 0.376435 0.00115107 0.00755617 1594.32
336617 8 0.01 0.35 32.9 0.0591168 -0.433962 0.759921 0.00502494 -0.00685798 1594.32
337954 8 0.01 0.35 32.9 0.133513 -0.405595 0.58494 0.00256691 -0.00941882 1594.32
341065 8 0.01 0.35 32.9 0.0624595 0.415399 0.369578 0.000383787 0.00372251 1594.32
344490 8 0.01 0.35 32.9 -0.0682909 -0.24744 0.229549 0.000468925 -0.000562441 1594.32
351802 8 0.01 0.35 32.9 -0.170761 0.0323578 0.337847 -0.00281795 0.00188984 1594.32
352254 8 0.01 0.35 32.9 -0.325454 0.0268047 0.498366 -0.00504426 0.00234024 1594.32
352332 8 0.01 0.35 32.9 0.222552 0.231672 0.922745 0.00646571 0.00532887 1594.32
354280 8 0.01 0.35 32.9 -0.127939 0.179406 0.261481 0.00257869 0.0019473 1594.32
357191 8 0.01 0.35 32.9 -0.151352 -0.294825 0.623848 -0.00160699 -0.00549098 1594.32
358924 8 0.01 0.35 32.9 0.391795 -0.347249 0.291812 0.00338157 -0.00415998 1594.32
359321 8 0.01 0.35 32.9 0.468609 0.23385 0.565135 0.0102588 0.00639454 1594.32
364538 8 0.01 0.35 32.9 -0.391194 0.00709219 0.762829 -0.00857881 -0.00152175 1594.32
364582 8 0.01 0.35 32.9 -0.00214844 0.496459 1.66491 -0.00178384 0.0255266 1594.32
369463 8 0.01 0.35 32.9 0.00254903 0.482807 0.203836 0.00137583 0.00599809 1594.32
370115 8 0.01 0.35 32.9 0.0657609 0.00199676 1.25378 0.00271604 -0.000344827 1594.32
373588 8 0.01 0.35 32.9 0.0445965 -0.250245 0.297021 -0.0014665 -0.00251743 1594.32
374198 8 0.01 0.35 32.9 -0.489477 -0.421701 0.526256 -0.00842017 -0.00411338 1594.32
374259 8 0.01 0.35 32.9 -0.469098 -0.299342 1.2415 -0.0177164 -0.0115772 1594.32
379428 8 0.01 0.35 32.9 0.145719 -0.237637 0.473767 0.00334139 -0.0028875 1594.32
381791 8 0.01 0.35 32.9 -0.193157 0.407393 0.279142 -0.000480023 0.00510458 1594.32
382755 8 0.01 0.35 32.9 0.0622733 -0.310145 0.427504 0.00173654 -0.00343411 1594.32
384838 8 0.01 0.35 32.9 0.221796 -0.124542 0.579192 0.00326352 -0.00467209 1594.32
390915 8 0.01 0.35 32.9 0.208196 -0.363974 0.197098 0.00633751 -0.00148001 1594.32
392408 8 0.01 0.35 32.9 -0.239683 -0.310654 0.386393 -0.00491095 -0.00183361 1594.32
393743 8 0.01 0.35 32.9 -0.185188 -0.470876 0.375472 -0.00303999 -0.00873524 1594.32
395461 8 0.01 0.35 32.9 -0.232915 0.257301 0.158465 -0.00490859 0.000283709 1594.32
398628 8 0.01 0.35 32.9 0.28185 0.171247 0.288012 0.00138097 0.0027756 1594.32
400961 8 0.01 0.35 32.9 -0.150904 -0.182012 0.478343 -0.00163747 -0.00436776 1594.32
401494 8 0.01 0.35 32.9 -0.340281 -0.151976 0.401738 -0.0055336 -0.000962342 1594.32
404130 8 0.01 0.35 32.9 -0.283441 -0.222992 0.348448 -0.00408061 -0.0033904 1594.32
404966 8 0.01 0.35 32.9 0.420762 -0.0500964 0.57052 0.0039929 0.000344186 1594.32
410166 8 0.01 0.35 32.9 -0.0808345 -0.416172 0.20426 -0.000858988 -0.00179127 1594.32
410618 8 0.01 0.35 32.9 -0.166335 -0.102017 1.46007 -0.00796591 -0.000617612 1594.32
411385 8 0.01 0.35 32.9 0.252708 -0.342875 0.335315 0.00148974 -0.00380057 1594.32
412125 8 0.01 0.35 32.9 -0.195721 -0.112504 0.334728 -0.00687463 -0.00170112 1594.32
418225 8 0.01 0.35 32.9 -0.229316 -0.144765 0.498566 -0.000984967 -0.00130703 1594.32
419934 8 0.01 0.35 32.9 -0.334624 -0.248123 0.395068 -0.00384241 -0.00430713 1594.32
427377 8 0.01 0.35 32.9 0.388019 -0.400994 0.463837 0.00513548 -0.001648 1594.32
427875 8 0.01 0.35 32.9 0.398411 -0.447317 0.659137 0.00877465 -0.0101863 1594.32
431340 8 0.01 0.35 32.9 0.177093 -0.250571 0.381952 0.00235765 -0.00341642 1594.32
432626 8 0.01 0.35 32.9 0.0681026 -0.0752821 0.592424 0.000383779 -8.38738e-07 1594.32
433072 8 0.01 0.35 32.9 0.197174 0.48409 1.10675 0.00939124 0.0182854 1594.32
433851 8 0.01 0.35 32.9 0.338001 0.110717 0.494425 0.00459127 0.00197298 1594.32
435631 8 0.01 0.35 32.9 0.141893 -0.373158 2.43295 0.00919672 -0.0271212 1594.32
435762 8 0.01 0.35 32.9 -0.0268961 -0.197343 0.496762 -0.00255802 -0.00329249 1594.32
437031 8 0.01 0.35 32.9 -0.195635 0.216716 0.465334 -0.00513662 0.00459344 1594.32
441291 8 0.01 0.35 32.9 0.413987 -0.001534 0.35769 0.00647064 0.00153029 1594.32
441333 8 0.01 0.35 32.9 0.125077 -0.421914 0.0702549 0.000367133 0.00104402 1594.32
441767 8 0.01 0.35 32.9 -0.388918 -0.342229 0.248905 -0.000116302 -0.000920035 1594.32
442590 8 0.01 0.35 32.9 0.0323673 0.495843 0.493055 -0.00193523 0.00699649 1594.32
443354 8 0.01 0.35 32.9 -0.357578 0.175159 0.517738 -0.00515527 0.00127241 1594.32
445682 8 0.01 0.35 32.9 0.0790432 0.222905 1.28072 0.00219398 0.0095557 1594.32
448572 8 0.01 0.35 32.9 -0.330395 -0.217766 0.689407 -0.0100356 -0.00308715 1594.32
449817 8 0.01 0.35 32.9 -0.2975 -0.349077 0.215489 -0.000372623 0.00131934 1594.32
452538 8 0.01 0.35 32.9 -0.492049 -0.424187 0.107834 -0.000268117 0.000431638 1594.32
452641 8 0.01 0.35 32.9 0.176381 -0.428607 0.358464 0.000413502 -0.00390114 1594.32
455939 8 0.01 0.35 32.9 0.262697 -0.301876 0.351319 0.00354635 -0.00378871 1594.32
456551 8 0.01 0.35 32.9 0.26132 -0.163548 0.392472 0.00302323 0.000207329 1594.32
457123 8 0.01 0.35 32.9 -0.0321482 -0.37232 0.355808 0.000743022 -0.0033577 1594.32
461049 8 0.01 0.35 32.9 0.485468 -0.474018 0.415024 0.00613133 -0.00415707 1594.32
461422 8 0.01 0.35 32.9 -0.107216 0.270055 0.490468 -0.000773427 0.00535629 1594.32
465837 8 0.01 0.35 32.9 -0.10166 0.313986 0.492966 0.00134853 0.00785862 1594.32
466715 8 0.01 0.35 32.9 -0.354485 0.350058 0.285092 0.00116076 0.00228924 1594.32
466994 8 0.01 0.35 32.9 0.389068 -0.205326 0.520156 0.00579988 -0.00130929 1594.32
470655 8 0.01 0.35 32.9 0.218353 0.45542 0.15712 0.00223999 0.00338749 1594.32
473529 8 0.01 0.35 32.9 0.138384 0.17416 0.167142 -0.00140317 0.00325013 1594.32
474100 8 0.01 0.35 32.9 0.274278 -0.0660881 0.489226 0.00325739 0.00132792 1594.32
474992 8 0.01 0.35 32.9 0.085557 0.41784 0.280474 -0.000680943 0.00320337 1594.32
477923 8 0.01 0.35 32.9 -0.442127 0.224821 0.343927 -0.0014541 0.00366993 1594.32
479268 8 0.01 0.35 32.9 0.336705 0.080965 0.133644 0.00502825 0.00182524 1594.32
481251 8 0.01 0.35 32.9 -0.462892 0.206904 0.14656 -0.00445525 -0.00531514 1594.32
482357 8 0.01 0.35 32.9 -0.0270167 -0.29415 0.569904 -0.00345327 -0.00287357 1594.32
484862 8 0.01 0.35 32.9 0.17633 0.479624 0.392709 0.00190346 0.005687 1594.32
485360 8 0.01 0.35 32.9 -0.170095 -0.250253 0.641641 -0.00328495 -0.00793165 1594.32
486519 8 0.01 0.35 32.9 -0.479529 0.160866 0.512368 -0.00788406 0.00572421 1594.32
494932 8 0.01 0.35 32.9 -0.472872 -0.137329 0.468902 -0.00747505 -0.000232722 1594.32
499266 8 0.01 0.35 32.9 -0.127154 0.402553 0.277628 -0.00149279 0.00199287 1594.32
499867 8 0.01 0.35 32.9 -0.0862161 -0.0318347 0.235548 -0.000780696 0.00316505 1594.32
