2084 8 0.01 0.35 32.9 0.324707 -0.233859 0.775952 0.007085 -0.0047129 1594.32
2771 8 0.01 0.35 32.9 -0.007701 0.351636 1.05195 0.000719779 0.010911 1594.32
3790 8 0.01 0.35 32.9 -0.121165 0.146751 0.147267 0.000894754 0.000346445 1594.32
4094 8 0.01 0.35 32.9 -0.0329337 -0.321118 0.167239 -0.000391005 -0.00227712 1594.32
5280 8 0.01 0.35 32.9 0.131526 0.15526 0.272606 -0.000418167 0.00242483 1594.32
5574 8 0.01 0.35 32.9 -0.0946268 -0.321411 0.777744 -0.00274883 -0.0067932 1594.32
5620 8 0.01 0.35 32.9 -0.305088 0.203231 3.84157 -0.0339832 0.022415 1594.32
7480 8 0.01 0.35 32.9 0.499973 0.471025 0.415983 0.00766959 0.00556814 1594.32
8695 8 0.01 0.35 32.9 -0.211713 0.325874 0.264499 -0.00490507 0.00200381 1594.32
8836 8 0.01 0.35 32.9 -0.409973 -0.111369 0.300869 -0.00513747 -0.00295454 1594.32
8989 8 0.01 0.35 32.9 0.476915 -0.107657 0.157434 0.00130807 -0.00597478 1594.32
9584 8 0.01 0.35 32.9 -0.198304 -0.430524 0.433871 -0.00206618 -0.00665216 1594.32
12066 8 0.01 0.35 32.9 0.165677 0.194589 0.543614 0.0022015 0.00391544 1594.32
12091 8 0.01 0.35 32.9 -0.244519 -0.495816 0.35518 -0.00156892 -0.00667463 1594.32
12484 8 0.01 0.35 32.9 0.0188521 -0.216906 0.352207 -0.000529246 -0.00265653 1594.32
14136 8 0.01 0.35 32.9 -0.286552 -0.151002 0.483612 -0.00381696 -0.00238684 1594.32
14317 8 0.01 0.35 32.9 -0.411062 0.266583 0.493297 -0.0076225 0.00635787 1594.32
15555 8 0.01 0.35 32.9 -0.252039 0.190791 3.73531 -0.0290843 0.0225199 1594.32
16479 8 0.01 0.35 32.9 0.204096 -0.326476 0.198311 -0.000533627 -0.00187199 1594.32
16807 8 0.01 0.35 32.9 0.300286 0.386497 0.0552166 0.00949701 0.00526116 1594.32
17864 8 0.01 0.35 32.9 -0.107828 -0.318508 0.28667 0.00194615 -0.00353806 1594.32
17893 8 0.01 0.35 32.9 0.191138 -0.138691 0.817165 0.00306384 -0.00154266 1594.32
18659 8 0.01 0.35 32.9 -0.247947 0.328532 0.330848 -0.00358539 0.00697202 1594.32
20016 8 0.01 0.35 32.9 0.112613 0.475578 0.123654 -0.00138867 -0.00165627 1594.32
20894 8 0.01 0.35 32.9 0.127116 -0.0841326 0.250258 -0.00183701 -0.00184226 1594.32
21410 8 0.01 0.35 32.9 -0.136451 0.452464 0.365659 -0.00428223 0.00606732 1594.32
22127 8 0.01 0.35 32.9 0.289857 0.250898 1.10513 0.0112919 0.00886824 1594.32
22981 8 0.01 0.35 32.9 -0.473908 -0.22479 0.357893 -0.00122345 -0.00269574 1594.32
23434 8 0.01 0.35 32.9 -0.0491513 -0.412153 0.37021 -0.000860436 -0.00217562 1594.32
23519 8 0.01 0.35 32.9 0.411868 0.41699 0.402023 0.0058225 0.00470386 1594.32
24368 8 0.01 0.35 32.9 -0.480158 -0.402799 0.307594 -0.00436543 -0.00206554 1594.32
24501 8 0.01 0.35 32.9 0.0180771 -0.412178 0.51352 0.000582043 -0.00539807 1594.32
25369 8 0.01 0.35 32.9 -0.0882222 -0.431745 0.355459 0.000362781 -0.00529183 1594.32
26138 8 0.01 0.35 32.9 -0.413798 -0.39201 0.259724 -0.00309206 -0.00129929 1594.32
27693 8 0.01 0.35 32.9 0.143167 0.409377 0.237442 0.00312121 -2.96495e-05 1594.32
27722 8 0.01 0.35 32.9 -0.169367 0.319585 0.467873 -0.00139287 0.00126225 1594.32
29082 8 0.01 0.35 32.9 -0.258252 -0.496417 0.116 -0.000237479 0.00101145 1594.32
29886 8 0.01 0.35 32.9 0.339721 -0.423208 0.273647 0.00247677 -0.00552118 1594.32
33266 8 0.01 0.35 32.9 -0.0384681 -0.121059 0.49665 -0.00107759 -0.00447526 1594.32
33706 8 0.01 0.35 32.9 0.100728 0.105837 1.72269 0.00575332 0.00549981 1594.32
33713 8 0.01 0.35 32.9 -0.127273 -0.0783053 1.00263 -0.00641275 -0.00250427 1594.32
35445 8 0.01 0.35 32.9 0.195544 0.281293 0.259096 -0.00171519 0.00188141 1594.32
35898 8 0.01 0.35 32.9 0.395619 0.443026 0.208769 -0.000575843 0.00406102 1594.32
38508 8 0.01 0.35 32.9 -0.358537 0.490577 0.45227 -0.00298954 0.00618307 1594.32
39113 8 0.01 0.35 32.9 0.379892 0.127949 0.278766 0.00251048 0.00479437 1594.32
41947 8 0.01 0.35 32.9 -0.178586 0.333233 0.791227 -0.00422626 0.00817679 1594.32
42962 8 0.01 0.35 32.9 0.259963 0.446849 0.551417 0.00273402 0.00833214 1594.32
44906 8 0.01 0.35 32.9 0.139247 0.23435 0.429793 0.00198602 0.00112819 1594.32
45958 8 0.01 0.35 32.9 -0.465224 -0.209961 0.267014 -0.00284523 -0.00161393 1594.32
46487 8 0.01 0.35 32.9 -0.146015 -0.215646 0.500147 -0.000732655 -0.0070968 1594.32
47125 8 0.01 0.35 32.9 0.39285 -0.432814 0.806962 0.0099064 -0.0121953 1594.32
47333 8 0.01 0.35 32.9 -0.414946 0.460537 0.71956 -0.00914528 0.00682042 1594.32
48258 8 0.01 0.35 32.9 -0.232759 -0.35418 0.26338 -0.00272468 -0.00325931 1594.32
48383 8 0.01 0.35 32.9 -0.247475 -0.304865 0.665187 -0.00570685 -0.00541642 1594.32
49881 8 0.01 0.35 32.9 -0.157502 -0.0965752 0.769658 -0.0037851 -0.00169896 1594.32
50020 8 0.01 0.35 32.9 -0.271352 -0.193272 0.309594 -0.000101131 -0.00495271 1594.32
51339 8 0.01 0.35 32.9 -0.279873 0.448812 0.381669 -0.00547467 0.00397352 1594.32
51946 8 0.01 0.35 32.9 0.385799 0.340813 0.492012 0.00415484 0.0076621 1594.32
53699 8 0.01 0.35 32.9 0.303123 -0.130364 0.517703 0.00680442 -0.00347377 1594.32
54761 8 0.01 0.35 32.9 0.0103243 0.140713 0.606933 0.000454756 0.00316108 1594.32
56089 8 0.01 0.35 32.9 0.38064 0.203787 0.23313 0.00345173 -0.00125826 1594.32
56569 8 0.01 0.35 32.9 -0.0454129 -0.471491 0.725883 -0.0036731 -0.0102627 1594.32
57087 8 0.01 0.35 32.9 -0.213034 0.242863 0.601299 -0.00389866 0.00496505 1594.32
57979 8 0.01 0.35 32.9 -0.164624 -0.338649 0.688716 -0.00441129 -0.0089366 1594.32
60020 8 0.01 0.35 32.9 -0.366574 -0.146462 0.535383 -0.00677699 0.00152097 1594.32
61076 8 0.01 0.35 32.9 0.304539 -0.19803 0.411253 0.00209432 -0.00138458 1594.32
61679 8 0.01 0.35 32.9 -0.276434 0.300502 0.302147 -0.00312998 0.00189054 1594.32
62475 8 0.01 0.35 32.9 -0.460777 0.494379 0.608416 -0.00706958 0.011211 1594.32
62728 8 0.01 0.35 32.9 0.064081 -0.441759 0.399166 -0.00104829 -0.00495543 1594.32
65153 8 0.01 0.35 32.9 -0.278153 -0.0453971 1.37477 -0.0101481 -0.00357109 1594.32
65868 8 0.01 0.35 32.9 0.105257 0.0436915 0.26207 0.0017233 -0.00104909 1594.32
66310 8 0.01 0.35 32.9 -0.368107 -0.224514 0.705833 -0.00852722 -0.00531347 1594.32
67762 8 0.01 0.35 32.9 -0.0494107 0.155711 0.416532 -0.00135959 0.00470377 1594.32
68320 8 0.01 0.35 32.9 -0.181169 0.0858136 0.0453112 -0.000598598 -0.00382401 1594.32
69305 8 0.01 0.35 32.9 -0.360408 -0.393364 0.528075 -0.00345027 -0.00587682 1594.32
69824 8 0.01 0.35 32.9 -0.243661 0.330039 0.401894 -0.000747162 0.00635723 1594.32
71334 8 0.01 0.35 32.9 0.0632476 -0.359466 0.861412 0.00100483 -0.00673655 1594.32
71799 8 0.01 0.35 32.9 0.128714 -0.11615 0.638501 0.00409111 -0.00461071 1594.32
72229 8 0.01 0.35 32.9 0.0301533 0.314994 0.492756 0.000888243 0.00279813 1594.32
72392 8 0.01 0.35 32.9 -0.0026701 -0.494191 0.691559 0.00303476 -0.0126701 1594.32
74416 8 0.01 0.35 32.9 -0.0607254 0.357231 0.708789 -0.000723609 0.00908779 1594.32
74805 8 0.01 0.35 32.9 -0.405186 -0.485511 0.709547 -0.00800352 -0.0091156 1594.32
75820 8 0.01 0.35 32.9 0.207211 -0.207928 0.482982 0.00420929 -0.000658941 1594.32
76235 8 0.01 0.35 32.9 0.0293366 -0.271599 0.209962 -0.000574799 -0.00466811 1594.32
76519 8 0.01 0.35 32.9 0.233661 0.109545 0.292691 0.00221515 0.00240655 1594.32
76676 8 0.01 0.35 32.9 -0.270929 0.385541 0.440331 -0.00676296 0.00537755 1594.32
76739 8 0.01 0.35 32.9 -0.126384 0.294615 0.715285 -0.00329267 0.00440529 1594.32
79752 8 0.01 0.35 32.9 0.3025 0.312403 0.400644 0.00344034 0.00155692 1594.32
80497 8 0.01 0.35 32.9 -0.357219 0.274307 0.30431 -0.00194049 0.00101362 1594.32
81359 8 0.01 0.35 32.9 -0.207809 -0.0967404 1.07134 -0.00941004 -0.00325804 1594.32
81758 8 0.01 0.35 32.9 -0.077011 -0.337714 0.943063 -0.00181891 -0.0102277 1594.32
81989 8 0.01 0.35 32.9 -0.208636 0.339729 0.33969 -0.000555523 0.00360056 1594.32
81998 8 0.01 0.35 32.9 -0.476347 0.482002 0.638512 -0.00906275 0.00981977 1594.32
84210 8 0.01 0.35 32.9 -0.353677 -0.30972 0.192508 -0.00254113 -0.0070361 1594.32
86014 8 0.01 0.35 32.9 -0.279014 -0.283763 0.144465 -0.00232889 -0.00528242 1594.32
86306 8 0.01 0.35 32.9 0.0823588 0.189614 0.518683 -7.88828e-05 0.0027223 1594.32
86821 8 0.01 0.35 32.9 0.310104 -0.0813612 0.35869 0.00879042 0.000420096 1594.32
88833 8 0.01 0.35 32.9 0.240541 -0.295895 0.19761 -0.00239359 -0.000640854 1594.32
90815 8 0.01 0.35 32.9 0.308437 -0.454683 0.512085 0.00543421 -0.00412143 1594.32
91393 8 0.01 0.35 32.9 -0.421872 0.241062 0.786322 -0.00943916 0.00695386 1594.32
92621 8 0.01 0.35 32.9 -0.267807 -0.358622 0.541 -0.0054934 -0.0070899 1594.32
93410 8 0.01 0.35 32.9 0.252498 0.300915 0.836109 0.00519005 0.0085061 1594.32
94034 8 0.01 0.35 32.9 -0.0236142 -0.171082 0.439218 -0.00473481 -0.00358976 1594.32
95808 8 0.01 0.35 32.9 0.476055 0.185502 0.237363 0.0059757 0.000950916 1594.32
96123 8 0.01 0.35 32.9 -0.102129 0.0414386 0.235148 0.000803465 -0.0050105 1594.32
96614 8 0.01 0.35 32.9 0.433116 -0.45906 0.488711 0.00745832 -0.00756872 1594.32
98827 8 0.01 0.35 32.9 0.263168 -0.363602 0.426929 0.00501271 -0.00398777 1594.32
98871 8 0.01 0.35 32.9 -0.439282 -0.0137319 0.197614 -0.00267567 -0.00272658 1594.32
98976 8 0.01 0.35 32.9 -0.326099 0.125424 0.326374 -0.00317573 0.00357659 1594.32
101099 8 0.01 0.35 32.9 0.18246 0.12173 0.177083 0.00226046 -0.00225503 1594.32
101651 8 0.01 0.35 32.9 -0.155756 -0.018957 0.298261 0.000919516 4.37673e-05 1594.32
101871 8 0.01 0.35 32.9 -0.135886 0.00444765 0.540745 -0.00318541 0.000278599 1594.32
103124 8 0.01 0.35 32.9 -0.143758 -0.370671 1.11096 -0.00553589 -0.0127273 1594.32
103163 8 0.01 0.35 32.9 0.386669 0.0351787 0.710632 0.00918503 0.000154454 1594.32
103369 8 0.01 0.35 32.9 0.413163 0.388866 0.356071 0.00706878 0.00306412 1594.32
104245 8 0.01 0.35 32.9 0.0315658 -0.17726 1.33277 0.00147555 -0.00778848 1594.32
104583 8 0.01 0.35 32.9 0.193021 0.165594 0.897779 0.00574361 0.00514986 1594.32
105244 8 0.01 0.35 32.9 -0.14943 0.328528 0.246139 0.000422932 0.00273574 1594.32
105805 8 0.01 0.35 32.9 -0.381656 0.379966 0.333433 -0.00302489 0.00221352 1594.32
105960 8 0.01 0.35 32.9 -0.279416 -0.248612 0.201301 -0.000269326 -0.00232162 1594.32
105986 8 0.01 0.35 32.9 -0.2108 -0.211786 0.475276 -0.00426163 -0.00211907 1594.32
107351 8 0.01 0.35 32.9 -0.222025 -0.346228 0.714614 -0.00547107 -0.00624057 1594.32
108472 8 0.01 0.35 32.9 -0.213633 -0.302403 0.227921 -0.00211376 -0.00427148 1594.32
110479 8 0.01 0.35 32.9 0.075728 -0.100276 0.39656 -0.00172165 -0.00214227 1594.32
110514 8 0.01 0.35 32.9 0.0171463 -0.197745 1.07296 0.00175996 -0.00439058 1594.32
111077 8 0.01 0.35 32.9 0.440833 -0.0514179 2.8086 0.0375341 -0.00411853 1594.32
112640 8 0.01 0.35 32.9 0.341343 0.123358 0.29076 0.00461782 0.00342169 1594.32
112760 8 0.01 0.35 32.9 -0.0178357 0.49093 1.85284 -0.000346145 0.0261459 1594.32
112945 8 0.01 0.35 32.9 0.286236 0.41585 0.169557 0.000906348 -0.00204272 1594.32
113071 8 0.01 0.35 32.9 0.252891 0.465101 0.355301 0.00249891 0.00461854 1594.32
113784 8 0.01 0.35 32.9 -0.314043 -0.403573 0.661229 -0.00721502 -0.00969537 1594.32
115818 8 0.01 0.35 32.9 -0.0746746 -0.0844 0.435819 0.000330177 -0.00546499 1594.32
116797 8 0.01 0.35 32.9 0.372751 0.193327 0.6474 0.00798758 0.00552384 1594.32
118413 8 0.01 0.35 32.9 -0.320506 0.318144 0.730247 -0.00728205 0.0056032 1594.32
118628 8 0.01 0.35 32.9 -0.326747 -0.0153148 1.49245 -0.0157838 -0.00240772 1594.32
118958 8 0.01 0.35 32.9 -0.0525736 -0.246559 0.735356 -0.00303039 -0.00443494 1594.32
119186 8 0.01 0.35 32.9 -0.467478 -0.185407 0.354283 -0.00609395 -0.00185079 1594.32
120676 8 0.01 0.35 32.9 0.287628 0.235592 0.397569 0.0051303 0.00486032 1594.32
120709 8 0.01 0.35 32.9 -0.0927529 0.214532 0.13302 0.00119045 -0.00262171 1594.32
120847 8 0.01 0.35 32.9 0.399677 0.118257 0.439901 0.00439865 0.00098437 1594.32
120860 8 0.01 0.35 32.9 -0.475008 -0.136683 0.957136 -0.0141789 -0.00431815 1594.32
122848 8 0.01 0.35 32.9 0.181823 0.179957 0.639333 0.00449494 0.00338437 1594.32
123434 8 0.01 0.35 32.9 -0.231418 0.485713 0.212263 0.000665585 0.00115488 1594.32
125678 8 0.01 0.35 32.9 -0.328298 0.0274593 0.31552 -0.00296872 0.000424865 1594.32
126682 8 0.01 0.35 32.9 0.467065 -0.410387 1.4035 0.0169878 -0.0174436 1594.32
133919 8 0.01 0.35 32.9 0.348606 0.208416 0.168176 -0.000278542 0.0015705 1594.32
134812 8 0.01 0.35 32.9 -0.118496 0.346821 0.22041 -0.00295349 0.00296085 1594.32
135011 8 0.01 0.35 32.9 0.0303876 0.436615 1.16411 0.000708071 0.0147556 1594.32
135377 8 0.01 0.35 32.9 0.399656 -0.446138 0.191336 -0.000417134 -0.00378891 1594.32
137335 8 0.01 0.35 32.9 0.370709 0.389349 0.539113 0.00661191 0.0053832 1594.32
138826 8 0.01 0.35 32.9 -0.356014 0.0493887 0.923712 -0.0126081 0.00380079 1594.32
138880 8 0.01 0.35 32.9 0.386948 0.372677 0.843663 0.01052 0.00946266 1594.32
138956 8 0.01 0.35 32.9 0.426629 -0.118169 1.56164 0.0179331 -0.0056995 1594.32
140384 8 0.01 0.35 32.9 -0.373299 -0.335293 0.203174 -0.0019677 -0.00372182 1594.32
142815 8 0.01 0.35 32.9 0.475331 -0.0403777 0.530851 0.00735062 -0.00259506 1594.32
143599 8 0.01 0.35 32.9 0.408916 -0.110106 0.759386 0.00917855 -0.00403456 1594.32
143998 8 0.01 0.35 32.9 -0.0352815 -0.065226 0.435308 -0.00194876 0.0018784 1594.32
144772 8 0.01 0.35 32.9 -0.354898 -0.0993928 0.671161 -0.0064303 -0.00171664 1594.32
145404 8 0.01 0.35 32.9 -0.0263945 -0.349034 0.706667 -0.00178668 -0.00832807 1594.32
146153 8 0.01 0.35 32.9 0.27515 -0.461364 0.588402 0.00610002 -0.0094214 1594.32
146921 8 0.01 0.35 32.9 -0.0859032 -0.468666 1.63625 -0.00427094 -0.0255507 1594.32
151429 8 0.01 0.35 32.9 0.49272 -0.220774 0.192405 -0.000465798 -0.00267844 1594.32
151492 8 0.01 0.35 32.9 -0.322304 -0.0223697 0.309428 -0.00210969 -0.000796638 1594.32
152547 8 0.01 0.35 32.9 0.308314 -0.450051 0.1291 0.00442103 -0.00153005 1594.32
154086 8 0.01 0.35 32.9 -0.0990676 0.0690231 0.359821 -0.00400177 0.0038038 1594.32
154168 8 0.01 0.35 32.9 -0.243265 0.475235 1.18096 -0.0105613 0.0167123 1594.32
154290 8 0.01 0.35 32.9 -0.452917 -0.218405 0.337648 -0.00525169 -0.00145242 1594.32
154306 8 0.01 0.35 32.9 -0.203151 0.0680835 0.202966 -0.00393938 0.000327809 1594.32
155064 8 0.01 0.35 32.9 -0.18409 0.121538 0.328792 -0.000208343 0.00108671 1594.32
156921 8 0.01 0.35 32.9 0.28647 0.199194 0.342191 0.00392627 0.00207099 1594.32
158416 8 0.01 0.35 32.9 -0.203341 0.0860114 0.255648 -0.00141293 -0.00142432 1594.32
159601 8 0.01 0.35 32.9 -0.412987 -0.0337777 0.800845 -0.00838687 -0.00187276 1594.32
159821 8 0.01 0.35 32.9 -0.425969 -0.427812 0.315504 -0.00574678 -0.00449819 1594.32
159895 8 0.01 0.35 32.9 0.349279 0.336569 0.288488 0.00353483 -9.82677e-05 1594.32
160840 8 0.01 0.35 32.9 -0.37056 0.294901 0.579829 -0.00649944 0.00415126 1594.32
161593 8 0.01 0.35 32.9 0.128975 0.178554 0.632379 0.00477464 0.00219776 1594.32
162646 8 0.01 0.35 32.9 -0.242857 0.463591 0.254324 -0.00186328 0.000494268 1594.32
164155 8 0.01 0.35 32.9 -0.231708 -0.163795 0.191384 -0.00508732 0.00103304 1594.32
164445 8 0.01 0.35 32.9 0.422954 0.219616 0.145785 0.00173942 0.00606345 1594.32
165890 8 0.01 0.35 32.9 -0.165564 0.455446 0.29652 -0.00364398 0.0049836 1594.32
165975 8 0.01 0.35 32.9 -0.452119 -0.0830205 1.88352 -0.0247983 -0.00412807 1594.32
167370 8 0.01 0.35 32.9 0.475577 0.34419 0.216544 0.000916405 0.00457908 1594.32
168174 8 0.01 0.35 32.9 0.173752 -0.0706026 0.412588 0.00407245 -0.00141916 1594.32
168311 8 0.01 0.35 32.9 0.282386 0.219226 0.370119 0.0037303 -0.000216339 1594.32
171465 8 0.01 0.35 32.9 -0.497182 0.0166779 0.372505 -0.00427321 -0.0032748 1594.32
171586 8 0.01 0.35 32.9 -0.404685 -0.469825 0.703101 -0.00596203 -0.0113161 1594.32
172547 8 0.01 0.35 32.9 0.176381 -0.0792564 0.756128 0.00251745 -0.00352554 1594.32
172707 8 0.01 0.35 32.9 -0.028653 -0.0241397 0.148445 0.00363835 0.000909557 1594.32
172892 8 0.01 0.35 32.9 0.00504136 -0.379195 0.0873985 -0.00704021 0.0028128 1594.32
173808 8 0.01 0.35 32.9 0.158233 0.274479 1.28127 0.00510537 0.0133335 1594.32
173896 8 0.01 0.35 32.9 -0.34828 0.176237 0.315968 -0.00297346 0.000732931 1594.32
174199 8 0.01 0.35 32.9 -0.164807 0.205788 0.102854 0.00381129 -0.000472352 1594.32
175930 8 0.01 0.35 32.9 0.266592 -0.122203 1.31059 0.00915408 -0.00420059 1594.32
176348 8 0.01 0.35 32.9 -0.163339 0.0782373 0.216423 -0.00513212 -0.000980731 1594.32
177449 8 0.01 0.35 32.9 0.135596 -0.208504 0.543762 0.0018169 -0.00409598 1594.32
178636 8 0.01 0.35 32.9 0.389775 -0.00474276 0.332861 0.00475828 -0.000797133 1594.32
178638 8 0.01 0.35 32.9 0.169062 0.227951 0.18508 0.00452504 0.00558823 1594.32
178672 8 0.01 0.35 32.9 -0.489621 -0.0633035 0.263894 -0.00403262 0.00443055 1594.32
179181 8 0.01 0.35 32.9 -0.127507 -0.120208 0.354258 -0.00421367 0.00169771 1594.32
181883 8 0.01 0.35 32.9 0.128049 0.299356 0.26841 0.00211013 0.00236861 1594.32
182291 8 0.01 0.35 32.9 -0.183133 -0.226655 0.86491 -0.00523505 -0.00516557 1594.32
183775 8 0.01 0.35 32.9 0.306054 -0.237751 0.835391 0.0088538 -0.00599555 1594.32
184468 8 0.01 0.35 32.9 0.227091 0.17274 0.546686 0.00263715 0.00246019 1594.32
185967 8 0.01 0.35 32.9 -0.471969 -0.466857 0.126456 0.00199829 -0.0015165 1594.32
186994 8 0.01 0.35 32.9 0.104732 -0.291245 0.850374 0.00122589 -0.00860975 1594.32
187133 8 0.01 0.35 32.9 0.197036 0.142839 0.735364 0.00495568 0.00513022 1594.32
188806 8 0.01 0.35 32.9 -0.440065 -0.296205 0.0868211 0.000899113 -0.00868188 1594.32
191655 8 0.01 0.35 32.9 -0.220695 -0.313304 0.381415 -0.00117798 -0.00277322 1594.32
191997 8 0.01 0.35 32.9 -0.340212 -0.443393 0.228427 -0.00172516 -0.00279523 1594.32
193776 8 0.01 0.35 32.9 -0.39518 0.249066 0.239982 -0.00576381 0.00823196 1594.32
194712 8 0.01 0.35 32.9 -0.127464 -0.0774326 0.805345 -0.00169041 0.000367789 1594.32
194812 8 0.01 0.35 32.9 0.296657 0.367384 0.189682 0.00211162 0.000736695 1594.32
196510 8 0.01 0.35 32.9 0.395927 -0.173749 1.24188 0.0172084 -0.00832968 1594.32
197701 8 0.01 0.35 32.9 -0.101861 -0.206121 0.168992 -0.00196116 0.00189963 1594.32
197748 8 0.01 0.35 32.9 0.352399 -0.280423 0.402373 0.00410689 -0.00537987 1594.32
198366 8 0.01 0.35 32.9 0.207405 -0.213546 0.898949 0.00738258 -0.00591848 1594.32
199869 8 0.01 0.35 32.9 -0.0115637 0.204565 0.536417 3.35324e-05 0.00254519 1594.32
199879 8 0.01 0.35 32.9 0.127866 0.121127 0.0913321 8.31086e-05 -0.000216958 1594.32
200083 8 0.01 0.35 32.9 0.173837 -0.468705 0.535233 0.00189572 -0.00981811 1594.32
201487 8 0.01 0.35 32.9 0.045275 0.215312 1.02788 0.00205494 0.00543307 1594.32
201862 8 0.01 0.35 32.9 -0.441165 -0.16865 1.63011 -0.0228078 -0.00865409 1594.32
203570 8 0.01 0.35 32.9 0.199596 -0.477341 0.875602 0.00677842 -0.0127698 1594.32
203762 8 0.01 0.35 32.9 0.169062 -0.278965 0.42202 0.000206027 -0.0067716 1594.32
205105 8 0.01 0.35 32.9 0.435693 -0.399434 0.173924 0.00536581 -0.00121747 1594.32
205108 8 0.01 0.35 32.9 -0.480428 0.343705 0.181016 -0.00289316 0.00338461 1594.32
205865 8 0.01 0.35 32.9 0.0194066 0.0761055 0.229512 0.00220226 0.00451622 1594.32
206542 8 0.01 0.35 32.9 0.164696 -0.0078986 0.287857 0.00151249 0.000624048 1594.32
206823 8 0.01 0.35 32.9 0.0293409 0.406736 1.0033 0.00070042 0.0104128 1594.32
207098 8 0.01 0.35 32.9 0.177899 0.143312 0.443223 0.00635893 0.000962216 1594.32
207569 8 0.01 0.35 32.9 0.368531 -0.332904 0.347085 0.00309238 -0.00785475 1594.32
208446 8 0.01 0.35 32.9 -0.0783061 -0.269794 0.557318 -0.00212001 -0.0080718 1594.32
209570 8 0.01 0.35 32.9 -0.276067 0.0736273 0.118183 0.00013654 -0.00160035 1594.32
209733 8 0.01 0.35 32.9 0.0653079 -0.134635 0.428077 0.00345456 -0.000769199 1594.32
210753 8 0.01 0.35 32.9 -0.411418 0.0529377 0.368119 -0.00627722 0.00108338 1594.32
211031 8 0.01 0.35 32.9 -0.338158 -0.240818 0.453633 -0.00652893 -0.00391311 1594.32
211968 8 0.01 0.35 32.9 0.40537 -0.2599 1.39817 0.0183973 -0.0106317 1594.32
212728 8 0.01 0.35 32.9 0.289557 0.476656 0.403987 0.00225753 0.00743045 1594.32
214626 8 0.01 0.35 32.9 0.420586 0.443716 0.115145 0.00113306 -0.00535625 1594.32
215450 8 0.01 0.35 32.9 -0.0218199 -0.309447 0.574598 0.000617215 -0.0071727 1594.32
216962 8 0.01 0.35 32.9 0.121414 -0.378679 0.820476 0.00114045 -0.00917836 1594.32
217014 8 0.01 0.35 32.9 0.407241 -0.367515 0.543836 0.00456749 -0.00619384 1594.32
217024 8 0.01 0.35 32.9 0.0658567 -0.276895 0.140946 -0.00595844 -0.0060296 1594.32
217532 8 0.01 0.35 32.9 0.475461 0.417683 0.181088 0.00349033 0.00253554 1594.32
217664 8 0.01 0.35 32.9 0.049949 -0.218392 0.246729 0.00236613 -0.00413082 1594.32
218107 8 0.01 0.35 32.9 -0.390582 0.232751 0.330408 -0.00211714 0.00134576 1594.32
218990 8 0.01 0.35 32.9 0.142799 -0.261718 0.112453 0.00699416 -0.00376497 1594.32
219022 8 0.01 0.35 32.9 -0.393198 -0.449876 0.328404 -0.00216915 -0.0034022 1594.32
219433 8 0.01 0.35 32.9 -0.303845 -0.379492 0.246132 -0.00334893 -0.00481554 1594.32
220401 8 0.01 0.35 32.9 0.407325 0.419394 0.239147 0.00713541 0.00397485 1594.32
220793 8 0.01 0.35 32.9 -0.0273135 0.213157 0.332526 -0.00133328 0.000146551 1594.32
220881 8 0.01 0.35 32.9 -0.352532 -0.469814 0.267737 0.000645958 -0.000340554 1594.32
223841 8 0.01 0.35 32.9 -0.370061 -0.46585 0.300606 -0.0047339 -0.00134952 1594.32
223978 8 0.01 0.35 32.9 -0.410599 0.331267 0.371953 -0.00566732 0.00279242 1594.32
224450 8 0.01 0.35 32.9 0.148176 0.255159 0.338402 0.00375673 0.00223821 1594.32
226957 8 0.01 0.35 32.9 0.274244 -0.219605 0.0958329 -0.00169582 0.0062406 1594.32
229020 8 0.01 0.35 32.9 0.205282 0.199469 0.784323 0.00555192 0.00286259 1594.32
229359 8 0.01 0.35 32.9 -0.393248 -0.00505681 0.308243 -0.00531178 0.00181324 1594.32
230899 8 0.01 0.35 32.9 -0.496085 -0.0806923 2.25276 -0.0337988 -0.00485381 1594.32
231833 8 0.01 0.35 32.9 0.292243 -0.317825 1.26524 0.0108863 -0.0139582 1594.32
234083 8 0.01 0.35 32.9 0.416767 -0.261597 0.20691 0.000619723 -0.00540611 1594.32
235443 8 0.01 0.35 32.9 0.176519 0.210248 0.381321 0.00315903 0.00348935 1594.32
237502 8 0.01 0.35 32.9 0.219341 0.382294 0.247313 0.00140968 0.00283281 1594.32
238227 8 0.01 0.35 32.9 0.261673 -0.0924321 0.193845 0.00122438 -0.0010799 1594.32
238411 8 0.01 0.35 32.9 0.181206 0.310855 0.799739 0.0012598 0.00766402 1594.32
239623 8 0.01 0.35 32.9 0.18966 -0.138952 0.240903 0.00163342 0.00103275 1594.32
240745 8 0.01 0.35 32.9 0.390373 -0.49418 0.696714 0.0118644 -0.00968545 1594.32
241129 8 0.01 0.35 32.9 0.282555 0.130671 0.322761 0.00113985 0.00172606 1594.32
241681 8 0.01 0.35 32.9 0.332015 -0.121279 0.320824 0.00329574 -0.00424403 1594.32
243218 8 0.01 0.35 32.9 0.086523 -0.379008 0.267994 0.002754 -0.00275905 1594.32
243785 8 0.01 0.35 32.9 0.0246094 0.380565 0.311893 0.00203735 0.00506657 1594.32
244465 8 0.01 0.35 32.9 -0.292178 -0.296265 0.268555 -0.00135197 -0.00153889 1594.32
244581 8 0.01 0.35 32.9 -0.380391 0.348975 0.427743 -0.00481911 0.00724521 1594.32
244991 8 0.01 0.35 32.9 0.358499 -0.422522 1.72531 0.01852 -0.0202473 1594.32
245528 8 0.01 0.35 32.9 -0.212304 0.0372995 0.372379 -0.00478674 0.000648273 1594.32
245983 8 0.01 0.35 32.9 0.222942 0.19578 0.760353 0.00339263 0.00481892 1594.32
246350 8 0.01 0.35 32.9 0.120855 -0.058772 0.278134 -0.00216147 0.000450563 1594.32
247788 8 0.01 0.35 32.9 0.405155 0.390672 0.348574 0.00608817 0.00288873 1594.32
248329 8 0.01 0.35 32.9 -0.145908 0.224153 0.123266 0.00331919 -0.00417606 1594.32
248931 8 0.01 0.35 32.9 0.106192 -0.457019 0.453328 0.00156483 -0.00636174 1594.32
249273 8 0.01 0.35 32.9 -0.462637 -0.0067982 0.533054 -0.00672001 -0.000415957 1594.32
249296 8 0.01 0.35 32.9 -0.334664 -0.404973 0.228533 -6.53533e-05 -0.00639292 1594.32
249878 8 0.01 0.35 32.9 0.0284207 -0.461831 2.11657 0.00363871 -0.028012 1594.32
249938 8 0.01 0.35 32.9 -0.296649 -0.140587 0.762235 -0.00954509 -0.00392384 1594.32
252363 8 0.01 0.35 32.9 -0.194393 0.391192 0.377737 -0.000636797 0.00484426 1594.32
252540 8 0.01 0.35 32.9 0.0505024 0.443576 0.811612 0.00162557 0.0091983 1594.32
252783 8 0.01 0.35 32.9 0.213734 -0.142594 0.357247 0.0037233 -0.00103263 1594.32
253583 8 0.01 0.35 32.9 -0.485188 -0.0377298 0.756707 -0.0113599 0.00182839 1594.32
253585 8 0.01 0.35 32.9 0.00606493 -0.180858 0.548878 0.00046778 -0.00220364 1594.32
254139 8 0.01 0.35 32.9 0.313496 0.0178823 1.15869 0.0121293 -0.00023183 1594.32
254318 8 0.01 0.35 32.9 -0.435567 0.316558 0.656393 -0.00837064 0.00609875 1594.32
254460 8 0.01 0.35 32.9 0.0978003 -0.486499 0.262263 -0.00100175 -0.00168295 1594.32
255545 8 0.01 0.35 32.9 0.358109 -0.0240962 0.569747 0.0065735 0.000685488 1594.32
256783 8 0.01 0.35 32.9 -0.2998 0.0783658 0.729688 -0.00690767 0.00383585 1594.32
258059 8 0.01 0.35 32.9 0.138874 0.0742399 0.425703 0.00336731 0.00169295 1594.32
259029 8 0.01 0.35 32.9 0.179179 -0.20244 1.20075 0.00754066 -0.00923811 1594.32
259538 8 0.01 0.35 32.9 -0.0826491 -0.385376 0.415599 -0.000967804 -0.00343108 1594.32
259620 8 0.01 0.35 32.9 0.401424 -0.021705 0.382514 0.00497597 -0.00427447 1594.32
259948 8 0.01 0.35 32.9 0.37545 0.289319 0.711299 0.00865179 0.00651178 1594.32
262415 8 0.01 0.35 32.9 0.00883271 -0.121586 0.282403 0.000783178 0.00133542 1594.32
263193 8 0.01 0.35 32.9 0.169346 -0.232105 0.644394 0.00559122 -0.00396883 1594.32
264106 8 0.01 0.35 32.9 -0.206336 0.166749 0.282551 -0.00105381 0.00270888 1594.32
264307 8 0.01 0.35 32.9 -0.202833 0.38262 0.209826 0.000764413 0.004336 1594.32
265339 8 0.01 0.35 32.9 0.249753 0.16244 2.1322 0.0189205 0.0115273 1594.32
265441 8 0.01 0.35 32.9 -0.192306 -0.122692 0.298186 -0.00137515 0.00137896 1594.32
265847 8 0.01 0.35 32.9 0.208325 0.159036 0.482254 0.0039723 0.000318916 1594.32
266212 8 0.01 0.35 32.9 0.0714958 0.482174 0.702851 0.00107746 0.0103747 1594.32
267007 8 0.01 0.35 32.9 0.124046 0.161127 0.432742 0.00221077 0.00187424 1594.32
269709 8 0.01 0.35 32.9 0.166131 -0.379766 0.16298 -0.000842173 -0.000580658 1594.32
269769 8 0.01 0.35 32.9 0.0396246 0.497189 0.317087 0.00256707 0.00762535 1594.32
270833 8 0.01 0.35 32.9 0.279423 -0.341934 0.52528 0.00224588 -0.00387755 1594.32
271722 8 0.01 0.35 32.9 -0.0372688 0.419021 0.375547 0.000927928 0.00375769 1594.32
272670 8 0.01 0.35 32.9 -0.246725 -0.499178 0.454962 -0.00472921 -0.00817377 1594.32
275058 8 0.01 0.35 32.9 0.279805 -0.434905 0.556304 0.0047782 -0.00776983 1594.32
275359 8 0.01 0.35 32.9 0.250615 0.246445 0.587814 0.00351958 0.00161082 1594.32
276465 8 0.01 0.35 32.9 0.0630347 0.397741 0.12428 -0.000784551 0.00293998 1594.32
276492 8 0.01 0.35 32.9 0.237747 0.406876 0.918728 0.00737312 0.0136587 1594.32
276592 8 0.01 0.35 32.9 0.0744094 0.158743 0.107064 -0.00903362 -0.00228805 1594.32
277341 8 0.01 0.35 32.9 0.37433 -0.0218803 0.532311 0.00495981 0.00288353 1594.32
277510 8 0.01 0.35 32.9 0.158844 -0.118796 0.40695 0.0010995 -0.00056873 1594.32
278383 8 0.01 0.35 32.9 0.345596 0.0985599 0.400031 0.00276948 2.84269e-05 1594.32
278411 8 0.01 0.35 32.9 -0.270616 0.29783 0.191324 -0.00288097 0.00304576 1594.32
278749 8 0.01 0.35 32.9 0.34762 -0.222867 0.216852 0.00415185 -0.00033336 1594.32
278811 8 0.01 0.35 32.9 0.452597 -0.0393074 0.260628 0.00368447 0.00147482 1594.32
279980 8 0.01 0.35 32.9 0.386779 0.38318 0.681034 0.00832721 0.00826112 1594.32
280165 8 0.01 0.35 32.9 -0.253891 0.490329 0.810117 -0.00593077 0.0107961 1594.32
281913 8 0.01 0.35 32.9 0.230713 0.465059 0.162939 -0.00140205 0.00165254 1594.32
283916 8 0.01 0.35 32.9 0.102065 -0.0937821 0.304896 0.000597043 0.00207338 1594.32
285230 8 0.01 0.35 32.9 0.153532 0.0840174 0.0980552 0.00168734 0.000771372 1594.32
285514 8 0.01 0.35 32.9 0.26038 0.299108 0.215948 0.000798622 0.00310297 1594.32
286886 8 0.01 0.35 32.9 -0.0540357 0.0917046 0.612211 -0.00116353 -0.00141949 1594.32
287185 8 0.01 0.35 32.9 -0.1 -0.14265 0.329989 -0.00336262 -0.000390717 1594.32
287919 8 0.01 0.35 32.9 -0.487421 0.172776 0.377844 -0.00389681 0.00325445 1594.32
288846 8 0.01 0.35 32.9 0.0240832 -0.333296 0.67377 -0.00126565 -0.00715145 1594.32
289708 8 0.01 0.35 32.9 0.105675 0.199057 0.170459 0.00175185 0.003166 1594.32
289831 8 0.01 0.35 32.9 -0.183357 0.280891 0.320418 -0.00273082 0.000581532 1594.32
290070 8 0.01 0.35 32.9 0.179621 -0.0372666 0.642249 0.00456444 -0.000579915 1594.32
291342 8 0.01 0.35 32.9 0.448013 -0.259659 0.157612 0.000601692 -0.000407059 1594.32
291538 8 0.01 0.35 32.9 0.390133 0.298184 0.145337 0.00387446 -0.00595541 1594.32
292255 8 0.01 0.35 32.9 -0.161848 -0.456202 0.58206 -0.00394158 -0.00935755 1594.32
292259 8 0.01 0.35 32.9 -0.379712 0.228711 0.183279 -0.000638911 -0.00258047 1594.32
294191 8 0.01 0.35 32.9 0.300297 0.424349 0.517992 0.00256498 0.00970381 1594.32
294273 8 0.01 0.35 32.9 0.123164 -0.182206 0.145439 0.00204865 -0.00398147 1594.32
297617 8 0.01 0.35 32.9 0.271585 0.373247 0.172869 0.00102123 -0.00327448 1594.32
298008 8 0.01 0.35 32.9 0.0286443 0.0207881 0.280887 5.64969e-05 0.00284598 1594.32
299801 8 0.01 0.35 32.9 0.263263 0.390542 0.288092 0.00499627 0.00254935 1594.32
300067 8 0.01 0.35 32.9 -0.0250097 -0.32776 0.172972 -0.00131925 -0.00160848 1594.32
300074 8 0.01 0.35 32.9 -0.0163284 -0.446295 0.497022 -0.00123833 -0.00397814 1594.32
301030 8 0.01 0.35 32.9 0.365521 0.113629 0.616242 0.00569712 0.0041114 1594.32
301412 8 0.01 0.35 32.9 -0.141147 -0.347273 0.350115 -0.00078627 -0.0020857 1594.32
301758 8 0.01 0.35 32.9 -0.174187 -0.358643 0.783794 -0.00250249 -0.00913571 1594.32
301776 8 0.01 0.35 32.9 -0.286157 0.359437 0.545127 -0.00258443 0.00389169 1594.32
302160 8 0.01 0.35 32.9 0.168454 -0.158624 0.223728 0.000584812 0.000154559 1594.32
303394 8 0.01 0.35 32.9 -0.319673 -0.204557 0.218462 -0.00228443 -0.00448205 1594.32
308424 8 0.01 0.35 32.9 0.405734 -0.467374 0.167523 -0.0023656 0.00047523 1594.32
308613 8 0.01 0.35 32.9 0.0501766 -0.147689 0.353134 0.002708 -0.000177591 1594.32
309166 8 0.01 0.35 32.9 0.0350903 0.475146 0.280061 0.000778251 0.00232007 1594.32
311457 8 0.01 0.35 32.9 -0.26632 -0.34192 0.332374 -0.00080265 0.00013919 1594.32
311709 8 0.01 0.35 32.9 -0.0164012 0.0540362 0.319165 -8.47084e-05 0.00180057 1594.32
311853 8 0.01 0.35 32.9 -0.0229171 0.218017 0.328632 -0.000582294 0.000501428 1594.32
312481 8 0.01 0.35 32.9 -0.404858 0.265578 0.386513 -0.0056391 0.00117642 1594.32
312704 8 0.01 0.35 32.9 -0.28681 0.24853 1.20264 -0.00969058 0.00923541 1594.32
312706 8 0.01 0.35 32.9 0.278356 0.118367 0.363455 0.00525348 0.00108028 1594.32
313705 8 0.01 0.35 32.9 -0.303967 0.254499 0.41695 -0.00194504 0.00296809 1594.32
314054 8 0.01 0.35 32.9 -0.211665 0.153253 0.353315 0.000558331 -0.000997584 1594.32
314306 8 0.01 0.35 32.9 0.101148 0.0092859 0.510193 0.000390986 0.00200195 1594.32
315324 8 0.01 0.35 32.9 0.451557 -0.394076 0.223248 0.0044805 -0.00109906 1594.32
316587 8 0.01 0.35 32.9 0.0642002 -0.406025 0.654081 0.000654312 -0.00947002 1594.32
317018 8 0.01 0.35 32.9 0.0349133 0.210537 0.160417 0.000508447 0.00212775 1594.32
317606 8 0.01 0.35 32.9 0.174099 0.226129 0.225755 0.0036621 0.00867207 1594.32
317710 8 0.01 0.35 32.9 -0.196488 0.314721 0.435038 -0.00191551 0.00654648 1594.32
319228 8 0.01 0.35 32.9 0.26714 0.497695 0.316559 0.0031126 0.00790183 1594.32
320670 8 0.01 0.35 32.9 0.366536 0.328015 3.57642 0.0385756 0.0347035 1594.32
321261 8 0.01 0.35 32.9 -0.396464 -0.312414 0.283468 -0.0035617 -0.00147447 1594.32
322499 8 0.01 0.35 32.9 -0.278327 0.428879 0.335392 -0.000498635 0.00519693 1594.32
322747 8 0.01 0.35 32.9 -0.0556094 0.0757065 0.361155 -0.00370074 0.00244448 1594.32
322848 8 0.01 0.35 32.9 0.216593 -0.0848371 0.160289 0.00128402 0.000318191 1594.32
323487 8 0.01 0.35 32.9 0.450112 0.165141 0.727027 0.00995625 0.00405111 1594.32
326292 8 0.01 0.35 32.9 -0.429557 -0.440153 0.428648 -0.00555465 -0.0062657 1594.32
326738 8 0.01 0.35 32.9 0.193064 0.355717 0.371822 0.00138055 0.00170914 1594.32
326800 8 0.01 0.35 32.9 0.156552 0.124522 0.361524 0.0011113 -0.00172264 1594.32
327427 8 0.01 0.35 32.9 -0.200611 -0.147509 0.375799 -0.00335011 -0.00182173 1594.32
327575 8 0.01 0.35 32.9 -0.292741 -0.129834 0.242734 -0.00218257 -0.00193874 1594.32
327823 8 0.01 0.35 32.9 -0.35948 -0.457962 0.411122 -0.00418011 -0.00192631 1594.32
328198 8 0.01 0.35 32.9 0.0593682 0.400242 0.260067 -0.00247125 0.00321144 1594.32
328333 8 0.01 0.35 32.9 -0.260175 0.473616 0.380298 -0.00128188 0.00164224 1594.32
328707 8 0.01 0.35 32.9 -0.156487 -0.207028 0.96804 -0.00375633 -0.00629328 1594.32
330167 8 0.01 0.35 32.9 0.0813481 -0.219679 1.16938 0.00327513 -0.0084658 1594.32
330711 8 0.01 0.35 32.9 -0.17544 0.0946517 0.852319 -0.00621842 0.00114004 1594.32
331368 8 0.01 0.35 32.9 0.205606 0.351805 0.253268 0.00204644 0.00725767 1594.32
331417 8 0.01 0.35 32.9 0.384408 -0.180562 0.70801 0.00826347 -0.00266455 1594.32
332210 8 0.01 0.35 32.9 -0.0470853 0.289789 0.142732 0.00468985 0.00211539 1594.32
333137 8 0.01 0.35 32.9 -0.137865 0.0447463 1.15986 -0.00355801 0.0014472 1594.32
333288 8 0.01 0.35 32.9 0.025029 0.019621 0.183941 -0.000461982 0.00112505 1594.32
334434 8 0.01 0.35 32.9 0.0327844 0.391503 0.277078 0.00372487 0.00530644 1594.32
334730 8 0.01 0.35 32.9 -0.264802 -0.0259816 0.697331 -0.006548 0.000887797 1594.32
335915 8 0.01 0.35 32.9 0.0115417 -0.189375 0.323203 0.000583675 -0.00601097 1594.32
335931 8 0.01 0.35 32.9 0.338858 0.420336 0.226175 -0.00113497 0.00537289 1594.32
335995 8 0.01 0.35 32.9 -0.356999 -0.498204 0.271398 -0.00204265 -0.000701198 1594.32
336385 8 0.01 0.35 32.9 0.155024 0.447036 0.376435 0.00115107 0.00755617 1594.32
336617 8 0.01 0.35 32.9 0.0591168 -0.433962 0.759921 0.00502494 -0.00685798 1594.32
337568 8 0.01 0.35 32.9 0.334368 -0.396949 0.478511 0.00621566 -0.00719469 1594.32
337767 8 0.01 0.35 32.9 -0.476514 0.149074 0.759265 -0.0118434 0.000691069 1594.32
337866 8 0.01 0.35 32.9 -0.304272 -0.176296 0.378026 -0.00531188 -0.00416291 1594.32
337954 8 0.01 0.35 32.9 0.133513 -0.405595 0.58494 0.00256691 -0.00941882 1594.32
338601 8 0.01 0.35 32.9 -0.459873 0.0556064 0.428698 -0.00672565 0.00080996 1594.32
341065 8 0.01 0.35 32.9 0.0624595 0.415399 0.369578 0.000383787 0.00372251 1594.32
343690 8 0.01 0.35 32.9 -0.294236 0.0190069 1.16925 -0.0109751 -0.00140449 1594.32
344490 8 0.01 0.35 32.9 -0.0682909 -0.24744 0.229549 0.000468925 -0.000562441 1594.32
345586 8 0.01 0.35 32.9 -0.333753 0.259369 0.206292 0.00230268 0.00110387 1594.32
346426 8 0.01 0.35 32.9 -0.158565 -0.137602 0.322257 -0.00318737 -0.00323614 1594.32
347214 8 0.01 0.35 32.9 0.205385 0.0233751 0.796332 0.00254137 -0.00279004 1594.32
347619 8 0.01 0.35 32.9 0.25661 -0.340089 0.49658 0.00343711 -0.00785465 1594.32
347706 8 0.01 0.35 32.9 0.3617 -0.438867 0.123467 -0.00128234 -0.0090119 1594.32
350222 8 0.01 0.35 32.9 -0.129039 0.456073 0.240468 -0.00158468 0.0022749 1594.32
351140 8 0.01 0.35 32.9 0.176933 0.264813 0.680584 0.00441553 0.00774048 1594.32
351802 8 0.01 0.35 32.9 -0.170761 0.0323578 0.337847 -0.00281795 0.00188984 1594.32
352254 8 0.01 0.35 32.9 -0.325454 0.0268047 0.498366 -0.00504426 0.00234024 1594.32
352332 8 0.01 0.35 32.9 0.222552 0.231672 0.922745 0.00646571 0.00532887 1594.32
354280 8 0.01 0.35 32.9 -0.127939 0.179406 0.261481 0.00257869 0.0019473 1594.32
355108 8 0.01 0.35 32.9 -0.393855 -0.320866 0.16595 -0.00301601 -0.00178172 1594.32
356137 8 0.01 0.35 32.9 0.115367 -0.386241 0.331085 0.00275328 -0.00440891 1594.32
357191 8 0.01 0.35 32.9 -0.151352 -0.294825 0.623848 -0.00160699 -0.00549098 1594.32
358216 8 0.01 0.35 32.9 0.418089 0.42752 0.254746 0.00296151 0.00315141 1594.32
358924 8 0.01 0.35 32.9 0.391795 -0.347249 0.291812 0.00338157 -0.00415998 1594.32
359321 8 0.01 0.35 32.9 0.468609 0.23385 0.565135 0.0102588 0.00639454 1594.32
360454 8 0.01 0.35 32.9 0.297484 -0.40597 1.1096 0.00819016 -0.0156932 1594.32
362334 8 0.01 0.35 32.9 -0.454842 0.208276 0.216542 -0.00447951 0.00031868 1594.32
364210 8 0.01 0.35 32.9 0.436576 -0.432266 0.379202 0.00645377 -0.00480808 1594.32
364538 8 0.01 0.35 32.9 -0.391194 0.00709219 0.762829 -0.00857881 -0.00152175 1594.32
364582 8 0.01 0.35 32.9 -0.00214844 0.496459 1.66491 -0.00178384 0.0255266 1594.32
365161 8 0.01 0.35 32.9 0.188133 0.466247 0.32602 0.00244921 -0.000364863 1594.32
365484 8 0.01 0.35 32.9 0.0236682 0.110828 0.735302 -0.000539278 0.000415779 1594.32
366944 8 0.01 0.35 32.9 -0.0267127 0.308541 0.781508 0.000212403 0.00556408 1594.32
367067 8 0.01 0.35 32.9 -0.178708 0.280418 0.333586 -0.00464555 0.00122061 1594.32
369463 8 0.01 0.35 32.9 0.00254903 0.482807 0.203836 0.00137583 0.00599809 1594.32
370115 8 0.01 0.35 32.9 0.0657609 0.00199676 1.25378 0.00271604 -0.000344827 1594.32
371228 8 0.01 0.35 32.9 -0.34426 0.426903 0.161862 0.00181183 0.00579059 1594.32
372378 8 0.01 0.35 32.9 0.239823 0.092634 0.597125 0.0036947 0.000596872 1594.32
373588 8 0.01 0.35 32.9 0.0445965 -0.250245 0.297021 -0.0014665 -0.00251743 1594.32
373779 8 0.01 0.35 32.9 0.212289 -0.214298 0.191278 -0.000268194 -0.00532184 1594.32
374198 8 0.01 0.35 32.9 -0.489477 -0.421701 0.526256 -0.00842017 -0.00411338 1594.32
374259 8 0.01 0.35 32.9 -0.469098 -0.299342 1.2415 -0.0177164 -0.0115772 1594.32
375291 8 0.01 0.35 32.9 0.234843 0.41818 0.127622 -0.00667845 -0.000567874 1594.32
377227 8 0.01 0.35 32.9 0.483614 0.0363094 0.398124 0.00363223 -0.00156075 1594.32
379123 8 0.01 0.35 32.9 0.000315828 -0.048133 0.919519 -0.00141171 -0.00223651 1594.32
379428 8 0.01 0.35 32.9 0.145719 -0.237637 0.473767 0.00334139 -0.0028875 1594.32
379523 8 0.01 0.35 32.9 -0.478539 -0.335435 0.512539 -0.010001 -0.00423095 1594.32
379980 8 0.01 0.35 32.9 0.456365 0.190304 0.396766 0.00383027 0.00179439 1594.32
381791 8 0.01 0.35 32.9 -0.193157 0.407393 0.279142 -0.000480023 0.00510458 1594.32
382098 8 0.01 0.35 32.9 0.022668 0.404331 0.178108 0.00295685 -0.00324467 1594.32
382130 8 0.01 0.35 32.9 0.148093 -0.355545 0.262576 0.00168057 -0.00537971 1594.32
382427 8 0.01 0.35 32.9 -0.149942 -0.0145517 0.567767 -0.00495611 -0.00141166 1594.32
382755 8 0.01 0.35 32.9 0.0622733 -0.310145 0.427504 0.00173654 -0.00343411 1594.32
384838 8 0.01 0.35 32.9 0.221796 -0.124542 0.579192 0.00326352 -0.00467209 1594.32
385072 8 0.01 0.35 32.9 -0.19164 0.440985 0.669188 -0.00653806 0.00583794 1594.32
386075 8 0.01 0.35 32.9 -0.246964 0.178193 0.191902 -0.00037192 -0.0016351 1594.32
389787 8 0.01 0.35 32.9 -0.0242752 -0.471701 0.120892 -0.000429745 -0.00567707 1594.32
390915 8 0.01 0.35 32.9 0.208196 -0.363974 0.197098 0.00633751 -0.00148001 1594.32
391794 8 0.01 0.35 32.9 0.441758 -0.00235649 1.01657 0.0150288 0.000243147 1594.32
392408 8 0.01 0.35 32.9 -0.239683 -0.310654 0.386393 -0.00491095 -0.00183361 1594.32
393660 8 0.01 0.35 32.9 0.379923 -0.327249 0.49033 0.00934545 -0.0038553 1594.32
393743 8 0.01 0.35 32.9 -0.185188 -0.470876 0.375472 -0.00303999 -0.00873524 1594.32
395461 8 0.01 0.35 32.9 -0.232915 0.257301 0.158465 -0.00490859 0.000283709 1594.32
396542 8 0.01 0.35 32.9 -0.0378122 -0.137711 0.356772 -0.000268102 -0.000753147 1594.32
397414 8 0.01 0.35 32.9 0.241788 0.1364 0.644344 0.00357302 0.00228674 1594.32
397900 8 0.01 0.35 32.9 -0.435976 0.301179 0.184802 0.0020494 0.00486485 1594.32
398377 8 0.01 0.35 32.9 0.254871 -0.433605 1.34163 0.0104476 -0.0170927 1594.32
398628 8 0.01 0.35 32.9 0.28185 0.171247 0.288012 0.00138097 0.0027756 1594.32
400961 8 0.01 0.35 32.9 -0.150904 -0.182012 0.478343 -0.00163747 -0.00436776 1594.32
401494 8 0.01 0.35 32.9 -0.340281 -0.151976 0.401738 -0.0055336 -0.000962342 1594.32
403399 8 0.01 0.35 32.9 -0.163535 -0.122143 0.491658 -0.000856691 -0.00355398 1594.32
404130 8 0.01 0.35 32.9 -0.283441 -0.222992 0.348448 -0.00408061 -0.0033904 1594.32
404966 8 0.01 0.35 32.9 0.420762 -0.0500964 0.57052 0.0039929 0.000344186 1594.32
408231 8 0.01 0.35 32.9 0.26265 0.484455 0.317416 0.000411554 0.000711649 1594.32
409532 8 0.01 0.35 32.9 0.453172 0.184832 0.664731 0.01007 0.00366529 1594.32
410166 8 0.01 0.35 32.9 -0.0808345 -0.416172 0.20426 -0.000858988 -0.00179127 1594.32
410618 8 0.01 0.35 32.9 -0.166335 -0.102017 1.46007 -0.00796591 -0.000617612 1594.32
411385 8 0.01 0.35 32.9 0.252708 -0.342875 0.335315 0.00148974 -0.00380057 1594.32
412118 8 0.01 0.35 32.9 -0.186364 0.161073 0.32823 -0.00258978 -0.000592758 1594.32
412125 8 0.01 0.35 32.9 -0.195721 -0.112504 0.334728 -0.00687463 -0.00170112 1594.32
412474 8 0.01 0.35 32.9 0.490206 -0.0139839 0.724489 0.00878296 -0.00174404 1594.32
414660 8 0.01 0.35 32.9 0.246881 -0.345661 0.227561 0.00194642 -0.00112252 1594.32
418225 8 0.01 0.35 32.9 -0.229316 -0.144765 0.498566 -0.000984967 -0.00130703 1594.32
419934 8 0.01 0.35 32.9 -0.334624 -0.248123 0.395068 -0.00384241 -0.00430713 1594.32
420978 8 0.01 0.35 32.9 -0.493124 0.429275 0.428728 -0.00357445 0.00563584 1594.32
423854 8 0.01 0.35 32.9 -0.104402 -0.0393669 0.488409 -0.00109001 -0.00136 1594.32
424466 8 0.01 0.35 32.9 -0.273415 -0.39254 0.276729 -0.00215672 -0.0050989 1594.32
424789 8 0.01 0.35 32.9 0.339797 0.264115 0.645614 0.00856379 0.00493514 1594.32
425665 8 0.01 0.35 32.9 0.0593531 -0.483748 0.366281 -0.00108883 -0.0041272 1594.32
426290 8 0.01 0.35 32.9 -0.40887 0.191472 0.354261 -0.00263032 0.00127277 1594.32
426306 8 0.01 0.35 32.9 0.313453 -0.344249 0.240924 -0.00179375 0.00108384 1594.32
427377 8 0.01 0.35 32.9 0.388019 -0.400994 0.463837 0.00513548 -0.001648 1594.32
427875 8 0.01 0.35 32.9 0.398411 -0.447317 0.659137 0.00877465 -0.0101863 1594.32
430632 8 0.01 0.35 32.9 -0.274061 0.0894359 0.473623 -0.00420846 -0.00203143 1594.32
430655 8 0.01 0.35 32.9 0.494935 -0.0926777 1.01596 0.0149251 -0.00454746 1594.32
431340 8 0.01 0.35 32.9 0.177093 -0.250571 0.381952 0.00235765 -0.00341642 1594.32
432144 8 0.01 0.35 32.9 -0.173736 0.214518 0.417539 -0.00442852 0.00273945 1594.32
432626 8 0.01 0.35 32.9 0.0681026 -0.0752821 0.592424 0.000383779 -8.38738e-07 1594.32
433042 8 0.01 0.35 32.9 -0.0366121 0.164787 0.278764 -0.00135624 0.00168249 1594.32
433072 8 0.01 0.35 32.9 0.197174 0.48409 1.10675 0.00939124 0.0182854 1594.32
433851 8 0.01 0.35 32.9 0.338001 0.110717 0.494425 0.00459127 0.00197298 1594.32
435414 8 0.01 0.35 32.9 -0.475153 0.219693 1.18887 -0.0183978 0.0079177 1594.32
435631 8 0.01 0.35 32.9 0.141893 -0.373158 2.43295 0.00919672 -0.0271212 1594.32
435762 8 0.01 0.35 32.9 -0.0268961 -0.197343 0.496762 -0.00255802 -0.00329249 1594.32
437031 8 0.01 0.35 32.9 -0.195635 0.216716 0.465334 -0.00513662 0.00459344 1594.32
437379 8 0.01 0.35 32.9 -0.0984333 0.00424882 0.646238 -0.00537614 -0.00207645 1594.32
438117 8 0.01 0.35 32.9 0.0844251 0.448377 0.593528 0.00301867 0.00804824 1594.32
439120 8 0.01 0.35 32.9 0.184517 0.468666 0.294183 0.00508319 0.00429673 1594.32
439136 8 0.01 0.35 32.9 -0.03163 0.29108 1.055 -0.00161949 0.00775132 1594.32
440018 8 0.01 0.35 32.9 -0.146144 -0.320904 0.95503 -0.00311763 -0.0110144 1594.32
440938 8 0.01 0.35 32.9 -0.0746076 -0.196511 0.163028 -0.00132441 0.00561256 1594.32
441291 8 0.01 0.35 32.9 0.413987 -0.001534 0.35769 0.00647064 0.00153029 1594.32
441333 8 0.01 0.35 32.9 0.125077 -0.421914 0.0702549 0.000367133 0.00104402 1594.32
441767 8 0.01 0.35 32.9 -0.388918 -0.342229 0.248905 -0.000116302 -0.000920035 1594.32
442590 8 0.01 0.35 32.9 0.0323673 0.495843 0.493055 -0.00193523 0.00699649 1594.32
443082 8 0.01 0.35 32.9 -0.323961 0.22518 0.428406 -0.00464008 0.0029921 1594.32
443354 8 0.01 0.35 32.9 -0.357578 0.175159 0.517738 -0.00515527 0.00127241 1594.32
444952 8 0.01 0.35 32.9 -0.365741 0.0400296 0.777517 -0.00861839 0.00127049 1594.32
445682 8 0.01 0.35 32.9 0.0790432 0.222905 1.28072 0.00219398 0.0095557 1594.32
446781 8 0.01 0.35 32.9 -0.149659 -0.372333 0.420657 0.000209536 -0.00650974 1594.32
446799 8 0.01 0.35 32.9 0.157312 0.235138 1.06073 0.00604373 0.00965378 1594.32
448572 8 0.01 0.35 32.9 -0.330395 -0.217766 0.689407 -0.0100356 -0.00308715 1594.32
448674 8 0.01 0.35 32.9 0.375313 -0.171139 0.173452 0.00337358 -0.000935948 1594.32
449817 8 0.01 0.35 32.9 -0.2975 -0.349077 0.215489 -0.000372623 0.00131934 1594.32
452538 8 0.01 0.35 32.9 -0.492049 -0.424187 0.107834 -0.000268117 0.000431638 1594.32
452641 8 0.01 0.35 32.9 0.176381 -0.428607 0.358464 0.000413502 -0.00390114 1594.32
453433 8 0.01 0.35 32.9 -0.124147 0.352629 1.44199 -0.00463062 0.0152623 1594.32
454317 8 0.01 0.35 32.9 0.321859 -0.307327 0.736776 0.00829843 -0.00844117 1594.32
455939 8 0.01 0.35 32.9 0.262697 -0.301876 0.351319 0.00354635 -0.00378871 1594.32
456551 8 0.01 0.35 32.9 0.26132 -0.163548 0.392472 0.00302323 0.000207329 1594.32
457123 8 0.01 0.35 32.9 -0.0321482 -0.37232 0.355808 0.000743022 -0.0033577 1594.32
461049 8 0.01 0.35 32.9 0.485468 -0.474018 0.415024 0.00613133 -0.00415707 1594.32
461422 8 0.01 0.35 32.9 -0.107216 0.270055 0.490468 -0.000773427 0.00535629 1594.32
461956 8 0.01 0.35 32.9 0.187773 0.0638597 0.148482 0.0035274 -0.00141936 1594.32
462254 8 0.01 0.35 32.9 -0.244649 -0.108012 0.208763 -0.00283597 -0.00107984 1594.32
465270 8 0.01 0.35 32.9 -0.102099 0.405579 0.231583 0.00163984 0.00418512 1594.32
465283 8 0.01 0.35 32.9 -0.143807 0.0833118 0.523675 -0.00366841 0.00273379 1594.32
465562 8 0.01 0.35 32.9 -0.225601 -0.258952 0.838489 -0.0076916 -0.00663255 1594.32
465837 8 0.01 0.35 32.9 -0.10166 0.313986 0.492966 0.00134853 0.00785862 1594.32
466715 8 0.01 0.35 32.9 -0.354485 0.350058 0.285092 0.00116076 0.00228924 1594.32
466994 8 0.01 0.35 32.9 0.389068 -0.205326 0.520156 0.00579988 -0.00130929 1594.32
469161 8 0.01 0.35 32.9 0.478972 -0.232778 0.292718 0.00407699 -0.00528145 1594.32
470655 8 0.01 0.35 32.9 0.218353 0.45542 0.15712 0.00223999 0.00338749 1594.32
472327 8 0.01 0.35 32.9 -0.0708371 0.119643 0.226372 0.0042625 0.000434157 1594.32
472419 8 0.01 0.35 32.9 0.252062 0.0949373 0.758089 0.00427932 0.00108526 1594.32
473529 8 0.01 0.35 32.9 0.138384 0.17416 0.167142 -0.00140317 0.00325013 1594.32
474100 8 0.01 0.35 32.9 0.274278 -0.0660881 0.489226 0.00325739 0.00132792 1594.32
474992 8 0.01 0.35 32.9 0.085557 0.41784 0.280474 -0.000680943 0.00320337 1594.32
475469 8 0.01 0.35 32.9 -0.378192 -0.198265 0.0807626 0.00472369 -0.00886927 1594.32
477923 8 0.01 0.35 32.9 -0.442127 0.224821 0.343927 -0.0014541 0.00366993 1594.32
479268 8 0.01 0.35 32.9 0.336705 0.080965 0.133644 0.00502825 0.00182524 1594.32
479615 8 0.01 0.35 32.9 -0.418877 -0.0127177 0.796738 -0.010787 -0.000516377 1594.32
481045 8 0.01 0.35 32.9 0.227802 -0.181414 0.880733 0.0062169 -0.00637142 1594.32
481251 8 0.01 0.35 32.9 -0.462892 0.206904 0.14656 -0.00445525 -0.00531514 1594.32
482224 8 0.01 0.35 32.9 -0.278228 0.0198645 0.635629 -0.00538372 -0.00290907 1594.32
482357 8 0.01 0.35 32.9 -0.0270167 -0.29415 0.569904 -0.00345327 -0.00287357 1594.32
482945 8 0.01 0.35 32.9 -0.319191 0.279345 0.825255 -0.00789057 0.00835134 1594.32
484862 8 0.01 0.35 32.9 0.17633 0.479624 0.392709 0.00190346 0.005687 1594.32
485360 8 0.01 0.35 32.9 -0.170095 -0.250253 0.641641 -0.00328495 -0.00793165 1594.32
486519 8 0.01 0.35 32.9 -0.479529 0.160866 0.512368 -0.00788406 0.00572421 1594.32
488178 8 0.01 0.35 32.9 -0.343834 0.158168 0.495719 -0.00464886 0.00204278 1594.32
489048 8 0.01 0.35 32.9 -0.217688 0.389601 0.346617 -0.00159015 0.0060651 1594.32
489875 8 0.01 0.35 32.9 0.125489 -0.397926 0.511001 0.00244844 -0.00720674 1594.32
490786 8 0.01 0.35 32.9 0.247589 -0.403121 0.405276 0.00125478 -0.00980914 1594.32
493886 8 0.01 0.35 32.9 0.0939886 -0.121784 0.1898 0.000525425 -0.00204789 1594.32
494138 8 0.01 0.35 32.9 0.0885027 0.115741 0.226926 -0.000856068 0.000851676 1594.32
494932 8 0.01 0.35 32.9 -0.472872 -0.137329 0.468902 -0.00747505 -0.000232722 1594.32
495909 8 0.01 0.35 32.9 -0.0114774 -0.0277289 0.569553 0.00111497 0.000613276 1594.32
497726 8 0.01 0.35 32.9 -0.244135 0.0592256 0.404561 0.000882246 -0.00269568 1594.32
498150 8 0.01 0.35 32.9 -0.294305 0.382828 0.118588 0.00399918 -0.00136164 1594.32
498769 8 0.01 0.35 32.9 0.00535496 0.159905 0.816903 0.00196438 0.00479289 1594.32
499266 8 0.01 0.35 32.9 -0.127154 0.402553 0.277628 -0.00149279 0.00199287 1594.32
499867 8 0.01 0.35 32.9 -0.0862161 -0.0318347 0.235548 -0.000780696 0.00316505 1594.32
