412 8 0.01 0.4 32.9 0.2121 0.0644979 0.161172 -1.94934e-05 -0.000917274 123.307
863 8 0.01 0.4 32.9 0.4909 0.440184 0.15338 0.00804696 0.000174428 123.307
1189 8 0.01 0.4 32.9 -0.253745 -0.308465 0.828372 -0.00574707 -0.00748423 123.307
3200 8 0.01 0.4 32.9 0.424978 0.390875 0.474711 0.00584155 0.00527347 123.307
7579 8 0.01 0.4 32.9 -0.438353 0.143763 0.303827 -0.00698101 0.00319145 123.307
8429 8 0.01 0.4 32.9 0.398471 -0.415174 0.526806 0.00873194 -0.00737714 123.307
10082 8 0.01 0.4 32.9 -0.480215 -0.355648 0.217819 -0.000659108 -0.00563616 123.307
14188 8 0.01 0.4 32.9 -0.171658 0.013785 0.240583 -0.00179087 0.00108029 123.307
14218 8 0.01 0.4 32.9 -0.281653 -0.201265 0.999203 -0.00746365 -0.00620913 123.307
17252 8 0.01 0.4 32.9 -0.0213295 0.470559 0.172217 0.000101641 -0.00306762 123.307
18649 8 0.01 0.4 32.9 -0.333451 -0.00509698 0.216461 -0.00303965 0.00490468 123.307
19632 8 0.01 0.4 32.9 -0.259811 -0.209047 0.335836 -0.00412863 0.000715531 123.307
25821 8 0.01 0.4 32.9 0.0572052 0.0129892 0.16605 -0.000106163 -0.000681933 123.307
26141 8 0.01 0.4 32.9 0.0727628 -0.467254 0.811958 0.00163995 -0.0107883 123.307
28475 8 0.01 0.4 32.9 -0.242927 -0.418164 1.19295 -0.00787142 -0.0141022 123.307
31066 8 0.01 0.4 32.9 0.254635 -0.233256 0.279824 0.00348516 0.000265617 123.307
32538 8 0.01 0.4 32.9 0.452014 0.0619749 0.836335 0.0118891 0.00401065 123.307
33307 8 0.01 0.4 32.9 -0.286961 -0.0100325 0.169759 -0.00595532 -0.00017695 123.307
35080 8 0.01 0.4 32.9 -0.0541637 0.281992 0.370295 0.00134668 0.00491115 123.307
36286 8 0.01 0.4 32.9 -0.250936 0.0884629 0.209245 -0.00180313 -0.00281081 123.307
37739 8 0.01 0.4 32.9 -0.486715 -0.277028 0.309172 -0.00493322 -0.00446763 123.307
39397 8 0.01 0.4 32.9 0.325377 -0.263975 0.536013 0.00499114 -0.0051717 123.307
41607 8 0.01 0.4 32.9 -0.275266 0.0692619 0.112482 0.00447109 0.009101 123.307
45451 8 0.01 0.4 32.9 0.109265 0.00825914 0.0868768 -0.00489829 -0.00323187 123.307
46471 8 0.01 0.4 32.9 0.03354 -0.44295 1.49832 0.00123589 -0.0191125 123.307
46799 8 0.01 0.4 32.9 0.129997 -0.181261 0.629818 0.00368558 -0.00229491 123.307
47087 8 0.01 0.4 32.9 -0.367263 -0.0825717 0.600114 -0.00595292 -0.00017742 123.307
47715 8 0.01 0.4 32.9 0.286107 0.0604346 0.567187 0.00464505 0.000583645 123.307
50091 8 0.01 0.4 32.9 0.257984 0.058517 0.467779 0.00460452 0.000758195 123.307
50535 8 0.01 0.4 32.9 -0.0055282 0.0160961 0.221627 -0.00380043 -0.00100811 123.307
51319 8 0.01 0.4 32.9 -0.190094 0.258555 0.31809 0.00146853 0.00330896 123.307
51686 8 0.01 0.4 32.9 0.139802 -0.475042 0.300785 -0.000402118 -0.00463797 123.307
51875 8 0.01 0.4 32.9 -0.221324 -0.308506 0.99012 -0.0056855 -0.00721961 123.307
52770 8 0.01 0.4 32.9 -0.458831 -0.237268 0.201909 -0.000931712 -7.11337e-05 123.307
52953 8 0.01 0.4 32.9 -0.346493 -0.0778566 0.178143 0.00144191 0.00604673 123.307
54027 8 0.01 0.4 32.9 0.452128 0.355715 0.461407 0.0104532 0.00623719 123.307
59413 8 0.01 0.4 32.9 -0.188199 -0.318454 0.289661 -0.00199045 0.000102609 123.307
60166 8 0.01 0.4 32.9 -0.0665873 0.181932 0.613799 -0.00202423 0.00289154 123.307
62070 8 0.01 0.4 32.9 -0.11796 -0.278962 0.16134 -0.00153159 0.00189927 123.307
66539 8 0.01 0.4 32.9 -0.377486 0.285272 0.306117 -0.00193156 0.00452451 123.307
69168 8 0.01 0.4 32.9 -0.378849 -0.131094 0.363191 -0.0021956 -0.000571544 123.307
70416 8 0.01 0.4 32.9 -0.385487 -0.0903939 0.514838 -0.00455765 -0.000794363 123.307
70653 8 0.01 0.4 32.9 0.375537 -0.346864 0.596706 0.007125 -0.00534912 123.307
70774 8 0.01 0.4 32.9 0.49567 0.47511 0.748336 0.0119508 0.0114391 123.307
75531 8 0.01 0.4 32.9 0.158277 -0.00724448 1.17298 0.00623564 -0.00118686 123.307
75849 8 0.01 0.4 32.9 0.428088 0.269246 1.09663 0.0161283 0.00893396 123.307
78082 8 0.01 0.4 32.9 -0.124018 0.0979166 0.416959 -0.000197035 0.00305474 123.307
78684 8 0.01 0.4 32.9 -0.0552724 0.498504 1.60806 -0.00412203 0.0256911 123.307
79450 8 0.01 0.4 32.9 0.258196 -0.205288 0.191141 0.00512331 -0.00110193 123.307
80212 8 0.01 0.4 32.9 0.165794 -0.19511 0.315698 -0.00267487 -0.0041489 123.307
81087 8 0.01 0.4 32.9 0.482548 -0.143639 0.307624 0.00233665 -0.00262424 123.307
82632 8 0.01 0.4 32.9 0.341382 -0.342155 0.72965 0.010145 -0.00720423 123.307
88367 8 0.01 0.4 32.9 -0.485461 0.036016 0.162551 -3.15382e-05 -6.9727e-05 123.307
89870 8 0.01 0.4 32.9 -0.335241 0.365895 0.14137 -0.0024529 0.00743253 123.307
90065 8 0.01 0.4 32.9 0.168516 -0.458774 0.511316 -0.000308312 -0.00792891 123.307
90186 8 0.01 0.4 32.9 0.271556 -0.176665 0.306386 0.00157162 -0.0014837 123.307
91674 8 0.01 0.4 32.9 0.357766 0.497907 0.587677 0.00662389 0.00741269 123.307
91970 8 0.01 0.4 32.9 0.410189 -0.37932 0.777847 0.0108706 -0.00503577 123.307
95623 8 0.01 0.4 32.9 -0.19826 -0.418183 0.210901 -0.00703185 -0.0041587 123.307
98648 8 0.01 0.4 32.9 0.0232881 0.391283 0.17648 -0.00352716 0.00290146 123.307
103580 8 0.01 0.4 32.9 0.270887 -0.188523 0.913218 0.0069866 -0.0065963 123.307
103968 8 0.01 0.4 32.9 0.386627 0.224297 0.506031 0.00613403 0.00314074 123.307
108398 8 0.01 0.4 32.9 -0.168088 0.279448 0.533753 -0.00286484 0.00536562 123.307
109164 8 0.01 0.4 32.9 0.270791 0.234795 1.07457 0.0085882 0.00970276 123.307
111163 8 0.01 0.4 32.9 0.390565 -0.362559 0.290415 0.00238752 -0.00236866 123.307
118401 8 0.01 0.4 32.9 0.0796234 0.34692 0.66261 0.00250588 0.00764365 123.307
118530 8 0.01 0.4 32.9 0.396536 -0.135408 0.191747 0.00431783 0.00188036 123.307
119019 8 0.01 0.4 32.9 0.0123829 -0.0933192 0.302137 0.000244635 -1.48472e-05 123.307
122258 8 0.01 0.4 32.9 -0.144255 -0.0843993 1.3954 -0.00440453 -0.00204181 123.307
126076 8 0.01 0.4 32.9 -0.350737 -0.455502 0.37211 -0.00370364 -0.00622058 123.307
131735 8 0.01 0.4 32.9 -0.138735 -0.0736931 0.742915 -0.000867999 -0.00167134 123.307
135500 8 0.01 0.4 32.9 0.487211 0.49247 0.711987 0.0103261 0.0114062 123.307
135723 8 0.01 0.4 32.9 0.497608 -0.473194 0.343969 0.00881122 -0.00324713 123.307
136588 8 0.01 0.4 32.9 0.362145 -0.162039 0.37789 0.00580059 0.000604708 123.307
143673 8 0.01 0.4 32.9 0.260756 0.44105 1.21721 0.0116067 0.0196188 123.307
147816 8 0.01 0.4 32.9 -0.115239 0.468073 1.14335 -0.00436339 0.0183592 123.307
151225 8 0.01 0.4 32.9 0.104513 0.40157 0.535397 0.00107072 0.00828737 123.307
151572 8 0.01 0.4 32.9 -0.403826 -0.114285 1.79011 -0.0216717 -0.0058334 123.307
151941 8 0.01 0.4 32.9 -0.0118271 -0.098309 0.136965 -0.00721692 0.00036103 123.307
152835 8 0.01 0.4 32.9 -0.0114221 0.022933 0.174268 -0.00329231 0.00738563 123.307
157503 8 0.01 0.4 32.9 -0.105767 0.266584 0.462128 -0.00181861 0.00151001 123.307
158178 8 0.01 0.4 32.9 0.280913 0.485754 1.51073 0.0126281 0.0217848 123.307
158795 8 0.01 0.4 32.9 -0.233404 0.243745 0.742951 -0.00435691 0.00638677 123.307
158893 8 0.01 0.4 32.9 0.0950994 -0.174772 0.536453 0.00261916 -0.00244588 123.307
161423 8 0.01 0.4 32.9 0.234576 0.324925 0.824723 0.00531103 0.00831872 123.307
162810 8 0.01 0.4 32.9 0.306528 -0.364363 0.968533 0.00678151 -0.0104437 123.307
162851 8 0.01 0.4 32.9 0.384601 -0.351751 0.953474 0.00951414 -0.00976478 123.307
168717 8 0.01 0.4 32.9 0.272336 0.421913 0.949237 0.0066872 0.011458 123.307
170306 8 0.01 0.4 32.9 0.153517 0.316815 0.215335 1.59623e-05 0.00665503 123.307
170487 8 0.01 0.4 32.9 0.333997 0.307585 0.317951 0.00506867 0.00314081 123.307
171921 8 0.01 0.4 32.9 -0.445687 0.152034 0.833094 -0.0125281 0.00228574 123.307
173536 8 0.01 0.4 32.9 0.181979 -0.460464 0.698138 0.00400015 -0.00937637 123.307
174297 8 0.01 0.4 32.9 -0.183547 0.367911 0.312861 -0.00262843 0.00645941 123.307
174925 8 0.01 0.4 32.9 0.295054 -0.499341 0.211235 0.00393524 -0.00210818 123.307
175636 8 0.01 0.4 32.9 0.25575 -0.247529 0.340954 0.00319006 -0.00192684 123.307
176309 8 0.01 0.4 32.9 0.205738 -0.286758 0.355839 -0.000226186 -0.00101127 123.307
176926 8 0.01 0.4 32.9 -0.365687 -0.443343 0.141196 0.00166836 -0.00230694 123.307
177388 8 0.01 0.4 32.9 -0.319947 -0.363834 0.604336 -0.00510086 -0.00611804 123.307
177663 8 0.01 0.4 32.9 -0.215456 -0.406979 0.380772 -0.00253571 -0.0054511 123.307
178189 8 0.01 0.4 32.9 0.160924 -0.299572 0.42017 0.00227047 -0.00634348 123.307
178468 8 0.01 0.4 32.9 0.487708 0.468097 0.468181 0.00852778 0.00763084 123.307
179059 8 0.01 0.4 32.9 -0.216303 0.226552 0.442431 -0.00311018 0.00229412 123.307
182687 8 0.01 0.4 32.9 0.1549 -0.0998423 0.260459 7.0829e-05 0.00358406 123.307
182953 8 0.01 0.4 32.9 -0.336793 -0.333599 0.138452 -0.00574186 -0.000400209 123.307
186534 8 0.01 0.4 32.9 0.204008 -0.166883 0.502715 0.0012307 -0.00234971 123.307
187449 8 0.01 0.4 32.9 -0.195966 -0.202395 0.375907 -0.00295562 -0.00026073 123.307
195055 8 0.01 0.4 32.9 0.291667 0.108903 0.581999 0.00421395 0.00436364 123.307
196406 8 0.01 0.4 32.9 -0.119018 -0.154359 0.87803 -0.00350728 -0.00158361 123.307
202553 8 0.01 0.4 32.9 0.305576 0.307864 0.218847 0.00169967 0.00297082 123.307
207865 8 0.01 0.4 32.9 0.176384 -0.0352454 0.368571 0.0022725 0.0017008 123.307
209291 8 0.01 0.4 32.9 0.0565358 -0.360357 0.482509 0.00114174 -0.00171931 123.307
209861 8 0.01 0.4 32.9 0.151227 0.249551 0.300443 0.00282971 0.00347869 123.307
216604 8 0.01 0.4 32.9 0.431139 0.0438083 0.652083 0.0106351 0.00282326 123.307
219481 8 0.01 0.4 32.9 -0.117581 0.345757 0.538395 -0.00194802 0.00608242 123.307
225996 8 0.01 0.4 32.9 -0.109583 0.491805 0.391812 -6.73985e-06 0.0040506 123.307
226007 8 0.01 0.4 32.9 -0.0142958 -0.0328929 0.519542 0.000638541 0.00109526 123.307
227513 8 0.01 0.4 32.9 -0.491027 -0.16153 0.338503 -0.00162793 0.000366782 123.307
227996 8 0.01 0.4 32.9 -0.446133 0.156777 0.664837 -0.00733301 0.00792982 123.307
228715 8 0.01 0.4 32.9 0.301084 -0.273035 0.644279 0.0034669 -0.0042541 123.307
228753 8 0.01 0.4 32.9 0.192835 -0.223767 0.264621 0.00353518 -0.0088423 123.307
229299 8 0.01 0.4 32.9 -0.268072 0.247409 0.70625 -0.00379114 0.00646554 123.307
230010 8 0.01 0.4 32.9 0.09409 0.0568237 0.431196 -5.68094e-05 0.00115779 123.307
232877 8 0.01 0.4 32.9 -0.0419283 -0.440829 0.436825 -0.00353881 -0.00369041 123.307
236878 8 0.01 0.4 32.9 -0.0567654 0.125219 0.536722 0.000522366 0.00530548 123.307
238303 8 0.01 0.4 32.9 -0.320928 0.314309 0.135028 -0.00554187 0.00225498 123.307
238490 8 0.01 0.4 32.9 -0.0870562 -0.115529 0.671964 -0.00199198 -0.00151651 123.307
239418 8 0.01 0.4 32.9 -0.233368 0.159882 0.558282 -0.00316731 0.00195149 123.307
243465 8 0.01 0.4 32.9 -0.277509 0.164473 0.479557 -0.00306329 0.00343058 123.307
245228 8 0.01 0.4 32.9 0.16285 0.324843 0.427456 0.00330284 0.00494926 123.307
246484 8 0.01 0.4 32.9 0.364975 0.326405 0.639351 0.0067406 0.00749049 123.307
248610 8 0.01 0.4 32.9 -0.0058237 -0.428706 1.7483 -0.00159677 -0.0219339 123.307
253719 8 0.01 0.4 32.9 0.374987 -0.0956523 0.667106 0.00597707 3.87607e-05 123.307
254697 8 0.01 0.4 32.9 0.0851345 0.0163551 0.81458 0.00318599 0.00139955 123.307
254709 8 0.01 0.4 32.9 -0.000371441 -0.388976 0.703643 0.000664624 -0.0086491 123.307
255394 8 0.01 0.4 32.9 0.409549 -0.477875 0.606506 0.0077671 -0.00773147 123.307
255416 8 0.01 0.4 32.9 0.328352 0.236573 0.46912 0.00636337 0.00446214 123.307
257989 8 0.01 0.4 32.9 0.373124 -0.459274 0.345495 0.00524397 -0.00374425 123.307
258747 8 0.01 0.4 32.9 -0.203152 0.35905 0.255227 0.000767575 0.0078551 123.307
259201 8 0.01 0.4 32.9 -0.141984 -0.490306 0.737055 -0.00242318 -0.00808613 123.307
259459 8 0.01 0.4 32.9 0.306086 -0.345824 0.482979 0.00546193 -0.000803019 123.307
260757 8 0.01 0.4 32.9 0.203725 0.463905 0.186796 0.000571407 0.00790194 123.307
261766 8 0.01 0.4 32.9 -0.415601 -0.288864 0.81635 -0.0115396 -0.00594045 123.307
262625 8 0.01 0.4 32.9 -0.223667 0.46597 0.0865471 0.00665674 -0.00543677 123.307
263271 8 0.01 0.4 32.9 -0.0291008 0.11908 0.436571 0.00150374 0.00358625 123.307
264031 8 0.01 0.4 32.9 -0.075604 0.279637 0.284372 -0.00174983 0.00440591 123.307
264683 8 0.01 0.4 32.9 0.167828 0.391867 0.274718 2.76546e-05 0.00507528 123.307
269017 8 0.01 0.4 32.9 0.00880502 0.0465051 0.214653 0.000697525 0.00185574 123.307
270924 8 0.01 0.4 32.9 -0.286171 0.41556 0.254661 -0.00353306 0.00301518 123.307
271168 8 0.01 0.4 32.9 -0.290537 -0.440014 0.767921 -0.00829315 -0.00874616 123.307
272478 8 0.01 0.4 32.9 -0.215954 0.200406 0.843433 -0.00447011 0.00509824 123.307
274031 8 0.01 0.4 32.9 -0.216672 0.0683896 0.44101 -0.00379607 0.00225966 123.307
274789 8 0.01 0.4 32.9 0.482085 0.0285765 0.324786 0.00134047 0.00111442 123.307
274943 8 0.01 0.4 32.9 -0.331668 0.353016 0.256904 -0.00173978 -0.000701862 123.307
276219 8 0.01 0.4 32.9 0.0400503 -0.36106 2.43295 0.00187099 -0.0291943 123.307
278318 8 0.01 0.4 32.9 -0.32733 0.254259 0.689754 -0.00643067 0.00574245 123.307
279021 8 0.01 0.4 32.9 -0.0388394 0.438037 0.330194 -0.00141055 0.00478991 123.307
279914 8 0.01 0.4 32.9 -0.0719161 -0.140979 0.51283 0.00046371 -0.000168807 123.307
282332 8 0.01 0.4 32.9 -0.339268 0.166879 0.583464 -0.00562256 0.00483576 123.307
282596 8 0.01 0.4 32.9 0.0974067 -0.337827 0.179521 0.00462255 -0.00266308 123.307
285004 8 0.01 0.4 32.9 -0.365668 -0.189523 1.41401 -0.0153915 -0.00693984 123.307
286018 8 0.01 0.4 32.9 -0.17264 0.188122 0.167351 -0.0012094 -0.000297134 123.307
286465 8 0.01 0.4 32.9 0.254562 0.423503 0.548218 0.00303285 0.00740717 123.307
291416 8 0.01 0.4 32.9 -0.0879515 0.157541 0.228455 -0.00414422 0.00422298 123.307
295612 8 0.01 0.4 32.9 0.421277 -0.448015 0.600205 0.00771053 -0.00766107 123.307
301436 8 0.01 0.4 32.9 -0.474339 -0.466026 1.00667 -0.0150275 -0.0161548 123.307
305053 8 0.01 0.4 32.9 -0.0716631 0.0863163 0.411899 -0.000842327 0.00191561 123.307
305197 8 0.01 0.4 32.9 0.157021 -0.277927 0.691913 0.00589494 -0.00726838 123.307
311527 8 0.01 0.4 32.9 0.22806 0.10298 0.183979 0.00448455 -0.00424518 123.307
311813 8 0.01 0.4 32.9 -0.0793353 0.410716 0.896797 -0.00185959 0.0115322 123.307
312713 8 0.01 0.4 32.9 0.0724341 -0.453511 0.83711 0.00352954 -0.0103908 123.307
315456 8 0.01 0.4 32.9 0.262374 -0.362536 0.252883 0.000355828 -0.00614597 123.307
317552 8 0.01 0.4 32.9 -0.301052 -0.240902 0.528476 -0.00474454 -0.00131938 123.307
320268 8 0.01 0.4 32.9 -0.0725107 0.110748 0.636689 -0.000229229 0.00220987 123.307
322332 8 0.01 0.4 32.9 -0.32859 0.343227 1.34064 -0.0160421 0.0147409 123.307
322771 8 0.01 0.4 32.9 0.164438 -0.0281605 0.303371 0.00230052 -0.00216601 123.307
323210 8 0.01 0.4 32.9 -0.060256 0.394274 0.311713 0.000136138 0.00298357 123.307
323267 8 0.01 0.4 32.9 -0.437484 -0.486365 0.18765 0.000489161 -5.58894e-05 123.307
323491 8 0.01 0.4 32.9 -0.164629 0.36495 0.874575 -0.00535282 0.00976887 123.307
324231 8 0.01 0.4 32.9 -0.453156 -0.29372 0.406955 -0.00487031 -0.0031792 123.307
324298 8 0.01 0.4 32.9 0.134222 0.137974 0.47618 -0.000652166 0.00301945 123.307
326501 8 0.01 0.4 32.9 -0.0535287 0.10183 0.748896 -0.00189196 0.00330546 123.307
327867 8 0.01 0.4 32.9 -0.327743 0.330683 0.748539 -0.00899148 0.0104953 123.307
328129 8 0.01 0.4 32.9 -0.0658017 -0.0521909 0.167877 0.00526893 0.000981573 123.307
328516 8 0.01 0.4 32.9 -0.384726 -0.33937 0.960501 -0.0122484 -0.00911496 123.307
331007 8 0.01 0.4 32.9 -0.433131 0.443014 1.01984 -0.0137769 0.0157769 123.307
331020 8 0.01 0.4 32.9 -0.267637 -0.440481 0.412562 -0.00496092 -0.00496156 123.307
332450 8 0.01 0.4 32.9 0.468878 -0.413667 0.262247 0.00759132 -0.0026561 123.307
335549 8 0.01 0.4 32.9 -0.147923 0.291986 0.255728 -0.00277693 0.00519178 123.307
336666 8 0.01 0.4 32.9 0.0470139 -0.353549 0.549702 -0.000550725 -0.00468964 123.307
338504 8 0.01 0.4 32.9 0.33371 -0.0606531 2.27934 0.0202614 -0.00484368 123.307
340820 8 0.01 0.4 32.9 0.142358 0.410953 0.397434 0.00352456 0.00278038 123.307
341225 8 0.01 0.4 32.9 0.326758 0.245018 0.572534 0.00498558 0.0034649 123.307
343096 8 0.01 0.4 32.9 -0.0132061 -0.0741292 0.110671 -0.000125353 0.00345232 123.307
345851 8 0.01 0.4 32.9 -0.155166 0.284612 0.547338 -0.00183364 0.00470559 123.307
346261 8 0.01 0.4 32.9 -0.370399 0.400167 0.78628 -0.0121178 0.00906223 123.307
346960 8 0.01 0.4 32.9 0.20441 0.336111 1.42594 0.00890485 0.0152051 123.307
350928 8 0.01 0.4 32.9 -0.480418 -0.217304 0.413452 -0.00412415 0.00239117 123.307
351161 8 0.01 0.4 32.9 -0.436624 -0.240983 0.0712349 0.000184184 -0.00183786 123.307
352621 8 0.01 0.4 32.9 0.325685 0.316824 1.31986 0.0138786 0.0128871 123.307
355125 8 0.01 0.4 32.9 -0.171719 0.176641 1.01455 -0.00431443 0.00598436 123.307
355429 8 0.01 0.4 32.9 -0.0353425 0.309949 0.571717 -4.8874e-05 0.00487044 123.307
359659 8 0.01 0.4 32.9 -0.229577 -0.123529 0.410843 -0.00301963 -0.0025173 123.307
361493 8 0.01 0.4 32.9 -0.0558233 -0.21419 0.154561 -0.00852268 -0.000543197 123.307
365219 8 0.01 0.4 32.9 0.0579042 0.122361 0.214866 0.00528652 0.000797403 123.307
366266 8 0.01 0.4 32.9 -0.00772452 -0.249883 0.177454 0.000930704 0.0052275 123.307
369584 8 0.01 0.4 32.9 0.379963 0.0224414 1.4074 0.0149789 0.000443932 123.307
371249 8 0.01 0.4 32.9 0.155734 0.215988 0.4588 0.00257162 0.00172481 123.307
372683 8 0.01 0.4 32.9 -0.338918 -0.0125341 0.58396 -0.00827471 -0.000593946 123.307
373076 8 0.01 0.4 32.9 0.112279 -0.113885 0.114474 -0.000355901 -0.0029692 123.307
375052 8 0.01 0.4 32.9 -0.240786 -0.253898 0.413344 -0.00535173 -0.00252401 123.307
375988 8 0.01 0.4 32.9 -0.386863 -0.0718405 0.284914 -0.0040357 -0.00126008 123.307
377862 8 0.01 0.4 32.9 0.406197 -0.126251 0.806292 0.00963633 -0.00274322 123.307
378588 8 0.01 0.4 32.9 -0.360019 -0.469434 0.71846 -0.00801886 -0.00797805 123.307
379746 8 0.01 0.4 32.9 -0.148072 0.396708 0.122857 -0.00809146 0.000257711 123.307
382292 8 0.01 0.4 32.9 0.371443 0.487984 0.37123 0.00502014 0.00389829 123.307
383392 8 0.01 0.4 32.9 -0.445375 0.458896 0.156843 -0.00109876 0.00759419 123.307
384282 8 0.01 0.4 32.9 0.391581 -0.471495 0.0959024 -0.00179637 0.00320215 123.307
385224 8 0.01 0.4 32.9 -0.411678 -0.456302 0.793097 -0.00609027 -0.0111118 123.307
385846 8 0.01 0.4 32.9 0.459535 0.170925 0.104748 0.00699564 0.000762744 123.307
389353 8 0.01 0.4 32.9 -0.314238 -0.221753 1.12099 -0.0102751 -0.00740217 123.307
390655 8 0.01 0.4 32.9 0.123939 -0.486189 0.178933 -0.00308664 -0.00316379 123.307
393512 8 0.01 0.4 32.9 -0.496163 0.148745 0.847328 -0.011411 0.0027329 123.307
396025 8 0.01 0.4 32.9 0.122271 -0.353872 0.529553 0.00225017 -0.00671924 123.307
397346 8 0.01 0.4 32.9 -0.214591 0.122359 0.335204 -0.000186549 0.00323148 123.307
398830 8 0.01 0.4 32.9 -0.284552 0.00801588 0.366182 -0.00584396 -0.00194892 123.307
401091 8 0.01 0.4 32.9 -0.398088 -0.359215 0.417291 -0.00479471 -0.00274058 123.307
401537 8 0.01 0.4 32.9 -0.447475 0.161997 0.157217 -0.000686667 -0.000965797 123.307
402819 8 0.01 0.4 32.9 0.0534069 0.0841046 0.0465724 -0.000843797 -0.000814058 123.307
404789 8 0.01 0.4 32.9 -0.338825 -0.102137 0.345997 -0.00367648 0.00207027 123.307
407417 8 0.01 0.4 32.9 0.317206 0.386602 1.4553 0.0150997 0.0160186 123.307
407782 8 0.01 0.4 32.9 -0.376112 0.279646 0.257978 -0.00588499 -0.00214898 123.307
409778 8 0.01 0.4 32.9 0.170747 -0.343175 0.649563 0.00422823 -0.00350848 123.307
409876 8 0.01 0.4 32.9 -0.199821 0.164755 0.382578 -0.00388336 0.00461974 123.307
412592 8 0.01 0.4 32.9 -0.0991743 -0.369648 0.295214 -0.00197115 -0.00233369 123.307
414103 8 0.01 0.4 32.9 0.103856 -0.322118 0.394898 0.000400836 -0.00548115 123.307
415281 8 0.01 0.4 32.9 0.474066 -0.00876716 0.250981 0.0030586 0.00321499 123.307
419790 8 0.01 0.4 32.9 0.225421 0.103991 0.325359 0.0014355 0.00198927 123.307
422873 8 0.01 0.4 32.9 0.0469065 -0.045675 0.253667 -0.00199997 -0.00140895 123.307
422956 8 0.01 0.4 32.9 0.470042 -0.449258 0.35741 0.00353335 -0.00119538 123.307
423506 8 0.01 0.4 32.9 0.476367 -0.406629 0.223527 0.00308546 -0.00211972 123.307
426902 8 0.01 0.4 32.9 -0.287444 -0.110475 0.122294 0.00406851 0.00383301 123.307
429147 8 0.01 0.4 32.9 -0.472172 -0.490899 0.375406 -0.00621589 -0.00532806 123.307
432270 8 0.01 0.4 32.9 -0.0269521 -0.268041 0.317211 -0.00329418 -0.00404021 123.307
432961 8 0.01 0.4 32.9 -0.0810316 -0.230264 0.310435 0.000779395 -0.00205704 123.307
433066 8 0.01 0.4 32.9 0.104283 0.421085 0.553614 -0.00122668 0.00939474 123.307
433152 8 0.01 0.4 32.9 -0.297219 0.420484 0.273505 -0.000295749 2.32533e-05 123.307
434734 8 0.01 0.4 32.9 -0.441454 0.188658 0.537929 -0.00721272 0.00269488 123.307
435454 8 0.01 0.4 32.9 0.0434435 0.0513111 0.476978 -0.00153273 0.000405849 123.307
436092 8 0.01 0.4 32.9 0.272021 -0.31123 0.409737 0.00394458 -0.00308788 123.307
436675 8 0.01 0.4 32.9 0.467776 -0.344564 0.40581 0.00695309 -0.00292057 123.307
436879 8 0.01 0.4 32.9 0.355032 0.0783273 0.393659 0.00649994 0.00427098 123.307
440720 8 0.01 0.4 32.9 0.404431 -0.267266 0.425157 0.00251918 -0.00356278 123.307
441304 8 0.01 0.4 32.9 -0.00776236 -0.415984 0.166575 -0.000725745 -0.00315477 123.307
441665 8 0.01 0.4 32.9 0.461358 -0.0751514 0.152508 -0.00202713 0.00235674 123.307
443117 8 0.01 0.4 32.9 0.218681 -0.24038 0.2246 -0.00148918 -0.00792202 123.307
446429 8 0.01 0.4 32.9 0.078737 -0.13328 0.242492 0.00434355 -0.00101921 123.307
446883 8 0.01 0.4 32.9 -0.00835956 -0.497977 0.235805 -0.000770526 -0.00411675 123.307
449406 8 0.01 0.4 32.9 0.385853 0.240268 0.258586 0.00466253 0.00310642 123.307
450292 8 0.01 0.4 32.9 0.378135 0.0805219 1.06161 0.0123242 0.00391633 123.307
450366 8 0.01 0.4 32.9 -0.408422 0.303923 0.463975 -0.00815418 0.00555286 123.307
451497 8 0.01 0.4 32.9 -0.479272 0.115604 0.261302 -0.00277039 -0.000513462 123.307
453381 8 0.01 0.4 32.9 -0.445991 0.401684 0.660737 -0.00958333 0.0109339 123.307
456402 8 0.01 0.4 32.9 -0.431748 0.482782 0.412807 -0.00822161 0.00728763 123.307
460516 8 0.01 0.4 32.9 0.376545 0.239133 0.51975 0.00796411 0.00692183 123.307
460912 8 0.01 0.4 32.9 -0.425655 0.324023 0.710172 -0.00982003 0.00614834 123.307
461486 8 0.01 0.4 32.9 0.053421 0.399509 0.804363 -0.000483446 0.0105282 123.307
462319 8 0.01 0.4 32.9 -0.387627 -0.327956 0.268222 -0.00669911 -0.00158659 123.307
466769 8 0.01 0.4 32.9 -0.293582 -0.171443 0.76955 -0.00694364 -0.00103151 123.307
467338 8 0.01 0.4 32.9 -0.0979159 -0.0269545 0.53276 -0.00326624 0.0028968 123.307
472968 8 0.01 0.4 32.9 -0.236962 -0.457818 0.847587 -0.00651574 -0.00962095 123.307
477758 8 0.01 0.4 32.9 0.0852381 0.0748846 0.786112 0.00130327 0.00227428 123.307
478650 8 0.01 0.4 32.9 0.280718 -0.0502433 0.139006 -0.00609088 -0.00137741 123.307
478689 8 0.01 0.4 32.9 0.440817 0.18766 0.801215 0.0113479 0.00282198 123.307
479070 8 0.01 0.4 32.9 -0.368184 0.136809 0.212593 -0.00284741 0.00256783 123.307
485096 8 0.01 0.4 32.9 -0.270581 -0.200351 0.119724 -0.00276447 -0.000980745 123.307
485481 8 0.01 0.4 32.9 -0.197622 -0.243758 0.575767 -0.00336143 -0.00331984 123.307
487402 8 0.01 0.4 32.9 0.0979467 -0.405988 0.349232 0.00514941 -0.00109949 123.307
488077 8 0.01 0.4 32.9 0.174992 0.337266 0.219058 0.00230447 0.00140341 123.307
491485 8 0.01 0.4 32.9 0.426718 -0.227953 0.160587 0.00654896 -0.000180231 123.307
491763 8 0.01 0.4 32.9 -0.38157 -0.160514 0.233692 -0.0019119 -0.000144264 123.307
495972 8 0.01 0.4 32.9 -0.303129 0.494966 0.325979 -0.00108543 0.00865579 123.307
496692 8 0.01 0.4 32.9 0.465561 0.107147 0.981194 0.0146943 0.0057588 123.307
