1182 2 0.01 1.5 32.9 -0.490536 0.0431954 2.36625 -0.0339429 0.00421003 114.887
1482 2 0.01 1.5 32.9 -0.0907134 0.47045 3.38824 -0.00911277 0.0500192 114.887
1553 2 0.01 1.5 32.9 0.474924 0.0275864 0.861943 0.0102223 0.00234912 114.887
5485 2 0.01 1.5 32.9 0.0495745 0.24677 5.46305 0.00756892 0.0432289 114.887
6147 2 0.01 1.5 32.9 0.376361 -0.417246 2.52689 0.0315551 -0.0324275 114.887
7525 2 0.01 1.5 32.9 0.0103519 0.416399 1.73347 0.000625726 0.0238837 114.887
7600 2 0.01 1.5 32.9 0.0984839 0.387761 2.33481 0.00622443 0.0261683 114.887
12302 2 0.01 1.5 32.9 -0.00888676 -0.346419 3.59913 0.000612255 -0.0363291 114.887
16529 2 0.01 1.5 32.9 0.296082 -0.105148 3.38703 0.0281899 -0.0115796 114.887
17745 2 0.01 1.5 32.9 0.0964703 0.461442 2.73381 0.00666472 0.0363287 114.887
20366 2 0.01 1.5 32.9 0.124535 -0.454501 1.14347 0.00402994 -0.0145732 114.887
21158 2 0.01 1.5 32.9 -0.371556 0.286067 2.69567 -0.0321391 0.024538 114.887
25488 2 0.01 1.5 32.9 -0.20754 -0.447236 1.89441 -0.0109292 -0.0265838 114.887
26536 2 0.01 1.5 32.9 0.26781 0.486514 2.05127 0.0152694 0.0307831 114.887
26975 2 0.01 1.5 32.9 0.439986 0.472084 3.64881 0.0476194 0.0552489 114.887
27199 2 0.01 1.5 32.9 -0.344157 0.28926 3.89711 -0.0407715 0.0364788 114.887
29224 2 0.01 1.5 32.9 -0.377467 0.314387 1.99078 -0.021418 0.0196686 114.887
29719 2 0.01 1.5 32.9 -0.34328 0.173859 2.78437 -0.028039 0.0165471 114.887
32790 2 0.01 1.5 32.9 -0.0633161 0.29943 3.59216 -0.00759118 0.0327995 114.887
34519 2 0.01 1.5 32.9 -0.349218 -0.255454 1.63489 -0.0185994 -0.0109253 114.887
36181 2 0.01 1.5 32.9 0.148576 -0.057257 4.10518 0.0176658 -0.00546677 114.887
36866 2 0.01 1.5 32.9 -0.373631 -0.380266 0.891756 -0.0108333 -0.0076631 114.887
36887 2 0.01 1.5 32.9 0.307738 -0.498314 5.51384 0.0525773 -0.0834747 114.887
38684 2 0.01 1.5 32.9 -0.282409 0.215349 1.70379 -0.0179151 0.0123129 114.887
43179 2 0.01 1.5 32.9 0.0123575 -0.137689 1.10484 -0.000457752 -5.95275e-05 114.887
46801 2 0.01 1.5 32.9 -0.219823 0.449147 3.91788 -0.0283892 0.0559586 114.887
47611 2 0.01 1.5 32.9 -0.138833 0.218816 1.58538 -0.00748262 0.00907272 114.887
49067 2 0.01 1.5 32.9 0.490167 0.375264 0.720338 0.00694313 0.00810422 114.887
54732 2 0.01 1.5 32.9 -0.224652 -0.426059 0.441933 -0.00527833 -0.00488471 114.887
54854 2 0.01 1.5 32.9 -0.0406035 -0.121508 3.70815 -0.00504508 -0.0129378 114.887
58046 2 0.01 1.5 32.9 0.146588 -0.00567708 0.997556 0.00688596 0.00273886 114.887
60314 2 0.01 1.5 32.9 0.41902 0.111004 4.19802 0.0537336 0.0136873 114.887
61563 2 0.01 1.5 32.9 0.12683 -0.158477 3.28627 0.0144455 -0.014715 114.887
62421 2 0.01 1.5 32.9 0.222571 0.353845 1.96611 0.0133434 0.0238019 114.887
66197 2 0.01 1.5 32.9 0.222689 0.17451 8.06046 0.0549949 0.0457785 114.887
66431 2 0.01 1.5 32.9 -0.47082 -0.291201 2.56961 -0.038354 -0.0201887 114.887
66665 2 0.01 1.5 32.9 0.245575 -0.159368 2.95352 0.0215872 -0.0131932 114.887
69790 2 0.01 1.5 32.9 -0.209974 0.289154 0.571208 -0.00675354 0.00538678 114.887
70312 2 0.01 1.5 32.9 0.44944 0.154336 5.24761 0.0726446 0.0244976 114.887
71540 2 0.01 1.5 32.9 0.264336 0.232158 8.63472 0.067973 0.0620051 114.887
75204 2 0.01 1.5 32.9 -0.338176 0.0347709 1.66234 -0.0188333 0.00281152 114.887
76778 2 0.01 1.5 32.9 -0.433525 0.0928163 1.87793 -0.0266459 0.00292213 114.887
76936 2 0.01 1.5 32.9 0.0590359 -0.156327 2.63928 0.00354626 -0.0134015 114.887
77328 2 0.01 1.5 32.9 -0.150743 0.404704 1.61411 -0.00722479 0.0190297 114.887
77648 2 0.01 1.5 32.9 0.267631 0.102756 1.73767 0.0151326 0.00532549 114.887
78407 2 0.01 1.5 32.9 0.0145294 -0.200818 1.84114 0.00222742 -0.00997308 114.887
79778 2 0.01 1.5 32.9 0.107512 -0.0295107 3.60963 0.0115444 -5.7619e-06 114.887
82841 2 0.01 1.5 32.9 -0.184649 -0.0314425 5.14716 -0.0294663 -0.00667031 114.887
84184 2 0.01 1.5 32.9 0.458691 0.260191 1.11352 0.0166405 0.00798579 114.887
86449 2 0.01 1.5 32.9 -0.465599 -0.473603 6.82821 -0.095999 -0.0985156 114.887
86896 2 0.01 1.5 32.9 -0.498905 -0.370203 6.34772 -0.0961614 -0.0703725 114.887
87149 2 0.01 1.5 32.9 -0.441922 -0.273257 2.12306 -0.0266062 -0.0167085 114.887
89542 2 0.01 1.5 32.9 0.46987 -0.367767 2.61368 0.0384844 -0.0313762 114.887
91539 2 0.01 1.5 32.9 -0.0807238 0.12023 0.36623 0.00611372 0.00679925 114.887
93168 2 0.01 1.5 32.9 0.241133 0.168408 3.1824 0.023201 0.020627 114.887
93873 2 0.01 1.5 32.9 0.261883 -0.0192872 1.97314 0.0182357 0.00104661 114.887
94013 2 0.01 1.5 32.9 -0.184772 -0.498191 4.89787 -0.0270531 -0.0716954 114.887
94248 2 0.01 1.5 32.9 0.367573 0.235949 7.38517 0.0820618 0.0532517 114.887
95770 2 0.01 1.5 32.9 0.11442 -0.0593638 3.92064 0.0143178 -0.00811847 114.887
97698 2 0.01 1.5 32.9 -0.463809 -0.183175 1.66304 -0.0212873 -0.00464746 114.887
99460 2 0.01 1.5 32.9 0.238824 -0.454182 9.27792 0.0688677 -0.127568 114.887
99647 2 0.01 1.5 32.9 0.411291 0.170181 1.12629 0.0148007 0.00629083 114.887
100833 2 0.01 1.5 32.9 0.256407 0.206007 1.57818 0.010245 0.0100135 114.887
105903 2 0.01 1.5 32.9 0.259079 -0.0170548 3.37626 0.0277219 -0.00207955 114.887
106339 2 0.01 1.5 32.9 -0.159862 0.408918 2.0977 -0.0119822 0.0271127 114.887
108114 2 0.01 1.5 32.9 0.19569 0.17518 5.94463 0.0367493 0.0329937 114.887
108529 2 0.01 1.5 32.9 0.0248075 0.192698 3.18527 0.00252468 0.0208212 114.887
110922 2 0.01 1.5 32.9 0.401282 0.228434 4.01891 0.0477147 0.0293377 114.887
114022 2 0.01 1.5 32.9 0.488379 0.304885 1.53508 0.0207435 0.0157343 114.887
114335 2 0.01 1.5 32.9 -0.22859 0.454471 2.39078 -0.0156626 0.0335911 114.887
117042 2 0.01 1.5 32.9 -0.198595 -0.152679 0.7485 -0.00379074 -0.00667328 114.887
119844 2 0.01 1.5 32.9 0.153215 0.118528 2.09679 0.0104302 0.00884661 114.887
123305 2 0.01 1.5 32.9 -0.048185 -0.10898 2.03227 -0.00365257 -0.0043209 114.887
128191 2 0.01 1.5 32.9 0.0468393 0.456444 4.34067 0.00639964 0.0597739 114.887
129035 2 0.01 1.5 32.9 0.321455 0.0423464 3.47438 0.0356173 0.00601989 114.887
129411 2 0.01 1.5 32.9 0.31874 0.0957088 1.56422 0.0151476 0.00457312 114.887
129568 2 0.01 1.5 32.9 -0.225387 0.269917 2.09161 -0.0155544 0.017078 114.887
129693 2 0.01 1.5 32.9 -0.421669 -0.177779 1.86252 -0.026504 -0.00975385 114.887
130780 2 0.01 1.5 32.9 -0.00705703 -0.126958 1.35477 -0.00187026 -0.00163394 114.887
131249 2 0.01 1.5 32.9 0.144745 -0.275926 0.895698 0.00220566 -0.00360428 114.887
132454 2 0.01 1.5 32.9 -0.123591 0.160788 2.8884 -0.00891125 0.0150007 114.887
135359 2 0.01 1.5 32.9 0.0339027 0.226648 2.93781 0.00532132 0.0193411 114.887
135898 2 0.01 1.5 32.9 -0.387467 -0.265815 2.28695 -0.0294339 -0.0173857 114.887
137053 2 0.01 1.5 32.9 0.355112 -0.0916193 3.0842 0.0337971 -0.00515235 114.887
138873 2 0.01 1.5 32.9 -0.203057 0.276157 4.55851 -0.0281795 0.0391028 114.887
141161 2 0.01 1.5 32.9 0.112223 0.177125 1.48442 0.00434823 0.00687036 114.887
141609 2 0.01 1.5 32.9 0.0958315 0.219903 11.4178 0.0336643 0.0768534 114.887
142220 2 0.01 1.5 32.9 0.0132108 -0.351242 0.709143 0.000550257 -0.0104089 114.887
143476 2 0.01 1.5 32.9 -0.068697 0.242241 5.22887 -0.0111738 0.0378727 114.887
146951 2 0.01 1.5 32.9 -0.0590807 -0.044142 2.55257 -0.00447551 -0.004016 114.887
148832 2 0.01 1.5 32.9 -0.30494 -0.2145 0.708814 -0.00539918 -0.00422542 114.887
149030 2 0.01 1.5 32.9 -0.103538 0.0763043 4.02554 -0.0123326 0.00861211 114.887
150319 2 0.01 1.5 32.9 0.487094 -0.133273 3.14745 0.0463099 -0.0127785 114.887
151684 2 0.01 1.5 32.9 0.187098 0.416824 3.38272 0.0200662 0.043896 114.887
151942 2 0.01 1.5 32.9 -0.0990251 0.421657 1.66842 -0.00537474 0.0202949 114.887
152849 2 0.01 1.5 32.9 0.321826 -0.244231 0.731528 0.00465634 -0.00667885 114.887
155616 2 0.01 1.5 32.9 -0.135692 -0.0391957 4.19443 -0.0201761 -0.00470638 114.887
159934 2 0.01 1.5 32.9 -0.142619 0.0188805 0.912784 -0.00672116 -0.00286433 114.887
159970 2 0.01 1.5 32.9 0.217302 -0.416385 2.34371 0.015716 -0.0280383 114.887
168658 2 0.01 1.5 32.9 0.282638 0.041119 4.73282 0.0395285 0.00502264 114.887
170031 2 0.01 1.5 32.9 0.372079 0.471411 0.517654 0.00215245 0.00335765 114.887
174105 2 0.01 1.5 32.9 -0.04118 -0.486581 2.85229 -0.0042426 -0.0405486 114.887
174771 2 0.01 1.5 32.9 -0.0170945 -0.160936 0.298333 -0.00228329 0.00353448 114.887
176436 2 0.01 1.5 32.9 0.435207 -0.0646354 5.51733 0.0740262 -0.0090519 114.887
179751 2 0.01 1.5 32.9 -0.125323 -0.0149148 3.07831 -0.00936923 -0.00298959 114.887
179959 2 0.01 1.5 32.9 0.106642 -0.271229 1.18747 5.95041e-05 -0.00808735 114.887
181788 2 0.01 1.5 32.9 0.0181568 0.0916328 0.911232 0.000370768 0.000955313 114.887
183887 2 0.01 1.5 32.9 0.475325 0.327957 2.95084 0.0409456 0.0288684 114.887
184998 2 0.01 1.5 32.9 0.0655372 0.162713 1.42436 0.00207937 0.00870247 114.887
185511 2 0.01 1.5 32.9 0.15945 -0.319497 0.40945 0.000756239 -0.00622619 114.887
187093 2 0.01 1.5 32.9 -0.156646 -0.48924 2.17515 -0.0111683 -0.034952 114.887
189002 2 0.01 1.5 32.9 0.380575 0.441677 2.60835 0.0298197 0.0336738 114.887
192353 2 0.01 1.5 32.9 0.0263033 -0.126602 1.90356 0.00323358 -0.00685235 114.887
192795 2 0.01 1.5 32.9 0.0320346 0.306066 11.1581 0.00896477 0.10396 114.887
192902 2 0.01 1.5 32.9 0.1638 0.198547 1.14108 0.0037772 0.00847141 114.887
193046 2 0.01 1.5 32.9 0.171488 0.189598 1.66303 0.00990485 0.0117738 114.887
195945 2 0.01 1.5 32.9 -0.288393 0.143758 1.66804 -0.016636 0.0103514 114.887
197211 2 0.01 1.5 32.9 0.116016 -0.0490116 2.67184 0.00967698 -0.00252509 114.887
197572 2 0.01 1.5 32.9 -0.321901 -0.005724 4.14855 -0.0398919 -0.000149343 114.887
199695 2 0.01 1.5 32.9 -0.151963 -0.375193 3.34003 -0.0150756 -0.038238 114.887
199931 2 0.01 1.5 32.9 -0.240306 0.391279 2.17958 -0.0184622 0.0258068 114.887
200841 2 0.01 1.5 32.9 0.47929 0.30153 0.160936 0.0167296 0.00412335 114.887
201720 2 0.01 1.5 32.9 -0.474107 -0.320456 3.37674 -0.0473664 -0.0310013 114.887
208051 2 0.01 1.5 32.9 -0.232243 0.261196 3.04324 -0.021257 0.023551 114.887
208345 2 0.01 1.5 32.9 0.205216 0.240383 1.50869 0.010817 0.0122476 114.887
208466 2 0.01 1.5 32.9 -0.0365037 -0.393939 3.09908 -0.00753027 -0.0357265 114.887
210923 2 0.01 1.5 32.9 0.100273 -0.009838 0.982284 0.000226173 -0.000694088 114.887
212332 2 0.01 1.5 32.9 0.41435 0.313483 2.84662 0.034324 0.027888 114.887
213753 2 0.01 1.5 32.9 0.25386 0.369734 2.40561 0.01943 0.0273261 114.887
214629 2 0.01 1.5 32.9 0.427342 -0.150084 3.38145 0.0436751 -0.0134409 114.887
216785 2 0.01 1.5 32.9 0.0140808 -0.317246 2.13662 0.001163 -0.0216121 114.887
221270 2 0.01 1.5 32.9 0.069588 -0.152451 2.49041 0.00352674 -0.010953 114.887
221436 2 0.01 1.5 32.9 -0.41487 -0.0530391 3.03477 -0.0363952 -0.00256418 114.887
221488 2 0.01 1.5 32.9 0.131267 0.0986528 0.786222 0.00309291 0.00158079 114.887
224179 2 0.01 1.5 32.9 -0.28211 -0.477389 4.20177 -0.036275 -0.062161 114.887
224289 2 0.01 1.5 32.9 -0.297704 -0.0967257 1.51635 -0.0140625 -0.00370533 114.887
229114 2 0.01 1.5 32.9 -0.46804 0.406282 1.95756 -0.0260185 0.0238834 114.887
232470 2 0.01 1.5 32.9 0.457641 0.446815 3.1482 0.0441852 0.0432192 114.887
232971 2 0.01 1.5 32.9 -0.201249 -0.253422 3.6499 -0.0233185 -0.0290074 114.887
234025 2 0.01 1.5 32.9 -0.0137907 0.123399 15.5761 -0.00618694 0.0587593 114.887
236089 2 0.01 1.5 32.9 -0.284547 -0.197597 2.1577 -0.0205146 -0.0128567 114.887
237025 2 0.01 1.5 32.9 -0.457171 0.425215 4.18708 -0.0569897 0.0528105 114.887
242451 2 0.01 1.5 32.9 0.258553 0.417333 2.11808 0.0182932 0.0285996 114.887
242839 2 0.01 1.5 32.9 -0.413708 -0.0877506 1.14633 -0.0114741 -0.000664046 114.887
243217 2 0.01 1.5 32.9 0.201325 0.312345 1.62223 0.0111635 0.0136556 114.887
243271 2 0.01 1.5 32.9 -1.25459e-06 0.337151 3.94643 0.0015736 0.0424897 114.887
245376 2 0.01 1.5 32.9 -0.356345 -0.437718 17.5685 -0.187514 -0.230281 114.887
246829 2 0.01 1.5 32.9 -0.010215 0.279306 9.0291 -0.00290982 0.0756545 114.887
247214 2 0.01 1.5 32.9 0.203892 0.294469 3.55239 0.0210348 0.032374 114.887
247554 2 0.01 1.5 32.9 -0.424183 -0.311754 2.18371 -0.0274908 -0.0222351 114.887
248665 2 0.01 1.5 32.9 0.309107 -0.234459 2.39589 0.0262054 -0.015533 114.887
249199 2 0.01 1.5 32.9 -0.241503 0.0894808 3.15917 -0.0205378 0.0110859 114.887
249757 2 0.01 1.5 32.9 -0.155677 -0.165993 4.88827 -0.0223631 -0.0217417 114.887
251011 2 0.01 1.5 32.9 0.495758 -0.462378 3.48484 0.0537894 -0.050405 114.887
252699 2 0.01 1.5 32.9 0.317915 0.0992898 4.68596 0.0461451 0.0135163 114.887
253589 2 0.01 1.5 32.9 -0.43786 -0.407422 0.745294 -0.00637727 -0.00543773 114.887
255178 2 0.01 1.5 32.9 0.0307234 -0.377701 4.23317 0.00304488 -0.0468663 114.887
255469 2 0.01 1.5 32.9 -0.214017 -0.478931 3.6093 -0.0227698 -0.0519131 114.887
258032 2 0.01 1.5 32.9 -0.278953 0.204893 3.88351 -0.0310298 0.0221524 114.887
258283 2 0.01 1.5 32.9 0.446915 0.226094 4.54589 0.0620954 0.0320269 114.887
261313 2 0.01 1.5 32.9 0.239253 0.189679 0.763469 0.000926134 0.0133051 114.887
261760 2 0.01 1.5 32.9 0.115676 -0.361453 4.67769 0.0159536 -0.0513421 114.887
263408 2 0.01 1.5 32.9 -0.47323 0.428769 5.82574 -0.0831665 0.0786736 114.887
266343 2 0.01 1.5 32.9 -0.303265 -0.317584 2.30938 -0.0229106 -0.0224322 114.887
270361 2 0.01 1.5 32.9 0.161179 -0.270331 2.81164 0.0121392 -0.0203919 114.887
272064 2 0.01 1.5 32.9 0.157585 -0.25802 4.65848 0.0227807 -0.0336611 114.887
272861 2 0.01 1.5 32.9 0.0483805 0.372949 3.15629 0.00262542 0.0361637 114.887
273762 2 0.01 1.5 32.9 -0.130987 0.367546 1.19839 -0.00555367 0.0127483 114.887
276403 2 0.01 1.5 32.9 -0.309315 -0.377631 3.11164 -0.028217 -0.0320189 114.887
277336 2 0.01 1.5 32.9 -0.364004 0.004192 0.295519 -0.00345833 -0.00192432 114.887
282541 2 0.01 1.5 32.9 0.192547 0.432015 1.68904 0.00671113 0.0235586 114.887
282640 2 0.01 1.5 32.9 0.173567 0.0991773 2.48339 0.0140606 0.0088971 114.887
285277 2 0.01 1.5 32.9 0.452275 -0.20115 4.13804 0.0583697 -0.0269911 114.887
285550 2 0.01 1.5 32.9 -0.288833 0.287249 1.92481 -0.018762 0.018644 114.887
285696 2 0.01 1.5 32.9 -0.182702 0.0230245 3.90049 -0.0215101 0.00285642 114.887
287020 2 0.01 1.5 32.9 0.0710358 0.000475056 1.87897 0.00279193 0.00182668 114.887
287797 2 0.01 1.5 32.9 -0.490815 0.160656 2.52153 -0.0385693 0.0135611 114.887
288015 2 0.01 1.5 32.9 0.0609411 0.04642 2.9201 0.00374447 0.00371352 114.887
288346 2 0.01 1.5 32.9 0.355158 -0.166939 1.56205 0.0137511 -0.00869627 114.887
290645 2 0.01 1.5 32.9 0.232174 0.170083 3.88573 0.0284984 0.0201181 114.887
293552 2 0.01 1.5 32.9 -0.0342999 -0.37516 3.4174 -0.00507861 -0.0389671 114.887
293996 2 0.01 1.5 32.9 0.081302 -0.441004 2.52503 0.00661219 -0.0334309 114.887
299388 2 0.01 1.5 32.9 -0.328365 0.0587578 2.2714 -0.0205762 0.00700487 114.887
300410 2 0.01 1.5 32.9 0.162725 -0.199587 13.7999 0.0706518 -0.0807326 114.887
300664 2 0.01 1.5 32.9 0.0157563 0.356565 4.81146 0.00309209 0.0522193 114.887
303357 2 0.01 1.5 32.9 0.456532 0.202307 14.9505 0.206592 0.0923082 114.887
303950 2 0.01 1.5 32.9 -0.074044 0.421116 7.62211 -0.0167651 0.0994462 114.887
305395 2 0.01 1.5 32.9 0.222115 -0.0722329 3.66522 0.0246188 -0.00586881 114.887
308731 2 0.01 1.5 32.9 -0.152649 -0.248065 2.00466 -0.00878329 -0.0158374 114.887
310160 2 0.01 1.5 32.9 -0.113889 0.300336 1.37926 -0.00681506 0.0156699 114.887
316487 2 0.01 1.5 32.9 -0.192395 -0.369695 5.02027 -0.0290049 -0.0567289 114.887
316885 2 0.01 1.5 32.9 0.133652 -0.278966 1.66604 0.00683204 -0.011266 114.887
321315 2 0.01 1.5 32.9 0.346366 -0.44604 1.40983 0.0153006 -0.0208358 114.887
322420 2 0.01 1.5 32.9 -0.44322 0.149193 3.60373 -0.0488714 0.0168009 114.887
322984 2 0.01 1.5 32.9 -0.0884368 -0.165174 1.51946 -0.00372846 -0.00811636 114.887
323037 2 0.01 1.5 32.9 -0.232993 0.444699 0.471471 -0.000556121 0.00543728 114.887
326271 2 0.01 1.5 32.9 -0.106993 0.40937 7.82548 -0.0236765 0.0987053 114.887
330296 2 0.01 1.5 32.9 0.367259 0.19139 1.83055 0.0174947 0.00973475 114.887
332758 2 0.01 1.5 32.9 -0.281119 -0.358355 1.38225 -0.0124954 -0.0166281 114.887
332996 2 0.01 1.5 32.9 0.177966 0.431376 3.86788 0.020065 0.0508784 114.887
333114 2 0.01 1.5 32.9 -0.262554 -0.000541216 0.891421 -0.00714577 -0.00120629 114.887
337611 2 0.01 1.5 32.9 -0.0478447 0.217722 3.86933 -0.004277 0.0272884 114.887
338715 2 0.01 1.5 32.9 0.231163 -0.179118 1.86691 0.0121491 -0.00636512 114.887
339080 2 0.01 1.5 32.9 -0.40055 0.475892 3.32285 -0.0421616 0.0463121 114.887
339087 2 0.01 1.5 32.9 -0.427914 -0.179294 3.94101 -0.053346 -0.0205086 114.887
339331 2 0.01 1.5 32.9 0.240732 -0.15031 7.31601 0.0568787 -0.0352028 114.887
339413 2 0.01 1.5 32.9 0.207193 -0.282257 3.05017 0.0182752 -0.0253079 114.887
340781 2 0.01 1.5 32.9 0.034563 -0.00662286 2.67761 0.00439248 -2.07653e-05 114.887
347808 2 0.01 1.5 32.9 -0.26096 -0.231197 0.980409 -0.00418278 -0.0041091 114.887
348546 2 0.01 1.5 32.9 -0.15797 -0.157714 3.71801 -0.0160231 -0.0172299 114.887
349148 2 0.01 1.5 32.9 -0.241811 -0.279283 4.32599 -0.0295616 -0.0387006 114.887
352445 2 0.01 1.5 32.9 -0.399052 0.240019 4.41577 -0.0520362 0.0328606 114.887
355001 2 0.01 1.5 32.9 -0.224628 -0.371225 5.25607 -0.0359719 -0.0590422 114.887
358124 2 0.01 1.5 32.9 -0.229097 0.103601 2.7806 -0.0190812 0.00766849 114.887
362448 2 0.01 1.5 32.9 -0.34784 -0.424868 2.24258 -0.025547 -0.0276488 114.887
363200 2 0.01 1.5 32.9 0.173949 0.156776 1.74018 0.011479 0.0117895 114.887
364201 2 0.01 1.5 32.9 -0.411915 -0.15163 1.52962 -0.0153881 -0.00966825 114.887
364785 2 0.01 1.5 32.9 -0.240672 -0.432764 0.982262 -0.00649847 -0.0119387 114.887
366020 2 0.01 1.5 32.9 -0.354938 0.13539 1.45093 -0.0165452 0.00726866 114.887
366305 2 0.01 1.5 32.9 -0.162418 0.0968843 1.63767 -0.00722333 0.00177597 114.887
366901 2 0.01 1.5 32.9 0.440264 0.471226 5.34868 0.0712991 0.0758779 114.887
369152 2 0.01 1.5 32.9 -0.105436 -0.106696 1.18565 -0.00435307 -0.00660391 114.887
369350 2 0.01 1.5 32.9 0.0878671 0.326845 1.87192 0.00665354 0.0187677 114.887
369740 2 0.01 1.5 32.9 -0.294916 0.434342 3.94505 -0.0358754 0.0538457 114.887
370937 2 0.01 1.5 32.9 0.370998 0.199564 2.48471 0.0283887 0.0177532 114.887
372690 2 0.01 1.5 32.9 0.00638695 -0.364634 6.38522 0.00339428 -0.0701967 114.887
372864 2 0.01 1.5 32.9 0.415819 -0.107293 1.38316 0.0177535 -0.00287793 114.887
376905 2 0.01 1.5 32.9 -0.44707 0.0266436 2.06621 -0.0276878 0.00426543 114.887
378867 2 0.01 1.5 32.9 -0.484911 0.119186 1.67021 -0.0307462 0.010737 114.887
381903 2 0.01 1.5 32.9 -0.353767 -0.493251 8.82739 -0.0921184 -0.131883 114.887
382629 2 0.01 1.5 32.9 -0.461019 -0.257183 0.872956 -0.00488861 -0.00284161 114.887
383972 2 0.01 1.5 32.9 -0.338857 -0.469072 1.66739 -0.0179141 -0.022535 114.887
386069 2 0.01 1.5 32.9 0.226946 -0.188032 2.67983 0.0169066 -0.0143849 114.887
386716 2 0.01 1.5 32.9 0.246303 -0.317427 2.3687 0.0167999 -0.0248299 114.887
387164 2 0.01 1.5 32.9 0.190313 0.369102 2.60608 0.013837 0.0299226 114.887
390269 2 0.01 1.5 32.9 0.0962725 0.019915 2.70093 0.00993226 0.0054659 114.887
390569 2 0.01 1.5 32.9 0.458555 -0.296567 1.61779 0.0214045 -0.0144009 114.887
391562 2 0.01 1.5 32.9 0.039871 -0.0588895 1.5128 0.00349503 -0.00436772 114.887
392359 2 0.01 1.5 32.9 0.232512 0.209382 3.38023 0.0237327 0.0230017 114.887
394012 2 0.01 1.5 32.9 0.310767 0.0223309 2.60535 0.0285176 0.00227479 114.887
397622 2 0.01 1.5 32.9 0.479076 -0.430925 1.22455 0.019308 -0.0146831 114.887
398410 2 0.01 1.5 32.9 -0.345239 -0.0634936 0.912149 -0.00862371 -0.00444704 114.887
400476 2 0.01 1.5 32.9 0.0466974 0.241135 2.29808 0.00488264 0.0165414 114.887
400525 2 0.01 1.5 32.9 0.125528 0.453639 1.33617 0.00652484 0.0201619 114.887
400542 2 0.01 1.5 32.9 -0.127963 0.287504 3.27893 -0.0138582 0.0279248 114.887
403098 2 0.01 1.5 32.9 -0.208215 0.453461 0.562782 0.00193955 0.0110431 114.887
404116 2 0.01 1.5 32.9 0.202211 0.316259 0.600523 0.00688536 0.00415329 114.887
405113 2 0.01 1.5 32.9 -0.31695 -0.344979 0.783784 -0.00812441 -0.00458196 114.887
406782 2 0.01 1.5 32.9 -0.427956 -0.161255 4.29191 -0.0549396 -0.0212258 114.887
409945 2 0.01 1.5 32.9 0.0770306 -0.32379 2.89912 0.00786965 -0.0296654 114.887
410092 2 0.01 1.5 32.9 -0.260261 0.373236 1.97924 -0.0161427 0.0230046 114.887
410784 2 0.01 1.5 32.9 -0.495255 -0.28198 2.06361 -0.0295293 -0.0163462 114.887
412764 2 0.01 1.5 32.9 -0.30812 -0.211627 2.31696 -0.0205064 -0.0126832 114.887
414684 2 0.01 1.5 32.9 -0.0489142 -0.404223 2.32182 -0.00469464 -0.0264704 114.887
417098 2 0.01 1.5 32.9 0.229763 -0.214037 1.77439 0.0122839 -0.0128587 114.887
417431 2 0.01 1.5 32.9 0.084202 0.0415016 1.70924 0.00704544 0.000154733 114.887
417979 2 0.01 1.5 32.9 0.0784446 0.179157 1.81637 0.00497382 0.0130859 114.887
419229 2 0.01 1.5 32.9 0.241026 0.0456626 2.82513 0.0185285 0.0055136 114.887
420161 2 0.01 1.5 32.9 -0.40568 -0.0333863 2.55161 -0.032158 -0.00267642 114.887
427378 2 0.01 1.5 32.9 0.287308 -0.175176 3.91248 0.0350469 -0.0196201 114.887
427994 2 0.01 1.5 32.9 -0.235612 0.319364 1.25878 -0.0077067 0.0130397 114.887
428399 2 0.01 1.5 32.9 -0.331107 0.0623319 1.66255 -0.0143815 0.00733773 114.887
433816 2 0.01 1.5 32.9 0.261753 0.138112 2.49922 0.0224645 0.0110609 114.887
434043 2 0.01 1.5 32.9 -0.327115 -0.207547 2.1225 -0.0215686 -0.0132126 114.887
435420 2 0.01 1.5 32.9 0.389419 0.186466 13.1507 0.15651 0.0739056 114.887
438787 2 0.01 1.5 32.9 -0.0444459 -0.0645225 2.08392 -0.00399837 -0.00235314 114.887
439950 2 0.01 1.5 32.9 -0.469063 -0.244768 3.21031 -0.0462613 -0.0211189 114.887
441226 2 0.01 1.5 32.9 0.472397 0.499762 6.48099 0.0929276 0.0990517 114.887
442281 2 0.01 1.5 32.9 -0.216518 -0.168828 6.40839 -0.0427638 -0.0343866 114.887
445987 2 0.01 1.5 32.9 -0.286996 -0.481264 1.69685 -0.0153581 -0.0228962 114.887
446383 2 0.01 1.5 32.9 -0.468075 -0.453601 1.25566 -0.0163205 -0.0180441 114.887
447693 2 0.01 1.5 32.9 0.00332535 -0.024642 1.87028 0.00310264 -0.00193268 114.887
449187 2 0.01 1.5 32.9 0.391371 -0.149488 0.512441 0.00982115 -0.0100589 114.887
450034 2 0.01 1.5 32.9 -0.394306 -0.319084 2.21552 -0.0311384 -0.0206445 114.887
450246 2 0.01 1.5 32.9 0.138991 0.318346 3.52436 0.0165558 0.0341106 114.887
450787 2 0.01 1.5 32.9 -0.352128 -0.314764 4.28619 -0.0442654 -0.0379446 114.887
452706 2 0.01 1.5 32.9 -0.459094 0.127385 2.87147 -0.0416961 0.0101295 114.887
452945 2 0.01 1.5 32.9 0.387513 0.488612 1.81395 0.019872 0.0267853 114.887
453558 2 0.01 1.5 32.9 -0.411489 0.427667 1.54759 -0.0186556 0.0193671 114.887
453810 2 0.01 1.5 32.9 -0.284822 0.286393 1.13266 -0.00998785 0.0112478 114.887
454648 2 0.01 1.5 32.9 -0.339743 0.167927 1.80834 -0.0166992 0.0107849 114.887
455228 2 0.01 1.5 32.9 -0.260165 -0.312999 1.45061 -0.0154102 -0.0149816 114.887
458087 2 0.01 1.5 32.9 0.437112 -0.442411 2.10403 0.0272778 -0.0272163 114.887
461728 2 0.01 1.5 32.9 0.377336 -0.446538 5.84024 0.0679871 -0.0773792 114.887
466918 2 0.01 1.5 32.9 0.365768 -0.3798 2.14676 0.0214419 -0.0224457 114.887
467065 2 0.01 1.5 32.9 -0.399536 0.494976 1.93354 -0.0230553 0.0323171 114.887
467174 2 0.01 1.5 32.9 0.246864 0.3848 2.42658 0.0194219 0.0275373 114.887
469090 2 0.01 1.5 32.9 -0.361915 0.419209 1.6097 -0.0182429 0.0218426 114.887
474537 2 0.01 1.5 32.9 -0.484449 0.102089 0.821267 -0.0131961 0.00284902 114.887
479114 2 0.01 1.5 32.9 0.4793 0.480684 2.01609 0.0295389 0.0301886 114.887
487915 2 0.01 1.5 32.9 0.149338 -0.319323 4.69296 0.0206933 -0.0452525 114.887
488298 2 0.01 1.5 32.9 -0.490636 -0.147836 2.52699 -0.0395243 -0.0107722 114.887
490793 2 0.01 1.5 32.9 0.00122186 -0.415247 2.25681 -0.00107039 -0.029096 114.887
492099 2 0.01 1.5 32.9 -0.218729 -0.042447 7.74139 -0.0538555 -0.00764817 114.887
492676 2 0.01 1.5 32.9 0.40446 0.329093 1.76729 0.0233301 0.0196887 114.887
493127 2 0.01 1.5 32.9 0.430696 0.105507 2.4164 0.0347781 0.00855235 114.887
494964 2 0.01 1.5 32.9 -0.202232 0.256554 2.09738 -0.00960364 0.0144659 114.887
498240 2 0.01 1.5 32.9 0.400644 -0.223783 0.945719 0.0124192 -0.00484532 114.887
