428 14 0.1 1 32.9 -0.221043 -0.364663 7.51346 -0.0645149 -0.0830433 32.5649
553 14 0.1 1 32.9 -0.388175 0.0809842 6.08503 -0.0732361 -0.0204572 31.2635
1233 14 0.1 1 32.9 0.200841 0.459325 2.29697 0.0222415 0.0393217 33.9503
1290 14 0.1 1 32.9 0.257416 0.0403707 2.62452 0.0143552 -0.0163373 34.3871
1639 14 0.1 1 32.9 0.431671 0.43873 5.22702 0.0933421 0.0446748 33.9948
3453 14 0.1 1 32.9 0.130145 -0.409719 3.75797 0.0118514 -0.0411343 31.8082
3554 14 0.1 1 32.9 -0.307898 -0.293625 2.68638 -0.0332358 -0.0247353 35.1923
3747 14 0.1 1 32.9 -0.343614 -0.0352558 7.18797 -0.0909936 0.00357908 34.8253
4671 14 0.1 1 32.9 0.0446042 -0.0627172 5.24418 -4.0281e-05 -0.0239008 34.3308
5160 14 0.1 1 32.9 -0.106962 0.331803 5.18232 0.00641047 0.0517143 37.466
5425 14 0.1 1 32.9 -0.0851418 -0.28105 5.1888 -0.0164873 -0.0486997 37.4326
5872 14 0.1 1 32.9 -0.0914557 -0.192435 2.12538 -0.0268384 -0.0546247 34.1409
11467 14 0.1 1 32.9 0.384064 -0.214775 4.51944 0.0559552 0.00275033 35.2601
11595 14 0.1 1 32.9 0.133244 0.16439 9.86584 0.0341494 0.0534398 31.8347
11850 14 0.1 1 32.9 -0.360924 0.346816 9.59041 -0.0788815 0.0796594 33.4349
13096 14 0.1 1 32.9 0.142314 -0.239235 7.92922 0.0359321 -0.0460088 35.0762
14865 14 0.1 1 32.9 -0.27292 -0.0892896 2.50967 -0.0317614 0.004886 34.4896
15691 14 0.1 1 32.9 -0.432246 -0.252839 4.6992 -0.0601547 -0.0320256 35.0336
15925 14 0.1 1 32.9 0.223373 0.110648 5.45575 0.0500675 0.017046 37.0955
16075 14 0.1 1 32.9 -0.0373208 0.232036 2.85012 -0.00475098 0.0111727 34.5503
17203 14 0.1 1 32.9 -0.176078 -0.196457 2.89673 4.49177e-05 0.00698555 31.8125
18356 14 0.1 1 32.9 0.141128 0.493652 4.44924 0.0199556 0.0653671 32.0211
18705 14 0.1 1 32.9 0.421076 0.311872 8.50536 0.101526 0.0714166 32.8839
19064 14 0.1 1 32.9 -0.442363 0.25106 6.01837 -0.098523 0.0512757 33.0109
19508 14 0.1 1 32.9 0.475669 0.049855 7.98565 0.105022 0.019581 34.1531
20918 14 0.1 1 32.9 -0.226168 0.483561 3.68573 -0.000208594 0.0423371 34.6279
21319 14 0.1 1 32.9 0.248803 -0.42732 6.18797 0.0418709 -0.0511349 36.7281
21817 14 0.1 1 32.9 0.174383 -0.253392 7.57559 0.0347206 -0.0664555 33.3082
22580 14 0.1 1 32.9 0.4578 0.376134 1.38194 -0.0207588 0.0299358 32.4859
22664 14 0.1 1 32.9 0.406347 -0.354772 4.17616 0.03481 -0.0517077 33.6336
23064 14 0.1 1 32.9 -0.182059 -0.178233 9.66143 -0.0381542 -0.0391706 33.8697
23271 14 0.1 1 32.9 -0.278138 -0.143576 3.80104 -0.0373352 0.00779117 36.9246
23393 14 0.1 1 32.9 0.401204 0.0890004 5.87886 0.0604586 0.0134773 36.6629
23490 14 0.1 1 32.9 -0.160269 0.25902 6.95632 -0.0240626 0.0501403 35.8806
23602 14 0.1 1 32.9 -0.341448 0.0032856 46.5391 -0.499942 -0.000877591 30.2556
23781 14 0.1 1 32.9 -0.327453 -0.330353 7.12124 -0.0692021 -0.0775631 34.942
24033 14 0.1 1 32.9 -0.021946 0.232054 14.0956 -0.0289152 0.0742236 31.203
24951 14 0.1 1 32.9 -0.232121 0.225225 2.99496 -0.0399604 0.0332945 35.494
25620 14 0.1 1 32.9 -0.287563 0.16065 12.7432 -0.114767 0.0610474 31.7953
25658 14 0.1 1 32.9 0.460147 0.375626 10.3178 0.135556 0.137044 32.881
26573 14 0.1 1 32.9 -0.154815 0.19331 6.22294 -0.0326653 0.0488494 35.6865
26582 14 0.1 1 32.9 -0.0617606 -0.483076 18.1345 -0.0365617 -0.260036 30.3262
26861 14 0.1 1 32.9 -0.261384 0.174552 6.88311 -0.0497395 0.0437552 35.4442
27986 14 0.1 1 32.9 -0.200627 -0.340762 2.86973 -0.0368034 -0.0319456 33.4285
29441 14 0.1 1 32.9 -0.132281 -0.418403 8.48403 -0.0115882 -0.108717 31.8983
30651 14 0.1 1 32.9 0.286753 -0.322528 6.92993 0.0654296 -0.0695021 31.4023
30920 14 0.1 1 32.9 -0.269441 0.345707 4.43668 -0.0369951 0.0542996 32.3149
31842 14 0.1 1 32.9 0.444751 0.236348 2.07955 0.0363643 -0.0208354 31.5883
32493 14 0.1 1 32.9 -0.0267711 -0.473474 8.54909 -0.00628065 -0.117517 33.9153
32579 14 0.1 1 32.9 0.0825655 -0.0159262 5.13494 0.0144154 0.00541939 36.6764
32590 14 0.1 1 32.9 0.356404 0.442247 13.2712 0.14266 0.159232 32.05
33510 14 0.1 1 32.9 0.12846 0.451157 3.68073 0.00207542 0.0340096 36.826
35467 14 0.1 1 32.9 0.210843 -0.263508 3.76866 0.0221271 -0.00903839 34.7988
36529 14 0.1 1 32.9 0.495648 0.158558 4.35287 0.0621723 0.00901238 34.72
37104 14 0.1 1 32.9 0.367006 0.187225 2.06194 0.013518 0.0133841 32.5841
37207 14 0.1 1 32.9 0.204701 0.339521 7.95813 0.0595655 0.0789705 33.524
38282 14 0.1 1 32.9 -0.128423 0.368564 2.36018 0.00824685 0.0273825 36.9595
38419 14 0.1 1 32.9 0.435993 -0.423055 5.76517 0.0691776 -0.0915661 36.9246
39262 14 0.1 1 32.9 -0.186185 0.315719 7.08877 -0.0445592 0.0537126 34.4376
39429 14 0.1 1 32.9 0.440188 0.100997 5.17306 0.091067 -0.00361957 31.5246
39568 14 0.1 1 32.9 -0.349858 -0.35127 1.98936 -0.0174188 -0.020054 35.4703
42047 14 0.1 1 32.9 -0.0482251 0.229362 5.72855 -0.0247425 0.0317792 36.3425
43052 14 0.1 1 32.9 0.190528 -0.18437 5.28075 0.0346616 -0.0284601 32.8708
44678 14 0.1 1 32.9 0.204257 -0.0277775 9.22255 0.0605779 -0.0370438 31.7379
45151 14 0.1 1 32.9 0.0742201 0.166218 4.24322 -0.000566305 0.0449943 36.917
45153 14 0.1 1 32.9 -0.147964 0.490472 6.10444 -0.0118989 0.106255 36.8659
45292 14 0.1 1 32.9 -0.049553 -0.0933823 2.4699 0.0120445 -0.00359739 33.9624
46344 14 0.1 1 32.9 0.0481016 -0.415538 2.33015 -0.0112341 -0.0178472 36.7371
46748 14 0.1 1 32.9 -0.0300909 0.215758 5.81194 -0.00665185 0.0389616 33.8278
47653 14 0.1 1 32.9 0.25501 -0.243604 3.77629 0.0184362 -0.0309369 36.8952
47748 14 0.1 1 32.9 -0.398191 0.436519 4.56894 -0.0539337 0.112921 33.9418
47833 14 0.1 1 32.9 0.327269 0.328153 6.33381 0.0314358 0.0452583 35.9091
49263 14 0.1 1 32.9 0.334791 -0.338461 7.38641 0.0575734 -0.0761887 35.3146
49784 14 0.1 1 32.9 -0.439836 -0.283745 5.79591 -0.0838313 -0.028295 37.0134
51822 14 0.1 1 32.9 0.491948 -0.414542 4.97139 0.0986726 -0.0573328 37.4515
52728 14 0.1 1 32.9 0.420587 0.168223 2.41566 0.00156644 0.0027419 31.1216
53312 14 0.1 1 32.9 -0.413148 0.148308 3.53345 -0.0396082 0.00749992 34.7302
53886 14 0.1 1 32.9 0.147501 0.239002 13.2992 0.0622631 0.0958557 32.14
53900 14 0.1 1 32.9 0.343495 -0.397149 6.24569 0.0615839 -0.0836247 36.2806
55127 14 0.1 1 32.9 0.317636 0.260449 4.39685 0.0421386 0.0265962 36.3025
55468 14 0.1 1 32.9 -0.444482 0.0160069 8.96978 -0.118317 -0.0101548 32.0659
56630 14 0.1 1 32.9 -0.00936659 -0.117795 10.107 -0.00215169 -0.043681 33.2411
57748 14 0.1 1 32.9 -0.240798 -0.245241 5.78869 -0.0307469 -0.0468521 33.0322
58937 14 0.1 1 32.9 -0.305565 0.133722 5.32838 -0.0504587 0.058651 36.3736
61126 14 0.1 1 32.9 0.389905 -0.33045 7.31074 0.0884863 -0.0672122 33.265
62142 14 0.1 1 32.9 0.245926 0.0849306 1.98836 -0.0080893 0.0203016 33.235
63380 14 0.1 1 32.9 0.395084 -0.1446 2.39565 0.016056 0.00509938 34.6907
64128 14 0.1 1 32.9 -0.35445 0.330991 5.45342 -0.0364985 0.0467017 34.4015
65686 14 0.1 1 32.9 -0.0211586 -0.0184443 5.42204 0.00573796 -0.0131246 36.1146
66165 14 0.1 1 32.9 0.34835 0.112952 2.8136 0.0385975 0.00787635 33.0573
68056 14 0.1 1 32.9 0.303576 0.11275 2.89288 0.0276254 0.0126574 32.8839
70101 14 0.1 1 32.9 -0.20155 -0.0316663 3.27219 -0.0115612 -0.0162682 37.1387
71710 14 0.1 1 32.9 0.0740758 -0.260019 4.14198 0.01166 -0.0167279 36.4579
74041 14 0.1 1 32.9 0.404358 -0.271586 2.91325 0.0395543 -0.0341796 31.1448
75806 14 0.1 1 32.9 0.20506 -0.203887 7.32526 0.0396707 -0.0288077 32.1871
79108 14 0.1 1 32.9 0.15812 0.343181 12.602 0.0595889 0.150452 31.5589
79490 14 0.1 1 32.9 -0.370942 0.0317316 3.773 -0.0328497 0.0185207 35.0788
79886 14 0.1 1 32.9 0.153236 -0.270399 3.79178 0.0416524 -0.0382684 32.9204
80140 14 0.1 1 32.9 -0.0671273 0.0869076 3.45262 0.0153188 0.0192794 37.2638
81593 14 0.1 1 32.9 -0.00558363 0.330982 8.06266 -0.0165435 0.0908145 34.2044
81872 14 0.1 1 32.9 0.0579008 0.261602 8.65191 0.00884544 0.0703399 32.2852
82314 14 0.1 1 32.9 0.293438 -0.461656 8.2346 0.0863416 -0.136749 34.4358
86603 14 0.1 1 32.9 -0.28574 0.0798183 5.10541 -0.0336677 0.0316416 35.33
87034 14 0.1 1 32.9 -0.0114016 0.438315 3.875 -0.00549863 0.0598207 35.9865
87151 14 0.1 1 32.9 0.477619 -0.221718 7.13652 0.0773712 -0.0662288 33.281
88810 14 0.1 1 32.9 0.0436045 -0.390315 5.27447 -0.00595132 -0.060496 36.6429
90236 14 0.1 1 32.9 -0.45384 -0.261758 9.68128 -0.151286 -0.092876 33.1157
90517 14 0.1 1 32.9 -0.11032 -0.0521871 14.936 -0.0447402 0.0115738 31.7886
92212 14 0.1 1 32.9 -0.0421489 0.400355 7.33815 -0.0201487 0.0899205 34.548
92645 14 0.1 1 32.9 -0.25749 -0.364604 6.90778 -0.0688395 -0.0738916 32.2544
94685 14 0.1 1 32.9 0.177759 0.0298082 2.50192 0.0197007 0.0238763 35.6039
95180 14 0.1 1 32.9 -0.166431 -0.459844 5.58226 -0.0430766 -0.0668669 35.1034
97249 14 0.1 1 32.9 0.229721 -0.448678 6.0623 0.0463879 -0.0833993 31.4946
98600 14 0.1 1 32.9 -0.370917 0.498676 12.789 -0.163629 0.213868 32.1196
98803 14 0.1 1 32.9 0.0547387 -0.243957 7.99568 0.0299494 -0.070866 33.9376
99438 14 0.1 1 32.9 0.410697 0.115026 3.65826 0.0559477 -0.00672234 36.9682
99537 14 0.1 1 32.9 -0.451816 0.192624 3.08456 -0.0344758 0.000333385 31.48
100087 14 0.1 1 32.9 -0.440444 0.409377 6.20813 -0.066791 0.0597366 30.737
100291 14 0.1 1 32.9 -0.0397884 -0.244271 7.23123 -0.00707762 -0.0595904 32.3555
100678 14 0.1 1 32.9 0.268289 -0.25835 5.3498 0.0484657 -0.0521692 33.9522
101057 14 0.1 1 32.9 0.242376 -0.201183 2.00493 0.0181977 -0.00344828 33.853
101966 14 0.1 1 32.9 0.312317 -0.406724 22.759 0.188797 -0.246377 30.6094
103551 14 0.1 1 32.9 -0.408712 -0.219883 2.814 -0.0477441 -0.047315 33.8044
103658 14 0.1 1 32.9 0.393316 0.156243 6.36187 0.0806368 0.0221759 35.8346
103980 14 0.1 1 32.9 0.137328 0.493675 6.39115 0.0155 0.0893936 33.8847
105543 14 0.1 1 32.9 -0.0164514 0.0990711 12.0636 0.000598864 0.0605815 31.069
116551 14 0.1 1 32.9 -0.0979823 0.208411 5.40823 -0.00335904 0.00833056 35.1244
118288 14 0.1 1 32.9 0.336345 -0.228357 10.2232 0.100225 -0.0802498 31.1219
118548 14 0.1 1 32.9 0.067186 -0.080751 7.77133 0.00533795 -0.0231548 35.0914
121130 14 0.1 1 32.9 -0.386421 -0.237949 4.11419 -0.0501465 -0.010728 34.1954
121288 14 0.1 1 32.9 -0.374768 0.410239 10.3642 -0.121906 0.0967164 33.092
121587 14 0.1 1 32.9 0.193186 -0.492982 1.68583 -0.00767401 -0.0427322 31.6256
121940 14 0.1 1 32.9 -0.493772 0.178694 2.20285 -0.0372374 0.0111007 31.5701
122191 14 0.1 1 32.9 0.170211 -0.387796 4.84633 0.0204514 -0.0598023 36.9266
122432 14 0.1 1 32.9 -0.411785 0.222508 5.08957 -0.0577333 0.0622683 35.7217
122474 14 0.1 1 32.9 0.233124 0.369444 6.22321 0.0398711 0.0679987 32.7871
123325 14 0.1 1 32.9 0.142804 -0.428777 11.4515 0.0533489 -0.151597 30.6697
124604 14 0.1 1 32.9 -0.223985 0.424076 3.29302 -0.0271004 0.0201676 35.6356
125042 14 0.1 1 32.9 0.0983728 -0.153524 7.12612 0.0114718 -0.016155 30.779
126111 14 0.1 1 32.9 0.169002 0.27519 5.67001 0.0166579 0.0309606 33.3333
126255 14 0.1 1 32.9 0.280153 -0.278572 0.933882 0.00684566 -0.025885 31.3195
126903 14 0.1 1 32.9 0.211694 -0.340724 7.02538 0.0535068 -0.0967598 34.6442
129570 14 0.1 1 32.9 0.219838 -0.121881 13.4733 0.0812763 -0.053592 30.2606
130346 14 0.1 1 32.9 0.417127 -0.367967 9.91291 0.100098 -0.109743 33.4932
131221 14 0.1 1 32.9 -0.23369 -0.0566683 3.21098 -0.0237065 -0.0310931 33.023
131584 14 0.1 1 32.9 -0.478139 0.200275 4.72253 -0.0577656 0.0355696 35.1914
135068 14 0.1 1 32.9 -0.124688 0.194705 5.71835 -0.0186646 0.0216111 36.6463
135101 14 0.1 1 32.9 0.484012 0.277574 9.7092 0.133616 0.0720406 32.3681
135603 14 0.1 1 32.9 0.0344758 0.071254 2.48389 0.00174359 0.0139617 35.9207
135709 14 0.1 1 32.9 0.469426 0.374193 3.82262 0.0440524 0.0586399 36.1247
136315 14 0.1 1 32.9 0.40917 -0.263741 2.9665 0.0481242 -0.0233536 33.686
137244 14 0.1 1 32.9 -0.112871 0.158326 7.88224 -0.00883996 0.0430147 34.714
138968 14 0.1 1 32.9 -0.300925 0.396702 11.0338 -0.0987264 0.166474 31.3789
140220 14 0.1 1 32.9 0.486271 0.181257 5.64734 0.071087 0.0152441 35.0569
141080 14 0.1 1 32.9 0.340702 -0.268942 3.88363 0.0310917 -0.0578543 36.4997
141445 14 0.1 1 32.9 -0.479765 0.207223 3.4014 -0.0409023 0.0265484 36.7242
142753 14 0.1 1 32.9 0.0300326 -0.196664 2.24616 -0.00500554 -0.0414661 36.4339
144373 14 0.1 1 32.9 0.348117 -0.137239 5.70395 0.0514145 0.00699195 37.1066
144911 14 0.1 1 32.9 0.0123592 0.4979 4.8465 0.00644235 0.0817423 37.2463
146607 14 0.1 1 32.9 -0.169724 -0.129143 10.4229 -0.0677802 -0.0190464 32.3973
147436 14 0.1 1 32.9 -0.321253 0.413479 5.95038 -0.0547866 0.0781967 35.679
147911 14 0.1 1 32.9 0.295693 0.145444 2.36187 0.0441929 0.00927745 35.0762
148009 14 0.1 1 32.9 -0.0126479 -0.26927 8.93348 -0.00638723 -0.0747746 32.3772
148724 14 0.1 1 32.9 0.175763 0.327546 1.94894 0.021612 0.0311036 36.0429
149917 14 0.1 1 32.9 0.274001 0.326899 2.42447 0.0095032 0.00908212 36.7548
149921 14 0.1 1 32.9 -0.443057 -0.444404 2.55957 -0.0197271 -0.000448001 36.3216
150070 14 0.1 1 32.9 -0.394431 -0.136885 13.2116 -0.162514 -0.0246901 32.3335
151307 14 0.1 1 32.9 0.348884 -0.181634 1.71771 0.0190014 -0.0129728 35.1457
154295 14 0.1 1 32.9 0.0792307 -0.283942 4.98702 0.0196045 -0.0461698 37.5816
155051 14 0.1 1 32.9 -0.301852 0.460745 5.58074 -0.0510053 0.0514888 37.3095
157336 14 0.1 1 32.9 0.458329 0.161035 6.41604 0.0753338 0.0201946 36.2418
160044 14 0.1 1 32.9 -0.0413049 0.471794 12.0028 -0.00251461 0.174487 32.1685
162191 14 0.1 1 32.9 0.0316291 -0.0894895 4.19697 -0.00010794 -0.0350154 35.1052
162257 14 0.1 1 32.9 -0.366821 0.075314 4.65138 -0.0594915 0.0154368 37.0102
163092 14 0.1 1 32.9 0.179201 0.427227 6.52452 0.035946 0.0713375 34.5427
163307 14 0.1 1 32.9 -0.0746191 0.320045 3.87263 0.00481921 0.036344 33.9039
163596 14 0.1 1 32.9 0.307291 -0.0930095 4.93964 0.0447228 -0.0151113 33.3363
164509 14 0.1 1 32.9 0.344335 -0.237157 5.3741 0.0526558 -0.0621488 35.0222
164915 14 0.1 1 32.9 0.0194948 0.247251 2.18991 -0.00937034 0.0243306 34.8542
166414 14 0.1 1 32.9 0.369112 -0.249419 5.93071 0.0498241 -0.0526607 34.1261
168239 14 0.1 1 32.9 0.45416 -0.444341 3.66106 0.0378629 -0.0558947 35.9888
169131 14 0.1 1 32.9 0.276784 0.0624058 4.02404 0.0265139 -0.000683041 36.6213
169611 14 0.1 1 32.9 -0.0307008 0.476482 9.77204 -0.00347604 0.154058 32.4095
170207 14 0.1 1 32.9 -0.141824 -0.390179 5.20139 -0.0250875 -0.0826781 34.9545
171726 14 0.1 1 32.9 0.474641 -0.205532 9.22528 0.144416 -0.0473281 34.0319
171847 14 0.1 1 32.9 0.108149 0.115444 9.29942 0.0456983 0.0431308 31.2904
172708 14 0.1 1 32.9 0.491815 -0.0935507 2.07988 0.0363952 -0.0159715 33.1757
173693 14 0.1 1 32.9 0.421007 -0.228205 11.2812 0.131791 -0.0925496 33.0153
174064 14 0.1 1 32.9 0.461488 -0.0650111 5.72402 0.0658676 -0.0103755 34.7451
175807 14 0.1 1 32.9 -0.291305 -0.414547 0.847741 -0.0304082 -0.00747285 36.3586
176633 14 0.1 1 32.9 0.435312 -0.430387 2.32893 0.0283737 -0.0428208 35.0689
177676 14 0.1 1 32.9 0.397046 -0.00565152 10.5025 0.113991 0.01404 32.7878
179532 14 0.1 1 32.9 0.161759 0.316158 6.3197 0.0369468 0.0543168 31.8028
180770 14 0.1 1 32.9 0.156159 0.484362 3.60293 0.039486 0.0472938 33.1699
180887 14 0.1 1 32.9 -0.456825 0.143126 3.05052 -0.058324 0.00744844 32.1579
181372 14 0.1 1 32.9 -0.148987 0.266304 3.27662 -0.0196575 0.0672379 36.5254
181477 14 0.1 1 32.9 0.198123 0.346297 3.3381 -0.00430228 0.0107399 36.4586
181600 14 0.1 1 32.9 -0.492696 -0.214633 6.18039 -0.0870661 -0.016107 31.6221
181924 14 0.1 1 32.9 0.0681144 0.126541 4.01887 -0.00666007 0.0116659 35.9006
182848 14 0.1 1 32.9 -0.393836 0.00396629 2.90455 -0.0465209 0.00199683 35.2199
183688 14 0.1 1 32.9 0.207943 0.0867903 2.40123 0.0344216 -0.00182563 32.5256
185159 14 0.1 1 32.9 -0.439048 0.137024 8.37232 -0.111923 0.029665 34.0064
185650 14 0.1 1 32.9 0.369657 -0.158233 6.36263 0.0885654 -0.0417524 31.7643
186136 14 0.1 1 32.9 0.497095 -0.2732 2.97174 0.0244824 -0.0298885 35.4794
187863 14 0.1 1 32.9 -0.00108745 -0.306227 3.83424 0.0105174 -0.0508072 36.4818
187915 14 0.1 1 32.9 -0.334937 0.357307 4.66677 -0.0561189 0.0315172 35.5842
188754 14 0.1 1 32.9 0.388878 -0.471336 5.94934 0.0697064 -0.0712272 32.1441
189353 14 0.1 1 32.9 0.351933 -0.203601 5.66947 0.0556418 -0.0450336 34.6791
189595 14 0.1 1 32.9 -0.091841 -0.20915 5.83373 -0.0335835 -0.0456865 32.9869
191020 14 0.1 1 32.9 -0.370047 0.415263 4.90261 -0.0372114 0.0674033 35.5179
191876 14 0.1 1 32.9 -0.26572 0.450021 1.58379 -0.00360386 0.00996844 35.5434
192191 14 0.1 1 32.9 -0.176787 0.196658 3.93188 0.00211493 0.0374766 34.876
192201 14 0.1 1 32.9 -0.35602 0.306327 13.7487 -0.145718 0.158837 31.2887
192385 14 0.1 1 32.9 0.135531 0.493114 3.86963 0.00190276 0.0481901 33.0698
194618 14 0.1 1 32.9 0.127073 -0.436684 1.86486 0.0151746 -0.0250111 36.1869
196964 14 0.1 1 32.9 0.34288 0.209072 5.05189 0.0636796 0.0514359 33.6746
197253 14 0.1 1 32.9 -0.246855 0.123916 9.23667 -0.077681 0.0258373 33.5509
198576 14 0.1 1 32.9 -0.416307 0.440059 3.56856 -0.0429331 0.0350366 34.5426
198644 14 0.1 1 32.9 0.216136 0.463876 4.29685 0.0385744 0.0791639 35.7797
199568 14 0.1 1 32.9 -0.162113 0.0263561 16.3237 -0.0979002 0.0205223 31.3502
199968 14 0.1 1 32.9 0.151456 -0.438462 5.10008 0.017487 -0.0946915 34.2398
200628 14 0.1 1 32.9 0.429226 0.252596 7.02524 0.0735999 0.0294661 32.8858
203098 14 0.1 1 32.9 -0.4919 -0.0802647 1.8624 -0.0264541 0.0253956 33.956
203354 14 0.1 1 32.9 -0.244853 -0.184542 6.92724 -0.0373241 -0.0542615 34.7862
203530 14 0.1 1 32.9 -0.298718 -0.102251 5.41661 -0.0301206 -0.0268416 36.177
204115 14 0.1 1 32.9 0.105709 0.438264 2.05892 -0.000641043 0.0290092 34.4275
204218 14 0.1 1 32.9 0.194561 0.390595 6.03502 0.0320491 0.0697609 35.0918
204766 14 0.1 1 32.9 0.240176 -0.447813 1.51964 0.0370609 -0.0308254 36.4344
206050 14 0.1 1 32.9 -0.226801 -0.11158 2.76782 0.0108164 0.0181912 35.786
207496 14 0.1 1 32.9 0.00504784 0.124144 4.13264 0.00921047 0.00651138 32.9803
208288 14 0.1 1 32.9 -0.184855 0.285411 11.789 -0.070771 0.0889841 32.328
208307 14 0.1 1 32.9 -0.475169 -0.125078 9.83735 -0.143952 -0.0515327 33.1233
208329 14 0.1 1 32.9 -0.0369054 0.493489 9.25933 0.00100974 0.120917 32.9447
208691 14 0.1 1 32.9 0.498512 0.0664943 5.8686 0.095491 0.00535304 36.3118
208874 14 0.1 1 32.9 0.0252726 0.025736 7.17593 -0.00167645 -0.0225087 33.1174
209049 14 0.1 1 32.9 -0.153793 0.0796292 4.38109 -0.0180626 0.00987051 36.5871
209459 14 0.1 1 32.9 0.104675 -0.121725 3.33725 0.0246394 -0.00659913 34.4254
209934 14 0.1 1 32.9 -0.0566323 0.205881 5.51306 -0.0260565 0.0372938 35.8832
210801 14 0.1 1 32.9 -0.327446 0.43379 3.76328 -0.0412823 0.0233444 35.9629
210904 14 0.1 1 32.9 0.477592 -0.228538 4.04451 0.0757633 -0.0526659 34.8837
211032 14 0.1 1 32.9 0.4219 0.310198 7.68335 0.0791832 0.0807247 34.4059
211425 14 0.1 1 32.9 -0.378792 -0.223658 5.95245 -0.0870449 -0.0289801 36.8719
211874 14 0.1 1 32.9 0.228124 -0.147402 4.75062 0.0221068 0.0103666 36.2632
211956 14 0.1 1 32.9 -0.11723 -0.114847 4.19455 -0.0126475 0.00354206 35.8644
213080 14 0.1 1 32.9 -0.485812 0.377762 9.08696 -0.124032 0.112488 33.9354
214346 14 0.1 1 32.9 0.0168106 -0.331092 16.3886 0.00495147 -0.151144 31.0803
214615 14 0.1 1 32.9 -0.407793 -0.00510653 8.14193 -0.0896235 -0.042904 34.1292
216352 14 0.1 1 32.9 -0.300891 0.107911 5.53978 -0.0227744 0.00840789 34.7039
216691 14 0.1 1 32.9 0.0854927 0.465249 4.974 0.00739066 0.0645201 34.8221
216738 14 0.1 1 32.9 0.423209 -0.106764 8.39335 0.104144 -0.0187651 33.2877
217288 14 0.1 1 32.9 0.279058 -0.0312251 3.71609 0.0562292 -0.0313763 34.5133
217562 14 0.1 1 32.9 -0.0993976 -0.216075 2.09495 -0.00170491 -0.0198226 32.6857
217675 14 0.1 1 32.9 0.367104 0.221274 4.88253 0.0528629 0.0549125 34.9008
219006 14 0.1 1 32.9 -0.43303 0.245546 4.15164 -0.057649 0.026217 33.9929
219617 14 0.1 1 32.9 0.400646 0.107772 9.78918 0.126611 0.0262979 32.3372
220619 14 0.1 1 32.9 -0.0210169 0.467675 5.99085 -0.00286536 0.0923365 32.9293
223008 14 0.1 1 32.9 0.202433 0.109905 3.64326 0.0185928 0.0207646 36.3878
223817 14 0.1 1 32.9 -0.34692 -0.241175 2.44911 0.00432974 -0.00210331 34.0619
226701 14 0.1 1 32.9 0.343903 0.106416 5.79439 0.0747701 0.0161492 33.5968
227011 14 0.1 1 32.9 -0.137509 -0.260933 1.99675 -0.0119591 -0.0252902 36.9791
227121 14 0.1 1 32.9 -0.302205 0.0311542 3.75041 -0.0420687 0.00604231 31.9294
227182 14 0.1 1 32.9 0.481137 -0.21892 4.38262 0.0599274 -0.0258469 33.448
230410 14 0.1 1 32.9 -0.0796331 0.20345 5.87776 -0.0244063 0.022686 36.3193
230567 14 0.1 1 32.9 0.261416 0.00686554 9.34901 0.0680342 -0.00589822 32.4475
230876 14 0.1 1 32.9 0.261521 -0.0037389 3.80148 0.0341956 -0.0120007 35.9389
232558 14 0.1 1 32.9 0.169108 -0.062428 9.81635 0.0468005 0.00962172 33.767
232914 14 0.1 1 32.9 -0.0818946 -0.424598 5.52918 -0.0180662 -0.068977 36.0816
235221 14 0.1 1 32.9 0.0579736 0.0281996 6.56992 0.00791958 -0.00359916 31.7304
235918 14 0.1 1 32.9 -0.240544 0.484354 6.0541 -0.0532424 0.0716978 33.67
237543 14 0.1 1 32.9 0.486917 0.354113 1.08888 0.0300877 0.00553993 31.3655
237551 14 0.1 1 32.9 -0.37481 0.0539268 8.22037 -0.0891424 -0.00952552 33.1019
237688 14 0.1 1 32.9 0.0348398 0.306949 3.03312 0.0126823 0.0460636 33.4818
239028 14 0.1 1 32.9 -0.275154 0.292108 4.36522 -0.0451298 0.0348024 34.1045
239975 14 0.1 1 32.9 -0.39097 -0.395259 6.01952 -0.0907286 -0.0958487 35.8236
240914 14 0.1 1 32.9 0.187097 0.474484 1.7343 0.0141698 0.00586576 36.5141
241716 14 0.1 1 32.9 -0.422825 -0.18508 2.58263 -0.0271727 -0.0220585 34.4703
242833 14 0.1 1 32.9 0.180973 -0.0362203 5.96985 0.0522762 7.50689e-05 34.0937
245237 14 0.1 1 32.9 -0.329386 -0.0665696 7.11855 -0.0809241 -0.00447475 32.4692
245515 14 0.1 1 32.9 0.128195 0.0133232 2.43845 -0.00258401 0.0234966 34.5274
246365 14 0.1 1 32.9 -0.232097 -0.302563 13.4253 -0.0952494 -0.124981 31.4892
247824 14 0.1 1 32.9 0.273291 0.261296 9.40258 0.0622552 0.0829303 33.9559
248195 14 0.1 1 32.9 -0.179895 -0.40011 18.95 -0.0952211 -0.231822 30.9562
249173 14 0.1 1 32.9 -0.349032 -0.260508 6.01491 -0.0649273 -0.0755696 34.0064
249307 14 0.1 1 32.9 -0.45491 -0.323883 6.4263 -0.0803497 -0.0622294 36.2376
249551 14 0.1 1 32.9 0.054662 0.186942 21.5679 0.0233177 0.104351 30.8762
249941 14 0.1 1 32.9 0.318038 -0.282335 9.58344 0.089238 -0.0617259 33.282
250253 14 0.1 1 32.9 -0.494106 0.271525 8.84503 -0.115444 0.0678191 31.2369
251008 14 0.1 1 32.9 0.278839 0.303733 10.1195 0.073595 0.0956451 33.5789
251801 14 0.1 1 32.9 -0.302116 0.283594 22.7431 -0.21093 0.198312 30.6827
252493 14 0.1 1 32.9 -0.293998 -0.421417 6.34837 -0.0691382 -0.061311 34.873
253791 14 0.1 1 32.9 -0.362088 0.437949 4.94629 -0.0571461 0.0759786 35.8391
254797 14 0.1 1 32.9 -0.0286525 -0.205248 5.41113 -0.0162009 -0.0451527 33.7412
256115 14 0.1 1 32.9 -0.200307 0.0373429 3.64062 -0.0106097 0.0151521 34.0531
257493 14 0.1 1 32.9 0.205269 -0.436683 3.62136 0.0247834 -0.0533227 34.0741
258505 14 0.1 1 32.9 0.109108 0.383827 8.44773 0.0142235 0.110027 34.245
260348 14 0.1 1 32.9 0.416919 0.0730284 1.41622 -0.00579721 0.000754369 34.3935
261105 14 0.1 1 32.9 0.280999 -0.261939 6.23006 0.0404928 -0.0388183 35.2787
261169 14 0.1 1 32.9 0.469142 0.324576 3.92584 0.0624936 0.0601416 33.686
261294 14 0.1 1 32.9 0.0104393 0.227843 7.65479 0.0309279 0.064845 31.5552
262235 14 0.1 1 32.9 0.453327 0.151381 5.35516 0.0838197 0.0147625 33.3957
264723 14 0.1 1 32.9 0.21364 -0.103685 3.76035 0.0171506 -0.0391495 36.6625
264737 14 0.1 1 32.9 -0.446039 -0.441647 6.97632 -0.110908 -0.0697088 36.0581
265105 14 0.1 1 32.9 0.421952 0.496611 6.1983 0.111308 0.10274 32.5418
267768 14 0.1 1 32.9 0.0582853 0.192805 5.75626 0.017271 0.02236 35.7441
268647 14 0.1 1 32.9 -0.116524 -0.130812 4.8402 -0.0397785 -0.0240339 33.9977
269421 14 0.1 1 32.9 -0.3218 0.382172 5.79741 -0.0393185 0.0752928 33.4474
270931 14 0.1 1 32.9 0.110248 0.41453 7.58605 0.0280255 0.105439 34.6132
271505 14 0.1 1 32.9 0.00210462 0.456016 5.20679 0.00927515 0.0890676 37.0301
272229 14 0.1 1 32.9 -0.0602857 -0.0662682 4.58669 -0.0391864 -0.0100824 36.2213
272302 14 0.1 1 32.9 0.470312 -0.128466 8.77253 0.116312 -0.0401577 32.7872
272583 14 0.1 1 32.9 0.294582 -0.252827 6.98702 0.055326 -0.0511766 33.2998
272783 14 0.1 1 32.9 0.158125 -0.434524 2.27911 0.00405778 -0.00402563 33.1068
272976 14 0.1 1 32.9 -0.484804 0.0328861 9.22031 -0.122499 -0.00865201 33.9802
274269 14 0.1 1 32.9 -0.227187 -0.385523 4.08055 -0.00343289 -0.0271829 37.304
275424 14 0.1 1 32.9 0.349234 -0.0156037 4.14648 0.058966 -0.022768 33.2061
276262 14 0.1 1 32.9 0.0540636 0.355593 7.04037 0.00873296 0.0776271 35.7034
276960 14 0.1 1 32.9 0.43099 -0.143188 9.26693 0.109335 -0.0446095 31.5657
277802 14 0.1 1 32.9 -0.428498 -0.188649 6.11031 -0.0676146 -0.0210564 36.8728
279349 14 0.1 1 32.9 -0.183908 0.48016 5.52523 -0.0178816 0.0908754 33.2431
279943 14 0.1 1 32.9 0.104137 -0.208016 5.96417 0.0210964 -0.0205922 32.1163
280289 14 0.1 1 32.9 0.156811 -0.0044381 10.5874 0.0691778 0.0201183 31.0668
281102 14 0.1 1 32.9 -0.248452 0.172932 5.91469 -0.0550855 0.0277435 37.0178
282934 14 0.1 1 32.9 -0.201705 0.286378 4.37622 -0.034909 0.0420387 34.8266
283325 14 0.1 1 32.9 0.318637 -0.153689 2.6035 0.0489434 -0.0119796 34.2456
283372 14 0.1 1 32.9 0.404997 0.341802 6.25548 0.0870351 0.0639019 31.4179
284355 14 0.1 1 32.9 -0.0612187 0.16634 17.0312 -0.0218984 0.0771886 31.2287
284978 14 0.1 1 32.9 0.0494313 -0.0233583 3.5696 -0.0147266 -0.0262214 33.7855
285518 14 0.1 1 32.9 0.409616 -0.0381918 10.3131 0.13164 -0.0311757 31.6737
286575 14 0.1 1 32.9 0.366778 -0.289859 5.96857 0.0678854 -0.0545143 34.1409
287281 14 0.1 1 32.9 0.442125 -0.0637762 0.685266 0.00843538 -0.01357 32.0751
287413 14 0.1 1 32.9 0.0216771 -0.283547 1.33481 0.0195682 0.00489251 33.5915
287880 14 0.1 1 32.9 0.303832 -0.445163 3.72165 0.0469901 -0.0405312 31.6752
289262 14 0.1 1 32.9 -0.116078 -0.371138 6.47112 -0.00499127 -0.087028 36.4561
290385 14 0.1 1 32.9 -0.434482 0.281694 8.13616 -0.12462 0.0993133 33.1476
291391 14 0.1 1 32.9 -0.0099349 0.0689807 2.73404 -0.0212358 -0.0245433 34.2647
292067 14 0.1 1 32.9 0.335822 -0.416638 5.92502 0.0470132 -0.0543987 33.3162
292159 14 0.1 1 32.9 0.268771 -0.471473 2.41024 0.0363107 -0.0484904 34.8047
292252 14 0.1 1 32.9 -0.0282783 -0.311541 4.33018 -0.0260116 -0.0733769 33.0718
292265 14 0.1 1 32.9 -0.213892 0.142458 9.9369 -0.0853773 0.0261066 32.6988
292685 14 0.1 1 32.9 -0.175758 0.201968 8.13278 -0.0386666 0.0523894 34.2407
292746 14 0.1 1 32.9 -0.0607206 0.405836 3.65544 -0.0320231 0.0395159 33.1289
293162 14 0.1 1 32.9 -0.303619 0.0336622 3.51742 -0.033023 0.000984147 36.5261
293770 14 0.1 1 32.9 0.470657 0.213872 4.11388 0.0633362 0.0199641 36.8281
295032 14 0.1 1 32.9 0.0869255 0.222005 1.20149 -0.00780992 0.0122099 31.2401
295416 14 0.1 1 32.9 0.27473 -0.36658 9.32436 0.0597827 -0.0950504 33.1621
296578 14 0.1 1 32.9 -0.408072 -0.361792 3.37124 -0.0316165 -0.0165841 33.5853
298788 14 0.1 1 32.9 -0.265845 -0.26916 5.03142 -0.0432727 -0.0342591 36.5611
301312 14 0.1 1 32.9 0.241869 0.0179314 7.97193 0.0678393 -0.0115793 33.9444
301520 14 0.1 1 32.9 0.332408 0.199332 13.2049 0.127555 0.0540051 30.7987
302335 14 0.1 1 32.9 -0.0932201 0.00714447 6.78149 -0.013133 0.00298434 34.5167
302617 14 0.1 1 32.9 0.260447 0.365198 3.27488 0.0191623 0.0236425 35.6963
303574 14 0.1 1 32.9 0.261684 0.103831 3.88704 0.0250406 0.0209236 35.379
304721 14 0.1 1 32.9 0.107465 0.456819 9.39848 0.0238601 0.110839 32.2426
305218 14 0.1 1 32.9 0.165338 -0.0665386 8.17684 0.0537573 -0.00419906 31.1511
305798 14 0.1 1 32.9 0.080111 0.127317 15.0472 0.025808 0.047704 31.8386
305887 14 0.1 1 32.9 -0.495404 0.393024 5.64841 -0.0984886 0.0494289 35.3783
306352 14 0.1 1 32.9 -0.145636 -0.359444 11.78 -0.0483379 -0.134591 32.7377
306575 14 0.1 1 32.9 -0.216675 0.0910921 1.67315 -0.00219112 -0.00721714 32.7089
309059 14 0.1 1 32.9 0.352327 -0.146908 24.767 0.263658 -0.122964 30.2985
309122 14 0.1 1 32.9 -0.421351 -0.228359 8.99956 -0.113004 -0.0646024 34.1944
311829 14 0.1 1 32.9 0.0372713 0.0595295 7.38357 -0.0035003 0.00231836 35.6376
314954 14 0.1 1 32.9 0.219161 -0.236275 13.7889 0.122431 -0.132456 31.0569
316300 14 0.1 1 32.9 0.217698 0.237099 5.44343 0.0413652 0.00396875 34.7261
317445 14 0.1 1 32.9 0.0500691 0.0729618 14.2985 0.00817613 0.0305783 30.6774
317485 14 0.1 1 32.9 0.429191 -0.325673 3.76368 0.0541936 -0.0319829 35.3533
319258 14 0.1 1 32.9 -0.166526 0.0787167 5.12419 -0.0263646 -0.0018509 35.8266
322214 14 0.1 1 32.9 -0.141581 -0.484591 6.66572 -0.0247229 -0.0947147 35.8932
323312 14 0.1 1 32.9 0.406512 0.418519 2.32593 0.0267704 0.0599375 33.8789
325680 14 0.1 1 32.9 -0.424274 -0.248057 2.28894 -0.0268336 0.000843174 33.6911
327347 14 0.1 1 32.9 -0.186785 -0.493078 2.13109 -0.0231176 -0.0183744 32.0035
328586 14 0.1 1 32.9 0.300841 -0.451468 5.11989 0.0510869 -0.0814694 34.2636
329651 14 0.1 1 32.9 -0.0139088 0.20097 2.92387 0.000880265 0.0244374 34.5225
329977 14 0.1 1 32.9 -0.117508 0.0121901 2.9403 -0.00971562 0.000151086 30.7368
330028 14 0.1 1 32.9 0.305744 0.266615 5.80668 0.063504 0.0183508 34.9816
332481 14 0.1 1 32.9 -0.494365 0.498631 5.41552 -0.07313 0.0934608 31.7939
333410 14 0.1 1 32.9 0.0219073 0.0509806 6.16038 -0.00329547 0.0310443 34.896
334160 14 0.1 1 32.9 -0.247271 -0.142232 7.77826 -0.0428384 -0.0335104 32.2144
334472 14 0.1 1 32.9 0.31403 0.416228 2.71684 0.0259995 0.0691423 35.6556
334549 14 0.1 1 32.9 0.373009 -0.3248 3.36248 0.0440723 -0.038148 34.8679
334847 14 0.1 1 32.9 0.448755 0.358497 5.26027 0.0950946 0.0505324 37.2902
335031 14 0.1 1 32.9 0.100501 -0.224504 8.28206 0.00746425 -0.0460119 33.9859
335036 14 0.1 1 32.9 -0.404603 -0.148389 2.67664 -0.0427709 -0.00566927 36.1677
335996 14 0.1 1 32.9 0.2117 -0.130893 2.25702 0.00143572 0.0105402 33.4362
336173 14 0.1 1 32.9 0.192986 -0.16669 4.91614 0.0123811 -0.0182914 37.466
336212 14 0.1 1 32.9 -0.124117 -0.370077 3.27879 0.00782753 -0.0354082 34.5643
339860 14 0.1 1 32.9 -0.363822 0.41499 3.68903 -0.0209224 0.0506776 31.8462
339951 14 0.1 1 32.9 0.00385526 0.029015 4.53707 0.00881522 -0.0109434 35.8577
341527 14 0.1 1 32.9 -0.126919 0.334372 3.82174 0.00614249 0.0476807 36.137
342777 14 0.1 1 32.9 0.00238559 0.369814 6.22406 -0.0120315 0.061502 34.2232
343099 14 0.1 1 32.9 0.480517 -0.102796 5.97702 0.110356 -0.0170782 36.5245
343401 14 0.1 1 32.9 0.324478 -0.407263 11.8455 0.149233 -0.164962 32.7294
343402 14 0.1 1 32.9 0.327729 0.258158 5.98904 0.0528247 0.053899 34.8068
345900 14 0.1 1 32.9 0.31952 -0.194529 7.28986 0.0550449 -0.0564819 33.1995
347304 14 0.1 1 32.9 0.138614 0.401045 9.52792 0.059137 0.149035 33.0208
347845 14 0.1 1 32.9 -0.37621 0.0507306 8.2808 -0.0782924 0.0101218 32.6541
348831 14 0.1 1 32.9 -0.478614 -0.4473 1.67153 -0.00426864 -0.0104432 36.2182
348871 14 0.1 1 32.9 0.499223 -0.475399 6.70905 0.114041 -0.0694864 35.2083
349236 14 0.1 1 32.9 0.0305538 0.136327 6.1352 0.0141829 0.0384879 36.8438
349847 14 0.1 1 32.9 -0.461681 -0.0517313 0.780093 -0.0316676 -0.0115143 33.2237
351222 14 0.1 1 32.9 -0.253664 -0.0101123 7.78851 -0.0734361 -0.00586943 34.6609
351897 14 0.1 1 32.9 0.371466 -0.445019 2.98053 0.0358351 -0.0224437 34.881
352655 14 0.1 1 32.9 0.203583 -0.0631849 5.22243 0.0292614 -0.0246911 35.3455
352791 14 0.1 1 32.9 0.470661 -0.435925 13.7173 0.211191 -0.185424 31.2696
353158 14 0.1 1 32.9 -0.49958 -0.46253 3.08278 -0.0351603 -0.0462114 33.4275
354289 14 0.1 1 32.9 0.0271512 0.22445 13.0406 0.0358438 0.113213 31.0438
354978 14 0.1 1 32.9 0.0873349 -0.0435829 1.73974 -0.00972823 0.00327786 36.3307
355188 14 0.1 1 32.9 0.369326 0.315 4.22433 0.0421754 0.0554921 36.1484
356297 14 0.1 1 32.9 -0.102139 -0.0897383 1.84286 -0.0360776 -0.0204698 34.2493
356591 14 0.1 1 32.9 -0.0806406 0.142407 2.57372 -0.0251291 0.00866662 33.7024
356756 14 0.1 1 32.9 -0.229297 -0.0618382 3.51263 -0.0488217 0.016624 35.0583
357409 14 0.1 1 32.9 -0.0811 -0.410283 5.32431 -0.000843162 -0.089735 37.2814
357423 14 0.1 1 32.9 -0.376748 -0.415569 4.69359 -0.0824505 -0.0600482 35.7254
357613 14 0.1 1 32.9 -0.161631 -0.434101 7.55593 -0.0555253 -0.0859634 33.3324
358681 14 0.1 1 32.9 -0.175193 0.177596 3.80297 -0.0277061 0.0155794 35.2139
359269 14 0.1 1 32.9 0.178802 0.364798 1.3058 0.0262132 0.00739949 33.2525
359652 14 0.1 1 32.9 -0.0921407 -0.437852 7.89279 0.000656879 -0.115823 34.0152
359864 14 0.1 1 32.9 0.414843 -0.0216942 8.9402 0.134842 -0.010403 31.4988
360426 14 0.1 1 32.9 -0.0708823 -0.45405 4.56883 -0.0229806 -0.0549894 33.8201
360592 14 0.1 1 32.9 0.0992703 -0.242047 9.10285 0.064414 -0.0712812 32.7885
361183 14 0.1 1 32.9 0.359895 -0.178576 8.44468 0.10479 -0.0488423 34.6416
361340 14 0.1 1 32.9 0.120667 -0.137293 5.10389 0.0285063 -0.0268118 36.1562
361491 14 0.1 1 32.9 0.377105 0.124181 9.55366 0.136196 0.0265658 33.9951
361886 14 0.1 1 32.9 -0.0550098 0.295145 3.8739 -0.000935151 0.0341718 36.3496
362318 14 0.1 1 32.9 0.0561765 0.243103 5.24612 -0.0139112 0.0372353 35.5623
363873 14 0.1 1 32.9 0.391215 0.165548 5.32283 0.0569113 0.0172602 32.0481
364204 14 0.1 1 32.9 0.0067943 0.428359 5.24237 -0.000502403 0.0583699 36.9713
364514 14 0.1 1 32.9 0.485355 -0.456512 9.6554 0.14378 -0.119911 33.8123
364994 14 0.1 1 32.9 0.359497 0.416423 7.83379 0.083401 0.111554 34.4339
365130 14 0.1 1 32.9 0.270124 0.128709 6.69012 0.0385532 0.0450124 31.8381
365675 14 0.1 1 32.9 0.43238 0.3736 6.45097 0.0808345 0.0511833 34.3931
367161 14 0.1 1 32.9 0.111589 -0.375027 11.4705 0.036753 -0.152467 31.3528
367255 14 0.1 1 32.9 -0.486588 -0.330819 6.15216 -0.0784229 -0.0581228 33.9718
368331 14 0.1 1 32.9 0.377969 0.211059 2.27265 0.0378997 -0.00397184 34.1406
371766 14 0.1 1 32.9 0.225803 0.409308 5.20332 0.0359126 0.0861265 34.7906
372288 14 0.1 1 32.9 0.206808 0.365252 3.48259 0.0408616 0.0547129 36.2694
372445 14 0.1 1 32.9 0.295363 0.241122 12.114 0.10255 0.0771646 31.8147
372743 14 0.1 1 32.9 0.317308 0.165785 13.8188 0.140591 0.0653095 31.1674
373856 14 0.1 1 32.9 0.2601 -0.487604 8.62576 0.0769572 -0.154493 34.3688
374084 14 0.1 1 32.9 0.234599 0.208024 3.59024 0.0102026 0.017751 34.7373
374473 14 0.1 1 32.9 -0.0450474 -0.425784 10.3448 0.000974343 -0.116538 32.6489
375130 14 0.1 1 32.9 -0.050857 -0.28047 5.47254 -0.0144977 -0.0662153 36.7566
376682 14 0.1 1 32.9 -0.208543 0.448116 6.0285 -0.0388355 0.0666188 36.403
379267 14 0.1 1 32.9 -0.164202 -0.269798 10.6453 -0.0362022 -0.0964855 32.0136
381307 14 0.1 1 32.9 -0.296747 -0.498608 7.96854 -0.0748582 -0.126645 33.0093
381684 14 0.1 1 32.9 -0.362628 -0.160056 6.16626 -0.0424479 -0.025257 36.4827
383367 14 0.1 1 32.9 -0.059912 0.113453 15.1015 -0.0325179 0.0417575 31.6703
383870 14 0.1 1 32.9 -0.192329 -0.103382 5.19587 -0.0180537 -0.0149805 37.3582
384141 14 0.1 1 32.9 -0.189367 0.366409 1.32182 0.0048989 -0.000942305 32.7906
384863 14 0.1 1 32.9 0.462899 -0.179696 2.03927 0.0337129 -0.0187552 32.8714
386071 14 0.1 1 32.9 -0.2913 0.403645 11.9134 -0.107459 0.139106 30.9348
388275 14 0.1 1 32.9 0.17684 -0.151647 1.5568 0.0016068 -0.00314237 32.5994
389346 14 0.1 1 32.9 -0.287178 0.215609 8.82403 -0.0864855 0.056678 33.3573
391060 14 0.1 1 32.9 0.0654659 -0.00718663 6.81137 0.0121258 0.00964997 34.2624
392983 14 0.1 1 32.9 0.367557 0.446466 7.75573 0.0878896 0.115191 35.0749
393505 14 0.1 1 32.9 -0.0988583 0.0500739 12.0986 -0.0633316 0.0322595 31.1478
396472 14 0.1 1 32.9 -0.456424 0.1081 6.64787 -0.0771132 0.00966463 33.8826
397421 14 0.1 1 32.9 0.461349 -0.109404 2.84763 0.0353348 -0.0113971 34.2684
397544 14 0.1 1 32.9 -0.477125 -0.101664 9.04645 -0.125788 -0.0517421 33.1014
398815 14 0.1 1 32.9 0.060866 0.356693 1.48469 0.00576505 0.0144602 33.6172
399237 14 0.1 1 32.9 0.105939 0.0573413 6.09336 0.0182135 0.0146973 33.8058
399319 14 0.1 1 32.9 0.217966 -0.458981 4.20685 0.0213 -0.0648359 34.535
399657 14 0.1 1 32.9 -0.0899703 0.217788 4.45871 -0.0322388 0.0134115 34.3706
401521 14 0.1 1 32.9 0.467392 -0.224713 5.33422 0.0759937 -0.038251 36.229
402180 14 0.1 1 32.9 -0.365622 -0.359421 6.90953 -0.0616572 -0.045133 35.2935
402520 14 0.1 1 32.9 -0.0276792 -0.279094 6.26956 0.00461893 -0.0547644 30.9927
404112 14 0.1 1 32.9 -0.431037 0.217296 2.5642 -0.0309262 0.0118204 35.2421
404657 14 0.1 1 32.9 0.340095 -0.324844 14.5051 0.152065 -0.138411 31.0626
404703 14 0.1 1 32.9 0.106352 -0.345243 4.3107 0.0218582 -0.0646747 36.8834
405770 14 0.1 1 32.9 -0.0684188 0.187267 4.82206 -0.00993728 0.0219716 31.9075
406113 14 0.1 1 32.9 -0.29892 -0.27642 6.40273 -0.0839838 -0.0643115 36.2402
406220 14 0.1 1 32.9 -0.449873 -0.422074 4.08423 -0.0753472 -0.0690685 33.642
406910 14 0.1 1 32.9 0.0260533 0.246216 4.69707 0.00225381 0.0755691 36.6548
407345 14 0.1 1 32.9 -0.0824107 0.268938 7.93855 -0.0340882 0.0421675 31.2817
407596 14 0.1 1 32.9 -0.343154 0.299954 3.0071 -0.0261535 0.0283909 35.5745
408115 14 0.1 1 32.9 0.164271 0.326795 7.69907 0.055394 0.0829882 32.0069
408861 14 0.1 1 32.9 -0.380342 -0.288977 3.5711 -0.0419902 -0.0418404 36.7121
409035 14 0.1 1 32.9 -0.362667 0.435242 7.17475 -0.0820751 0.0862092 34.2134
410229 14 0.1 1 32.9 0.254162 -0.0036243 5.16049 0.0737328 0.0219719 34.2657
413082 14 0.1 1 32.9 -0.131809 0.458788 6.60236 -0.0562927 0.0840975 35.5979
414534 14 0.1 1 32.9 -0.0658645 -0.490442 5.69342 -0.0291136 -0.085135 37.0835
415978 14 0.1 1 32.9 -0.109624 0.0173043 4.82651 -0.0155316 -0.00612098 36.2342
417500 14 0.1 1 32.9 -0.4664 -0.207279 7.10289 -0.0907854 -0.0266388 35.3407
418104 14 0.1 1 32.9 -0.416972 0.0274642 1.71824 -0.0268668 0.00778946 33.2814
418662 14 0.1 1 32.9 -0.214492 -0.22193 3.34628 -0.000434509 -0.0375672 36.0348
419219 14 0.1 1 32.9 0.390314 -0.266259 13.3972 0.149633 -0.0971869 31.9598
419416 14 0.1 1 32.9 -0.0219336 -0.472413 6.63139 -0.0238256 -0.102932 35.1867
421935 14 0.1 1 32.9 0.00815728 -0.44551 1.47766 -0.00971852 -0.0483459 32.7023
422693 14 0.1 1 32.9 0.0267537 0.23194 5.86635 0.00562128 0.0588731 34.2801
422853 14 0.1 1 32.9 0.0304167 -0.165885 7.49497 -0.00733656 -0.00882345 34.4114
423224 14 0.1 1 32.9 0.247212 0.144331 4.65479 0.0397147 -8.01602e-06 33.4369
424058 14 0.1 1 32.9 -0.20113 0.257217 3.17679 -0.0429093 0.0129401 34.8973
424469 14 0.1 1 32.9 0.171164 0.0367821 2.24812 0.0302274 -0.0121772 36.0774
428602 14 0.1 1 32.9 -0.287115 -0.434832 6.38265 -0.0590973 -0.077955 34.5266
429764 14 0.1 1 32.9 0.476127 -0.0918139 3.67556 0.049452 -0.0130671 33.1419
430110 14 0.1 1 32.9 -0.157152 -0.0532533 10.0849 -0.0625926 -0.0249968 32.6755
430431 14 0.1 1 32.9 0.291527 -0.25092 9.07342 0.0942415 -0.0608725 32.729
431003 14 0.1 1 32.9 0.124072 0.0535537 4.86241 0.0122017 0.0352139 37.4506
436975 14 0.1 1 32.9 0.192603 0.176885 8.80462 0.0478628 0.038568 34.2093
437683 14 0.1 1 32.9 0.471929 0.398585 5.31037 0.0713688 0.064021 37.2948
438119 14 0.1 1 32.9 0.427812 -0.0678782 7.25899 0.0935283 -0.0153288 33.4721
440720 14 0.1 1 32.9 -0.470075 0.398619 9.09012 -0.120239 0.102162 32.6919
443041 14 0.1 1 32.9 0.108808 -0.0924839 1.74404 0.021053 -0.00255041 32.6255
445032 14 0.1 1 32.9 0.389253 0.169197 4.12149 0.0381087 -0.00753532 34.0345
446624 14 0.1 1 32.9 0.0601857 0.265136 4.7546 0.0212575 0.0642196 35.8479
446877 14 0.1 1 32.9 0.113424 -0.232561 6.56695 0.0217373 -0.0406972 36.1974
446942 14 0.1 1 32.9 0.410191 -0.0568121 6.57705 0.0758903 -0.0226066 33.9375
448533 14 0.1 1 32.9 -0.132854 0.0405032 3.91419 -0.0428691 0.0330708 37.2158
448765 14 0.1 1 32.9 -0.426594 0.228153 10.4376 -0.126821 0.0815207 33.1408
448879 14 0.1 1 32.9 -0.146504 -0.468578 4.22581 -0.00826215 -0.0808542 36.0672
451293 14 0.1 1 32.9 -0.413661 0.00808968 3.93538 -0.0565603 -0.0498398 34.105
451840 14 0.1 1 32.9 0.408758 -0.447203 8.6631 0.121911 -0.125292 34.0439
452590 14 0.1 1 32.9 -0.150283 0.0810404 6.25283 -0.0636048 0.00867199 36.4176
452750 14 0.1 1 32.9 0.146159 -0.0372936 4.6032 0.0375674 -0.0160318 36.2283
453109 14 0.1 1 32.9 -0.0094779 0.285302 4.74767 0.00151929 0.0402839 37.5769
453418 14 0.1 1 32.9 -0.0879555 0.254935 9.71044 -0.0175326 0.0814889 33.6121
453980 14 0.1 1 32.9 0.0195426 0.181147 3.29624 -0.0066362 0.00803608 33.6589
453987 14 0.1 1 32.9 -0.0487835 0.293453 6.33572 -0.00205884 0.0649246 36.5408
454556 14 0.1 1 32.9 0.284855 -0.156302 5.28685 0.0515004 -0.060995 35.4711
455666 14 0.1 1 32.9 0.0296456 0.0820987 5.57057 -0.00383084 0.0124273 36.9788
458392 14 0.1 1 32.9 -0.138013 0.433423 2.79748 -0.0329964 0.028641 34.8433
458611 14 0.1 1 32.9 0.457291 -0.240947 5.21341 0.071681 -0.0284663 37.1262
459072 14 0.1 1 32.9 -0.168695 -0.342035 2.79114 -0.0124315 -0.0243824 34.4019
459570 14 0.1 1 32.9 0.354386 -0.00921321 2.46697 0.0100225 0.0216691 35.1718
460325 14 0.1 1 32.9 0.406109 -0.282157 4.49637 0.0441269 -0.0218682 35.8768
461160 14 0.1 1 32.9 0.0423333 0.289627 4.65342 0.0140965 0.0289142 35.0368
461286 14 0.1 1 32.9 -0.287669 -0.331622 6.09308 -0.0613102 -0.0699377 32.2783
462178 14 0.1 1 32.9 0.440392 -0.176727 4.55724 0.0766722 -0.0490024 37.1715
462393 14 0.1 1 32.9 0.0311142 0.184615 12.2531 0.022926 0.0670688 30.8913
462927 14 0.1 1 32.9 -0.448531 -0.0818926 6.11267 -0.0798449 -0.0166367 36.717
463145 14 0.1 1 32.9 -0.279491 0.235649 5.8737 -0.0625939 0.0408068 36.5923
464611 14 0.1 1 32.9 -0.152518 0.0575488 3.96708 -0.0219629 -0.0168848 33.2229
468276 14 0.1 1 32.9 0.360846 0.357815 7.05237 0.0581768 0.0974109 34.0852
469393 14 0.1 1 32.9 -0.281028 0.389049 4.00159 -0.0408972 0.0717628 33.9711
469817 14 0.1 1 32.9 0.227902 0.0763226 4.12485 0.0362277 -0.000722695 35.598
472192 14 0.1 1 32.9 -0.393863 -0.341117 4.22647 -0.0578627 -0.0404455 35.8155
472968 14 0.1 1 32.9 -0.0384537 0.386938 7.29132 -0.0173186 0.104665 35.4029
473773 14 0.1 1 32.9 0.174347 0.0965021 4.80387 0.0380942 0.00658163 37.6012
473860 14 0.1 1 32.9 0.121342 -0.336272 11.7366 0.052548 -0.132769 32.608
475729 14 0.1 1 32.9 -0.0432329 0.495077 5.57055 0.00900577 0.0921283 34.5507
476324 14 0.1 1 32.9 0.134161 -0.34839 4.61382 -0.00693064 -0.0569098 35.8107
477946 14 0.1 1 32.9 0.256442 -0.131693 6.03688 0.0537377 -0.030695 35.6405
480697 14 0.1 1 32.9 -0.401496 0.428468 5.67104 -0.0682766 0.0460637 37.1042
483761 14 0.1 1 32.9 -0.0124605 0.451723 3.05448 0.0450362 0.0443462 33.7937
483885 14 0.1 1 32.9 0.412604 -0.450112 3.63362 0.0719145 -0.0692535 33.0146
483905 14 0.1 1 32.9 0.0382859 0.405883 5.33604 -9.94405e-05 0.0654681 35.1173
484723 14 0.1 1 32.9 0.213505 -0.199429 5.3428 0.0402708 -0.0276067 36.0216
484870 14 0.1 1 32.9 0.273149 -0.458327 1.70435 0.0199494 -0.0183158 32.5664
489232 14 0.1 1 32.9 -0.356955 -0.000772458 4.34646 -0.0418005 0.00529588 37.0607
489799 14 0.1 1 32.9 0.00246601 -0.411611 10.2433 -0.0182391 -0.133452 30.8394
491800 14 0.1 1 32.9 0.19731 -0.0124448 3.46461 0.017293 -0.000638038 34.742
492962 14 0.1 1 32.9 -0.230586 -0.358271 2.63937 -0.0162822 0.0133065 32.345
494169 14 0.1 1 32.9 0.288408 -0.270744 4.2281 0.0196195 -0.0228026 35.7611
495749 14 0.1 1 32.9 0.0118352 0.392059 4.14541 -0.0108698 0.0615317 31.318
496247 14 0.1 1 32.9 -0.413011 0.397386 7.53465 -0.103324 0.066723 34.7804
496642 14 0.1 1 32.9 0.0256401 0.0805558 5.2323 0.00723659 0.00244782 36.9861
497198 14 0.1 1 32.9 -0.256179 -0.281101 3.70781 -0.0210272 -0.0044543 36.7221
497267 14 0.1 1 32.9 0.401124 0.335292 3.99098 0.0285927 0.0355767 34.4895
497319 14 0.1 1 32.9 -0.225781 -0.0289356 4.04657 -0.0170299 0.00846617 36.4179
497532 14 0.1 1 32.9 -0.451667 -0.337802 5.8702 -0.0592068 -0.0631699 36.2768
498602 14 0.1 1 32.9 -0.255623 -0.201845 11.2947 -0.0719545 -0.0668971 33.0085
498967 14 0.1 1 32.9 -0.188006 -0.45585 4.61455 -0.0347147 -0.061762 34.0177
499977 14 0.1 1 32.9 -0.151929 0.0540878 4.53797 -0.0348447 0.0064493 35.4739
