428 14 0.1 1 32.9 -0.221043 -0.364663 7.51346 -0.0645149 -0.0830433 30.0758
1233 14 0.1 1 32.9 0.200841 0.459325 2.29697 0.0222415 0.0393217 30.0758
1639 14 0.1 1 32.9 0.431671 0.43873 5.22702 0.0933421 0.0446748 30.0758
3453 14 0.1 1 32.9 0.130145 -0.409719 3.75797 0.0118514 -0.0411343 30.0758
3554 14 0.1 1 32.9 -0.307898 -0.293625 2.68638 -0.0332358 -0.0247353 30.0758
3747 14 0.1 1 32.9 -0.343614 -0.0352558 7.18797 -0.0909936 0.00357908 30.0758
5160 14 0.1 1 32.9 -0.106962 0.331803 5.18232 0.00641047 0.0517143 30.0758
11467 14 0.1 1 32.9 0.384064 -0.214775 4.51944 0.0559552 0.00275033 30.0758
11595 14 0.1 1 32.9 0.133244 0.16439 9.86584 0.0341494 0.0534398 30.0758
13096 14 0.1 1 32.9 0.142314 -0.239235 7.92922 0.0359321 -0.0460088 30.0758
14865 14 0.1 1 32.9 -0.27292 -0.0892896 2.50967 -0.0317614 0.004886 30.0758
15691 14 0.1 1 32.9 -0.432246 -0.252839 4.6992 -0.0601547 -0.0320256 30.0758
17203 14 0.1 1 32.9 -0.176078 -0.196457 2.89673 4.49177e-05 0.00698555 30.0758
18705 14 0.1 1 32.9 0.421076 0.311872 8.50536 0.101526 0.0714166 30.0758
19064 14 0.1 1 32.9 -0.442363 0.25106 6.01837 -0.098523 0.0512757 30.0758
21319 14 0.1 1 32.9 0.248803 -0.42732 6.18797 0.0418709 -0.0511349 30.0758
21817 14 0.1 1 32.9 0.174383 -0.253392 7.57559 0.0347206 -0.0664555 30.0758
22664 14 0.1 1 32.9 0.406347 -0.354772 4.17616 0.03481 -0.0517077 30.0758
23064 14 0.1 1 32.9 -0.182059 -0.178233 9.66143 -0.0381542 -0.0391706 30.0758
23271 14 0.1 1 32.9 -0.278138 -0.143576 3.80104 -0.0373352 0.00779117 30.0758
23602 14 0.1 1 32.9 -0.341448 0.0032856 46.5391 -0.499942 -0.000877591 30.0758
23781 14 0.1 1 32.9 -0.327453 -0.330353 7.12124 -0.0692021 -0.0775631 30.0758
24033 14 0.1 1 32.9 -0.021946 0.232054 14.0956 -0.0289152 0.0742236 30.0758
24951 14 0.1 1 32.9 -0.232121 0.225225 2.99496 -0.0399604 0.0332945 30.0758
25620 14 0.1 1 32.9 -0.287563 0.16065 12.7432 -0.114767 0.0610474 30.0758
25658 14 0.1 1 32.9 0.460147 0.375626 10.3178 0.135556 0.137044 30.0758
26573 14 0.1 1 32.9 -0.154815 0.19331 6.22294 -0.0326653 0.0488494 30.0758
29441 14 0.1 1 32.9 -0.132281 -0.418403 8.48403 -0.0115882 -0.108717 30.0758
30920 14 0.1 1 32.9 -0.269441 0.345707 4.43668 -0.0369951 0.0542996 30.0758
32493 14 0.1 1 32.9 -0.0267711 -0.473474 8.54909 -0.00628065 -0.117517 30.0758
32590 14 0.1 1 32.9 0.356404 0.442247 13.2712 0.14266 0.159232 30.0758
35467 14 0.1 1 32.9 0.210843 -0.263508 3.76866 0.0221271 -0.00903839 30.0758
37104 14 0.1 1 32.9 0.367006 0.187225 2.06194 0.013518 0.0133841 30.0758
38282 14 0.1 1 32.9 -0.128423 0.368564 2.36018 0.00824685 0.0273825 30.0758
39568 14 0.1 1 32.9 -0.349858 -0.35127 1.98936 -0.0174188 -0.020054 30.0758
44678 14 0.1 1 32.9 0.204257 -0.0277775 9.22255 0.0605779 -0.0370438 30.0758
45151 14 0.1 1 32.9 0.0742201 0.166218 4.24322 -0.000566305 0.0449943 30.0758
45153 14 0.1 1 32.9 -0.147964 0.490472 6.10444 -0.0118989 0.106255 30.0758
46748 14 0.1 1 32.9 -0.0300909 0.215758 5.81194 -0.00665185 0.0389616 30.0758
47653 14 0.1 1 32.9 0.25501 -0.243604 3.77629 0.0184362 -0.0309369 30.0758
47748 14 0.1 1 32.9 -0.398191 0.436519 4.56894 -0.0539337 0.112921 30.0758
47833 14 0.1 1 32.9 0.327269 0.328153 6.33381 0.0314358 0.0452583 30.0758
49263 14 0.1 1 32.9 0.334791 -0.338461 7.38641 0.0575734 -0.0761887 30.0758
52728 14 0.1 1 32.9 0.420587 0.168223 2.41566 0.00156644 0.0027419 30.0758
53900 14 0.1 1 32.9 0.343495 -0.397149 6.24569 0.0615839 -0.0836247 30.0758
55127 14 0.1 1 32.9 0.317636 0.260449 4.39685 0.0421386 0.0265962 30.0758
58937 14 0.1 1 32.9 -0.305565 0.133722 5.32838 -0.0504587 0.058651 30.0758
62142 14 0.1 1 32.9 0.245926 0.0849306 1.98836 -0.0080893 0.0203016 30.0758
63380 14 0.1 1 32.9 0.395084 -0.1446 2.39565 0.016056 0.00509938 30.0758
64128 14 0.1 1 32.9 -0.35445 0.330991 5.45342 -0.0364985 0.0467017 30.0758
66165 14 0.1 1 32.9 0.34835 0.112952 2.8136 0.0385975 0.00787635 30.0758
71710 14 0.1 1 32.9 0.0740758 -0.260019 4.14198 0.01166 -0.0167279 30.0758
75806 14 0.1 1 32.9 0.20506 -0.203887 7.32526 0.0396707 -0.0288077 30.0758
79108 14 0.1 1 32.9 0.15812 0.343181 12.602 0.0595889 0.150452 30.0758
79490 14 0.1 1 32.9 -0.370942 0.0317316 3.773 -0.0328497 0.0185207 30.0758
79886 14 0.1 1 32.9 0.153236 -0.270399 3.79178 0.0416524 -0.0382684 30.0758
80140 14 0.1 1 32.9 -0.0671273 0.0869076 3.45262 0.0153188 0.0192794 30.0758
81593 14 0.1 1 32.9 -0.00558363 0.330982 8.06266 -0.0165435 0.0908145 30.0758
86603 14 0.1 1 32.9 -0.28574 0.0798183 5.10541 -0.0336677 0.0316416 30.0758
90517 14 0.1 1 32.9 -0.11032 -0.0521871 14.936 -0.0447402 0.0115738 30.0758
92212 14 0.1 1 32.9 -0.0421489 0.400355 7.33815 -0.0201487 0.0899205 30.0758
94685 14 0.1 1 32.9 0.177759 0.0298082 2.50192 0.0197007 0.0238763 30.0758
95180 14 0.1 1 32.9 -0.166431 -0.459844 5.58226 -0.0430766 -0.0668669 30.0758
98600 14 0.1 1 32.9 -0.370917 0.498676 12.789 -0.163629 0.213868 30.0758
98803 14 0.1 1 32.9 0.0547387 -0.243957 7.99568 0.0299494 -0.070866 30.0758
100087 14 0.1 1 32.9 -0.440444 0.409377 6.20813 -0.066791 0.0597366 30.0758
100291 14 0.1 1 32.9 -0.0397884 -0.244271 7.23123 -0.00707762 -0.0595904 30.0758
100678 14 0.1 1 32.9 0.268289 -0.25835 5.3498 0.0484657 -0.0521692 30.0758
101966 14 0.1 1 32.9 0.312317 -0.406724 22.759 0.188797 -0.246377 30.0758
103658 14 0.1 1 32.9 0.393316 0.156243 6.36187 0.0806368 0.0221759 30.0758
103980 14 0.1 1 32.9 0.137328 0.493675 6.39115 0.0155 0.0893936 30.0758
105543 14 0.1 1 32.9 -0.0164514 0.0990711 12.0636 0.000598864 0.0605815 30.0758
121130 14 0.1 1 32.9 -0.386421 -0.237949 4.11419 -0.0501465 -0.010728 30.0758
122432 14 0.1 1 32.9 -0.411785 0.222508 5.08957 -0.0577333 0.0622683 30.0758
130346 14 0.1 1 32.9 0.417127 -0.367967 9.91291 0.100098 -0.109743 30.0758
135603 14 0.1 1 32.9 0.0344758 0.071254 2.48389 0.00174359 0.0139617 30.0758
136315 14 0.1 1 32.9 0.40917 -0.263741 2.9665 0.0481242 -0.0233536 30.0758
138968 14 0.1 1 32.9 -0.300925 0.396702 11.0338 -0.0987264 0.166474 30.0758
140220 14 0.1 1 32.9 0.486271 0.181257 5.64734 0.071087 0.0152441 30.0758
141445 14 0.1 1 32.9 -0.479765 0.207223 3.4014 -0.0409023 0.0265484 30.0758
142753 14 0.1 1 32.9 0.0300326 -0.196664 2.24616 -0.00500554 -0.0414661 30.0758
144373 14 0.1 1 32.9 0.348117 -0.137239 5.70395 0.0514145 0.00699195 30.0758
144911 14 0.1 1 32.9 0.0123592 0.4979 4.8465 0.00644235 0.0817423 30.0758
147436 14 0.1 1 32.9 -0.321253 0.413479 5.95038 -0.0547866 0.0781967 30.0758
147911 14 0.1 1 32.9 0.295693 0.145444 2.36187 0.0441929 0.00927745 30.0758
149917 14 0.1 1 32.9 0.274001 0.326899 2.42447 0.0095032 0.00908212 30.0758
149921 14 0.1 1 32.9 -0.443057 -0.444404 2.55957 -0.0197271 -0.000448001 30.0758
150070 14 0.1 1 32.9 -0.394431 -0.136885 13.2116 -0.162514 -0.0246901 30.0758
151307 14 0.1 1 32.9 0.348884 -0.181634 1.71771 0.0190014 -0.0129728 30.0758
154295 14 0.1 1 32.9 0.0792307 -0.283942 4.98702 0.0196045 -0.0461698 30.0758
160044 14 0.1 1 32.9 -0.0413049 0.471794 12.0028 -0.00251461 0.174487 30.0758
163307 14 0.1 1 32.9 -0.0746191 0.320045 3.87263 0.00481921 0.036344 30.0758
164915 14 0.1 1 32.9 0.0194948 0.247251 2.18991 -0.00937034 0.0243306 30.0758
168239 14 0.1 1 32.9 0.45416 -0.444341 3.66106 0.0378629 -0.0558947 30.0758
169611 14 0.1 1 32.9 -0.0307008 0.476482 9.77204 -0.00347604 0.154058 30.0758
170207 14 0.1 1 32.9 -0.141824 -0.390179 5.20139 -0.0250875 -0.0826781 30.0758
171726 14 0.1 1 32.9 0.474641 -0.205532 9.22528 0.144416 -0.0473281 30.0758
171847 14 0.1 1 32.9 0.108149 0.115444 9.29942 0.0456983 0.0431308 30.0758
172708 14 0.1 1 32.9 0.491815 -0.0935507 2.07988 0.0363952 -0.0159715 30.0758
175807 14 0.1 1 32.9 -0.291305 -0.414547 0.847741 -0.0304082 -0.00747285 30.0758
177676 14 0.1 1 32.9 0.397046 -0.00565152 10.5025 0.113991 0.01404 30.0758
180770 14 0.1 1 32.9 0.156159 0.484362 3.60293 0.039486 0.0472938 30.0758
180887 14 0.1 1 32.9 -0.456825 0.143126 3.05052 -0.058324 0.00744844 30.0758
181372 14 0.1 1 32.9 -0.148987 0.266304 3.27662 -0.0196575 0.0672379 30.0758
181600 14 0.1 1 32.9 -0.492696 -0.214633 6.18039 -0.0870661 -0.016107 30.0758
181924 14 0.1 1 32.9 0.0681144 0.126541 4.01887 -0.00666007 0.0116659 30.0758
182848 14 0.1 1 32.9 -0.393836 0.00396629 2.90455 -0.0465209 0.00199683 30.0758
185159 14 0.1 1 32.9 -0.439048 0.137024 8.37232 -0.111923 0.029665 30.0758
186136 14 0.1 1 32.9 0.497095 -0.2732 2.97174 0.0244824 -0.0298885 30.0758
188754 14 0.1 1 32.9 0.388878 -0.471336 5.94934 0.0697064 -0.0712272 30.0758
189353 14 0.1 1 32.9 0.351933 -0.203601 5.66947 0.0556418 -0.0450336 30.0758
191876 14 0.1 1 32.9 -0.26572 0.450021 1.58379 -0.00360386 0.00996844 30.0758
192191 14 0.1 1 32.9 -0.176787 0.196658 3.93188 0.00211493 0.0374766 30.0758
192201 14 0.1 1 32.9 -0.35602 0.306327 13.7487 -0.145718 0.158837 30.0758
192385 14 0.1 1 32.9 0.135531 0.493114 3.86963 0.00190276 0.0481901 30.0758
196964 14 0.1 1 32.9 0.34288 0.209072 5.05189 0.0636796 0.0514359 30.0758
197253 14 0.1 1 32.9 -0.246855 0.123916 9.23667 -0.077681 0.0258373 30.0758
198576 14 0.1 1 32.9 -0.416307 0.440059 3.56856 -0.0429331 0.0350366 30.0758
198644 14 0.1 1 32.9 0.216136 0.463876 4.29685 0.0385744 0.0791639 30.0758
199568 14 0.1 1 32.9 -0.162113 0.0263561 16.3237 -0.0979002 0.0205223 30.0758
203098 14 0.1 1 32.9 -0.4919 -0.0802647 1.8624 -0.0264541 0.0253956 30.0758
203530 14 0.1 1 32.9 -0.298718 -0.102251 5.41661 -0.0301206 -0.0268416 30.0758
204766 14 0.1 1 32.9 0.240176 -0.447813 1.51964 0.0370609 -0.0308254 30.0758
206050 14 0.1 1 32.9 -0.226801 -0.11158 2.76782 0.0108164 0.0181912 30.0758
208691 14 0.1 1 32.9 0.498512 0.0664943 5.8686 0.095491 0.00535304 30.0758
209049 14 0.1 1 32.9 -0.153793 0.0796292 4.38109 -0.0180626 0.00987051 30.0758
209934 14 0.1 1 32.9 -0.0566323 0.205881 5.51306 -0.0260565 0.0372938 30.0758
211032 14 0.1 1 32.9 0.4219 0.310198 7.68335 0.0791832 0.0807247 30.0758
211425 14 0.1 1 32.9 -0.378792 -0.223658 5.95245 -0.0870449 -0.0289801 30.0758
211874 14 0.1 1 32.9 0.228124 -0.147402 4.75062 0.0221068 0.0103666 30.0758
211956 14 0.1 1 32.9 -0.11723 -0.114847 4.19455 -0.0126475 0.00354206 30.0758
214346 14 0.1 1 32.9 0.0168106 -0.331092 16.3886 0.00495147 -0.151144 30.0758
216738 14 0.1 1 32.9 0.423209 -0.106764 8.39335 0.104144 -0.0187651 30.0758
217675 14 0.1 1 32.9 0.367104 0.221274 4.88253 0.0528629 0.0549125 30.0758
219617 14 0.1 1 32.9 0.400646 0.107772 9.78918 0.126611 0.0262979 30.0758
220619 14 0.1 1 32.9 -0.0210169 0.467675 5.99085 -0.00286536 0.0923365 30.0758
223817 14 0.1 1 32.9 -0.34692 -0.241175 2.44911 0.00432974 -0.00210331 30.0758
226701 14 0.1 1 32.9 0.343903 0.106416 5.79439 0.0747701 0.0161492 30.0758
227011 14 0.1 1 32.9 -0.137509 -0.260933 1.99675 -0.0119591 -0.0252902 30.0758
230567 14 0.1 1 32.9 0.261416 0.00686554 9.34901 0.0680342 -0.00589822 30.0758
230876 14 0.1 1 32.9 0.261521 -0.0037389 3.80148 0.0341956 -0.0120007 30.0758
232558 14 0.1 1 32.9 0.169108 -0.062428 9.81635 0.0468005 0.00962172 30.0758
237688 14 0.1 1 32.9 0.0348398 0.306949 3.03312 0.0126823 0.0460636 30.0758
240914 14 0.1 1 32.9 0.187097 0.474484 1.7343 0.0141698 0.00586576 30.0758
241716 14 0.1 1 32.9 -0.422825 -0.18508 2.58263 -0.0271727 -0.0220585 30.0758
242833 14 0.1 1 32.9 0.180973 -0.0362203 5.96985 0.0522762 7.50689e-05 30.0758
245237 14 0.1 1 32.9 -0.329386 -0.0665696 7.11855 -0.0809241 -0.00447475 30.0758
245515 14 0.1 1 32.9 0.128195 0.0133232 2.43845 -0.00258401 0.0234966 30.0758
247824 14 0.1 1 32.9 0.273291 0.261296 9.40258 0.0622552 0.0829303 30.0758
249551 14 0.1 1 32.9 0.054662 0.186942 21.5679 0.0233177 0.104351 30.0758
249941 14 0.1 1 32.9 0.318038 -0.282335 9.58344 0.089238 -0.0617259 30.0758
251008 14 0.1 1 32.9 0.278839 0.303733 10.1195 0.073595 0.0956451 30.0758
252493 14 0.1 1 32.9 -0.293998 -0.421417 6.34837 -0.0691382 -0.061311 30.0758
253791 14 0.1 1 32.9 -0.362088 0.437949 4.94629 -0.0571461 0.0759786 30.0758
256115 14 0.1 1 32.9 -0.200307 0.0373429 3.64062 -0.0106097 0.0151521 30.0758
258505 14 0.1 1 32.9 0.109108 0.383827 8.44773 0.0142235 0.110027 30.0758
261105 14 0.1 1 32.9 0.280999 -0.261939 6.23006 0.0404928 -0.0388183 30.0758
261169 14 0.1 1 32.9 0.469142 0.324576 3.92584 0.0624936 0.0601416 30.0758
262235 14 0.1 1 32.9 0.453327 0.151381 5.35516 0.0838197 0.0147625 30.0758
264737 14 0.1 1 32.9 -0.446039 -0.441647 6.97632 -0.110908 -0.0697088 30.0758
270931 14 0.1 1 32.9 0.110248 0.41453 7.58605 0.0280255 0.105439 30.0758
271505 14 0.1 1 32.9 0.00210462 0.456016 5.20679 0.00927515 0.0890676 30.0758
272229 14 0.1 1 32.9 -0.0602857 -0.0662682 4.58669 -0.0391864 -0.0100824 30.0758
272302 14 0.1 1 32.9 0.470312 -0.128466 8.77253 0.116312 -0.0401577 30.0758
272783 14 0.1 1 32.9 0.158125 -0.434524 2.27911 0.00405778 -0.00402563 30.0758
274269 14 0.1 1 32.9 -0.227187 -0.385523 4.08055 -0.00343289 -0.0271829 30.0758
276262 14 0.1 1 32.9 0.0540636 0.355593 7.04037 0.00873296 0.0776271 30.0758
276960 14 0.1 1 32.9 0.43099 -0.143188 9.26693 0.109335 -0.0446095 30.0758
277802 14 0.1 1 32.9 -0.428498 -0.188649 6.11031 -0.0676146 -0.0210564 30.0758
279943 14 0.1 1 32.9 0.104137 -0.208016 5.96417 0.0210964 -0.0205922 30.0758
282934 14 0.1 1 32.9 -0.201705 0.286378 4.37622 -0.034909 0.0420387 30.0758
283325 14 0.1 1 32.9 0.318637 -0.153689 2.6035 0.0489434 -0.0119796 30.0758
283372 14 0.1 1 32.9 0.404997 0.341802 6.25548 0.0870351 0.0639019 30.0758
287880 14 0.1 1 32.9 0.303832 -0.445163 3.72165 0.0469901 -0.0405312 30.0758
292067 14 0.1 1 32.9 0.335822 -0.416638 5.92502 0.0470132 -0.0543987 30.0758
292685 14 0.1 1 32.9 -0.175758 0.201968 8.13278 -0.0386666 0.0523894 30.0758
293770 14 0.1 1 32.9 0.470657 0.213872 4.11388 0.0633362 0.0199641 30.0758
295032 14 0.1 1 32.9 0.0869255 0.222005 1.20149 -0.00780992 0.0122099 30.0758
296578 14 0.1 1 32.9 -0.408072 -0.361792 3.37124 -0.0316165 -0.0165841 30.0758
298788 14 0.1 1 32.9 -0.265845 -0.26916 5.03142 -0.0432727 -0.0342591 30.0758
301520 14 0.1 1 32.9 0.332408 0.199332 13.2049 0.127555 0.0540051 30.0758
302335 14 0.1 1 32.9 -0.0932201 0.00714447 6.78149 -0.013133 0.00298434 30.0758
302617 14 0.1 1 32.9 0.260447 0.365198 3.27488 0.0191623 0.0236425 30.0758
305218 14 0.1 1 32.9 0.165338 -0.0665386 8.17684 0.0537573 -0.00419906 30.0758
309122 14 0.1 1 32.9 -0.421351 -0.228359 8.99956 -0.113004 -0.0646024 30.0758
322214 14 0.1 1 32.9 -0.141581 -0.484591 6.66572 -0.0247229 -0.0947147 30.0758
323312 14 0.1 1 32.9 0.406512 0.418519 2.32593 0.0267704 0.0599375 30.0758
325680 14 0.1 1 32.9 -0.424274 -0.248057 2.28894 -0.0268336 0.000843174 30.0758
327347 14 0.1 1 32.9 -0.186785 -0.493078 2.13109 -0.0231176 -0.0183744 30.0758
328586 14 0.1 1 32.9 0.300841 -0.451468 5.11989 0.0510869 -0.0814694 30.0758
329977 14 0.1 1 32.9 -0.117508 0.0121901 2.9403 -0.00971562 0.000151086 30.0758
332481 14 0.1 1 32.9 -0.494365 0.498631 5.41552 -0.07313 0.0934608 30.0758
333410 14 0.1 1 32.9 0.0219073 0.0509806 6.16038 -0.00329547 0.0310443 30.0758
334160 14 0.1 1 32.9 -0.247271 -0.142232 7.77826 -0.0428384 -0.0335104 30.0758
334472 14 0.1 1 32.9 0.31403 0.416228 2.71684 0.0259995 0.0691423 30.0758
334847 14 0.1 1 32.9 0.448755 0.358497 5.26027 0.0950946 0.0505324 30.0758
335031 14 0.1 1 32.9 0.100501 -0.224504 8.28206 0.00746425 -0.0460119 30.0758
335036 14 0.1 1 32.9 -0.404603 -0.148389 2.67664 -0.0427709 -0.00566927 30.0758
335996 14 0.1 1 32.9 0.2117 -0.130893 2.25702 0.00143572 0.0105402 30.0758
339860 14 0.1 1 32.9 -0.363822 0.41499 3.68903 -0.0209224 0.0506776 30.0758
343099 14 0.1 1 32.9 0.480517 -0.102796 5.97702 0.110356 -0.0170782 30.0758
343402 14 0.1 1 32.9 0.327729 0.258158 5.98904 0.0528247 0.053899 30.0758
347304 14 0.1 1 32.9 0.138614 0.401045 9.52792 0.059137 0.149035 30.0758
348831 14 0.1 1 32.9 -0.478614 -0.4473 1.67153 -0.00426864 -0.0104432 30.0758
348871 14 0.1 1 32.9 0.499223 -0.475399 6.70905 0.114041 -0.0694864 30.0758
349236 14 0.1 1 32.9 0.0305538 0.136327 6.1352 0.0141829 0.0384879 30.0758
351897 14 0.1 1 32.9 0.371466 -0.445019 2.98053 0.0358351 -0.0224437 30.0758
352791 14 0.1 1 32.9 0.470661 -0.435925 13.7173 0.211191 -0.185424 30.0758
353158 14 0.1 1 32.9 -0.49958 -0.46253 3.08278 -0.0351603 -0.0462114 30.0758
354978 14 0.1 1 32.9 0.0873349 -0.0435829 1.73974 -0.00972823 0.00327786 30.0758
355188 14 0.1 1 32.9 0.369326 0.315 4.22433 0.0421754 0.0554921 30.0758
356297 14 0.1 1 32.9 -0.102139 -0.0897383 1.84286 -0.0360776 -0.0204698 30.0758
356591 14 0.1 1 32.9 -0.0806406 0.142407 2.57372 -0.0251291 0.00866662 30.0758
356756 14 0.1 1 32.9 -0.229297 -0.0618382 3.51263 -0.0488217 0.016624 30.0758
357423 14 0.1 1 32.9 -0.376748 -0.415569 4.69359 -0.0824505 -0.0600482 30.0758
357613 14 0.1 1 32.9 -0.161631 -0.434101 7.55593 -0.0555253 -0.0859634 30.0758
359269 14 0.1 1 32.9 0.178802 0.364798 1.3058 0.0262132 0.00739949 30.0758
359652 14 0.1 1 32.9 -0.0921407 -0.437852 7.89279 0.000656879 -0.115823 30.0758
361340 14 0.1 1 32.9 0.120667 -0.137293 5.10389 0.0285063 -0.0268118 30.0758
361491 14 0.1 1 32.9 0.377105 0.124181 9.55366 0.136196 0.0265658 30.0758
361886 14 0.1 1 32.9 -0.0550098 0.295145 3.8739 -0.000935151 0.0341718 30.0758
362318 14 0.1 1 32.9 0.0561765 0.243103 5.24612 -0.0139112 0.0372353 30.0758
363873 14 0.1 1 32.9 0.391215 0.165548 5.32283 0.0569113 0.0172602 30.0758
364204 14 0.1 1 32.9 0.0067943 0.428359 5.24237 -0.000502403 0.0583699 30.0758
364514 14 0.1 1 32.9 0.485355 -0.456512 9.6554 0.14378 -0.119911 30.0758
364994 14 0.1 1 32.9 0.359497 0.416423 7.83379 0.083401 0.111554 30.0758
367255 14 0.1 1 32.9 -0.486588 -0.330819 6.15216 -0.0784229 -0.0581228 30.0758
371766 14 0.1 1 32.9 0.225803 0.409308 5.20332 0.0359126 0.0861265 30.0758
372288 14 0.1 1 32.9 0.206808 0.365252 3.48259 0.0408616 0.0547129 30.0758
374084 14 0.1 1 32.9 0.234599 0.208024 3.59024 0.0102026 0.017751 30.0758
374473 14 0.1 1 32.9 -0.0450474 -0.425784 10.3448 0.000974343 -0.116538 30.0758
381307 14 0.1 1 32.9 -0.296747 -0.498608 7.96854 -0.0748582 -0.126645 30.0758
383870 14 0.1 1 32.9 -0.192329 -0.103382 5.19587 -0.0180537 -0.0149805 30.0758
386071 14 0.1 1 32.9 -0.2913 0.403645 11.9134 -0.107459 0.139106 30.0758
388275 14 0.1 1 32.9 0.17684 -0.151647 1.5568 0.0016068 -0.00314237 30.0758
389346 14 0.1 1 32.9 -0.287178 0.215609 8.82403 -0.0864855 0.056678 30.0758
397544 14 0.1 1 32.9 -0.477125 -0.101664 9.04645 -0.125788 -0.0517421 30.0758
398815 14 0.1 1 32.9 0.060866 0.356693 1.48469 0.00576505 0.0144602 30.0758
399237 14 0.1 1 32.9 0.105939 0.0573413 6.09336 0.0182135 0.0146973 30.0758
399319 14 0.1 1 32.9 0.217966 -0.458981 4.20685 0.0213 -0.0648359 30.0758
401521 14 0.1 1 32.9 0.467392 -0.224713 5.33422 0.0759937 -0.038251 30.0758
402180 14 0.1 1 32.9 -0.365622 -0.359421 6.90953 -0.0616572 -0.045133 30.0758
404112 14 0.1 1 32.9 -0.431037 0.217296 2.5642 -0.0309262 0.0118204 30.0758
404657 14 0.1 1 32.9 0.340095 -0.324844 14.5051 0.152065 -0.138411 30.0758
406220 14 0.1 1 32.9 -0.449873 -0.422074 4.08423 -0.0753472 -0.0690685 30.0758
406910 14 0.1 1 32.9 0.0260533 0.246216 4.69707 0.00225381 0.0755691 30.0758
407345 14 0.1 1 32.9 -0.0824107 0.268938 7.93855 -0.0340882 0.0421675 30.0758
407596 14 0.1 1 32.9 -0.343154 0.299954 3.0071 -0.0261535 0.0283909 30.0758
408115 14 0.1 1 32.9 0.164271 0.326795 7.69907 0.055394 0.0829882 30.0758
410229 14 0.1 1 32.9 0.254162 -0.0036243 5.16049 0.0737328 0.0219719 30.0758
417500 14 0.1 1 32.9 -0.4664 -0.207279 7.10289 -0.0907854 -0.0266388 30.0758
418104 14 0.1 1 32.9 -0.416972 0.0274642 1.71824 -0.0268668 0.00778946 30.0758
419416 14 0.1 1 32.9 -0.0219336 -0.472413 6.63139 -0.0238256 -0.102932 30.0758
421935 14 0.1 1 32.9 0.00815728 -0.44551 1.47766 -0.00971852 -0.0483459 30.0758
422693 14 0.1 1 32.9 0.0267537 0.23194 5.86635 0.00562128 0.0588731 30.0758
422853 14 0.1 1 32.9 0.0304167 -0.165885 7.49497 -0.00733656 -0.00882345 30.0758
424058 14 0.1 1 32.9 -0.20113 0.257217 3.17679 -0.0429093 0.0129401 30.0758
428602 14 0.1 1 32.9 -0.287115 -0.434832 6.38265 -0.0590973 -0.077955 30.0758
430110 14 0.1 1 32.9 -0.157152 -0.0532533 10.0849 -0.0625926 -0.0249968 30.0758
430431 14 0.1 1 32.9 0.291527 -0.25092 9.07342 0.0942415 -0.0608725 30.0758
431003 14 0.1 1 32.9 0.124072 0.0535537 4.86241 0.0122017 0.0352139 30.0758
436975 14 0.1 1 32.9 0.192603 0.176885 8.80462 0.0478628 0.038568 30.0758
443041 14 0.1 1 32.9 0.108808 -0.0924839 1.74404 0.021053 -0.00255041 30.0758
446624 14 0.1 1 32.9 0.0601857 0.265136 4.7546 0.0212575 0.0642196 30.0758
446942 14 0.1 1 32.9 0.410191 -0.0568121 6.57705 0.0758903 -0.0226066 30.0758
448533 14 0.1 1 32.9 -0.132854 0.0405032 3.91419 -0.0428691 0.0330708 30.0758
448765 14 0.1 1 32.9 -0.426594 0.228153 10.4376 -0.126821 0.0815207 30.0758
451840 14 0.1 1 32.9 0.408758 -0.447203 8.6631 0.121911 -0.125292 30.0758
452590 14 0.1 1 32.9 -0.150283 0.0810404 6.25283 -0.0636048 0.00867199 30.0758
453418 14 0.1 1 32.9 -0.0879555 0.254935 9.71044 -0.0175326 0.0814889 30.0758
453980 14 0.1 1 32.9 0.0195426 0.181147 3.29624 -0.0066362 0.00803608 30.0758
453987 14 0.1 1 32.9 -0.0487835 0.293453 6.33572 -0.00205884 0.0649246 30.0758
458392 14 0.1 1 32.9 -0.138013 0.433423 2.79748 -0.0329964 0.028641 30.0758
459072 14 0.1 1 32.9 -0.168695 -0.342035 2.79114 -0.0124315 -0.0243824 30.0758
459570 14 0.1 1 32.9 0.354386 -0.00921321 2.46697 0.0100225 0.0216691 30.0758
460325 14 0.1 1 32.9 0.406109 -0.282157 4.49637 0.0441269 -0.0218682 30.0758
461160 14 0.1 1 32.9 0.0423333 0.289627 4.65342 0.0140965 0.0289142 30.0758
461286 14 0.1 1 32.9 -0.287669 -0.331622 6.09308 -0.0613102 -0.0699377 30.0758
462393 14 0.1 1 32.9 0.0311142 0.184615 12.2531 0.022926 0.0670688 30.0758
463145 14 0.1 1 32.9 -0.279491 0.235649 5.8737 -0.0625939 0.0408068 30.0758
468276 14 0.1 1 32.9 0.360846 0.357815 7.05237 0.0581768 0.0974109 30.0758
472192 14 0.1 1 32.9 -0.393863 -0.341117 4.22647 -0.0578627 -0.0404455 30.0758
473773 14 0.1 1 32.9 0.174347 0.0965021 4.80387 0.0380942 0.00658163 30.0758
475729 14 0.1 1 32.9 -0.0432329 0.495077 5.57055 0.00900577 0.0921283 30.0758
476324 14 0.1 1 32.9 0.134161 -0.34839 4.61382 -0.00693064 -0.0569098 30.0758
483761 14 0.1 1 32.9 -0.0124605 0.451723 3.05448 0.0450362 0.0443462 30.0758
483905 14 0.1 1 32.9 0.0382859 0.405883 5.33604 -9.94405e-05 0.0654681 30.0758
484723 14 0.1 1 32.9 0.213505 -0.199429 5.3428 0.0402708 -0.0276067 30.0758
489232 14 0.1 1 32.9 -0.356955 -0.000772458 4.34646 -0.0418005 0.00529588 30.0758
492962 14 0.1 1 32.9 -0.230586 -0.358271 2.63937 -0.0162822 0.0133065 30.0758
494169 14 0.1 1 32.9 0.288408 -0.270744 4.2281 0.0196195 -0.0228026 30.0758
495749 14 0.1 1 32.9 0.0118352 0.392059 4.14541 -0.0108698 0.0615317 30.0758
497198 14 0.1 1 32.9 -0.256179 -0.281101 3.70781 -0.0210272 -0.0044543 30.0758
497267 14 0.1 1 32.9 0.401124 0.335292 3.99098 0.0285927 0.0355767 30.0758
497319 14 0.1 1 32.9 -0.225781 -0.0289356 4.04657 -0.0170299 0.00846617 30.0758
497532 14 0.1 1 32.9 -0.451667 -0.337802 5.8702 -0.0592068 -0.0631699 30.0758
498602 14 0.1 1 32.9 -0.255623 -0.201845 11.2947 -0.0719545 -0.0668971 30.0758
499977 14 0.1 1 32.9 -0.151929 0.0540878 4.53797 -0.0348447 0.0064493 30.0758
