644 2 0.01 0.4 32.9 -0.351522 -0.191598 2.53426 -0.0285555 -0.0149451 174.487
1197 2 0.01 0.4 32.9 0.135803 0.210259 1.53807 0.008338 0.00952797 174.487
1548 2 0.01 0.4 32.9 0.254167 -0.055987 4.87421 0.0394439 -0.00956173 174.487
2831 2 0.01 0.4 32.9 -0.0161795 -0.0388926 2.39541 -0.000761305 -0.003162 174.487
2967 2 0.01 0.4 32.9 -0.398413 0.142539 0.946443 -0.0128911 0.00517708 174.487
3514 2 0.01 0.4 32.9 0.440712 0.498806 1.48697 0.0200702 0.0204454 174.487
3589 2 0.01 0.4 32.9 0.411436 -0.28685 4.71114 0.0594482 -0.0385543 174.487
3876 2 0.01 0.4 32.9 0.227718 0.0382661 3.33797 0.02128 0.00365739 174.487
6194 2 0.01 0.4 32.9 0.296808 0.178538 2.30698 0.0208388 0.0143642 174.487
7486 2 0.01 0.4 32.9 0.402102 0.483715 2.42349 0.0294026 0.0336608 174.487
8044 2 0.01 0.4 32.9 -0.280074 0.477337 0.344046 -0.00266425 0.00924882 174.487
8249 2 0.01 0.4 32.9 0.364746 -0.429419 3.75509 0.0435449 -0.0488 174.487
9541 2 0.01 0.4 32.9 0.0366872 -0.21484 1.95072 0.00208068 -0.0127227 174.487
9628 2 0.01 0.4 32.9 0.0633416 0.369703 2.06376 0.00352835 0.022433 174.487
9775 2 0.01 0.4 32.9 -0.498201 -0.302397 4.548 -0.0697331 -0.041515 174.487
10215 2 0.01 0.4 32.9 0.351595 -0.43705 3.18203 0.0348289 -0.0426835 174.487
10440 2 0.01 0.4 32.9 0.438674 0.0969823 0.818703 0.0107314 0.00322187 174.487
13462 2 0.01 0.4 32.9 -0.156492 0.0952734 3.10626 -0.0116781 0.0108339 174.487
15163 2 0.01 0.4 32.9 0.376812 0.0410204 6.27829 0.0717829 0.00790492 174.487
15456 2 0.01 0.4 32.9 0.390922 0.205535 1.49795 0.0169675 0.00656193 174.487
15466 2 0.01 0.4 32.9 -0.330597 -0.394156 1.19725 -0.0124281 -0.0155817 174.487
16132 2 0.01 0.4 32.9 0.167387 0.348084 5.37718 0.0279232 0.0543473 174.487
16529 2 0.01 0.4 32.9 -0.168289 0.303337 2.66513 -0.0155295 0.0242901 174.487
19903 2 0.01 0.4 32.9 -0.288024 -0.432815 0.694194 -0.00817376 -0.00918758 174.487
20033 2 0.01 0.4 32.9 -0.263415 -0.118849 0.805539 -0.00839387 -0.00504112 174.487
20132 2 0.01 0.4 32.9 0.0236211 -0.476307 0.661309 0.00122446 -0.0106648 174.487
21399 2 0.01 0.4 32.9 -0.138069 -0.0709675 1.57924 -0.00428182 -0.00385289 174.487
22644 2 0.01 0.4 32.9 -0.0479763 0.0782127 2.33444 -0.00534668 0.00536639 174.487
22844 2 0.01 0.4 32.9 0.0742423 -0.112296 2.5647 0.00706981 -0.00904536 174.487
23708 2 0.01 0.4 32.9 -0.464064 0.139838 0.943946 -0.0129471 0.00384097 174.487
23844 2 0.01 0.4 32.9 -0.2072 -0.0445836 2.55999 -0.0146447 -0.00390916 174.487
24328 2 0.01 0.4 32.9 -0.120878 -0.101322 5.60035 -0.0207537 -0.0152688 174.487
24694 2 0.01 0.4 32.9 -0.113498 0.0276373 2.14726 -0.00653052 0.00245194 174.487
24836 2 0.01 0.4 32.9 0.44099 0.480757 1.47465 0.0202905 0.0209369 174.487
25349 2 0.01 0.4 32.9 0.280464 0.333054 2.82198 0.0246451 0.0268956 174.487
27109 2 0.01 0.4 32.9 0.0786452 -0.20108 2.82547 0.00620698 -0.015464 174.487
27523 2 0.01 0.4 32.9 0.308621 -0.296911 5.74745 0.0557493 -0.0507108 174.487
27672 2 0.01 0.4 32.9 0.168955 0.337466 4.30981 0.0218372 0.0438068 174.487
28117 2 0.01 0.4 32.9 -0.154486 0.0218666 3.81585 -0.0185327 3.02947e-05 174.487
28609 2 0.01 0.4 32.9 -0.100751 -0.06272 4.94802 -0.0155963 -0.00822571 174.487
29428 2 0.01 0.4 32.9 0.127727 -0.331501 4.79931 0.0194184 -0.0488653 174.487
30023 2 0.01 0.4 32.9 -0.00120679 -0.180673 1.14618 -0.00251033 -0.00693583 174.487
32672 2 0.01 0.4 32.9 -0.390273 0.445639 4.66265 -0.0550465 0.0636493 174.487
33968 2 0.01 0.4 32.9 0.0113386 -0.416796 7.36972 0.00283976 -0.0946258 174.487
34612 2 0.01 0.4 32.9 0.257703 0.412008 2.45066 0.0189695 0.0296646 174.487
36709 2 0.01 0.4 32.9 -0.197752 0.0536719 3.98055 -0.0257122 0.00364604 174.487
36875 2 0.01 0.4 32.9 0.00680365 -0.162563 3.27356 0.000609318 -0.0167898 174.487
37022 2 0.01 0.4 32.9 -0.163484 0.106949 0.853642 -0.0075815 0.00350105 174.487
37612 2 0.01 0.4 32.9 0.336752 0.264185 2.3571 0.0219812 0.0193098 174.487
37841 2 0.01 0.4 32.9 0.323735 0.306183 2.74423 0.0271759 0.0243353 174.487
38428 2 0.01 0.4 32.9 -0.118589 0.00106893 0.745901 -0.00118647 -0.00198952 174.487
40183 2 0.01 0.4 32.9 0.0461336 0.0452601 1.88505 0.00373481 0.00303472 174.487
40313 2 0.01 0.4 32.9 -0.14073 0.386962 2.22888 -0.00737126 0.0268855 174.487
41599 2 0.01 0.4 32.9 0.165545 0.0650279 1.43293 0.00518123 0.00364144 174.487
42590 2 0.01 0.4 32.9 -0.0765234 0.340275 1.61819 -0.00317515 0.0146394 174.487
42658 2 0.01 0.4 32.9 -0.214659 -0.228569 4.84892 -0.0328563 -0.0330776 174.487
44666 2 0.01 0.4 32.9 0.132278 -0.458069 4.48211 0.0185028 -0.0628522 174.487
46103 2 0.01 0.4 32.9 -0.322481 -0.128668 0.811378 -0.00799962 -0.00285709 174.487
46477 2 0.01 0.4 32.9 -0.000186018 0.226304 2.64304 -0.00033553 0.0176321 174.487
48821 2 0.01 0.4 32.9 0.269616 0.413786 3.91787 0.0336114 0.0471833 174.487
48968 2 0.01 0.4 32.9 0.243661 0.24597 3.46765 0.0272317 0.0242155 174.487
49252 2 0.01 0.4 32.9 -0.420077 0.440328 1.82438 -0.0228708 0.0252372 174.487
49781 2 0.01 0.4 32.9 -0.38392 0.266797 4.13868 -0.0496945 0.0336521 174.487
50101 2 0.01 0.4 32.9 -0.271178 0.00905897 2.06615 -0.0177942 -0.000213223 174.487
50449 2 0.01 0.4 32.9 0.0257395 0.123023 4.50996 0.00333017 0.0163718 174.487
50512 2 0.01 0.4 32.9 -0.278149 0.286003 2.07344 -0.0168885 0.0201136 174.487
54655 2 0.01 0.4 32.9 -0.232918 -0.444524 1.17147 -0.00940035 -0.016274 174.487
56875 2 0.01 0.4 32.9 0.062229 -0.434901 5.21486 0.0117537 -0.0690407 174.487
57206 2 0.01 0.4 32.9 -0.447661 -0.419548 2.00407 -0.0241067 -0.0282549 174.487
57289 2 0.01 0.4 32.9 0.372214 0.38428 6.90788 0.0803294 0.0807389 174.487
58296 2 0.01 0.4 32.9 0.267491 -0.395164 4.40661 0.0360058 -0.0551216 174.487
60124 2 0.01 0.4 32.9 0.00554651 0.360359 4.56516 0.000700739 0.050142 174.487
60137 2 0.01 0.4 32.9 -0.375451 0.0199524 5.15203 -0.0578886 0.00399245 174.487
60859 2 0.01 0.4 32.9 0.275647 0.23882 2.75943 0.024032 0.0176914 174.487
62963 2 0.01 0.4 32.9 -0.00229822 0.300861 1.90193 -0.000572843 0.0185936 174.487
63035 2 0.01 0.4 32.9 -0.339153 0.0367297 3.10257 -0.0304294 0.00608014 174.487
63072 2 0.01 0.4 32.9 0.162069 0.380827 1.45486 0.0068913 0.0128046 174.487
64442 2 0.01 0.4 32.9 0.469835 -0.339859 2.32286 0.0338728 -0.0256107 174.487
64529 2 0.01 0.4 32.9 0.0588495 -0.456087 2.67631 0.00744626 -0.0384674 174.487
66554 2 0.01 0.4 32.9 -0.119171 -0.223549 2.44228 -0.00758524 -0.0163045 174.487
67354 2 0.01 0.4 32.9 0.0553085 -0.190268 4.89157 0.00779497 -0.0311709 174.487
68155 2 0.01 0.4 32.9 0.497243 -0.118751 1.67225 0.0237596 -0.00411549 174.487
69168 2 0.01 0.4 32.9 0.409828 -0.348266 1.37396 0.0180971 -0.0137649 174.487
69884 2 0.01 0.4 32.9 0.462755 0.398748 4.86668 0.0669716 0.0581126 174.487
70558 2 0.01 0.4 32.9 -0.39797 0.0275687 7.82835 -0.0952872 0.00857131 174.487
70995 2 0.01 0.4 32.9 -0.155927 0.115358 2.13407 -0.00751558 0.00804172 174.487
71994 2 0.01 0.4 32.9 -0.304683 -0.466567 0.711592 -0.00616285 -0.0112492 174.487
73239 2 0.01 0.4 32.9 -0.276551 0.434184 4.80074 -0.0406229 0.0619403 174.487
74155 2 0.01 0.4 32.9 -0.146792 -0.0234517 4.98449 -0.0217669 -0.00124263 174.487
74812 2 0.01 0.4 32.9 -0.429498 0.472774 3.20771 -0.042119 0.044394 174.487
77326 2 0.01 0.4 32.9 -0.443107 -0.0731109 2.08554 -0.0278752 -0.00536005 174.487
77954 2 0.01 0.4 32.9 -0.0384179 -0.377198 3.24745 -0.00271106 -0.0353738 174.487
78198 2 0.01 0.4 32.9 0.450504 -0.0630216 0.549392 0.00818639 -0.00238223 174.487
78361 2 0.01 0.4 32.9 -0.142725 -0.297845 5.7689 -0.026103 -0.0514984 174.487
79628 2 0.01 0.4 32.9 -0.431106 -0.298094 1.38794 -0.0165739 -0.0150034 174.487
79675 2 0.01 0.4 32.9 -0.379777 -0.34479 4.4885 -0.0517038 -0.0451398 174.487
82074 2 0.01 0.4 32.9 0.247904 0.122595 1.50323 0.0103073 0.00546847 174.487
82139 2 0.01 0.4 32.9 -0.0435439 0.442115 1.77036 0.000172705 0.0251332 174.487
83720 2 0.01 0.4 32.9 0.321412 0.493563 0.35076 0.00382154 0.0106362 174.487
84581 2 0.01 0.4 32.9 0.285792 -0.175945 2.22903 0.019605 -0.0155341 174.487
84811 2 0.01 0.4 32.9 -0.0121112 -0.208782 1.59141 -0.00056492 -0.00826103 174.487
86386 2 0.01 0.4 32.9 -0.260924 0.13448 6.3737 -0.0514736 0.0233133 174.487
87673 2 0.01 0.4 32.9 0.0427247 -0.214299 0.928947 0.000775539 -0.00369535 174.487
87955 2 0.01 0.4 32.9 0.0939054 -0.280477 4.85765 0.0152092 -0.0380611 174.487
88115 2 0.01 0.4 32.9 0.350711 -0.155528 3.45803 0.0361649 -0.0172471 174.487
91534 2 0.01 0.4 32.9 0.336449 0.385579 5.93615 0.0612333 0.0692426 174.487
92770 2 0.01 0.4 32.9 0.0487183 0.218709 3.06592 0.00277164 0.0207233 174.487
93700 2 0.01 0.4 32.9 0.0780398 -0.215121 5.48881 0.0158195 -0.0342513 174.487
93713 2 0.01 0.4 32.9 0.144062 0.2155 3.39297 0.0172002 0.020564 174.487
94734 2 0.01 0.4 32.9 -0.335443 -0.0887293 0.718609 -0.00752284 -0.000699038 174.487
95485 2 0.01 0.4 32.9 0.279374 -0.228875 3.79836 0.0311085 -0.0266393 174.487
96463 2 0.01 0.4 32.9 0.385534 0.494747 3.62474 0.041075 0.0545117 174.487
96811 2 0.01 0.4 32.9 0.355488 0.212793 3.66569 0.0413784 0.0222049 174.487
97344 2 0.01 0.4 32.9 0.32327 0.0927214 4.02541 0.0393726 0.0098168 174.487
97402 2 0.01 0.4 32.9 -0.23161 0.112 2.11627 -0.015101 0.00858858 174.487
97529 2 0.01 0.4 32.9 -0.345896 0.041959 0.724338 -0.00815324 0.00229328 174.487
98703 2 0.01 0.4 32.9 -0.0352774 -0.491583 7.66443 -0.00796861 -0.113669 174.487
102006 2 0.01 0.4 32.9 0.00508555 -0.151457 3.22528 0.00126864 -0.0146392 174.487
102439 2 0.01 0.4 32.9 0.48654 -0.311178 1.67401 0.0257112 -0.0153787 174.487
102712 2 0.01 0.4 32.9 -0.218043 -0.400656 7.84215 -0.0529914 -0.0943352 174.487
103712 2 0.01 0.4 32.9 0.0932939 0.390784 11.1385 0.0328696 0.134953 174.487
104648 2 0.01 0.4 32.9 -0.344485 -0.348802 1.90774 -0.0202088 -0.0180745 174.487
106574 2 0.01 0.4 32.9 0.219011 0.369584 1.19552 0.0106516 0.0123027 174.487
108630 2 0.01 0.4 32.9 -0.268952 0.228098 1.23298 -0.0112961 0.0102019 174.487
109895 2 0.01 0.4 32.9 0.356508 -0.0387406 0.327996 0.00235133 0.000423391 174.487
110412 2 0.01 0.4 32.9 -0.0771394 -0.495649 1.90769 -0.00462467 -0.0297368 174.487
110828 2 0.01 0.4 32.9 -0.0513955 0.052609 0.825243 -0.000454036 0.000584085 174.487
114366 2 0.01 0.4 32.9 -0.0654267 -0.133137 2.85687 -0.00575492 -0.0138258 174.487
116129 2 0.01 0.4 32.9 0.326933 0.379069 13.0866 0.129067 0.148416 174.487
116857 2 0.01 0.4 32.9 -0.162352 -0.211342 1.19392 -0.00505895 -0.00799185 174.487
117253 2 0.01 0.4 32.9 -0.416181 0.0834774 3.28349 -0.0414985 0.00879281 174.487
117776 2 0.01 0.4 32.9 0.320148 0.261925 0.986946 0.00801067 0.00854824 174.487
118367 2 0.01 0.4 32.9 0.295284 -0.0122798 9.26631 0.0807964 -0.00736764 174.487
118555 2 0.01 0.4 32.9 0.268935 -0.214284 2.60831 0.0218328 -0.0168378 174.487
119855 2 0.01 0.4 32.9 -0.191197 -0.4493 2.39794 -0.0145645 -0.030323 174.487
120346 2 0.01 0.4 32.9 0.252503 0.491281 4.48949 0.0343966 0.0666472 174.487
121033 2 0.01 0.4 32.9 -0.126891 -0.0635536 0.852657 -0.00342923 6.89537e-05 174.487
122187 2 0.01 0.4 32.9 -0.374662 0.0656149 2.50613 -0.0290488 0.00337294 174.487
122468 2 0.01 0.4 32.9 -0.00986098 -0.258825 4.11964 -0.00213063 -0.0346642 174.487
122927 2 0.01 0.4 32.9 -0.150018 -0.459053 1.45741 -0.0080144 -0.0208295 174.487
123642 2 0.01 0.4 32.9 0.373752 -0.393966 3.34066 0.0367215 -0.039884 174.487
124309 2 0.01 0.4 32.9 -0.192722 0.329501 3.27552 -0.0184808 0.0319101 174.487
126103 2 0.01 0.4 32.9 -0.493351 0.192021 1.04995 -0.0148682 0.00764176 174.487
127103 2 0.01 0.4 32.9 -0.479124 0.35761 7.303 -0.104977 0.0775207 174.487
127855 2 0.01 0.4 32.9 0.0354988 -0.203409 4.85287 0.00571249 -0.0307208 174.487
128379 2 0.01 0.4 32.9 0.414049 -0.0228264 3.8839 0.0507681 -0.00365768 174.487
128619 2 0.01 0.4 32.9 0.150808 0.219205 8.46309 0.0377939 0.0559241 174.487
130256 2 0.01 0.4 32.9 0.215373 0.0825068 6.28559 0.042561 0.0147749 174.487
130416 2 0.01 0.4 32.9 -0.459267 -0.192358 1.85123 -0.0255496 -0.0116889 174.487
132366 2 0.01 0.4 32.9 -0.477523 -0.110475 3.5053 -0.0475219 -0.0113706 174.487
132539 2 0.01 0.4 32.9 -0.230302 0.115495 0.876963 -0.00432442 0.0038623 174.487
135398 2 0.01 0.4 32.9 -0.127837 -0.247905 4.64127 -0.0186501 -0.0351989 174.487
135650 2 0.01 0.4 32.9 0.219495 -0.0239922 3.36285 0.0233504 -0.00107845 174.487
136675 2 0.01 0.4 32.9 -0.324198 0.0493382 3.7342 -0.0361544 0.00369843 174.487
136927 2 0.01 0.4 32.9 -0.188309 0.19224 2.18615 -0.0122738 0.0138266 174.487
137102 2 0.01 0.4 32.9 0.00160988 0.0730472 0.998931 0.00199558 0.00271222 174.487
137269 2 0.01 0.4 32.9 -0.269502 0.0527956 1.29191 -0.0115881 0.00183344 174.487
138215 2 0.01 0.4 32.9 0.143064 0.14427 1.5629 0.00692358 0.0069034 174.487
139506 2 0.01 0.4 32.9 -0.191377 0.301361 4.54615 -0.0260867 0.0413796 174.487
141214 2 0.01 0.4 32.9 0.281603 0.354408 1.37221 0.0121653 0.0124841 174.487
141566 2 0.01 0.4 32.9 -0.180316 0.300565 4.65376 -0.022989 0.0433141 174.487
141814 2 0.01 0.4 32.9 -0.371565 0.117477 3.34371 -0.038133 0.00969529 174.487
142243 2 0.01 0.4 32.9 0.389161 -0.476197 4.75688 0.0551064 -0.0674832 174.487
144347 2 0.01 0.4 32.9 0.234765 0.211268 1.24991 0.0141926 0.00853941 174.487
144888 2 0.01 0.4 32.9 0.211061 -0.271588 2.44999 0.0162601 -0.0193567 174.487
145987 2 0.01 0.4 32.9 -0.131621 -0.178991 3.5283 -0.0137456 -0.0211594 174.487
147644 2 0.01 0.4 32.9 0.00499933 0.439834 1.6204 0.000349189 0.0214283 174.487
147884 2 0.01 0.4 32.9 0.422324 -0.0517069 5.51699 0.0698197 -0.00670832 174.487
148898 2 0.01 0.4 32.9 -0.207519 -0.264004 7.79954 -0.050593 -0.0619378 174.487
150233 2 0.01 0.4 32.9 -0.311643 -0.221102 1.20657 -0.0093494 -0.00842636 174.487
150383 2 0.01 0.4 32.9 -0.338627 -0.0589752 4.79113 -0.05098 -0.00867284 174.487
154796 2 0.01 0.4 32.9 -0.290671 0.229027 0.662871 -0.00650006 0.00493566 174.487
155870 2 0.01 0.4 32.9 -0.369776 -0.257096 7.7008 -0.0866389 -0.0619531 174.487
156355 2 0.01 0.4 32.9 -0.0398086 -0.450284 1.78932 -0.00270942 -0.0254331 174.487
156583 2 0.01 0.4 32.9 -0.107478 0.307168 13.3423 -0.0429197 0.125569 174.487
162065 2 0.01 0.4 32.9 -0.163227 -0.317581 3.45538 -0.0159508 -0.034401 174.487
163258 2 0.01 0.4 32.9 0.095068 -0.499703 2.10377 0.00496346 -0.0318742 174.487
163443 2 0.01 0.4 32.9 -0.358877 0.0860178 3.17043 -0.0352532 0.00736762 174.487
168274 2 0.01 0.4 32.9 -0.384285 -0.209812 1.01811 -0.0103877 -0.00807772 174.487
171108 2 0.01 0.4 32.9 0.423341 0.340462 1.37331 0.0181571 0.0139113 174.487
172220 2 0.01 0.4 32.9 0.191565 -0.2764 2.94061 0.0183584 -0.0231598 174.487
174053 2 0.01 0.4 32.9 -0.485321 -0.153262 0.77343 -0.0105659 -0.00123752 174.487
174351 2 0.01 0.4 32.9 -0.420536 -0.225988 2.92586 -0.0382921 -0.0219015 174.487
175319 2 0.01 0.4 32.9 0.192663 -0.455799 7.504 0.0425115 -0.102816 174.487
175426 2 0.01 0.4 32.9 -0.112699 -0.102785 5.97188 -0.0219131 -0.0195919 174.487
175927 2 0.01 0.4 32.9 -0.461103 0.288495 7.07295 -0.0988427 0.0620839 174.487
177775 2 0.01 0.4 32.9 0.378999 -0.0421639 2.78279 0.0319027 -0.00356777 174.487
179664 2 0.01 0.4 32.9 -0.132912 -0.221567 2.82381 -0.0126717 -0.0196368 174.487
180732 2 0.01 0.4 32.9 -0.479331 0.42786 1.14837 -0.0177892 0.0140466 174.487
181243 2 0.01 0.4 32.9 0.36938 -0.285958 2.77155 0.0316537 -0.0258104 174.487
182406 2 0.01 0.4 32.9 0.29999 -0.15736 1.57732 0.0157185 -0.0090765 174.487
182418 2 0.01 0.4 32.9 0.229729 0.243295 1.2638 0.00983754 0.0107966 174.487
182926 2 0.01 0.4 32.9 0.373594 -0.231767 4.83845 0.053106 -0.0337666 174.487
184900 2 0.01 0.4 32.9 0.264647 0.244039 5.28427 0.0413603 0.0413708 174.487
186125 2 0.01 0.4 32.9 0.0358557 0.342693 0.577879 -0.00252436 0.00643749 174.487
187405 2 0.01 0.4 32.9 -0.180276 -0.205823 2.77013 -0.015863 -0.0174393 174.487
187934 2 0.01 0.4 32.9 0.409137 0.268574 3.35531 0.0412159 0.0258368 174.487
187956 2 0.01 0.4 32.9 0.497937 0.448219 4.83045 0.0738199 0.0679375 174.487
188197 2 0.01 0.4 32.9 -0.384707 0.169774 4.01478 -0.0486645 0.0213346 174.487
190348 2 0.01 0.4 32.9 -0.347084 0.482924 2.26977 -0.0201082 0.0312681 174.487
194195 2 0.01 0.4 32.9 -0.179998 0.0808358 3.86121 -0.0223941 0.0104531 174.487
195867 2 0.01 0.4 32.9 0.203205 -0.239924 2.5899 0.014726 -0.0162873 174.487
196293 2 0.01 0.4 32.9 -0.360482 -0.115365 3.03544 -0.0345914 -0.0152253 174.487
196750 2 0.01 0.4 32.9 -0.0167298 0.408476 2.76719 -0.00470325 0.033715 174.487
198312 2 0.01 0.4 32.9 -0.329934 -0.153743 2.8667 -0.028389 -0.0148083 174.487
198858 2 0.01 0.4 32.9 0.4196 -0.0119371 2.43734 0.0294214 -0.00239355 174.487
199350 2 0.01 0.4 32.9 0.360919 0.174838 5.27283 0.0593252 0.0289153 174.487
199736 2 0.01 0.4 32.9 -0.226951 0.236488 1.07393 -0.00715023 0.0096865 174.487
201690 2 0.01 0.4 32.9 0.25902 0.232302 1.53172 0.00992844 0.0101126 174.487
203030 2 0.01 0.4 32.9 0.122431 -0.14539 3.17737 0.0141308 -0.015198 174.487
203262 2 0.01 0.4 32.9 0.0237788 -0.0254018 2.80978 -8.53736e-05 -0.00172681 174.487
203650 2 0.01 0.4 32.9 0.134742 -0.450502 3.62196 0.0156913 -0.0504938 174.487
203780 2 0.01 0.4 32.9 0.1986 0.298569 0.957014 0.0050931 0.00633201 174.487
204120 2 0.01 0.4 32.9 0.244299 0.200273 2.99358 0.020925 0.0186875 174.487
205874 2 0.01 0.4 32.9 0.144604 0.377054 3.63261 0.0149034 0.0421916 174.487
206129 2 0.01 0.4 32.9 -0.264237 0.396307 2.96672 -0.0255206 0.0368497 174.487
206506 2 0.01 0.4 32.9 -0.0555653 0.0946608 2.0101 -0.00564571 0.00347239 174.487
207063 2 0.01 0.4 32.9 -0.057696 -0.0774409 2.35474 -0.00367546 -0.00599629 174.487
207500 2 0.01 0.4 32.9 -0.234651 -0.480493 4.10242 -0.0293413 -0.0591101 174.487
207538 2 0.01 0.4 32.9 0.487971 -0.0465458 4.49531 0.0666353 -0.00667679 174.487
207669 2 0.01 0.4 32.9 0.125339 -0.249123 1.96618 0.00762819 -0.0136776 174.487
207925 2 0.01 0.4 32.9 -0.263221 -0.157885 2.80554 -0.019582 -0.0118498 174.487
209896 2 0.01 0.4 32.9 0.318767 -0.104223 1.98049 0.0198819 -0.00783362 174.487
210918 2 0.01 0.4 32.9 0.144821 0.378339 1.20016 0.00231978 0.0159764 174.487
211912 2 0.01 0.4 32.9 0.442988 0.452193 3.64672 0.0497919 0.0516578 174.487
214836 2 0.01 0.4 32.9 0.296674 0.0553495 1.21268 0.0111903 0.00433866 174.487
215973 2 0.01 0.4 32.9 0.195332 -0.144984 1.0318 0.00454979 -0.0054258 174.487
216318 2 0.01 0.4 32.9 0.0423571 0.361169 1.85022 0.00114941 0.0182692 174.487
217789 2 0.01 0.4 32.9 0.350715 -0.214199 1.59065 0.014836 -0.0131042 174.487
217938 2 0.01 0.4 32.9 -0.106336 0.327688 0.497637 -0.00239309 0.00486359 174.487
219695 2 0.01 0.4 32.9 0.41092 -0.441357 1.30286 0.0168847 -0.0174618 174.487
220030 2 0.01 0.4 32.9 -0.144255 0.455427 1.19452 -0.00506686 0.0169364 174.487
220320 2 0.01 0.4 32.9 -0.488108 -0.333864 5.29647 -0.0790006 -0.0558502 174.487
220944 2 0.01 0.4 32.9 -0.118626 0.200496 5.53795 -0.0202758 0.0345021 174.487
221821 2 0.01 0.4 32.9 0.461351 -0.320989 3.76204 0.0521224 -0.0359389 174.487
222358 2 0.01 0.4 32.9 0.0678227 -0.17201 2.37462 0.00737872 -0.0130181 174.487
223900 2 0.01 0.4 32.9 -0.056794 0.271578 1.39588 -0.00190364 0.0111654 174.487
226108 2 0.01 0.4 32.9 -0.217289 -0.193148 0.825422 -0.00661604 -0.00605649 174.487
226858 2 0.01 0.4 32.9 0.078653 0.391261 1.12242 0.00461625 0.0144155 174.487
227594 2 0.01 0.4 32.9 -0.157716 -0.11702 2.70752 -0.0118178 -0.00897064 174.487
227998 2 0.01 0.4 32.9 0.14562 0.186987 1.21207 0.00422152 0.00883578 174.487
228071 2 0.01 0.4 32.9 0.408006 0.0684209 0.886428 0.00981063 0.00427186 174.487
228965 2 0.01 0.4 32.9 -0.189996 -0.420408 2.13979 -0.011658 -0.0262012 174.487
229208 2 0.01 0.4 32.9 -0.300401 0.337595 2.9131 -0.0288636 0.0289966 174.487
232315 2 0.01 0.4 32.9 -0.351026 -0.0745184 4.20768 -0.0431107 -0.00857993 174.487
233404 2 0.01 0.4 32.9 -0.230689 0.480161 1.0883 -0.00444771 0.016683 174.487
233417 2 0.01 0.4 32.9 -0.34637 -0.286371 1.9632 -0.0241739 -0.0190334 174.487
236202 2 0.01 0.4 32.9 -0.413519 -0.454432 1.55876 -0.0194997 -0.0224274 174.487
239429 2 0.01 0.4 32.9 -0.280951 -0.130793 2.12999 -0.0208922 -0.00892021 174.487
239684 2 0.01 0.4 32.9 -0.12036 -0.159482 3.45096 -0.0134032 -0.0149971 174.487
240150 2 0.01 0.4 32.9 -0.120931 0.0464923 12.5521 -0.045199 0.0168172 174.487
240287 2 0.01 0.4 32.9 -0.147227 0.0203323 3.4548 -0.0157118 0.00286228 174.487
240502 2 0.01 0.4 32.9 0.0730978 -0.348525 3.24848 0.00884941 -0.0319287 174.487
240539 2 0.01 0.4 32.9 0.442188 -0.0521216 5.03703 0.0684944 -0.00778082 174.487
241897 2 0.01 0.4 32.9 -0.192475 0.439406 1.72468 -0.00977492 0.0203911 174.487
242525 2 0.01 0.4 32.9 0.214239 -0.0223762 2.52144 0.0200025 -0.002885 174.487
242561 2 0.01 0.4 32.9 -0.0278744 0.305121 3.17659 -0.000999371 0.0271295 174.487
244490 2 0.01 0.4 32.9 0.0880032 -0.344766 2.47533 0.00648827 -0.0244115 174.487
246043 2 0.01 0.4 32.9 0.037875 0.490561 2.34762 0.00298607 0.0360982 174.487
247368 2 0.01 0.4 32.9 0.01426 -0.443867 2.94256 -0.000643894 -0.0380053 174.487
247476 2 0.01 0.4 32.9 0.262377 0.00174326 3.23579 0.0268279 -0.00144855 174.487
247920 2 0.01 0.4 32.9 0.404279 0.372927 6.49062 0.079949 0.0748237 174.487
249930 2 0.01 0.4 32.9 -0.437038 -0.423189 2.40648 -0.0320009 -0.0306463 174.487
252307 2 0.01 0.4 32.9 0.360248 -0.31488 2.47253 0.0259958 -0.0236317 174.487
253251 2 0.01 0.4 32.9 0.413352 -0.478158 5.3846 0.0674682 -0.0793914 174.487
255480 2 0.01 0.4 32.9 0.144948 0.06802 1.39463 0.00996281 0.00309776 174.487
255580 2 0.01 0.4 32.9 0.423579 0.0663807 8.07555 0.102087 0.0149909 174.487
256030 2 0.01 0.4 32.9 0.18494 0.0609381 6.77999 0.0398209 0.0114508 174.487
257125 2 0.01 0.4 32.9 -0.151865 -0.131334 3.95691 -0.0192019 -0.0137058 174.487
257381 2 0.01 0.4 32.9 -0.0974326 -0.184783 3.12122 -0.00973205 -0.0166608 174.487
258830 2 0.01 0.4 32.9 0.48673 0.0854566 3.29509 0.0489719 0.00732485 174.487
259548 2 0.01 0.4 32.9 -0.0100967 0.204777 1.84147 -0.000547736 0.0115611 174.487
259817 2 0.01 0.4 32.9 0.44379 -0.160552 1.72442 0.0239335 -0.0085168 174.487
261624 2 0.01 0.4 32.9 0.434382 -0.217273 2.02888 0.0253003 -0.0156879 174.487
263571 2 0.01 0.4 32.9 -0.466793 0.341597 1.29614 -0.0180566 0.0170844 174.487
264704 2 0.01 0.4 32.9 0.0616834 -0.327548 4.40469 0.00971973 -0.0429513 174.487
265131 2 0.01 0.4 32.9 0.0586902 -0.29825 2.48142 0.0042762 -0.0236978 174.487
266650 2 0.01 0.4 32.9 0.247542 -0.367782 3.01711 0.0208648 -0.0332467 174.487
267254 2 0.01 0.4 32.9 -0.485018 -0.454524 1.50167 -0.0245812 -0.0197265 174.487
267370 2 0.01 0.4 32.9 -0.157687 -0.334744 1.0518 -0.00361893 -0.00929537 174.487
267956 2 0.01 0.4 32.9 0.235592 -0.42018 1.51423 0.0111635 -0.0182867 174.487
268545 2 0.01 0.4 32.9 0.161982 -0.49177 2.22219 0.011688 -0.0339168 174.487
269308 2 0.01 0.4 32.9 -0.436292 0.321441 4.63057 -0.0593427 0.0459196 174.487
269859 2 0.01 0.4 32.9 -0.413428 -0.32367 0.583589 -0.0074126 -0.00583629 174.487
270471 2 0.01 0.4 32.9 0.0852053 0.275406 5.04823 0.0117237 0.0444763 174.487
272007 2 0.01 0.4 32.9 -0.109112 -0.327584 1.46178 -0.00496988 -0.0137621 174.487
272200 2 0.01 0.4 32.9 -0.228713 0.0249907 0.562605 -0.00385563 -0.0032927 174.487
274132 2 0.01 0.4 32.9 0.15787 -0.0721132 1.73225 0.00849092 -0.00566639 174.487
274143 2 0.01 0.4 32.9 -0.198816 0.495742 14.4493 -0.0879715 0.218488 174.487
274384 2 0.01 0.4 32.9 -0.21525 0.367012 2.2844 -0.0120098 0.0260737 174.487
274802 2 0.01 0.4 32.9 -0.376291 -0.163451 1.18685 -0.0150191 -0.0045076 174.487
275188 2 0.01 0.4 32.9 0.339417 -0.377495 2.17251 0.0240385 -0.0259546 174.487
275234 2 0.01 0.4 32.9 0.485842 -0.488883 1.41496 0.0194598 -0.0212427 174.487
275573 2 0.01 0.4 32.9 -0.280069 0.325387 2.3614 -0.0196932 0.0231928 174.487
276161 2 0.01 0.4 32.9 0.0821455 -0.385291 5.15985 0.011554 -0.0588484 174.487
277564 2 0.01 0.4 32.9 0.211674 -0.380502 8.33708 0.0544027 -0.0964126 174.487
278298 2 0.01 0.4 32.9 0.310783 0.198633 2.52922 0.0249627 0.0156808 174.487
278834 2 0.01 0.4 32.9 0.278313 0.266406 3.4611 0.0307034 0.0262869 174.487
279078 2 0.01 0.4 32.9 -0.183755 -0.246886 1.38874 -0.00974067 -0.0113074 174.487
279373 2 0.01 0.4 32.9 0.253136 0.336446 1.95982 0.0166563 0.0214202 174.487
280207 2 0.01 0.4 32.9 0.493434 -0.282444 2.52788 0.03598 -0.0229614 174.487
280485 2 0.01 0.4 32.9 0.454477 -0.295736 0.778529 0.0108858 -0.0100943 174.487
280897 2 0.01 0.4 32.9 -0.324647 0.190494 3.80368 -0.0362919 0.0204597 174.487
281859 2 0.01 0.4 32.9 0.066845 -0.134134 10.9589 0.0195763 -0.046561 174.487
282139 2 0.01 0.4 32.9 0.46173 -0.382644 1.64055 0.0220878 -0.0190321 174.487
282805 2 0.01 0.4 32.9 -0.112772 0.421827 1.01172 -0.00454491 0.0127141 174.487
284001 2 0.01 0.4 32.9 0.422893 0.0781744 2.24587 0.0297079 0.00445742 174.487
286177 2 0.01 0.4 32.9 0.0685105 0.0501838 2.79863 0.00414411 0.00413743 174.487
286252 2 0.01 0.4 32.9 0.396381 0.218385 1.41542 0.015578 0.0108153 174.487
287061 2 0.01 0.4 32.9 -0.452613 0.11718 2.62692 -0.0357269 0.00940348 174.487
288456 2 0.01 0.4 32.9 -0.165395 -0.0314442 4.33735 -0.0220726 -0.00331479 174.487
288494 2 0.01 0.4 32.9 -0.0817803 -0.0610369 2.36714 -0.00349748 -0.0055068 174.487
288962 2 0.01 0.4 32.9 -0.310588 -0.48019 2.56972 -0.026524 -0.0378514 174.487
290553 2 0.01 0.4 32.9 0.472733 -0.277762 1.91129 0.0292507 -0.0175967 174.487
291717 2 0.01 0.4 32.9 0.0790189 -0.226094 3.81925 0.0120939 -0.0264218 174.487
291737 2 0.01 0.4 32.9 -0.332752 -0.3596 1.31519 -0.0148891 -0.0151801 174.487
293660 2 0.01 0.4 32.9 0.0320589 -0.228442 6.03334 0.0055251 -0.0413699 174.487
295800 2 0.01 0.4 32.9 -0.29007 -0.330033 1.01804 -0.00875291 -0.00894905 174.487
296392 2 0.01 0.4 32.9 0.344993 -0.182682 4.83213 0.0544719 -0.0273561 174.487
297714 2 0.01 0.4 32.9 -0.132115 -0.0852625 10.9309 -0.047099 -0.026956 174.487
297929 2 0.01 0.4 32.9 -0.0281116 -0.49614 0.682064 -0.00145569 -0.0102166 174.487
298356 2 0.01 0.4 32.9 0.3695 0.372398 3.173 0.0362468 0.034236 174.487
299382 2 0.01 0.4 32.9 -0.0498107 0.117897 7.46813 -0.0139878 0.0264798 174.487
299768 2 0.01 0.4 32.9 0.262872 -0.455166 1.83375 0.0153328 -0.0246694 174.487
300216 2 0.01 0.4 32.9 -0.385466 0.435911 1.20364 -0.0118663 0.0152265 174.487
303724 2 0.01 0.4 32.9 -0.132628 -0.381993 0.555904 -0.00508801 -0.00785602 174.487
307462 2 0.01 0.4 32.9 -0.290692 -0.213936 4.50544 -0.0402038 -0.0283613 174.487
309039 2 0.01 0.4 32.9 -0.412798 0.0116304 0.840736 -0.00959743 0.000706231 174.487
309503 2 0.01 0.4 32.9 -0.0362096 0.32501 4.78261 -0.00511812 0.0465481 174.487
310300 2 0.01 0.4 32.9 -0.228327 -0.154899 5.69565 -0.0400465 -0.0262394 174.487
311203 2 0.01 0.4 32.9 0.461547 0.259452 2.43727 0.0368044 0.019924 174.487
311994 2 0.01 0.4 32.9 -0.441586 0.135206 1.79265 -0.0222943 0.010029 174.487
315878 2 0.01 0.4 32.9 -0.494777 -0.0727107 1.40514 -0.0219906 -0.00376558 174.487
316114 2 0.01 0.4 32.9 0.345197 -0.027295 2.99975 0.0289875 0.00182044 174.487
316446 2 0.01 0.4 32.9 0.380748 -0.0828774 2.34822 0.0280166 -0.00674246 174.487
318071 2 0.01 0.4 32.9 -0.140311 -0.0140777 2.56311 -0.0105736 -0.000573855 174.487
320826 2 0.01 0.4 32.9 -0.459199 0.277878 5.3138 -0.0732763 0.0457631 174.487
321646 2 0.01 0.4 32.9 -0.381805 0.387582 1.67309 -0.0187269 0.0205868 174.487
323058 2 0.01 0.4 32.9 0.484281 0.0113533 1.13104 0.015452 0.00169031 174.487
323255 2 0.01 0.4 32.9 0.047014 -0.125454 0.957559 -0.000903573 -4.43843e-05 174.487
323878 2 0.01 0.4 32.9 -0.258194 -0.103027 3.38837 -0.0260352 -0.00851805 174.487
324830 2 0.01 0.4 32.9 0.31351 -0.400587 2.43516 0.0243803 -0.0276881 174.487
324946 2 0.01 0.4 32.9 -0.144037 -0.49713 2.20968 -0.00988782 -0.0343463 174.487
328855 2 0.01 0.4 32.9 0.304973 0.209214 5.02759 0.0459074 0.0335703 174.487
328877 2 0.01 0.4 32.9 0.197643 -0.160197 2.08291 0.0119678 -0.0101423 174.487
330524 2 0.01 0.4 32.9 0.424174 0.483743 11.9448 0.152556 0.176119 174.487
330812 2 0.01 0.4 32.9 -0.350721 0.37332 0.682357 -0.00614272 0.00872618 174.487
331329 2 0.01 0.4 32.9 -0.461937 -0.187946 2.19158 -0.0298136 -0.0131577 174.487
331411 2 0.01 0.4 32.9 -0.0419055 0.280115 2.20535 -0.00146743 0.0179836 174.487
333379 2 0.01 0.4 32.9 0.312774 -0.0189406 2.95698 0.028966 -0.00179863 174.487
333525 2 0.01 0.4 32.9 -0.202047 0.176762 0.647 -0.00327692 0.00106215 174.487
334079 2 0.01 0.4 32.9 0.0290788 -0.422829 1.45509 0.00260664 -0.017983 174.487
334477 2 0.01 0.4 32.9 -0.350572 0.415033 4.14347 -0.0445629 0.0510789 174.487
334578 2 0.01 0.4 32.9 -0.449129 0.264172 1.45337 -0.0203244 0.0129602 174.487
335063 2 0.01 0.4 32.9 0.121734 0.343117 3.11417 0.0101673 0.0332795 174.487
335579 2 0.01 0.4 32.9 -0.133456 -0.144843 2.90661 -0.0129153 -0.00955623 174.487
336934 2 0.01 0.4 32.9 -0.467622 -0.373928 1.2366 -0.0180381 -0.0119079 174.487
339056 2 0.01 0.4 32.9 -0.389652 0.313243 1.39196 -0.0167491 0.0127558 174.487
339402 2 0.01 0.4 32.9 -0.130768 -0.339767 0.559133 -0.00111961 -0.00528957 174.487
340101 2 0.01 0.4 32.9 -0.413133 0.143664 8.16344 -0.104478 0.0355125 174.487
340406 2 0.01 0.4 32.9 -0.0658683 0.486737 1.9447 -0.00250119 0.0270899 174.487
341863 2 0.01 0.4 32.9 0.349618 -0.293777 3.66562 0.0402137 -0.031864 174.487
342031 2 0.01 0.4 32.9 0.308577 -0.277848 1.95789 0.0193505 -0.016468 174.487
342390 2 0.01 0.4 32.9 -0.129496 0.381746 0.647678 -0.00109116 0.00497543 174.487
342816 2 0.01 0.4 32.9 0.469493 0.222949 7.79673 0.110961 0.0525727 174.487
343299 2 0.01 0.4 32.9 -0.0815086 0.0482492 0.359817 0.00169861 0.00206107 174.487
344390 2 0.01 0.4 32.9 -0.0813005 0.340813 11.2695 -0.0297267 0.118865 174.487
344411 2 0.01 0.4 32.9 -0.141139 -0.338614 2.13739 -0.00944813 -0.021816 174.487
345493 2 0.01 0.4 32.9 -0.30758 -0.367043 2.20185 -0.0206576 -0.0244638 174.487
345527 2 0.01 0.4 32.9 -0.0606927 -0.0645248 1.4593 -0.00232088 -0.00437763 174.487
345733 2 0.01 0.4 32.9 -0.180832 -0.0235662 0.627737 -0.00180288 0.00187495 174.487
345866 2 0.01 0.4 32.9 -0.201527 0.241252 4.33451 -0.0275215 0.0329892 174.487
349145 2 0.01 0.4 32.9 0.194858 0.418572 2.12305 0.0128608 0.0258201 174.487
350192 2 0.01 0.4 32.9 0.477382 0.144482 6.38513 0.0930385 0.0279767 174.487
351941 2 0.01 0.4 32.9 -0.185952 -0.0360095 2.31325 -0.011626 -0.00284583 174.487
354076 2 0.01 0.4 32.9 0.0403899 0.193346 4.02724 0.00384389 0.0232519 174.487
355011 2 0.01 0.4 32.9 -0.065336 -0.0265918 10.3128 -0.0204761 -0.011395 174.487
355179 2 0.01 0.4 32.9 0.461826 -0.202256 1.60374 0.0203867 -0.00725144 174.487
356476 2 0.01 0.4 32.9 -0.477526 0.0301108 3.16088 -0.0446173 0.00219821 174.487
357879 2 0.01 0.4 32.9 -0.317662 -0.168497 1.19746 -0.0101276 -0.00536434 174.487
358293 2 0.01 0.4 32.9 -0.474751 0.000922381 1.02023 -0.0147636 0.00228347 174.487
358392 2 0.01 0.4 32.9 0.332806 -0.0572273 1.17266 0.0119425 -0.00171368 174.487
358690 2 0.01 0.4 32.9 -0.0946499 0.461837 2.9582 -0.00849857 0.0408829 174.487
358762 2 0.01 0.4 32.9 0.0749056 -0.356396 1.70644 0.00471682 -0.0182047 174.487
359533 2 0.01 0.4 32.9 0.195766 0.127262 0.430879 0.00369377 0.00175012 174.487
360406 2 0.01 0.4 32.9 -0.123913 0.247819 5.73046 -0.0202931 0.040413 174.487
360791 2 0.01 0.4 32.9 0.473024 -0.280339 1.37913 0.0182631 -0.0120214 174.487
361522 2 0.01 0.4 32.9 -0.0341585 0.325892 4.80286 -0.00267099 0.0462294 174.487
362663 2 0.01 0.4 32.9 0.463049 -0.175639 2.78002 0.040092 -0.0146987 174.487
363263 2 0.01 0.4 32.9 0.4749 -0.171533 1.5315 0.0222879 -0.00763381 174.487
365928 2 0.01 0.4 32.9 0.0322942 -0.00323633 10.0405 0.00705079 -0.00214173 174.487
367400 2 0.01 0.4 32.9 0.103785 0.482144 3.28301 0.0101052 0.0478683 174.487
367565 2 0.01 0.4 32.9 0.433285 -0.284263 2.13939 0.0279003 -0.0192607 174.487
367777 2 0.01 0.4 32.9 -0.228584 -0.177885 2.25617 -0.0173162 -0.0118598 174.487
367785 2 0.01 0.4 32.9 -0.470531 0.338669 2.3044 -0.0324587 0.0258616 174.487
368348 2 0.01 0.4 32.9 -0.107346 0.267801 2.23201 -0.00891233 0.0155849 174.487
370733 2 0.01 0.4 32.9 0.114015 -0.389233 2.72034 0.00891802 -0.0328987 174.487
371368 2 0.01 0.4 32.9 0.370875 -0.373348 1.4924 0.0178802 -0.0159163 174.487
372638 2 0.01 0.4 32.9 -0.390162 -0.301793 5.24165 -0.0636965 -0.0480037 174.487
373383 2 0.01 0.4 32.9 0.254449 -0.310693 3.77484 0.0302215 -0.0345556 174.487
373507 2 0.01 0.4 32.9 0.255865 -0.417925 0.853253 0.00437454 -0.00764697 174.487
374185 2 0.01 0.4 32.9 0.177745 0.277317 1.5565 0.0095911 0.0160816 174.487
379166 2 0.01 0.4 32.9 -0.246629 0.468398 5.62637 -0.0434672 0.0782989 174.487
379196 2 0.01 0.4 32.9 0.230802 0.457822 3.34426 0.0240937 0.0460566 174.487
379355 2 0.01 0.4 32.9 0.397692 -0.460602 1.1685 0.0127085 -0.018126 174.487
379570 2 0.01 0.4 32.9 -0.473972 -0.345465 1.20281 -0.016971 -0.0117677 174.487
379613 2 0.01 0.4 32.9 -0.233105 -0.336892 4.01262 -0.0279498 -0.040651 174.487
379664 2 0.01 0.4 32.9 -0.0147537 -0.0470128 3.09994 -0.00550757 -0.00565341 174.487
379735 2 0.01 0.4 32.9 0.13821 -0.493049 5.04965 0.0197201 -0.0783984 174.487
380832 2 0.01 0.4 32.9 -0.252121 0.0661598 1.86458 -0.0157193 0.0029053 174.487
381445 2 0.01 0.4 32.9 -0.223227 -0.286291 0.600692 -0.00410116 -0.00233822 174.487
384104 2 0.01 0.4 32.9 -0.32605 0.269327 1.71597 -0.0160841 0.0152188 174.487
384648 2 0.01 0.4 32.9 0.140734 0.431788 1.84991 0.00912348 0.0235994 174.487
386028 2 0.01 0.4 32.9 0.1963 -0.45321 5.41212 0.03286 -0.0728437 174.487
387153 2 0.01 0.4 32.9 0.107036 -0.357779 1.31298 0.00380053 -0.0128798 174.487
388555 2 0.01 0.4 32.9 -0.25704 0.15356 2.63973 -0.0175958 0.0109033 174.487
388565 2 0.01 0.4 32.9 0.389749 -0.00252666 8.22228 0.0974878 0.000357182 174.487
388764 2 0.01 0.4 32.9 -0.277008 -0.388676 9.13623 -0.0790244 -0.109999 174.487
389855 2 0.01 0.4 32.9 -0.246081 -0.066476 1.84525 -0.0172501 -0.00368374 174.487
390183 2 0.01 0.4 32.9 0.369324 -0.304976 4.28077 0.046229 -0.0386791 174.487
390666 2 0.01 0.4 32.9 -0.0155432 0.34803 1.38816 -3.33056e-05 0.0149671 174.487
390704 2 0.01 0.4 32.9 -0.116866 0.0135127 2.32826 -0.00862546 0.00216063 174.487
391045 2 0.01 0.4 32.9 0.0283944 0.00892855 1.00662 0.000346227 -0.00105466 174.487
391475 2 0.01 0.4 32.9 -0.338859 0.309507 1.4686 -0.0162992 0.0155388 174.487
392445 2 0.01 0.4 32.9 -0.278433 0.0632691 0.676175 -0.00690723 0.000394519 174.487
392888 2 0.01 0.4 32.9 0.446343 0.264873 1.28325 0.0176165 0.011793 174.487
393146 2 0.01 0.4 32.9 -0.268574 -0.431712 1.602 -0.0124103 -0.0207239 174.487
393901 2 0.01 0.4 32.9 0.484593 0.0328113 12.0702 0.176503 0.0119681 174.487
394140 2 0.01 0.4 32.9 0.305721 -0.212253 1.10534 0.0100582 -0.00625279 174.487
395552 2 0.01 0.4 32.9 -0.298632 -0.408186 1.52333 -0.0133101 -0.0179522 174.487
395985 2 0.01 0.4 32.9 -0.289332 -0.331002 1.75536 -0.0145187 -0.0175921 174.487
397005 2 0.01 0.4 32.9 -0.402357 0.384421 2.54857 -0.0329368 0.0294252 174.487
397025 2 0.01 0.4 32.9 0.00226072 -0.336682 2.6728 -0.000538856 -0.028037 174.487
399828 2 0.01 0.4 32.9 -0.00339037 -0.0361525 3.92207 -0.00233629 -0.00489377 174.487
399980 2 0.01 0.4 32.9 0.486883 0.117999 0.542017 0.00907616 5.23734e-05 174.487
400455 2 0.01 0.4 32.9 -0.327593 0.16599 1.35742 -0.0135498 0.00969466 174.487
400887 2 0.01 0.4 32.9 -0.266677 -0.106509 5.21066 -0.0406007 -0.0165035 174.487
401424 2 0.01 0.4 32.9 -0.383109 -0.43955 7.0001 -0.0819096 -0.0914239 174.487
402232 2 0.01 0.4 32.9 0.0847976 0.30368 1.11616 0.000885905 0.0124975 174.487
402718 2 0.01 0.4 32.9 0.034629 -0.181119 2.50461 0.00381459 -0.013748 174.487
403851 2 0.01 0.4 32.9 0.449649 -0.443667 2.56445 0.0355678 -0.0368201 174.487
406147 2 0.01 0.4 32.9 -0.258978 0.116291 0.975758 -0.00703489 0.00196548 174.487
406946 2 0.01 0.4 32.9 -0.271004 0.472105 12.5494 -0.104575 0.180858 174.487
407542 2 0.01 0.4 32.9 0.498767 0.340576 32.8296 0.497257 0.340377 174.487
408181 2 0.01 0.4 32.9 -0.406768 -0.17916 1.9727 -0.0251163 -0.012232 174.487
408518 2 0.01 0.4 32.9 0.263123 0.277922 7.92762 0.0628566 0.0706244 174.487
408635 2 0.01 0.4 32.9 -0.160033 -0.239619 2.96943 -0.0152831 -0.020628 174.487
409253 2 0.01 0.4 32.9 0.441313 0.34486 2.06946 0.0297807 0.0204501 174.487
411356 2 0.01 0.4 32.9 -0.482176 -0.459871 3.04272 -0.0464753 -0.0412197 174.487
413167 2 0.01 0.4 32.9 0.199703 0.108273 2.86465 0.0171403 0.00905766 174.487
413879 2 0.01 0.4 32.9 0.0748716 -0.0394528 2.84158 0.00407106 -0.00141318 174.487
414499 2 0.01 0.4 32.9 0.488513 -0.492375 1.73178 0.0258649 -0.0257204 174.487
415563 2 0.01 0.4 32.9 0.106162 0.0632896 1.29017 0.00764056 0.00228391 174.487
416863 2 0.01 0.4 32.9 -0.451837 0.245045 5.13765 -0.0697387 0.0394064 174.487
416963 2 0.01 0.4 32.9 -0.0258044 0.248924 2.01618 -0.00176097 0.0160135 174.487
417187 2 0.01 0.4 32.9 0.313538 0.0930027 1.35603 0.0131394 0.00377372 174.487
418765 2 0.01 0.4 32.9 -0.156859 0.000655496 5.79392 -0.0268809 -0.00170204 174.487
419401 2 0.01 0.4 32.9 -0.342896 0.232166 7.1199 -0.0729416 0.0496662 174.487
419596 2 0.01 0.4 32.9 0.103251 0.312208 2.61688 0.0114469 0.0248327 174.487
420852 2 0.01 0.4 32.9 -0.383083 -0.0795943 9.74085 -0.112135 -0.0238317 174.487
421125 2 0.01 0.4 32.9 -0.384249 0.291262 3.16044 -0.0360009 0.0302422 174.487
421735 2 0.01 0.4 32.9 0.000361922 0.105835 2.42641 0.000730751 0.00860497 174.487
422078 2 0.01 0.4 32.9 -0.440868 0.345606 2.79673 -0.0372625 0.0286326 174.487
422806 2 0.01 0.4 32.9 0.310714 0.313562 5.27415 0.0503942 0.0497423 174.487
422965 2 0.01 0.4 32.9 -0.345312 -0.24316 15.575 -0.163923 -0.117389 174.487
423729 2 0.01 0.4 32.9 0.284648 -0.369561 2.47308 0.0223959 -0.0273609 174.487
424867 2 0.01 0.4 32.9 -0.288963 -0.103266 2.75611 -0.0271127 -0.00912371 174.487
425542 2 0.01 0.4 32.9 -0.263543 0.0625175 3.24788 -0.0259301 0.00574625 174.487
426241 2 0.01 0.4 32.9 -0.479872 0.0159153 4.23427 -0.0600628 0.00345611 174.487
426975 2 0.01 0.4 32.9 -0.316965 0.0322646 1.96088 -0.0213726 0.00117202 174.487
427084 2 0.01 0.4 32.9 0.276005 0.251818 1.07404 0.00979199 0.0102805 174.487
427861 2 0.01 0.4 32.9 0.264633 -0.324975 2.77614 0.0232174 -0.027742 174.487
428530 2 0.01 0.4 32.9 -0.11031 -0.0427068 2.08002 -0.00730365 -0.00436363 174.487
430008 2 0.01 0.4 32.9 -0.220214 -0.380655 2.81939 -0.0181257 -0.0331562 174.487
431327 2 0.01 0.4 32.9 0.460734 0.0355054 1.8337 0.0254513 0.00263251 174.487
431823 2 0.01 0.4 32.9 -0.472835 -0.472453 1.73446 -0.0243542 -0.0249153 174.487
431883 2 0.01 0.4 32.9 -0.461366 0.453681 3.42769 -0.0478156 0.048572 174.487
433354 2 0.01 0.4 32.9 0.291931 -0.433447 2.3379 0.0225045 -0.0312225 174.487
434305 2 0.01 0.4 32.9 -0.0639816 0.359902 1.75533 -0.00229452 0.0178966 174.487
434607 2 0.01 0.4 32.9 0.0845503 -0.116487 3.789 0.00908234 -0.0152306 174.487
435181 2 0.01 0.4 32.9 0.398776 0.0456216 3.20772 0.0398305 0.00634616 174.487
435325 2 0.01 0.4 32.9 0.375173 0.0766874 2.22465 0.0241204 0.00481762 174.487
435483 2 0.01 0.4 32.9 0.381038 -0.0914118 2.3717 0.0252201 -0.00607911 174.487
435982 2 0.01 0.4 32.9 0.470536 0.0975742 4.12239 0.0592023 0.0140628 174.487
436999 2 0.01 0.4 32.9 0.192555 -0.347094 0.450409 0.00203751 -0.00606532 174.487
437254 2 0.01 0.4 32.9 0.221341 0.233732 2.97317 0.0178969 0.01995 174.487
438344 2 0.01 0.4 32.9 0.108314 0.484441 2.70058 0.0082486 0.0393969 174.487
438770 2 0.01 0.4 32.9 -0.424027 0.215958 2.19734 -0.0270076 0.0140269 174.487
439839 2 0.01 0.4 32.9 0.454547 0.434621 1.38888 0.0203767 0.0160231 174.487
439849 2 0.01 0.4 32.9 -0.14762 0.115739 1.33335 -0.00533117 0.00222164 174.487
439972 2 0.01 0.4 32.9 0.176847 -0.212837 1.36615 0.00436496 -0.00572334 174.487
440142 2 0.01 0.4 32.9 -0.0553213 -0.450294 2.5691 -0.00412807 -0.0343645 174.487
441145 2 0.01 0.4 32.9 0.344493 -0.230851 1.24794 0.0128929 -0.010176 174.487
441407 2 0.01 0.4 32.9 -0.177887 0.307524 1.50184 -0.00678262 0.0164851 174.487
441697 2 0.01 0.4 32.9 0.215521 -0.354344 3.95884 0.0257076 -0.0444472 174.487
445687 2 0.01 0.4 32.9 -0.237247 0.463372 4.17986 -0.0296846 0.0594077 174.487
445792 2 0.01 0.4 32.9 0.109014 0.376424 2.04812 0.00838024 0.022218 174.487
446227 2 0.01 0.4 32.9 0.373621 0.493697 2.90833 0.0327927 0.0445737 174.487
446584 2 0.01 0.4 32.9 0.448 0.474012 2.27293 0.030249 0.0324145 174.487
447983 2 0.01 0.4 32.9 0.324024 0.228682 1.50833 0.0137302 0.0103813 174.487
448102 2 0.01 0.4 32.9 0.416894 -0.0355381 5.50784 0.0684459 -0.00522768 174.487
451508 2 0.01 0.4 32.9 -0.14633 0.193314 33.5751 -0.151923 0.195895 174.487
451802 2 0.01 0.4 32.9 -0.231091 0.165783 3.24521 -0.0236737 0.0149289 174.487
452137 2 0.01 0.4 32.9 -0.21005 0.285322 0.679271 -0.00323656 0.00306984 174.487
454034 2 0.01 0.4 32.9 0.491399 -0.175214 2.61716 0.0386586 -0.0126214 174.487
455028 2 0.01 0.4 32.9 -0.246119 -0.0224851 3.86329 -0.0287383 -0.00230162 174.487
455131 2 0.01 0.4 32.9 0.277101 0.367447 2.0625 0.0190458 0.0238969 174.487
455347 2 0.01 0.4 32.9 -0.164107 0.352057 2.4299 -0.0141596 0.0246165 174.487
455586 2 0.01 0.4 32.9 -0.0766234 0.261521 1.72557 -0.00255057 0.0118842 174.487
455970 2 0.01 0.4 32.9 -0.00190932 0.141533 5.29943 0.000413477 0.0225643 174.487
456284 2 0.01 0.4 32.9 -0.351516 0.305371 2.64517 -0.027581 0.0255153 174.487
457143 2 0.01 0.4 32.9 -0.241758 -0.153168 0.521285 -0.00242057 -0.00360291 174.487
457550 2 0.01 0.4 32.9 0.310012 0.129029 2.1526 0.0215782 0.00856004 174.487
457703 2 0.01 0.4 32.9 0.161315 0.108899 5.20938 0.0261794 0.0159226 174.487
458164 2 0.01 0.4 32.9 0.228766 0.0381294 2.37062 0.0157868 0.00218315 174.487
458419 2 0.01 0.4 32.9 0.198739 0.440126 3.87752 0.0231949 0.0515933 174.487
458945 2 0.01 0.4 32.9 -0.202448 -0.298859 5.12978 -0.03138 -0.0485994 174.487
459112 2 0.01 0.4 32.9 -0.419594 -0.0839508 1.29683 -0.0156587 -0.003702 174.487
460387 2 0.01 0.4 32.9 0.0965544 0.395058 3.39651 0.0100344 0.0455058 174.487
461608 2 0.01 0.4 32.9 -0.200913 -0.37325 1.5621 -0.00906364 -0.0176287 174.487
463524 2 0.01 0.4 32.9 0.140317 0.0848878 1.81366 0.00695314 0.00347103 174.487
463667 2 0.01 0.4 32.9 -0.382342 0.170018 1.64078 -0.0224526 0.00965779 174.487
464254 2 0.01 0.4 32.9 0.247701 0.113042 3.17496 0.0252497 0.0119326 174.487
465462 2 0.01 0.4 32.9 -0.106178 0.345334 3.13985 -0.0110051 0.0316172 174.487
466149 2 0.01 0.4 32.9 -0.0549076 -0.42066 2.1029 -0.00572769 -0.0270163 174.487
466329 2 0.01 0.4 32.9 -0.159398 0.0252189 1.60935 -0.00828346 0.000686929 174.487
466669 2 0.01 0.4 32.9 -0.397744 -0.448786 2.00827 -0.0248837 -0.0289972 174.487
466892 2 0.01 0.4 32.9 0.190926 -0.0407474 7.05687 0.040209 -0.00765912 174.487
467419 2 0.01 0.4 32.9 -0.479267 -0.486623 2.67293 -0.0383785 -0.0379823 174.487
467465 2 0.01 0.4 32.9 0.143528 -0.365095 6.25971 0.0262931 -0.0701325 174.487
468112 2 0.01 0.4 32.9 0.031859 -0.106391 1.46795 0.000454691 -0.00397029 174.487
469205 2 0.01 0.4 32.9 -0.11606 -0.160696 4.84505 -0.0157731 -0.0245483 174.487
470232 2 0.01 0.4 32.9 -0.339401 0.179187 4.00197 -0.0416692 0.0228767 174.487
470367 2 0.01 0.4 32.9 -0.241979 -0.137087 3.68883 -0.0284652 -0.0135814 174.487
471695 2 0.01 0.4 32.9 0.322839 0.395479 2.38442 0.0231765 0.0289116 174.487
471708 2 0.01 0.4 32.9 0.269156 -0.111583 3.1356 0.0265872 -0.0109213 174.487
471735 2 0.01 0.4 32.9 -0.132697 0.312174 2.09376 -0.0070329 0.0189649 174.487
472348 2 0.01 0.4 32.9 0.382255 0.00659647 2.92452 0.0355718 0.00127517 174.487
473083 2 0.01 0.4 32.9 -0.226235 0.138543 1.60206 -0.0110953 0.00793079 174.487
473339 2 0.01 0.4 32.9 0.103177 0.435535 3.18321 0.0103372 0.0434936 174.487
473606 2 0.01 0.4 32.9 0.343889 -0.126855 2.58842 0.0241203 -0.00956549 174.487
474609 2 0.01 0.4 32.9 0.334726 0.0972832 0.729228 0.00627781 0.00320898 174.487
476547 2 0.01 0.4 32.9 0.41994 0.30718 11.5762 0.145977 0.1089 174.487
476806 2 0.01 0.4 32.9 0.0392215 0.0960893 5.38933 0.00626047 0.0141863 174.487
477108 2 0.01 0.4 32.9 0.127289 -0.366939 4.80081 0.0171233 -0.0546369 174.487
477954 2 0.01 0.4 32.9 -0.291817 0.416853 1.16593 -0.0112197 0.0134415 174.487
478275 2 0.01 0.4 32.9 0.473565 -0.228478 2.30101 0.0316208 -0.0172518 174.487
479051 2 0.01 0.4 32.9 0.217866 0.461533 0.331855 0.0019176 0.00373801 174.487
481423 2 0.01 0.4 32.9 -0.184404 -0.121016 1.68418 -0.00967312 -0.00597963 174.487
482656 2 0.01 0.4 32.9 -0.11756 0.374273 3.84025 -0.0133709 0.0431439 174.487
482730 2 0.01 0.4 32.9 -0.200027 0.0959272 4.89588 -0.0284981 0.0152458 174.487
483050 2 0.01 0.4 32.9 -0.242639 -0.128949 2.22241 -0.0173389 -0.0084338 174.487
483728 2 0.01 0.4 32.9 -0.0473273 -0.0742596 7.51556 -0.0117938 -0.0150852 174.487
484541 2 0.01 0.4 32.9 -0.22071 0.416673 1.19917 -0.00866459 0.0154116 174.487
484683 2 0.01 0.4 32.9 -0.273023 -0.453744 2.76051 -0.0236607 -0.0405679 174.487
485550 2 0.01 0.4 32.9 0.373413 0.312396 2.79793 0.0318145 0.0286935 174.487
486681 2 0.01 0.4 32.9 0.06477 0.358739 1.95369 0.00451184 0.0212619 174.487
487593 2 0.01 0.4 32.9 -0.343119 -0.299915 2.50038 -0.0276766 -0.0226809 174.487
488339 2 0.01 0.4 32.9 0.358727 -0.311918 5.5828 0.0626206 -0.0535643 174.487
489283 2 0.01 0.4 32.9 -0.466386 0.470565 0.714388 -0.00915465 0.0108365 174.487
491534 2 0.01 0.4 32.9 -0.477401 0.441681 9.47465 -0.136209 0.129304 174.487
492710 2 0.01 0.4 32.9 0.101569 0.217677 4.22005 0.0138976 0.0263895 174.487
494874 2 0.01 0.4 32.9 -0.355268 0.0538917 1.24634 -0.0121418 0.00053886 174.487
497685 2 0.01 0.4 32.9 0.184411 -0.495483 1.39195 0.00744615 -0.0238965 174.487
498858 2 0.01 0.4 32.9 -0.207983 -0.47965 2.99487 -0.0187667 -0.0427792 174.487
499259 2 0.01 0.4 32.9 0.181312 0.280974 1.53439 0.00782535 0.0159567 174.487
