409 13 0.1 1 32.9 -0.461076 -0.345137 7.33482 -0.0805017 -0.113695 143.525
997 13 0.1 1 32.9 0.037419 -0.0722933 8.57381 0.0102743 -0.0137524 133.2
1102 13 0.1 1 32.9 0.0700848 -0.229028 3.50763 0.00844564 -0.039501 134.836
1556 13 0.1 1 32.9 -0.112395 -0.343743 6.75054 -0.0341795 -0.0582821 143.002
1960 13 0.1 1 32.9 0.382817 0.145999 7.71061 0.0861829 0.0411482 142.09
3366 13 0.1 1 32.9 -0.232447 -0.0510847 5.35407 -0.0244394 -0.00793297 132.286
3638 13 0.1 1 32.9 -0.46047 0.448186 2.29125 -0.0436493 0.0411219 139.909
4346 13 0.1 1 32.9 0.493766 0.205473 3.31131 0.0617449 0.0120696 131.442
4556 13 0.1 1 32.9 0.104134 -0.468522 7.78965 0.0310586 -0.11116 133.687
4688 13 0.1 1 32.9 -0.119207 0.175423 5.19585 -0.0353628 0.0524421 145.434
5517 13 0.1 1 32.9 -0.0854622 -0.353468 3.3974 -0.00604741 -0.0319013 126.418
7945 13 0.1 1 32.9 -0.179509 -0.434612 2.41742 -0.0294223 -0.000568921 138.943
8361 13 0.1 1 32.9 -0.179202 -0.478957 2.48958 -0.00391533 -0.0209936 141.178
8463 13 0.1 1 32.9 0.209536 -0.0654286 14.067 0.0747635 -0.0543961 127.767
8949 13 0.1 1 32.9 -0.174801 -0.118099 3.39118 -0.015542 -0.0120414 149.508
9552 13 0.1 1 32.9 0.277824 -0.145837 2.25959 0.00940694 0.00680455 145.488
10878 13 0.1 1 32.9 0.0473777 0.0120294 5.95988 0.00702895 0.0161649 131.018
13344 13 0.1 1 32.9 0.0752261 0.171124 15.7912 0.04145 0.0696994 126.929
13382 13 0.1 1 32.9 0.22074 -0.368247 6.93072 0.0413709 -0.0756139 126.28
14679 13 0.1 1 32.9 -0.085879 0.453171 3.68452 -0.013322 0.0456945 149.101
14870 13 0.1 1 32.9 -0.201153 0.348775 2.17094 -0.00104992 0.034026 138.947
16246 13 0.1 1 32.9 -0.443178 0.13052 6.56397 -0.0536782 0.0339952 132.376
18562 13 0.1 1 32.9 -0.0410014 -0.0415818 8.22368 -0.00117481 -0.00731848 136.45
18637 13 0.1 1 32.9 0.00298906 0.210038 3.25662 -0.0130868 0.0177718 146.907
19518 13 0.1 1 32.9 0.462944 0.00941979 2.95063 0.0248386 0.00277201 146.694
19615 13 0.1 1 32.9 0.218096 0.129323 4.98955 0.0262606 0.0466559 144.646
20179 13 0.1 1 32.9 0.367687 -0.0624409 6.46642 0.059104 -0.0133237 136.716
20217 13 0.1 1 32.9 -0.238608 -0.470675 0.774046 -0.0231446 -0.0138924 148.511
20840 13 0.1 1 32.9 0.335501 0.354537 7.36868 0.0898046 0.0743798 133.684
21541 13 0.1 1 32.9 0.457585 0.201605 4.48269 0.0597958 0.0189259 139.823
22365 13 0.1 1 32.9 0.412415 -0.266522 11.8681 0.132037 -0.121362 128.73
23947 13 0.1 1 32.9 0.1473 -0.254414 6.54162 0.0322516 -0.0335517 127.774
25095 13 0.1 1 32.9 0.480981 -0.0681244 5.88347 0.107244 -0.00614261 142.301
25398 13 0.1 1 32.9 -0.423693 -0.143983 4.56975 -0.0718634 -0.0184044 140.447
26580 13 0.1 1 32.9 0.453598 -0.386254 5.62588 0.0750212 -0.0475306 139.006
26674 13 0.1 1 32.9 0.345698 -0.297026 5.1619 0.067618 -0.0356822 144.826
28212 13 0.1 1 32.9 -0.323841 -0.149119 3.37341 -0.0476906 -0.0429842 141.775
33192 13 0.1 1 32.9 0.339252 0.305683 8.91939 0.0979859 0.0530996 132.704
33323 13 0.1 1 32.9 0.449372 -0.340292 3.22226 0.0336692 -0.0266986 147.726
33672 13 0.1 1 32.9 0.13223 -0.308656 5.33535 0.0372024 -0.0621772 146.673
33833 13 0.1 1 32.9 -0.453346 0.420858 6.24259 -0.0885195 0.0879741 139.504
37659 13 0.1 1 32.9 -0.104604 -0.446291 6.64544 -0.0317325 -0.11361 139.069
37722 13 0.1 1 32.9 0.370614 -0.211831 4.98254 0.046884 -0.0444433 146.072
38162 13 0.1 1 32.9 0.41354 -0.0820146 5.3991 0.0681935 -0.000993973 150.347
38912 13 0.1 1 32.9 0.0431543 0.0929289 7.3199 0.00577483 -0.00193657 134.93
39016 13 0.1 1 32.9 0.294318 0.0531726 3.61772 0.0335925 0.0106417 150.915
39693 13 0.1 1 32.9 -0.448563 -0.167472 4.77803 -0.0826894 -0.00312054 148.875
40128 13 0.1 1 32.9 0.180121 0.488565 7.88273 0.0505802 0.116492 140.075
40885 13 0.1 1 32.9 -0.0554849 -0.428202 3.8656 0.00212434 -0.0569629 142.217
41054 13 0.1 1 32.9 0.13048 0.344824 2.53948 0.016604 0.00956209 139.669
41123 13 0.1 1 32.9 0.283157 0.329993 3.12138 0.0331236 0.0181777 146.356
43004 13 0.1 1 32.9 0.117155 0.271243 2.32024 0.0166721 0.00797134 140.878
43408 13 0.1 1 32.9 0.39357 -0.114449 6.83871 0.0684028 -0.0328501 126.391
44602 13 0.1 1 32.9 -0.403537 -0.129214 5.2794 -0.0911919 -0.00917065 141.371
44656 13 0.1 1 32.9 0.404612 -0.274185 3.91666 0.0597604 -0.0157951 146.363
45365 13 0.1 1 32.9 0.402535 -0.112966 5.61889 0.0568812 -0.0381342 137.48
45833 13 0.1 1 32.9 0.252591 0.309441 7.13183 0.0790203 0.0670002 137.753
46127 13 0.1 1 32.9 0.281749 0.011013 3.54885 0.0345529 0.00632676 142.924
46157 13 0.1 1 32.9 -0.257942 0.0618941 3.87361 -0.0465459 0.0151168 147.838
46163 13 0.1 1 32.9 0.435167 0.38968 4.06135 0.0609945 0.0645679 139.998
46308 13 0.1 1 32.9 -0.431938 0.188936 4.60021 -0.0679417 -0.00223181 147.031
47801 13 0.1 1 32.9 -0.48225 -0.127847 4.07624 -0.0480737 0.011197 149.997
49745 13 0.1 1 32.9 0.114913 0.339868 1.75263 0.00270011 0.0128175 133.881
50531 13 0.1 1 32.9 -0.290581 -0.179442 2.2971 -0.0336666 -0.0347002 132.098
50917 13 0.1 1 32.9 -0.356864 -0.0757655 4.58378 -0.079546 -0.0135447 145.721
52091 13 0.1 1 32.9 0.0129786 0.270354 2.95813 -0.000233403 0.0274135 129.025
52962 13 0.1 1 32.9 -0.431342 0.405229 2.68141 -0.0256339 0.0284171 140.866
54174 13 0.1 1 32.9 -0.322038 0.223804 7.62459 -0.0658089 0.0506324 139.628
54340 13 0.1 1 32.9 -0.451279 -0.301305 9.93645 -0.112991 -0.121677 134.29
56935 13 0.1 1 32.9 0.298504 -0.150114 6.25273 0.0782728 -0.00846514 130.788
57020 13 0.1 1 32.9 -0.354909 -0.397147 5.19992 -0.0520731 -0.066068 144.799
57312 13 0.1 1 32.9 0.245812 -0.254707 5.74002 0.0288397 -0.042036 149.182
58344 13 0.1 1 32.9 0.164714 -0.215059 3.22298 -0.00365045 -0.0558012 141.175
58911 13 0.1 1 32.9 -0.337187 0.132563 8.23457 -0.0918362 0.0232511 131.229
59461 13 0.1 1 32.9 0.421378 -0.0649862 3.47098 0.0510042 -0.0164502 139.671
59600 13 0.1 1 32.9 0.152982 -0.223309 4.62815 0.027128 -0.0391943 147.269
59721 13 0.1 1 32.9 -0.0339675 -0.259504 5.8763 0.00113697 -0.0595651 129.301
61441 13 0.1 1 32.9 -0.485547 0.048502 7.75829 -0.134944 0.00710105 138.652
61507 13 0.1 1 32.9 -0.403119 -0.0719634 3.45335 -0.0608971 -0.0246731 147.427
64924 13 0.1 1 32.9 0.294115 -0.125679 2.65013 0.0395206 -0.00734048 140.834
66095 13 0.1 1 32.9 -0.129102 0.0895778 5.6906 -0.0157959 0.0221228 144.819
67792 13 0.1 1 32.9 -0.258804 -0.140249 1.02371 -0.0107991 -0.0306354 128.984
68180 13 0.1 1 32.9 0.00966105 0.365547 5.91985 -0.00739748 0.0566386 141.582
69572 13 0.1 1 32.9 0.333823 0.131384 4.65327 0.0585988 0.0161717 142.19
69629 13 0.1 1 32.9 -0.153681 0.443046 7.20283 -0.0501831 0.0609558 134.504
69931 13 0.1 1 32.9 -0.485006 0.329427 3.67374 -0.0638216 0.0309919 133.695
70353 13 0.1 1 32.9 -0.0484957 0.291367 3.93539 -0.0311559 0.0337977 134.523
71532 13 0.1 1 32.9 0.225795 -0.390644 3.34271 0.0297 -0.0418072 145.614
71883 13 0.1 1 32.9 0.452878 -0.0769381 5.34822 0.0824195 0.00435689 137.727
73764 13 0.1 1 32.9 0.436669 0.196453 5.6316 0.0542815 0.046343 142.34
74404 13 0.1 1 32.9 0.181485 -0.412805 3.36694 0.00176903 -0.0557626 134.412
75226 13 0.1 1 32.9 -0.243776 -0.193897 5.99058 -0.0252251 -0.0506695 144.143
75501 13 0.1 1 32.9 -0.207528 0.0270865 2.16599 -0.046862 0.0174315 135.148
75874 13 0.1 1 32.9 -0.366373 -0.458388 4.13492 -0.0442254 -0.0758019 129.093
76923 13 0.1 1 32.9 0.0363167 0.418319 21.3395 -0.00515409 0.234279 125.08
77275 13 0.1 1 32.9 -0.0840761 0.256036 4.14058 -0.0306321 0.0432853 147.895
78413 13 0.1 1 32.9 -0.269972 -0.458533 9.0912 -0.0879365 -0.111504 136.868
80512 13 0.1 1 32.9 -0.211534 -0.417898 1.42586 -0.00839559 0.00351807 140.3
80528 13 0.1 1 32.9 0.124984 0.271719 3.28638 0.0198573 0.0171722 149.415
80645 13 0.1 1 32.9 0.25749 0.452327 4.66262 0.0479807 0.075581 152.633
81458 13 0.1 1 32.9 -0.130424 0.18693 18.7786 -0.0835901 0.10914 124.815
81771 13 0.1 1 32.9 0.395318 0.21919 5.46646 0.0661532 0.0384841 151.106
83522 13 0.1 1 32.9 0.0951377 0.24843 5.05921 0.0314199 0.0295452 152.292
83765 13 0.1 1 32.9 0.241006 0.410648 10.6615 0.0657419 0.150335 130.821
83829 13 0.1 1 32.9 0.112751 -0.312082 5.12971 0.0227025 -0.0284027 152.062
84415 13 0.1 1 32.9 -0.441593 0.382122 3.65024 -0.0411004 0.0210085 145.961
85090 13 0.1 1 32.9 -0.332188 0.390315 1.80271 -0.0291923 0.0234901 134.999
86823 13 0.1 1 32.9 0.225583 0.415378 4.02494 0.0323357 0.0714744 152.229
87619 13 0.1 1 32.9 -0.161797 -0.457156 7.8194 -0.0327635 -0.0946261 136.336
88226 13 0.1 1 32.9 0.0789696 -0.386277 2.56309 0.0232482 -0.030206 138.968
89135 13 0.1 1 32.9 0.383242 0.010081 10.7381 0.122005 0.0173841 129.569
89222 13 0.1 1 32.9 -0.22934 -0.0322907 6.02656 -0.0492517 0.0175643 138.932
89262 13 0.1 1 32.9 -0.465955 -0.0517639 2.95206 -0.043096 0.0180209 139.291
91023 13 0.1 1 32.9 -0.430985 0.0778693 3.53934 -0.0418478 -0.00828564 137.922
92197 13 0.1 1 32.9 -0.195258 0.159146 9.28951 -0.059756 0.0327764 136.709
92775 13 0.1 1 32.9 -0.0867055 -0.308687 6.07177 -0.0406137 -0.0596904 144.397
93707 13 0.1 1 32.9 0.0494927 0.434152 2.96369 -0.0121228 0.03474 143.708
93813 13 0.1 1 32.9 0.221754 0.192677 4.95119 0.0572354 0.0237322 143.488
97360 13 0.1 1 32.9 0.195888 -0.472776 2.38846 0.0202493 -0.00998431 134.462
98884 13 0.1 1 32.9 0.407766 0.0629116 2.32536 0.0293459 0.0297966 133.269
99634 13 0.1 1 32.9 -0.34286 0.211951 5.41329 -0.0478758 0.0397762 148.542
100155 13 0.1 1 32.9 0.425999 0.287892 3.52326 0.0410222 0.038559 135.643
100840 13 0.1 1 32.9 -0.368218 -0.317815 1.19885 -0.026905 -0.027352 145.529
101299 13 0.1 1 32.9 -0.212708 0.0439909 7.05943 -0.048904 0.0138977 128.115
102271 13 0.1 1 32.9 0.127301 -0.204806 4.67996 0.0323474 -0.00878762 150.121
103458 13 0.1 1 32.9 -0.280872 -0.127323 2.92154 -0.0273528 -0.000618035 150.176
103641 13 0.1 1 32.9 0.448924 -0.280114 5.34237 0.0671745 -0.0452773 123.392
103875 13 0.1 1 32.9 0.468313 0.465729 6.76567 0.087532 0.081239 135.41
104911 13 0.1 1 32.9 -0.105362 0.483052 5.68173 -0.0348497 0.0648716 144.469
105359 13 0.1 1 32.9 0.0845939 -0.285938 3.93066 0.0193612 -0.0106741 142.901
105901 13 0.1 1 32.9 -0.31574 -0.422471 9.50788 -0.106786 -0.0854725 135.216
105988 13 0.1 1 32.9 -0.142597 0.0540964 4.44089 -0.00637092 -0.00383394 143.346
108636 13 0.1 1 32.9 -0.121554 0.300293 3.19313 -0.0112882 0.0385089 141.778
108938 13 0.1 1 32.9 -0.0950177 0.197936 3.72914 -0.0357011 0.00852578 150.908
110420 13 0.1 1 32.9 -0.254226 0.264186 4.76065 -0.0362264 0.0417464 151.476
111180 13 0.1 1 32.9 0.252783 0.344813 5.79314 0.0364346 0.0723399 145.138
111524 13 0.1 1 32.9 0.013936 -0.0327262 6.36701 0.00712253 -0.00801321 143.092
111823 13 0.1 1 32.9 -0.398396 -0.49961 6.858 -0.0767689 -0.102471 134.523
111873 13 0.1 1 32.9 -0.458956 -0.246629 4.49566 -0.0439952 -0.033335 143.998
113101 13 0.1 1 32.9 -0.483384 0.0561447 8.58403 -0.130452 -0.00118186 131.517
115281 13 0.1 1 32.9 0.0407988 0.477034 2.32184 0.00477559 0.0136267 141.128
116933 13 0.1 1 32.9 0.238532 0.0411003 3.9733 0.0434244 -0.0107018 143.736
118060 13 0.1 1 32.9 -0.456815 -0.187682 6.20886 -0.0848047 -0.0403343 146.662
118252 13 0.1 1 32.9 -0.264486 0.409497 5.99033 -0.0652236 0.0684401 144.61
119383 13 0.1 1 32.9 0.260055 0.449924 4.53027 0.0227554 0.0545196 136.618
119511 13 0.1 1 32.9 0.263587 0.0835734 6.89608 0.0712934 0.020139 134.907
121150 13 0.1 1 32.9 0.493291 0.148564 3.18269 0.0425946 -0.0224258 138.514
121773 13 0.1 1 32.9 0.0976741 0.440126 1.9944 0.0143025 0.0371403 126.228
122857 13 0.1 1 32.9 0.00972447 0.341001 6.46441 -0.0133819 0.0973934 134.162
123201 13 0.1 1 32.9 -0.436879 0.373383 2.56451 -0.042159 0.0275218 138.138
123611 13 0.1 1 32.9 0.19008 -0.479867 5.21968 0.0307331 -0.0643177 142.655
125321 13 0.1 1 32.9 0.19433 0.333703 2.33829 0.0103421 0.00829652 147.903
126412 13 0.1 1 32.9 -0.0828298 0.470921 4.47788 0.011694 0.0512123 148.229
127012 13 0.1 1 32.9 0.318181 0.233445 2.84582 0.0220929 0.00989514 133.447
127369 13 0.1 1 32.9 -0.0550994 -0.0754708 5.59038 0.0136041 -0.00216871 150.012
128582 13 0.1 1 32.9 0.196572 -0.342717 1.46248 0.0164252 0.00874075 137.155
129088 13 0.1 1 32.9 -0.0823242 -0.0866732 3.27361 -3.65551e-05 -0.00399958 144.478
131153 13 0.1 1 32.9 0.445557 -0.0396147 2.77131 0.0552217 -0.025234 130.878
131577 13 0.1 1 32.9 -0.120086 -0.090471 3.97876 -0.0311592 -0.0144066 150.863
131818 13 0.1 1 32.9 0.432348 -0.340252 5.72245 0.0812478 -0.0655217 136.192
135837 13 0.1 1 32.9 -0.461342 0.483812 7.01007 -0.0886381 0.102537 141.847
136184 13 0.1 1 32.9 -0.096517 0.212143 3.03811 0.000398474 0.00873353 145.208
136513 13 0.1 1 32.9 -0.193926 -0.359625 4.09005 -0.0451817 -0.0651168 141.334
137887 13 0.1 1 32.9 -0.26475 0.183284 9.48853 -0.0893263 0.0356595 134.4
138533 13 0.1 1 32.9 0.0478327 -0.253156 7.65642 0.00381451 -0.0826835 132.364
139153 13 0.1 1 32.9 0.0035734 -0.150712 16.95 -0.000580554 -0.0840013 126.948
141094 13 0.1 1 32.9 0.326809 -0.0182317 3.40212 0.0568261 0.0155946 148.583
141388 13 0.1 1 32.9 0.0993432 0.409369 7.04173 0.0198599 0.0750063 138.174
142276 13 0.1 1 32.9 -0.497739 -0.301193 4.26058 -0.0870518 -0.0479593 137.728
142992 13 0.1 1 32.9 0.345377 0.475682 3.30944 0.040888 0.0428976 141.216
143013 13 0.1 1 32.9 -0.166122 -0.118499 1.88543 0.0167171 -0.0107635 130.82
143937 13 0.1 1 32.9 -0.436492 0.0134939 3.38895 -0.055233 -0.00698046 128.64
145091 13 0.1 1 32.9 -0.0240642 0.274902 5.32334 0.00264717 0.0562015 139.19
145944 13 0.1 1 32.9 -0.112677 -0.330447 3.00126 0.00409012 -0.0169053 144.819
145994 13 0.1 1 32.9 -0.154198 0.0809805 7.07807 -0.00503348 0.00627408 141.386
147034 13 0.1 1 32.9 -0.111405 0.289689 7.27968 -0.0206247 0.0886079 141.953
147543 13 0.1 1 32.9 0.451519 0.272987 3.65365 0.0385634 0.0380345 132.135
147609 13 0.1 1 32.9 0.0342773 -0.262125 1.7116 -0.0109049 0.00683365 129.392
147947 13 0.1 1 32.9 0.407589 0.176021 12.8867 0.168012 0.0524476 127.86
149511 13 0.1 1 32.9 0.180816 0.472449 4.3172 0.00627167 0.0469619 144.103
149665 13 0.1 1 32.9 -0.29862 0.438452 6.19476 -0.0529549 0.070643 145.549
150427 13 0.1 1 32.9 -0.117797 -0.191641 6.39615 0.000847604 -0.0355163 146.39
151444 13 0.1 1 32.9 0.289051 -0.0425377 7.84022 0.0808874 -0.0249825 139.816
151453 13 0.1 1 32.9 0.37126 0.0731335 5.79422 0.0297874 0.0287472 144.258
151684 13 0.1 1 32.9 0.0759003 -0.245189 5.0298 0.010787 -0.0361989 144.412
152526 13 0.1 1 32.9 -0.30087 0.194118 10.5376 -0.0620958 0.066572 133.027
152957 13 0.1 1 32.9 -0.469118 0.141442 3.81135 -0.0362025 0.0271874 150.153
153192 13 0.1 1 32.9 -0.251125 -0.0682672 4.53358 -0.0383529 0.00223659 145.968
154423 13 0.1 1 32.9 0.498762 -0.487656 5.3046 0.083224 -0.0510356 141.068
155115 13 0.1 1 32.9 0.0236947 0.440746 3.61441 0.0130753 0.0358952 151.339
155123 13 0.1 1 32.9 0.149539 -0.487249 8.30942 0.0513032 -0.120396 135.068
159944 13 0.1 1 32.9 0.0140889 0.388762 1.31087 0.0112706 0.0273589 140.324
161405 13 0.1 1 32.9 -0.44095 0.302332 3.18552 -0.0334401 0.0413192 142.952
163111 13 0.1 1 32.9 -0.170816 -0.126801 4.2419 -0.0212717 0.0114945 148.032
164495 13 0.1 1 32.9 -0.263975 0.200324 3.14759 0.00534082 0.0463691 144.087
165736 13 0.1 1 32.9 -0.426502 0.267163 6.61223 -0.0744479 0.0604018 143.996
167911 13 0.1 1 32.9 -0.112835 0.05086 3.02718 -0.00272512 -0.00244465 146.428
168396 13 0.1 1 32.9 -0.132733 0.162683 5.64727 -0.0209982 0.0193752 150.019
168618 13 0.1 1 32.9 0.322331 0.0212151 4.82446 0.0480845 -0.0117741 151.917
168826 13 0.1 1 32.9 0.343973 0.144227 2.54512 0.0149017 -0.0052345 140.507
168920 13 0.1 1 32.9 0.105849 0.0913411 9.70787 0.015373 0.0375482 129.849
173047 13 0.1 1 32.9 -0.461039 -0.452908 4.60777 -0.0542743 -0.054969 142.679
173119 13 0.1 1 32.9 -0.0404526 -0.117719 8.17711 0.010372 -0.00793883 139.769
173949 13 0.1 1 32.9 -0.408681 0.283263 2.36901 -0.0240015 0.0455516 147.388
174235 13 0.1 1 32.9 0.425215 0.431205 1.01595 0.0495275 0.00733065 143.411
174951 13 0.1 1 32.9 0.380911 0.301366 4.7175 0.0776247 0.074203 134.665
176000 13 0.1 1 32.9 0.329952 -0.0610935 5.41076 0.0450923 0.00596058 148.543
176812 13 0.1 1 32.9 -0.0602433 0.282619 4.31278 -0.00399425 0.0398945 140.272
177777 13 0.1 1 32.9 -0.123921 0.344397 2.26632 -0.0208864 -0.00254563 135.548
179277 13 0.1 1 32.9 0.211194 0.0784579 2.96557 0.0133905 -0.0110256 145.063
180632 13 0.1 1 32.9 0.444176 0.365021 4.8062 0.0669319 0.049385 135.63
180830 13 0.1 1 32.9 -0.0744325 0.16561 7.19526 -0.00167503 0.0204784 133.752
181238 13 0.1 1 32.9 0.253867 -0.496773 4.95414 0.0298129 -0.0475333 137.879
182150 13 0.1 1 32.9 0.259432 -0.0579964 8.81135 0.0630922 -0.0213222 128.86
182565 13 0.1 1 32.9 0.299789 0.367167 3.20431 0.000600615 0.0421626 144.457
182724 13 0.1 1 32.9 0.109794 -0.491109 5.82032 0.00940545 -0.0737984 139.065
182862 13 0.1 1 32.9 0.148714 -0.130702 5.4353 0.0208416 -0.0316851 128.703
183014 13 0.1 1 32.9 -0.126399 0.0627578 3.12132 -0.00858313 0.0212007 135.43
185201 13 0.1 1 32.9 0.278018 0.343536 1.77602 0.0310313 0.026383 129.878
186371 13 0.1 1 32.9 0.06681 0.408118 3.0933 0.0203033 0.0513901 146.991
187871 13 0.1 1 32.9 0.085968 -0.259823 26.4296 0.0595052 -0.190072 123.358
189058 13 0.1 1 32.9 0.291382 0.456113 3.77923 0.0356128 0.0596972 141.758
189107 13 0.1 1 32.9 -0.184275 0.180526 5.34793 -0.0364096 0.0292317 144.596
191401 13 0.1 1 32.9 0.0287799 -0.198436 7.44566 0.0176901 -0.0392276 135.006
192701 13 0.1 1 32.9 -0.490381 -0.396717 10.0894 -0.140362 -0.115918 135.123
192720 13 0.1 1 32.9 -0.105276 0.0307895 1.46219 -0.0184398 0.00103899 135.05
196286 13 0.1 1 32.9 0.156453 0.381489 7.48901 0.0359448 0.0928984 132.879
196453 13 0.1 1 32.9 -0.359165 0.0786418 10.8769 -0.133799 0.014211 132.188
198904 13 0.1 1 32.9 0.256438 -0.151086 5.93304 0.0413163 -0.031964 147.442
198940 13 0.1 1 32.9 -0.489042 -0.113429 11.07 -0.179503 -0.0384446 131.997
199930 13 0.1 1 32.9 0.430722 -0.193527 1.57937 0.0501718 0.000178198 136.901
200590 13 0.1 1 32.9 -0.492366 0.335145 3.9506 -0.0623613 0.0409166 151.002
200883 13 0.1 1 32.9 0.402243 -0.233238 7.8117 0.101193 -0.0495993 132.031
202004 13 0.1 1 32.9 -0.184288 0.0534016 6.78965 -0.0352105 0.00257055 131.191
202594 13 0.1 1 32.9 -0.443943 0.174885 3.68166 -0.0308886 0.0126021 145.619
203058 13 0.1 1 32.9 -0.412499 -0.375297 7.8013 -0.0929524 -0.0888487 138.327
204083 13 0.1 1 32.9 0.156826 0.0985488 5.3158 0.00455721 0.0365938 148.164
204332 13 0.1 1 32.9 0.298358 -0.423926 2.15013 0.00470986 -0.0450704 136.389
205948 13 0.1 1 32.9 -0.31426 -0.126394 2.72741 -0.0294928 -0.0109273 147.567
207518 13 0.1 1 32.9 0.436504 0.316929 7.03403 0.0719809 0.0639842 127.462
207705 13 0.1 1 32.9 -0.123018 0.375715 9.65089 -0.0515796 0.0995738 133.95
209617 13 0.1 1 32.9 -0.276099 -0.317037 6.43425 -0.0631421 -0.0734442 147.071
211291 13 0.1 1 32.9 0.223958 0.214618 6.25705 0.0263902 0.032456 141.126
215953 13 0.1 1 32.9 -0.43236 0.16526 6.13239 -0.0771706 0.0302019 147.107
218081 13 0.1 1 32.9 0.238103 -0.309642 6.55253 0.0319986 -0.0750883 138.987
218790 13 0.1 1 32.9 0.128155 0.189052 5.01625 -0.00318325 0.0207522 128.951
219190 13 0.1 1 32.9 -0.415578 0.0605332 3.91382 -0.0623565 0.0243993 148.065
220025 13 0.1 1 32.9 0.291626 0.00559482 8.05555 0.0573338 -0.00188465 132.392
220256 13 0.1 1 32.9 -0.476495 0.113155 12.9902 -0.167795 0.0296807 130.731
220637 13 0.1 1 32.9 -0.332205 0.462271 1.06896 0.00556425 -0.00575702 141.79
221071 13 0.1 1 32.9 -0.391086 -0.108864 5.51882 -0.0530367 -0.0244531 149.839
221979 13 0.1 1 32.9 0.283307 -0.107085 4.12178 0.0220016 -0.0224566 147.54
222556 13 0.1 1 32.9 -0.0260702 -0.335631 3.83275 -0.00630253 -0.0267385 131.903
222635 13 0.1 1 32.9 0.169164 -0.417431 4.59084 0.0345752 -0.0624739 132.558
226044 13 0.1 1 32.9 0.439744 -0.273162 2.89795 0.040714 -0.0299316 140.66
226638 13 0.1 1 32.9 -0.00611584 -0.421888 2.83066 0.0152607 -0.0449345 125.524
226797 13 0.1 1 32.9 -0.109241 0.447678 6.47988 -0.0125145 0.0705807 144.735
227133 13 0.1 1 32.9 0.294401 -0.3914 4.40623 0.100666 -0.0477506 136.176
227606 13 0.1 1 32.9 0.041228 -0.379153 9.15888 0.0192764 -0.0859284 133.904
228009 13 0.1 1 32.9 0.0179543 -0.134214 9.07051 0.021892 -0.0360092 135.403
228208 13 0.1 1 32.9 0.134906 -0.253725 19.627 0.0635829 -0.133204 125.402
228489 13 0.1 1 32.9 0.249706 0.4443 5.65359 0.0568984 0.0831106 148.766
228839 13 0.1 1 32.9 -0.150103 0.15043 4.28424 -0.00511231 0.00506767 148.36
229100 13 0.1 1 32.9 0.0659763 0.362743 2.55059 -0.0331721 0.0208235 136.937
229327 13 0.1 1 32.9 -0.324663 -0.173137 2.32999 -0.00358173 -0.00596983 135.357
229868 13 0.1 1 32.9 -0.109661 -0.10083 5.6003 -0.0337001 -0.02064 142.899
231102 13 0.1 1 32.9 -0.324027 -0.401028 4.19929 -0.041065 -0.028911 152.037
231269 13 0.1 1 32.9 -0.109363 -0.37298 3.23918 0.00188603 -0.0263254 140.245
231780 13 0.1 1 32.9 0.107866 0.442609 3.68634 0.0107219 0.0531167 147.663
232147 13 0.1 1 32.9 0.364641 0.0969177 2.84322 0.0429002 0.0274726 145.119
232683 13 0.1 1 32.9 -0.213449 -0.248481 4.89492 -0.0283822 -0.0305118 145.882
232896 13 0.1 1 32.9 -0.236543 0.257586 3.7473 -0.0465689 0.0498721 137.201
233316 13 0.1 1 32.9 -0.106293 0.0969266 6.04574 -0.0132747 0.034095 149.032
235351 13 0.1 1 32.9 -0.458821 0.0335982 4.69153 -0.0586925 0.00528897 149.994
235749 13 0.1 1 32.9 -0.46514 0.253045 3.04485 -0.0311839 0.0344454 139.475
236595 13 0.1 1 32.9 -0.409483 0.148843 6.02224 -0.0818123 0.0261114 133.405
237137 13 0.1 1 32.9 -0.351172 -0.470965 10.3304 -0.123892 -0.137008 134.314
237656 13 0.1 1 32.9 -0.0832976 0.136317 8.15781 5.83306e-05 0.0288654 133.333
238069 13 0.1 1 32.9 -0.467557 -0.00643946 3.42443 -0.0205165 0.0076502 136.806
238531 13 0.1 1 32.9 0.499373 -0.357666 5.54605 0.0618219 -0.065677 149.945
239401 13 0.1 1 32.9 -0.315772 0.208703 7.41117 -0.0789793 0.0351137 141.385
239711 13 0.1 1 32.9 0.372752 0.329517 2.56213 0.0570121 0.0061488 140.204
239783 13 0.1 1 32.9 0.371672 -0.0529213 2.1208 -0.010173 -0.0111063 139.207
240420 13 0.1 1 32.9 -0.343422 -0.188652 4.61548 -0.0382006 -0.00240743 147.946
241647 13 0.1 1 32.9 -0.217975 0.231713 2.97134 -0.0149003 0.0025333 144.975
242297 13 0.1 1 32.9 -0.353471 0.0564837 7.25817 -0.0502759 0.00292932 137.217
242517 13 0.1 1 32.9 0.0528452 -0.0619822 3.56396 -0.0113395 -0.0186924 149.436
243917 13 0.1 1 32.9 -0.176731 0.175677 4.72952 -0.0211142 0.0452111 132.319
244610 13 0.1 1 32.9 0.499398 0.44974 5.27345 0.0608523 0.0649164 150.461
245124 13 0.1 1 32.9 0.396187 0.214779 5.1676 0.0411988 0.0488358 152.018
245429 13 0.1 1 32.9 0.283077 -0.495581 6.14106 0.0538741 -0.0863192 137.887
245940 13 0.1 1 32.9 0.340302 0.0428874 5.92602 0.0871422 0.011888 143.708
246052 13 0.1 1 32.9 0.462148 -0.399107 12.7318 0.176227 -0.140166 130.834
246077 13 0.1 1 32.9 0.450842 -0.408012 11.647 0.171825 -0.143264 126.277
247137 13 0.1 1 32.9 -0.100886 -0.162528 2.26337 -0.0108108 0.003516 138.539
248519 13 0.1 1 32.9 -0.145176 0.394296 3.49848 -0.00965754 0.0476591 150.515
250513 13 0.1 1 32.9 0.0593213 0.37245 4.38805 0.0222557 0.0793075 151.367
250538 13 0.1 1 32.9 0.0794401 0.284257 6.71992 0.0304751 0.0354178 140.577
251595 13 0.1 1 32.9 -0.15331 0.4232 5.73168 -0.0169547 0.0380592 137.279
252610 13 0.1 1 32.9 0.267014 -0.44364 4.76915 0.0429962 -0.0401554 152.306
253691 13 0.1 1 32.9 0.249253 0.485223 3.35472 0.0176091 0.047028 147.699
256470 13 0.1 1 32.9 -0.105807 0.393179 7.83261 -0.0177752 0.112769 140.328
257425 13 0.1 1 32.9 0.10301 -0.246302 4.64515 0.029946 -0.0419396 132.52
257632 13 0.1 1 32.9 -0.0131492 0.0819662 7.64872 0.00384913 0.015035 139.944
258726 13 0.1 1 32.9 0.0530946 -0.490312 1.32205 -0.00705391 -0.0445689 137.373
260649 13 0.1 1 32.9 -0.38735 -0.358887 6.45015 -0.0588537 -0.0906854 144.112
260712 13 0.1 1 32.9 0.00428587 -0.0280566 10.8471 -0.00382241 -0.0238151 133.576
261924 13 0.1 1 32.9 -0.259904 0.192712 12.1668 -0.103291 0.0393844 124.975
261958 13 0.1 1 32.9 0.254468 -0.238036 8.53013 0.0645727 -0.0740972 134.122
262048 13 0.1 1 32.9 0.00179645 -0.153353 5.57677 -0.00497222 -0.00633064 144.107
262766 13 0.1 1 32.9 -0.39351 -0.367118 4.20461 -0.0654666 -0.0581484 142.904
265136 13 0.1 1 32.9 -0.445397 0.240237 6.08987 -0.0916752 0.0598436 146.172
265159 13 0.1 1 32.9 -0.103516 0.163684 6.73307 -0.00784563 0.0413925 145.126
267408 13 0.1 1 32.9 -0.297147 -0.480219 5.10466 -0.0831461 -0.0689657 139.001
267462 13 0.1 1 32.9 0.229691 0.284013 6.28509 0.0503001 0.0658353 139.006
269977 13 0.1 1 32.9 0.120463 -0.185622 3.28888 0.0289371 -0.00332333 148.054
271969 13 0.1 1 32.9 0.0312139 0.0653548 4.13414 -0.0190823 0.0249608 148.643
272042 13 0.1 1 32.9 0.233985 -0.0360345 8.51615 0.0559515 -0.00389827 130.881
273039 13 0.1 1 32.9 -0.0263249 0.0834749 3.59466 0.00165048 0.00326681 133.313
273153 13 0.1 1 32.9 -0.0041399 -0.313923 3.51168 0.00243085 -0.00343456 141.687
273203 13 0.1 1 32.9 0.0110882 -0.311368 6.52527 -0.00568184 -0.0509104 135.731
273796 13 0.1 1 32.9 -0.474328 -0.473714 7.0017 -0.114094 -0.112221 140.255
276893 13 0.1 1 32.9 -0.187845 -0.284586 11.6192 -0.0479299 -0.089116 132.535
277887 13 0.1 1 32.9 -0.318559 -0.417031 2.8456 -0.0174292 -0.0215331 139.612
279670 13 0.1 1 32.9 0.4723 -0.215189 14.6843 0.190348 -0.0900114 123.928
280304 13 0.1 1 32.9 0.0268528 -0.0567128 5.17775 0.00622239 -0.0205892 150.866
281159 13 0.1 1 32.9 -0.156971 -0.467492 2.08973 -0.0238158 -0.0202671 145.32
281298 13 0.1 1 32.9 0.270581 0.122519 3.34799 0.01538 -0.00131765 140.389
282521 13 0.1 1 32.9 0.426968 0.025443 12.0898 0.165382 0.0136561 127.527
283353 13 0.1 1 32.9 -0.304862 -0.401206 5.94701 -0.0465472 -0.0897071 142.26
283530 13 0.1 1 32.9 0.0990813 -0.423997 2.79022 -0.000175525 -0.0359546 145.589
285046 13 0.1 1 32.9 -0.224319 -0.32433 4.78443 -0.0286605 -0.0480438 151.723
285512 13 0.1 1 32.9 -0.059711 0.331092 3.7245 -0.00560702 0.0212388 151.967
285896 13 0.1 1 32.9 -0.0902624 0.177811 2.27551 -0.00614637 0.0151567 135.313
289246 13 0.1 1 32.9 0.405169 0.274752 3.00167 0.0150547 0.0303416 140.194
291325 13 0.1 1 32.9 -0.178133 0.144114 5.38116 -0.0137168 0.0179528 149.448
291528 13 0.1 1 32.9 -0.0463257 0.205552 4.76948 -0.00946679 0.00530882 144.435
292935 13 0.1 1 32.9 -0.214996 -0.000799628 11.3638 -0.056578 -0.0124725 132.882
293081 13 0.1 1 32.9 -0.465729 0.296785 3.60543 -0.077365 0.0351111 149.223
293316 13 0.1 1 32.9 0.0298055 -0.341772 3.13422 -0.0162672 -0.028219 128.9
293430 13 0.1 1 32.9 -0.130449 -0.384352 18.4211 -0.107552 -0.186155 126.395
293874 13 0.1 1 32.9 -0.0580578 -0.386328 19.3193 -0.0564401 -0.205003 125.416
294710 13 0.1 1 32.9 0.303812 0.313816 0.637589 0.0160279 0.0029346 136.74
295219 13 0.1 1 32.9 0.00174022 -0.0304742 7.23803 -0.00469112 -0.00819352 138.661
298769 13 0.1 1 32.9 -0.0808984 -0.164054 8.99697 -0.049207 -0.0377318 137.921
299371 13 0.1 1 32.9 0.349521 -0.312584 5.07325 0.0484028 -0.0537707 143.356
299733 13 0.1 1 32.9 -0.354044 -0.0205572 7.50179 -0.0733908 -0.0181458 142.917
302776 13 0.1 1 32.9 -0.0903637 -0.299913 4.87556 -0.0358895 -0.0534192 135.643
303327 13 0.1 1 32.9 -0.429971 0.430241 4.37056 -0.065285 0.0776812 151.223
303706 13 0.1 1 32.9 -0.119996 0.012012 7.6476 -0.0403278 -0.0214662 140.605
304444 13 0.1 1 32.9 -0.0175822 -0.31583 2.16179 -0.00583638 -0.0189319 138.911
307973 13 0.1 1 32.9 -0.0344093 -0.382096 0.536331 0.0135441 0.00639026 141.411
309272 13 0.1 1 32.9 -0.156134 0.248553 7.17632 -0.0249513 0.0533816 138.557
312091 13 0.1 1 32.9 0.0448749 -0.236652 4.89702 0.0261147 -0.0413455 140.121
312642 13 0.1 1 32.9 0.0140017 -0.288807 7.45579 0.00809555 -0.0683148 141.655
312796 13 0.1 1 32.9 0.354251 0.474894 2.62063 0.00845668 0.0235269 142.782
313203 13 0.1 1 32.9 -0.297054 -0.156443 6.54982 -0.0524352 -0.0316983 137.631
313855 13 0.1 1 32.9 0.0812756 0.0124326 3.84251 0.0416259 -0.0266152 152.355
315589 13 0.1 1 32.9 0.118085 -0.392963 4.39305 0.00828008 -0.0767319 148.001
315885 13 0.1 1 32.9 0.288718 0.333405 7.82919 0.0675068 0.071459 136.177
315988 13 0.1 1 32.9 0.466904 0.311436 4.42568 0.0868868 0.00734175 127.487
316028 13 0.1 1 32.9 -0.294871 -0.227321 4.03723 -0.0420064 -0.000878028 136.997
316752 13 0.1 1 32.9 -0.35006 0.475207 4.36109 -0.0609702 0.0539508 147.7
321386 13 0.1 1 32.9 0.451432 -0.118416 3.94477 0.0473936 -0.000453151 152.436
321392 13 0.1 1 32.9 -0.138693 0.372649 6.64033 -0.0235708 0.0733069 143.158
321636 13 0.1 1 32.9 -0.387445 0.329216 7.67483 -0.0732719 0.0696486 133.751
321851 13 0.1 1 32.9 0.0907054 -0.107783 2.21563 0.000571681 0.0035903 139.269
322549 13 0.1 1 32.9 -0.342522 -0.0895537 2.27847 -0.0332564 -0.0258723 142.343
323126 13 0.1 1 32.9 -0.318041 -0.0606057 3.73101 -0.0216948 -0.0404661 139.859
323171 13 0.1 1 32.9 -0.362145 -0.25488 5.39217 -0.0781933 -0.0553591 128.228
325367 13 0.1 1 32.9 0.229375 0.0689881 6.6573 0.0445047 0.0170842 146.444
326654 13 0.1 1 32.9 0.0932529 -0.454707 8.14875 0.01901 -0.128271 139.326
326992 13 0.1 1 32.9 -0.375588 0.208781 1.71067 -0.00634946 0.0238542 137.836
331818 13 0.1 1 32.9 -0.0998935 -0.39547 4.53077 -0.0266282 -0.0663768 151.851
331942 13 0.1 1 32.9 -0.321589 -0.131242 4.6053 -0.038272 -0.0146443 133.854
332678 13 0.1 1 32.9 -0.455751 -0.156125 2.62259 -0.0524222 0.0088146 135.467
333568 13 0.1 1 32.9 0.462063 0.294011 6.86071 0.0944016 0.0634842 139.51
334392 13 0.1 1 32.9 -0.197021 0.180577 8.15107 -0.0512949 0.0516701 134.54
335906 13 0.1 1 32.9 -0.366382 -0.340616 5.04959 -0.0554065 -0.0517741 150.874
338264 13 0.1 1 32.9 0.13472 0.00991282 7.22829 0.0233024 0.019916 140.81
340373 13 0.1 1 32.9 -0.435574 -0.0447455 4.02157 -0.0519726 0.0217096 140.969
341393 13 0.1 1 32.9 -0.473634 -0.232686 19.9184 -0.292038 -0.113427 125.75
342502 13 0.1 1 32.9 -0.381096 0.172649 2.4049 -0.0121446 0.012203 138.25
342510 13 0.1 1 32.9 -0.210257 -0.259788 3.8611 -0.0575587 -0.0560562 146.546
342645 13 0.1 1 32.9 0.178896 -0.0724328 1.19018 0.0142508 -0.00913068 128.699
343060 13 0.1 1 32.9 0.448474 0.207894 4.05154 0.0558912 0.0147058 141.216
343862 13 0.1 1 32.9 -0.0276707 0.258944 6.48917 0.0151648 0.0680045 126.058
343936 13 0.1 1 32.9 -0.0112345 -0.0708908 8.79399 -0.00846849 -0.0255058 128.024
344765 13 0.1 1 32.9 0.137777 0.167955 6.2054 0.012574 0.0297537 127.649
345346 13 0.1 1 32.9 -0.177924 0.264401 4.23858 -0.0203635 0.00587175 132.304
346585 13 0.1 1 32.9 -0.172176 0.292183 5.37718 -0.0376203 0.0477192 135.474
347799 13 0.1 1 32.9 -0.0634581 -0.199543 14.0912 -0.0298159 -0.0957518 129.546
348830 13 0.1 1 32.9 0.0833313 0.222529 5.37694 0.0111409 0.0445496 149.391
349526 13 0.1 1 32.9 -0.225654 -0.193892 13.9269 -0.105954 -0.101178 129.687
351040 13 0.1 1 32.9 -0.216532 0.363978 2.60737 -0.0185058 0.0313815 132.43
351376 13 0.1 1 32.9 0.118181 -0.0409409 2.80582 0.0295991 -0.00474055 140.935
354071 13 0.1 1 32.9 -0.018131 0.016028 0.700952 -0.0145907 -0.0188926 132.284
354685 13 0.1 1 32.9 0.398431 -0.476786 5.11634 0.0414648 -0.070193 146.904
354916 13 0.1 1 32.9 -0.27991 0.432333 2.54011 0.0167589 0.0689414 137.479
355794 13 0.1 1 32.9 0.26946 0.0389274 2.43179 0.0305027 -0.00911779 140.211
356211 13 0.1 1 32.9 -0.133347 -0.420966 3.02698 -0.0111163 -0.0302764 129
358111 13 0.1 1 32.9 0.166129 0.313757 3.51225 0.0211511 0.0536987 141.511
358731 13 0.1 1 32.9 -0.434957 -0.378626 6.25564 -0.123106 -0.0498459 136.173
359352 13 0.1 1 32.9 0.020368 -0.104807 3.20356 0.00643161 -0.0362792 150.276
359790 13 0.1 1 32.9 0.0621396 -0.412683 4.97455 -0.00658053 -0.0402421 151.965
359865 13 0.1 1 32.9 0.233007 -0.236721 1.03316 0.0148311 0.00656008 146.657
360733 13 0.1 1 32.9 -0.0279279 0.108845 3.87093 0.0204938 0.00167635 139.373
360798 13 0.1 1 32.9 0.341648 -0.142946 10.3497 0.0967268 -0.02078 131.49
362080 13 0.1 1 32.9 0.051474 0.416772 2.62574 0.00685596 0.0450387 139.537
362253 13 0.1 1 32.9 -0.335366 -0.0553771 4.81094 -0.0476543 -0.000369289 143.001
362668 13 0.1 1 32.9 -0.0446628 -0.301852 4.3978 -0.0128305 -0.030837 143.768
362683 13 0.1 1 32.9 0.0928641 -0.200722 6.63529 0.00928062 -0.0317456 136.207
364610 13 0.1 1 32.9 0.394023 0.042827 16.7864 0.203578 0.0039466 125.377
365049 13 0.1 1 32.9 -0.205257 0.282574 2.81337 -0.0132512 0.00141763 150.171
365466 13 0.1 1 32.9 -0.0765483 -0.214353 4.63013 -0.0220642 -0.0439294 136.577
365634 13 0.1 1 32.9 -0.173687 0.400508 5.008 -0.00698215 0.0684488 147.207
365984 13 0.1 1 32.9 -0.234541 -0.434064 4.36477 -0.0492752 -0.0440673 134.383
366072 13 0.1 1 32.9 0.32235 -0.298095 2.7425 0.0439973 0.00434017 150.49
366658 13 0.1 1 32.9 0.1926 -0.0936469 6.94396 0.0489121 -0.0256464 131.241
367605 13 0.1 1 32.9 0.174813 -0.18707 2.45239 0.0179724 -0.0333041 142.07
368885 13 0.1 1 32.9 0.269452 0.453877 3.93553 0.0349255 0.047653 138.424
369502 13 0.1 1 32.9 -0.405053 0.0314447 5.29793 -0.0540381 -0.0173126 140.075
370622 13 0.1 1 32.9 0.28227 -0.116858 3.02683 0.0330512 -0.012435 142.674
371051 13 0.1 1 32.9 -0.11212 -0.355075 0.918451 -0.0108408 -0.0143358 127.55
373391 13 0.1 1 32.9 -0.171253 -0.395166 2.25061 -0.0126961 -0.0185143 143.703
373944 13 0.1 1 32.9 -0.358353 -0.353552 8.83483 -0.0947416 -0.0837996 126.242
375206 13 0.1 1 32.9 0.3063 -0.0784732 2.36788 0.0264282 -0.0247041 136.527
375473 13 0.1 1 32.9 0.205404 -0.0754456 2.65138 0.0520114 0.0169185 136.162
375655 13 0.1 1 32.9 -0.160032 -0.390321 9.72258 -0.0741725 -0.132134 134.958
377735 13 0.1 1 32.9 0.0364271 -0.0355195 2.52928 -0.000309166 -0.000608188 129.754
377853 13 0.1 1 32.9 -0.23488 0.302488 2.64212 -0.0107908 0.0143487 139.156
377875 13 0.1 1 32.9 -0.202911 0.286239 2.56167 0.0117449 0.0208572 149.177
378298 13 0.1 1 32.9 -0.108692 -0.183625 12.4127 -0.0389917 -0.0771483 131.422
378543 13 0.1 1 32.9 0.0722033 0.138042 4.99512 0.00407583 0.00912963 138.904
379036 13 0.1 1 32.9 0.480674 -0.220777 6.68783 0.0904692 -0.05805 141.02
379874 13 0.1 1 32.9 -0.497989 0.184972 4.26066 -0.0436592 0.0399746 146.245
380608 13 0.1 1 32.9 -0.257212 -0.464071 3.38829 -0.0184942 -0.0462309 135.365
380654 13 0.1 1 32.9 -0.460532 -0.118508 6.62606 -0.0824199 -0.0217947 140.146
380756 13 0.1 1 32.9 -0.107807 0.170405 3.38658 -0.0125184 0.00334384 136.633
381193 13 0.1 1 32.9 -0.389747 -0.404188 7.18625 -0.0606855 -0.0627741 130.94
381885 13 0.1 1 32.9 0.262954 -0.199115 3.35182 0.0214151 -0.007247 135.075
384801 13 0.1 1 32.9 0.242138 0.464679 3.08802 0.0303878 0.0330617 125.451
385117 13 0.1 1 32.9 -0.20231 0.254569 5.15128 -0.0190203 0.0217737 150.38
387328 13 0.1 1 32.9 -0.104247 0.422164 2.60936 -0.0328939 0.0532217 144.528
387656 13 0.1 1 32.9 0.149223 0.0954038 6.58183 0.0403047 0.0196813 139.924
387811 13 0.1 1 32.9 0.187665 -0.4419 3.16516 0.0133259 -0.0529195 140.633
388179 13 0.1 1 32.9 -0.298634 0.430649 4.82936 -0.0474253 0.0761658 140.14
388395 13 0.1 1 32.9 -0.200665 -0.0968275 3.57336 -0.0209005 -0.021387 131.668
388691 13 0.1 1 32.9 0.272014 -0.277309 4.7495 0.0397517 -0.0352951 139.347
390027 13 0.1 1 32.9 0.186647 -0.0450669 2.69996 0.0343299 0.016274 125.012
392750 13 0.1 1 32.9 0.124582 -0.0422209 2.99257 0.00960631 0.016547 127.843
393080 13 0.1 1 32.9 0.454453 0.2211 7.28988 0.0939848 0.0386754 141.305
393306 13 0.1 1 32.9 -0.40199 -0.348164 6.23221 -0.067648 -0.07026 137.882
395325 13 0.1 1 32.9 0.00422738 -0.495217 1.49493 0.0016267 -0.0557975 133.996
395969 13 0.1 1 32.9 0.297277 0.206374 6.98157 0.076188 0.0475453 142.177
396245 13 0.1 1 32.9 -0.0532163 -0.241978 1.73279 -0.00581832 -0.0165304 131.291
396319 13 0.1 1 32.9 0.0476451 0.267271 4.12832 0.00324415 0.0124169 145.118
397488 13 0.1 1 32.9 0.265167 -0.0712724 3.24706 0.0324134 0.0101582 129.395
398220 13 0.1 1 32.9 -0.475245 -0.0422136 5.31251 -0.0889561 -0.0231949 134.104
398316 13 0.1 1 32.9 0.0786671 0.0394502 2.76791 -0.00490095 0.00322322 127.918
399394 13 0.1 1 32.9 0.446384 -0.455467 8.27326 0.122117 -0.110779 137.409
402386 13 0.1 1 32.9 -0.0417028 -0.0242083 2.73215 0.0045222 -0.0094036 140.204
402479 13 0.1 1 32.9 0.473432 -0.191654 2.73635 0.0173636 0.0194766 138.778
402567 13 0.1 1 32.9 -0.411449 0.468183 4.11605 -0.068648 0.0636525 134.786
403109 13 0.1 1 32.9 -0.219628 -0.237012 10.6271 -0.0864755 -0.0725423 131.305
403959 13 0.1 1 32.9 0.137254 -0.0740203 3.4012 0.0214891 -0.011156 149.507
404488 13 0.1 1 32.9 -0.312255 0.14861 4.08074 -0.0424872 0.00104294 141.845
404570 13 0.1 1 32.9 0.376227 -0.345852 11.0939 0.119058 -0.121834 131.597
406127 13 0.1 1 32.9 0.379274 -0.414885 4.45522 0.0498194 -0.0743578 135.841
406266 13 0.1 1 32.9 -0.271487 0.00225214 1.14022 -0.00261736 0.0105329 126.643
408179 13 0.1 1 32.9 -0.0765595 0.114066 3.35712 -0.0312638 0.00709148 135.047
409483 13 0.1 1 32.9 0.194357 0.11403 2.52073 0.00415279 0.0185894 137.717
410034 13 0.1 1 32.9 -0.162501 0.258658 6.92086 -0.0243831 0.0643456 137.198
411455 13 0.1 1 32.9 0.458396 -0.140582 3.23294 0.0359557 -0.0283729 126.33
412495 13 0.1 1 32.9 0.431434 0.317548 6.00422 0.0563026 0.0691731 145.925
412789 13 0.1 1 32.9 -0.273898 -0.193918 3.97267 -0.0188807 -0.0243085 132.04
412844 13 0.1 1 32.9 -0.445011 -0.234887 3.21234 -0.056802 -0.0231317 131.357
413006 13 0.1 1 32.9 0.08843 -0.0198718 3.03358 -0.00617798 -0.00442782 134.966
413573 13 0.1 1 32.9 0.0179841 0.348276 2.23789 -0.000692368 0.0257223 138.889
414553 13 0.1 1 32.9 0.454667 -0.300697 7.56133 0.118295 -0.084867 133.644
414671 13 0.1 1 32.9 0.125853 -0.256185 11.4505 0.0582107 -0.0698221 127.538
415126 13 0.1 1 32.9 0.237305 -0.179222 4.8904 0.0416854 -0.0403338 137.359
416868 13 0.1 1 32.9 0.429401 0.155869 4.85693 0.0462632 -0.00252884 151.106
419754 13 0.1 1 32.9 0.142768 -0.362594 5.57364 0.0091201 -0.0601777 132.409
420548 13 0.1 1 32.9 0.482373 -0.419155 9.37948 0.14355 -0.126808 137.179
422120 13 0.1 1 32.9 0.125164 -0.396506 5.03242 0.0203377 -0.0696288 145.644
422475 13 0.1 1 32.9 -0.363288 0.126314 2.81886 -0.0339268 0.0182776 138.71
426968 13 0.1 1 32.9 0.240145 -0.394748 5.75367 0.0415931 -0.0700033 146.044
427159 13 0.1 1 32.9 0.0136209 0.192371 6.36283 0.00050552 0.059082 138.242
427937 13 0.1 1 32.9 -0.180276 -0.352599 4.03894 -0.00740031 -0.0676991 146.519
428036 13 0.1 1 32.9 -0.425618 0.35791 6.58358 -0.0884038 0.0734896 137.783
429963 13 0.1 1 32.9 -0.329859 -0.0993764 8.86696 -0.0869522 -0.0198706 129.96
431808 13 0.1 1 32.9 -0.0717064 0.211973 7.79242 -0.017454 0.0253153 140.75
432503 13 0.1 1 32.9 0.32459 -0.0350878 7.51915 0.0748688 -0.0132169 133.818
432788 13 0.1 1 32.9 -0.050621 0.445125 7.39917 -0.0165469 0.0789197 140.069
434917 13 0.1 1 32.9 -0.331354 -0.436013 6.21646 -0.06294 -0.0802068 136.661
435143 13 0.1 1 32.9 -0.460822 0.44044 11.0683 -0.142036 0.111196 126.692
435458 13 0.1 1 32.9 -0.144825 0.00862119 6.90052 -0.0354334 -0.0148988 143.598
435649 13 0.1 1 32.9 -0.231787 -0.0303353 6.06867 -0.0613225 -0.0148186 145.719
435863 13 0.1 1 32.9 -0.413108 0.261685 9.66584 -0.135034 0.0909845 124.461
436188 13 0.1 1 32.9 -0.468779 -0.00416298 5.67234 -0.0954156 -0.00985186 137.531
436237 13 0.1 1 32.9 -0.494088 -0.346522 6.73627 -0.0964794 -0.101715 138.114
440842 13 0.1 1 32.9 -0.369324 0.373774 3.07437 -0.0403343 0.0213414 142.021
441885 13 0.1 1 32.9 -0.371329 -0.26734 1.59497 -0.0101182 -0.00207467 133.689
443998 13 0.1 1 32.9 0.330111 -0.441165 5.22214 0.0511206 -0.0677746 151.456
443999 13 0.1 1 32.9 -0.0415214 -0.470152 2.85429 0.0209617 -0.0413612 147.097
444631 13 0.1 1 32.9 0.22357 -0.0538436 7.08694 0.0682374 -0.000890967 140.833
444851 13 0.1 1 32.9 -0.242635 -0.137317 3.82068 -0.0241936 -0.0432584 150.674
445559 13 0.1 1 32.9 -0.146377 0.328067 7.1624 -0.0206107 0.0972099 140.607
445582 13 0.1 1 32.9 0.198497 0.248523 3.55861 0.0085288 0.0274425 138.139
446410 13 0.1 1 32.9 -0.012346 -0.0907987 4.28219 -0.0266303 0.000827168 134.611
447846 13 0.1 1 32.9 0.231274 0.354918 4.66349 0.0370407 0.052645 148.957
449227 13 0.1 1 32.9 0.359858 0.077635 2.0606 0.019857 0.0155158 139.923
450404 13 0.1 1 32.9 0.409495 -0.425121 7.60088 0.094361 -0.104795 137.604
450642 13 0.1 1 32.9 -0.491009 0.117192 1.8327 -0.00597252 0.0155047 144.623
450938 13 0.1 1 32.9 0.0882775 -0.033595 6.36593 -0.000838775 -0.00465759 136.483
451265 13 0.1 1 32.9 -0.369037 -0.147204 2.79497 -0.0331532 -0.0289624 151.693
451466 13 0.1 1 32.9 0.0102018 -0.48513 7.72088 0.000855758 -0.0970284 139.093
451812 13 0.1 1 32.9 0.291596 0.0395561 5.95732 0.0259969 -0.00207357 147.797
453184 13 0.1 1 32.9 0.442369 -0.137491 7.40657 0.0761414 -0.0383309 138.046
455502 13 0.1 1 32.9 0.00321223 0.0433531 1.72117 0.00863804 0.017975 146.007
456540 13 0.1 1 32.9 0.138695 0.286286 5.37349 0.0170997 0.0277072 149.605
457519 13 0.1 1 32.9 -0.356785 0.215936 10.7318 -0.1019 0.0859097 131.523
457646 13 0.1 1 32.9 0.276289 0.303512 8.72181 0.0570046 0.0596851 133.345
457776 13 0.1 1 32.9 0.33618 -0.355045 7.2593 0.0666715 -0.0850796 141.79
457798 13 0.1 1 32.9 -0.152309 -0.274399 5.50192 -0.0225189 -0.0667623 137.666
457820 13 0.1 1 32.9 -0.111955 -0.435968 9.21628 -0.0228438 -0.15373 132.289
461169 13 0.1 1 32.9 0.206393 0.460776 6.27805 0.0452334 0.0825746 145.885
461621 13 0.1 1 32.9 -0.0872385 -0.296305 5.4255 -0.0382043 -0.0440876 142.244
461622 13 0.1 1 32.9 -0.126941 -0.0345573 5.1077 -0.026985 -0.000901046 141.115
461768 13 0.1 1 32.9 -0.0768759 -0.428005 2.37652 0.0142628 -0.0423852 140.297
462563 13 0.1 1 32.9 0.402665 0.0470701 1.41619 0.00845208 -0.0155267 136.81
462604 13 0.1 1 32.9 0.491318 -0.0134199 7.2092 0.102813 -0.00120076 140.625
462949 13 0.1 1 32.9 -0.0436007 0.349084 7.71972 0.00769789 0.0709334 142.056
464494 13 0.1 1 32.9 0.406066 0.19025 6.16671 0.0822409 0.021349 135.988
464763 13 0.1 1 32.9 0.494059 -0.187401 3.01138 0.0533408 -0.0264075 144.631
465712 13 0.1 1 32.9 -0.273906 -0.4715 4.63012 -0.0519239 -0.068114 152.264
466839 13 0.1 1 32.9 -0.422865 0.165365 7.1549 -0.100932 0.0162106 143.592
468268 13 0.1 1 32.9 -0.339952 0.246223 13.2848 -0.124054 0.0876778 129.773
468276 13 0.1 1 32.9 -0.248656 -0.379823 6.2261 -0.021527 -0.103891 129.125
471081 13 0.1 1 32.9 -0.144907 -0.157691 3.49306 0.00223762 -0.0087446 144.552
472206 13 0.1 1 32.9 0.165328 -0.221681 6.17469 0.021452 -0.0406584 141.471
475122 13 0.1 1 32.9 -0.210938 0.380823 3.25934 -0.0139521 0.0564151 148.717
477415 13 0.1 1 32.9 0.260992 -0.141478 3.86449 0.0590715 -0.00767163 146.483
477499 13 0.1 1 32.9 -0.188137 0.298816 2.51493 -0.00801497 0.0183442 137.049
477956 13 0.1 1 32.9 0.375681 -0.471851 6.95989 0.064104 -0.111696 141.756
479413 13 0.1 1 32.9 -0.145198 0.437041 5.60841 -0.0261272 0.0841278 129.891
482706 13 0.1 1 32.9 -0.0846502 -0.42675 5.09286 -0.0176306 -0.0712797 141.962
483376 13 0.1 1 32.9 -0.0490653 0.0961965 2.59405 -0.0233306 -0.00467103 143.688
483490 13 0.1 1 32.9 -0.0674517 -0.0246712 11.4797 -0.018036 -0.016277 132.22
484562 13 0.1 1 32.9 -0.454509 0.327479 4.40625 -0.0531748 0.0396286 150.331
488114 13 0.1 1 32.9 -0.00486346 0.264911 2.55063 0.0136159 0.0448552 141.114
488122 13 0.1 1 32.9 0.199457 0.096638 5.37555 0.0282575 0.0300984 131.26
488447 13 0.1 1 32.9 0.13336 0.485656 3.9481 0.00993007 0.0716592 151.328
490683 13 0.1 1 32.9 -0.0464144 0.10025 6.33492 0.0151926 0.0295026 143.238
490834 13 0.1 1 32.9 0.0364733 -0.0108596 5.84738 -0.0108237 0.0155729 128.078
491512 13 0.1 1 32.9 0.0802291 0.211111 5.81868 0.0206457 0.0428264 148.466
492220 13 0.1 1 32.9 -0.45106 -0.192946 7.57815 -0.0973652 -0.026391 141.541
492434 13 0.1 1 32.9 -0.0409219 0.425563 8.98781 -0.00734884 0.105808 135.572
493114 13 0.1 1 32.9 0.203374 0.130288 5.05437 0.0267975 0.0134917 146.018
493372 13 0.1 1 32.9 0.353318 0.0409814 3.00933 0.0388576 -0.00950877 145.337
493484 13 0.1 1 32.9 0.308827 -0.359545 0.999344 -0.0105317 -0.0304808 129.581
494297 13 0.1 1 32.9 -0.064105 -0.33664 5.37089 0.00441633 -0.0330068 150.249
495429 13 0.1 1 32.9 -0.149379 -0.289311 2.89084 -0.0223038 -0.0303486 138.972
498703 13 0.1 1 32.9 -0.0604856 0.0329853 2.4271 0.0159613 0.000714004 131.332
499526 13 0.1 1 32.9 -0.0838951 0.410584 7.45273 -0.00287961 0.0909909 138.957
499802 13 0.1 1 32.9 0.0545278 0.190522 5.07049 -0.00505155 0.0195524 135.437
