2034 2 0.01 1.3 32.9 0.480402 -0.209765 4.05527 0.0596305 -0.0240009 135.965
4484 2 0.01 1.3 32.9 0.474229 0.45679 1.19164 0.013813 0.0167269 135.965
5393 2 0.01 1.3 32.9 0.350712 -0.384737 1.47776 0.0137739 -0.0152344 135.965
5815 2 0.01 1.3 32.9 0.0506467 -0.343457 2.84401 0.00353056 -0.0290359 135.965
7552 2 0.01 1.3 32.9 -0.129915 0.470953 4.1951 -0.016309 0.0606351 135.965
7589 2 0.01 1.3 32.9 -0.486 -0.100792 2.83139 -0.0417944 -0.00696872 135.965
11410 2 0.01 1.3 32.9 0.337621 0.46525 6.25733 0.0633693 0.0898531 135.965
12091 2 0.01 1.3 32.9 -0.247671 0.118682 2.87311 -0.0198895 0.00963619 135.965
12836 2 0.01 1.3 32.9 0.149957 -0.38803 2.53511 0.0117825 -0.0281888 135.965
14399 2 0.01 1.3 32.9 -0.284979 -0.398588 2.20413 -0.0173215 -0.0250887 135.965
14791 2 0.01 1.3 32.9 0.407237 0.212843 1.50502 0.0200396 0.0100806 135.965
15771 2 0.01 1.3 32.9 0.291201 0.15167 0.979647 0.00935127 0.000669359 135.965
18494 2 0.01 1.3 32.9 -0.247051 0.20393 1.60428 -0.0123431 0.00891115 135.965
19066 2 0.01 1.3 32.9 -0.260879 -0.335747 2.81524 -0.0222638 -0.0270505 135.965
19891 2 0.01 1.3 32.9 0.321325 0.236226 1.42666 0.0119416 0.0130235 135.965
23405 2 0.01 1.3 32.9 0.0535549 0.0555197 3.41906 0.00563956 0.00706965 135.965
23545 2 0.01 1.3 32.9 -0.195029 -0.0980436 4.14695 -0.0238668 -0.0119084 135.965
29930 2 0.01 1.3 32.9 0.0732244 -0.449702 2.42772 0.00627361 -0.0307122 135.965
30102 2 0.01 1.3 32.9 -0.258465 -0.0604948 3.22756 -0.0279953 -0.00649063 135.965
30776 2 0.01 1.3 32.9 -0.131938 -0.0963422 2.04207 -0.00904968 -0.00798039 135.965
33205 2 0.01 1.3 32.9 0.172448 0.466249 1.32236 0.00910273 0.0229702 135.965
35428 2 0.01 1.3 32.9 -0.438065 0.405834 2.63225 -0.0376085 0.0324076 135.965
36176 2 0.01 1.3 32.9 -0.0516645 -0.231313 5.95348 -0.006792 -0.0423829 135.965
39357 2 0.01 1.3 32.9 -0.354782 0.00999582 3.04001 -0.0333968 0.00144071 135.965
39499 2 0.01 1.3 32.9 0.452018 0.448668 3.29983 0.0454976 0.0456815 135.965
41660 2 0.01 1.3 32.9 0.182508 -0.0120403 1.85912 0.0101252 0.00048379 135.965
42150 2 0.01 1.3 32.9 0.147583 0.349586 5.12795 0.0229021 0.0556411 135.965
43591 2 0.01 1.3 32.9 -0.32588 -0.166764 1.71339 -0.0187065 -0.00943421 135.965
43643 2 0.01 1.3 32.9 -0.3524 0.0219288 6.18454 -0.0677417 0.00815975 135.965
44457 2 0.01 1.3 32.9 0.332049 -0.136601 3.29287 0.0352082 -0.0118247 135.965
45481 2 0.01 1.3 32.9 0.200432 0.493429 3.107 0.0194379 0.048068 135.965
47157 2 0.01 1.3 32.9 0.113886 -0.315526 1.00493 0.00174553 -0.00858516 135.965
47705 2 0.01 1.3 32.9 0.167119 -0.448776 3.94287 0.0190841 -0.0545325 135.965
48156 2 0.01 1.3 32.9 0.0353266 0.109897 3.10259 0.000666063 0.0108949 135.965
49886 2 0.01 1.3 32.9 -0.133796 -0.446852 3.9965 -0.0158346 -0.0521806 135.965
50091 2 0.01 1.3 32.9 0.180188 -0.156193 1.82766 0.0106694 -0.00859883 135.965
52111 2 0.01 1.3 32.9 0.482478 -0.44909 1.23549 0.0201125 -0.018222 135.965
52574 2 0.01 1.3 32.9 -0.345063 0.0634761 2.82583 -0.0293965 0.00772579 135.965
53498 2 0.01 1.3 32.9 0.00443519 -0.348149 0.810229 -0.00275304 -0.00507767 135.965
56452 2 0.01 1.3 32.9 -0.3911 -0.175081 1.42279 -0.0192652 -0.0049719 135.965
56693 2 0.01 1.3 32.9 -0.0062417 -0.439055 0.535207 -0.00353461 -0.00218875 135.965
57757 2 0.01 1.3 32.9 -0.0401381 0.477128 2.30762 -0.00620039 0.0339479 135.965
64874 2 0.01 1.3 32.9 -0.24104 -0.470599 3.56709 -0.0284102 -0.0505692 135.965
68389 2 0.01 1.3 32.9 -0.293384 -0.382482 2.39111 -0.0212217 -0.0249052 135.965
73895 2 0.01 1.3 32.9 0.241045 0.302256 2.48309 0.0193014 0.022783 135.965
74913 2 0.01 1.3 32.9 0.372161 -0.107308 11.4713 0.130516 -0.0384108 135.965
76968 2 0.01 1.3 32.9 0.223615 0.357493 1.29191 0.00812507 0.017879 135.965
77663 2 0.01 1.3 32.9 0.201726 0.080655 13.8546 0.0838343 0.0346561 135.965
77746 2 0.01 1.3 32.9 -0.383338 0.315929 1.74582 -0.0228292 0.0171407 135.965
81938 2 0.01 1.3 32.9 0.240119 -0.042808 1.57616 0.0117541 -0.00228802 135.965
83918 2 0.01 1.3 32.9 0.471595 -0.0821446 3.37768 0.0463271 -0.00834203 135.965
87841 2 0.01 1.3 32.9 -0.47958 -0.184872 3.50003 -0.0513223 -0.0187563 135.965
88033 2 0.01 1.3 32.9 -0.150354 -0.205534 1.03935 -0.00302665 -0.00441037 135.965
88463 2 0.01 1.3 32.9 0.113423 0.0644731 1.68512 0.00692408 0.00676717 135.965
89289 2 0.01 1.3 32.9 0.0352106 0.408865 6.77271 0.00815672 0.0835906 135.965
91589 2 0.01 1.3 32.9 0.201021 -0.075706 2.27018 0.0143059 -0.00591654 135.965
91859 2 0.01 1.3 32.9 0.398118 -0.42067 6.01758 0.0722956 -0.0737409 135.965
93561 2 0.01 1.3 32.9 0.180423 -0.211634 0.980376 0.00540551 -0.00771721 135.965
97696 2 0.01 1.3 32.9 0.410346 0.172234 3.59215 0.0446401 0.0207021 135.965
99539 2 0.01 1.3 32.9 0.46058 0.395088 2.01825 0.0309182 0.0261774 135.965
100107 2 0.01 1.3 32.9 -0.205834 -0.238771 3.881 -0.0239772 -0.0278205 135.965
100869 2 0.01 1.3 32.9 0.283528 0.0889065 0.678441 0.00447662 0.00237609 135.965
101863 2 0.01 1.3 32.9 -0.335621 0.163607 2.92736 -0.0308957 0.0130636 135.965
102287 2 0.01 1.3 32.9 0.121643 0.132969 2.60001 0.00865926 0.0114406 135.965
102782 2 0.01 1.3 32.9 -0.381432 -0.147967 1.48343 -0.0165428 -0.00285746 135.965
105710 2 0.01 1.3 32.9 -0.23881 0.0137103 2.73908 -0.0182537 0.00262883 135.965
105814 2 0.01 1.3 32.9 0.212212 0.214396 10.2125 0.0638007 0.0668411 135.965
106812 2 0.01 1.3 32.9 0.0313898 0.208418 1.78586 0.00374041 0.013659 135.965
107442 2 0.01 1.3 32.9 -0.30342 -0.116041 0.750055 -0.00852537 -0.00219978 135.965
107537 2 0.01 1.3 32.9 0.348225 0.137197 3.69305 0.0406815 0.015805 135.965
110642 2 0.01 1.3 32.9 -0.228188 -0.361462 2.04416 -0.0166332 -0.0213802 135.965
112782 2 0.01 1.3 32.9 0.023155 0.0651461 2.9564 -0.000159458 0.00521429 135.965
118502 2 0.01 1.3 32.9 0.440172 0.144248 1.85962 0.026549 0.00934436 135.965
123400 2 0.01 1.3 32.9 0.0767917 0.299313 2.79737 0.00829027 0.0227524 135.965
128937 2 0.01 1.3 32.9 0.250851 0.111506 3.86263 0.0282188 0.0136118 135.965
132816 2 0.01 1.3 32.9 0.285657 0.293051 0.79588 0.00839726 0.00782917 135.965
134129 2 0.01 1.3 32.9 0.00846851 0.338813 1.03797 0.00514809 0.0107447 135.965
134642 2 0.01 1.3 32.9 0.161559 0.128953 2.57614 0.0110029 0.00939519 135.965
140102 2 0.01 1.3 32.9 -0.00566174 0.125032 1.84875 0.00158425 0.00976389 135.965
146700 2 0.01 1.3 32.9 0.461015 0.434177 0.604953 0.00651428 0.00891496 135.965
147283 2 0.01 1.3 32.9 -0.00736617 -0.092432 0.545553 -0.000480852 1.45292e-05 135.965
148073 2 0.01 1.3 32.9 0.348547 -0.29064 6.18466 0.0652873 -0.0540943 135.965
148690 2 0.01 1.3 32.9 -0.0365455 -0.467215 2.12137 -0.00206646 -0.02911 135.965
148956 2 0.01 1.3 32.9 -0.16073 0.0982259 2.41682 -0.00977889 0.010634 135.965
150377 2 0.01 1.3 32.9 0.12428 0.453681 8.44979 0.0316765 0.116737 135.965
153223 2 0.01 1.3 32.9 -0.393918 0.0800719 2.7594 -0.0327474 0.00851501 135.965
153723 2 0.01 1.3 32.9 -0.327214 0.351051 1.83547 -0.0175192 0.0187145 135.965
154323 2 0.01 1.3 32.9 -0.00738857 0.443569 2.68281 0.000753872 0.0349312 135.965
159557 2 0.01 1.3 32.9 -0.11372 0.392534 10.4027 -0.0373166 0.127267 135.965
160195 2 0.01 1.3 32.9 -0.419448 -0.033165 2.94801 -0.0384758 -0.00305296 135.965
161201 2 0.01 1.3 32.9 -0.0682057 -0.408341 1.82319 -0.00385723 -0.0203573 135.965
167937 2 0.01 1.3 32.9 0.0189846 0.335922 0.95548 -0.000701335 0.0116343 135.965
168783 2 0.01 1.3 32.9 -0.371596 -0.197599 2.65571 -0.0295221 -0.017426 135.965
170293 2 0.01 1.3 32.9 0.482044 0.422512 2.12595 0.0321574 0.025684 135.965
170874 2 0.01 1.3 32.9 -0.473376 0.277154 4.03097 -0.0582619 0.0355132 135.965
171525 2 0.01 1.3 32.9 0.477066 0.10386 2.70058 0.0397072 0.00922308 135.965
172233 2 0.01 1.3 32.9 -0.065755 0.0816559 1.23941 -0.00230686 0.0069213 135.965
172943 2 0.01 1.3 32.9 -0.121432 0.328201 1.60111 -0.00560296 0.016843 135.965
174905 2 0.01 1.3 32.9 -0.247393 -0.300274 1.96232 -0.0165204 -0.0179299 135.965
175458 2 0.01 1.3 32.9 -0.0360964 0.192834 3.62773 -0.00473859 0.023438 135.965
176685 2 0.01 1.3 32.9 -0.0645487 -0.489977 5.18127 -0.0120429 -0.0764592 135.965
180606 2 0.01 1.3 32.9 -0.155637 0.374351 0.75422 -0.00700344 0.00595436 135.965
181628 2 0.01 1.3 32.9 0.320169 -0.100827 4.17834 0.0401756 -0.0126845 135.965
183824 2 0.01 1.3 32.9 -0.114007 -0.273626 8.09019 -0.0281968 -0.0679907 135.965
187361 2 0.01 1.3 32.9 0.319968 0.221577 1.26616 0.015227 0.0117005 135.965
191286 2 0.01 1.3 32.9 -0.138533 -0.21582 1.0299 -0.00424383 -0.00897644 135.965
191710 2 0.01 1.3 32.9 0.226503 -0.00187441 0.52933 -0.000134821 0.00265417 135.965
194150 2 0.01 1.3 32.9 -0.194817 0.328938 1.60489 -0.0072802 0.0134791 135.965
197056 2 0.01 1.3 32.9 -0.437949 0.401358 6.21551 -0.0812258 0.0757632 135.965
200752 2 0.01 1.3 32.9 0.0883476 -0.155822 7.01734 0.0182411 -0.0309791 135.965
201717 2 0.01 1.3 32.9 -0.226845 -0.217624 1.40172 -0.00894942 -0.00671804 135.965
201975 2 0.01 1.3 32.9 0.363271 -0.480766 2.08417 0.0238511 -0.0321826 135.965
205894 2 0.01 1.3 32.9 -0.297929 0.0760733 2.55425 -0.0244464 0.00746649 135.965
206253 2 0.01 1.3 32.9 -0.37526 0.416479 1.28406 -0.0112863 0.0175458 135.965
206767 2 0.01 1.3 32.9 -0.294812 -0.0623102 3.84299 -0.0361987 -0.00538076 135.965
207852 2 0.01 1.3 32.9 -0.228185 -0.2675 6.35976 -0.0467735 -0.0510292 135.965
208772 2 0.01 1.3 32.9 0.332882 -0.437822 2.31535 0.0208583 -0.0310031 135.965
210344 2 0.01 1.3 32.9 -0.317666 0.115795 0.732014 -0.00408935 0.00252711 135.965
210450 2 0.01 1.3 32.9 -0.424171 -0.0952869 15.8616 -0.20486 -0.0462379 135.965
211047 2 0.01 1.3 32.9 0.232467 0.21479 2.35544 0.0161266 0.0162491 135.965
212736 2 0.01 1.3 32.9 -0.194377 -0.174361 1.81218 -0.0111858 -0.00840679 135.965
212821 2 0.01 1.3 32.9 0.458164 -0.253464 3.92783 0.0535298 -0.0312618 135.965
213290 2 0.01 1.3 32.9 -0.428512 0.365743 5.35617 -0.0692452 0.0624395 135.965
213369 2 0.01 1.3 32.9 0.483193 -0.430156 2.07176 0.0319818 -0.0276774 135.965
214361 2 0.01 1.3 32.9 0.305587 0.240238 2.56325 0.0262682 0.0210389 135.965
216296 2 0.01 1.3 32.9 -0.00883448 -0.314983 2.0069 -0.00313369 -0.0196502 135.965
217052 2 0.01 1.3 32.9 -0.119508 -0.451974 0.90407 -0.00601373 -0.00972599 135.965
218358 2 0.01 1.3 32.9 0.2978 -0.425544 2.06449 0.0215046 -0.0266625 135.965
218815 2 0.01 1.3 32.9 -0.49845 -0.192422 1.55483 -0.0217055 -0.00780066 135.965
218925 2 0.01 1.3 32.9 -0.0472822 0.0418409 1.84623 -0.00342923 0.00370085 135.965
220900 2 0.01 1.3 32.9 0.0470271 0.0965432 1.76571 0.00472045 0.00739332 135.965
222405 2 0.01 1.3 32.9 0.478991 -0.139495 4.36442 0.0634913 -0.0144232 135.965
223473 2 0.01 1.3 32.9 -0.287197 0.219811 7.32902 -0.0649751 0.0501961 135.965
225139 2 0.01 1.3 32.9 0.472604 0.15071 1.85635 0.0251483 0.00864356 135.965
225776 2 0.01 1.3 32.9 0.216039 -0.160704 3.28869 0.0215702 -0.0135625 135.965
234640 2 0.01 1.3 32.9 -0.178506 0.157217 1.08521 -0.0057972 0.00377144 135.965
244757 2 0.01 1.3 32.9 -0.156205 -0.0274381 3.78004 -0.0160557 -0.002707 135.965
245644 2 0.01 1.3 32.9 0.314358 0.417287 2.61749 0.023078 0.0354844 135.965
245702 2 0.01 1.3 32.9 0.0653716 0.385914 3.05835 0.00561907 0.0359602 135.965
247397 2 0.01 1.3 32.9 0.451554 0.0123855 10.3631 0.14207 0.00403107 135.965
249956 2 0.01 1.3 32.9 0.00495918 -0.223903 3.75042 -5.17306e-06 -0.027485 135.965
252420 2 0.01 1.3 32.9 -0.372791 -0.341484 4.30758 -0.0497855 -0.0432253 135.965
263137 2 0.01 1.3 32.9 0.393192 0.104843 1.47853 0.0186766 0.00583539 135.965
264142 2 0.01 1.3 32.9 0.195821 0.0645232 6.67755 0.039796 0.0133661 135.965
267675 2 0.01 1.3 32.9 0.328006 -0.372439 1.4966 0.0156461 -0.0137711 135.965
268031 2 0.01 1.3 32.9 0.43601 0.421993 0.983959 0.0106434 0.0162001 135.965
268256 2 0.01 1.3 32.9 0.426675 0.381943 0.699992 0.00810717 0.00941494 135.965
268988 2 0.01 1.3 32.9 -0.360436 0.0921152 3.22803 -0.0362654 0.00785263 135.965
269296 2 0.01 1.3 32.9 -0.241834 0.0323573 3.10515 -0.0237967 0.00216045 135.965
270485 2 0.01 1.3 32.9 -0.288753 0.463837 1.08642 -0.00985284 0.0162081 135.965
271582 2 0.01 1.3 32.9 -0.0114974 0.116645 3.18745 0.00366822 0.0121062 135.965
274810 2 0.01 1.3 32.9 -0.115199 -0.169519 2.01526 -0.00722555 -0.00912113 135.965
275507 2 0.01 1.3 32.9 -0.239031 0.277172 2.38707 -0.0176418 0.0204925 135.965
278398 2 0.01 1.3 32.9 0.228872 0.365637 5.52656 0.0396988 0.0623431 135.965
279357 2 0.01 1.3 32.9 0.253621 -0.430411 2.32341 0.0180337 -0.0293965 135.965
280543 2 0.01 1.3 32.9 -0.241659 0.111546 2.07138 -0.0147808 0.0074736 135.965
280894 2 0.01 1.3 32.9 -0.267758 0.404617 3.26752 -0.0258041 0.0410778 135.965
281029 2 0.01 1.3 32.9 -0.225382 0.488036 1.72088 -0.0124408 0.0281681 135.965
283049 2 0.01 1.3 32.9 0.119593 0.413153 1.46007 0.00360441 0.0189693 135.965
283116 2 0.01 1.3 32.9 -0.112302 0.0858621 0.461339 0.000356346 -0.00225257 135.965
284105 2 0.01 1.3 32.9 -0.154347 -0.0981506 1.39155 -0.00759481 -0.00555211 135.965
288136 2 0.01 1.3 32.9 0.466792 -0.10527 1.00005 0.0127046 0.00202138 135.965
289529 2 0.01 1.3 32.9 0.203418 -0.0326613 1.04542 0.00492347 -0.00273876 135.965
290465 2 0.01 1.3 32.9 0.100638 -0.432606 7.53003 0.0231988 -0.0971286 135.965
291291 2 0.01 1.3 32.9 -0.233781 -0.0476967 1.13946 -0.00789672 0.00039684 135.965
291922 2 0.01 1.3 32.9 -0.230671 -0.212757 3.21927 -0.0227875 -0.0222551 135.965
292535 2 0.01 1.3 32.9 -0.459272 -0.340694 2.75903 -0.0398959 -0.0265318 135.965
295746 2 0.01 1.3 32.9 0.193734 -0.0163255 2.13453 0.0155336 3.63956e-05 135.965
296229 2 0.01 1.3 32.9 0.213475 0.195659 11.8885 0.0791739 0.0705805 135.965
296358 2 0.01 1.3 32.9 0.361018 0.479826 1.42741 0.0160417 0.0212037 135.965
298928 2 0.01 1.3 32.9 -0.471336 -0.0241855 2.61343 -0.0385004 -0.00229778 135.965
299664 2 0.01 1.3 32.9 0.0800304 -0.491783 6.17001 0.0149498 -0.0927351 135.965
299670 2 0.01 1.3 32.9 -0.21677 -0.174296 0.873604 -0.0110436 -0.00955223 135.965
301904 2 0.01 1.3 32.9 0.3351 0.46104 5.93546 0.0623266 0.0825598 135.965
302226 2 0.01 1.3 32.9 -0.0767942 0.395068 2.99659 -0.00685883 0.0362639 135.965
304442 2 0.01 1.3 32.9 -0.0514133 -0.146172 2.28458 -0.00319762 -0.00935291 135.965
304750 2 0.01 1.3 32.9 0.377482 0.100613 3.47401 0.0401566 0.0133676 135.965
314060 2 0.01 1.3 32.9 -0.217827 -0.251576 2.69184 -0.0155855 -0.0160229 135.965
315042 2 0.01 1.3 32.9 0.175317 -0.156999 3.33448 0.0195118 -0.0181748 135.965
316205 2 0.01 1.3 32.9 -0.331802 0.138942 3.69132 -0.0378031 0.0150598 135.965
316827 2 0.01 1.3 32.9 0.0661772 0.26299 2.26597 0.00390778 0.0211663 135.965
318226 2 0.01 1.3 32.9 -0.0483164 -0.352153 1.71283 -0.00349392 -0.0166519 135.965
321231 2 0.01 1.3 32.9 0.308819 -0.331694 1.98527 0.0172207 -0.019376 135.965
325229 2 0.01 1.3 32.9 -0.466724 -0.108208 3.02652 -0.0445175 -0.00623766 135.965
325854 2 0.01 1.3 32.9 -0.171712 -0.100294 5.144 -0.0279237 -0.0158379 135.965
327010 2 0.01 1.3 32.9 0.0312947 -0.118485 1.66867 -0.000291595 -0.00882511 135.965
328281 2 0.01 1.3 32.9 -0.296189 -0.0299764 2.20601 -0.0174171 -0.000851499 135.965
328608 2 0.01 1.3 32.9 -0.162773 -0.411576 2.05296 -0.0133836 -0.0272103 135.965
330371 2 0.01 1.3 32.9 0.434289 -0.486158 1.34314 0.0169927 -0.020037 135.965
331616 2 0.01 1.3 32.9 -0.276097 0.302866 3.20132 -0.0268166 0.0275539 135.965
331952 2 0.01 1.3 32.9 0.224061 0.445818 1.98789 0.0121525 0.0252933 135.965
333263 2 0.01 1.3 32.9 -0.039641 0.36882 1.09273 -0.00198248 0.0105203 135.965
335403 2 0.01 1.3 32.9 0.134785 0.198815 2.05765 0.0106776 0.013371 135.965
336251 2 0.01 1.3 32.9 -0.327384 -0.0981206 1.66477 -0.0165228 -0.00505718 135.965
338647 2 0.01 1.3 32.9 0.429556 0.4002 3.07516 0.0390115 0.0390211 135.965
342666 2 0.01 1.3 32.9 0.250397 0.333219 4.32832 0.0338562 0.048299 135.965
344192 2 0.01 1.3 32.9 -0.122711 0.134555 1.98028 -0.00598438 0.00899733 135.965
345248 2 0.01 1.3 32.9 -0.230289 -0.236452 1.82167 -0.0116378 -0.0119067 135.965
346544 2 0.01 1.3 32.9 -0.423651 -0.265533 1.49629 -0.0179175 -0.00861811 135.965
347044 2 0.01 1.3 32.9 -0.210451 -0.0106233 6.08554 -0.0390789 -0.000468844 135.965
347946 2 0.01 1.3 32.9 0.00316464 -0.0669696 1.38969 0.000474316 -0.00368266 135.965
348647 2 0.01 1.3 32.9 -0.176635 -0.481449 1.10986 -0.00692906 -0.0176595 135.965
348892 2 0.01 1.3 32.9 -0.479166 -0.367831 6.42251 -0.0924662 -0.0704259 135.965
349759 2 0.01 1.3 32.9 0.27937 -0.202365 2.60032 0.0228958 -0.011645 135.965
350190 2 0.01 1.3 32.9 0.237081 -0.426044 1.75296 0.0117662 -0.0200042 135.965
351022 2 0.01 1.3 32.9 -0.0313275 -0.413819 1.25118 -0.000378853 -0.019254 135.965
351472 2 0.01 1.3 32.9 -0.381579 0.320563 2.11852 -0.0257195 0.0207589 135.965
355086 2 0.01 1.3 32.9 0.0299327 0.344867 2.14063 -0.00133131 0.023256 135.965
355935 2 0.01 1.3 32.9 -0.270187 0.483986 2.52115 -0.0211014 0.0386186 135.965
356497 2 0.01 1.3 32.9 0.20575 0.490718 9.40124 0.0594695 0.142361 135.965
358090 2 0.01 1.3 32.9 0.35213 -0.1775 2.20869 0.0227509 -0.0130822 135.965
358526 2 0.01 1.3 32.9 0.209153 -0.384354 2.45068 0.0159448 -0.0292518 135.965
358812 2 0.01 1.3 32.9 0.0722992 -0.446085 1.65612 0.00510163 -0.0204774 135.965
361103 2 0.01 1.3 32.9 -0.480507 0.253016 2.45021 -0.0370572 0.0218089 135.965
362447 2 0.01 1.3 32.9 -0.0406058 0.114003 1.02156 -0.00530696 0.000769714 135.965
367737 2 0.01 1.3 32.9 -0.221475 -0.21065 2.48441 -0.0152834 -0.0165066 135.965
373804 2 0.01 1.3 32.9 -0.150683 0.460911 1.18892 -0.0070279 0.0153983 135.965
375072 2 0.01 1.3 32.9 -0.425584 0.400097 0.609063 -0.00693533 0.00257234 135.965
376265 2 0.01 1.3 32.9 -0.37421 0.262388 3.51802 -0.0380421 0.0304598 135.965
376656 2 0.01 1.3 32.9 -0.0496501 0.116342 3.72831 -0.00655422 0.0135358 135.965
377440 2 0.01 1.3 32.9 0.437953 0.270626 4.02536 0.0547738 0.0345016 135.965
377720 2 0.01 1.3 32.9 0.463441 -0.380295 3.02366 0.0404713 -0.036314 135.965
383916 2 0.01 1.3 32.9 -0.429747 0.114643 1.15843 -0.0155762 0.00365242 135.965
384901 2 0.01 1.3 32.9 -0.429175 -0.309577 1.58419 -0.0209487 -0.0147608 135.965
388647 2 0.01 1.3 32.9 -0.450728 0.394261 3.40421 -0.0462533 0.0432175 135.965
389929 2 0.01 1.3 32.9 -0.416843 -0.0975089 1.74612 -0.0225011 -0.00457259 135.965
390089 2 0.01 1.3 32.9 -0.101803 -0.146206 3.5535 -0.0129773 -0.0124313 135.965
391191 2 0.01 1.3 32.9 0.18547 -0.309543 4.31266 0.0256523 -0.0382474 135.965
391889 2 0.01 1.3 32.9 -0.111951 0.186061 3.57583 -0.0128051 0.0200682 135.965
392013 2 0.01 1.3 32.9 -0.206946 -0.311366 3.30989 -0.0207763 -0.0297497 135.965
393121 2 0.01 1.3 32.9 0.159781 -0.348461 2.27782 0.0113677 -0.0220547 135.965
396615 2 0.01 1.3 32.9 -0.371832 0.235815 2.2832 -0.0290214 0.0185143 135.965
396977 2 0.01 1.3 32.9 0.108644 -0.130026 2.30006 0.00857726 -0.00885336 135.965
397187 2 0.01 1.3 32.9 0.377069 0.440045 10.0231 0.11538 0.131931 135.965
397406 2 0.01 1.3 32.9 -0.463402 -0.134739 4.2473 -0.0598382 -0.0143715 135.965
401781 2 0.01 1.3 32.9 -0.245906 -0.151565 2.2914 -0.0192527 -0.00858149 135.965
401816 2 0.01 1.3 32.9 -0.0920093 0.058434 4.60127 -0.0109662 0.0094901 135.965
405392 2 0.01 1.3 32.9 -0.460348 0.0976215 0.86662 -0.0136899 0.00380928 135.965
405687 2 0.01 1.3 32.9 -0.316457 -0.486213 3.94955 -0.0362776 -0.0575761 135.965
406405 2 0.01 1.3 32.9 -0.383082 0.331691 4.76012 -0.0543588 0.0493487 135.965
406424 2 0.01 1.3 32.9 0.128306 0.100014 2.46866 0.00996117 0.00689259 135.965
415724 2 0.01 1.3 32.9 -0.241212 -0.182635 6.42444 -0.046812 -0.0349939 135.965
416096 2 0.01 1.3 32.9 -0.357556 0.113998 3.92855 -0.0420746 0.0133375 135.965
420883 2 0.01 1.3 32.9 -0.233382 -0.341311 4.91165 -0.0347647 -0.0487964 135.965
422257 2 0.01 1.3 32.9 0.360278 0.286151 2.20473 0.0225807 0.0178997 135.965
422616 2 0.01 1.3 32.9 -0.473127 0.0392999 4.06478 -0.0577307 0.00619959 135.965
423242 2 0.01 1.3 32.9 -0.0848468 -0.184638 2.944 -0.00566614 -0.0146478 135.965
425529 2 0.01 1.3 32.9 -0.456273 -0.109612 2.19527 -0.0306053 -0.00509864 135.965
427578 2 0.01 1.3 32.9 -0.0617072 0.132235 1.99114 -0.00346316 0.00819274 135.965
432663 2 0.01 1.3 32.9 0.118122 -0.112477 1.50718 0.00136606 -0.00387919 135.965
437580 2 0.01 1.3 32.9 0.317195 0.0747867 5.88289 0.0575757 0.0141738 135.965
439467 2 0.01 1.3 32.9 -0.443967 -0.470145 3.93521 -0.0541236 -0.0573603 135.965
446015 2 0.01 1.3 32.9 -0.3075 0.081652 8.54299 -0.078871 0.0204281 135.965
447015 2 0.01 1.3 32.9 0.291052 0.455119 3.58861 0.0315111 0.0488025 135.965
448214 2 0.01 1.3 32.9 0.414035 0.446995 4.30109 0.0533379 0.0581429 135.965
448511 2 0.01 1.3 32.9 -0.359124 0.12891 3.28567 -0.0357373 0.0144869 135.965
451294 2 0.01 1.3 32.9 0.0297267 0.0185221 2.17118 0.0027002 0.00156336 135.965
456310 2 0.01 1.3 32.9 0.0641226 0.398583 2.54019 0.00614734 0.0285244 135.965
456708 2 0.01 1.3 32.9 -0.0999672 -0.419946 5.68194 -0.0179302 -0.0702295 135.965
457277 2 0.01 1.3 32.9 -0.224562 -0.283994 3.63473 -0.0277402 -0.0279203 135.965
461551 2 0.01 1.3 32.9 0.143349 -0.0138256 3.80961 0.014331 -0.00244786 135.965
468708 2 0.01 1.3 32.9 0.0975116 -0.122407 0.84364 -0.000220765 0.00018954 135.965
471144 2 0.01 1.3 32.9 -0.32658 0.45139 6.21073 -0.0627325 0.086922 135.965
472150 2 0.01 1.3 32.9 -0.232204 0.469577 1.24724 -0.0101795 0.0185119 135.965
473374 2 0.01 1.3 32.9 -0.101689 0.0888515 17.5502 -0.0548059 0.0495439 135.965
477724 2 0.01 1.3 32.9 -0.3264 -0.474879 9.58723 -0.0937568 -0.139929 135.965
481230 2 0.01 1.3 32.9 0.397461 -0.019554 3.12031 0.0394139 -0.00184679 135.965
481668 2 0.01 1.3 32.9 0.384418 0.165374 1.99302 0.0221156 0.0105027 135.965
487600 2 0.01 1.3 32.9 -0.176786 0.356584 1.96646 -0.00915564 0.0200167 135.965
492456 2 0.01 1.3 32.9 -0.458893 -0.0141062 2.92733 -0.0424689 -0.00166663 135.965
494674 2 0.01 1.3 32.9 0.060457 -0.30026 2.85 0.00585065 -0.0253419 135.965
495123 2 0.01 1.3 32.9 -0.458389 0.155 1.65331 -0.0220174 0.00846087 135.965
495777 2 0.01 1.3 32.9 -0.165711 -0.486251 4.10846 -0.0227013 -0.0592223 135.965
497477 2 0.01 1.3 32.9 -0.18691 0.133118 2.14531 -0.0144933 0.00832281 135.965
499201 2 0.01 1.3 32.9 -0.336215 -0.4373 3.50536 -0.0340373 -0.0464795 135.965
