2034 2 0.01 1.3 32.9 0.480402 -0.209765 4.05527 0.0596305 -0.0240009 135.965
4484 2 0.01 1.3 32.9 0.474229 0.45679 1.19164 0.013813 0.0167269 135.965
4938 2 0.01 1.3 32.9 0.300607 -0.0447049 1.95924 0.0182587 -0.00402623 135.965
5361 2 0.01 1.3 32.9 0.00822033 0.42182 2.40788 0.00167181 0.0275691 135.965
5393 2 0.01 1.3 32.9 0.350712 -0.384737 1.47776 0.0137739 -0.0152344 135.965
5520 2 0.01 1.3 32.9 0.374403 0.346502 2.6243 0.0287754 0.0297021 135.965
5815 2 0.01 1.3 32.9 0.0506467 -0.343457 2.84401 0.00353056 -0.0290359 135.965
7552 2 0.01 1.3 32.9 -0.129915 0.470953 4.1951 -0.016309 0.0606351 135.965
7589 2 0.01 1.3 32.9 -0.486 -0.100792 2.83139 -0.0417944 -0.00696872 135.965
7990 2 0.01 1.3 32.9 -0.420028 -0.0401039 3.36394 -0.0426884 -0.00554926 135.965
11410 2 0.01 1.3 32.9 0.337621 0.46525 6.25733 0.0633693 0.0898531 135.965
11632 2 0.01 1.3 32.9 -0.00622096 0.398093 6.76892 -0.000144211 0.0813088 135.965
12091 2 0.01 1.3 32.9 -0.247671 0.118682 2.87311 -0.0198895 0.00963619 135.965
12599 2 0.01 1.3 32.9 0.184571 -0.239161 2.60022 0.0181085 -0.0191867 135.965
12836 2 0.01 1.3 32.9 0.149957 -0.38803 2.53511 0.0117825 -0.0281888 135.965
14216 2 0.01 1.3 32.9 -0.124119 -0.0889943 0.944738 0.000465476 -0.000661901 135.965
14399 2 0.01 1.3 32.9 -0.284979 -0.398588 2.20413 -0.0173215 -0.0250887 135.965
14791 2 0.01 1.3 32.9 0.407237 0.212843 1.50502 0.0200396 0.0100806 135.965
15022 2 0.01 1.3 32.9 -0.129515 0.281968 3.18033 -0.0130182 0.0243108 135.965
15108 2 0.01 1.3 32.9 0.212675 -0.379447 3.83852 0.0256086 -0.0463585 135.965
15771 2 0.01 1.3 32.9 0.291201 0.15167 0.979647 0.00935127 0.000669359 135.965
15871 2 0.01 1.3 32.9 0.274992 0.191874 2.43189 0.0187208 0.0142993 135.965
16361 2 0.01 1.3 32.9 0.188389 0.114763 4.4052 0.02494 0.015439 135.965
16885 2 0.01 1.3 32.9 0.48232 -0.463884 3.10512 0.0451503 -0.0449459 135.965
17537 2 0.01 1.3 32.9 -0.193248 0.330448 3.76617 -0.0243308 0.0369632 135.965
17902 2 0.01 1.3 32.9 -0.354251 0.0799566 1.81271 -0.0199427 0.00366091 135.965
18155 2 0.01 1.3 32.9 0.326868 -0.457924 1.61017 0.0151686 -0.0225623 135.965
18409 2 0.01 1.3 32.9 0.491333 0.22933 1.37055 0.0199563 0.00629396 135.965
18494 2 0.01 1.3 32.9 -0.247051 0.20393 1.60428 -0.0123431 0.00891115 135.965
19066 2 0.01 1.3 32.9 -0.260879 -0.335747 2.81524 -0.0222638 -0.0270505 135.965
19876 2 0.01 1.3 32.9 0.492768 -0.321614 1.98267 0.0280274 -0.019109 135.965
19891 2 0.01 1.3 32.9 0.321325 0.236226 1.42666 0.0119416 0.0130235 135.965
23405 2 0.01 1.3 32.9 0.0535549 0.0555197 3.41906 0.00563956 0.00706965 135.965
23545 2 0.01 1.3 32.9 -0.195029 -0.0980436 4.14695 -0.0238668 -0.0119084 135.965
25084 2 0.01 1.3 32.9 -0.323227 -0.334364 5.08217 -0.050523 -0.0514183 135.965
26521 2 0.01 1.3 32.9 0.365076 -0.376562 2.69068 0.0303707 -0.0300337 135.965
28381 2 0.01 1.3 32.9 0.315338 0.0031005 2.4896 0.0248836 -0.000110386 135.965
29930 2 0.01 1.3 32.9 0.0732244 -0.449702 2.42772 0.00627361 -0.0307122 135.965
30102 2 0.01 1.3 32.9 -0.258465 -0.0604948 3.22756 -0.0279953 -0.00649063 135.965
30776 2 0.01 1.3 32.9 -0.131938 -0.0963422 2.04207 -0.00904968 -0.00798039 135.965
31243 2 0.01 1.3 32.9 -0.147398 0.279679 2.75504 -0.0129949 0.0252456 135.965
33205 2 0.01 1.3 32.9 0.172448 0.466249 1.32236 0.00910273 0.0229702 135.965
33856 2 0.01 1.3 32.9 0.352888 -0.429918 1.17933 0.00950904 -0.0167513 135.965
35428 2 0.01 1.3 32.9 -0.438065 0.405834 2.63225 -0.0376085 0.0324076 135.965
36176 2 0.01 1.3 32.9 -0.0516645 -0.231313 5.95348 -0.006792 -0.0423829 135.965
37058 2 0.01 1.3 32.9 -0.171378 -0.272323 3.98652 -0.0214648 -0.0344897 135.965
37836 2 0.01 1.3 32.9 0.0555093 -0.149459 3.33234 0.00600587 -0.0161471 135.965
39357 2 0.01 1.3 32.9 -0.354782 0.00999582 3.04001 -0.0333968 0.00144071 135.965
39499 2 0.01 1.3 32.9 0.452018 0.448668 3.29983 0.0454976 0.0456815 135.965
39784 2 0.01 1.3 32.9 0.359316 -0.0632737 1.42565 0.0163105 -0.00344509 135.965
40707 2 0.01 1.3 32.9 -0.235972 0.396873 7.72806 -0.0549532 0.0948723 135.965
40987 2 0.01 1.3 32.9 -0.437665 0.0672492 2.07005 -0.0267181 0.00478669 135.965
41660 2 0.01 1.3 32.9 0.182508 -0.0120403 1.85912 0.0101252 0.00048379 135.965
41862 2 0.01 1.3 32.9 0.260397 -0.154826 3.7066 0.0267613 -0.0188477 135.965
42150 2 0.01 1.3 32.9 0.147583 0.349586 5.12795 0.0229021 0.0556411 135.965
43042 2 0.01 1.3 32.9 -0.111429 0.23623 0.218804 -0.00282103 -0.00435746 135.965
43522 2 0.01 1.3 32.9 -0.333921 0.0766278 1.19139 -0.012006 0.00559765 135.965
43591 2 0.01 1.3 32.9 -0.32588 -0.166764 1.71339 -0.0187065 -0.00943421 135.965
43643 2 0.01 1.3 32.9 -0.3524 0.0219288 6.18454 -0.0677417 0.00815975 135.965
44457 2 0.01 1.3 32.9 0.332049 -0.136601 3.29287 0.0352082 -0.0118247 135.965
45274 2 0.01 1.3 32.9 -0.259714 0.192679 1.8716 -0.0149484 0.00913455 135.965
45481 2 0.01 1.3 32.9 0.200432 0.493429 3.107 0.0194379 0.048068 135.965
45726 2 0.01 1.3 32.9 -0.135238 0.214621 1.62581 -0.00836558 0.0133562 135.965
45812 2 0.01 1.3 32.9 -0.405106 0.493707 2.4329 -0.0295782 0.0374746 135.965
47091 2 0.01 1.3 32.9 0.344676 -0.497813 1.68457 0.0171549 -0.0269799 135.965
47157 2 0.01 1.3 32.9 0.113886 -0.315526 1.00493 0.00174553 -0.00858516 135.965
47705 2 0.01 1.3 32.9 0.167119 -0.448776 3.94287 0.0190841 -0.0545325 135.965
48156 2 0.01 1.3 32.9 0.0353266 0.109897 3.10259 0.000666063 0.0108949 135.965
48374 2 0.01 1.3 32.9 -0.233038 0.406896 4.22082 -0.0283524 0.0526187 135.965
49886 2 0.01 1.3 32.9 -0.133796 -0.446852 3.9965 -0.0158346 -0.0521806 135.965
50091 2 0.01 1.3 32.9 0.180188 -0.156193 1.82766 0.0106694 -0.00859883 135.965
52022 2 0.01 1.3 32.9 0.270817 0.384583 1.04886 0.00783271 0.01361 135.965
52111 2 0.01 1.3 32.9 0.482478 -0.44909 1.23549 0.0201125 -0.018222 135.965
52574 2 0.01 1.3 32.9 -0.345063 0.0634761 2.82583 -0.0293965 0.00772579 135.965
53498 2 0.01 1.3 32.9 0.00443519 -0.348149 0.810229 -0.00275304 -0.00507767 135.965
53680 2 0.01 1.3 32.9 -0.160634 0.498752 2.22261 -0.00950776 0.0315387 135.965
54052 2 0.01 1.3 32.9 0.12616 -0.33067 9.21335 0.0349883 -0.0942763 135.965
56452 2 0.01 1.3 32.9 -0.3911 -0.175081 1.42279 -0.0192652 -0.0049719 135.965
56693 2 0.01 1.3 32.9 -0.0062417 -0.439055 0.535207 -0.00353461 -0.00218875 135.965
57457 2 0.01 1.3 32.9 -0.225304 -0.216038 1.02193 -0.00763499 -0.00453799 135.965
57757 2 0.01 1.3 32.9 -0.0401381 0.477128 2.30762 -0.00620039 0.0339479 135.965
59819 2 0.01 1.3 32.9 0.252216 0.382241 1.06054 0.010408 0.00952925 135.965
60515 2 0.01 1.3 32.9 0.00535567 0.477454 2.36252 0.00198458 0.0342636 135.965
60570 2 0.01 1.3 32.9 -0.185731 -0.0215148 3.7815 -0.0219878 -0.00576101 135.965
61151 2 0.01 1.3 32.9 0.268366 -0.383602 3.29819 0.0288832 -0.0399795 135.965
63294 2 0.01 1.3 32.9 -0.0605999 -0.230421 1.43495 -0.00286647 -0.0112685 135.965
64412 2 0.01 1.3 32.9 -0.480432 0.347968 3.46796 -0.0501672 0.0355842 135.965
64874 2 0.01 1.3 32.9 -0.24104 -0.470599 3.56709 -0.0284102 -0.0505692 135.965
65753 2 0.01 1.3 32.9 0.130499 -0.252753 1.70366 0.00561633 -0.0163199 135.965
66305 2 0.01 1.3 32.9 0.32648 0.0250917 1.27367 0.0136874 0.00232381 135.965
67824 2 0.01 1.3 32.9 0.16449 0.0527534 1.87393 0.00984211 -0.000265561 135.965
68389 2 0.01 1.3 32.9 -0.293384 -0.382482 2.39111 -0.0212217 -0.0249052 135.965
72517 2 0.01 1.3 32.9 -0.128474 0.302141 3.89033 -0.0157242 0.0343885 135.965
73895 2 0.01 1.3 32.9 0.241045 0.302256 2.48309 0.0193014 0.022783 135.965
74913 2 0.01 1.3 32.9 0.372161 -0.107308 11.4713 0.130516 -0.0384108 135.965
76317 2 0.01 1.3 32.9 -0.152894 -0.173322 2.34187 -0.0131952 -0.0149958 135.965
76341 2 0.01 1.3 32.9 -0.203648 0.457283 1.90121 -0.0136631 0.0278333 135.965
76616 2 0.01 1.3 32.9 -0.455093 -0.214309 2.53965 -0.0352955 -0.0174965 135.965
76968 2 0.01 1.3 32.9 0.223615 0.357493 1.29191 0.00812507 0.017879 135.965
77663 2 0.01 1.3 32.9 0.201726 0.080655 13.8546 0.0838343 0.0346561 135.965
77746 2 0.01 1.3 32.9 -0.383338 0.315929 1.74582 -0.0228292 0.0171407 135.965
78044 2 0.01 1.3 32.9 -0.050563 0.0208483 2.79114 -0.00273749 0.000338872 135.965
79469 2 0.01 1.3 32.9 -0.177127 -0.464247 10.5572 -0.0562803 -0.14699 135.965
79947 2 0.01 1.3 32.9 0.048075 -0.457819 3.43066 0.00536807 -0.0491803 135.965
81938 2 0.01 1.3 32.9 0.240119 -0.042808 1.57616 0.0117541 -0.00228802 135.965
83918 2 0.01 1.3 32.9 0.471595 -0.0821446 3.37768 0.0463271 -0.00834203 135.965
86717 2 0.01 1.3 32.9 -0.368498 -0.0373577 1.1816 -0.0138484 -0.00534838 135.965
87841 2 0.01 1.3 32.9 -0.47958 -0.184872 3.50003 -0.0513223 -0.0187563 135.965
88033 2 0.01 1.3 32.9 -0.150354 -0.205534 1.03935 -0.00302665 -0.00441037 135.965
88463 2 0.01 1.3 32.9 0.113423 0.0644731 1.68512 0.00692408 0.00676717 135.965
89289 2 0.01 1.3 32.9 0.0352106 0.408865 6.77271 0.00815672 0.0835906 135.965
90183 2 0.01 1.3 32.9 0.190993 -0.259673 6.16408 0.0349707 -0.0480304 135.965
91589 2 0.01 1.3 32.9 0.201021 -0.075706 2.27018 0.0143059 -0.00591654 135.965
91859 2 0.01 1.3 32.9 0.398118 -0.42067 6.01758 0.0722956 -0.0737409 135.965
93561 2 0.01 1.3 32.9 0.180423 -0.211634 0.980376 0.00540551 -0.00771721 135.965
95958 2 0.01 1.3 32.9 -0.493103 0.0525766 3.29541 -0.0516504 0.00377732 135.965
97696 2 0.01 1.3 32.9 0.410346 0.172234 3.59215 0.0446401 0.0207021 135.965
97776 2 0.01 1.3 32.9 -0.16615 -0.120885 3.51442 -0.0156938 -0.0163943 135.965
99139 2 0.01 1.3 32.9 0.194953 -0.346238 1.63407 0.0065657 -0.0191663 135.965
99539 2 0.01 1.3 32.9 0.46058 0.395088 2.01825 0.0309182 0.0261774 135.965
100107 2 0.01 1.3 32.9 -0.205834 -0.238771 3.881 -0.0239772 -0.0278205 135.965
100720 2 0.01 1.3 32.9 -0.141496 0.040347 4.99086 -0.0216114 0.00576175 135.965
100869 2 0.01 1.3 32.9 0.283528 0.0889065 0.678441 0.00447662 0.00237609 135.965
101863 2 0.01 1.3 32.9 -0.335621 0.163607 2.92736 -0.0308957 0.0130636 135.965
101898 2 0.01 1.3 32.9 0.236469 0.179652 1.4244 0.0100605 0.00849186 135.965
102287 2 0.01 1.3 32.9 0.121643 0.132969 2.60001 0.00865926 0.0114406 135.965
102782 2 0.01 1.3 32.9 -0.381432 -0.147967 1.48343 -0.0165428 -0.00285746 135.965
104429 2 0.01 1.3 32.9 -0.361084 0.436886 11.3622 -0.125069 0.15039 135.965
105710 2 0.01 1.3 32.9 -0.23881 0.0137103 2.73908 -0.0182537 0.00262883 135.965
105814 2 0.01 1.3 32.9 0.212212 0.214396 10.2125 0.0638007 0.0668411 135.965
106275 2 0.01 1.3 32.9 -0.125809 -0.297402 1.88082 -0.00629498 -0.0191745 135.965
106812 2 0.01 1.3 32.9 0.0313898 0.208418 1.78586 0.00374041 0.013659 135.965
107442 2 0.01 1.3 32.9 -0.30342 -0.116041 0.750055 -0.00852537 -0.00219978 135.965
107537 2 0.01 1.3 32.9 0.348225 0.137197 3.69305 0.0406815 0.015805 135.965
109577 2 0.01 1.3 32.9 -0.456064 0.346195 5.14328 -0.0688574 0.0525345 135.965
110642 2 0.01 1.3 32.9 -0.228188 -0.361462 2.04416 -0.0166332 -0.0213802 135.965
112292 2 0.01 1.3 32.9 -0.396394 -0.163345 3.80335 -0.0475102 -0.022534 135.965
112782 2 0.01 1.3 32.9 0.023155 0.0651461 2.9564 -0.000159458 0.00521429 135.965
113199 2 0.01 1.3 32.9 -0.0866407 0.392153 0.843603 -0.000692185 0.00966592 135.965
113648 2 0.01 1.3 32.9 -0.178403 -0.392343 4.38254 -0.0249127 -0.0530008 135.965
114430 2 0.01 1.3 32.9 -0.391623 0.0193476 4.30767 -0.0529279 -1.45749e-05 135.965
115516 2 0.01 1.3 32.9 -0.0276546 0.419806 1.79032 -0.0039831 0.0222783 135.965
116360 2 0.01 1.3 32.9 0.246647 -0.211466 2.56283 0.0177657 -0.0172863 135.965
116882 2 0.01 1.3 32.9 -0.300339 0.111573 0.970752 -0.00866478 0.00172426 135.965
117093 2 0.01 1.3 32.9 -0.0244235 -0.0211322 3.42928 -0.00221012 -0.000708098 135.965
117777 2 0.01 1.3 32.9 0.0998001 -0.267745 3.59791 0.0102926 -0.0296338 135.965
118502 2 0.01 1.3 32.9 0.440172 0.144248 1.85962 0.026549 0.00934436 135.965
119624 2 0.01 1.3 32.9 -0.169622 -0.0557131 4.36895 -0.0191003 -0.00802402 135.965
119708 2 0.01 1.3 32.9 0.234755 0.0642687 4.47403 0.0308765 0.00818245 135.965
121546 2 0.01 1.3 32.9 0.251392 0.37425 6.16989 0.0469966 0.0690932 135.965
121662 2 0.01 1.3 32.9 -0.0285005 -0.419186 5.18174 -0.00460649 -0.0681906 135.965
123400 2 0.01 1.3 32.9 0.0767917 0.299313 2.79737 0.00829027 0.0227524 135.965
128937 2 0.01 1.3 32.9 0.250851 0.111506 3.86263 0.0282188 0.0136118 135.965
130037 2 0.01 1.3 32.9 0.327384 0.191203 1.21195 0.0140897 0.0110833 135.965
131189 2 0.01 1.3 32.9 0.395882 0.337448 2.54074 0.0318132 0.0284841 135.965
131285 2 0.01 1.3 32.9 -0.0951716 0.120083 1.93252 -0.00530586 0.00400855 135.965
132816 2 0.01 1.3 32.9 0.285657 0.293051 0.79588 0.00839726 0.00782917 135.965
134129 2 0.01 1.3 32.9 0.00846851 0.338813 1.03797 0.00514809 0.0107447 135.965
134642 2 0.01 1.3 32.9 0.161559 0.128953 2.57614 0.0110029 0.00939519 135.965
134724 2 0.01 1.3 32.9 -0.0969744 0.467619 1.376 -0.00233074 0.0173395 135.965
135101 2 0.01 1.3 32.9 -0.296475 0.0263739 1.11553 -0.0117248 0.000638091 135.965
135498 2 0.01 1.3 32.9 -0.111927 -0.491199 0.461456 -0.00273661 -0.00537211 135.965
140102 2 0.01 1.3 32.9 -0.00566174 0.125032 1.84875 0.00158425 0.00976389 135.965
140191 2 0.01 1.3 32.9 0.109396 -0.19079 4.22173 0.0142267 -0.0245492 135.965
144669 2 0.01 1.3 32.9 0.498589 -0.0269125 2.00505 0.0306359 -0.00177805 135.965
144844 2 0.01 1.3 32.9 -0.317952 0.0346445 4.12119 -0.0406363 0.00369294 135.965
145092 2 0.01 1.3 32.9 -0.074542 0.338976 4.83474 -0.00993715 0.0486383 135.965
146663 2 0.01 1.3 32.9 0.0022869 0.471063 3.5258 0.00215431 0.0485516 135.965
146700 2 0.01 1.3 32.9 0.461015 0.434177 0.604953 0.00651428 0.00891496 135.965
147283 2 0.01 1.3 32.9 -0.00736617 -0.092432 0.545553 -0.000480852 1.45292e-05 135.965
147875 2 0.01 1.3 32.9 -0.0910154 -0.190904 9.02057 -0.0246209 -0.0542734 135.965
148073 2 0.01 1.3 32.9 0.348547 -0.29064 6.18466 0.0652873 -0.0540943 135.965
148690 2 0.01 1.3 32.9 -0.0365455 -0.467215 2.12137 -0.00206646 -0.02911 135.965
148693 2 0.01 1.3 32.9 -0.449715 0.0488135 4.98041 -0.0680928 0.00704889 135.965
148956 2 0.01 1.3 32.9 -0.16073 0.0982259 2.41682 -0.00977889 0.010634 135.965
150377 2 0.01 1.3 32.9 0.12428 0.453681 8.44979 0.0316765 0.116737 135.965
153223 2 0.01 1.3 32.9 -0.393918 0.0800719 2.7594 -0.0327474 0.00851501 135.965
153667 2 0.01 1.3 32.9 0.227031 0.435976 3.64471 0.0244071 0.0501197 135.965
153723 2 0.01 1.3 32.9 -0.327214 0.351051 1.83547 -0.0175192 0.0187145 135.965
154323 2 0.01 1.3 32.9 -0.00738857 0.443569 2.68281 0.000753872 0.0349312 135.965
155290 2 0.01 1.3 32.9 0.200687 0.317234 3.5791 0.0184816 0.0343461 135.965
157443 2 0.01 1.3 32.9 -0.432456 0.153127 2.15746 -0.0287948 0.0129573 135.965
158473 2 0.01 1.3 32.9 0.382084 -0.304209 0.511684 0.00636135 -0.0117734 135.965
159557 2 0.01 1.3 32.9 -0.11372 0.392534 10.4027 -0.0373166 0.127267 135.965
160195 2 0.01 1.3 32.9 -0.419448 -0.033165 2.94801 -0.0384758 -0.00305296 135.965
161201 2 0.01 1.3 32.9 -0.0682057 -0.408341 1.82319 -0.00385723 -0.0203573 135.965
162091 2 0.01 1.3 32.9 -0.0257892 0.0421506 1.3061 -0.00102517 0.00389791 135.965
162452 2 0.01 1.3 32.9 0.137167 -0.268908 4.09239 0.0154995 -0.0355679 135.965
162985 2 0.01 1.3 32.9 0.09845 -0.347781 4.32649 0.0146019 -0.0450522 135.965
163829 2 0.01 1.3 32.9 0.381582 0.430112 1.39375 0.0168392 0.0200403 135.965
164917 2 0.01 1.3 32.9 -0.387712 0.160352 2.08494 -0.0244158 0.00830053 135.965
165234 2 0.01 1.3 32.9 -0.419018 -0.0743717 8.08013 -0.103288 -0.0188963 135.965
167937 2 0.01 1.3 32.9 0.0189846 0.335922 0.95548 -0.000701335 0.0116343 135.965
168783 2 0.01 1.3 32.9 -0.371596 -0.197599 2.65571 -0.0295221 -0.017426 135.965
169193 2 0.01 1.3 32.9 -0.237262 0.249927 3.01216 -0.0229385 0.0214112 135.965
170293 2 0.01 1.3 32.9 0.482044 0.422512 2.12595 0.0321574 0.025684 135.965
170874 2 0.01 1.3 32.9 -0.473376 0.277154 4.03097 -0.0582619 0.0355132 135.965
171525 2 0.01 1.3 32.9 0.477066 0.10386 2.70058 0.0397072 0.00922308 135.965
172233 2 0.01 1.3 32.9 -0.065755 0.0816559 1.23941 -0.00230686 0.0069213 135.965
172261 2 0.01 1.3 32.9 0.197736 -0.0292696 2.20296 0.0125621 0.000605881 135.965
172943 2 0.01 1.3 32.9 -0.121432 0.328201 1.60111 -0.00560296 0.016843 135.965
174905 2 0.01 1.3 32.9 -0.247393 -0.300274 1.96232 -0.0165204 -0.0179299 135.965
175458 2 0.01 1.3 32.9 -0.0360964 0.192834 3.62773 -0.00473859 0.023438 135.965
176685 2 0.01 1.3 32.9 -0.0645487 -0.489977 5.18127 -0.0120429 -0.0764592 135.965
176696 2 0.01 1.3 32.9 -0.29043 -0.477223 9.70035 -0.0860595 -0.141206 135.965
177665 2 0.01 1.3 32.9 -0.283726 0.457583 0.592226 -0.00509007 0.00527996 135.965
178327 2 0.01 1.3 32.9 0.112031 -0.132981 1.05198 0.00124267 -0.00921141 135.965
179352 2 0.01 1.3 32.9 0.0250097 0.119868 5.27014 0.00310282 0.0194483 135.965
180086 2 0.01 1.3 32.9 0.0689924 0.323605 2.52912 0.00543583 0.0254062 135.965
180606 2 0.01 1.3 32.9 -0.155637 0.374351 0.75422 -0.00700344 0.00595436 135.965
181509 2 0.01 1.3 32.9 0.086003 -0.0450766 1.94561 0.00431949 -0.00402753 135.965
181628 2 0.01 1.3 32.9 0.320169 -0.100827 4.17834 0.0401756 -0.0126845 135.965
183502 2 0.01 1.3 32.9 -0.268456 -0.448746 2.8698 -0.0230956 -0.0390202 135.965
183824 2 0.01 1.3 32.9 -0.114007 -0.273626 8.09019 -0.0281968 -0.0679907 135.965
184507 2 0.01 1.3 32.9 0.128393 -0.0542037 3.43247 0.0157686 -0.00772758 135.965
186043 2 0.01 1.3 32.9 0.341154 -0.218367 1.30577 0.0127986 -0.0101195 135.965
186870 2 0.01 1.3 32.9 0.49924 0.0677481 2.41286 0.0363733 0.00640649 135.965
187036 2 0.01 1.3 32.9 0.0216527 -0.348193 1.79075 0.00159452 -0.0172064 135.965
187361 2 0.01 1.3 32.9 0.319968 0.221577 1.26616 0.015227 0.0117005 135.965
188745 2 0.01 1.3 32.9 0.236594 -0.487093 4.41402 0.0318622 -0.066366 135.965
190780 2 0.01 1.3 32.9 -0.421278 0.427921 2.12861 -0.0261334 0.0285499 135.965
191286 2 0.01 1.3 32.9 -0.138533 -0.21582 1.0299 -0.00424383 -0.00897644 135.965
191710 2 0.01 1.3 32.9 0.226503 -0.00187441 0.52933 -0.000134821 0.00265417 135.965
191994 2 0.01 1.3 32.9 0.106861 -0.131895 1.99937 0.00691608 -0.00956155 135.965
194150 2 0.01 1.3 32.9 -0.194817 0.328938 1.60489 -0.0072802 0.0134791 135.965
195134 2 0.01 1.3 32.9 0.0348721 0.264342 1.69818 0.000492586 0.0134077 135.965
197056 2 0.01 1.3 32.9 -0.437949 0.401358 6.21551 -0.0812258 0.0757632 135.965
198552 2 0.01 1.3 32.9 -0.0281315 -0.392768 2.71476 -0.00285064 -0.0318801 135.965
199179 2 0.01 1.3 32.9 -0.244838 -0.249835 1.5255 -0.0113729 -0.0147999 135.965
200095 2 0.01 1.3 32.9 -0.474126 0.48458 1.85788 -0.0255784 0.02678 135.965
200752 2 0.01 1.3 32.9 0.0883476 -0.155822 7.01734 0.0182411 -0.0309791 135.965
201717 2 0.01 1.3 32.9 -0.226845 -0.217624 1.40172 -0.00894942 -0.00671804 135.965
201784 2 0.01 1.3 32.9 0.1258 -0.353461 2.09043 0.00835929 -0.0211077 135.965
201975 2 0.01 1.3 32.9 0.363271 -0.480766 2.08417 0.0238511 -0.0321826 135.965
202916 2 0.01 1.3 32.9 -0.0141741 -0.0449053 3.7314 -0.00186848 -0.005296 135.965
204547 2 0.01 1.3 32.9 -0.0338641 -0.0947264 5.38403 -0.00550778 -0.0148749 135.965
205521 2 0.01 1.3 32.9 -0.0330099 -0.338794 3.88829 -0.00110313 -0.0402524 135.965
205894 2 0.01 1.3 32.9 -0.297929 0.0760733 2.55425 -0.0244464 0.00746649 135.965
206253 2 0.01 1.3 32.9 -0.37526 0.416479 1.28406 -0.0112863 0.0175458 135.965
206767 2 0.01 1.3 32.9 -0.294812 -0.0623102 3.84299 -0.0361987 -0.00538076 135.965
207852 2 0.01 1.3 32.9 -0.228185 -0.2675 6.35976 -0.0467735 -0.0510292 135.965
208579 2 0.01 1.3 32.9 -0.298787 0.339355 4.3772 -0.0392338 0.0449973 135.965
208772 2 0.01 1.3 32.9 0.332882 -0.437822 2.31535 0.0208583 -0.0310031 135.965
209221 2 0.01 1.3 32.9 -0.00964218 0.427088 1.68753 -0.00120584 0.0211871 135.965
209814 2 0.01 1.3 32.9 -0.451771 0.378057 1.20911 -0.0131283 0.0143769 135.965
210344 2 0.01 1.3 32.9 -0.317666 0.115795 0.732014 -0.00408935 0.00252711 135.965
210450 2 0.01 1.3 32.9 -0.424171 -0.0952869 15.8616 -0.20486 -0.0462379 135.965
210997 2 0.01 1.3 32.9 0.160936 0.0872052 7.27344 0.0373119 0.01764 135.965
211047 2 0.01 1.3 32.9 0.232467 0.21479 2.35544 0.0161266 0.0162491 135.965
211169 2 0.01 1.3 32.9 -0.412864 0.370896 2.224 -0.0310111 0.0263682 135.965
211577 2 0.01 1.3 32.9 0.482928 -0.0239692 1.06546 0.017499 -0.00356321 135.965
212494 2 0.01 1.3 32.9 0.118439 0.447025 1.55158 0.00510835 0.0203722 135.965
212734 2 0.01 1.3 32.9 0.398006 -0.396414 1.66843 0.0208464 -0.0197854 135.965
212736 2 0.01 1.3 32.9 -0.194377 -0.174361 1.81218 -0.0111858 -0.00840679 135.965
212821 2 0.01 1.3 32.9 0.458164 -0.253464 3.92783 0.0535298 -0.0312618 135.965
213290 2 0.01 1.3 32.9 -0.428512 0.365743 5.35617 -0.0692452 0.0624395 135.965
213369 2 0.01 1.3 32.9 0.483193 -0.430156 2.07176 0.0319818 -0.0276774 135.965
213619 2 0.01 1.3 32.9 -0.20319 0.18228 2.17698 -0.0121752 0.00868173 135.965
214361 2 0.01 1.3 32.9 0.305587 0.240238 2.56325 0.0262682 0.0210389 135.965
215877 2 0.01 1.3 32.9 -0.46381 0.374825 2.4901 -0.0348949 0.0260667 135.965
216296 2 0.01 1.3 32.9 -0.00883448 -0.314983 2.0069 -0.00313369 -0.0196502 135.965
217052 2 0.01 1.3 32.9 -0.119508 -0.451974 0.90407 -0.00601373 -0.00972599 135.965
218358 2 0.01 1.3 32.9 0.2978 -0.425544 2.06449 0.0215046 -0.0266625 135.965
218815 2 0.01 1.3 32.9 -0.49845 -0.192422 1.55483 -0.0217055 -0.00780066 135.965
218925 2 0.01 1.3 32.9 -0.0472822 0.0418409 1.84623 -0.00342923 0.00370085 135.965
219299 2 0.01 1.3 32.9 -0.0645983 0.432324 1.61036 -0.0011811 0.0207858 135.965
219982 2 0.01 1.3 32.9 -0.377422 0.142333 6.09765 -0.0694035 0.0252296 135.965
220900 2 0.01 1.3 32.9 0.0470271 0.0965432 1.76571 0.00472045 0.00739332 135.965
222405 2 0.01 1.3 32.9 0.478991 -0.139495 4.36442 0.0634913 -0.0144232 135.965
222921 2 0.01 1.3 32.9 0.180156 0.14386 2.84666 0.0144959 0.0087941 135.965
223473 2 0.01 1.3 32.9 -0.287197 0.219811 7.32902 -0.0649751 0.0501961 135.965
223769 2 0.01 1.3 32.9 -0.375135 0.121083 3.72493 -0.0466663 0.0134479 135.965
225139 2 0.01 1.3 32.9 0.472604 0.15071 1.85635 0.0251483 0.00864356 135.965
225776 2 0.01 1.3 32.9 0.216039 -0.160704 3.28869 0.0215702 -0.0135625 135.965
227953 2 0.01 1.3 32.9 -0.387215 0.105813 7.24452 -0.0859297 0.0242509 135.965
228635 2 0.01 1.3 32.9 0.389182 0.164435 1.19328 0.0113726 0.00243678 135.965
233282 2 0.01 1.3 32.9 0.0207188 0.118841 4.80271 0.00304615 0.0166403 135.965
234550 2 0.01 1.3 32.9 0.498512 -0.0143556 3.7889 0.0586275 -0.00253697 135.965
234640 2 0.01 1.3 32.9 -0.178506 0.157217 1.08521 -0.0057972 0.00377144 135.965
235540 2 0.01 1.3 32.9 0.125924 -0.402715 1.48695 0.00400395 -0.0175039 135.965
235574 2 0.01 1.3 32.9 -0.0853755 -0.237662 1.62161 -0.00595033 -0.014076 135.965
239887 2 0.01 1.3 32.9 -0.0179382 -0.479062 2.27643 0.000957381 -0.0357376 135.965
240400 2 0.01 1.3 32.9 0.158834 0.450387 2.07282 0.0108304 0.0257739 135.965
242234 2 0.01 1.3 32.9 -0.136811 -0.428698 4.15819 -0.0169442 -0.0562053 135.965
243551 2 0.01 1.3 32.9 0.213355 -0.489722 1.76785 0.0121783 -0.0267146 135.965
243656 2 0.01 1.3 32.9 -0.281508 -0.0387094 2.02851 -0.0171833 -0.00185606 135.965
243835 2 0.01 1.3 32.9 -0.302453 0.44888 2.04845 -0.0201996 0.0294664 135.965
244757 2 0.01 1.3 32.9 -0.156205 -0.0274381 3.78004 -0.0160557 -0.002707 135.965
244943 2 0.01 1.3 32.9 0.305543 0.421943 1.21633 0.0131464 0.013678 135.965
245644 2 0.01 1.3 32.9 0.314358 0.417287 2.61749 0.023078 0.0354844 135.965
245702 2 0.01 1.3 32.9 0.0653716 0.385914 3.05835 0.00561907 0.0359602 135.965
247397 2 0.01 1.3 32.9 0.451554 0.0123855 10.3631 0.14207 0.00403107 135.965
248907 2 0.01 1.3 32.9 0.38579 0.209628 14.6236 0.172893 0.0930566 135.965
249956 2 0.01 1.3 32.9 0.00495918 -0.223903 3.75042 -5.17306e-06 -0.027485 135.965
252420 2 0.01 1.3 32.9 -0.372791 -0.341484 4.30758 -0.0497855 -0.0432253 135.965
253166 2 0.01 1.3 32.9 -0.105955 -0.319151 0.877948 -0.00370686 -0.00977084 135.965
253337 2 0.01 1.3 32.9 0.00259386 -0.125174 1.94792 -0.00107095 -0.00548565 135.965
253950 2 0.01 1.3 32.9 0.396778 -0.155467 5.76507 0.0700544 -0.0314082 135.965
254062 2 0.01 1.3 32.9 0.359662 0.00818459 1.83683 0.0215114 -0.000828584 135.965
255337 2 0.01 1.3 32.9 -0.497775 0.370596 3.6251 -0.0557936 0.0383959 135.965
255743 2 0.01 1.3 32.9 0.315255 0.307108 6.72544 0.0641881 0.0610005 135.965
256637 2 0.01 1.3 32.9 -0.311946 -0.062424 4.33263 -0.0409013 -0.00717889 135.965
258198 2 0.01 1.3 32.9 0.143097 0.342804 1.32714 0.00760347 0.0143635 135.965
259674 2 0.01 1.3 32.9 0.148337 -0.413904 0.784892 0.00247315 -0.010639 135.965
260434 2 0.01 1.3 32.9 0.139489 -0.245917 2.03994 0.00691997 -0.01591 135.965
262211 2 0.01 1.3 32.9 0.327963 0.281868 2.62767 0.0247231 0.0218568 135.965
263137 2 0.01 1.3 32.9 0.393192 0.104843 1.47853 0.0186766 0.00583539 135.965
263680 2 0.01 1.3 32.9 0.444406 0.100782 4.06847 0.0518397 0.0113412 135.965
263808 2 0.01 1.3 32.9 -0.390463 -0.20697 1.00988 -0.00891869 -0.00603633 135.965
264142 2 0.01 1.3 32.9 0.195821 0.0645232 6.67755 0.039796 0.0133661 135.965
265916 2 0.01 1.3 32.9 0.356779 0.24022 2.8839 0.0329151 0.0213143 135.965
266148 2 0.01 1.3 32.9 -0.234693 -0.15171 1.54846 -0.00933171 -0.0053161 135.965
267675 2 0.01 1.3 32.9 0.328006 -0.372439 1.4966 0.0156461 -0.0137711 135.965
268031 2 0.01 1.3 32.9 0.43601 0.421993 0.983959 0.0106434 0.0162001 135.965
268256 2 0.01 1.3 32.9 0.426675 0.381943 0.699992 0.00810717 0.00941494 135.965
268538 2 0.01 1.3 32.9 -0.0690053 0.490988 2.04501 -0.00625669 0.030237 135.965
268988 2 0.01 1.3 32.9 -0.360436 0.0921152 3.22803 -0.0362654 0.00785263 135.965
269092 2 0.01 1.3 32.9 -0.0718297 -0.48714 1.16386 0.000157985 -0.0181826 135.965
269296 2 0.01 1.3 32.9 -0.241834 0.0323573 3.10515 -0.0237967 0.00216045 135.965
270278 2 0.01 1.3 32.9 0.384146 -0.0187974 4.16606 0.0479025 -0.00364869 135.965
270485 2 0.01 1.3 32.9 -0.288753 0.463837 1.08642 -0.00985284 0.0162081 135.965
271582 2 0.01 1.3 32.9 -0.0114974 0.116645 3.18745 0.00366822 0.0121062 135.965
271955 2 0.01 1.3 32.9 0.346176 0.441277 2.15079 0.0236003 0.0286024 135.965
273779 2 0.01 1.3 32.9 -0.129865 0.0781697 0.853693 -0.00357523 -0.00388904 135.965
274810 2 0.01 1.3 32.9 -0.115199 -0.169519 2.01526 -0.00722555 -0.00912113 135.965
275507 2 0.01 1.3 32.9 -0.239031 0.277172 2.38707 -0.0176418 0.0204925 135.965
276733 2 0.01 1.3 32.9 0.230995 -0.207092 2.54597 0.0190709 -0.0189803 135.965
277693 2 0.01 1.3 32.9 0.430431 -0.0210939 2.47244 0.0342922 -0.00422193 135.965
277821 2 0.01 1.3 32.9 -0.0432004 0.228712 1.01636 -0.00177756 0.00454921 135.965
277953 2 0.01 1.3 32.9 -0.150162 0.273446 1.00923 -0.00407562 0.00798812 135.965
278398 2 0.01 1.3 32.9 0.228872 0.365637 5.52656 0.0396988 0.0623431 135.965
279128 2 0.01 1.3 32.9 -0.465373 -0.161283 5.49623 -0.0784104 -0.0262963 135.965
279357 2 0.01 1.3 32.9 0.253621 -0.430411 2.32341 0.0180337 -0.0293965 135.965
280106 2 0.01 1.3 32.9 0.215831 0.231351 1.91947 0.0161941 0.0149373 135.965
280543 2 0.01 1.3 32.9 -0.241659 0.111546 2.07138 -0.0147808 0.0074736 135.965
280894 2 0.01 1.3 32.9 -0.267758 0.404617 3.26752 -0.0258041 0.0410778 135.965
281029 2 0.01 1.3 32.9 -0.225382 0.488036 1.72088 -0.0124408 0.0281681 135.965
283049 2 0.01 1.3 32.9 0.119593 0.413153 1.46007 0.00360441 0.0189693 135.965
283116 2 0.01 1.3 32.9 -0.112302 0.0858621 0.461339 0.000356346 -0.00225257 135.965
283759 2 0.01 1.3 32.9 -0.419082 -0.351101 3.66487 -0.0458969 -0.039903 135.965
284105 2 0.01 1.3 32.9 -0.154347 -0.0981506 1.39155 -0.00759481 -0.00555211 135.965
285473 2 0.01 1.3 32.9 -0.471483 -0.442508 3.25769 -0.0502054 -0.0453345 135.965
288136 2 0.01 1.3 32.9 0.466792 -0.10527 1.00005 0.0127046 0.00202138 135.965
288183 2 0.01 1.3 32.9 0.267442 -0.0455824 1.03877 0.00575714 -0.00472613 135.965
289529 2 0.01 1.3 32.9 0.203418 -0.0326613 1.04542 0.00492347 -0.00273876 135.965
290465 2 0.01 1.3 32.9 0.100638 -0.432606 7.53003 0.0231988 -0.0971286 135.965
291291 2 0.01 1.3 32.9 -0.233781 -0.0476967 1.13946 -0.00789672 0.00039684 135.965
291922 2 0.01 1.3 32.9 -0.230671 -0.212757 3.21927 -0.0227875 -0.0222551 135.965
292535 2 0.01 1.3 32.9 -0.459272 -0.340694 2.75903 -0.0398959 -0.0265318 135.965
293195 2 0.01 1.3 32.9 0.344947 0.0222078 0.823977 0.0106406 -0.00258475 135.965
295163 2 0.01 1.3 32.9 0.132221 0.409962 12.8765 0.0513474 0.161743 135.965
295746 2 0.01 1.3 32.9 0.193734 -0.0163255 2.13453 0.0155336 3.63956e-05 135.965
296229 2 0.01 1.3 32.9 0.213475 0.195659 11.8885 0.0791739 0.0705805 135.965
296358 2 0.01 1.3 32.9 0.361018 0.479826 1.42741 0.0160417 0.0212037 135.965
298116 2 0.01 1.3 32.9 0.4159 -0.481875 2.61029 0.0326483 -0.0396375 135.965
298928 2 0.01 1.3 32.9 -0.471336 -0.0241855 2.61343 -0.0385004 -0.00229778 135.965
299464 2 0.01 1.3 32.9 0.0170612 -0.180365 0.428604 -0.000269793 -0.00522363 135.965
299664 2 0.01 1.3 32.9 0.0800304 -0.491783 6.17001 0.0149498 -0.0927351 135.965
299670 2 0.01 1.3 32.9 -0.21677 -0.174296 0.873604 -0.0110436 -0.00955223 135.965
300820 2 0.01 1.3 32.9 0.220326 0.408665 1.92081 0.0149982 0.0244342 135.965
301162 2 0.01 1.3 32.9 -0.364816 0.313147 2.06232 -0.0239049 0.0199025 135.965
301904 2 0.01 1.3 32.9 0.3351 0.46104 5.93546 0.0623266 0.0825598 135.965
302206 2 0.01 1.3 32.9 -0.0990281 0.406628 0.720782 -0.00430918 0.00647248 135.965
302226 2 0.01 1.3 32.9 -0.0767942 0.395068 2.99659 -0.00685883 0.0362639 135.965
302239 2 0.01 1.3 32.9 0.43737 -0.0710163 1.21687 0.0165393 -0.00408407 135.965
303272 2 0.01 1.3 32.9 -0.23523 0.363571 0.678189 -0.00528625 0.00474734 135.965
304261 2 0.01 1.3 32.9 -0.454666 -0.356992 1.6647 -0.0221186 -0.0200671 135.965
304442 2 0.01 1.3 32.9 -0.0514133 -0.146172 2.28458 -0.00319762 -0.00935291 135.965
304750 2 0.01 1.3 32.9 0.377482 0.100613 3.47401 0.0401566 0.0133676 135.965
306494 2 0.01 1.3 32.9 -0.0894043 0.0170071 4.02067 -0.0126457 0.000785976 135.965
307056 2 0.01 1.3 32.9 0.161315 0.112589 1.60825 0.00763157 0.00643404 135.965
307431 2 0.01 1.3 32.9 -0.182181 0.436606 1.49561 -0.013844 0.0190762 135.965
307719 2 0.01 1.3 32.9 0.0909053 0.417628 1.43767 0.00367642 0.0146887 135.965
307784 2 0.01 1.3 32.9 -0.398217 -0.407128 2.47062 -0.0284867 -0.0325702 135.965
308490 2 0.01 1.3 32.9 0.153608 0.0406731 3.82225 0.0176345 0.00369477 135.965
314060 2 0.01 1.3 32.9 -0.217827 -0.251576 2.69184 -0.0155855 -0.0160229 135.965
315042 2 0.01 1.3 32.9 0.175317 -0.156999 3.33448 0.0195118 -0.0181748 135.965
315725 2 0.01 1.3 32.9 0.000450031 0.435625 3.0328 -0.0014161 0.0384169 135.965
316205 2 0.01 1.3 32.9 -0.331802 0.138942 3.69132 -0.0378031 0.0150598 135.965
316827 2 0.01 1.3 32.9 0.0661772 0.26299 2.26597 0.00390778 0.0211663 135.965
317498 2 0.01 1.3 32.9 -0.294351 0.352864 2.7023 -0.0236251 0.0247902 135.965
318226 2 0.01 1.3 32.9 -0.0483164 -0.352153 1.71283 -0.00349392 -0.0166519 135.965
319363 2 0.01 1.3 32.9 0.220444 0.02586 3.15462 0.0221414 0.00138767 135.965
321231 2 0.01 1.3 32.9 0.308819 -0.331694 1.98527 0.0172207 -0.019376 135.965
322591 2 0.01 1.3 32.9 0.0442553 -0.078999 7.65802 0.0102293 -0.0173464 135.965
325229 2 0.01 1.3 32.9 -0.466724 -0.108208 3.02652 -0.0445175 -0.00623766 135.965
325854 2 0.01 1.3 32.9 -0.171712 -0.100294 5.144 -0.0279237 -0.0158379 135.965
326960 2 0.01 1.3 32.9 -0.245009 -0.322867 0.869589 -0.00876238 -0.00622311 135.965
327010 2 0.01 1.3 32.9 0.0312947 -0.118485 1.66867 -0.000291595 -0.00882511 135.965
328281 2 0.01 1.3 32.9 -0.296189 -0.0299764 2.20601 -0.0174171 -0.000851499 135.965
328608 2 0.01 1.3 32.9 -0.162773 -0.411576 2.05296 -0.0133836 -0.0272103 135.965
329999 2 0.01 1.3 32.9 -0.44556 0.365672 1.60253 -0.019787 0.0160539 135.965
330371 2 0.01 1.3 32.9 0.434289 -0.486158 1.34314 0.0169927 -0.020037 135.965
330874 2 0.01 1.3 32.9 -0.433207 -0.452098 5.49324 -0.071102 -0.0745405 135.965
331616 2 0.01 1.3 32.9 -0.276097 0.302866 3.20132 -0.0268166 0.0275539 135.965
331952 2 0.01 1.3 32.9 0.224061 0.445818 1.98789 0.0121525 0.0252933 135.965
333263 2 0.01 1.3 32.9 -0.039641 0.36882 1.09273 -0.00198248 0.0105203 135.965
335403 2 0.01 1.3 32.9 0.134785 0.198815 2.05765 0.0106776 0.013371 135.965
335840 2 0.01 1.3 32.9 -0.23144 -0.0349559 2.61364 -0.0172447 -0.00524988 135.965
336233 2 0.01 1.3 32.9 0.304652 -0.403908 6.74322 0.0622569 -0.0830854 135.965
336251 2 0.01 1.3 32.9 -0.327384 -0.0981206 1.66477 -0.0165228 -0.00505718 135.965
338647 2 0.01 1.3 32.9 0.429556 0.4002 3.07516 0.0390115 0.0390211 135.965
342666 2 0.01 1.3 32.9 0.250397 0.333219 4.32832 0.0338562 0.048299 135.965
344192 2 0.01 1.3 32.9 -0.122711 0.134555 1.98028 -0.00598438 0.00899733 135.965
345248 2 0.01 1.3 32.9 -0.230289 -0.236452 1.82167 -0.0116378 -0.0119067 135.965
346544 2 0.01 1.3 32.9 -0.423651 -0.265533 1.49629 -0.0179175 -0.00861811 135.965
347044 2 0.01 1.3 32.9 -0.210451 -0.0106233 6.08554 -0.0390789 -0.000468844 135.965
347495 2 0.01 1.3 32.9 -0.26523 -0.473156 2.25455 -0.0170047 -0.0318356 135.965
347946 2 0.01 1.3 32.9 0.00316464 -0.0669696 1.38969 0.000474316 -0.00368266 135.965
348183 2 0.01 1.3 32.9 -0.188607 0.484936 4.04282 -0.0211965 0.0579616 135.965
348647 2 0.01 1.3 32.9 -0.176635 -0.481449 1.10986 -0.00692906 -0.0176595 135.965
348892 2 0.01 1.3 32.9 -0.479166 -0.367831 6.42251 -0.0924662 -0.0704259 135.965
349759 2 0.01 1.3 32.9 0.27937 -0.202365 2.60032 0.0228958 -0.011645 135.965
350190 2 0.01 1.3 32.9 0.237081 -0.426044 1.75296 0.0117662 -0.0200042 135.965
351022 2 0.01 1.3 32.9 -0.0313275 -0.413819 1.25118 -0.000378853 -0.019254 135.965
351472 2 0.01 1.3 32.9 -0.381579 0.320563 2.11852 -0.0257195 0.0207589 135.965
352172 2 0.01 1.3 32.9 -0.018935 -0.332126 2.0415 -0.00183609 -0.0214661 135.965
352308 2 0.01 1.3 32.9 0.452601 -0.263671 0.565699 0.00853202 -0.00601633 135.965
353340 2 0.01 1.3 32.9 -0.362614 0.193463 5.49644 -0.0588735 0.030017 135.965
355016 2 0.01 1.3 32.9 0.102189 0.0212028 3.41726 0.0115474 -0.000461219 135.965
355086 2 0.01 1.3 32.9 0.0299327 0.344867 2.14063 -0.00133131 0.023256 135.965
355935 2 0.01 1.3 32.9 -0.270187 0.483986 2.52115 -0.0211014 0.0386186 135.965
356497 2 0.01 1.3 32.9 0.20575 0.490718 9.40124 0.0594695 0.142361 135.965
358090 2 0.01 1.3 32.9 0.35213 -0.1775 2.20869 0.0227509 -0.0130822 135.965
358469 2 0.01 1.3 32.9 -0.0368982 -0.19318 5.00947 -0.00383635 -0.029735 135.965
358526 2 0.01 1.3 32.9 0.209153 -0.384354 2.45068 0.0159448 -0.0292518 135.965
358812 2 0.01 1.3 32.9 0.0722992 -0.446085 1.65612 0.00510163 -0.0204774 135.965
360287 2 0.01 1.3 32.9 -0.0380016 -0.37409 5.11148 -0.00699193 -0.0585726 135.965
361103 2 0.01 1.3 32.9 -0.480507 0.253016 2.45021 -0.0370572 0.0218089 135.965
361462 2 0.01 1.3 32.9 -0.209372 0.402243 3.25717 -0.0205805 0.0394994 135.965
361852 2 0.01 1.3 32.9 0.46469 0.284117 1.3908 0.0216962 0.00830363 135.965
361925 2 0.01 1.3 32.9 0.208617 -0.0270317 4.62563 0.0287104 -0.00353104 135.965
362447 2 0.01 1.3 32.9 -0.0406058 0.114003 1.02156 -0.00530696 0.000769714 135.965
362507 2 0.01 1.3 32.9 -0.3077 0.239626 1.15424 -0.0141789 0.00744278 135.965
362876 2 0.01 1.3 32.9 -0.406986 0.123715 4.03476 -0.0498933 0.0153673 135.965
367737 2 0.01 1.3 32.9 -0.221475 -0.21065 2.48441 -0.0152834 -0.0165066 135.965
370010 2 0.01 1.3 32.9 0.403956 0.110775 1.99665 0.0236539 0.00604085 135.965
373804 2 0.01 1.3 32.9 -0.150683 0.460911 1.18892 -0.0070279 0.0153983 135.965
373832 2 0.01 1.3 32.9 -0.337774 0.26275 2.36758 -0.0241656 0.0176878 135.965
374394 2 0.01 1.3 32.9 0.234552 -0.407955 2.57208 0.0174258 -0.0339344 135.965
375072 2 0.01 1.3 32.9 -0.425584 0.400097 0.609063 -0.00693533 0.00257234 135.965
375670 2 0.01 1.3 32.9 0.0843176 -0.337395 4.1388 0.0102855 -0.0439955 135.965
376265 2 0.01 1.3 32.9 -0.37421 0.262388 3.51802 -0.0380421 0.0304598 135.965
376656 2 0.01 1.3 32.9 -0.0496501 0.116342 3.72831 -0.00655422 0.0135358 135.965
377440 2 0.01 1.3 32.9 0.437953 0.270626 4.02536 0.0547738 0.0345016 135.965
377720 2 0.01 1.3 32.9 0.463441 -0.380295 3.02366 0.0404713 -0.036314 135.965
378233 2 0.01 1.3 32.9 0.119659 0.234563 1.48025 0.00460314 0.00662726 135.965
378307 2 0.01 1.3 32.9 -0.385465 -0.181393 2.7166 -0.0334391 -0.01612 135.965
379694 2 0.01 1.3 32.9 0.0133678 -0.268989 1.60263 0.00518848 -0.0135232 135.965
382304 2 0.01 1.3 32.9 -0.175861 -0.207439 1.4148 -0.00849647 -0.00571557 135.965
382353 2 0.01 1.3 32.9 0.312764 -0.205962 6.75246 0.0637313 -0.0420392 135.965
383916 2 0.01 1.3 32.9 -0.429747 0.114643 1.15843 -0.0155762 0.00365242 135.965
384488 2 0.01 1.3 32.9 0.499218 -0.401645 0.871589 0.0139517 -0.0108636 135.965
384715 2 0.01 1.3 32.9 -0.0199959 -0.42924 3.44526 -0.000426126 -0.0460355 135.965
384901 2 0.01 1.3 32.9 -0.429175 -0.309577 1.58419 -0.0209487 -0.0147608 135.965
385139 2 0.01 1.3 32.9 0.244975 0.496031 2.17527 0.0159071 0.0331053 135.965
385342 2 0.01 1.3 32.9 -0.223839 -0.194141 0.427793 -0.00677212 -0.0048689 135.965
386825 2 0.01 1.3 32.9 0.403587 0.334572 0.490015 0.0110614 0.00480382 135.965
387646 2 0.01 1.3 32.9 -0.274196 -0.440002 3.04329 -0.0237918 -0.0409591 135.965
388647 2 0.01 1.3 32.9 -0.450728 0.394261 3.40421 -0.0462533 0.0432175 135.965
388829 2 0.01 1.3 32.9 0.243213 0.451639 4.04062 0.0310368 0.0551211 135.965
389929 2 0.01 1.3 32.9 -0.416843 -0.0975089 1.74612 -0.0225011 -0.00457259 135.965
390089 2 0.01 1.3 32.9 -0.101803 -0.146206 3.5535 -0.0129773 -0.0124313 135.965
390281 2 0.01 1.3 32.9 0.264195 0.165108 5.03373 0.0393936 0.0249916 135.965
391191 2 0.01 1.3 32.9 0.18547 -0.309543 4.31266 0.0256523 -0.0382474 135.965
391387 2 0.01 1.3 32.9 0.224593 0.147642 1.32316 0.0110798 0.00978432 135.965
391889 2 0.01 1.3 32.9 -0.111951 0.186061 3.57583 -0.0128051 0.0200682 135.965
392013 2 0.01 1.3 32.9 -0.206946 -0.311366 3.30989 -0.0207763 -0.0297497 135.965
393121 2 0.01 1.3 32.9 0.159781 -0.348461 2.27782 0.0113677 -0.0220547 135.965
394540 2 0.01 1.3 32.9 -0.41645 0.229093 2.47567 -0.0310255 0.0172045 135.965
395068 2 0.01 1.3 32.9 0.0207309 0.1412 1.32824 0.000908912 0.00594197 135.965
396615 2 0.01 1.3 32.9 -0.371832 0.235815 2.2832 -0.0290214 0.0185143 135.965
396977 2 0.01 1.3 32.9 0.108644 -0.130026 2.30006 0.00857726 -0.00885336 135.965
397187 2 0.01 1.3 32.9 0.377069 0.440045 10.0231 0.11538 0.131931 135.965
397406 2 0.01 1.3 32.9 -0.463402 -0.134739 4.2473 -0.0598382 -0.0143715 135.965
399378 2 0.01 1.3 32.9 0.0559492 0.289432 2.09961 0.00682855 0.0162218 135.965
399418 2 0.01 1.3 32.9 -0.414762 0.422044 5.2736 -0.0639239 0.0661935 135.965
401781 2 0.01 1.3 32.9 -0.245906 -0.151565 2.2914 -0.0192527 -0.00858149 135.965
401816 2 0.01 1.3 32.9 -0.0920093 0.058434 4.60127 -0.0109662 0.0094901 135.965
401921 2 0.01 1.3 32.9 0.318723 0.149339 2.67706 0.025135 0.0113335 135.965
405392 2 0.01 1.3 32.9 -0.460348 0.0976215 0.86662 -0.0136899 0.00380928 135.965
405687 2 0.01 1.3 32.9 -0.316457 -0.486213 3.94955 -0.0362776 -0.0575761 135.965
406405 2 0.01 1.3 32.9 -0.383082 0.331691 4.76012 -0.0543588 0.0493487 135.965
406424 2 0.01 1.3 32.9 0.128306 0.100014 2.46866 0.00996117 0.00689259 135.965
407157 2 0.01 1.3 32.9 0.170581 0.465944 1.75868 0.00722405 0.0239282 135.965
413845 2 0.01 1.3 32.9 -0.0108761 -0.177814 14.2416 -0.00522137 -0.0799008 135.965
414018 2 0.01 1.3 32.9 -0.25563 0.327007 1.60489 -0.0121166 0.0153305 135.965
415040 2 0.01 1.3 32.9 -0.367632 -0.180522 3.19175 -0.0335945 -0.0186505 135.965
415724 2 0.01 1.3 32.9 -0.241212 -0.182635 6.42444 -0.046812 -0.0349939 135.965
415845 2 0.01 1.3 32.9 -0.262118 -0.457765 2.15638 -0.0177112 -0.0310576 135.965
415948 2 0.01 1.3 32.9 -0.050847 0.339667 2.05532 -0.00509356 0.0197539 135.965
416096 2 0.01 1.3 32.9 -0.357556 0.113998 3.92855 -0.0420746 0.0133375 135.965
416471 2 0.01 1.3 32.9 0.324375 0.0848528 1.49246 0.0166396 0.00306254 135.965
420883 2 0.01 1.3 32.9 -0.233382 -0.341311 4.91165 -0.0347647 -0.0487964 135.965
422257 2 0.01 1.3 32.9 0.360278 0.286151 2.20473 0.0225807 0.0178997 135.965
422293 2 0.01 1.3 32.9 -0.325199 0.308348 3.92218 -0.0377704 0.0366279 135.965
422616 2 0.01 1.3 32.9 -0.473127 0.0392999 4.06478 -0.0577307 0.00619959 135.965
423242 2 0.01 1.3 32.9 -0.0848468 -0.184638 2.944 -0.00566614 -0.0146478 135.965
424214 2 0.01 1.3 32.9 -0.374514 -0.272297 4.73387 -0.0541347 -0.0400505 135.965
424329 2 0.01 1.3 32.9 -0.331037 -0.0881094 5.59017 -0.0555371 -0.0170208 135.965
424370 2 0.01 1.3 32.9 0.35093 -0.312144 1.09117 0.014452 -0.0125934 135.965
425295 2 0.01 1.3 32.9 -0.140899 0.00577417 0.430041 -0.00472741 -0.00488824 135.965
425529 2 0.01 1.3 32.9 -0.456273 -0.109612 2.19527 -0.0306053 -0.00509864 135.965
426027 2 0.01 1.3 32.9 0.27358 -0.39007 2.84173 0.0242436 -0.0329737 135.965
427578 2 0.01 1.3 32.9 -0.0617072 0.132235 1.99114 -0.00346316 0.00819274 135.965
427703 2 0.01 1.3 32.9 -0.499471 0.332664 6.7712 -0.101985 0.0664618 135.965
428932 2 0.01 1.3 32.9 -0.158622 0.37962 1.79569 -0.00931486 0.0219524 135.965
429407 2 0.01 1.3 32.9 -0.0989916 0.357152 4.19072 -0.0137789 0.0450491 135.965
430546 2 0.01 1.3 32.9 -0.265738 -0.152197 5.08069 -0.0413053 -0.0245674 135.965
430943 2 0.01 1.3 32.9 0.16231 0.307589 3.92837 0.0224449 0.0349166 135.965
432064 2 0.01 1.3 32.9 0.423676 -0.23781 2.85251 0.0355584 -0.0200734 135.965
432663 2 0.01 1.3 32.9 0.118122 -0.112477 1.50718 0.00136606 -0.00387919 135.965
432776 2 0.01 1.3 32.9 -0.394169 0.112051 3.42065 -0.0379524 0.0117396 135.965
435474 2 0.01 1.3 32.9 -0.290748 -0.161622 1.33588 -0.0135341 -0.0104034 135.965
437580 2 0.01 1.3 32.9 0.317195 0.0747867 5.88289 0.0575757 0.0141738 135.965
437821 2 0.01 1.3 32.9 0.261121 -0.0555544 2.03837 0.0163669 -0.00511703 135.965
439467 2 0.01 1.3 32.9 -0.443967 -0.470145 3.93521 -0.0541236 -0.0573603 135.965
440715 2 0.01 1.3 32.9 0.178745 -0.46572 2.32235 0.0141682 -0.0332965 135.965
444662 2 0.01 1.3 32.9 -0.0286474 -0.32069 0.98608 0.00232262 -0.00993627 135.965
446015 2 0.01 1.3 32.9 -0.3075 0.081652 8.54299 -0.078871 0.0204281 135.965
446143 2 0.01 1.3 32.9 -0.481997 0.457479 1.62788 -0.0245742 0.0220316 135.965
446974 2 0.01 1.3 32.9 0.242066 -0.3179 3.39859 0.023936 -0.0342956 135.965
447015 2 0.01 1.3 32.9 0.291052 0.455119 3.58861 0.0315111 0.0488025 135.965
447722 2 0.01 1.3 32.9 -0.225226 -0.453437 2.92176 -0.0192375 -0.0390416 135.965
448052 2 0.01 1.3 32.9 -0.0382088 0.00578415 8.13255 -0.00947959 0.00231737 135.965
448214 2 0.01 1.3 32.9 0.414035 0.446995 4.30109 0.0533379 0.0581429 135.965
448505 2 0.01 1.3 32.9 0.424492 0.406173 2.3569 0.0308841 0.0282083 135.965
448511 2 0.01 1.3 32.9 -0.359124 0.12891 3.28567 -0.0357373 0.0144869 135.965
450910 2 0.01 1.3 32.9 0.24262 0.118645 2.52904 0.0166441 0.0111841 135.965
451294 2 0.01 1.3 32.9 0.0297267 0.0185221 2.17118 0.0027002 0.00156336 135.965
456030 2 0.01 1.3 32.9 0.28212 -0.375228 1.97537 0.0171493 -0.023154 135.965
456310 2 0.01 1.3 32.9 0.0641226 0.398583 2.54019 0.00614734 0.0285244 135.965
456708 2 0.01 1.3 32.9 -0.0999672 -0.419946 5.68194 -0.0179302 -0.0702295 135.965
457277 2 0.01 1.3 32.9 -0.224562 -0.283994 3.63473 -0.0277402 -0.0279203 135.965
458669 2 0.01 1.3 32.9 -0.00572292 -0.141352 2.26795 -0.00165397 -0.012004 135.965
461551 2 0.01 1.3 32.9 0.143349 -0.0138256 3.80961 0.014331 -0.00244786 135.965
463024 2 0.01 1.3 32.9 0.389764 -0.399543 7.0497 0.0820762 -0.0864921 135.965
463370 2 0.01 1.3 32.9 -0.384863 -0.485726 0.935093 -0.012693 -0.0166786 135.965
463402 2 0.01 1.3 32.9 0.406231 -0.487066 3.43849 0.0416588 -0.0516819 135.965
463984 2 0.01 1.3 32.9 -0.201834 0.0408998 2.1514 -0.0154328 0.00294412 135.965
466376 2 0.01 1.3 32.9 0.167514 -0.0940724 5.83399 0.0287754 -0.0169262 135.965
468708 2 0.01 1.3 32.9 0.0975116 -0.122407 0.84364 -0.000220765 0.00018954 135.965
471144 2 0.01 1.3 32.9 -0.32658 0.45139 6.21073 -0.0627325 0.086922 135.965
472150 2 0.01 1.3 32.9 -0.232204 0.469577 1.24724 -0.0101795 0.0185119 135.965
473374 2 0.01 1.3 32.9 -0.101689 0.0888515 17.5502 -0.0548059 0.0495439 135.965
473912 2 0.01 1.3 32.9 0.322009 0.480694 12.5086 0.123969 0.183422 135.965
474883 2 0.01 1.3 32.9 -0.0272268 -0.176555 4.10907 -0.00214698 -0.0225709 135.965
474953 2 0.01 1.3 32.9 0.491499 -0.11628 3.57203 0.0527481 -0.0121988 135.965
475371 2 0.01 1.3 32.9 0.345346 0.126352 3.55178 0.038098 0.0116222 135.965
477724 2 0.01 1.3 32.9 -0.3264 -0.474879 9.58723 -0.0937568 -0.139929 135.965
481230 2 0.01 1.3 32.9 0.397461 -0.019554 3.12031 0.0394139 -0.00184679 135.965
481668 2 0.01 1.3 32.9 0.384418 0.165374 1.99302 0.0221156 0.0105027 135.965
485542 2 0.01 1.3 32.9 -0.275911 0.448505 1.57065 -0.0160089 0.0194385 135.965
486884 2 0.01 1.3 32.9 -0.0647532 0.0686345 1.45484 -0.00628119 0.000442387 135.965
487395 2 0.01 1.3 32.9 0.130073 0.498875 2.16811 0.0103818 0.0324859 135.965
487600 2 0.01 1.3 32.9 -0.176786 0.356584 1.96646 -0.00915564 0.0200167 135.965
489596 2 0.01 1.3 32.9 0.427702 0.209936 1.8949 0.0255897 0.0114266 135.965
492376 2 0.01 1.3 32.9 0.136452 -0.257846 0.628182 -0.00171451 -0.00576935 135.965
492456 2 0.01 1.3 32.9 -0.458893 -0.0141062 2.92733 -0.0424689 -0.00166663 135.965
492666 2 0.01 1.3 32.9 -0.0163157 0.187311 4.43663 -0.00430004 0.0230712 135.965
494674 2 0.01 1.3 32.9 0.060457 -0.30026 2.85 0.00585065 -0.0253419 135.965
495123 2 0.01 1.3 32.9 -0.458389 0.155 1.65331 -0.0220174 0.00846087 135.965
495777 2 0.01 1.3 32.9 -0.165711 -0.486251 4.10846 -0.0227013 -0.0592223 135.965
497477 2 0.01 1.3 32.9 -0.18691 0.133118 2.14531 -0.0144933 0.00832281 135.965
498789 2 0.01 1.3 32.9 0.468606 0.153609 1.28717 0.01591 0.00538134 135.965
499201 2 0.01 1.3 32.9 -0.336215 -0.4373 3.50536 -0.0340373 -0.0464795 135.965
499316 2 0.01 1.3 32.9 -0.0153539 -0.115562 1.04904 0.00122814 -0.00228584 135.965
499703 2 0.01 1.3 32.9 0.154889 -0.132321 2.92928 0.0120168 -0.0157651 135.965
