98001012 0 0.01 40 32.9 -0.27702 0.00432926 9.73868 -0.0827325 0.0120629 1.40611
98001814 0 0.01 40 32.9 -0.0770201 -0.49003 16.503 -0.036379 -0.252685 1.40611
98001930 0 0.01 40 32.9 -0.463307 0.312627 11.4644 -0.163212 0.115568 1.40611
98003395 0 0.01 40 32.9 0.0896075 -0.43363 17.0365 0.044349 -0.221467 1.40611
98003866 0 0.01 40 32.9 0.195115 -0.152229 20.1116 0.120664 -0.0914387 1.40611
98005913 0 0.01 40 32.9 0.294857 -0.171785 18.0721 0.160838 -0.0909425 1.40611
98007817 0 0.01 40 32.9 -0.487557 0.207895 26.64 -0.396068 0.173986 1.40611
98007987 0 0.01 40 32.9 -0.0246064 0.457961 18.8332 -0.018071 0.252935 1.40611
98009457 0 0.01 40 32.9 -0.160072 -0.0648804 15.4975 -0.0716074 -0.0260158 1.40611
98011081 0 0.01 40 32.9 0.252148 -0.333963 21.7083 0.170521 -0.224044 1.40611
98011535 0 0.01 40 32.9 -0.233581 0.297071 15.5283 -0.107965 0.13863 1.40611
98015823 0 0.01 40 32.9 -0.0647333 -0.39966 14.5988 -0.0316222 -0.170926 1.40611
98015825 0 0.01 40 32.9 0.297099 0.276868 19.4515 0.172402 0.159057 1.40611
8001488 0 0.01 40 32.9 0.248511 -0.366432 33.7886 0.255065 -0.379444 1.40601
8002085 0 0.01 40 32.9 -0.0321327 0.474257 18.3133 -0.0166114 0.266234 1.40601
8008461 0 0.01 40 32.9 -0.210619 0.340417 25.1965 -0.160832 0.262062 1.40601
8013174 0 0.01 40 32.9 0.0514243 -0.316692 15.2628 0.0186634 -0.145384 1.40601
8014086 0 0.01 40 32.9 0.0187001 0.0395439 20.5978 0.0172893 0.0184764 1.40601
8014880 0 0.01 40 32.9 -0.1934 0.265547 19.9072 -0.117146 0.156222 1.40601
84000741 0 0.01 40 32.9 -0.210959 -0.3606 38.4876 -0.247194 -0.421967 1.40609
84002186 0 0.01 40 32.9 0.345346 0.0580063 20.4432 0.213496 0.0345822 1.40609
84004120 0 0.01 40 32.9 -0.195393 -0.262521 31.8906 -0.189798 -0.253852 1.40609
84005023 0 0.01 40 32.9 0.173255 -0.0767805 21.9848 0.115706 -0.0485881 1.40609
84006477 0 0.01 40 32.9 0.136574 -0.451047 19.8978 0.0825868 -0.272175 1.40609
84009316 0 0.01 40 32.9 -0.0229339 0.246986 9.29278 -0.00862287 0.0700649 1.40609
84011307 0 0.01 40 32.9 -0.44686 0.431512 30.9245 -0.421464 0.409142 1.40609
84011475 0 0.01 40 32.9 0.424272 0.109973 19.8387 0.253564 0.0719387 1.40609
84012330 0 0.01 40 32.9 0.332782 -0.29443 149.005 1.50362 -1.3352 1.40609
84013800 0 0.01 40 32.9 -0.250619 -0.220501 19.5262 -0.148968 -0.128278 1.40609
82004669 0 0.01 40 32.9 -0.382238 -0.173332 24.6637 -0.288416 -0.129362 1.40627
82007255 0 0.01 40 32.9 -0.245859 -0.332018 33.4065 -0.246784 -0.335406 1.40627
82008501 0 0.01 40 32.9 0.300262 -0.147594 27.7908 0.250718 -0.128637 1.40627
82013311 0 0.01 40 32.9 0.232235 -0.220542 23.1156 0.160462 -0.151105 1.40627
80001441 0 0.01 40 32.9 0.065937 0.156149 18.7039 0.0381179 0.0865102 1.40513
80002100 0 0.01 40 32.9 0.0718524 0.318519 9.57829 0.00732487 0.0994336 1.40513
80002125 0 0.01 40 32.9 0.43551 0.26171 40.4274 0.538404 0.32375 1.40513
80002174 0 0.01 40 32.9 0.402968 -0.364628 18.1257 0.225084 -0.189081 1.40513
80006977 0 0.01 40 32.9 0.0616471 -0.0822766 16.5957 0.0250997 -0.0365073 1.40513
80007258 0 0.01 40 32.9 0.1931 0.373082 19.8318 0.118681 0.229714 1.40513
80007566 0 0.01 40 32.9 0.422616 -0.0736163 21.839 0.281732 -0.0504054 1.40513
80007942 0 0.01 40 32.9 -0.48207 0.299965 15.334 -0.230307 0.138348 1.40513
80008753 0 0.01 40 32.9 0.293099 0.0174637 18.7669 0.166137 0.0133832 1.40513
80009113 0 0.01 40 32.9 0.043714 -0.31798 16.7086 0.0239598 -0.15786 1.40513
80010268 0 0.01 40 32.9 0.200868 0.397216 62.8324 0.381513 0.757754 1.40513
80010377 0 0.01 40 32.9 -0.117028 -0.290306 66.9874 -0.237973 -0.591149 1.40513
80010912 0 0.01 40 32.9 0.26058 0.0444285 67.1184 0.530821 0.092781 1.40513
80011301 0 0.01 40 32.9 0.43408 -0.006727 22.7375 0.299758 -0.00765542 1.40513
80011819 0 0.01 40 32.9 -0.281902 0.120603 21.4017 -0.188226 0.0835932 1.40513
83002810 0 0.01 40 32.9 -0.467556 -0.0810206 21.8003 -0.311024 -0.0528239 1.40682
83006423 0 0.01 40 32.9 0.0169773 0.380904 13.1212 0.00176817 0.152705 1.40682
83007560 0 0.01 40 32.9 0.394964 0.0242283 21.45 0.258781 0.015935 1.40682
83007724 0 0.01 40 32.9 -0.0694596 -0.0652635 21.4157 -0.0504309 -0.0408146 1.40682
83008472 0 0.01 40 32.9 -0.309772 0.12257 8.4872 -0.0807554 0.03262 1.40682
83010173 0 0.01 40 32.9 0.313754 -0.469001 20.8577 0.197753 -0.299446 1.40682
83010615 0 0.01 40 32.9 0.485052 -0.442926 17.4805 0.256905 -0.234791 1.40682
83012144 0 0.01 40 32.9 -0.27415 -0.314391 26.6406 -0.218962 -0.254356 1.40682
83015447 0 0.01 40 32.9 -0.312931 0.349189 24.5934 -0.238977 0.261967 1.40682
6002829 0 0.01 40 32.9 -0.406622 -0.334429 13.9782 -0.171907 -0.143148 1.40576
6004146 0 0.01 40 32.9 -0.421745 0.390902 22.7097 -0.288392 0.270666 1.40576
6004999 0 0.01 40 32.9 0.0282287 0.263677 36.83 0.0317545 0.298169 1.40576
6005177 0 0.01 40 32.9 -0.420524 0.144709 25.1053 -0.322151 0.115489 1.40576
6005431 0 0.01 40 32.9 -0.329438 0.429173 24.3527 -0.241872 0.317729 1.40576
6005852 0 0.01 40 32.9 -0.338909 -0.406898 6.1703 -0.0676922 -0.0762595 1.40576
6006793 0 0.01 40 32.9 0.361117 0.253372 22.4411 0.2461 0.17422 1.40576
6008402 0 0.01 40 32.9 -0.393698 0.0564602 18.7321 -0.224279 0.0352223 1.40576
6012112 0 0.01 40 32.9 0.0441045 0.494052 21.7937 0.029317 0.32272 1.40576
6013649 0 0.01 40 32.9 -0.492222 -0.0340623 22.0154 -0.330866 -0.0208134 1.40576
6013801 0 0.01 40 32.9 -0.348468 0.109725 13.6362 -0.138879 0.0418006 1.40576
6014532 0 0.01 40 32.9 0.114757 0.358235 18.5186 0.0686713 0.205938 1.40576
81002592 0 0.01 40 32.9 -0.355424 0.0314656 24.8976 -0.26631 0.0246765 1.40558
81003195 0 0.01 40 32.9 0.250693 -0.28813 22.7649 0.171567 -0.195321 1.40558
81003637 0 0.01 40 32.9 0.107056 0.340349 20.3827 0.066124 0.211787 1.40558
81005626 0 0.01 40 32.9 -0.308746 -0.168628 19.5876 -0.183312 -0.100233 1.40558
81007932 0 0.01 40 32.9 -0.0203325 0.155854 16.6333 -0.0129098 0.0758032 1.40558
81008117 0 0.01 40 32.9 0.304253 0.317761 22.3855 0.201832 0.213307 1.40558
81008449 0 0.01 40 32.9 -0.114293 -0.338534 44.9237 -0.156772 -0.463084 1.40558
81008665 0 0.01 40 32.9 0.127395 -0.37276 80.3881 0.311399 -0.909076 1.40558
81009278 0 0.01 40 32.9 -0.377604 0.456864 23.0597 -0.266136 0.320942 1.40558
81010247 0 0.01 40 32.9 -0.0761038 -0.274256 18.4631 -0.038703 -0.155258 1.40558
81013312 0 0.01 40 32.9 0.307039 -0.0604891 21.7296 0.20279 -0.0426915 1.40558
81013448 0 0.01 40 32.9 -0.432308 0.338586 20.7373 -0.266947 0.217674 1.40558
81013837 0 0.01 40 32.9 0.0453756 -0.471423 22.1997 0.0308071 -0.319173 1.40558
81015516 0 0.01 40 32.9 -0.490216 0.38344 14.9614 -0.221562 0.17538 1.40558
77001908 0 0.01 40 32.9 0.371417 0.369222 19.3835 0.219292 0.220326 1.40528
77003203 0 0.01 40 32.9 -0.0428476 -0.161641 8.75396 -0.0154778 -0.0490832 1.40528
77003500 0 0.01 40 32.9 -0.231141 -0.0792585 21.8146 -0.151933 -0.0485389 1.40528
77003890 0 0.01 40 32.9 0.143122 0.191262 25.7262 0.111548 0.150512 1.40528
77005387 0 0.01 40 32.9 -0.318799 0.0834625 66.1869 -0.641376 0.170937 1.40528
77007144 0 0.01 40 32.9 0.45831 -0.451294 19.1759 0.267324 -0.261694 1.40528
77012087 0 0.01 40 32.9 -0.116381 -0.176789 35.7915 -0.12761 -0.19181 1.40528
79000472 0 0.01 40 32.9 -0.365583 -0.332772 10.4724 -0.120649 -0.09839 1.4059
79001930 0 0.01 40 32.9 -0.360268 -0.398777 24.1052 -0.262188 -0.292521 1.4059
79002155 0 0.01 40 32.9 -0.477593 -0.21192 8.8265 -0.134277 -0.0539311 1.4059
79002755 0 0.01 40 32.9 0.225233 -0.0702002 19.1488 0.134517 -0.0359252 1.4059
79004452 0 0.01 40 32.9 -0.378595 0.17509 28.5631 -0.332408 0.151724 1.4059
79011858 0 0.01 40 32.9 -0.422696 0.15861 22.0128 -0.277067 0.103995 1.4059
79014154 0 0.01 40 32.9 0.146914 -0.292509 19.6414 0.0867881 -0.175044 1.4059
79014524 0 0.01 40 32.9 0.499372 0.0204954 23.7649 0.358531 0.0153209 1.4059
79015465 0 0.01 40 32.9 -0.360297 0.418197 27.3416 -0.297819 0.343821 1.4059
75000750 0 0.01 40 32.9 0.149823 -0.01792 9.62164 0.0473441 0.00301046 1.40611
75002460 0 0.01 40 32.9 0.370096 0.301481 21.7724 0.243454 0.1974 1.40611
75009295 0 0.01 40 32.9 -0.411461 0.404249 23.0366 -0.289932 0.288091 1.40611
75010025 0 0.01 40 32.9 0.375834 -0.431147 19.5539 0.230831 -0.256105 1.40611
75013062 0 0.01 40 32.9 -0.109894 -0.311964 19.3187 -0.0678214 -0.178663 1.40611
75014726 0 0.01 40 32.9 -0.484746 0.184301 15.982 -0.234785 0.0869754 1.40611
75015596 0 0.01 40 32.9 0.386775 0.259973 20.4092 0.23822 0.160617 1.40611
78000171 0 0.01 40 32.9 0.295229 0.0885466 18.5038 0.166255 0.0544509 1.40502
78002725 0 0.01 40 32.9 0.350595 -0.357741 26.9297 0.28898 -0.294412 1.40502
78004356 0 0.01 40 32.9 0.411597 0.337031 8.81215 0.109288 0.0871814 1.40502
78004589 0 0.01 40 32.9 0.360587 0.24336 14.2644 0.153219 0.104853 1.40502
78004857 0 0.01 40 32.9 0.0346872 -0.254719 33.3598 0.0361339 -0.258097 1.40502
78006404 0 0.01 40 32.9 0.351051 -0.234046 4.97264 0.0451984 -0.0396023 1.40502
78007429 0 0.01 40 32.9 0.455064 0.421042 21.0738 0.285919 0.267038 1.40502
78007582 0 0.01 40 32.9 -0.0462781 -0.368976 12.6117 -0.0168241 -0.138119 1.40502
78008268 0 0.01 40 32.9 -0.178625 -0.157437 25.7314 -0.133005 -0.122045 1.40502
78009664 0 0.01 40 32.9 -0.196499 0.378848 21.5081 -0.124902 0.246212 1.40502
78009710 0 0.01 40 32.9 -0.444107 0.0895611 19.2986 -0.260244 0.0515037 1.40502
78014816 0 0.01 40 32.9 0.0136539 0.105203 22.0613 0.0106244 0.0676649 1.40502
73002641 0 0.01 40 32.9 0.187484 0.35954 37.3666 0.211623 0.409316 1.40653
73004243 0 0.01 40 32.9 0.0554869 0.229373 58.7306 0.0985815 0.411283 1.40653
73004740 0 0.01 40 32.9 0.332112 -0.105574 17.072 0.178314 -0.0455946 1.40653
73006015 0 0.01 40 32.9 0.345237 -0.44981 18.8009 0.193896 -0.260099 1.40653
73006826 0 0.01 40 32.9 -0.311912 -0.0627437 21.8053 -0.206723 -0.0386833 1.40653
73008031 0 0.01 40 32.9 -0.177005 -0.125688 25.1631 -0.138204 -0.0951263 1.40653
73010028 0 0.01 40 32.9 0.0432711 -0.123669 20.1871 0.0249263 -0.0725063 1.40653
73011686 0 0.01 40 32.9 0.150546 -0.351348 21.1624 0.101729 -0.226161 1.40653
73014404 0 0.01 40 32.9 0.104898 0.103784 50.0501 0.160522 0.158404 1.40653
73014466 0 0.01 40 32.9 0.337824 -0.147036 15.8373 0.16418 -0.0718078 1.40653
76002905 0 0.01 40 32.9 0.16628 0.340117 51.0522 0.258047 0.525878 1.40654
76005989 0 0.01 40 32.9 0.20548 0.419689 20.5839 0.129123 0.257574 1.40654
76006692 0 0.01 40 32.9 0.370132 0.110316 24.7071 0.277363 0.0866277 1.40654
76007306 0 0.01 40 32.9 -0.254962 -0.161433 20.01 -0.150554 -0.0943023 1.40654
76008566 0 0.01 40 32.9 0.311111 -0.0735872 10.5872 0.0978693 -0.0227431 1.40654
76009538 0 0.01 40 32.9 -0.400367 0.47349 11.681 -0.139158 0.16549 1.40654
76010908 0 0.01 40 32.9 -0.0715604 0.366071 21.2816 -0.0441607 0.236519 1.40654
76011028 0 0.01 40 32.9 -0.0910212 -0.107381 54.0617 -0.148788 -0.175693 1.40654
76011176 0 0.01 40 32.9 0.00511006 0.027969 22.4708 0.00638774 0.0197309 1.40654
76012433 0 0.01 40 32.9 0.375293 -0.101012 21.6331 0.244607 -0.067949 1.40654
76012714 0 0.01 40 32.9 0.405023 -0.191927 32.3307 0.397142 -0.187969 1.40654
76013822 0 0.01 40 32.9 0.31554 -0.35988 35.8294 0.342286 -0.388082 1.40654
71000425 0 0.01 40 32.9 0.270551 -0.341592 22.6258 0.17709 -0.233537 1.40522
71002153 0 0.01 40 32.9 -0.115321 -0.0202535 14.562 -0.0540605 -0.0114127 1.40522
71003465 0 0.01 40 32.9 -0.146361 0.225555 14.0078 -0.0607748 0.0914162 1.40522
71003951 0 0.01 40 32.9 -0.483735 -0.305953 17.4424 -0.258432 -0.150932 1.40522
71004819 0 0.01 40 32.9 0.348106 0.438376 19.9952 0.20661 0.268279 1.40522
71005337 0 0.01 40 32.9 -0.360267 0.098677 19.0536 -0.209522 0.0512425 1.40522
71007061 0 0.01 40 32.9 0.0799808 -0.381736 10.9695 0.0288502 -0.122761 1.40522
71007490 0 0.01 40 32.9 0.324018 -0.34889 38.4483 0.379039 -0.402701 1.40522
71009011 0 0.01 40 32.9 -0.247134 -0.312504 18.8447 -0.142907 -0.176722 1.40522
71010210 0 0.01 40 32.9 -0.480613 0.496599 21.4119 -0.315137 0.319437 1.40522
71010683 0 0.01 40 32.9 0.441634 -0.384966 22.2284 0.294837 -0.260039 1.40522
71010952 0 0.01 40 32.9 -0.457686 -0.351694 12.6722 -0.183781 -0.135712 1.40522
71012021 0 0.01 40 32.9 0.0883461 -0.233358 19.8381 0.0576633 -0.137108 1.40522
71013373 0 0.01 40 32.9 -0.478414 0.232711 22.617 -0.325919 0.159469 1.40522
71014075 0 0.01 40 32.9 0.198691 0.166453 33.9002 0.200293 0.171003 1.40522
71015009 0 0.01 40 32.9 -0.156965 -0.0842479 11.0064 -0.0418632 -0.0324597 1.40522
74000997 0 0.01 40 32.9 -0.494165 0.289351 15.7765 -0.238298 0.141606 1.40541
74001177 0 0.01 40 32.9 -0.360778 -0.303403 14.695 -0.163394 -0.137079 1.40541
74002475 0 0.01 40 32.9 0.121078 -0.0404151 36.905 0.134463 -0.0432217 1.40541
74002553 0 0.01 40 32.9 0.0841149 -0.0465925 23.102 0.0616515 -0.0291949 1.40541
74003175 0 0.01 40 32.9 0.342847 0.339547 19.4062 0.199938 0.195821 1.40541
74006514 0 0.01 40 32.9 -0.153702 0.0241909 15.0777 -0.0705162 0.0112014 1.40541
74006520 0 0.01 40 32.9 -0.429123 -0.213568 27.4722 -0.35601 -0.174994 1.40541
74008311 0 0.01 40 32.9 0.183939 0.277512 12.6632 0.0667077 0.112883 1.40541
74011724 0 0.01 40 32.9 0.457658 -0.465353 20.1247 0.28284 -0.283439 1.40541
74012966 0 0.01 40 32.9 -0.239908 0.169714 10.7165 -0.0839169 0.0561584 1.40541
69002657 0 0.01 40 32.9 0.395382 0.2681 22.9921 0.276996 0.190353 1.4053
69002683 0 0.01 40 32.9 -0.467164 0.121207 28.3001 -0.402302 0.107847 1.4053
69004182 0 0.01 40 32.9 0.426058 -0.364492 10.3484 0.123256 -0.119002 1.4053
69005677 0 0.01 40 32.9 -0.38385 -0.329658 17.4709 -0.200948 -0.178665 1.4053
69007453 0 0.01 40 32.9 0.133491 -0.206331 31.4576 0.130251 -0.197156 1.4053
69007909 0 0.01 40 32.9 0.0789776 -0.379977 24.7763 0.0570129 -0.286179 1.4053
69010349 0 0.01 40 32.9 -0.0744834 0.254458 21.0199 -0.0482313 0.160161 1.4053
69010543 0 0.01 40 32.9 0.468674 0.179041 4.95352 0.0807155 0.0295093 1.4053
69013317 0 0.01 40 32.9 -0.318809 -0.264465 20.444 -0.200477 -0.164949 1.4053
69014149 0 0.01 40 32.9 -0.0490699 -0.0424091 33.8923 -0.053036 -0.0401263 1.4053
69014764 0 0.01 40 32.9 0.0502914 -0.00049354 14.501 0.0144789 0.0021402 1.4053
72000195 0 0.01 40 32.9 0.360504 0.177606 26.3708 0.290403 0.142633 1.40567
72000719 0 0.01 40 32.9 -0.264262 -0.294787 20.7687 -0.162364 -0.187305 1.40567
72001201 0 0.01 40 32.9 0.435687 -0.0539884 16.8809 0.224766 -0.0275512 1.40567
72001398 0 0.01 40 32.9 -0.229868 -0.0239819 17.7741 -0.126011 -0.0100477 1.40567
72002127 0 0.01 40 32.9 -0.079189 -0.478353 30.4555 -0.07339 -0.444914 1.40567
72005016 0 0.01 40 32.9 0.166651 0.239713 37.5386 0.190998 0.273335 1.40567
72005388 0 0.01 40 32.9 0.372518 0.303335 17.3053 0.193868 0.162977 1.40567
72007589 0 0.01 40 32.9 -0.268526 0.298373 16.0808 -0.130652 0.143685 1.40567
72008358 0 0.01 40 32.9 -0.423562 0.356308 10.5531 -0.13932 0.110642 1.40567
72009528 0 0.01 40 32.9 -0.101796 0.0136649 11.0182 -0.0311062 -0.00279711 1.40567
72010177 0 0.01 40 32.9 0.0767879 -0.142076 21.7194 0.0526914 -0.0894836 1.40567
72015753 0 0.01 40 32.9 0.0352601 0.254024 19.5785 0.0188671 0.147642 1.40567
68001435 0 0.01 40 32.9 -0.380029 0.341142 23.7645 -0.271429 0.244672 1.40601
68003791 0 0.01 40 32.9 0.481506 0.0995381 18.8942 0.274141 0.0598622 1.40601
68005057 0 0.01 40 32.9 0.14018 0.256496 34.6734 0.146046 0.269496 1.40601
68006146 0 0.01 40 32.9 -0.0859731 -0.303227 12.7039 -0.0245875 -0.121257 1.40601
68008164 0 0.01 40 32.9 0.489737 0.153165 43.6859 0.650905 0.205518 1.40601
68009288 0 0.01 40 32.9 -0.283499 0.391647 18.0549 -0.156094 0.219221 1.40601
68013490 0 0.01 40 32.9 0.430186 -0.230013 16.2681 0.218035 -0.117182 1.40601
68014282 0 0.01 40 32.9 -0.428969 0.236863 14.6446 -0.187412 0.112252 1.40601
67000206 0 0.01 40 32.9 -0.419124 0.34521 29.7216 -0.379572 0.312051 1.40631
67003708 0 0.01 40 32.9 0.377782 0.145106 21.7413 0.248023 0.10043 1.40631
67004982 0 0.01 40 32.9 -0.374162 0.196268 20.9178 -0.235886 0.12075 1.40631
67007213 0 0.01 40 32.9 0.240826 -0.49166 24.4338 0.177651 -0.366298 1.40631
67011163 0 0.01 40 32.9 0.435926 -0.201545 17.8509 0.234068 -0.108309 1.40631
67011808 0 0.01 40 32.9 0.407939 0.316904 19.1596 0.23413 0.185056 1.40631
67012954 0 0.01 40 32.9 0.194026 0.0890958 19.2625 0.110827 0.0543479 1.40631
70000031 0 0.01 40 32.9 0.346565 0.470033 17.3457 0.17709 0.251598 1.40562
70000704 0 0.01 40 32.9 0.220961 -0.304637 17.049 0.114825 -0.157072 1.40562
70004999 0 0.01 40 32.9 0.48285 0.258967 28.2811 0.418525 0.22309 1.40562
70005023 0 0.01 40 32.9 0.328331 -0.316046 23.0687 0.228137 -0.217716 1.40562
70010433 0 0.01 40 32.9 -0.484548 0.486572 45.5328 -0.669163 0.675667 1.40562
70010860 0 0.01 40 32.9 0.255953 -0.493841 35.8308 0.279224 -0.538797 1.40562
70011517 0 0.01 40 32.9 0.222831 -0.152062 19.0404 0.12999 -0.0857535 1.40562
70015918 0 0.01 40 32.9 0.256068 0.180161 28.6756 0.225547 0.157372 1.40562
5000315 0 0.01 40 32.9 0.370302 -0.134351 11.9719 0.129349 -0.0471975 1.40634
5000547 0 0.01 40 32.9 0.253681 0.38054 10.3605 0.0865962 0.113022 1.40634
5000938 0 0.01 40 32.9 0.0137086 -0.48972 22.0534 0.00736313 -0.332597 1.40634
5001629 0 0.01 40 32.9 0.127074 -0.108846 24.1423 0.0945654 -0.0756352 1.40634
5002959 0 0.01 40 32.9 -0.333787 -0.317218 9.22932 -0.0872198 -0.0841068 1.40634
5003684 0 0.01 40 32.9 0.295513 0.0788212 10.9014 0.0996102 0.0199905 1.40634
5004853 0 0.01 40 32.9 0.260365 -0.033703 22.9626 0.177635 -0.0286561 1.40634
5010148 0 0.01 40 32.9 0.471891 -0.492775 26.3619 0.377159 -0.393396 1.40634
5011937 0 0.01 40 32.9 -0.421123 0.495391 14.6721 -0.186421 0.225383 1.40634
5013918 0 0.01 40 32.9 0.00301217 -0.0881714 36.9499 0.00346032 -0.0928404 1.40634
65000334 0 0.01 40 32.9 -0.34091 0.228183 17.3495 -0.179233 0.119947 1.40593
65003152 0 0.01 40 32.9 -0.455227 -0.49044 10.0068 -0.144611 -0.142667 1.40593
65011438 0 0.01 40 32.9 0.4135 0.447096 12.3345 0.158178 0.169587 1.40593
65014721 0 0.01 40 32.9 0.360417 0.289211 7.56157 0.075357 0.0682266 1.40593
66000880 0 0.01 40 32.9 0.328185 0.379907 19.5182 0.190085 0.224211 1.40534
66003402 0 0.01 40 32.9 -0.134675 -0.293238 22.6753 -0.0960832 -0.203692 1.40534
66006748 0 0.01 40 32.9 0.0841254 -0.2057 21.3775 0.0552465 -0.13803 1.40534
66008656 0 0.01 40 32.9 -0.28696 -0.0963911 21.1167 -0.188532 -0.0602541 1.40534
66009588 0 0.01 40 32.9 -0.394 0.443829 35.9795 -0.427624 0.489082 1.40534
66015638 0 0.01 40 32.9 -0.421544 0.38951 27.709 -0.357276 0.327694 1.40534
54000201 0 0.01 40 32.9 0.0973737 0.410083 26.7146 0.0778404 0.332009 1.40515
54002091 0 0.01 40 32.9 -0.171818 -0.158167 13.8056 -0.0671939 -0.0695947 1.40515
54002769 0 0.01 40 32.9 -0.287506 0.101359 18.2216 -0.163285 0.0512481 1.40515
54003842 0 0.01 40 32.9 0.251365 -0.0618512 29.8218 0.230373 -0.0549646 1.40515
54004907 0 0.01 40 32.9 0.236765 0.131858 22.6691 0.160694 0.0929455 1.40515
54006005 0 0.01 40 32.9 0.252315 -0.0816706 28.6541 0.218705 -0.0687515 1.40515
54007173 0 0.01 40 32.9 0.0326489 -0.449833 13.5609 0.0159967 -0.18658 1.40515
54007680 0 0.01 40 32.9 -0.344105 -0.107796 19.8268 -0.211354 -0.070702 1.40515
52004685 0 0.01 40 32.9 -0.307616 0.388352 49.2584 -0.4601 0.581089 1.40533
52004899 0 0.01 40 32.9 0.182727 -0.241246 18.436 0.102491 -0.12669 1.40533
52005625 0 0.01 40 32.9 -0.0130381 -0.0811796 17.6468 -0.00427944 -0.0398452 1.40533
52006898 0 0.01 40 32.9 0.20137 -0.12894 25.6035 0.159201 -0.0981386 1.40533
52007643 0 0.01 40 32.9 -0.22224 0.0143251 20.41 -0.1292 0.00821186 1.40533
52011209 0 0.01 40 32.9 -0.182376 0.29719 20.4687 -0.107196 0.191545 1.40533
56001372 0 0.01 40 32.9 -0.220346 0.213552 134.391 -0.898406 0.872583 1.40529
56003606 0 0.01 40 32.9 0.00320091 -0.434369 20.7753 0.00107871 -0.273938 1.40529
56005032 0 0.01 40 32.9 -0.0212919 0.00198415 15.6425 -0.0123611 0.00593195 1.40529
56005359 0 0.01 40 32.9 -0.277491 -0.033791 16.8426 -0.140934 -0.0212707 1.40529
56005426 0 0.01 40 32.9 -0.278408 -0.460535 12.7429 -0.105051 -0.184308 1.40529
56007627 0 0.01 40 32.9 -0.423281 -0.316667 23.7326 -0.303277 -0.231375 1.40529
56012947 0 0.01 40 32.9 0.443962 0.258126 22.3264 0.306762 0.179088 1.40529
56013888 0 0.01 40 32.9 -0.247894 0.167454 21.8132 -0.164116 0.116788 1.40529
56014878 0 0.01 40 32.9 -0.482384 -0.12581 12.7962 -0.187282 -0.0541018 1.40529
50000385 0 0.01 40 32.9 0.359882 0.164677 15.6576 0.173078 0.0834669 1.4064
50003110 0 0.01 40 32.9 -0.165004 0.434162 18.8394 -0.0917038 0.250745 1.4064
50006040 0 0.01 40 32.9 -0.267114 0.228345 21.9165 -0.177761 0.151319 1.4064
50009319 0 0.01 40 32.9 0.137572 -0.238209 25.409 0.103525 -0.185083 1.4064
50009923 0 0.01 40 32.9 -0.377871 -0.435976 23.738 -0.275007 -0.309743 1.4064
50011332 0 0.01 40 32.9 0.173545 0.0214644 23.4145 0.123532 0.0183233 1.4064
50011891 0 0.01 40 32.9 0.495934 -0.499659 93.0088 1.40179 -1.414 1.4064
50012129 0 0.01 40 32.9 0.140336 -0.389717 18.3721 0.0811479 -0.217571 1.4064
50013025 0 0.01 40 32.9 0.0321253 -0.0109702 29.6284 0.0300353 -0.0116451 1.4064
50014560 0 0.01 40 32.9 -0.298528 -0.388897 24.4944 -0.221383 -0.291694 1.4064
55000585 0 0.01 40 32.9 0.216968 0.478217 18.7295 0.120594 0.280321 1.40644
55004405 0 0.01 40 32.9 -0.0763928 -0.384237 18.513 -0.0449319 -0.219938 1.40644
55004690 0 0.01 40 32.9 0.175939 -0.0156518 18.0575 0.0969972 -0.0111559 1.40644
55006677 0 0.01 40 32.9 0.375143 0.182642 52.5562 0.597561 0.291345 1.40644
55006681 0 0.01 40 32.9 0.310263 -0.0841711 37.6746 0.357345 -0.0951958 1.40644
55010390 0 0.01 40 32.9 0.0417371 -0.0116729 20.6701 0.0209504 -0.0106448 1.40644
55011152 0 0.01 40 32.9 0.316527 -0.170748 34.3738 0.333218 -0.178327 1.40644
55011516 0 0.01 40 32.9 -0.148905 0.499932 30.1501 -0.137658 0.458146 1.40644
55011871 0 0.01 40 32.9 -0.253457 0.492845 18.9084 -0.145537 0.285626 1.40644
3011971 0 0.01 40 32.9 -0.357771 -0.085216 11.4536 -0.125911 -0.0307033 1.40631
3012097 0 0.01 40 32.9 0.388164 -0.259917 32.744 0.38697 -0.260191 1.40631
53000621 0 0.01 40 32.9 0.394479 -0.197807 17.7348 0.211695 -0.107016 1.40618
53010940 0 0.01 40 32.9 0.384373 0.0904032 20.3723 0.241326 0.0564424 1.40618
53011641 0 0.01 40 32.9 -0.191229 0.161655 30.2033 -0.171418 0.152163 1.40618
53012825 0 0.01 40 32.9 0.472033 0.267335 15.651 0.221657 0.133463 1.40618
53013718 0 0.01 40 32.9 -0.223923 -0.00836769 14.8083 -0.0998529 -0.00624687 1.40618
51004086 0 0.01 40 32.9 0.397741 0.427901 114.169 1.38138 1.48451 1.40608
51004557 0 0.01 40 32.9 -0.419512 0.243236 24.9493 -0.316862 0.181788 1.40608
51008892 0 0.01 40 32.9 0.299133 -0.220399 46.5452 0.421711 -0.311609 1.40608
51012527 0 0.01 40 32.9 -0.325914 -0.00215898 20.2867 -0.208965 0.0040516 1.40608
51013457 0 0.01 40 32.9 -0.359355 0.443611 19.7726 -0.216574 0.265563 1.40608
51014054 0 0.01 40 32.9 0.199974 -0.457291 9.06639 0.0660535 -0.12165 1.40608
49003820 0 0.01 40 32.9 0.202013 0.0567055 36.8029 0.224695 0.0650799 1.40642
49004862 0 0.01 40 32.9 -0.0991701 0.391017 22.7706 -0.069529 0.267843 1.40642
49008409 0 0.01 40 32.9 0.231916 -0.200472 46.6628 0.328742 -0.284391 1.40642
49011502 0 0.01 40 32.9 0.0428128 0.0322141 21.8997 0.0301984 0.018376 1.40642
49014664 0 0.01 40 32.9 0.25996 -0.129518 44.2597 0.350807 -0.172883 1.40642
48001211 0 0.01 40 32.9 0.00870684 -0.257548 21.5739 0.00441137 -0.171617 1.40548
48001219 0 0.01 40 32.9 -0.179803 0.1414 20.733 -0.115493 0.0928094 1.40548
48001897 0 0.01 40 32.9 0.0384462 0.433657 13.324 0.0184531 0.17663 1.40548
48010535 0 0.01 40 32.9 -0.140316 0.452924 49.649 -0.212444 0.685743 1.40548
48010628 0 0.01 40 32.9 -0.172497 -0.0208597 9.29144 -0.0513714 0.00103118 1.40548
48013806 0 0.01 40 32.9 0.290899 -0.0683344 26.0746 0.229505 -0.0544889 1.40548
48013901 0 0.01 40 32.9 -0.125628 0.250665 17.2033 -0.0701472 0.133203 1.40548
48014753 0 0.01 40 32.9 -0.491203 0.182826 14.2529 -0.211449 0.071831 1.40548
28000567 0 0.01 40 32.9 0.19996 0.255713 28.0443 0.169036 0.218726 1.39997
28001139 0 0.01 40 32.9 -0.0832383 -0.0972846 21.7742 -0.0539567 -0.0624896 1.39997
28001284 0 0.01 40 32.9 -0.138316 0.111472 24.8812 -0.100824 0.0859763 1.39997
28008931 0 0.01 40 32.9 -0.234448 -0.428143 35.8643 -0.255081 -0.464908 1.39997
28009143 0 0.01 40 32.9 0.216848 -0.43922 20.5765 0.134385 -0.272056 1.39997
28009969 0 0.01 40 32.9 0.433281 0.49754 21.9876 0.294589 0.333311 1.39997
28013602 0 0.01 40 32.9 -0.38143 0.0796348 15.9265 -0.184408 0.0424834 1.39997
28014889 0 0.01 40 32.9 0.151761 -0.0823827 18.5286 0.0813643 -0.0453247 1.39997
27001174 0 0.01 40 32.9 -0.0330178 -0.394163 14.5408 -0.0149585 -0.17453 1.40618
27002696 0 0.01 40 32.9 -0.436568 -0.0374481 17.9849 -0.238948 -0.0201661 1.40618
27005968 0 0.01 40 32.9 0.1671 0.174216 22.0822 0.110564 0.115102 1.40618
27015526 0 0.01 40 32.9 -0.480762 0.0238808 21.419 -0.318843 0.0166963 1.40618
26004630 0 0.01 40 32.9 0.0462183 0.141279 25.4066 0.0368194 0.112535 1.40621
26004849 0 0.01 40 32.9 0.448732 -0.450421 29.8042 0.407695 -0.408006 1.40621
26005207 0 0.01 40 32.9 0.383358 0.129265 20.9554 0.243522 0.0838493 1.40621
26006440 0 0.01 40 32.9 -0.0612352 0.107273 21.8195 -0.04532 0.0734934 1.40621
26007334 0 0.01 40 32.9 0.13039 -0.438482 16.2075 0.062862 -0.219962 1.40621
26009310 0 0.01 40 32.9 0.362427 -0.0120592 27.1166 0.302142 -0.0069453 1.40621
26012093 0 0.01 40 32.9 0.0323693 0.156542 23.1897 0.0264685 0.111194 1.40621
26013661 0 0.01 40 32.9 -0.120429 0.132378 27.7462 -0.100207 0.113307 1.40621
26014787 0 0.01 40 32.9 -0.216319 0.431343 29.0445 -0.195141 0.378212 1.40621
26015471 0 0.01 40 32.9 -0.0804298 -0.328381 21.1003 -0.0560027 -0.207375 1.40621
25001402 0 0.01 40 32.9 -0.239988 0.169626 15.2908 -0.114892 0.0853505 1.40629
25004725 0 0.01 40 32.9 -0.0985432 -0.194431 24.6436 -0.0771891 -0.138418 1.40629
25006650 0 0.01 40 32.9 -0.412622 0.207918 14.7449 -0.181831 0.0949902 1.40629
25008153 0 0.01 40 32.9 -0.106744 0.288982 21.5792 -0.0696877 0.195958 1.40629
25009880 0 0.01 40 32.9 -0.267251 -0.173092 24.6886 -0.20531 -0.129901 1.40629
25010725 0 0.01 40 32.9 -0.228084 0.0687082 16.1868 -0.115263 0.0353858 1.40629
25013883 0 0.01 40 32.9 -0.377668 0.300915 21.7431 -0.251893 0.197042 1.40629
25015876 0 0.01 40 32.9 -0.237567 -0.256206 23.703 -0.16987 -0.182234 1.40629
24000421 0 0.01 40 32.9 0.0778514 0.0975442 20.1602 0.0469359 0.0625097 1.40617
24002747 0 0.01 40 32.9 0.423439 0.086276 20.9442 0.27096 0.0534002 1.40617
24003402 0 0.01 40 32.9 0.320844 -0.151907 18.4206 0.182243 -0.0827725 1.40617
24004324 0 0.01 40 32.9 -0.307422 -0.19022 19.4264 -0.176482 -0.111936 1.40617
24006805 0 0.01 40 32.9 -0.415866 -0.307242 41.6917 -0.528319 -0.387201 1.40617
24011903 0 0.01 40 32.9 -0.064531 0.262803 6.37267 -0.00952262 0.0543407 1.40617
24014976 0 0.01 40 32.9 0.0877802 0.393042 74.1979 0.198642 0.887571 1.40617
24015309 0 0.01 40 32.9 -0.244455 0.336875 5.35935 -0.0490661 0.0596654 1.40617
23001459 0 0.01 40 32.9 0.390576 -0.1353 13.1829 0.160952 -0.0546355 1.40559
23002304 0 0.01 40 32.9 0.475126 0.127931 86.1427 1.24547 0.339496 1.40559
23003388 0 0.01 40 32.9 -0.0646175 -0.126058 20.4395 -0.0435877 -0.0762073 1.40559
23004237 0 0.01 40 32.9 0.0580221 -0.156576 20.6081 0.0376175 -0.10343 1.40559
23006202 0 0.01 40 32.9 0.119147 -0.429101 18.7924 0.0670121 -0.239325 1.40559
23006214 0 0.01 40 32.9 0.229045 -0.42502 22.1011 0.153828 -0.285241 1.40559
23007814 0 0.01 40 32.9 -0.300567 0.0138743 14.7988 -0.13503 0.00512412 1.40559
23010852 0 0.01 40 32.9 0.228683 0.00561195 12.682 0.0864895 0.00850835 1.40559
23011168 0 0.01 40 32.9 0.424262 -0.0109806 21.2063 0.271712 -0.0113344 1.40559
23012437 0 0.01 40 32.9 -0.244053 0.326379 28.632 -0.21374 0.287055 1.40559
23013652 0 0.01 40 32.9 0.222259 -0.38136 1.16693 0.0171863 0.00287855 1.40559
23014623 0 0.01 40 32.9 0.369817 -0.222218 23.7312 0.267572 -0.161951 1.40559
23015156 0 0.01 40 32.9 0.118896 -0.105077 20.9104 0.0814049 -0.0693218 1.40559
22002703 0 0.01 40 32.9 0.109483 -0.452673 10.1001 0.0411525 -0.13338 1.4044
22005735 0 0.01 40 32.9 0.00503061 -0.0671852 20.2679 0.00331727 -0.043503 1.4044
22005904 0 0.01 40 32.9 0.294755 0.198 8.80641 0.080709 0.0616463 1.4044
22015121 0 0.01 40 32.9 0.20703 0.193771 6.78551 0.0397653 0.0366472 1.4044
21003614 0 0.01 40 32.9 -0.0781658 -0.239137 18.1855 -0.041288 -0.133591 1.406
21005246 0 0.01 40 32.9 -0.0228143 0.484793 18.0924 -0.00806967 0.261493 1.406
21005386 0 0.01 40 32.9 -0.440604 0.0493194 21.1896 -0.282041 0.0331962 1.406
21006209 0 0.01 40 32.9 0.230575 -0.457135 21.6475 0.153575 -0.299405 1.406
21010187 0 0.01 40 32.9 -0.251924 -0.121703 29.2154 -0.226473 -0.110093 1.406
21010436 0 0.01 40 32.9 0.0755953 -0.26981 16.6771 0.0351274 -0.13646 1.406
21011596 0 0.01 40 32.9 0.257095 -0.362641 22.1156 0.169265 -0.250067 1.406
21012282 0 0.01 40 32.9 0.184603 -0.0837181 23.4399 0.129843 -0.0605697 1.406
21012364 0 0.01 40 32.9 -0.0884821 -0.341914 13.0388 -0.0340594 -0.130308 1.406
21013726 0 0.01 40 32.9 -0.408663 -0.442046 19.8535 -0.248955 -0.272659 1.406
21014444 0 0.01 40 32.9 -0.483651 -0.368953 38.128 -0.559274 -0.427085 1.406
21014656 0 0.01 40 32.9 0.421614 0.204836 21.1857 0.269608 0.134231 1.406
96000086 0 0.01 40 32.9 0.447001 -0.258033 14.5141 0.188678 -0.118566 1.40553
96000901 0 0.01 40 32.9 -0.204039 0.319603 22.653 -0.142439 0.222507 1.40553
96002190 0 0.01 40 32.9 0.0529493 -0.377585 18.1042 0.0275395 -0.209146 1.40553
96003007 0 0.01 40 32.9 0.0716456 0.217004 15.5363 0.0326587 0.101533 1.40553
96006854 0 0.01 40 32.9 0.393436 0.193842 14.5085 0.165143 0.083082 1.40553
96012225 0 0.01 40 32.9 -0.351331 -0.378142 10.4968 -0.111236 -0.122008 1.40553
96013147 0 0.01 40 32.9 0.328728 0.498219 23.6476 0.237866 0.35876 1.40553
94000513 0 0.01 40 32.9 0.0972515 -0.483693 13.3192 0.0388378 -0.191979 1.40562
94006041 0 0.01 40 32.9 -0.0890027 -0.29354 18.7246 -0.0510318 -0.163308 1.40562
94008222 0 0.01 40 32.9 -0.134513 0.0600501 54.8232 -0.225283 0.101068 1.40562
94010527 0 0.01 40 32.9 -0.174732 -0.447753 21.1784 -0.10833 -0.28635 1.40562
94011946 0 0.01 40 32.9 -0.271172 -0.259502 21.8959 -0.181801 -0.172157 1.40562
94014538 0 0.01 40 32.9 0.000425362 0.336867 36.4413 -0.000952419 0.377621 1.40562
94015675 0 0.01 40 32.9 -0.0175719 -0.0485988 20.7064 -0.0127221 -0.0292553 1.40562
95003658 0 0.01 40 32.9 -0.0950476 -0.430506 22.3288 -0.0632419 -0.291052 1.40599
95004263 0 0.01 40 32.9 0.437571 0.443275 17.3609 0.229417 0.229839 1.40599
95004432 0 0.01 40 32.9 -0.251114 -0.345611 41.1831 -0.313186 -0.431273 1.40599
95005698 0 0.01 40 32.9 0.223351 0.078829 20.0052 0.137152 0.0503332 1.40599
95007488 0 0.01 39.9999 32.9 0.178568 0.429662 32.7323 0.175831 0.425245 1.40599
95009593 0 0.01 40 32.9 0.0128281 -0.456638 22.2981 0.00819611 -0.312161 1.40599
95010419 0 0.01 40 32.9 -0.287425 0.213698 23.3699 -0.206275 0.156332 1.40599
95013608 0 0.01 40 32.9 -0.342388 0.0675244 6.56851 -0.0765061 -0.000434884 1.40599
95015347 0 0.01 40 32.9 -0.287823 0.277982 39.5363 -0.349127 0.334912 1.40599
57003762 0 0.01 40 32.9 0.275924 -0.24843 21.147 0.176835 -0.1617 1.40523
57005781 0 0.01 40 32.9 0.0145525 0.448407 19.3009 0.00485644 0.258566 1.40523
57011326 0 0.01 40 32.9 0.130857 0.28011 29.4942 0.114151 0.250517 1.40523
57012307 0 0.01 40 32.9 -0.268805 0.145372 27.3143 -0.223986 0.117221 1.40523
57014904 0 0.01 40 32.9 0.224179 0.300829 10.7468 0.0720419 0.0961945 1.40523
47000487 0 0.01 40 32.9 0.250984 0.269868 13.8087 0.105811 0.109605 1.40543
47001943 0 0.01 40 32.9 0.346726 0.293135 31.3678 0.332413 0.281099 1.40543
47002594 0 0.01 40 32.9 -0.303449 -0.461947 20.8224 -0.191737 -0.288928 1.40543
47003687 0 0.01 40 32.9 -0.34582 0.187895 13.6961 -0.143948 0.0717061 1.40543
47004200 0 0.01 40 32.9 -0.212369 0.466125 23.2701 -0.148453 0.329328 1.40543
47005569 0 0.01 40 32.9 0.055148 0.448526 42.3675 0.070203 0.576668 1.40543
47008049 0 0.01 40 32.9 -0.0842072 -0.057705 8.0404 -0.0219837 -0.00759195 1.40543
47010463 0 0.01 40 32.9 -0.251703 -0.200887 29.1356 -0.223476 -0.173516 1.40543
47011946 0 0.01 40 32.9 0.331894 0.486409 8.24348 0.0681708 0.110871 1.40543
47012759 0 0.01 40 32.9 0.485185 -0.136987 15.3431 0.22678 -0.0621985 1.40543
47013418 0 0.01 40 32.9 0.0597089 -0.40709 22.1362 0.0383852 -0.274395 1.40543
47014398 0 0.01 40 32.9 -0.158001 -0.229017 20.6768 -0.102092 -0.146506 1.40543
47014898 0 0.01 40 32.9 0.365101 -0.193037 18.55 0.204471 -0.106215 1.40543
47015363 0 0.01 40 32.9 -0.183247 0.354246 21.1223 -0.118361 0.223449 1.40543
47015701 0 0.01 40 32.9 0.0948123 0.0105757 39.79 0.115044 0.0106493 1.40543
46000017 0 0.01 40 32.9 -0.244509 0.188247 15.9627 -0.119805 0.0962318 1.40597
46001662 0 0.01 40 32.9 0.419351 0.280423 88.9781 1.13393 0.758094 1.40597
46008859 0 0.01 40 32.9 0.136317 0.229764 34.7817 0.143843 0.246886 1.40597
46010837 0 0.01 40 32.9 0.19959 -0.495256 21.3598 0.130744 -0.32548 1.40597
46011063 0 0.01 40 32.9 -0.333524 0.473964 19.8056 -0.197788 0.287071 1.40597
46011072 0 0.01 40 32.9 0.0176475 0.140347 16.4385 0.00933255 0.0669194 1.40597
45002002 0 0.01 40 32.9 -0.279971 0.0666963 27.1536 -0.234481 0.0591456 1.40606
45003198 0 0.01 40 32.9 -0.144414 -0.239967 19.5017 -0.0902242 -0.142091 1.40606
45003389 0 0.01 40 32.9 0.306121 0.160544 9.9583 0.0929994 0.0553626 1.40606
45003680 0 0.01 40 32.9 0.328742 0.0467072 19.6274 0.193905 0.0282648 1.40606
45004140 0 0.01 40 32.9 0.232123 -0.166207 20.6441 0.149311 -0.104897 1.40606
45004450 0 0.01 40 32.9 0.236698 -0.0412882 17.8423 0.128535 -0.0237366 1.40606
45007720 0 0.01 40 32.9 -0.231901 0.215171 20.8342 -0.146004 0.137371 1.40606
45008462 0 0.01 40 32.9 0.211002 0.321727 19.0761 0.12909 0.188169 1.40606
45011580 0 0.01 40 32.9 -0.137943 0.448325 13.8778 -0.0569001 0.1905 1.40606
45012247 0 0.01 40 32.9 -0.0805352 -0.285724 21.0945 -0.0542679 -0.179718 1.40606
45014498 0 0.01 40 32.9 -0.141374 0.381683 20.8022 -0.0849643 0.243579 1.40606
44000027 0 0.01 40 32.9 -0.395875 -0.0732619 12.4952 -0.151059 -0.022588 1.40537
44002230 0 0.01 40 32.9 -0.416475 -0.352126 42.2856 -0.536451 -0.450063 1.40537
44002658 0 0.01 40 32.9 0.0943234 0.403778 16.4704 0.0451043 0.199108 1.40537
44003333 0 0.01 40 32.9 0.420518 0.102802 18.3251 0.236308 0.0530917 1.40537
44003410 0 0.01 40 32.9 0.221694 -0.0376439 21.9732 0.15101 -0.0279834 1.40537
44003854 0 0.01 40 32.9 0.0542197 -0.0741405 18.3904 0.0282757 -0.0376505 1.40537
44005656 0 0.01 40 32.9 0.0892534 0.108042 71.2444 0.190285 0.233141 1.40537
44009170 0 0.01 40 32.9 -0.488893 -0.133086 31.9348 -0.474635 -0.128466 1.40537
44009724 0 0.01 40 32.9 -0.0493584 0.28654 22.7637 -0.0365151 0.203577 1.40537
44012493 0 0.01 40 32.9 0.086559 0.183897 23.3205 0.0634412 0.132408 1.40537
43000416 0 0.01 40 32.9 -0.145164 -0.0870829 17.3843 -0.0778248 -0.04803 1.40641
43000480 0 0.01 40 32.9 -0.00873184 0.0615839 44.7909 -0.0104081 0.0840816 1.40641
43001432 0 0.01 40 32.9 0.256209 0.238327 9.82039 0.0687857 0.0730644 1.40641
43002320 0 0.01 40 32.9 -0.26669 -0.106862 37.1949 -0.300558 -0.116848 1.40641
43003837 0 0.01 40 32.9 -0.0314174 0.118758 56.016 -0.0538121 0.202414 1.40641
43004708 0 0.01 40 32.9 -0.131459 -0.0871682 16.3575 -0.0703167 -0.0436222 1.40641
43005177 0 0.01 40 32.9 0.499835 -0.149931 17.9382 0.27028 -0.085584 1.40641
43009730 0 0.01 40 32.9 -0.271806 0.413503 14.1372 -0.116468 0.178165 1.40641
43009957 0 0.01 40 32.9 -0.012325 -0.195995 26.5019 -0.0069259 -0.156243 1.40641
43010550 0 0.01 40 32.9 0.0355638 0.406588 28.8634 0.0307855 0.358218 1.40641
43012012 0 0.01 40 32.9 -0.432944 0.137528 19.8698 -0.260961 0.0855629 1.40641
42002184 0 0.01 40 32.9 0.151044 -0.121563 35.1188 0.160202 -0.129372 1.40492
42004793 0 0.01 40 32.9 -0.328997 -0.215262 23.7963 -0.235825 -0.156828 1.40492
42005404 0 0.01 40 32.9 0.234446 0.120513 35.8458 0.253843 0.133643 1.40492
42005685 0 0.01 40 32.9 0.369831 -0.491801 34.4241 0.388004 -0.514121 1.40492
42012709 0 0.01 40 32.9 -0.0827786 -0.135653 24.1971 -0.060671 -0.0961795 1.40492
41000707 0 0.01 40 32.9 -0.339799 0.337975 65.131 -0.673236 0.669238 1.40564
41001875 0 0.01 40 32.9 0.219877 -0.194639 26.9775 0.182256 -0.157927 1.40564
41003438 0 0.01 40 32.9 -0.0468551 -0.221535 14.2271 -0.0224936 -0.0992567 1.40564
41008811 0 0.01 40 32.9 -0.218891 0.0365551 20.9364 -0.141544 0.025439 1.40564
41012392 0 0.01 40 32.9 0.272793 0.356034 21.6537 0.181843 0.232413 1.40564
40000474 0 0.01 40 32.9 -0.30475 -0.0358653 21.5371 -0.201506 -0.0259278 1.40583
40003957 0 0.01 40 32.9 -0.0777403 -0.445487 21.1629 -0.0442696 -0.284632 1.40583
40011352 0 0.01 40 32.9 -0.133704 -0.225928 44.9892 -0.184642 -0.306363 1.40583
40014802 0 0.01 40 32.9 -0.467435 -0.224417 9.99972 -0.140629 -0.0576493 1.40583
39001701 0 0.01 40 32.9 -0.455356 -0.354213 44.1884 -0.613495 -0.473564 1.40674
39004152 0 0.01 40 32.9 -0.109653 -0.285131 21.7515 -0.0768177 -0.186421 1.40674
39006824 0 0.01 40 32.9 0.23898 0.00658875 2.04599 -0.0100999 -0.0240271 1.40674
39008360 0 0.01 40 32.9 0.341402 -0.217479 9.24734 0.0911764 -0.0634451 1.40674
39010771 0 0.01 40 32.9 0.488043 0.274679 12.0911 0.179427 0.0951809 1.40674
39014622 0 0.01 40 32.9 -0.0135752 -0.342483 19.4431 -0.00683036 -0.202933 1.40674
39014751 0 0.01 40 32.9 0.0913964 0.341715 41.2816 0.117534 0.429494 1.40674
39015098 0 0.01 40 32.9 -0.477498 -0.168654 25.8459 -0.375226 -0.128419 1.40674
2000864 0 0.01 40 32.9 -0.165149 0.282831 23.5854 -0.117149 0.204769 1.40655
2001683 0 0.01 40 32.9 0.227202 0.148402 14.0532 0.0912491 0.0633982 1.40655
2003596 0 0.01 40 32.9 -0.493939 0.109401 13.0242 -0.199756 0.0404982 1.40655
2004941 0 0.01 40 32.9 0.12364 -0.211305 12.0955 0.0429173 -0.0733238 1.40655
2006819 0 0.01 40 32.9 -0.303119 -0.243863 31.1866 -0.288879 -0.230611 1.40655
2010760 0 0.01 40 32.9 -0.486471 0.17553 23.7542 -0.351531 0.127513 1.40655
2010859 0 0.01 40 32.9 0.107448 -0.398629 12.1571 0.0388727 -0.141821 1.40655
2012200 0 0.01 40 32.9 0.261177 0.17132 20.9483 0.166424 0.106785 1.40655
2015641 0 0.01 40 32.9 -0.0284182 -0.475035 15.1544 -0.012413 -0.219293 1.40655
38001001 0 0.01 40 32.9 -0.068791 -0.0663223 20.7174 -0.0453743 -0.0468478 1.40592
38003063 0 0.01 40 32.9 -0.273785 -0.0261353 198.65 -1.65316 -0.155445 1.40592
38008792 0 0.01 40 32.9 -0.0298929 0.444173 16.6505 -0.0134866 0.225893 1.40592
38009701 0 0.01 40 32.9 0.282871 -0.252708 1.63511 0.0208366 -0.0120429 1.40592
38013093 0 0.01 40 32.9 -0.0654271 0.303583 23.1221 -0.0498331 0.21847 1.40592
38013335 0 0.01 40 32.9 0.209962 -0.305908 17.1748 0.109656 -0.157874 1.40592
37000923 0 0.01 40 32.9 -0.372522 0.106764 21.5369 -0.242685 0.073484 1.40564
37001118 0 0.01 40 32.9 -0.233383 -0.205808 29.0147 -0.202035 -0.181097 1.40564
37002600 0 0.01 40 32.9 -0.361794 -0.257806 20.9704 -0.233844 -0.159728 1.40564
37002672 0 0.01 40 32.9 -0.305469 0.202174 23.7817 -0.220367 0.149378 1.40564
37003533 0 0.01 40 32.9 0.00531807 -0.427476 25.152 0.0062705 -0.324218 1.40564
37005047 0 0.01 40 32.9 -0.41329 -0.175557 20.4265 -0.255989 -0.107503 1.40564
37007895 0 0.01 40 32.9 -0.0855754 0.231258 22.9923 -0.0551413 0.166948 1.40564
37008090 0 0.01 40 32.9 0.199889 -0.121358 18.1564 0.110409 -0.0655964 1.40564
37008224 0 0.01 40 32.9 0.0915585 -0.0961232 23.076 0.0625749 -0.0639978 1.40564
37008757 0 0.01 40 32.9 -0.349714 -0.124768 15.8475 -0.17143 -0.0569167 1.40564
37009855 0 0.01 40 32.9 -0.318151 0.0844472 23.7425 -0.229392 0.0648366 1.40564
37010548 0 0.01 40 32.9 0.39005 -0.247943 12.0354 0.142662 -0.0874583 1.40564
37011266 0 0.01 40 32.9 0.0583423 0.204579 11.0107 0.0160252 0.0639631 1.40564
37015150 0 0.01 40 32.9 -0.241606 -0.112332 21.3066 -0.148675 -0.071051 1.40564
35003762 0 0.01 40 32.9 0.415158 -0.077649 20.2322 0.257298 -0.0452491 1.40633
35004732 0 0.01 40 32.9 0.249206 -0.398918 44.384 0.334676 -0.535429 1.40633
35005020 0 0.01 40 32.9 0.17282 0.257205 66.9274 0.352134 0.521747 1.40633
35006967 0 0.01 40 32.9 0.328302 0.388848 20.5587 0.205809 0.246375 1.40633
35010069 0 0.01 40 32.9 0.382976 0.346994 20.8754 0.246583 0.220635 1.40633
35013048 0 0.01 40 32.9 0.414865 0.157234 14.4526 0.185821 0.0739921 1.40633
35013477 0 0.01 40 32.9 0.496065 0.0151698 17.9227 0.277324 0.00774924 1.40633
35013807 0 0.01 40 32.9 -0.10878 0.105631 74.2562 -0.245311 0.239895 1.40633
36004306 0 0.01 40 32.9 0.141698 0.326393 7.93496 0.0295966 0.0789008 1.40562
36009774 0 0.01 40 32.9 -0.258469 -0.472521 22.7469 -0.181348 -0.321161 1.40562
36010237 0 0.01 40 32.9 -0.376547 0.441829 27.3074 -0.312014 0.371357 1.40562
36010618 0 0.01 40 32.9 -0.201905 0.295877 19.1754 -0.118391 0.178124 1.40562
36011109 0 0.01 40 32.9 -0.11298 0.165216 13.6583 -0.0451848 0.071351 1.40562
36012923 0 0.01 40 32.9 -0.0374178 0.175643 21.6091 -0.0275364 0.120935 1.40562
12010035 0 0.01 40 32.9 -0.202214 0.039471 18.2474 -0.10962 0.0218521 1.40565
12010584 0 0.01 40 32.9 -0.371791 0.290125 22.591 -0.255032 0.202735 1.40565
12011947 0 0.01 40 32.9 -0.0751237 -0.306835 14.938 -0.0327053 -0.137463 1.40565
12012495 0 0.01 40 32.9 0.410314 -0.383953 20.6777 0.254844 -0.238748 1.40565
12013517 0 0.01 40 32.9 -0.214191 -0.0686931 21.9296 -0.143256 -0.043701 1.40565
12013918 0 0.01 40 32.9 -0.424961 -0.239171 18.2552 -0.238926 -0.133358 1.40565
12014291 0 0.01 40 32.9 0.352161 0.331786 21.2484 0.226943 0.216739 1.40565
9000056 0 0.01 40 32.9 -0.0841638 0.365089 77.3321 -0.197789 0.860363 1.40622
9001909 0 0.01 40 32.9 -0.354546 0.0957902 20.5117 -0.21898 0.0623973 1.40622
9002187 0 0.01 40 32.9 -0.435597 -0.115511 37.5419 -0.494911 -0.127999 1.40622
9005098 0 0.01 40 32.9 -0.222248 0.323605 11.3537 -0.0763942 0.115785 1.40622
9007291 0 0.01 40 32.9 -0.0600407 -0.289197 16.3443 -0.0300209 -0.148354 1.40622
9009687 0 0.01 40 32.9 0.0261952 0.401324 14.7428 0.00899881 0.177191 1.40622
9013625 0 0.01 40 32.9 0.12525 -0.030487 24.8107 0.0887807 -0.0256293 1.40622
9014275 0 0.01 40 32.9 -0.106807 0.290347 14.0709 -0.047195 0.125812 1.40622
9014620 0 0.01 40 32.9 -0.270295 -0.0639669 26.9935 -0.22108 -0.0518119 1.40622
9015057 0 0.01 40 32.9 -0.239693 -0.38517 35.9152 -0.261118 -0.41937 1.40622
11003542 0 0.01 40 32.9 0.494634 0.448366 22.0867 0.329794 0.305211 1.40589
11004253 0 0.01 40 32.9 -0.051871 -0.417346 20.9296 -0.0300418 -0.266415 1.40589
11005133 0 0.01 40 32.9 0.315741 -0.46645 16.5325 0.157599 -0.23485 1.40589
11011719 0 0.01 40 32.9 0.390293 -0.0339084 22.8899 0.274627 -0.0271534 1.40589
11014208 0 0.01 40 32.9 0.359668 -0.445747 13.0908 0.14045 -0.183796 1.40589
11014843 0 0.01 40 32.9 0.495561 0.403915 20.5557 0.309028 0.24976 1.40589
11015488 0 0.01 40 32.9 0.351605 0.314829 20.6787 0.220328 0.197932 1.40589
10002469 0 0.01 40 32.9 -0.163574 -0.258405 20.6966 -0.10726 -0.156499 1.40629
10002702 0 0.01 40 32.9 -0.427133 0.230923 19.7897 -0.259086 0.140649 1.40629
10004330 0 0.01 40 32.9 -0.249765 0.0591586 16.2001 -0.127244 0.0344519 1.40629
10004819 0 0.01 40 32.9 0.237951 -0.0689756 15.3361 0.108166 -0.0318739 1.40629
10005583 0 0.01 40 32.9 0.248968 0.260422 20.1278 0.15309 0.16137 1.40629
10005886 0 0.01 40 32.9 -0.081683 -0.461689 29.4888 -0.0753609 -0.415364 1.40629
10006166 0 0.01 40 32.9 -0.211013 0.0290838 20.2754 -0.128106 0.0179507 1.40629
10009988 0 0.01 40 32.9 0.0745349 -0.310114 17.0167 0.0359955 -0.158183 1.40629
10011579 0 0.01 40 32.9 -0.376139 -0.088299 12.1457 -0.13042 -0.0362586 1.40629
10015692 0 0.01 40 32.9 0.225158 -0.0318366 33.2094 0.228684 -0.0302368 1.40629
10015873 0 0.01 40 32.9 -0.331314 -0.130125 17.1015 -0.172454 -0.0695873 1.40629
99001007 0 0.01 40 32.9 -0.263438 0.125437 12.7787 -0.101389 0.0510959 1.40572
99002268 0 0.01 40 32.9 -0.119229 -0.155825 23.3115 -0.0885726 -0.108333 1.40572
99003139 0 0.01 40 32.9 -0.0893255 0.337134 41.3834 -0.111918 0.42582 1.40572
99004984 0 0.01 40 32.9 -0.0384615 -0.415459 7.21332 -0.0185598 -0.0873216 1.40572
99014848 0 0.01 40 32.9 -0.336082 0.296472 22.5767 -0.23074 0.203058 1.40572
59000085 0 0.01 40 32.9 -0.311164 -0.465579 17.6146 -0.1638 -0.246614 1.4051
59000512 0 0.01 40 32.9 -0.168179 0.382186 19.5037 -0.0956969 0.223017 1.4051
59004285 0 0.01 40 32.9 0.436532 -0.450292 14.7035 0.193236 -0.19872 1.4051
59010703 0 0.01 40 32.9 0.0305096 0.337425 15.1588 0.0178966 0.15425 1.4051
59010894 0 0.01 40 32.9 0.433974 -0.141703 32.2583 0.420698 -0.139358 1.4051
59011168 0 0.01 40 32.9 -0.322996 0.267946 12.1662 -0.110341 0.101208 1.4051
59012339 0 0.01 40 32.9 0.0323289 -0.26637 19.8188 0.0141555 -0.164024 1.4051
59012835 0 0.01 40 32.9 -0.172669 0.0750939 29.9952 -0.156955 0.0677994 1.4051
59013770 0 0.01 40 32.9 -0.423534 -0.195795 21.0025 -0.272787 -0.123812 1.4051
4001428 0 0.01 40 32.9 -0.149567 -0.0690093 15.4833 -0.0642542 -0.0347072 1.40356
4002616 0 0.01 40 32.9 -0.308322 0.181375 36.0308 -0.335794 0.201869 1.40356
4002910 0 0.01 40 32.9 0.232891 0.306812 20.227 0.137102 0.188275 1.40356
4003018 0 0.01 40 32.9 0.167291 0.120073 23.073 0.117307 0.0863837 1.40356
4003425 0 0.01 40 32.9 0.480439 -0.142443 31.936 0.464113 -0.137789 1.40356
4005648 0 0.01 40 32.9 -0.244945 0.172331 44.6076 -0.336015 0.235892 1.40356
4008741 0 0.01 40 32.9 0.321239 0.11862 7.99605 0.0906238 0.0226544 1.40356
4011215 0 0.01 40 32.9 0.156677 0.0416122 11.2698 0.0508318 0.00414666 1.40356
4014503 0 0.01 40 32.9 -0.441988 0.203912 21.8233 -0.296772 0.140214 1.40356
58000623 0 0.01 40 32.9 0.264102 0.0729304 24.9159 0.199051 0.0559419 1.40593
58001777 0 0.01 40 32.9 -0.136331 0.0133539 22.3713 -0.0892937 0.0111271 1.40593
58004506 0 0.01 40 32.9 0.0212747 0.315522 19.4561 0.0121859 0.183106 1.40593
58005740 0 0.01 40 32.9 0.287364 0.303232 8.77415 0.0772832 0.079967 1.40593
58006567 0 0.01 40 32.9 -0.450436 -0.156828 20.4641 -0.281983 -0.0997801 1.40593
58006664 0 0.01 40 32.9 -0.130777 -0.268781 18.2239 -0.072693 -0.147405 1.40593
58007016 0 0.01 40 32.9 0.110567 -0.443154 19.5345 0.0737355 -0.259585 1.40593
58009570 0 0.01 40 32.9 0.426358 -0.257735 16.0044 0.208113 -0.124247 1.40593
58010768 0 0.01 40 32.9 0.0535233 -0.0257948 28.502 0.0491826 -0.0195708 1.40593
58011769 0 0.01 40 32.9 -0.145851 -0.377123 73.2962 -0.324235 -0.839353 1.40593
58014108 0 0.01 40 32.9 -0.188514 -0.144558 13.6727 -0.0836892 -0.0614633 1.40593
58014143 0 0.01 40 32.9 -0.3261 0.481265 31.4715 -0.312468 0.461661 1.40593
58014407 0 0.01 40 32.9 -0.47341 -0.260983 25.6451 -0.370438 -0.202471 1.40593
58015736 0 0.01 40 32.9 0.11005 -0.32499 21.2427 0.0688412 -0.211669 1.40593
60000661 0 0.01 40 32.9 -0.0043539 0.487407 20.2459 -0.000192051 0.305085 1.40583
60002149 0 0.01 40 32.9 -0.132255 -0.275427 48.6471 -0.197794 -0.406136 1.40583
60004428 0 0.01 40 32.9 -0.362004 0.356723 9.47522 -0.109006 0.105109 1.40583
60005537 0 0.01 40 32.9 0.215603 0.189781 70.9771 0.464734 0.411567 1.40583
60006154 0 0.01 40 32.9 0.0884209 0.245492 23.0352 0.0633627 0.174657 1.40583
60006856 0 0.01 40 32.9 0.129344 0.0090614 8.93824 0.0448477 0.00624255 1.40583
60007977 0 0.01 40 32.9 0.401032 0.482193 17.4166 0.207481 0.253523 1.40583
60008853 0 0.01 40 32.9 0.339039 -0.106457 9.72087 0.10242 -0.026105 1.40583
60009492 0 0.01 40 32.9 0.239345 0.315682 27.3698 0.198577 0.259194 1.40583
60010701 0 0.01 40 32.9 -0.123594 -0.482666 25.7113 -0.0960825 -0.375706 1.40583
60010905 0 0.01 40 32.9 -0.174047 0.246692 31.8581 -0.167001 0.239993 1.40583
60011220 0 0.01 40 32.9 0.0898075 -0.253724 15.9058 0.0462037 -0.124657 1.40583
60013948 0 0.01 40 32.9 0.269848 -0.427719 48.0191 0.393677 -0.624071 1.40583
34001443 0 0.01 40 32.9 0.406854 -0.156261 23.6546 0.293823 -0.113904 1.40586
34004619 0 0.01 40 32.9 -0.0285974 0.301708 18.4445 -0.0132981 0.170292 1.40586
34009155 0 0.01 40 32.9 -0.0801395 0.0286039 13.9402 -0.0301246 0.00675622 1.40586
34012778 0 0.01 40 32.9 0.0823977 0.262229 14.2798 0.0392334 0.111101 1.40586
34014000 0 0.01 40 32.9 0.24529 -0.47033 20.1977 0.151668 -0.292072 1.40586
33000351 0 0.01 40 32.9 -0.135769 -0.300808 23.5567 -0.0962642 -0.216931 1.40541
33001157 0 0.01 40 32.9 -0.182094 -0.469711 14.1318 -0.0732969 -0.201931 1.40541
33003251 0 0.01 40 32.9 -0.0630956 -0.131417 15.4116 -0.0285072 -0.0630177 1.40541
33003465 0 0.01 40 32.9 0.0368686 0.0257253 28.3728 0.0282696 0.0214138 1.40541
33004448 0 0.01 40 32.9 -0.38294 -0.126149 7.79969 -0.0997402 -0.0233556 1.40541
33005553 0 0.01 40 32.9 -0.00753834 -0.361184 15.3176 0.00258487 -0.168178 1.40541
33006398 0 0.01 40 32.9 0.283939 0.168131 20.7225 0.179266 0.107292 1.40541
33007982 0 0.01 40 32.9 -0.10786 0.120336 35.371 -0.116624 0.128502 1.40541
33008802 0 0.01 40 32.9 0.462769 -0.263306 7.46744 0.105049 -0.048761 1.40541
33008815 0 0.01 40 32.9 0.183 0.435315 21.9764 0.121055 0.286514 1.40541
33009018 0 0.01 40 32.9 -0.219283 0.400602 18.5689 -0.125197 0.224779 1.40541
33009156 0 0.01 40 32.9 -0.459145 0.441251 56.1789 -0.785301 0.756916 1.40541
33009612 0 0.01 40 32.9 -0.0240853 -0.43051 28.2165 -0.0167742 -0.366891 1.40541
33012044 0 0.01 40 32.9 -0.358511 -0.437971 22.9667 -0.247983 -0.30607 1.40541
33014389 0 0.01 40 32.9 -0.153738 -0.253169 9.81563 -0.0382895 -0.0677771 1.40541
33014535 0 0.01 40 32.9 0.123228 0.496098 21.0754 0.0798025 0.320087 1.40541
32003857 0 0.01 39.9999 32.9 0.357972 -0.116508 14.9925 0.161479 -0.0541348 1.40614
32004063 0 0.01 40 32.9 0.408959 0.0297192 23.9993 0.29793 0.0210487 1.40614
32004531 0 0.01 40 32.9 -0.228293 0.131267 37.2342 -0.255236 0.146484 1.40614
32005407 0 0.01 40 32.9 -0.0310181 0.0904126 22.4972 -0.0221715 0.0595682 1.40614
32008504 0 0.01 40 32.9 -0.0472933 -0.00263583 19.2125 -0.0222891 0.00123266 1.40614
32008678 0 0.01 40 32.9 0.165919 -0.442179 19.9615 0.098771 -0.267733 1.40614
32010591 0 0.01 40 32.9 -0.206721 -0.340515 19.1923 -0.119813 -0.196845 1.40614
32012691 0 0.01 40 32.9 0.311111 -0.407126 15.6181 0.148806 -0.194695 1.40614
32012909 0 0.01 40 32.9 0.256884 0.157058 20.4315 0.158783 0.104007 1.40614
32012929 0 0.01 40 32.9 -0.0128261 -0.198433 33.8145 -0.016455 -0.201032 1.40614
32014438 0 0.01 40 32.9 0.261056 -0.164373 32.6311 0.25725 -0.162722 1.40614
31002676 0 0.01 40 32.9 0.150816 0.0419807 12.7173 0.0631152 0.0174559 1.40528
31003268 0 0.01 40 32.9 0.131853 0.372144 29.5303 0.117078 0.33794 1.40528
31003786 0 0.01 40 32.9 0.098549 0.0309622 12.6163 0.0409529 0.0143088 1.40528
31007051 0 0.01 40 32.9 0.495551 -0.322244 24.9984 0.377983 -0.242799 1.40528
31013946 0 0.01 40 32.9 0.125617 0.388397 19.2016 0.0712811 0.225071 1.40528
31015544 0 0.01 40 32.9 0.469169 0.0917113 19.6607 0.278669 0.0555193 1.40528
18000447 0 0.01 40 32.9 -0.242552 -0.316402 22.125 -0.163283 -0.215134 1.40653
18001382 0 0.01 40 32.9 0.496808 -0.353381 28.9507 0.434903 -0.308789 1.40653
18004038 0 0.01 40 32.9 0.0261887 -0.296618 20.8843 0.0117675 -0.191157 1.40653
18004560 0 0.01 40 32.9 -0.370105 -0.474013 21.1152 -0.232435 -0.302581 1.40653
18006358 0 0.01 40 32.9 -0.355773 0.378438 20.635 -0.226521 0.240135 1.40653
18007981 0 0.01 40 32.9 -0.368711 0.319921 19.3565 -0.213509 0.186261 1.40653
18012147 0 0.01 40 32.9 -0.48127 0.14528 20.3007 -0.297577 0.0928658 1.40653
18012210 0 0.01 40 32.9 -0.358234 0.016906 21.1997 -0.232198 0.0118313 1.40653
18012256 0 0.01 40 32.9 0.207761 0.221275 19.9357 0.122761 0.13559 1.40653
18012685 0 0.01 40 32.9 0.251239 -0.0377794 19.7574 0.155274 -0.0178056 1.40653
17000648 0 0.01 40 32.9 -0.198297 -0.0218356 17.1946 -0.099915 -0.0105156 1.40512
17005070 0 0.01 40 32.9 0.110639 0.0247037 22.6655 0.0736723 0.0180941 1.40512
17006734 0 0.01 40 32.9 0.017203 -0.00337528 18.7303 0.0105376 -0.00914584 1.40512
17006928 0 0.01 40 32.9 0.364529 -0.473251 50.0479 0.55648 -0.718872 1.40512
17007442 0 0.01 40 32.9 0.139796 -0.288312 16.8873 0.0736457 -0.144019 1.40512
17007623 0 0.01 40 32.9 -0.269689 0.343362 12.3779 -0.100373 0.136126 1.40512
17009128 0 0.01 40 32.9 -0.254231 0.442314 26.3006 -0.203953 0.354694 1.40512
17012077 0 0.01 40 32.9 -0.38531 -0.418161 5.93533 -0.0535176 -0.0689208 1.40512
17013110 0 0.01 40 32.9 -0.288393 -0.000333766 22.1217 -0.195729 -0.00126567 1.40512
17015051 0 0.01 40 32.9 -0.16762 -0.487402 26.7025 -0.13506 -0.398368 1.40512
16001517 0 0.01 40 32.9 0.283664 -0.320606 21.2246 0.183219 -0.2053 1.40574
16001557 0 0.01 40 32.9 0.0954316 0.378786 23.4894 0.0686735 0.270009 1.40574
16007419 0 0.01 40 32.9 0.310411 -0.273769 22.5843 0.211866 -0.189151 1.40574
16008417 0 0.01 40 32.9 -0.119948 0.387901 18.0364 -0.063331 0.210892 1.40574
16008782 0 0.01 40 32.9 -0.0562247 0.117235 58.4347 -0.100828 0.209175 1.40574
16008963 0 0.01 40 32.9 -0.0207531 0.290503 27.9285 -0.0188621 0.24629 1.40574
16008982 0 0.01 40 32.9 -0.47096 0.248148 16.8139 -0.243652 0.123405 1.40574
16012388 0 0.01 40 32.9 -0.233219 0.427825 13.6017 -0.0971297 0.179542 1.40574
16014602 0 0.01 40 32.9 0.387335 0.291372 17.6907 0.210176 0.162188 1.40574
16015175 0 0.01 40 32.9 -0.284093 -0.199784 17.9682 -0.16054 -0.108097 1.40574
16015452 0 0.01 40 32.9 -0.0292546 0.141981 25.5571 -0.0247474 0.11196 1.40574
14000901 0 0.01 40 32.9 -0.365642 0.451004 10.4766 -0.114564 0.151478 1.40594
14002105 0 0.01 40 32.9 -0.304461 0.312324 19.0299 -0.174615 0.182782 1.40594
14004662 0 0.01 40 32.9 -0.41244 -0.337265 23.9 -0.299345 -0.24869 1.40594
14005393 0 0.01 40 32.9 -0.344298 -0.143955 19.8158 -0.202913 -0.0895842 1.40594
14007554 0 0.01 40 32.9 -0.205096 -0.02591 6.72894 -0.046639 -0.0111204 1.40594
14011185 0 0.01 40 32.9 -0.272172 0.490542 22.477 -0.185189 0.333751 1.40594
14012544 0 0.01 40 32.9 -0.0226483 0.126491 15.7493 -0.0135225 0.0598204 1.40594
14013853 0 0.01 40 32.9 0.421177 -0.217548 14.6022 0.192703 -0.102006 1.40594
14014305 0 0.01 40 32.9 -0.245574 0.371213 16.5303 -0.117501 0.183216 1.40594
14014411 0 0.01 40 32.9 0.134496 0.436825 15.9482 0.0652539 0.211269 1.40594
14014612 0 0.01 40.0001 32.9 0.341611 0.495986 62.8916 0.653363 0.9478 1.40594
14015014 0 0.01 40 32.9 -0.440128 -0.160422 14.6148 -0.194278 -0.072998 1.40594
14015178 0 0.01 40 32.9 -0.301707 0.175315 10.9853 -0.0919918 0.0632516 1.40594
14015509 0 0.01 40 32.9 -0.178337 0.132934 21.8571 -0.116366 0.0930979 1.40594
15000702 0 0.01 40 32.9 0.180219 0.355465 18.3151 0.103132 0.197509 1.40615
15002134 0 0.01 40 32.9 0.0136676 0.358905 21.4114 0.00735029 0.239859 1.40615
15003390 0 0.01 40 32.9 0.381576 -0.317978 36.2706 0.418847 -0.348859 1.40615
15005035 0 0.01 40 32.9 -0.012084 -0.294867 27.3683 -0.00590799 -0.242759 1.40615
15005143 0 0.01 40 32.9 -0.465262 -0.108606 20.2609 -0.282887 -0.0646845 1.40615
15006343 0 0.01 40 32.9 -0.407783 0.0476102 11.6644 -0.141965 0.018389 1.40615
15010979 0 0.01 40 32.9 0.0762795 0.017219 19.0045 0.0423365 0.00935649 1.40615
13001395 0 0.01 40 32.9 -0.0294436 -0.136564 29.2493 -0.0239613 -0.121951 1.4062
13001558 0 0.01 40 32.9 -0.0249479 0.453012 17.7648 -0.0133144 0.250226 1.4062
13012315 0 0.01 40 32.9 -0.389373 0.00422585 10.6717 -0.132133 0.00311221 1.4062
13015391 0 0.01 40 32.9 -0.307672 -0.252468 14.4021 -0.132886 -0.104719 1.4062
92001280 0 0.01 40 32.9 -0.429503 0.271011 29.7188 -0.389494 0.245669 1.40489
92003732 0 0.01 40 32.9 0.457217 -0.368561 28.4189 0.39314 -0.312482 1.40489
92015558 0 0.01 40 32.9 0.455121 -0.145921 57.5765 0.795547 -0.25637 1.40489
20007504 0 0.01 40 32.9 -0.0582329 -0.146459 9.54491 -0.0132824 -0.0373197 1.40639
20011695 0 0.01 40 32.9 -0.141933 0.00373695 11.6097 -0.0507708 0.00643145 1.40639
20012911 0 0.01 40 32.9 0.474698 -0.368343 21.4981 0.31374 -0.234396 1.40639
20014124 0 0.01 40 32.9 -0.0844485 -0.350378 20.1204 -0.0533643 -0.217638 1.40639
93002020 0 0.01 40 32.9 0.427878 0.325099 27.587 0.359502 0.27537 1.40597
93004523 0 0.01 40 32.9 0.393381 0.325637 17.9192 0.215444 0.177264 1.40597
93007069 0 0.01 40 32.9 0.00589617 -0.0902465 17.5892 0.00230336 -0.0488205 1.40597
93007586 0 0.01 40 32.9 0.0563341 -0.194516 11.643 0.0235809 -0.0726566 1.40597
93011949 0 0.01 40 32.9 -0.0528525 -0.0851109 15.4261 -0.0254756 -0.0427549 1.40597
93013180 0 0.01 40 32.9 0.190674 0.108027 18.4519 0.103984 0.068344 1.40597
91001376 0 0.01 40 32.9 0.0574508 -0.0844404 9.99024 0.0221366 -0.0287924 1.40603
91012095 0 0.01 40 32.9 0.163903 0.338157 33.2145 0.166044 0.339685 1.40603
91013487 0 0.01 40 32.9 -0.106193 0.0470584 13.951 -0.0460097 0.02369 1.40603
88000708 0 0.01 40 32.9 0.229597 -0.368347 20.6094 0.143797 -0.229933 1.40569
88001218 0 0.01 40 32.9 -0.377298 -0.393213 14.5493 -0.172301 -0.173924 1.40569
88003232 0 0.01 40 32.9 -0.0145313 0.244339 70.0517 -0.0307322 0.519561 1.40569
88005480 0 0.01 40 32.9 0.0147422 0.154235 19.6055 0.00369966 0.0981712 1.40569
88006495 0 0.01 40 32.9 0.443128 -0.145137 85.6451 1.15405 -0.37398 1.40569
88007649 0 0.01 40 32.9 -0.418313 0.234735 16.1735 -0.206016 0.116655 1.40569
88008320 0 0.01 40 32.9 0.195563 0.2674 14.7961 0.0875894 0.118534 1.40569
88011769 0 0.01 40 32.9 0.0851549 0.318613 9.96192 0.0320377 0.0986816 1.40569
88012947 0 0.01 40 32.9 0.0840503 -0.394745 20.6065 0.0562888 -0.247025 1.40569
88015424 0 0.01 40 32.9 -0.408208 -0.45178 10.897 -0.13786 -0.150229 1.40569
86002249 0 0.01 40 32.9 0.0774644 -0.346306 37.5106 0.0886194 -0.392933 1.40609
86003517 0 0.01 40 32.9 -0.341108 0.0667062 17.1457 -0.17865 0.0340276 1.40609
86003853 0 0.01 40 32.9 -0.465029 0.443019 19.8896 -0.277383 0.269441 1.40609
86004428 0 0.01 40 32.9 -0.19124 0.324617 50.9916 -0.296941 0.504356 1.40609
86004590 0 0.01 40 32.9 -0.113454 0.260217 21.2849 -0.0748452 0.171185 1.40609
86004876 0 0.01 40 32.9 0.155388 -0.417757 52.65 0.250718 -0.669637 1.40609
86005811 0 0.01 40 32.9 -0.0141073 0.113082 19.2195 -0.0136131 0.0674793 1.40609
86005915 0 0.01 40 32.9 -0.21073 0.316896 15.1221 -0.0996627 0.143933 1.40609
86006460 0 0.01 40 32.9 -0.44929 -0.329836 19.6331 -0.262051 -0.190911 1.40609
86009004 0 0.01 40 32.9 0.0877756 -0.325935 85.8279 0.228992 -0.851128 1.40609
86011385 0 0.01 40 32.9 -0.0574844 -0.443888 16.1362 -0.0278813 -0.218098 1.40609
86011693 0 0.01 40 32.9 -0.15231 -0.0611732 22.171 -0.102387 -0.0437153 1.40609
86013943 0 0.01 40 32.9 0.287294 0.0399688 22.0968 0.193919 0.0269061 1.40609
64006122 0 0.01 40 32.9 -0.286923 0.140642 52.3093 -0.458616 0.226131 1.40555
64006802 0 0.01 40 32.9 0.0501776 0.381681 22.817 0.0344619 0.267859 1.40555
64008045 0 0.01 40 32.9 0.151179 -0.318235 21.0112 0.0984303 -0.196818 1.40555
64008452 0 0.01 40 32.9 -0.341679 -0.00162952 37.046 -0.38432 -0.00237836 1.40555
64009184 0 0.01 40 32.9 -0.315045 -0.45598 20.9668 -0.199847 -0.289019 1.40555
64009274 0 0.01 40 32.9 -0.444513 -0.327041 19.8966 -0.270636 -0.197844 1.40555
64014993 0 0.01 40 32.9 -0.433051 -0.145414 16.0239 -0.210153 -0.0708383 1.40555
87001055 0 0.01 40 32.9 0.0414951 -0.087761 8.65884 0.00753379 -0.0324427 1.40581
87002448 0 0.01 40 32.9 0.448674 -0.422693 30.0859 0.410318 -0.38684 1.40581
87003422 0 0.01 40 32.9 0.378908 -0.36791 10.6173 0.119151 -0.108858 1.40581
87004277 0 0.01 40 32.9 0.0812204 0.4963 19.241 0.0457316 0.288327 1.40581
87008417 0 0.01 40 32.9 -0.1447 0.378883 21.7123 -0.0948199 0.251971 1.40581
87010708 0 0.01 40 32.9 -0.112795 -0.148293 7.42134 -0.0255864 -0.0279322 1.40581
87010841 0 0.01 40 32.9 0.100125 -0.0937744 14.2589 0.0387247 -0.0355016 1.40581
87010918 0 0.01 40 32.9 -0.375363 0.381253 22.3207 -0.254706 0.258186 1.40581
87012335 0 0.01 40 32.9 0.464431 0.195317 34.0647 0.478074 0.20288 1.40581
87014496 0 0.01 40 32.9 0.0566572 0.305279 19.5037 0.0305109 0.183437 1.40581
87015046 0 0.01 40 32.9 -0.0893439 0.360661 24.6587 -0.0660511 0.272951 1.40581
62000274 0 0.01 40 32.9 -0.249488 -0.384591 18.629 -0.137708 -0.218087 1.40651
62002924 0 0.01 40 32.9 -0.0568663 0.296119 31.5879 -0.0542149 0.286894 1.40651
62008436 0 0.01 40 32.9 0.0221486 -0.0682358 20.2918 0.0087521 -0.0435626 1.40651
62008647 0 0.01 40 32.9 0.199412 0.15968 5.66923 0.0438836 0.0134366 1.40651
62012920 0 0.01 40 32.9 -0.209014 -0.132605 11.9787 -0.0716836 -0.0455128 1.40651
62013995 0 0.01 40 32.9 0.239833 0.438294 13.116 0.0948672 0.163013 1.40651
63000682 0 0.01 40 32.9 0.191767 0.344286 16.9664 0.0987115 0.178267 1.40522
63000821 0 0.01 40 32.9 0.147483 -0.46359 15.6856 0.0621839 -0.220526 1.40522
63002129 0 0.01 40 32.9 0.232943 0.305646 22.7481 0.163144 0.211103 1.40522
63004183 0 0.01 40 32.9 -0.381488 -0.0487583 20.4603 -0.238157 -0.0280473 1.40522
63009577 0 0.01 40 32.9 -0.375661 0.373927 34.4587 -0.393602 0.3925 1.40522
63011931 0 0.01 40 32.9 -0.146396 0.241327 16.9438 -0.0765618 0.120227 1.40522
63014280 0 0.01 40 32.9 0.168185 0.0744834 15.3087 0.0798835 0.029922 1.40522
30002354 0 0.01 40 32.9 0.287805 -0.390386 21.3701 0.188522 -0.248192 1.40491
30006654 0 0.01 40 32.9 0.111968 0.471805 7.76102 0.0195126 0.116468 1.40491
30008223 0 0.01 40 32.9 0.24309 -0.463469 20.4482 0.150354 -0.288264 1.40491
30008398 0 0.01 40 32.9 0.208984 -0.366343 19.7792 0.128356 -0.217944 1.40491
30009949 0 0.01 40 32.9 0.0452302 -0.459356 19.8304 0.023522 -0.279181 1.40491
30010991 0 0.01 40 32.9 0.276582 -0.356537 27.8134 0.228284 -0.302125 1.40491
30014835 0 0.01 40 32.9 0.209696 0.275029 27.084 0.175085 0.227135 1.40491
30015491 0 0.01 40 32.9 -0.00663037 -0.294063 26.9888 -0.00575298 -0.242421 1.40491
61000296 0 0.01 40 32.9 0.364131 -0.491631 17.908 0.19673 -0.2682 1.40456
61004238 0 0.01 40 32.9 0.478746 0.141766 24.1214 0.350082 0.102586 1.40456
61006184 0 0.01 40 32.9 0.315978 -0.377785 24.4849 0.234512 -0.279884 1.40456
61010551 0 0.01 40 32.9 0.440305 -0.314108 21.5872 0.291024 -0.204655 1.40456
61011014 0 0.01 40 32.9 0.0292642 0.383115 20.8554 0.0138523 0.243669 1.40456
61014528 0 0.01 40 32.9 0.103131 -0.0906939 19.2155 0.0602547 -0.052414 1.40456
61014646 0 0.01 40 32.9 0.397473 0.394756 17.0488 0.205276 0.202026 1.40456
61015150 0 0.01 40 32.9 0.362156 -0.312574 20.0389 0.216766 -0.188953 1.40456
61015814 0 0.01 40 32.9 0.321173 -0.262116 15.8804 0.152793 -0.12754 1.40456
1001869 0 0.01 40 32.9 0.300017 0.307104 37.1715 0.337304 0.348502 1.40434
1002366 0 0.01 40 32.9 0.480867 0.396932 21.3279 0.312378 0.256928 1.40434
1005371 0 0.01 40 32.9 -0.181668 0.325219 20.6567 -0.11075 0.204151 1.40434
1005388 0 0.01 40 32.9 0.379438 -0.0845577 18.3626 0.216507 -0.0449142 1.40434
1008026 0 0.01 40 32.9 -0.468067 -0.314522 19.8748 -0.285367 -0.195798 1.40434
1009760 0 0.01 40 32.9 0.225414 0.139064 18.147 0.123194 0.0772759 1.40434
1009857 0 0.01 40 32.9 0.253736 0.299457 23.9158 0.181739 0.2158 1.40434
1010047 0 0.01 40 32.9 0.120304 0.46438 26.0158 0.0952935 0.367153 1.40434
1010252 0 0.01 40 32.9 0.110687 -0.327665 15.9374 0.0526952 -0.156541 1.40434
1011482 0 0.01 40 32.9 -0.0646305 -0.156493 18.5343 -0.0354978 -0.0855343 1.40434
1013956 0 0.01 40 32.9 -0.0848516 0.49811 23.7994 -0.0587821 0.365088 1.40434
1014721 0 0.01 40 32.9 -0.428096 0.456564 27.6664 -0.357349 0.382903 1.40434
1015171 0 0.01 40 32.9 -0.357516 0.372615 18.7801 -0.20524 0.210718 1.40434
29002290 0 0.01 40 32.9 -0.182703 0.130134 20.4684 -0.114544 0.0800949 1.40596
29004798 0 0.01 40 32.9 0.181201 -0.392656 23.3621 0.133399 -0.275618 1.40596
29007591 0 0.01 40 32.9 0.133194 -0.271168 16.8655 0.0635752 -0.137614 1.40596
29014929 0 0.01 40 32.9 0.0661149 -0.317304 18.2759 0.0362392 -0.174574 1.40596
1659 0 0.01 40 32.9 -0.239772 0.121551 17.2563 -0.128371 0.063224 1.40603
2921 0 0.01 40 32.9 0.390659 0.494128 8.51951 0.100583 0.138283 1.40603
8091 0 0.01 40 32.9 -0.41277 0.442416 13.2036 -0.169079 0.178884 1.40603
9958 0 0.01 40 32.9 0.364458 -0.269812 17.0978 0.191379 -0.141862 1.40603
11470 0 0.01 40 32.9 0.317062 0.386177 37.5001 0.359084 0.440162 1.40603
11767 0 0.01 40 32.9 0.38692 -0.444189 20.8618 0.246111 -0.278868 1.40603
13947 0 0.01 40 32.9 -0.169747 -0.0205429 20.6116 -0.102825 -0.0109376 1.40603
15419 0 0.01 40 32.9 0.142885 -0.257731 14.0393 0.0593999 -0.110164 1.40603
15564 0 0.01 40 32.9 -0.310994 0.0399862 9.32469 -0.0870937 0.0143141 1.40603
15842 0 0.01 40 32.9 -0.4422 -0.264101 20.434 -0.273441 -0.168551 1.40603
19002128 0 0.01 40 32.9 0.142701 0.385158 7.21727 0.0350999 0.0831669 1.40571
19008475 0 0.01 40 32.9 0.493055 -0.461824 18.6852 0.284509 -0.264573 1.40571
19010650 0 0.01 40 32.9 0.012741 -0.310188 20.4452 0.0083373 -0.19618 1.40571
19012509 0 0.01 40 32.9 -0.3307 -0.133768 9.97266 -0.104816 -0.0431495 1.40571
19012782 0 0.01 40 32.9 0.290738 -0.267503 32.7625 0.291481 -0.261557 1.40571
19013376 0 0.01 40 32.9 -0.375537 0.226158 24.2966 -0.277648 0.163775 1.40571
19013458 0 0.01 40 32.9 -0.0491457 -0.198844 18.8589 -0.0273968 -0.110271 1.40571
19014137 0 0.01 40 32.9 -0.21963 0.303003 19.4255 -0.127631 0.180652 1.40571
19015077 0 0.01 40 32.9 0.359113 0.364984 8.11584 0.0897999 0.0787175 1.40571
97001171 0 0.01 40 32.9 0.153466 -0.352056 20.5322 0.0948163 -0.216499 1.40538
97001704 0 0.01 40 32.9 0.498662 0.392724 17.7752 0.263449 0.218307 1.40538
97001989 0 0.01 40 32.9 -0.450986 0.270574 52.8653 -0.724605 0.438891 1.40538
97002176 0 0.01 40 32.9 0.456115 0.443137 17.9517 0.247267 0.237868 1.40538
97003677 0 0.01 40 32.9 0.308115 0.15922 22.1696 0.204561 0.10949 1.40538
97005515 0 0.01 40 32.9 -0.261541 -0.331284 22.9529 -0.182409 -0.231719 1.40538
97006599 0 0.01 40 32.9 0.207643 0.477195 17.58 0.110717 0.252739 1.40538
97007560 0 0.01 40 32.9 -0.230184 0.0300149 16.0404 -0.116491 0.0107531 1.40538
97009442 0 0.01 40 32.9 -0.327671 -0.326933 25.9369 -0.261452 -0.257413 1.40538
97012384 0 0.01 40 32.9 0.232083 0.417462 5.10612 0.0343526 0.0464322 1.40538
97013749 0 0.01 40 32.9 -0.0498663 0.420117 27.3341 -0.0439682 0.350987 1.40538
97015293 0 0.01 40 32.9 -0.177174 0.214872 20.3288 -0.11151 0.13605 1.40538
90000169 0 0.01 40 32.9 -0.497022 -0.128527 12.1981 -0.182284 -0.0523906 1.40542
90000816 0 0.01 40 32.9 -0.477191 -0.387863 43.531 -0.630021 -0.51441 1.40542
90001647 0 0.01 40 32.9 0.342456 0.354092 29.7743 0.309934 0.31854 1.40542
90003439 0 0.01 40 32.9 -0.340549 0.075793 15.6051 -0.160813 0.0365872 1.40542
90005061 0 0.01 40 32.9 0.0086819 -0.453999 20.4876 0.00906019 -0.284319 1.40542
90005364 0 0.01 40 32.9 0.423417 -0.0514607 17.2735 0.219575 -0.029153 1.40542
90006453 0 0.01 40 32.9 0.338414 0.461399 29.7433 0.30197 0.41728 1.40542
90008356 0 0.01 40 32.9 -0.0999038 0.410822 19.3875 -0.0564891 0.241612 1.40542
90010100 0 0.01 40 32.9 -0.399257 0.145353 27.679 -0.339558 0.124589 1.40542
90011695 0 0.01 40 32.9 -0.204091 -0.487538 20.1363 -0.127331 -0.294185 1.40542
90012798 0 0.01 40 32.9 0.302659 0.124582 23.2466 0.211254 0.0874586 1.40542
90013598 0 0.01 40 32.9 0.392013 -0.283124 21.8142 0.255635 -0.190618 1.40542
90013999 0 0.01 40 32.9 -0.0631844 -0.0227166 12.4974 -0.0271274 -0.00222595 1.40542
7002977 0 0.01 40 32.9 0.312142 0.238283 30.1438 0.287103 0.219429 1.40544
7003209 0 0.01 40 32.9 -0.256362 0.326375 19.9151 -0.15393 0.196262 1.40544
7005731 0 0.01 40 32.9 0.287811 0.144959 16.7104 0.146682 0.0706805 1.40544
7005806 0 0.01 40 32.9 0.465639 0.476316 54.8419 0.775625 0.795443 1.40544
7007677 0 0.01 40 32.9 -0.319441 -0.106204 24.3924 -0.236504 -0.0750637 1.40544
7009513 0 0.01 40 32.9 0.0658677 0.0126945 50.2235 0.0998498 0.0204942 1.40544
7010399 0 0.01 40 32.9 0.312658 -0.0576444 18.9769 0.181253 -0.0301151 1.40544
7013799 0 0.01 40 32.9 0.224006 -0.250852 20.2818 0.136784 -0.150978 1.40544
7013999 0 0.01 40 32.9 -0.334782 -0.13963 53.5212 -0.54446 -0.225918 1.40544
7015243 0 0.01 40 32.9 -0.00207032 -0.35918 21.1883 -0.00558431 -0.231808 1.40544
89005742 0 0.01 40 32.9 0.490878 -0.258274 22.6954 0.339581 -0.175235 1.40526
89009063 0 0.01 40 32.9 -0.322062 -0.312358 23.6915 -0.228992 -0.226581 1.40526
89011780 0 0.01 40 32.9 -0.39691 0.405507 12.8075 -0.154097 0.16943 1.40526
89012643 0 0.01 40 32.9 0.336335 -0.376474 45.6175 0.465674 -0.520012 1.40526
89013355 0 0.01 40 32.9 0.336494 -0.387429 16.8122 0.174357 -0.195283 1.40526
89014845 0 0.01 40 32.9 0.358684 0.158425 29.3366 0.32012 0.141223 1.40526
