604 13 0.01 0.4 32.9 0.102002 0.262223 4.78453 0.0149898 0.0405927 134.491
670 13 0.01 0.4 32.9 0.0616804 0.133425 1.73271 0.00220349 0.00741114 146.554
1270 13 0.01 0.4 32.9 -0.237959 0.361014 3.45576 -0.0253175 0.0357926 152.824
1656 13 0.01 0.4 32.9 0.196316 -0.419004 14.0852 0.0806538 -0.177588 128.674
3033 13 0.01 0.4 32.9 -0.0134257 0.133963 8.06401 -0.00482053 0.0314133 143.064
5015 13 0.01 0.4 32.9 0.357013 0.27227 4.2544 0.0479961 0.0338059 155.291
5459 13 0.01 0.4 32.9 -0.00679408 -0.431312 5.98579 0.000116609 -0.0796171 153.178
5839 13 0.01 0.4 32.9 0.0671358 0.10077 3.61001 0.00928816 0.0129036 145.029
6854 13 0.01 0.4 32.9 -0.478529 -0.212963 2.78462 -0.0383563 -0.0188945 144.269
7156 13 0.01 0.4 32.9 0.374177 -0.100188 7.70861 0.0859137 -0.0221459 132.184
7893 13 0.01 0.4 32.9 -0.486234 -0.479728 2.04867 -0.0334286 -0.0292593 141.711
8383 13 0.01 0.4 32.9 0.331659 0.366026 5.74084 0.0551672 0.0668759 143.176
9351 13 0.01 0.4 32.9 -0.141549 -0.263816 6.01171 -0.0261902 -0.0487969 144.699
9986 13 0.01 0.4 32.9 0.380434 0.175014 8.3281 0.0951018 0.0449336 134.842
11643 13 0.01 0.4 32.9 0.358895 -0.339999 7.61709 0.0827086 -0.0787411 147.061
11713 13 0.01 0.4 32.9 -0.331325 0.210302 1.11363 -0.0115226 0.00599435 138.397
12054 13 0.01 0.4 32.9 0.112077 -0.0543993 7.16217 0.0255651 -0.0130189 145.883
12416 13 0.01 0.4 32.9 0.446745 -0.392523 7.61897 0.103826 -0.0886385 133.619
12691 13 0.01 0.4 32.9 0.422398 0.465683 7.67211 0.0989592 0.110024 138.984
13160 13 0.01 0.4 32.9 -0.216551 0.364227 3.40386 -0.0265929 0.0372129 143.173
13818 13 0.01 0.4 32.9 -0.00212764 0.0823768 4.43068 -0.0022052 0.0117643 150.483
14424 13 0.01 0.4 32.9 0.018321 0.166626 7.57647 0.00743466 0.0359523 130.308
17786 13 0.01 0.4 32.9 0.177852 0.392186 5.44127 0.0299711 0.0655005 152.217
18076 13 0.01 0.4 32.9 -0.307923 -0.083251 2.50569 -0.0228435 -0.00474133 146.46
18643 13 0.01 0.4 32.9 -0.265217 -0.317377 4.3562 -0.0348627 -0.0430255 144.281
19018 13 0.01 0.4 32.9 -0.210555 -0.108103 11.2801 -0.0741553 -0.0370024 133.068
19170 13 0.01 0.4 32.9 -0.0123262 -0.345887 7.65339 -0.00242164 -0.0804203 147.079
19414 13 0.01 0.4 32.9 -0.0993104 0.0323983 3.36341 -0.00780846 0.00310411 140.015
19472 13 0.01 0.4 32.9 -0.480258 0.307294 5.50401 -0.0791985 0.0526955 150.791
20318 13 0.01 0.4 32.9 0.367773 0.040329 2.21211 0.023905 -0.000311069 133.919
20958 13 0.01 0.4 32.9 -0.246193 0.259681 3.14305 -0.0245695 0.0237864 143.447
22378 13 0.01 0.4 32.9 -0.00823432 -0.431658 4.29732 -0.00114853 -0.0549869 156.227
24213 13 0.01 0.4 32.9 -0.259339 -0.335521 9.05139 -0.0704422 -0.0926944 138.57
24502 13 0.01 0.4 32.9 -0.118909 -0.322964 5.18393 -0.0175134 -0.0496254 148.567
24830 13 0.01 0.4 32.9 -0.0128083 -0.0403439 4.35326 -0.00192297 -0.00703852 152.6
25457 13 0.01 0.4 32.9 -0.396038 0.436577 6.45282 -0.0768394 0.083477 148.689
26776 13 0.01 0.4 32.9 -0.203048 -0.194388 2.01065 -0.0122029 -0.0152396 146.365
27634 13 0.01 0.4 32.9 -0.139164 -0.425311 3.21492 -0.0140557 -0.0400672 155.472
28008 13 0.01 0.4 32.9 -0.47739 0.45648 4.58603 -0.0661682 0.0630788 142.299
29384 13 0.01 0.4 32.9 -0.134696 0.437856 13.8672 -0.0576665 0.183102 133.036
30209 13 0.01 0.4 32.9 0.271395 0.222256 2.74545 0.0244447 0.0172319 140.334
31351 13 0.01 0.4 32.9 -0.369499 0.357085 5.2105 -0.0562935 0.0570788 156.159
31669 13 0.01 0.4 32.9 -0.2403 0.190491 6.57688 -0.0486444 0.0385093 135.03
32694 13 0.01 0.4 32.9 -0.149922 0.358657 4.86433 -0.0220272 0.0523159 140.554
33446 13 0.01 0.4 32.9 -0.367423 0.380815 2.47598 -0.0289742 0.0291394 144.241
33479 13 0.01 0.4 32.9 0.198956 -0.387784 1.89154 0.0101828 -0.02186 144.519
34287 13 0.01 0.4 32.9 0.0414668 -0.402491 3.74746 0.00404824 -0.0446069 153.769
35175 13 0.01 0.4 32.9 -0.102832 0.338077 11.9545 -0.0373009 0.124684 134.813
35514 13 0.01 0.4 32.9 -0.168257 -0.0604351 2.58628 -0.0159232 -0.0064505 141.58
35952 13 0.01 0.4 32.9 -0.0719397 0.445748 9.63955 -0.0211537 0.12772 134.479
36521 13 0.01 0.4 32.9 -0.197836 -0.471985 12.3256 -0.0740428 -0.175749 135.042
36951 13 0.01 0.4 32.9 0.360234 -0.328545 4.22143 0.0451445 -0.0427809 139.051
37859 13 0.01 0.4 32.9 -0.417221 0.158441 6.17157 -0.0786862 0.0294816 145.609
38791 13 0.01 0.4 32.9 -0.295183 -0.0341971 4.95459 -0.0444121 -0.00358806 148.585
39440 13 0.01 0.4 32.9 0.338797 -0.0696601 2.06989 0.0188379 -0.00246609 139.566
39798 13 0.01 0.4 32.9 0.0271814 -0.00973952 5.33661 0.00235765 -0.00178269 152.372
40231 13 0.01 0.4 32.9 -0.234071 0.283896 3.08666 -0.021885 0.0279393 138.884
40239 13 0.01 0.4 32.9 -0.373211 -0.101343 3.8701 -0.0454201 -0.0132978 156.58
42899 13 0.01 0.4 32.9 -0.155102 0.191763 12.3367 -0.0574021 0.0696747 131.858
43093 13 0.01 0.4 32.9 0.0286626 -0.213813 4.96814 0.00442518 -0.0329742 140.329
43165 13 0.01 0.4 32.9 -0.386996 -0.404333 7.81383 -0.0919878 -0.0968873 136.629
43678 13 0.01 0.4 32.9 0.445695 -0.195461 5.51808 0.0741783 -0.0362175 146.356
45224 13 0.01 0.4 32.9 0.354032 0.0707949 8.81626 0.096338 0.0172252 136.93
45689 13 0.01 0.4 32.9 -0.135528 0.180318 7.58091 -0.0303832 0.0446001 130.195
46805 13 0.01 0.4 32.9 0.462651 -0.00601334 3.172 0.0445951 -1.15971e-05 144.135
46974 13 0.01 0.4 32.9 0.481362 0.23586 19.3576 0.282838 0.134546 129.771
47925 13 0.01 0.4 32.9 -0.0701045 -0.474271 2.02394 -0.00340919 -0.0290388 144.5
48689 13 0.01 0.4 32.9 -0.190677 -0.145496 5.00719 -0.0295926 -0.0223703 139.79
49220 13 0.01 0.4 32.9 0.24101 -0.292205 12.6714 0.0943461 -0.115504 134.265
49628 13 0.01 0.4 32.9 -0.0696023 -0.0950634 2.62958 -0.00958394 -0.00891984 149.214
50530 13 0.01 0.4 32.9 0.363863 -0.211989 1.46416 0.0181517 -0.00795719 131.876
51875 13 0.01 0.4 32.9 0.435767 0.117076 5.72097 0.0742003 0.0206851 138.405
52101 13 0.01 0.4 32.9 0.427663 0.284054 4.14984 0.0549913 0.0358039 151.707
52636 13 0.01 0.4 32.9 0.117512 0.346541 5.02927 0.01689 0.0543129 153.933
53132 13 0.01 0.4 32.9 -0.340731 0.35567 1.66436 -0.0172288 0.0207574 145.965
53671 13 0.01 0.4 32.9 -0.400158 -0.0380249 4.13205 -0.0508459 -0.00627262 147.185
53710 13 0.01 0.4 32.9 0.0085501 -0.357018 3.9335 0.00104116 -0.0423663 151.083
56679 13 0.01 0.4 32.9 0.45652 -0.354148 4.52494 0.0626078 -0.0506739 148.832
58146 13 0.01 0.4 32.9 -0.41782 0.277455 7.38848 -0.0947818 0.0657528 142.197
58264 13 0.01 0.4 32.9 -0.346323 0.208153 4.90162 -0.0519061 0.0320975 140.458
58935 13 0.01 0.4 32.9 -0.0342201 -0.303969 4.92093 -0.00693149 -0.0457656 154.504
62532 13 0.01 0.4 32.9 -0.338133 0.485295 4.84513 -0.0497424 0.0718443 146.537
63499 13 0.01 0.4 32.9 -0.326036 -0.44668 4.42463 -0.0453654 -0.059515 135.446
64127 13 0.01 0.4 32.9 -0.275075 0.140904 4.55672 -0.0382185 0.0209227 144.781
64175 13 0.01 0.4 32.9 -0.302337 0.0950146 5.33693 -0.0493108 0.0161466 147.881
67065 13 0.01 0.4 32.9 0.206608 -0.310498 3.54973 0.0240989 -0.0324567 148.404
67786 13 0.01 0.4 32.9 0.0709205 0.123478 2.25423 0.00428138 0.00482171 140.472
69013 13 0.01 0.4 32.9 -0.103426 0.477553 11.5334 -0.0365639 0.167754 130.75
69555 13 0.01 0.4 32.9 0.444673 0.169716 2.55476 0.0318208 0.015173 142.74
69606 13 0.01 0.4 32.9 0.250002 0.193051 6.76394 0.0521384 0.0393639 140.25
69698 13 0.01 0.4 32.9 0.132996 0.384601 7.164 0.027469 0.084187 137.12
70405 13 0.01 0.4 32.9 -0.495392 -0.445164 7.64083 -0.1153 -0.10238 143.198
70950 13 0.01 0.4 32.9 -0.149943 -0.296994 5.58654 -0.0232165 -0.0502578 154.663
71151 13 0.01 0.4 32.9 0.13617 -0.0485542 9.75397 0.0391747 -0.0151347 137.623
71990 13 0.01 0.4 32.9 0.474463 -0.128468 3.40338 0.0496555 -0.0132094 142.917
72326 13 0.01 0.4 32.9 0.149613 0.215343 3.77675 0.016592 0.021882 147.054
72657 13 0.01 0.4 32.9 -0.273942 -0.121723 6.19119 -0.0514027 -0.0228865 147.162
73505 13 0.01 0.4 32.9 0.277363 -0.115514 1.3463 0.0108352 -0.00429201 149.035
74950 13 0.01 0.4 32.9 -0.029659 -0.318189 1.97111 -0.00126263 -0.0180872 147.473
75137 13 0.01 0.4 32.9 0.106082 0.180859 4.72721 0.0143173 0.0248266 129.093
75244 13 0.01 0.4 32.9 0.184675 0.184849 2.13684 0.0117702 0.01437 138.425
76720 13 0.01 0.4 32.9 0.110019 0.228531 5.41315 0.0194002 0.0367125 154.189
77844 13 0.01 0.4 32.9 -0.0379379 -0.238124 11.3523 -0.0136648 -0.0844917 133.149
77954 13 0.01 0.4 32.9 0.472977 0.15175 1.55316 0.0239334 0.00919304 132.156
79096 13 0.01 0.4 32.9 -0.405055 -0.0533856 1.7209 -0.0205977 -0.00219466 135.29
79416 13 0.01 0.4 32.9 -0.28916 0.417444 3.58533 -0.0332359 0.0465249 146.359
79808 13 0.01 0.4 32.9 -0.470776 -0.375622 3.39602 -0.046084 -0.0385473 138.477
82588 13 0.01 0.4 32.9 0.43676 0.227743 7.86982 0.103614 0.05541 142.558
82712 13 0.01 0.4 32.9 0.193699 0.0735711 2.83824 0.017132 0.00454387 142.452
83746 13 0.01 0.4 32.9 -0.136016 -0.309287 9.36869 -0.0386882 -0.0890617 136.862
85002 13 0.01 0.4 32.9 -0.223969 0.254178 5.32743 -0.0367295 0.0391001 151.306
85253 13 0.01 0.4 32.9 0.187981 0.0282681 9.73095 0.0573782 0.00720566 134.987
85684 13 0.01 0.4 32.9 0.353061 -0.141435 3.58149 0.0363378 -0.0169127 153.119
86079 13 0.01 0.4 32.9 -0.450564 0.401468 4.13003 -0.0551294 0.0477747 149.24
86422 13 0.01 0.4 32.9 -0.267911 -0.164165 27.3317 -0.221203 -0.137444 127.645
87542 13 0.01 0.4 32.9 -0.380688 -0.104568 2.93329 -0.0341963 -0.0119462 148.904
92529 13 0.01 0.4 32.9 -0.202719 0.482844 5.64044 -0.0323525 0.0811118 145.18
93817 13 0.01 0.4 32.9 -0.445717 -0.320732 7.20774 -0.0977039 -0.0694631 142.635
94314 13 0.01 0.4 32.9 -0.284728 0.443398 21.9436 -0.191574 0.295721 128.769
95532 13 0.01 0.4 32.9 -0.245193 0.0940752 6.563 -0.0482345 0.0219998 139.905
95764 13 0.01 0.4 32.9 0.381659 0.248242 4.44234 0.0490359 0.0336701 153.039
98344 13 0.01 0.4 32.9 -0.377954 0.407536 0.678009 -0.00862649 0.00947213 139.021
98403 13 0.01 0.4 32.9 -0.247636 0.235116 2.95562 -0.0224156 0.0207719 146.911
98606 13 0.01 0.4 32.9 -0.24917 0.208969 4.70516 -0.0346313 0.0292326 141.234
99783 13 0.01 0.4 32.9 -0.057809 0.0895844 1.44588 -0.00246505 0.00528933 135.098
100019 13 0.01 0.4 32.9 -0.032411 -0.22349 4.66485 -0.00421215 -0.0309981 141.666
100094 13 0.01 0.4 32.9 -0.498874 0.258739 9.13616 -0.136946 0.0717635 136.717
100859 13 0.01 0.4 32.9 0.373194 -0.299262 3.62943 0.0403051 -0.0329039 144.352
101133 13 0.01 0.4 32.9 -0.0677193 -0.0888467 8.46657 -0.0171852 -0.025379 139.796
101539 13 0.01 0.4 32.9 -0.212396 -0.0402761 3.50139 -0.0233548 -0.00451362 152.298
101554 13 0.01 0.4 32.9 -0.497543 -0.35086 11.846 -0.18058 -0.126855 136.052
101595 13 0.01 0.4 32.9 -0.265127 0.453499 3.45319 -0.0282715 0.0485912 151.279
102769 13 0.01 0.4 32.9 0.311825 -0.12831 5.53247 0.0508255 -0.0221227 150.432
104069 13 0.01 0.4 32.9 0.332356 0.435913 12.349 0.126676 0.164466 130.816
104474 13 0.01 0.4 32.9 0.239014 0.36694 8.90669 0.064707 0.0993134 135.042
105534 13 0.01 0.4 32.9 -0.183728 -0.20601 6.50157 -0.0370411 -0.0407542 140.311
105702 13 0.01 0.4 32.9 -0.246603 -0.281431 7.54404 -0.0577801 -0.0663406 140.881
106298 13 0.01 0.4 32.9 0.239193 -0.420266 6.42204 0.0455927 -0.0839594 138.206
107495 13 0.01 0.4 32.9 0.413145 -0.462474 7.56079 0.0931058 -0.103322 147.137
109283 13 0.01 0.4 32.9 -0.2404 -0.15828 6.80104 -0.0491277 -0.0332232 131.437
111698 13 0.01 0.4 32.9 -0.236266 -0.11757 10.9055 -0.0772435 -0.0422935 136.238
112424 13 0.01 0.4 32.9 -0.174356 0.370891 3.53768 -0.015711 0.039261 145.672
112433 13 0.01 0.4 32.9 0.462272 0.17557 8.20926 0.113615 0.0417728 135.442
112853 13 0.01 0.4 32.9 -0.191384 -0.435626 5.0704 -0.0284443 -0.0664137 136.302
112864 13 0.01 0.4 32.9 -0.24831 0.111381 5.32661 -0.0394154 0.0189669 150.388
112917 13 0.01 0.4 32.9 -0.475655 0.414611 2.37518 -0.0340595 0.0303038 151.138
116218 13 0.01 0.4 32.9 -0.354028 0.0410972 2.82788 -0.0321044 0.00349408 146.993
116362 13 0.01 0.4 32.9 -0.364644 -0.0869279 3.05332 -0.0355561 -0.00605531 149.017
117388 13 0.01 0.4 32.9 -0.473373 0.0702064 3.22845 -0.046051 0.00836407 150.631
117819 13 0.01 0.4 32.9 0.0385172 -0.355328 6.93428 0.00383391 -0.0736978 146.268
117993 13 0.01 0.4 32.9 -0.0617865 -0.400162 5.31758 -0.0100301 -0.0640498 133.651
118820 13 0.01 0.4 32.9 -0.425963 0.268508 3.70928 -0.0455163 0.0317445 146.66
119707 13 0.01 0.4 32.9 0.464159 0.278085 5.58259 0.0776654 0.0471885 154.664
120750 13 0.01 0.4 32.9 -0.242553 -0.378141 4.81136 -0.0336847 -0.0548776 141.095
121303 13 0.01 0.4 32.9 -0.240749 -0.341221 3.47774 -0.0225671 -0.0344057 141.694
121763 13 0.01 0.4 32.9 -0.348148 0.475607 6.28477 -0.0645044 0.0911423 152.099
121815 13 0.01 0.4 32.9 -0.230485 -0.0909022 8.37649 -0.0596973 -0.022057 142.475
123580 13 0.01 0.4 32.9 0.4417 0.476465 3.21823 0.0431445 0.0483134 150.229
125189 13 0.01 0.4 32.9 -0.0198398 -0.129609 3.63552 -0.000938552 -0.0139235 142.413
125291 13 0.01 0.4 32.9 0.0224085 -0.442204 30.7082 0.021888 -0.411286 127.037
125392 13 0.01 0.4 32.9 0.309817 -0.254006 2.73798 0.0276749 -0.0201483 145.27
125966 13 0.01 0.4 32.9 0.189325 -0.145506 7.64999 0.0469307 -0.0371444 143.596
128013 13 0.01 0.4 32.9 -0.288727 -0.278492 3.15479 -0.0280139 -0.0274672 132.725
128131 13 0.01 0.4 32.9 0.078067 0.247382 7.07055 0.0158499 0.0543339 142.713
129869 13 0.01 0.4 32.9 0.364034 -0.1079 6.28028 0.0686988 -0.0204675 141.479
131679 13 0.01 0.4 32.9 0.328585 0.331472 4.01682 0.0395822 0.0385901 154.262
135821 13 0.01 0.4 32.9 0.0941021 0.489536 7.11277 0.0198472 0.107733 143.478
136095 13 0.01 0.4 32.9 -0.472666 0.0609906 5.65647 -0.0805193 0.00949477 150.432
136127 13 0.01 0.4 32.9 -0.30134 -0.118453 12.237 -0.112418 -0.04598 134.463
137363 13 0.01 0.4 32.9 0.403346 -0.382965 5.25951 0.0631543 -0.058154 139.25
137974 13 0.01 0.4 32.9 -0.0638324 -0.0775689 5.09705 -0.00859225 -0.0126711 155.315
138050 13 0.01 0.4 32.9 -0.389337 -0.430642 5.58039 -0.0667313 -0.0767476 140.652
138187 13 0.01 0.4 32.9 -0.0490536 0.25483 6.11521 -0.0081533 0.0469279 149.143
138363 13 0.01 0.4 32.9 0.112391 0.410897 5.17752 0.0180066 0.0627829 140.013
138401 13 0.01 0.4 32.9 0.0366194 0.250995 6.13717 0.00982547 0.0475103 145.67
138479 13 0.01 0.4 32.9 -0.0456844 -0.416376 11.8988 -0.0178325 -0.150446 134.714
142373 13 0.01 0.4 32.9 -0.268852 -0.0660934 5.79794 -0.0493751 -0.0137025 143.863
142381 13 0.01 0.4 32.9 0.194648 -0.392187 13.3117 0.0793172 -0.160034 132.854
142566 13 0.01 0.4 32.9 0.202573 -0.011201 5.33102 0.0325096 -0.00306026 140.805
143050 13 0.01 0.4 32.9 -0.41775 -0.253182 5.79002 -0.0737644 -0.0436342 151.829
144089 13 0.01 0.4 32.9 0.238595 0.111305 6.31804 0.0445036 0.0214181 152.336
145850 13 0.01 0.4 32.9 -0.396333 0.277095 4.29531 -0.0513094 0.0374162 149.966
146056 13 0.01 0.4 32.9 -0.219927 -0.287898 14.193 -0.0917755 -0.126122 131.922
146761 13 0.01 0.4 32.9 0.288992 0.23584 4.87493 0.0425722 0.0359744 156.655
147092 13 0.01 0.4 32.9 0.486365 -0.215801 8.09632 0.121152 -0.0536951 132.807
148322 13 0.01 0.4 32.9 0.0858948 0.00287072 12.954 0.0331496 0.000310754 128.878
149111 13 0.01 0.4 32.9 0.0980766 -0.313432 4.6098 0.0142679 -0.0428099 141.618
149913 13 0.01 0.4 32.9 -0.113218 -0.38817 11.2482 -0.0401291 -0.133449 136.637
149943 13 0.01 0.4 32.9 -0.244397 0.207881 5.17924 -0.0389792 0.0319036 138.531
150783 13 0.01 0.4 32.9 -0.336228 0.390121 4.61176 -0.0469528 0.0545813 152.768
150946 13 0.01 0.4 32.9 0.361954 -0.211269 6.86187 0.0763746 -0.0436217 149.259
151691 13 0.01 0.4 32.9 0.127331 -0.471558 4.82982 0.0185758 -0.0708268 141.212
152154 13 0.01 0.4 32.9 -0.227155 0.238705 4.9706 -0.0334562 0.0348541 148.606
152523 13 0.01 0.4 32.9 0.484632 0.0208723 2.12199 0.0315943 0.00359319 139.673
153377 13 0.01 0.4 32.9 0.326471 0.141115 2.59443 0.0273601 0.0123967 142.286
153545 13 0.01 0.4 32.9 0.0623451 -0.0701185 4.33731 0.00875808 -0.0102605 150.868
154580 13 0.01 0.4 32.9 0.263358 0.187293 3.07244 0.0258938 0.0181678 136.73
157434 13 0.01 0.4 32.9 0.331392 0.0158747 3.65235 0.0367228 0.001307 154.247
159149 13 0.01 0.4 32.9 -0.00816875 -0.130925 3.90627 0.000515379 -0.014274 155.469
160321 13 0.01 0.4 32.9 -0.355385 -0.195616 7.83921 -0.084985 -0.0503607 146.17
161892 13 0.01 0.4 32.9 -0.00646115 -0.449735 4.68372 -0.00122107 -0.0599609 153.832
162220 13 0.01 0.4 32.9 -0.409585 0.220567 4.64661 -0.0588517 0.0286206 152.799
162733 13 0.01 0.4 32.9 0.450078 -0.250546 9.49573 0.129624 -0.0765833 137.815
164553 13 0.01 0.4 32.9 -0.123155 0.111743 6.35483 -0.0228208 0.0212869 143.326
165143 13 0.01 0.4 32.9 0.159347 -0.47671 4.88207 0.0219701 -0.0717716 156.74
165558 13 0.01 0.4 32.9 0.0718876 0.362886 5.36871 0.0122271 0.0598215 144.124
166054 13 0.01 0.4 32.9 0.328784 0.195515 6.30727 0.0676708 0.0365893 143.932
167320 13 0.01 0.4 32.9 -0.232185 0.431049 11.2769 -0.080415 0.149374 129.142
169150 13 0.01 0.4 32.9 -0.250147 -0.388409 4.19542 -0.0310993 -0.0495169 152.499
169881 13 0.01 0.4 32.9 0.0468446 0.356559 5.0831 0.00712631 0.0560454 139.068
170065 13 0.01 0.4 32.9 -0.351026 0.11023 6.08958 -0.064486 0.0211876 141.44
170365 13 0.01 0.4 32.9 0.379534 -0.0453333 6.22429 0.0755827 -0.00842322 128.974
170496 13 0.01 0.4 32.9 0.0136458 -0.314654 9.11239 0.0029486 -0.0870531 140.589
171701 13 0.01 0.4 32.9 -0.0436785 0.448752 3.24667 -0.00333357 0.0473473 139.344
174015 13 0.01 0.4 32.9 0.0148684 -0.482797 3.41011 0.000825755 -0.0515867 151.411
175247 13 0.01 0.4 32.9 0.220264 -0.00206907 2.3176 0.0133184 0.000442479 146.422
177899 13 0.01 0.4 32.9 0.117397 0.326702 5.85872 0.0187009 0.0573808 153.609
177920 13 0.01 0.4 32.9 -0.220105 0.470345 3.49887 -0.0229502 0.049839 133.378
177983 13 0.01 0.4 32.9 0.413586 0.227857 6.25747 0.0780014 0.0435445 142.96
180109 13 0.01 0.4 32.9 -0.0563927 -0.3277 15.0604 -0.0259003 -0.149143 130.952
181993 13 0.01 0.4 32.9 -0.195417 0.272895 6.28015 -0.0370241 0.0519268 149.443
182321 13 0.01 0.4 32.9 0.240643 -0.300247 8.3736 0.0609633 -0.0746807 144.151
182705 13 0.01 0.4 32.9 0.0907107 0.304671 5.23103 0.0162467 0.0462091 149.291
182735 13 0.01 0.4 32.9 0.403133 -0.125516 5.9646 0.0722088 -0.0206566 142.947
182820 13 0.01 0.4 32.9 -0.136803 -0.427027 1.37045 -0.00587271 -0.0191856 137.003
182932 13 0.01 0.4 32.9 0.260523 0.0124514 3.59034 0.0278387 0.00114097 146.451
183973 13 0.01 0.4 32.9 0.305084 -0.444279 5.50959 0.0511413 -0.0731759 139.651
185183 13 0.01 0.4 32.9 0.250313 0.182794 5.29775 0.0410565 0.0293595 139.765
185339 13 0.01 0.4 32.9 0.467672 0.268786 1.65068 0.0244925 0.0161181 136.891
185557 13 0.01 0.4 32.9 -0.3035 0.363341 3.30217 -0.0310041 0.0369196 147.512
186220 13 0.01 0.4 32.9 -0.0390095 0.224854 5.40644 -0.00530228 0.0368344 147.169
186920 13 0.01 0.4 32.9 -0.449545 -0.326746 2.06207 -0.0296446 -0.0214077 139.657
187099 13 0.01 0.4 32.9 0.340531 0.0761072 8.61833 0.0894395 0.0181412 143.209
190167 13 0.01 0.4 32.9 0.334658 0.238919 6.86743 0.06811 0.0474351 145.415
190429 13 0.01 0.4 32.9 0.196191 0.231148 5.09239 0.0296753 0.0351924 139.2
190438 13 0.01 0.4 32.9 -0.247416 -0.344162 4.04395 -0.0302139 -0.0420681 144.071
190956 13 0.01 0.4 32.9 -0.0413761 -0.387541 1.34646 -4.03538e-05 -0.0162559 142.034
191300 13 0.01 0.4 32.9 0.323873 0.374329 6.91347 0.0668228 0.0759508 150.082
192380 13 0.01 0.4 32.9 -0.0871524 0.186107 3.65986 -0.0102369 0.0217516 137.326
192595 13 0.01 0.4 32.9 0.402146 -0.161194 6.76048 0.0851305 -0.034015 149.907
192620 13 0.01 0.4 32.9 -0.390826 0.0426785 5.22754 -0.0620108 0.00631538 146.075
193398 13 0.01 0.4 32.9 0.0720676 0.341357 13.3825 0.0299666 0.13763 132.124
194489 13 0.01 0.4 32.9 -0.0700078 0.404474 6.17184 -0.0131811 0.0762822 140.442
194697 13 0.01 0.4 32.9 0.0673115 0.101379 5.31003 0.0108582 0.0181072 148.181
195116 13 0.01 0.4 32.9 -0.0988336 -0.322218 6.57659 -0.023042 -0.0647438 139.775
195262 13 0.01 0.4 32.9 -0.30864 0.0821042 4.78164 -0.0419586 0.0121692 147.927
196996 13 0.01 0.4 32.9 0.129572 0.21454 8.5671 0.0363997 0.052132 142.929
197534 13 0.01 0.4 32.9 0.207172 -0.0444467 5.04605 0.0323733 -0.00806866 143.558
197803 13 0.01 0.4 32.9 0.381818 0.471981 2.81987 0.0290735 0.0381115 152.945
198733 13 0.01 0.4 32.9 -0.11124 0.353814 6.82411 -0.0228143 0.0713146 139.755
198818 13 0.01 0.4 32.9 0.0819708 0.467886 7.95853 0.0216554 0.113426 145.723
199197 13 0.01 0.4 32.9 -0.225389 -0.377544 13.6682 -0.0931998 -0.15642 133.56
199692 13 0.01 0.4 32.9 -0.222462 0.10075 7.19439 -0.0494635 0.0211828 144.982
200092 13 0.01 0.4 32.9 -0.209297 0.295923 7.02609 -0.0462844 0.0641538 146.714
202077 13 0.01 0.4 32.9 0.363588 -0.358236 4.85093 0.0539667 -0.0531591 147.725
202391 13 0.01 0.4 32.9 0.275623 -0.0698452 2.29808 0.0193624 -0.00725281 145.355
202968 13 0.01 0.4 32.9 -0.29695 0.458078 6.16637 -0.0547449 0.0879182 137.011
203129 13 0.01 0.4 32.9 0.453753 0.412526 9.10695 0.124362 0.114321 130.027
204665 13 0.01 0.4 32.9 0.329544 -0.405957 3.38931 0.036604 -0.0418748 139.668
205973 13 0.01 0.4 32.9 -0.496008 -0.0411526 1.88518 -0.0270219 -0.0017532 132.412
205983 13 0.01 0.4 32.9 0.0619168 0.0266407 19.5426 0.0347824 0.0146754 129.564
206412 13 0.01 0.4 32.9 -0.394427 0.0186946 4.62743 -0.0541955 0.00129379 142.893
206570 13 0.01 0.4 32.9 0.184239 -0.0385199 3.34867 0.0182361 -0.00381863 139.701
207904 13 0.01 0.4 32.9 0.0875059 -0.0328938 4.01276 0.0105631 -0.00377521 150.102
208170 13 0.01 0.4 32.9 -0.47954 0.351666 2.71226 -0.0383126 0.0309882 138.79
208569 13 0.01 0.4 32.9 0.34653 -0.463478 4.16925 0.0436123 -0.0569294 156.718
209016 13 0.01 0.4 32.9 -0.494775 0.415206 4.47796 -0.0683339 0.0564528 150.673
209291 13 0.01 0.4 32.9 -0.0502739 -0.127643 5.09202 -0.00602505 -0.0199854 133.424
209637 13 0.01 0.4 32.9 -0.310576 -0.320768 8.04244 -0.0732417 -0.0774974 131.214
209928 13 0.01 0.4 32.9 -0.478139 -0.300627 8.26088 -0.120386 -0.0756772 143.626
211111 13 0.01 0.4 32.9 0.143273 -0.395456 11.4545 0.0496916 -0.13721 134.123
212189 13 0.01 0.4 32.9 0.486019 -0.161809 3.56471 0.0528799 -0.0165195 141.37
212806 13 0.01 0.4 32.9 0.141626 -0.0873702 4.28012 0.01869 -0.0112676 146.036
213337 13 0.01 0.4 32.9 -0.163715 0.491917 10.5068 -0.0528729 0.156382 136.963
213478 13 0.01 0.4 32.9 -0.177732 0.2454 8.82531 -0.0471928 0.0693878 139.831
214163 13 0.01 0.4 32.9 -0.153648 0.377424 5.76741 -0.0282697 0.068902 139.309
214702 13 0.01 0.4 32.9 0.394857 0.428919 5.25996 0.0652136 0.0697456 139.94
214762 13 0.01 0.4 32.9 -0.239376 0.37468 3.81513 -0.0291478 0.0435098 151.518
215278 13 0.01 0.4 32.9 -0.212597 0.433812 4.92012 -0.0316715 0.0653147 138.256
218416 13 0.01 0.4 32.9 -0.0763326 0.350221 13.9821 -0.0325111 0.148417 131.612
218635 13 0.01 0.4 32.9 0.0664161 -0.22772 5.22539 0.00814562 -0.0386206 155.678
218896 13 0.01 0.4 32.9 0.26428 -0.400355 4.63267 0.0358275 -0.0562351 137.171
219234 13 0.01 0.4 32.9 0.356342 0.275844 1.62959 0.0159923 0.0146881 141.272
219871 13 0.01 0.4 32.9 0.125975 -0.143123 4.34672 0.0164278 -0.0213219 156.195
221153 13 0.01 0.4 32.9 -0.273661 0.0682843 4.08494 -0.0343998 0.00918309 141.716
222755 13 0.01 0.4 32.9 -0.104135 0.318095 6.85728 -0.0222379 0.0659354 138.061
225074 13 0.01 0.4 32.9 0.0129161 -0.0798023 6.47601 0.00106633 -0.015014 140.242
225428 13 0.01 0.4 32.9 0.10738 -0.18606 5.10843 0.0150525 -0.0282121 142.883
226664 13 0.01 0.4 32.9 -0.301825 -0.270723 4.84191 -0.0462888 -0.0383539 138.792
226905 13 0.01 0.4 32.9 0.192262 0.327772 6.58786 0.0385867 0.0669318 143.422
226978 13 0.01 0.4 32.9 -0.269257 -0.215429 5.21789 -0.0416431 -0.031554 136.503
227166 13 0.01 0.4 32.9 -0.172334 0.185439 2.23662 -0.00919197 0.0113547 135.337
227909 13 0.01 0.4 32.9 0.0905116 -0.0725162 4.83142 0.0137303 -0.00924703 154.841
231102 13 0.01 0.4 32.9 -0.425147 -0.00332293 2.89615 -0.0378254 -0.00227198 152.728
232113 13 0.01 0.4 32.9 -0.0958022 0.090582 5.57945 -0.0146668 0.0153254 129.685
233034 13 0.01 0.4 32.9 0.0752312 0.256583 3.55306 0.00965754 0.0280215 155.659
235696 13 0.01 0.4 32.9 -0.458498 -0.030192 2.89037 -0.0382011 -0.00311241 140.377
236049 13 0.01 0.4 32.9 -0.183059 0.12305 4.83194 -0.027497 0.0171118 131.05
236486 13 0.01 0.4 32.9 0.349218 -0.0453018 5.09255 0.05294 -0.0072683 156.006
236651 13 0.01 0.4 32.9 -0.03039 -0.0854802 4.99308 -0.00162962 -0.0118715 136.989
237072 13 0.01 0.4 32.9 0.126485 -0.239139 6.99658 0.0273007 -0.0518262 140.185
238194 13 0.01 0.4 32.9 -0.269363 -0.0945223 1.67183 -0.0140956 -0.00528478 141.305
238493 13 0.01 0.4 32.9 -0.100737 -0.410092 3.35904 -0.0097843 -0.0412076 156.226
240469 13 0.01 0.4 32.9 0.30573 -0.221813 10.5919 0.0984751 -0.06885 136.994
240936 13 0.01 0.4 32.9 -0.289908 0.359952 6.55028 -0.0579852 0.0702585 135.697
243640 13 0.01 0.4 32.9 -0.239774 0.298265 5.63983 -0.0405939 0.0516628 150.643
243672 13 0.01 0.4 32.9 -0.214672 -0.0559921 7.39901 -0.049603 -0.0108054 142.262
244422 13 0.01 0.4 32.9 -0.285787 -0.306165 6.19678 -0.0524544 -0.0576454 132.838
246779 13 0.01 0.4 32.9 0.138882 0.446728 15.7189 0.0657441 0.214628 131.84
247500 13 0.01 0.4 32.9 0.495588 -0.196664 6.24882 0.0928163 -0.0365735 149.257
248402 13 0.01 0.4 32.9 0.0285995 0.26745 6.01866 0.00385872 0.0500654 136.076
250276 13 0.01 0.4 32.9 0.124997 0.191988 4.75325 0.0186205 0.0283816 153.218
250373 13 0.01 0.4 32.9 -0.0866786 0.412422 2.21236 -0.00502251 0.0282094 144.917
250473 13 0.01 0.4 32.9 -0.165335 0.270845 9.99091 -0.0492152 0.0820995 126.977
250602 13 0.01 0.4 32.9 0.304423 -0.0744693 3.72462 0.0337102 -0.00801769 138.186
251093 13 0.01 0.4 32.9 0.139426 0.125783 6.22971 0.0272926 0.0227191 151.907
251102 13 0.01 0.4 32.9 0.383128 -0.337514 3.09662 0.035441 -0.0300314 150.515
252401 13 0.01 0.4 32.9 -0.19224 -0.376356 2.45727 -0.0163595 -0.0271475 145.218
255309 13 0.01 0.4 32.9 -0.0224144 0.257905 14.4423 -0.00924199 0.111807 132.254
255735 13 0.01 0.4 32.9 0.0218932 -0.448161 7.50837 0.00386941 -0.101291 129.312
256571 13 0.01 0.4 32.9 -0.403852 -0.179076 4.69582 -0.0588075 -0.0268361 147.55
258199 13 0.01 0.4 32.9 -0.307811 -0.0686955 2.45953 -0.0228377 -0.00493122 144.445
258946 13 0.01 0.4 32.9 0.254018 0.100746 4.13305 0.0304748 0.0128296 155.543
259018 13 0.01 0.4 32.9 0.341936 -0.140677 7.7042 0.081352 -0.0321402 135.041
260794 13 0.01 0.4 32.9 -0.317863 0.29719 5.71318 -0.0543549 0.0517088 140.745
262563 13 0.01 0.4 32.9 0.0621318 0.250587 6.14693 0.0107475 0.0469008 130.735
262941 13 0.01 0.4 32.9 0.224227 0.286853 6.15717 0.0419912 0.0548188 134.959
264558 13 0.01 0.4 32.9 0.250736 0.231811 2.48057 0.0184044 0.020655 140.705
264832 13 0.01 0.4 32.9 0.0743966 -0.0112479 11.0638 0.0254064 -0.00373583 133.291
266427 13 0.01 0.4 32.9 -0.270522 -0.0704215 2.54741 -0.0214424 -0.00582713 151.013
267495 13 0.01 0.4 32.9 0.318915 0.061001 3.30895 0.0341574 0.00494563 143.294
268379 13 0.01 0.4 32.9 -0.290406 -0.214426 3.43143 -0.0277411 -0.0228806 151.07
270846 13 0.01 0.4 32.9 -0.312494 0.262568 5.87175 -0.0574579 0.0471538 147.907
271492 13 0.01 0.4 32.9 -0.0623972 0.0896771 4.54707 -0.00929303 0.011278 145.052
273165 13 0.01 0.4 32.9 0.0890903 0.0291708 4.9839 0.01629 0.00440433 147.368
273990 13 0.01 0.4 32.9 -0.0434313 -0.443376 6.83824 -0.00755076 -0.0926518 137.432
274716 13 0.01 0.4 32.9 -0.101877 -0.399635 3.18571 -0.010628 -0.0390196 143.616
274800 13 0.01 0.4 32.9 -0.160852 0.0789673 3.62705 -0.019147 0.00738117 147.642
275301 13 0.01 0.4 32.9 -0.289012 0.419919 2.52893 -0.0215495 0.0322357 150.22
275803 13 0.01 0.4 32.9 0.122941 0.31299 8.49347 0.0342358 0.0811746 134.176
276791 13 0.01 0.4 32.9 0.499118 0.413941 2.20425 0.0348839 0.0264402 130.453
277970 13 0.01 0.4 32.9 -0.19008 0.280779 5.49708 -0.0314805 0.0479441 147.709
279249 13 0.01 0.4 32.9 -0.029011 -0.196024 7.45182 -0.00657136 -0.0442613 143.331
280812 13 0.01 0.4 32.9 -0.289402 -0.308482 8.55142 -0.0747917 -0.0780203 138.538
281290 13 0.01 0.4 32.9 0.449602 0.172051 6.38382 0.0868354 0.0343155 147.992
281426 13 0.01 0.4 32.9 0.410325 0.266083 4.51807 0.056797 0.0356065 143.224
281666 13 0.01 0.4 32.9 0.326622 -0.207551 5.45587 0.0543454 -0.0353228 146.802
281960 13 0.01 0.4 32.9 -0.254341 0.184653 4.7268 -0.0370456 0.0268277 152.325
282351 13 0.01 0.4 32.9 -0.17753 0.334685 9.39652 -0.0522557 0.094705 136.051
282538 13 0.01 0.4 32.9 0.43983 -0.283139 9.28656 0.125103 -0.0806827 137.389
282717 13 0.01 0.4 32.9 0.161783 -0.359808 3.36708 0.0170593 -0.0343677 150.849
282782 13 0.01 0.4 32.9 -0.230916 0.405381 5.38512 -0.0372563 0.0684953 141.979
283350 13 0.01 0.4 32.9 -0.196403 -0.482085 5.74846 -0.032764 -0.0847788 138.064
283826 13 0.01 0.4 32.9 0.347018 0.142999 6.5078 0.0693377 0.0300992 130.222
284231 13 0.01 0.4 32.9 0.0104618 -0.151492 7.71939 0.00176427 -0.0353924 143.776
285584 13 0.01 0.4 32.9 -0.219491 -0.45564 8.31857 -0.0543644 -0.115503 139.689
287231 13 0.01 0.4 32.9 -0.196157 -0.309508 11.2715 -0.0660713 -0.105856 130.656
287717 13 0.01 0.4 32.9 0.490629 0.411667 8.31287 0.125451 0.104454 144.052
288194 13 0.01 0.4 32.9 0.320152 0.222477 6.34545 0.0639676 0.0436933 152.163
288699 13 0.01 0.4 32.9 0.205199 0.435973 11.641 0.0715204 0.152085 132.639
290700 13 0.01 0.4 32.9 0.0262696 -0.45037 4.3467 0.00312509 -0.0571781 143.441
291047 13 0.01 0.4 32.9 0.0869556 0.355419 5.93632 0.0157157 0.0638094 148.32
293190 13 0.01 0.4 32.9 -0.0034357 -0.234558 1.76901 -0.00150113 -0.0115289 150.962
293445 13 0.01 0.4 32.9 -0.0582385 -0.136922 5.41081 -0.0114734 -0.0237035 150.541
294579 13 0.01 0.4 32.9 -0.102582 -0.303785 4.3803 -0.012544 -0.0430313 150.02
296065 13 0.01 0.4 32.9 -0.0680355 0.336062 6.08315 -0.0119163 0.0618037 148.074
298360 13 0.01 0.4 32.9 0.492559 -0.368215 4.35211 0.0647366 -0.0496177 152.645
298596 13 0.01 0.4 32.9 -0.407925 -0.0107164 2.79916 -0.0344226 -0.000859699 148.162
300178 13 0.01 0.4 32.9 -0.0433564 0.206285 5.66412 -0.00642704 0.0357058 132.091
300496 13 0.01 0.4 32.9 -0.0938312 -0.467994 7.86275 -0.0226201 -0.112886 143.425
302256 13 0.01 0.4 32.9 0.254172 -0.315468 2.9516 0.0212121 -0.0288834 153.729
304431 13 0.01 0.4 32.9 -0.427401 -0.476044 3.68436 -0.0481151 -0.0521913 152.277
305326 13 0.01 0.4 32.9 -0.406292 0.337326 13.1472 -0.164774 0.135614 131.331
305988 13 0.01 0.4 32.9 -0.120558 -0.167829 3.06816 -0.00709116 -0.012907 141.732
307073 13 0.01 0.4 32.9 -0.484943 -0.472396 1.30067 -0.0229604 -0.0179098 139.252
308112 13 0.01 0.4 32.9 -0.372717 0.436318 2.29194 -0.0252497 0.0314574 146.278
309834 13 0.01 0.4 32.9 -0.497715 0.376616 2.9687 -0.0434871 0.032223 144.991
310526 13 0.01 0.4 32.9 0.312428 0.440168 22.1011 0.210864 0.294299 128.593
310529 13 0.01 0.4 32.9 0.373697 -0.0113811 6.99059 0.0796883 -0.00309048 148.03
310859 13 0.01 0.4 32.9 -0.208787 0.0692562 7.01486 -0.0434463 0.0143215 135.453
311182 13 0.01 0.4 32.9 -0.130834 -0.200472 7.17315 -0.0297526 -0.0446587 148.961
312824 13 0.01 0.4 32.9 0.0700124 -0.134043 7.35228 0.0155128 -0.0296097 146.555
313776 13 0.01 0.4 32.9 -0.312159 0.202961 2.31726 -0.0230951 0.0172665 135.937
314092 13 0.01 0.4 32.9 -0.244083 -0.497118 1.8134 -0.0122377 -0.0281681 148.944
314116 13 0.01 0.4 32.9 -0.243673 -0.141801 3.4836 -0.0218122 -0.015992 151.93
315105 13 0.01 0.4 32.9 0.472091 0.333899 3.61249 0.0524715 0.0368336 132.869
315846 13 0.01 0.4 32.9 -0.200851 0.378462 2.77792 -0.0170707 0.0311601 142.046
316319 13 0.01 0.4 32.9 0.307369 0.0295664 4.92556 0.0457773 0.0044885 150.176
317689 13 0.01 0.4 32.9 -0.290768 0.496148 6.57413 -0.0584312 0.0985083 137.219
318899 13 0.01 0.4 32.9 -0.39108 -0.165198 5.31995 -0.0631857 -0.0243133 139.604
319052 13 0.01 0.4 32.9 0.342555 -0.327765 2.54352 0.0283523 -0.022571 140.144
319154 13 0.01 0.4 32.9 0.492243 0.473309 5.26941 0.0781882 0.0759999 151.723
319259 13 0.01 0.4 32.9 0.271857 -0.262617 3.13289 0.0250709 -0.0252534 150.755
320048 13 0.01 0.4 32.9 0.0673387 0.13501 2.35365 0.00526781 0.0101075 128.729
320698 13 0.01 0.4 32.9 0.44439 0.170853 6.05946 0.0819505 0.0312624 144.95
320773 13 0.01 0.4 32.9 0.320911 -0.144095 4.45059 0.0425032 -0.0187768 152.439
321075 13 0.01 0.4 32.9 -0.176482 -0.121901 11.6714 -0.0632586 -0.0446603 135.82
321946 13 0.01 0.4 32.9 0.03532 -0.101488 6.72171 0.00462276 -0.0191005 139.857
324209 13 0.01 0.4 32.9 0.00349392 -0.224018 2.44154 -0.000969144 -0.0155391 131.732
326229 13 0.01 0.4 32.9 0.439391 0.0678803 4.4367 0.058652 0.00939882 147.351
326879 13 0.01 0.4 32.9 -0.489695 -0.0633082 1.12363 -0.0166828 -0.00111529 136.862
327696 13 0.01 0.4 32.9 -0.483551 0.211789 2.62745 -0.0389878 0.0167225 140.692
328210 13 0.01 0.4 32.9 -0.218892 -0.165653 4.99228 -0.0325185 -0.0274419 134.411
328464 13 0.01 0.4 32.9 -0.045891 0.0336051 4.87882 -0.00266029 0.0046466 139.663
328810 13 0.01 0.4 32.9 0.354624 -0.400479 2.45843 0.0249326 -0.02977 138.745
329223 13 0.01 0.4 32.9 -0.311998 -0.282536 4.52308 -0.0430399 -0.0381488 141.163
330982 13 0.01 0.4 32.9 0.493959 0.129503 8.43602 0.12793 0.0341414 137.437
332477 13 0.01 0.4 32.9 0.309655 0.134666 7.15668 0.0682704 0.0291234 149.204
333220 13 0.01 0.4 32.9 0.32051 -0.386048 8.70659 0.0855161 -0.103794 134.172
333233 13 0.01 0.4 32.9 -0.340895 -0.346592 1.07653 -0.0116551 -0.0127187 142.096
334480 13 0.01 0.4 32.9 -0.161735 -0.250596 4.94957 -0.0241681 -0.0402444 145.771
334543 13 0.01 0.4 32.9 0.385046 0.476779 17.5242 0.205614 0.254707 130.188
335055 13 0.01 0.4 32.9 0.00504432 0.299 6.38737 -0.000450994 0.0573447 141.952
335420 13 0.01 0.4 32.9 -0.452132 -0.170539 5.90158 -0.0812664 -0.0315794 152.471
335465 13 0.01 0.4 32.9 0.047141 0.249198 1.37628 -0.000230807 0.0122875 132.13
339517 13 0.01 0.4 32.9 -0.490214 0.0861727 9.54074 -0.142178 0.0229489 137.091
340121 13 0.01 0.4 32.9 -0.323241 0.116274 2.93132 -0.0303861 0.00688495 147.829
340420 13 0.01 0.4 32.9 -0.38965 -0.492227 11.8785 -0.141441 -0.177474 127.649
340592 13 0.01 0.4 32.9 0.395898 0.211443 4.07308 0.0500322 0.0262401 142.883
341038 13 0.01 0.4 32.9 -0.264059 -0.122639 6.91569 -0.0570483 -0.0258218 140.65
342503 13 0.01 0.4 32.9 0.362571 0.14845 3.80794 0.0417809 0.015632 138.384
343501 13 0.01 0.4 32.9 0.0563079 0.133782 4.70753 0.00852233 0.0195613 130.764
343948 13 0.01 0.4 32.9 0.211451 0.42059 6.90212 0.0458348 0.0882286 143.646
345524 13 0.01 0.4 32.9 0.170736 -0.488522 4.4048 0.0240187 -0.0663225 146.487
345526 13 0.01 0.4 32.9 -0.439534 -0.218457 3.493 -0.0474757 -0.0229661 140.119
345974 13 0.01 0.4 32.9 0.42953 -0.325113 2.16568 0.0257061 -0.0234598 145.633
347592 13 0.01 0.4 32.9 0.191095 0.116705 4.46383 0.0289577 0.0130884 149.452
349834 13 0.01 0.4 32.9 0.0667006 0.0879847 4.45238 0.00906095 0.0101613 138.82
352159 13 0.01 0.4 32.9 -0.24731 -0.334466 5.01208 -0.0380172 -0.0518842 128.384
352788 13 0.01 0.4 32.9 0.0374454 -0.0209666 9.72738 0.010296 -0.00390838 133.893
352927 13 0.01 0.4 32.9 -0.000248654 -0.241311 9.31789 -0.00357524 -0.0701153 129.89
353225 13 0.01 0.4 32.9 0.27807 0.364081 10.0008 0.0850117 0.109696 133.461
353426 13 0.01 0.4 32.9 0.0344709 -0.00121338 3.46219 0.00182809 -0.00179537 129.789
354189 13 0.01 0.4 32.9 0.189647 0.263694 9.3326 0.0549923 0.0772251 137.606
354672 13 0.01 0.4 32.9 -0.436001 -0.318711 2.96429 -0.0391584 -0.0286187 137.389
355726 13 0.01 0.4 32.9 -0.425916 -0.492624 35.327 -0.456126 -0.528801 126.628
356149 13 0.01 0.4 32.9 -0.405267 0.288521 6.46719 -0.0800091 0.0552472 143.196
357341 13 0.01 0.4 32.9 0.0690571 -0.394733 6.70928 0.0138612 -0.0788076 140.066
357631 13 0.01 0.4 32.9 -0.485004 -0.224978 9.85431 -0.147294 -0.0683412 139.303
357648 13 0.01 0.4 32.9 0.49745 -0.0640715 7.74395 0.118259 -0.0160677 138.236
358355 13 0.01 0.4 32.9 0.134622 -0.344538 9.12852 0.0369628 -0.0935928 130.951
360849 13 0.01 0.4 32.9 -0.211098 -0.284662 7.17511 -0.0455052 -0.0624759 148.205
361096 13 0.01 0.4 32.9 -0.274029 0.383144 11.4424 -0.0928397 0.133431 136.14
363312 13 0.01 0.4 32.9 -0.110253 -0.442121 5.02717 -0.0168058 -0.0648442 155.007
363466 13 0.01 0.4 32.9 0.344449 0.175452 3.86665 0.0399747 0.0186852 148.185
364205 13 0.01 0.4 32.9 0.395041 0.383489 4.97942 0.059103 0.0588727 151.715
364770 13 0.01 0.4 32.9 -0.270575 0.444069 4.49917 -0.0335135 0.0615827 149.131
364986 13 0.01 0.4 32.9 0.190833 0.359577 3.15645 0.0201141 0.0348746 139.626
366445 13 0.01 0.4 32.9 0.269308 -0.478457 3.00687 0.0253682 -0.0443919 147.804
366552 13 0.01 0.4 32.9 -0.257655 -0.415783 6.78559 -0.054911 -0.0871774 133.785
366639 13 0.01 0.4 32.9 0.325568 -0.0757056 3.37037 0.033216 -0.0088657 148.111
366928 13 0.01 0.4 32.9 0.472221 0.410871 14.522 0.208362 0.180478 131.306
369423 13 0.01 0.4 32.9 -0.0627491 0.139763 9.12332 -0.0145338 0.0403594 133.837
370753 13 0.01 0.4 32.9 -0.425461 -0.493169 3.04655 -0.0390892 -0.0484714 129.971
371982 13 0.01 0.4 32.9 0.087139 0.209482 6.18731 0.0206568 0.0401651 151.357
372119 13 0.01 0.4 32.9 0.419563 0.0747076 6.42687 0.0832304 0.0162788 152.221
372771 13 0.01 0.4 32.9 0.297239 0.055469 4.7623 0.0457175 0.00684824 148.08
372937 13 0.01 0.4 32.9 0.474303 0.410096 3.30531 0.0464575 0.0423348 136.792
373200 13 0.01 0.4 32.9 0.479132 -0.131472 3.03606 0.0396517 -0.0131276 145.021
373923 13 0.01 0.4 32.9 -0.0619756 -0.187778 3.28089 -0.00636095 -0.0195626 137.252
374117 13 0.01 0.4 32.9 -0.258836 0.264733 7.49215 -0.0584737 0.0601347 147.868
376384 13 0.01 0.4 32.9 -0.204597 -0.264678 12.892 -0.0797008 -0.100521 131.343
377026 13 0.01 0.4 32.9 0.498276 0.0553164 4.07873 0.0627744 0.00809731 155.012
377049 13 0.01 0.4 32.9 0.441139 0.384017 4.00206 0.0561471 0.0492955 143.073
378313 13 0.01 0.4 32.9 -0.238451 0.00546314 3.76483 -0.0296818 0.00152948 145.743
379818 13 0.01 0.4 32.9 -0.38004 0.300559 2.20711 -0.0221249 0.020721 138.786
380025 13 0.01 0.4 32.9 0.179247 -0.392695 3.6023 0.0176115 -0.0404899 151.902
380112 13 0.01 0.4 32.9 -0.00639148 -0.223344 3.69679 -0.00108629 -0.0240108 147.116
380657 13 0.01 0.4 32.9 -0.116275 0.0122218 3.68104 -0.0121393 0.000909009 140.702
381844 13 0.01 0.4 32.9 0.43423 0.430565 5.93936 0.0800326 0.0785268 148.402
382101 13 0.01 0.4 32.9 0.393866 -0.289431 6.24293 0.0739322 -0.0571404 152.324
382251 13 0.01 0.4 32.9 -0.349457 -0.0102595 5.4815 -0.0578416 -0.00217454 131.416
382997 13 0.01 0.4 32.9 -0.243162 -0.420759 7.2363 -0.0539356 -0.0929978 148.015
383311 13 0.01 0.4 32.9 0.436372 -0.377496 1.34762 0.020306 -0.0148714 135.357
383393 13 0.01 0.4 32.9 0.440692 -0.356249 6.79138 0.0909031 -0.0743617 137.233
383601 13 0.01 0.4 32.9 0.136915 0.241765 7.81859 0.0327144 0.0578009 144.742
384549 13 0.01 0.4 32.9 0.0069387 -0.0425652 8.70715 0.00456106 -0.0112785 141.294
385903 13 0.01 0.4 32.9 -0.0955397 -0.310818 2.68599 -0.00709724 -0.0232404 145.234
386039 13 0.01 0.4 32.9 0.142901 0.382366 6.0022 0.0256788 0.0696582 141.956
386119 13 0.01 0.4 32.9 0.376973 0.326711 3.922 0.0424091 0.0412129 151.766
386144 13 0.01 0.4 32.9 -0.305157 0.343223 4.58024 -0.0431384 0.0489951 155.954
388389 13 0.01 0.4 32.9 0.1339 -0.377996 11.2554 0.0460799 -0.12765 135.726
389535 13 0.01 0.4 32.9 0.263326 -0.103454 6.55277 0.0529439 -0.0207827 148.712
389604 13 0.01 0.4 32.9 -0.244563 -0.0443631 11.747 -0.0875968 -0.0168273 135.065
389670 13 0.01 0.4 32.9 -0.305882 0.243556 4.72634 -0.0412419 0.032758 143.601
389860 13 0.01 0.4 32.9 0.333736 0.2672 1.75737 0.0189625 0.0129455 142.722
391391 13 0.01 0.4 32.9 -0.0117138 0.0648386 7.7362 -0.00263126 0.0125731 135.095
393470 13 0.01 0.4 32.9 0.482988 0.318089 6.8623 0.100293 0.0655388 138.609
393710 13 0.01 0.4 32.9 -0.0901222 -0.43538 4.31162 -0.0126258 -0.0566239 134.646
396123 13 0.01 0.4 32.9 0.266329 -0.333048 4.72845 0.0384455 -0.0490571 150.767
396362 13 0.01 0.4 32.9 0.345541 0.117183 9.55028 0.0991717 0.0310966 138.991
397425 13 0.01 0.4 32.9 0.137124 -0.114545 10.1824 0.0434672 -0.0331834 137.032
398210 13 0.01 0.4 32.9 0.202014 -0.439966 4.64677 0.0272034 -0.0609791 142.031
400080 13 0.01 0.4 32.9 0.108371 0.307518 8.67889 0.0279221 0.0808623 140.601
400796 13 0.01 0.4 32.9 0.301635 -0.183387 11.2622 0.104255 -0.0618695 136.896
402641 13 0.01 0.4 32.9 -0.379567 -0.239686 1.30611 -0.0167819 -0.00782301 131.487
402752 13 0.01 0.4 32.9 -0.430241 -0.107463 6.65826 -0.0849175 -0.0206564 139.288
402833 13 0.01 0.4 32.9 -0.290142 0.190333 4.26378 -0.0360077 0.0253759 144.089
402876 13 0.01 0.4 32.9 0.097862 0.351572 6.8961 0.0186977 0.0728546 134.499
403268 13 0.01 0.4 32.9 0.317732 0.40046 0.811847 0.00822943 0.0101965 138.546
403325 13 0.01 0.4 32.9 0.252656 0.47541 3.16822 0.0233907 0.0492487 149.438
403739 13 0.01 0.4 32.9 -0.115971 -0.343842 16.4841 -0.0589196 -0.172427 128.555
404278 13 0.01 0.4 32.9 0.29479 0.445824 6.97452 0.0623871 0.0920705 137.211
407738 13 0.01 0.4 32.9 -0.22484 -0.23031 2.83468 -0.0195304 -0.0203351 144.775
407898 13 0.01 0.4 32.9 0.036327 0.262745 3.80458 0.00448892 0.0304091 151.893
408776 13 0.01 0.4 32.9 0.308949 -0.0609837 4.34397 0.0409719 -0.00624959 143.762
408794 13 0.01 0.4 32.9 -0.480875 -0.0911102 5.36685 -0.0767812 -0.0159704 150.645
408919 13 0.01 0.4 32.9 -0.17594 -0.389785 7.09102 -0.0384375 -0.0845305 147.085
410121 13 0.01 0.4 32.9 -0.0801139 0.236091 2.97911 -0.00859387 0.0203366 143.19
410694 13 0.01 0.4 32.9 0.0549382 -0.475281 4.7858 0.00922284 -0.0696086 135.079
411265 13 0.01 0.4 32.9 -0.484952 -0.39198 2.84789 -0.0432152 -0.0350778 149.506
411532 13 0.01 0.4 32.9 0.414284 -0.376396 4.49057 0.056997 -0.051491 141.916
412593 13 0.01 0.4 32.9 -0.344363 -0.0379577 7.70934 -0.0774483 -0.00887299 143.427
414456 13 0.01 0.4 32.9 0.14769 -0.108283 3.26894 0.0134504 -0.00862673 142.149
414996 13 0.01 0.4 32.9 0.242101 0.355178 3.306 0.0246293 0.0357737 142.353
416815 13 0.01 0.4 32.9 0.0640324 0.120867 3.99781 0.00797905 0.0157057 155.921
418090 13 0.01 0.4 32.9 0.467278 -0.447065 4.10449 0.0560873 -0.0549609 153.783
418638 13 0.01 0.4 32.9 0.227278 -0.493219 8.60646 0.0586028 -0.128586 136.304
418824 13 0.01 0.4 32.9 0.381209 0.18991 4.58579 0.0540231 0.0282998 148.535
419408 13 0.01 0.4 32.9 0.165193 -0.38135 7.53028 0.038631 -0.0852476 140.138
419867 13 0.01 0.4 32.9 0.158129 -0.39454 5.18002 0.0241547 -0.06325 154.945
420340 13 0.01 0.4 32.9 0.118634 0.257877 6.22096 0.0231442 0.0529453 131.528
420747 13 0.01 0.4 32.9 -0.0729375 -0.0418406 3.43781 -0.00593043 -0.00611983 150.126
422443 13 0.01 0.4 32.9 -0.228372 -0.436381 6.58638 -0.0472573 -0.0851844 142.914
422997 13 0.01 0.4 32.9 0.00439451 0.252693 3.11014 0.000974183 0.0235562 151.555
423468 13 0.01 0.4 32.9 -0.282085 0.374924 1.81966 -0.0141563 0.0197766 135.3
424036 13 0.01 0.4 32.9 0.398561 0.126175 1.91255 0.0219502 0.00703095 138.4
425804 13 0.01 0.4 32.9 -0.454739 -0.438313 16.4819 -0.227639 -0.218112 130.427
426363 13 0.01 0.4 32.9 0.305708 0.275365 8.91807 0.0819786 0.0749765 142.849
426602 13 0.01 0.4 32.9 0.411493 -0.344372 3.61418 0.0436427 -0.0359235 137.556
428028 13 0.01 0.4 32.9 0.0931303 -0.2531 7.09908 0.0213747 -0.053699 144.11
428620 13 0.01 0.4 32.9 -0.482451 -0.221984 6.24821 -0.0932135 -0.0437416 147.276
429553 13 0.01 0.4 32.9 0.156109 -0.422097 1.4996 0.00774927 -0.0172602 131.387
432258 13 0.01 0.4 32.9 -0.198105 0.383624 6.68436 -0.0410753 0.0785781 149.225
432315 13 0.01 0.4 32.9 -0.308205 -0.274215 4.56653 -0.0442842 -0.0376385 136.497
433432 13 0.01 0.4 32.9 -0.0849334 -0.443516 8.62846 -0.0223139 -0.116559 143.329
434448 13 0.01 0.4 32.9 0.0617616 -0.308601 8.0446 0.0159837 -0.0752829 142.967
436700 13 0.01 0.4 32.9 -0.118248 0.208762 5.54518 -0.0201189 0.0344387 138.313
436917 13 0.01 0.4 32.9 0.281158 0.384696 9.34762 0.0792063 0.108234 132.191
437633 13 0.01 0.4 32.9 -0.0383123 0.0650225 6.04269 -0.00549307 0.0123643 151.551
437682 13 0.01 0.4 32.9 0.491493 -0.308283 8.31242 0.124375 -0.0773744 130.704
437935 13 0.01 0.4 32.9 0.105565 0.45188 7.42979 0.025503 0.104461 144.389
438389 13 0.01 0.4 32.9 0.0521241 -0.228161 3.18566 0.00596885 -0.0222155 149.387
439905 13 0.01 0.4 32.9 -0.13757 0.497775 7.61464 -0.0308653 0.11609 145.694
440101 13 0.01 0.4 32.9 -0.300103 -0.373956 5.32288 -0.0488799 -0.0606688 132.84
443395 13 0.01 0.4 32.9 0.311841 0.438149 4.52213 0.0429106 0.062066 140.81
445882 13 0.01 0.4 32.9 0.0769258 -0.479658 8.02545 0.0172269 -0.119802 143.646
446148 13 0.01 0.4 32.9 0.471342 0.333783 1.10503 0.0148269 0.0118505 147.059
446168 13 0.01 0.4 32.9 -0.110581 0.127578 3.96906 -0.0107076 0.0165271 155.166
448460 13 0.01 0.4 32.9 0.353593 -0.278158 2.9603 0.0323816 -0.023393 145.593
448480 13 0.01 0.4 32.9 -0.387057 -0.342962 3.32023 -0.0392415 -0.0353043 151.995
449744 13 0.01 0.4 32.9 0.0506382 0.00928808 3.51124 0.00793385 0.000706325 131.246
449751 13 0.01 0.4 32.9 -0.271221 0.085568 6.8701 -0.0586266 0.0154754 131.858
450072 13 0.01 0.4 32.9 -0.251397 0.250361 5.97277 -0.0476658 0.0472951 148.805
450895 13 0.01 0.4 32.9 -0.112696 -0.475346 5.32024 -0.0187362 -0.0761792 144.452
451381 13 0.01 0.4 32.9 0.442203 -0.19545 3.22127 0.0427953 -0.0218492 150.905
451763 13 0.01 0.4 32.9 -0.391834 -0.36675 2.40786 -0.0299291 -0.0297794 138.573
454338 13 0.01 0.4 32.9 0.233258 0.273973 6.81547 0.0494282 0.0621464 133.813
455423 13 0.01 0.4 32.9 -0.36993 -0.0704626 4.42702 -0.0495388 -0.00740161 140.772
455835 13 0.01 0.4 32.9 -0.0871637 -0.376564 6.90063 -0.0226081 -0.0780334 148.906
457301 13 0.01 0.4 32.9 0.0661356 0.0762332 8.64534 0.0182776 0.0206893 139.097
458110 13 0.01 0.4 32.9 0.185507 0.140164 4.35786 0.0251315 0.0218377 154.414
458575 13 0.01 0.4 32.9 0.218739 -0.457783 2.42721 0.0168686 -0.0349539 154.811
458597 13 0.01 0.4 32.9 -0.373002 0.173128 3.73568 -0.0428813 0.0173592 149.654
460802 13 0.01 0.4 32.9 -0.334931 -0.428332 5.00199 -0.0524088 -0.0656524 156.777
461295 13 0.01 0.4 32.9 -0.357781 0.0580417 0.737132 -0.00684374 0.00255292 142.216
461367 13 0.01 0.4 32.9 0.492825 -0.422593 4.51277 0.0696045 -0.0577706 147.638
461815 13 0.01 0.4 32.9 -0.239505 0.201889 6.56575 -0.0485624 0.0389252 137.229
466085 13 0.01 0.4 32.9 -0.264398 -0.331376 7.99299 -0.0655259 -0.0804443 141.671
466251 13 0.01 0.4 32.9 0.304393 -0.11263 6.19134 0.0563222 -0.0194752 148.791
466396 13 0.01 0.4 32.9 0.0879182 -0.0821036 5.30859 0.0149834 -0.0124431 146.082
466422 13 0.01 0.4 32.9 0.436927 -0.321387 4.06681 0.0551952 -0.0413958 148.214
467251 13 0.01 0.4 32.9 0.441211 0.129259 11.9624 0.16066 0.0471516 134.385
467389 13 0.01 0.4 32.9 0.447689 -0.311138 2.63576 0.0357898 -0.0245939 132.551
468076 13 0.01 0.4 32.9 -0.101511 0.121772 4.66477 -0.0147439 0.018265 148.572
468634 13 0.01 0.4 32.9 0.149138 -0.245028 5.46891 0.0231221 -0.0414348 140.072
468765 13 0.01 0.4 32.9 0.155357 -0.488961 5.80697 0.0274468 -0.0875182 134.578
469510 13 0.01 0.4 32.9 0.0959945 0.356616 2.74146 0.00921115 0.0312724 133.919
469682 13 0.01 0.4 32.9 0.465154 -0.242911 8.61207 0.12289 -0.0674286 138.326
470788 13 0.01 0.4 32.9 0.199286 0.455435 2.2675 0.013936 0.0294558 144.245
471681 13 0.01 0.4 32.9 -0.000378476 0.452491 7.14081 -0.00221296 0.0984305 143.917
473079 13 0.01 0.4 32.9 0.479479 -0.245788 12.3346 0.178822 -0.0909995 130.99
473136 13 0.01 0.4 32.9 0.0600556 0.449431 4.87202 0.00924422 0.0670851 151.255
473172 13 0.01 0.4 32.9 -0.158121 -0.00638981 3.68802 -0.0187988 -0.00152431 146.915
473815 13 0.01 0.4 32.9 -0.191392 0.194979 7.79395 -0.0467083 0.0456341 140.964
475191 13 0.01 0.4 32.9 -0.496039 0.176497 3.40498 -0.0512921 0.0185407 153.588
475391 13 0.01 0.4 32.9 -0.187937 -0.166216 4.21946 -0.0245811 -0.0198901 155.498
475634 13 0.01 0.4 32.9 0.106076 -0.461278 2.85073 0.00932943 -0.0426683 148.912
476140 13 0.01 0.4 32.9 0.271198 -0.0222805 2.96605 0.0243466 -0.00217004 151.424
477238 13 0.01 0.4 32.9 0.470122 -0.274836 8.85138 0.125227 -0.0740363 137.763
478720 13 0.01 0.4 32.9 0.247848 0.292224 3.85546 0.0290936 0.0336795 154.581
479165 13 0.01 0.4 32.9 0.489706 0.362692 14.8803 0.224383 0.163664 132.054
479237 13 0.01 0.4 32.9 -0.469806 -0.370693 4.40799 -0.061386 -0.04732 156.677
480004 13 0.01 0.4 32.9 -0.209076 0.166416 8.26989 -0.0535723 0.0424414 133.725
480632 13 0.01 0.4 32.9 0.21586 0.17799 5.9716 0.0388089 0.0309719 135.349
481201 13 0.01 0.4 32.9 0.482646 0.353618 4.7897 0.0710904 0.0516347 150.249
481364 13 0.01 0.4 32.9 0.459783 0.133793 3.03978 0.043517 0.0106556 153.33
481568 13 0.01 0.4 32.9 -0.48232 0.351735 15.1766 -0.223841 0.16446 131.267
485708 13 0.01 0.4 32.9 0.320675 0.0824423 3.3212 0.0297391 0.0073361 140.625
487448 13 0.01 0.4 32.9 -0.361035 0.209832 11.5099 -0.125793 0.0734281 133.411
490836 13 0.01 0.4 32.9 0.23263 -0.316771 4.74948 0.03242 -0.0453999 145.353
491702 13 0.01 0.4 32.9 -0.255125 0.325146 8.98515 -0.0707851 0.0893337 140.299
493608 13 0.01 0.4 32.9 0.378262 -0.0627667 3.70819 0.0429794 -0.00646592 153.57
494215 13 0.01 0.4 32.9 -0.329532 0.322984 1.80104 -0.0177474 0.0156067 139.199
494803 13 0.01 0.4 32.9 -0.359349 0.425731 8.73287 -0.0943948 0.114931 140.564
495946 13 0.01 0.4 32.9 -0.389366 0.148103 9.73566 -0.115323 0.0427032 140.2
496057 13 0.01 0.4 32.9 -0.258942 -0.27166 7.61327 -0.0591539 -0.0658578 144.315
496313 13 0.01 0.4 32.9 -0.395939 0.0908098 4.3375 -0.0524848 0.0120525 142.551
497578 13 0.01 0.4 32.9 -0.366274 -0.280901 4.92012 -0.0541491 -0.0438989 140.036
498298 13 0.01 0.4 32.9 0.103608 0.0922186 3.52687 0.010498 0.0103373 152.631
498356 13 0.01 0.4 32.9 0.0560906 -0.035754 10.1947 0.0172214 -0.0120711 135.388
499096 13 0.01 0.4 32.9 0.485714 0.0672374 4.44228 0.0638314 0.00808276 146.008
499273 13 0.01 0.4 32.9 0.00776837 0.0968682 4.03679 0.00120876 0.0114931 149.98
499303 13 0.01 0.4 32.9 -0.229222 -0.253909 3.78925 -0.0278027 -0.0297566 151.69
