670 13 0.01 0.4 32.9 0.0616804 0.133425 1.73271 0.00220349 0.00741114 125.553
1656 13 0.01 0.4 32.9 0.196316 -0.419004 14.0852 0.0806538 -0.177588 125.553
3033 13 0.01 0.4 32.9 -0.0134257 0.133963 8.06401 -0.00482053 0.0314133 125.553
5015 13 0.01 0.4 32.9 0.357013 0.27227 4.2544 0.0479961 0.0338059 125.553
5459 13 0.01 0.4 32.9 -0.00679408 -0.431312 5.98579 0.000116609 -0.0796171 125.553
5839 13 0.01 0.4 32.9 0.0671358 0.10077 3.61001 0.00928816 0.0129036 125.553
7156 13 0.01 0.4 32.9 0.374177 -0.100188 7.70861 0.0859137 -0.0221459 125.553
7893 13 0.01 0.4 32.9 -0.486234 -0.479728 2.04867 -0.0334286 -0.0292593 125.553
8383 13 0.01 0.4 32.9 0.331659 0.366026 5.74084 0.0551672 0.0668759 125.553
9986 13 0.01 0.4 32.9 0.380434 0.175014 8.3281 0.0951018 0.0449336 125.553
11643 13 0.01 0.4 32.9 0.358895 -0.339999 7.61709 0.0827086 -0.0787411 125.553
12054 13 0.01 0.4 32.9 0.112077 -0.0543993 7.16217 0.0255651 -0.0130189 125.553
12416 13 0.01 0.4 32.9 0.446745 -0.392523 7.61897 0.103826 -0.0886385 125.553
12691 13 0.01 0.4 32.9 0.422398 0.465683 7.67211 0.0989592 0.110024 125.553
13818 13 0.01 0.4 32.9 -0.00212764 0.0823768 4.43068 -0.0022052 0.0117643 125.553
17786 13 0.01 0.4 32.9 0.177852 0.392186 5.44127 0.0299711 0.0655005 125.553
18076 13 0.01 0.4 32.9 -0.307923 -0.083251 2.50569 -0.0228435 -0.00474133 125.553
19018 13 0.01 0.4 32.9 -0.210555 -0.108103 11.2801 -0.0741553 -0.0370024 125.553
19414 13 0.01 0.4 32.9 -0.0993104 0.0323983 3.36341 -0.00780846 0.00310411 125.553
19472 13 0.01 0.4 32.9 -0.480258 0.307294 5.50401 -0.0791985 0.0526955 125.553
22378 13 0.01 0.4 32.9 -0.00823432 -0.431658 4.29732 -0.00114853 -0.0549869 125.553
24502 13 0.01 0.4 32.9 -0.118909 -0.322964 5.18393 -0.0175134 -0.0496254 125.553
27634 13 0.01 0.4 32.9 -0.139164 -0.425311 3.21492 -0.0140557 -0.0400672 125.553
28008 13 0.01 0.4 32.9 -0.47739 0.45648 4.58603 -0.0661682 0.0630788 125.553
31669 13 0.01 0.4 32.9 -0.2403 0.190491 6.57688 -0.0486444 0.0385093 125.553
33446 13 0.01 0.4 32.9 -0.367423 0.380815 2.47598 -0.0289742 0.0291394 125.553
33479 13 0.01 0.4 32.9 0.198956 -0.387784 1.89154 0.0101828 -0.02186 125.553
34287 13 0.01 0.4 32.9 0.0414668 -0.402491 3.74746 0.00404824 -0.0446069 125.553
35175 13 0.01 0.4 32.9 -0.102832 0.338077 11.9545 -0.0373009 0.124684 125.553
36951 13 0.01 0.4 32.9 0.360234 -0.328545 4.22143 0.0451445 -0.0427809 125.553
37859 13 0.01 0.4 32.9 -0.417221 0.158441 6.17157 -0.0786862 0.0294816 125.553
38791 13 0.01 0.4 32.9 -0.295183 -0.0341971 4.95459 -0.0444121 -0.00358806 125.553
40231 13 0.01 0.4 32.9 -0.234071 0.283896 3.08666 -0.021885 0.0279393 125.553
43165 13 0.01 0.4 32.9 -0.386996 -0.404333 7.81383 -0.0919878 -0.0968873 125.553
45689 13 0.01 0.4 32.9 -0.135528 0.180318 7.58091 -0.0303832 0.0446001 125.553
46805 13 0.01 0.4 32.9 0.462651 -0.00601334 3.172 0.0445951 -1.15971e-05 125.553
47925 13 0.01 0.4 32.9 -0.0701045 -0.474271 2.02394 -0.00340919 -0.0290388 125.553
48689 13 0.01 0.4 32.9 -0.190677 -0.145496 5.00719 -0.0295926 -0.0223703 125.553
50530 13 0.01 0.4 32.9 0.363863 -0.211989 1.46416 0.0181517 -0.00795719 125.553
52636 13 0.01 0.4 32.9 0.117512 0.346541 5.02927 0.01689 0.0543129 125.553
53132 13 0.01 0.4 32.9 -0.340731 0.35567 1.66436 -0.0172288 0.0207574 125.553
53671 13 0.01 0.4 32.9 -0.400158 -0.0380249 4.13205 -0.0508459 -0.00627262 125.553
58146 13 0.01 0.4 32.9 -0.41782 0.277455 7.38848 -0.0947818 0.0657528 125.553
58264 13 0.01 0.4 32.9 -0.346323 0.208153 4.90162 -0.0519061 0.0320975 125.553
58935 13 0.01 0.4 32.9 -0.0342201 -0.303969 4.92093 -0.00693149 -0.0457656 125.553
62532 13 0.01 0.4 32.9 -0.338133 0.485295 4.84513 -0.0497424 0.0718443 125.553
63499 13 0.01 0.4 32.9 -0.326036 -0.44668 4.42463 -0.0453654 -0.059515 125.553
64127 13 0.01 0.4 32.9 -0.275075 0.140904 4.55672 -0.0382185 0.0209227 125.553
64175 13 0.01 0.4 32.9 -0.302337 0.0950146 5.33693 -0.0493108 0.0161466 125.553
67065 13 0.01 0.4 32.9 0.206608 -0.310498 3.54973 0.0240989 -0.0324567 125.553
67786 13 0.01 0.4 32.9 0.0709205 0.123478 2.25423 0.00428138 0.00482171 125.553
69555 13 0.01 0.4 32.9 0.444673 0.169716 2.55476 0.0318208 0.015173 125.553
69606 13 0.01 0.4 32.9 0.250002 0.193051 6.76394 0.0521384 0.0393639 125.553
70405 13 0.01 0.4 32.9 -0.495392 -0.445164 7.64083 -0.1153 -0.10238 125.553
73505 13 0.01 0.4 32.9 0.277363 -0.115514 1.3463 0.0108352 -0.00429201 125.553
74950 13 0.01 0.4 32.9 -0.029659 -0.318189 1.97111 -0.00126263 -0.0180872 125.553
75244 13 0.01 0.4 32.9 0.184675 0.184849 2.13684 0.0117702 0.01437 125.553
76720 13 0.01 0.4 32.9 0.110019 0.228531 5.41315 0.0194002 0.0367125 125.553
82588 13 0.01 0.4 32.9 0.43676 0.227743 7.86982 0.103614 0.05541 125.553
85002 13 0.01 0.4 32.9 -0.223969 0.254178 5.32743 -0.0367295 0.0391001 125.553
95532 13 0.01 0.4 32.9 -0.245193 0.0940752 6.563 -0.0482345 0.0219998 125.553
95764 13 0.01 0.4 32.9 0.381659 0.248242 4.44234 0.0490359 0.0336701 125.553
98344 13 0.01 0.4 32.9 -0.377954 0.407536 0.678009 -0.00862649 0.00947213 125.553
99783 13 0.01 0.4 32.9 -0.057809 0.0895844 1.44588 -0.00246505 0.00528933 125.553
100019 13 0.01 0.4 32.9 -0.032411 -0.22349 4.66485 -0.00421215 -0.0309981 125.553
100094 13 0.01 0.4 32.9 -0.498874 0.258739 9.13616 -0.136946 0.0717635 125.553
100859 13 0.01 0.4 32.9 0.373194 -0.299262 3.62943 0.0403051 -0.0329039 125.553
101554 13 0.01 0.4 32.9 -0.497543 -0.35086 11.846 -0.18058 -0.126855 125.553
101595 13 0.01 0.4 32.9 -0.265127 0.453499 3.45319 -0.0282715 0.0485912 125.553
102769 13 0.01 0.4 32.9 0.311825 -0.12831 5.53247 0.0508255 -0.0221227 125.553
104069 13 0.01 0.4 32.9 0.332356 0.435913 12.349 0.126676 0.164466 125.553
104474 13 0.01 0.4 32.9 0.239014 0.36694 8.90669 0.064707 0.0993134 125.553
107495 13 0.01 0.4 32.9 0.413145 -0.462474 7.56079 0.0931058 -0.103322 125.553
109283 13 0.01 0.4 32.9 -0.2404 -0.15828 6.80104 -0.0491277 -0.0332232 125.553
112433 13 0.01 0.4 32.9 0.462272 0.17557 8.20926 0.113615 0.0417728 125.553
112864 13 0.01 0.4 32.9 -0.24831 0.111381 5.32661 -0.0394154 0.0189669 125.553
116218 13 0.01 0.4 32.9 -0.354028 0.0410972 2.82788 -0.0321044 0.00349408 125.553
116362 13 0.01 0.4 32.9 -0.364644 -0.0869279 3.05332 -0.0355561 -0.00605531 125.553
117819 13 0.01 0.4 32.9 0.0385172 -0.355328 6.93428 0.00383391 -0.0736978 125.553
117993 13 0.01 0.4 32.9 -0.0617865 -0.400162 5.31758 -0.0100301 -0.0640498 125.553
118820 13 0.01 0.4 32.9 -0.425963 0.268508 3.70928 -0.0455163 0.0317445 125.553
120750 13 0.01 0.4 32.9 -0.242553 -0.378141 4.81136 -0.0336847 -0.0548776 125.553
121303 13 0.01 0.4 32.9 -0.240749 -0.341221 3.47774 -0.0225671 -0.0344057 125.553
121763 13 0.01 0.4 32.9 -0.348148 0.475607 6.28477 -0.0645044 0.0911423 125.553
121815 13 0.01 0.4 32.9 -0.230485 -0.0909022 8.37649 -0.0596973 -0.022057 125.553
123580 13 0.01 0.4 32.9 0.4417 0.476465 3.21823 0.0431445 0.0483134 125.553
125189 13 0.01 0.4 32.9 -0.0198398 -0.129609 3.63552 -0.000938552 -0.0139235 125.553
125291 13 0.01 0.4 32.9 0.0224085 -0.442204 30.7082 0.021888 -0.411286 125.553
125392 13 0.01 0.4 32.9 0.309817 -0.254006 2.73798 0.0276749 -0.0201483 125.553
128013 13 0.01 0.4 32.9 -0.288727 -0.278492 3.15479 -0.0280139 -0.0274672 125.553
128131 13 0.01 0.4 32.9 0.078067 0.247382 7.07055 0.0158499 0.0543339 125.553
135821 13 0.01 0.4 32.9 0.0941021 0.489536 7.11277 0.0198472 0.107733 125.553
136095 13 0.01 0.4 32.9 -0.472666 0.0609906 5.65647 -0.0805193 0.00949477 125.553
136127 13 0.01 0.4 32.9 -0.30134 -0.118453 12.237 -0.112418 -0.04598 125.553
137363 13 0.01 0.4 32.9 0.403346 -0.382965 5.25951 0.0631543 -0.058154 125.553
138187 13 0.01 0.4 32.9 -0.0490536 0.25483 6.11521 -0.0081533 0.0469279 125.553
144089 13 0.01 0.4 32.9 0.238595 0.111305 6.31804 0.0445036 0.0214181 125.553
145850 13 0.01 0.4 32.9 -0.396333 0.277095 4.29531 -0.0513094 0.0374162 125.553
146761 13 0.01 0.4 32.9 0.288992 0.23584 4.87493 0.0425722 0.0359744 125.553
147092 13 0.01 0.4 32.9 0.486365 -0.215801 8.09632 0.121152 -0.0536951 125.553
149111 13 0.01 0.4 32.9 0.0980766 -0.313432 4.6098 0.0142679 -0.0428099 125.553
149943 13 0.01 0.4 32.9 -0.244397 0.207881 5.17924 -0.0389792 0.0319036 125.553
150946 13 0.01 0.4 32.9 0.361954 -0.211269 6.86187 0.0763746 -0.0436217 125.553
152154 13 0.01 0.4 32.9 -0.227155 0.238705 4.9706 -0.0334562 0.0348541 125.553
152523 13 0.01 0.4 32.9 0.484632 0.0208723 2.12199 0.0315943 0.00359319 125.553
159149 13 0.01 0.4 32.9 -0.00816875 -0.130925 3.90627 0.000515379 -0.014274 125.553
161892 13 0.01 0.4 32.9 -0.00646115 -0.449735 4.68372 -0.00122107 -0.0599609 125.553
165143 13 0.01 0.4 32.9 0.159347 -0.47671 4.88207 0.0219701 -0.0717716 125.553
165558 13 0.01 0.4 32.9 0.0718876 0.362886 5.36871 0.0122271 0.0598215 125.553
167320 13 0.01 0.4 32.9 -0.232185 0.431049 11.2769 -0.080415 0.149374 125.553
169881 13 0.01 0.4 32.9 0.0468446 0.356559 5.0831 0.00712631 0.0560454 125.553
170065 13 0.01 0.4 32.9 -0.351026 0.11023 6.08958 -0.064486 0.0211876 125.553
170365 13 0.01 0.4 32.9 0.379534 -0.0453333 6.22429 0.0755827 -0.00842322 125.553
170496 13 0.01 0.4 32.9 0.0136458 -0.314654 9.11239 0.0029486 -0.0870531 125.553
171701 13 0.01 0.4 32.9 -0.0436785 0.448752 3.24667 -0.00333357 0.0473473 125.553
177899 13 0.01 0.4 32.9 0.117397 0.326702 5.85872 0.0187009 0.0573808 125.553
177920 13 0.01 0.4 32.9 -0.220105 0.470345 3.49887 -0.0229502 0.049839 125.553
177983 13 0.01 0.4 32.9 0.413586 0.227857 6.25747 0.0780014 0.0435445 125.553
180109 13 0.01 0.4 32.9 -0.0563927 -0.3277 15.0604 -0.0259003 -0.149143 125.553
182321 13 0.01 0.4 32.9 0.240643 -0.300247 8.3736 0.0609633 -0.0746807 125.553
182735 13 0.01 0.4 32.9 0.403133 -0.125516 5.9646 0.0722088 -0.0206566 125.553
183973 13 0.01 0.4 32.9 0.305084 -0.444279 5.50959 0.0511413 -0.0731759 125.553
185339 13 0.01 0.4 32.9 0.467672 0.268786 1.65068 0.0244925 0.0161181 125.553
185557 13 0.01 0.4 32.9 -0.3035 0.363341 3.30217 -0.0310041 0.0369196 125.553
186220 13 0.01 0.4 32.9 -0.0390095 0.224854 5.40644 -0.00530228 0.0368344 125.553
190438 13 0.01 0.4 32.9 -0.247416 -0.344162 4.04395 -0.0302139 -0.0420681 125.553
190956 13 0.01 0.4 32.9 -0.0413761 -0.387541 1.34646 -4.03538e-05 -0.0162559 125.553
192380 13 0.01 0.4 32.9 -0.0871524 0.186107 3.65986 -0.0102369 0.0217516 125.553
192620 13 0.01 0.4 32.9 -0.390826 0.0426785 5.22754 -0.0620108 0.00631538 125.553
194697 13 0.01 0.4 32.9 0.0673115 0.101379 5.31003 0.0108582 0.0181072 125.553
197534 13 0.01 0.4 32.9 0.207172 -0.0444467 5.04605 0.0323733 -0.00806866 125.553
198818 13 0.01 0.4 32.9 0.0819708 0.467886 7.95853 0.0216554 0.113426 125.553
199197 13 0.01 0.4 32.9 -0.225389 -0.377544 13.6682 -0.0931998 -0.15642 125.553
200092 13 0.01 0.4 32.9 -0.209297 0.295923 7.02609 -0.0462844 0.0641538 125.553
202968 13 0.01 0.4 32.9 -0.29695 0.458078 6.16637 -0.0547449 0.0879182 125.553
204665 13 0.01 0.4 32.9 0.329544 -0.405957 3.38931 0.036604 -0.0418748 125.553
205973 13 0.01 0.4 32.9 -0.496008 -0.0411526 1.88518 -0.0270219 -0.0017532 125.553
205983 13 0.01 0.4 32.9 0.0619168 0.0266407 19.5426 0.0347824 0.0146754 125.553
206570 13 0.01 0.4 32.9 0.184239 -0.0385199 3.34867 0.0182361 -0.00381863 125.553
207904 13 0.01 0.4 32.9 0.0875059 -0.0328938 4.01276 0.0105631 -0.00377521 125.553
208569 13 0.01 0.4 32.9 0.34653 -0.463478 4.16925 0.0436123 -0.0569294 125.553
209016 13 0.01 0.4 32.9 -0.494775 0.415206 4.47796 -0.0683339 0.0564528 125.553
209928 13 0.01 0.4 32.9 -0.478139 -0.300627 8.26088 -0.120386 -0.0756772 125.553
211111 13 0.01 0.4 32.9 0.143273 -0.395456 11.4545 0.0496916 -0.13721 125.553
212189 13 0.01 0.4 32.9 0.486019 -0.161809 3.56471 0.0528799 -0.0165195 125.553
213337 13 0.01 0.4 32.9 -0.163715 0.491917 10.5068 -0.0528729 0.156382 125.553
214163 13 0.01 0.4 32.9 -0.153648 0.377424 5.76741 -0.0282697 0.068902 125.553
214762 13 0.01 0.4 32.9 -0.239376 0.37468 3.81513 -0.0291478 0.0435098 125.553
218896 13 0.01 0.4 32.9 0.26428 -0.400355 4.63267 0.0358275 -0.0562351 125.553
219234 13 0.01 0.4 32.9 0.356342 0.275844 1.62959 0.0159923 0.0146881 125.553
225074 13 0.01 0.4 32.9 0.0129161 -0.0798023 6.47601 0.00106633 -0.015014 125.553
226905 13 0.01 0.4 32.9 0.192262 0.327772 6.58786 0.0385867 0.0669318 125.553
226978 13 0.01 0.4 32.9 -0.269257 -0.215429 5.21789 -0.0416431 -0.031554 125.553
232113 13 0.01 0.4 32.9 -0.0958022 0.090582 5.57945 -0.0146668 0.0153254 125.553
236049 13 0.01 0.4 32.9 -0.183059 0.12305 4.83194 -0.027497 0.0171118 125.553
236486 13 0.01 0.4 32.9 0.349218 -0.0453018 5.09255 0.05294 -0.0072683 125.553
236651 13 0.01 0.4 32.9 -0.03039 -0.0854802 4.99308 -0.00162962 -0.0118715 125.553
238194 13 0.01 0.4 32.9 -0.269363 -0.0945223 1.67183 -0.0140956 -0.00528478 125.553
238493 13 0.01 0.4 32.9 -0.100737 -0.410092 3.35904 -0.0097843 -0.0412076 125.553
240469 13 0.01 0.4 32.9 0.30573 -0.221813 10.5919 0.0984751 -0.06885 125.553
240936 13 0.01 0.4 32.9 -0.289908 0.359952 6.55028 -0.0579852 0.0702585 125.553
243640 13 0.01 0.4 32.9 -0.239774 0.298265 5.63983 -0.0405939 0.0516628 125.553
243672 13 0.01 0.4 32.9 -0.214672 -0.0559921 7.39901 -0.049603 -0.0108054 125.553
246779 13 0.01 0.4 32.9 0.138882 0.446728 15.7189 0.0657441 0.214628 125.553
247500 13 0.01 0.4 32.9 0.495588 -0.196664 6.24882 0.0928163 -0.0365735 125.553
248402 13 0.01 0.4 32.9 0.0285995 0.26745 6.01866 0.00385872 0.0500654 125.553
250373 13 0.01 0.4 32.9 -0.0866786 0.412422 2.21236 -0.00502251 0.0282094 125.553
250473 13 0.01 0.4 32.9 -0.165335 0.270845 9.99091 -0.0492152 0.0820995 125.553
251102 13 0.01 0.4 32.9 0.383128 -0.337514 3.09662 0.035441 -0.0300314 125.553
255735 13 0.01 0.4 32.9 0.0218932 -0.448161 7.50837 0.00386941 -0.101291 125.553
256571 13 0.01 0.4 32.9 -0.403852 -0.179076 4.69582 -0.0588075 -0.0268361 125.553
258199 13 0.01 0.4 32.9 -0.307811 -0.0686955 2.45953 -0.0228377 -0.00493122 125.553
258946 13 0.01 0.4 32.9 0.254018 0.100746 4.13305 0.0304748 0.0128296 125.553
262563 13 0.01 0.4 32.9 0.0621318 0.250587 6.14693 0.0107475 0.0469008 125.553
262941 13 0.01 0.4 32.9 0.224227 0.286853 6.15717 0.0419912 0.0548188 125.553
264558 13 0.01 0.4 32.9 0.250736 0.231811 2.48057 0.0184044 0.020655 125.553
268379 13 0.01 0.4 32.9 -0.290406 -0.214426 3.43143 -0.0277411 -0.0228806 125.553
270846 13 0.01 0.4 32.9 -0.312494 0.262568 5.87175 -0.0574579 0.0471538 125.553
273165 13 0.01 0.4 32.9 0.0890903 0.0291708 4.9839 0.01629 0.00440433 125.553
273990 13 0.01 0.4 32.9 -0.0434313 -0.443376 6.83824 -0.00755076 -0.0926518 125.553
274716 13 0.01 0.4 32.9 -0.101877 -0.399635 3.18571 -0.010628 -0.0390196 125.553
275301 13 0.01 0.4 32.9 -0.289012 0.419919 2.52893 -0.0215495 0.0322357 125.553
275803 13 0.01 0.4 32.9 0.122941 0.31299 8.49347 0.0342358 0.0811746 125.553
277970 13 0.01 0.4 32.9 -0.19008 0.280779 5.49708 -0.0314805 0.0479441 125.553
279249 13 0.01 0.4 32.9 -0.029011 -0.196024 7.45182 -0.00657136 -0.0442613 125.553
280812 13 0.01 0.4 32.9 -0.289402 -0.308482 8.55142 -0.0747917 -0.0780203 125.553
281290 13 0.01 0.4 32.9 0.449602 0.172051 6.38382 0.0868354 0.0343155 125.553
281426 13 0.01 0.4 32.9 0.410325 0.266083 4.51807 0.056797 0.0356065 125.553
281666 13 0.01 0.4 32.9 0.326622 -0.207551 5.45587 0.0543454 -0.0353228 125.553
282351 13 0.01 0.4 32.9 -0.17753 0.334685 9.39652 -0.0522557 0.094705 125.553
282538 13 0.01 0.4 32.9 0.43983 -0.283139 9.28656 0.125103 -0.0806827 125.553
282717 13 0.01 0.4 32.9 0.161783 -0.359808 3.36708 0.0170593 -0.0343677 125.553
282782 13 0.01 0.4 32.9 -0.230916 0.405381 5.38512 -0.0372563 0.0684953 125.553
283826 13 0.01 0.4 32.9 0.347018 0.142999 6.5078 0.0693377 0.0300992 125.553
284231 13 0.01 0.4 32.9 0.0104618 -0.151492 7.71939 0.00176427 -0.0353924 125.553
287231 13 0.01 0.4 32.9 -0.196157 -0.309508 11.2715 -0.0660713 -0.105856 125.553
287717 13 0.01 0.4 32.9 0.490629 0.411667 8.31287 0.125451 0.104454 125.553
296065 13 0.01 0.4 32.9 -0.0680355 0.336062 6.08315 -0.0119163 0.0618037 125.553
298360 13 0.01 0.4 32.9 0.492559 -0.368215 4.35211 0.0647366 -0.0496177 125.553
300178 13 0.01 0.4 32.9 -0.0433564 0.206285 5.66412 -0.00642704 0.0357058 125.553
302256 13 0.01 0.4 32.9 0.254172 -0.315468 2.9516 0.0212121 -0.0288834 125.553
304431 13 0.01 0.4 32.9 -0.427401 -0.476044 3.68436 -0.0481151 -0.0521913 125.553
305326 13 0.01 0.4 32.9 -0.406292 0.337326 13.1472 -0.164774 0.135614 125.553
305988 13 0.01 0.4 32.9 -0.120558 -0.167829 3.06816 -0.00709116 -0.012907 125.553
309834 13 0.01 0.4 32.9 -0.497715 0.376616 2.9687 -0.0434871 0.032223 125.553
310859 13 0.01 0.4 32.9 -0.208787 0.0692562 7.01486 -0.0434463 0.0143215 125.553
313776 13 0.01 0.4 32.9 -0.312159 0.202961 2.31726 -0.0230951 0.0172665 125.553
315105 13 0.01 0.4 32.9 0.472091 0.333899 3.61249 0.0524715 0.0368336 125.553
315846 13 0.01 0.4 32.9 -0.200851 0.378462 2.77792 -0.0170707 0.0311601 125.553
316319 13 0.01 0.4 32.9 0.307369 0.0295664 4.92556 0.0457773 0.0044885 125.553
317689 13 0.01 0.4 32.9 -0.290768 0.496148 6.57413 -0.0584312 0.0985083 125.553
319259 13 0.01 0.4 32.9 0.271857 -0.262617 3.13289 0.0250709 -0.0252534 125.553
320698 13 0.01 0.4 32.9 0.44439 0.170853 6.05946 0.0819505 0.0312624 125.553
321946 13 0.01 0.4 32.9 0.03532 -0.101488 6.72171 0.00462276 -0.0191005 125.553
324209 13 0.01 0.4 32.9 0.00349392 -0.224018 2.44154 -0.000969144 -0.0155391 125.553
326229 13 0.01 0.4 32.9 0.439391 0.0678803 4.4367 0.058652 0.00939882 125.553
326879 13 0.01 0.4 32.9 -0.489695 -0.0633082 1.12363 -0.0166828 -0.00111529 125.553
327696 13 0.01 0.4 32.9 -0.483551 0.211789 2.62745 -0.0389878 0.0167225 125.553
329223 13 0.01 0.4 32.9 -0.311998 -0.282536 4.52308 -0.0430399 -0.0381488 125.553
330982 13 0.01 0.4 32.9 0.493959 0.129503 8.43602 0.12793 0.0341414 125.553
332477 13 0.01 0.4 32.9 0.309655 0.134666 7.15668 0.0682704 0.0291234 125.553
333233 13 0.01 0.4 32.9 -0.340895 -0.346592 1.07653 -0.0116551 -0.0127187 125.553
334543 13 0.01 0.4 32.9 0.385046 0.476779 17.5242 0.205614 0.254707 125.553
335465 13 0.01 0.4 32.9 0.047141 0.249198 1.37628 -0.000230807 0.0122875 125.553
340121 13 0.01 0.4 32.9 -0.323241 0.116274 2.93132 -0.0303861 0.00688495 125.553
340420 13 0.01 0.4 32.9 -0.38965 -0.492227 11.8785 -0.141441 -0.177474 125.553
343501 13 0.01 0.4 32.9 0.0563079 0.133782 4.70753 0.00852233 0.0195613 125.553
343948 13 0.01 0.4 32.9 0.211451 0.42059 6.90212 0.0458348 0.0882286 125.553
345526 13 0.01 0.4 32.9 -0.439534 -0.218457 3.493 -0.0474757 -0.0229661 125.553
352788 13 0.01 0.4 32.9 0.0374454 -0.0209666 9.72738 0.010296 -0.00390838 125.553
354189 13 0.01 0.4 32.9 0.189647 0.263694 9.3326 0.0549923 0.0772251 125.553
354672 13 0.01 0.4 32.9 -0.436001 -0.318711 2.96429 -0.0391584 -0.0286187 125.553
357341 13 0.01 0.4 32.9 0.0690571 -0.394733 6.70928 0.0138612 -0.0788076 125.553
357631 13 0.01 0.4 32.9 -0.485004 -0.224978 9.85431 -0.147294 -0.0683412 125.553
358355 13 0.01 0.4 32.9 0.134622 -0.344538 9.12852 0.0369628 -0.0935928 125.553
363312 13 0.01 0.4 32.9 -0.110253 -0.442121 5.02717 -0.0168058 -0.0648442 125.553
364770 13 0.01 0.4 32.9 -0.270575 0.444069 4.49917 -0.0335135 0.0615827 125.553
366928 13 0.01 0.4 32.9 0.472221 0.410871 14.522 0.208362 0.180478 125.553
369423 13 0.01 0.4 32.9 -0.0627491 0.139763 9.12332 -0.0145338 0.0403594 125.553
372119 13 0.01 0.4 32.9 0.419563 0.0747076 6.42687 0.0832304 0.0162788 125.553
372771 13 0.01 0.4 32.9 0.297239 0.055469 4.7623 0.0457175 0.00684824 125.553
372937 13 0.01 0.4 32.9 0.474303 0.410096 3.30531 0.0464575 0.0423348 125.553
374117 13 0.01 0.4 32.9 -0.258836 0.264733 7.49215 -0.0584737 0.0601347 125.553
377049 13 0.01 0.4 32.9 0.441139 0.384017 4.00206 0.0561471 0.0492955 125.553
380025 13 0.01 0.4 32.9 0.179247 -0.392695 3.6023 0.0176115 -0.0404899 125.553
380112 13 0.01 0.4 32.9 -0.00639148 -0.223344 3.69679 -0.00108629 -0.0240108 125.553
382101 13 0.01 0.4 32.9 0.393866 -0.289431 6.24293 0.0739322 -0.0571404 125.553
382251 13 0.01 0.4 32.9 -0.349457 -0.0102595 5.4815 -0.0578416 -0.00217454 125.553
383311 13 0.01 0.4 32.9 0.436372 -0.377496 1.34762 0.020306 -0.0148714 125.553
384549 13 0.01 0.4 32.9 0.0069387 -0.0425652 8.70715 0.00456106 -0.0112785 125.553
386119 13 0.01 0.4 32.9 0.376973 0.326711 3.922 0.0424091 0.0412129 125.553
386144 13 0.01 0.4 32.9 -0.305157 0.343223 4.58024 -0.0431384 0.0489951 125.553
388389 13 0.01 0.4 32.9 0.1339 -0.377996 11.2554 0.0460799 -0.12765 125.553
389535 13 0.01 0.4 32.9 0.263326 -0.103454 6.55277 0.0529439 -0.0207827 125.553
393470 13 0.01 0.4 32.9 0.482988 0.318089 6.8623 0.100293 0.0655388 125.553
393710 13 0.01 0.4 32.9 -0.0901222 -0.43538 4.31162 -0.0126258 -0.0566239 125.553
397425 13 0.01 0.4 32.9 0.137124 -0.114545 10.1824 0.0434672 -0.0331834 125.553
398210 13 0.01 0.4 32.9 0.202014 -0.439966 4.64677 0.0272034 -0.0609791 125.553
400080 13 0.01 0.4 32.9 0.108371 0.307518 8.67889 0.0279221 0.0808623 125.553
400796 13 0.01 0.4 32.9 0.301635 -0.183387 11.2622 0.104255 -0.0618695 125.553
402641 13 0.01 0.4 32.9 -0.379567 -0.239686 1.30611 -0.0167819 -0.00782301 125.553
402752 13 0.01 0.4 32.9 -0.430241 -0.107463 6.65826 -0.0849175 -0.0206564 125.553
402833 13 0.01 0.4 32.9 -0.290142 0.190333 4.26378 -0.0360077 0.0253759 125.553
402876 13 0.01 0.4 32.9 0.097862 0.351572 6.8961 0.0186977 0.0728546 125.553
403325 13 0.01 0.4 32.9 0.252656 0.47541 3.16822 0.0233907 0.0492487 125.553
403739 13 0.01 0.4 32.9 -0.115971 -0.343842 16.4841 -0.0589196 -0.172427 125.553
407738 13 0.01 0.4 32.9 -0.22484 -0.23031 2.83468 -0.0195304 -0.0203351 125.553
407898 13 0.01 0.4 32.9 0.036327 0.262745 3.80458 0.00448892 0.0304091 125.553
408919 13 0.01 0.4 32.9 -0.17594 -0.389785 7.09102 -0.0384375 -0.0845305 125.553
414456 13 0.01 0.4 32.9 0.14769 -0.108283 3.26894 0.0134504 -0.00862673 125.553
414996 13 0.01 0.4 32.9 0.242101 0.355178 3.306 0.0246293 0.0357737 125.553
416815 13 0.01 0.4 32.9 0.0640324 0.120867 3.99781 0.00797905 0.0157057 125.553
418090 13 0.01 0.4 32.9 0.467278 -0.447065 4.10449 0.0560873 -0.0549609 125.553
418638 13 0.01 0.4 32.9 0.227278 -0.493219 8.60646 0.0586028 -0.128586 125.553
419408 13 0.01 0.4 32.9 0.165193 -0.38135 7.53028 0.038631 -0.0852476 125.553
420340 13 0.01 0.4 32.9 0.118634 0.257877 6.22096 0.0231442 0.0529453 125.553
420747 13 0.01 0.4 32.9 -0.0729375 -0.0418406 3.43781 -0.00593043 -0.00611983 125.553
424036 13 0.01 0.4 32.9 0.398561 0.126175 1.91255 0.0219502 0.00703095 125.553
425804 13 0.01 0.4 32.9 -0.454739 -0.438313 16.4819 -0.227639 -0.218112 125.553
426602 13 0.01 0.4 32.9 0.411493 -0.344372 3.61418 0.0436427 -0.0359235 125.553
428028 13 0.01 0.4 32.9 0.0931303 -0.2531 7.09908 0.0213747 -0.053699 125.553
429553 13 0.01 0.4 32.9 0.156109 -0.422097 1.4996 0.00774927 -0.0172602 125.553
432258 13 0.01 0.4 32.9 -0.198105 0.383624 6.68436 -0.0410753 0.0785781 125.553
432315 13 0.01 0.4 32.9 -0.308205 -0.274215 4.56653 -0.0442842 -0.0376385 125.553
433432 13 0.01 0.4 32.9 -0.0849334 -0.443516 8.62846 -0.0223139 -0.116559 125.553
437633 13 0.01 0.4 32.9 -0.0383123 0.0650225 6.04269 -0.00549307 0.0123643 125.553
437682 13 0.01 0.4 32.9 0.491493 -0.308283 8.31242 0.124375 -0.0773744 125.553
437935 13 0.01 0.4 32.9 0.105565 0.45188 7.42979 0.025503 0.104461 125.553
438389 13 0.01 0.4 32.9 0.0521241 -0.228161 3.18566 0.00596885 -0.0222155 125.553
439905 13 0.01 0.4 32.9 -0.13757 0.497775 7.61464 -0.0308653 0.11609 125.553
443395 13 0.01 0.4 32.9 0.311841 0.438149 4.52213 0.0429106 0.062066 125.553
446148 13 0.01 0.4 32.9 0.471342 0.333783 1.10503 0.0148269 0.0118505 125.553
446168 13 0.01 0.4 32.9 -0.110581 0.127578 3.96906 -0.0107076 0.0165271 125.553
448460 13 0.01 0.4 32.9 0.353593 -0.278158 2.9603 0.0323816 -0.023393 125.553
450072 13 0.01 0.4 32.9 -0.251397 0.250361 5.97277 -0.0476658 0.0472951 125.553
451381 13 0.01 0.4 32.9 0.442203 -0.19545 3.22127 0.0427953 -0.0218492 125.553
454338 13 0.01 0.4 32.9 0.233258 0.273973 6.81547 0.0494282 0.0621464 125.553
455423 13 0.01 0.4 32.9 -0.36993 -0.0704626 4.42702 -0.0495388 -0.00740161 125.553
457301 13 0.01 0.4 32.9 0.0661356 0.0762332 8.64534 0.0182776 0.0206893 125.553
458110 13 0.01 0.4 32.9 0.185507 0.140164 4.35786 0.0251315 0.0218377 125.553
461295 13 0.01 0.4 32.9 -0.357781 0.0580417 0.737132 -0.00684374 0.00255292 125.553
466085 13 0.01 0.4 32.9 -0.264398 -0.331376 7.99299 -0.0655259 -0.0804443 125.553
466251 13 0.01 0.4 32.9 0.304393 -0.11263 6.19134 0.0563222 -0.0194752 125.553
467389 13 0.01 0.4 32.9 0.447689 -0.311138 2.63576 0.0357898 -0.0245939 125.553
468634 13 0.01 0.4 32.9 0.149138 -0.245028 5.46891 0.0231221 -0.0414348 125.553
469510 13 0.01 0.4 32.9 0.0959945 0.356616 2.74146 0.00921115 0.0312724 125.553
471681 13 0.01 0.4 32.9 -0.000378476 0.452491 7.14081 -0.00221296 0.0984305 125.553
473136 13 0.01 0.4 32.9 0.0600556 0.449431 4.87202 0.00924422 0.0670851 125.553
473172 13 0.01 0.4 32.9 -0.158121 -0.00638981 3.68802 -0.0187988 -0.00152431 125.553
478720 13 0.01 0.4 32.9 0.247848 0.292224 3.85546 0.0290936 0.0336795 125.553
479165 13 0.01 0.4 32.9 0.489706 0.362692 14.8803 0.224383 0.163664 125.553
479237 13 0.01 0.4 32.9 -0.469806 -0.370693 4.40799 -0.061386 -0.04732 125.553
480004 13 0.01 0.4 32.9 -0.209076 0.166416 8.26989 -0.0535723 0.0424414 125.553
481201 13 0.01 0.4 32.9 0.482646 0.353618 4.7897 0.0710904 0.0516347 125.553
481568 13 0.01 0.4 32.9 -0.48232 0.351735 15.1766 -0.223841 0.16446 125.553
485708 13 0.01 0.4 32.9 0.320675 0.0824423 3.3212 0.0297391 0.0073361 125.553
493608 13 0.01 0.4 32.9 0.378262 -0.0627667 3.70819 0.0429794 -0.00646592 125.553
494803 13 0.01 0.4 32.9 -0.359349 0.425731 8.73287 -0.0943948 0.114931 125.553
496313 13 0.01 0.4 32.9 -0.395939 0.0908098 4.3375 -0.0524848 0.0120525 125.553
498298 13 0.01 0.4 32.9 0.103608 0.0922186 3.52687 0.010498 0.0103373 125.553
498356 13 0.01 0.4 32.9 0.0560906 -0.035754 10.1947 0.0172214 -0.0120711 125.553
