2499 13 0.01 0.35 32.9 -0.294051 0.398917 1.69231 -0.0146363 0.0248163 125.401
7694 13 0.01 0.35 32.9 0.12597 -0.0664106 1.99511 0.00833601 -0.00374432 125.401
8745 13 0.01 0.35 32.9 0.399246 0.287847 4.55714 0.0531397 0.0409266 125.401
8991 13 0.01 0.35 32.9 -0.0295927 0.488893 3.87905 -0.0030853 0.057751 125.401
9750 13 0.01 0.35 32.9 0.0690733 0.167638 4.4874 0.0106924 0.0240675 125.401
10457 13 0.01 0.35 32.9 -0.362366 0.093074 8.33425 -0.0932999 0.0238596 125.401
11329 13 0.01 0.35 32.9 -0.483493 0.198695 3.38306 -0.0487153 0.0223533 125.401
13004 13 0.01 0.35 32.9 0.100897 0.286342 5.85508 0.0172383 0.0539329 125.401
15423 13 0.01 0.35 32.9 -0.177306 0.0296814 4.28313 -0.0222103 0.0027815 125.401
15530 13 0.01 0.35 32.9 0.255309 -0.157053 4.33205 0.0324533 -0.0202932 125.401
16810 13 0.01 0.35 32.9 0.450674 0.04449 3.82047 0.0526521 0.00867968 125.401
18632 13 0.01 0.35 32.9 0.432617 -0.265664 5.89475 0.0784994 -0.0485806 125.401
20327 13 0.01 0.35 32.9 -0.379407 0.298755 13.8555 -0.159945 0.124217 125.401
20970 13 0.01 0.35 32.9 -0.110548 -0.378971 15.1444 -0.0505353 -0.174424 125.401
21137 13 0.01 0.35 32.9 -0.418673 -0.38867 3.15694 -0.0389861 -0.0363014 125.401
21885 13 0.01 0.35 32.9 0.383624 -0.325765 7.30272 0.0825743 -0.0682871 125.401
23140 13 0.01 0.35 32.9 -0.159443 0.0446206 4.96895 -0.0229887 0.00613462 125.401
26026 13 0.01 0.35 32.9 0.0781419 0.426448 10.5758 0.0245636 0.138093 125.401
26109 13 0.01 0.35 32.9 -0.102939 -0.387722 6.00072 -0.018703 -0.067989 125.401
26565 13 0.01 0.35 32.9 0.0745892 0.449382 4.76803 0.0104969 0.0674946 125.401
28173 13 0.01 0.35 32.9 -0.251808 0.388224 5.42707 -0.0381807 0.0626787 125.401
30474 13 0.01 0.35 32.9 0.395549 -0.181998 3.10257 0.0368536 -0.0151764 125.401
30605 13 0.01 0.35 32.9 -0.140773 0.336007 11.0949 -0.0476891 0.116443 125.401
31737 13 0.01 0.35 32.9 -0.47931 -0.418734 3.24083 -0.0450777 -0.0412856 125.401
33554 13 0.01 0.35 32.9 0.290475 0.0800028 2.42211 0.0215732 0.009636 125.401
34279 13 0.01 0.35 32.9 -0.211403 -0.432367 4.17057 -0.0278282 -0.0537434 125.401
34684 13 0.01 0.35 32.9 -0.247519 -0.356749 2.72568 -0.0184454 -0.027407 125.401
34834 13 0.01 0.35 32.9 -0.352515 0.198941 2.88193 -0.030813 0.01626 125.401
36575 13 0.01 0.35 32.9 0.404356 -0.0636913 11.5863 0.141728 -0.0231482 125.401
41334 13 0.01 0.35 32.9 0.258812 -0.381816 5.79104 0.0469995 -0.0664258 125.401
41421 13 0.01 0.35 32.9 -0.309642 0.224226 1.87005 -0.016654 0.0136295 125.401
43070 13 0.01 0.35 32.9 0.187986 0.00388339 6.58027 0.0373538 0.000819429 125.401
43333 13 0.01 0.35 32.9 0.0179821 -0.224501 5.39436 0.00285165 -0.0363861 125.401
48016 13 0.01 0.35 32.9 -0.336776 0.0721728 5.13319 -0.0517696 0.0114462 125.401
49155 13 0.01 0.35 32.9 0.0552275 0.442973 5.01116 0.00949421 0.0654184 125.401
50841 13 0.01 0.35 32.9 0.151475 -0.0656344 3.31813 0.015942 -0.00585095 125.401
52676 13 0.01 0.35 32.9 -0.424019 -0.347443 6.03607 -0.0803858 -0.0617869 125.401
53361 13 0.01 0.35 32.9 -0.16481 0.44036 3.62804 -0.0186569 0.0473779 125.401
55687 13 0.01 0.35 32.9 0.306505 0.33277 3.15508 0.0295367 0.033287 125.401
57380 13 0.01 0.35 32.9 0.460458 -0.165205 1.18446 0.0158576 -0.00386102 125.401
57939 13 0.01 0.35 32.9 0.245771 0.440839 5.38887 0.0376692 0.0724607 125.401
60604 13 0.01 0.35 32.9 -0.468842 -0.054329 3.5452 -0.0508475 -0.00516125 125.401
61518 13 0.01 0.35 32.9 -0.0578254 0.163821 6.3398 -0.0110575 0.0285401 125.401
61849 13 0.01 0.35 32.9 0.118154 0.101914 8.02135 0.0272444 0.0273797 125.401
64109 13 0.01 0.35 32.9 -0.0338722 -0.415601 6.99602 -0.00799423 -0.0853907 125.401
69011 13 0.01 0.35 32.9 0.324454 0.262522 1.2083 0.0115376 0.0111336 125.401
72382 13 0.01 0.35 32.9 -0.0659309 0.0303206 1.73756 -0.00276592 0.00279523 125.401
72641 13 0.01 0.35 32.9 0.420227 0.341294 6.18631 0.0772521 0.0639774 125.401
73086 13 0.01 0.35 32.9 0.14687 -0.277023 6.94647 0.0285359 -0.0578164 125.401
74126 13 0.01 0.35 32.9 0.0179885 -0.0807268 9.02789 0.00500648 -0.0204704 125.401
76283 13 0.01 0.35 32.9 -0.259324 0.495406 9.36885 -0.0741845 0.139169 125.401
76644 13 0.01 0.35 32.9 -0.0107744 0.462022 3.29183 -0.000305231 0.0464345 125.401
77169 13 0.01 0.35 32.9 -0.489357 -0.0165274 2.96568 -0.0443079 0.00048739 125.401
90945 13 0.01 0.35 32.9 -0.070876 0.0761449 14.4773 -0.0321803 0.0345066 125.401
95462 13 0.01 0.35 32.9 -0.489627 -0.03897 1.59452 -0.0235424 -0.00180073 125.401
97054 13 0.01 0.35 32.9 -0.280712 -0.447358 12.1207 -0.105636 -0.163254 125.401
103020 13 0.01 0.35 32.9 -0.219326 0.103584 4.96113 -0.0336852 0.0166889 125.401
103070 13 0.01 0.35 32.9 0.195351 -0.0850413 7.04922 0.0414146 -0.0151223 125.401
105273 13 0.01 0.35 32.9 -0.38634 0.0508746 4.71045 -0.0578685 0.00964459 125.401
105986 13 0.01 0.35 32.9 -0.329983 -0.0450056 11.6358 -0.117765 -0.0160637 125.401
107039 13 0.01 0.35 32.9 0.422618 -0.0237197 5.1929 0.065708 -0.0049444 125.401
110000 13 0.01 0.35 32.9 0.287613 0.175561 6.19543 0.0544513 0.0340346 125.401
110108 13 0.01 0.35 32.9 -0.473225 0.439403 5.24947 -0.075329 0.0717503 125.401
111437 13 0.01 0.35 32.9 -0.126586 -0.123964 7.37821 -0.0299955 -0.0267603 125.401
112166 13 0.01 0.35 32.9 0.429631 -0.484444 8.61047 0.112655 -0.128529 125.401
112522 13 0.01 0.35 32.9 0.0101787 -0.486141 4.58478 0.000972537 -0.0663348 125.401
113362 13 0.01 0.35 32.9 0.39534 -0.183238 11.2482 0.136854 -0.0621997 125.401
113694 13 0.01 0.35 32.9 -0.12906 0.154468 2.04982 -0.0100619 0.0100749 125.401
114877 13 0.01 0.35 32.9 0.119728 0.191737 3.34001 0.0129308 0.0191921 125.401
116918 13 0.01 0.35 32.9 -0.213127 -0.0424233 4.11728 -0.0275696 -0.00413414 125.401
117226 13 0.01 0.35 32.9 0.0803941 0.482003 5.22196 0.0116502 0.0759446 125.401
117256 13 0.01 0.35 32.9 0.0321003 -0.0817062 10.5385 0.00760386 -0.024598 125.401
117316 13 0.01 0.35 32.9 -0.43852 -0.219691 12.0154 -0.159484 -0.0792105 125.401
117459 13 0.01 0.35 32.9 -0.0959638 -0.188834 16.8042 -0.0494704 -0.0965089 125.401
118199 13 0.01 0.35 32.9 -0.222666 0.162661 7.06873 -0.0506353 0.0351424 125.401
118748 13 0.01 0.35 32.9 0.471272 -0.361862 6.27669 0.0888413 -0.067688 125.401
121005 13 0.01 0.35 32.9 0.449785 -0.00463199 4.91739 0.0675349 -0.000135457 125.401
123555 13 0.01 0.35 32.9 0.00048095 -0.44476 9.66936 0.00236862 -0.130111 125.401
124764 13 0.01 0.35 32.9 -0.154281 0.489246 6.08921 -0.0271921 0.0897904 125.401
126528 13 0.01 0.35 32.9 -0.161679 0.375645 2.48174 -0.0107201 0.0264369 125.401
128212 13 0.01 0.35 32.9 -0.0426905 -0.310128 3.24158 -0.0056859 -0.031018 125.401
128386 13 0.01 0.35 32.9 0.43985 0.221026 7.03343 0.0922111 0.0487468 125.401
128474 13 0.01 0.35 32.9 0.27471 0.145194 3.4599 0.0304532 0.0177927 125.401
129319 13 0.01 0.35 32.9 0.327812 -0.308739 6.67778 0.0667035 -0.0613373 125.401
133210 13 0.01 0.35 32.9 -0.0841399 -0.201636 3.21605 -0.0103145 -0.0188756 125.401
135805 13 0.01 0.35 32.9 0.0314993 0.0338506 2.87252 0.00265789 0.00369627 125.401
136502 13 0.01 0.35 32.9 -0.399623 0.0602346 4.69128 -0.0567669 0.00903789 125.401
137176 13 0.01 0.35 32.9 0.34083 -0.131283 2.18673 0.0229077 -0.00931076 125.401
138279 13 0.01 0.35 32.9 0.0847493 -0.331967 7.98325 0.0207123 -0.0787799 125.401
140279 13 0.01 0.35 32.9 -0.0114222 -0.424154 0.800675 -0.000766268 -0.00973069 125.401
140966 13 0.01 0.35 32.9 -0.260246 -0.0527611 3.90277 -0.0309515 -0.00587559 125.401
141581 13 0.01 0.35 32.9 -0.185162 -0.490873 2.68233 -0.0167732 -0.0377613 125.401
142229 13 0.01 0.35 32.9 0.455277 0.000171867 0.819478 0.0115967 0.00146724 125.401
146286 13 0.01 0.35 32.9 -0.402266 0.0884026 2.91684 -0.0353393 0.00715277 125.401
153228 13 0.01 0.35 32.9 0.423103 0.0853686 12.6652 0.164772 0.0333809 125.401
154184 13 0.01 0.35 32.9 -0.308741 0.00947072 4.96718 -0.0471774 0.00239929 125.401
156522 13 0.01 0.35 32.9 -0.244012 -0.141339 7.30296 -0.0558387 -0.0310114 125.401
157615 13 0.01 0.35 32.9 0.370292 0.0274114 6.88377 0.0764323 0.00773727 125.401
158087 13 0.01 0.35 32.9 -0.185481 -0.273968 4.80282 -0.029246 -0.0412034 125.401
158726 13 0.01 0.35 32.9 -0.136826 -0.0965799 4.92125 -0.0186365 -0.012902 125.401
159369 13 0.01 0.35 32.9 0.455657 -0.0752352 2.78326 0.0379143 -0.00750762 125.401
162964 13 0.01 0.35 32.9 -0.104073 0.392392 10.6077 -0.0310024 0.126429 125.401
166771 13 0.01 0.35 32.9 0.266596 -0.379164 3.53215 0.0308238 -0.0401891 125.401
168145 13 0.01 0.35 32.9 0.34465 0.10654 6.22093 0.0655443 0.0210898 125.401
169464 13 0.01 0.35 32.9 0.208619 0.345806 3.57111 0.0214089 0.0390851 125.401
170821 13 0.01 0.35 32.9 0.37252 -0.450605 2.76274 0.032242 -0.0373495 125.401
171995 13 0.01 0.35 32.9 0.314099 0.413484 3.51745 0.0316904 0.0450261 125.401
172339 13 0.01 0.35 32.9 0.31133 -0.443895 5.85522 0.0552668 -0.0794412 125.401
173224 13 0.01 0.35 32.9 -0.161167 -0.131528 4.08975 -0.0220438 -0.0179926 125.401
173414 13 0.01 0.35 32.9 -0.149677 0.406374 2.53765 -0.0128224 0.0315015 125.401
175057 13 0.01 0.35 32.9 -0.330794 0.120189 1.86127 -0.0179469 0.00793234 125.401
175254 13 0.01 0.35 32.9 -0.193739 -0.382395 3.62363 -0.0197979 -0.0407577 125.401
176089 13 0.01 0.35 32.9 0.46322 0.30772 7.25279 0.1007 0.0672046 125.401
179397 13 0.01 0.35 32.9 -0.112038 -0.326321 7.5211 -0.0250737 -0.073977 125.401
181070 13 0.01 0.35 32.9 -0.245841 0.215612 3.24708 -0.0220232 0.0246506 125.401
183015 13 0.01 0.35 32.9 -0.398583 -0.199411 8.85766 -0.10554 -0.0525708 125.401
184087 13 0.01 0.35 32.9 -0.14377 -0.291001 4.68665 -0.0200836 -0.0432086 125.401
185250 13 0.01 0.35 32.9 0.435979 -0.386564 3.37126 0.0430076 -0.0361984 125.401
188667 13 0.01 0.35 32.9 0.334202 0.03663 1.92052 0.0187995 0.00368392 125.401
192050 13 0.01 0.35 32.9 0.184241 -0.238832 6.11556 0.0343366 -0.0452126 125.401
192441 13 0.01 0.35 32.9 -0.449988 -0.30515 2.15179 -0.0296195 -0.0186532 125.401
194199 13 0.01 0.35 32.9 0.352137 0.0557151 3.72627 0.0381833 0.00792996 125.401
195625 13 0.01 0.35 32.9 0.44839 0.113761 3.587 0.0491043 0.0140942 125.401
196706 13 0.01 0.35 32.9 -0.339848 0.0604252 5.10082 -0.0548432 0.0101074 125.401
197009 13 0.01 0.35 32.9 -0.165732 -0.194301 5.34138 -0.0258639 -0.030702 125.401
197400 13 0.01 0.35 32.9 -0.0426446 0.123925 4.53901 -0.00729125 0.0165352 125.401
197513 13 0.01 0.35 32.9 0.255772 0.223623 4.32461 0.0338631 0.0307153 125.401
198366 13 0.01 0.35 32.9 -0.232516 -0.018589 8.20553 -0.0572796 -0.00366182 125.401
198995 13 0.01 0.35 32.9 -0.123102 -0.161818 8.45799 -0.0303712 -0.0409684 125.401
199369 13 0.01 0.35 32.9 0.125332 -0.303513 9.27704 0.0342978 -0.0825754 125.401
200927 13 0.01 0.35 32.9 -0.391185 0.232732 3.90962 -0.044751 0.0269777 125.401
202007 13 0.01 0.35 32.9 0.154184 0.159649 3.86525 0.0179037 0.017754 125.401
204149 13 0.01 0.35 32.9 -0.330449 0.0240442 7.18972 -0.0713182 0.00746619 125.401
205988 13 0.01 0.35 32.9 0.127803 0.227286 8.56941 0.0331067 0.0602859 125.401
206839 13 0.01 0.35 32.9 -0.48087 -0.141462 8.43179 -0.122662 -0.035692 125.401
207050 13 0.01 0.35 32.9 0.352834 -0.274611 5.61157 0.0586753 -0.0461082 125.401
212483 13 0.01 0.35 32.9 -0.426702 -0.111814 5.09191 -0.0656016 -0.0167446 125.401
216076 13 0.01 0.35 32.9 -0.0654024 -0.233844 3.48874 -0.00720444 -0.0242967 125.401
217938 13 0.01 0.35 32.9 0.228309 0.408604 3.12884 0.0216399 0.0418797 125.401
222024 13 0.01 0.35 32.9 0.272833 0.243483 5.28425 0.0413453 0.0402317 125.401
223122 13 0.01 0.35 32.9 -0.306878 -0.244304 8.27669 -0.0789157 -0.0609795 125.401
225585 13 0.01 0.35 32.9 -0.165807 -0.176012 4.89194 -0.0247716 -0.0278623 125.401
227246 13 0.01 0.35 32.9 -0.362445 -0.0518491 2.84359 -0.0315508 -0.00214257 125.401
227604 13 0.01 0.35 32.9 -0.0062435 0.0585411 10.1355 -0.00041876 0.016984 125.401
229863 13 0.01 0.35 32.9 -0.0537312 -0.0454488 13.3271 -0.0237765 -0.014649 125.401
233514 13 0.01 0.35 32.9 0.0051236 0.245228 1.16073 0.00102391 0.0113086 125.401
233826 13 0.01 0.35 32.9 0.294362 0.463443 4.30717 0.0375576 0.0608329 125.401
237492 13 0.01 0.35 32.9 -0.255715 -0.228926 14.6579 -0.114387 -0.0998787 125.401
238938 13 0.01 0.35 32.9 0.240099 -0.435106 2.86265 0.0202491 -0.0361596 125.401
240216 13 0.01 0.35 32.9 0.113564 -0.0875511 6.05977 0.0216342 -0.0161226 125.401
240682 13 0.01 0.35 32.9 -0.307592 0.191496 3.31869 -0.0297637 0.0227693 125.401
243035 13 0.01 0.35 32.9 0.0184651 -0.460111 2.57619 0.00309893 -0.0344119 125.401
245323 13 0.01 0.35 32.9 0.0581326 0.367849 7.60407 0.0125093 0.0877104 125.401
248998 13 0.01 0.35 32.9 -0.285363 0.0543725 2.03805 -0.018085 0.00548069 125.401
252044 13 0.01 0.35 32.9 0.295834 -0.444768 4.67091 0.0434372 -0.0592465 125.401
252915 13 0.01 0.35 32.9 -0.433205 -0.347192 18.7322 -0.248405 -0.198033 125.401
253012 13 0.01 0.35 32.9 -0.0197472 -0.300516 2.80978 -0.000906243 -0.0255991 125.401
253674 13 0.01 0.35 32.9 -0.00619139 0.000740575 7.1051 -0.00314264 -0.00070853 125.401
254870 13 0.01 0.35 32.9 -0.393255 -0.432537 2.62183 -0.0315359 -0.0334473 125.401
255036 13 0.01 0.35 32.9 -0.298993 0.411764 4.38545 -0.0413594 0.0559614 125.401
255072 13 0.01 0.35 32.9 0.218146 0.257304 6.14759 0.0393233 0.0488373 125.401
257029 13 0.01 0.35 32.9 -0.214859 -0.305633 5.18167 -0.0343973 -0.0485989 125.401
259876 13 0.01 0.35 32.9 0.306934 0.446936 7.31074 0.0681414 0.100391 125.401
261680 13 0.01 0.35 32.9 0.397011 0.436425 1.06513 0.0134643 0.0155228 125.401
262242 13 0.01 0.35 32.9 -0.297478 -0.344353 3.77148 -0.0318736 -0.0398166 125.401
262254 13 0.01 0.35 32.9 0.463528 -0.14677 7.69999 0.10703 -0.0334227 125.401
263838 13 0.01 0.35 32.9 -0.122726 0.488145 7.62093 -0.0282078 0.11251 125.401
267576 13 0.01 0.35 32.9 0.430525 -0.0903216 6.48953 0.0833087 -0.0183273 125.401
267819 13 0.01 0.35 32.9 -0.0484887 0.156387 5.40509 -0.00715835 0.0277001 125.401
269054 13 0.01 0.35 32.9 0.173158 -0.0577101 6.86518 0.0376617 -0.0111755 125.401
270740 13 0.01 0.35 32.9 0.4599 -0.460606 4.40897 0.0629788 -0.0616682 125.401
272538 13 0.01 0.35 32.9 0.282245 0.018784 13.1596 0.11075 0.00523105 125.401
274734 13 0.01 0.35 32.9 -0.378474 -0.125153 2.5208 -0.0312684 -0.00776893 125.401
275559 13 0.01 0.35 32.9 -0.395436 0.422569 3.62747 -0.0452249 0.0473332 125.401
275613 13 0.01 0.35 32.9 0.441178 0.0230137 2.66466 0.0346341 0.00184765 125.401
282265 13 0.01 0.35 32.9 -0.410974 0.118331 11.7923 -0.146538 0.040772 125.401
282788 13 0.01 0.35 32.9 0.365041 -0.450712 8.5289 0.0941607 -0.117434 125.401
283503 13 0.01 0.35 32.9 0.352678 -0.287555 2.96591 0.030854 -0.0256773 125.401
285119 13 0.01 0.35 32.9 -0.420211 0.283934 5.93062 -0.0770396 0.0520433 125.401
289299 13 0.01 0.35 32.9 -0.0459387 -0.0231929 2.91169 -0.00500129 -0.000457375 125.401
291512 13 0.01 0.35 32.9 -0.187135 -0.382039 4.26035 -0.0231914 -0.0498623 125.401
291566 13 0.01 0.35 32.9 -0.240786 -0.0930392 6.05685 -0.0456772 -0.0152045 125.401
295060 13 0.01 0.35 32.9 0.425078 0.246385 3.78609 0.0478992 0.0278952 125.401
295155 13 0.01 0.35 32.9 0.293911 -0.134965 1.97409 0.0178917 -0.00701672 125.401
301138 13 0.01 0.35 32.9 0.010081 0.168365 4.60997 0.000855396 0.0259246 125.401
301144 13 0.01 0.35 32.9 -0.00911959 -0.0219173 8.38419 -0.00237237 -0.00484524 125.401
301983 13 0.01 0.35 32.9 -0.0324336 0.258305 4.83784 -0.00711556 0.0380903 125.401
302295 13 0.01 0.35 32.9 -0.103005 0.198114 6.39967 -0.019382 0.0402229 125.401
304908 13 0.01 0.35 32.9 0.435024 -0.415794 2.22439 0.028949 -0.0281588 125.401
306434 13 0.01 0.35 32.9 -0.015816 -0.354075 2.71184 0.000274113 -0.0291444 125.401
307945 13 0.01 0.35 32.9 0.29552 -0.360451 3.47887 0.0312474 -0.0369826 125.401
309437 13 0.01 0.35 32.9 -0.39955 -0.429257 7.72529 -0.0933901 -0.0998094 125.401
309909 13 0.01 0.35 32.9 0.0702284 -0.143569 3.2496 0.00654613 -0.012148 125.401
313107 13 0.01 0.35 32.9 0.485346 0.366513 4.0524 0.0603172 0.0452978 125.401
313359 13 0.01 0.35 32.9 -0.217682 -0.338165 4.06963 -0.0290983 -0.0411857 125.401
314023 13 0.01 0.35 32.9 0.28774 0.18521 6.4669 0.0553264 0.0389664 125.401
317139 13 0.01 0.35 32.9 0.390501 0.194279 3.19892 0.0371277 0.0201486 125.401
319117 13 0.01 0.35 32.9 -0.0847337 0.179407 1.33167 -0.00225238 0.00989163 125.401
319229 13 0.01 0.35 32.9 0.461356 0.00108092 6.91278 0.0962181 0.00176269 125.401
321037 13 0.01 0.35 32.9 -0.460964 -0.204232 2.99592 -0.0430096 -0.0184367 125.401
322733 13 0.01 0.35 32.9 0.313165 0.415367 2.40611 0.0207085 0.0302808 125.401
327239 13 0.01 0.35 32.9 -0.228115 -0.344602 4.90928 -0.0343518 -0.0510128 125.401
328389 13 0.01 0.35 32.9 0.0373361 0.369265 1.95824 0.00290951 0.0235205 125.401
328511 13 0.01 0.35 32.9 -0.150552 0.145465 11.0054 -0.0519727 0.0497307 125.401
330886 13 0.01 0.35 32.9 -0.224716 -0.420924 3.83337 -0.0255989 -0.0478052 125.401
331091 13 0.01 0.35 32.9 0.310392 -0.378838 3.45089 0.0328526 -0.0412729 125.401
332774 13 0.01 0.35 32.9 0.254468 -0.278806 5.48317 0.0409308 -0.0445918 125.401
334292 13 0.01 0.35 32.9 0.221648 0.291709 4.08259 0.0281182 0.0367543 125.401
336494 13 0.01 0.35 32.9 0.0876166 0.179632 1.96251 0.00422425 0.0140902 125.401
337566 13 0.01 0.35 32.9 0.419778 -0.357833 3.88189 0.0498744 -0.0420027 125.401
338264 13 0.01 0.35 32.9 0.311792 -0.203717 9.62731 0.0908183 -0.0595938 125.401
338624 13 0.01 0.35 32.9 -0.266675 0.334058 3.81523 -0.0313188 0.0402118 125.401
339053 13 0.01 0.35 32.9 -0.0562694 0.147126 6.17453 -0.0090368 0.0309477 125.401
341828 13 0.01 0.35 32.9 0.4817 -0.24709 0.910669 0.0124817 -0.0069793 125.401
343637 13 0.01 0.35 32.9 -0.260537 -0.20406 7.43357 -0.0573963 -0.0454843 125.401
349151 13 0.01 0.35 32.9 -0.240884 -0.324273 15.9886 -0.115947 -0.157832 125.401
352943 13 0.01 0.35 32.9 0.34053 0.0785527 7.00382 0.0738838 0.0174522 125.401
356596 13 0.01 0.35 32.9 0.00281083 0.0503458 3.82998 0.000589696 0.00698372 125.401
358731 13 0.01 0.35 32.9 0.148948 -0.0470076 8.02005 0.0331313 -0.0126123 125.401
360496 13 0.01 0.35 32.9 0.347449 -0.308655 3.6105 0.0376513 -0.0342393 125.401
361269 13 0.01 0.35 32.9 0.232785 -0.21713 7.91499 0.055755 -0.0518774 125.401
366205 13 0.01 0.35 32.9 0.318224 -0.253867 6.31711 0.060368 -0.047094 125.401
368633 13 0.01 0.35 32.9 0.292373 -0.287736 5.35205 0.0479642 -0.0451377 125.401
373552 13 0.01 0.35 32.9 0.194888 0.0274896 4.52072 0.0264564 0.00417399 125.401
373710 13 0.01 0.35 32.9 -0.231787 0.300894 1.62317 -0.0121979 0.0159771 125.401
374350 13 0.01 0.35 32.9 -0.185156 -0.0163173 5.11505 -0.0302556 -0.00219379 125.401
376326 13 0.01 0.35 32.9 0.123576 -0.19167 8.5766 0.0322657 -0.0514901 125.401
382699 13 0.01 0.35 32.9 -0.129615 -0.38182 5.80426 -0.020806 -0.0666072 125.401
383279 13 0.01 0.35 32.9 -0.161483 0.25861 5.70778 -0.0282825 0.0476069 125.401
386527 13 0.01 0.35 32.9 -0.28326 0.367777 7.49981 -0.0628803 0.0824158 125.401
388260 13 0.01 0.35 32.9 -0.0982174 0.282252 6.22021 -0.0173814 0.0533752 125.401
389735 13 0.01 0.35 32.9 0.224986 0.0549349 7.0225 0.0457787 0.0119352 125.401
390587 13 0.01 0.35 32.9 0.256228 0.473333 8.23058 0.0658947 0.119968 125.401
392835 13 0.01 0.35 32.9 0.165002 -0.452745 8.21733 0.0417215 -0.110795 125.401
393339 13 0.01 0.35 32.9 0.415306 0.433178 16.4737 0.208622 0.219907 125.401
395832 13 0.01 0.35 32.9 0.341602 0.108476 7.3055 0.0768149 0.0247301 125.401
396552 13 0.01 0.35 32.9 -0.444554 -0.211943 3.9853 -0.0525147 -0.0261588 125.401
398133 13 0.01 0.35 32.9 0.0805246 0.22812 4.03057 0.00922012 0.0293809 125.401
399852 13 0.01 0.35 32.9 -0.433344 -0.387123 10.8871 -0.142808 -0.126687 125.401
400753 13 0.01 0.35 32.9 -0.470405 -0.369323 5.81451 -0.0833983 -0.0637952 125.401
400837 13 0.01 0.35 32.9 -0.0374433 -0.430967 10.2058 -0.0116077 -0.131472 125.401
401711 13 0.01 0.35 32.9 0.205001 -0.0240144 10.7305 0.0678099 -0.00771211 125.401
401992 13 0.01 0.35 32.9 0.336202 0.377371 6.50265 0.0677074 0.0744266 125.401
402572 13 0.01 0.35 32.9 -0.0276008 -0.233647 3.8211 -0.00177937 -0.0243995 125.401
404013 13 0.01 0.35 32.9 -0.344306 -0.297001 4.60658 -0.0494245 -0.0399591 125.401
404097 13 0.01 0.35 32.9 0.418682 -0.31237 3.89334 0.0487477 -0.0380201 125.401
404602 13 0.01 0.35 32.9 -0.0415764 -0.000819585 6.8909 -0.0103588 0.00257048 125.401
405928 13 0.01 0.35 32.9 0.276553 -0.102921 7.48152 0.0634091 -0.0237367 125.401
407183 13 0.01 0.35 32.9 0.299193 0.372576 4.89526 0.0446198 0.0562445 125.401
407335 13 0.01 0.35 32.9 -0.453112 0.0137133 6.90834 -0.0977449 0.00377897 125.401
409133 13 0.01 0.35 32.9 -0.32802 -0.42817 2.85888 -0.0291048 -0.0384819 125.401
409538 13 0.01 0.35 32.9 0.0987186 0.288258 3.67756 0.0129881 0.0327039 125.401
410903 13 0.01 0.35 32.9 0.332223 -0.461208 5.542 0.0575688 -0.0796729 125.401
411194 13 0.01 0.35 32.9 0.372491 0.318737 9.02255 0.100597 0.0886318 125.401
412524 13 0.01 0.35 32.9 0.201923 0.0815642 6.02477 0.0388938 0.0160156 125.401
412567 13 0.01 0.35 32.9 0.169842 -0.370715 3.16512 0.0184792 -0.0344595 125.401
417109 13 0.01 0.35 32.9 0.3375 0.278227 3.60342 0.0358297 0.0307451 125.401
420881 13 0.01 0.35 32.9 -0.194014 -0.0487778 6.55058 -0.0389218 -0.0104757 125.401
420998 13 0.01 0.35 32.9 0.110237 -0.176264 6.90199 0.022322 -0.0375434 125.401
424638 13 0.01 0.35 32.9 -0.175227 -0.39718 6.55972 -0.0350808 -0.0764988 125.401
426798 13 0.01 0.35 32.9 0.20844 0.451866 4.75932 0.0299448 0.0633569 125.401
428423 13 0.01 0.35 32.9 0.403672 -0.0816048 5.53233 0.0675506 -0.0121693 125.401
430534 13 0.01 0.35 32.9 -0.313371 0.00162498 3.45487 -0.0340852 0.00123874 125.401
435182 13 0.01 0.35 32.9 -0.248954 -0.396104 4.74955 -0.0357693 -0.0538606 125.401
436193 13 0.01 0.35 32.9 0.0320393 -0.440329 3.07126 0.00159058 -0.0420049 125.401
436444 13 0.01 0.35 32.9 -0.268898 0.183371 3.9151 -0.031687 0.0219891 125.401
438938 13 0.01 0.35 32.9 0.108174 0.31388 3.39767 0.0104319 0.0323818 125.401
446154 13 0.01 0.35 32.9 -0.00564537 -0.154536 3.25833 -0.000115753 -0.0163006 125.401
446492 13 0.01 0.35 32.9 -0.0696384 0.179425 9.19729 -0.0202796 0.0514239 125.401
446783 13 0.01 0.35 32.9 -0.197113 0.0159879 3.13011 -0.0183106 0.000601137 125.401
448591 13 0.01 0.35 32.9 -0.200072 -0.447071 5.59506 -0.0333024 -0.0756709 125.401
449738 13 0.01 0.35 32.9 -0.0644931 0.35815 7.58312 -0.0167702 0.0829836 125.401
452463 13 0.01 0.35 32.9 -0.497827 -0.471567 3.25818 -0.0489504 -0.0470244 125.401
454065 13 0.01 0.35 32.9 -0.0733861 0.446786 5.78131 -0.0113453 0.0787269 125.401
458148 13 0.01 0.35 32.9 0.311693 0.326058 2.28076 0.0227802 0.024682 125.401
461055 13 0.01 0.35 32.9 0.339251 -0.484847 6.72205 0.0686938 -0.098906 125.401
462259 13 0.01 0.35 32.9 -0.049262 -0.0499305 3.85241 -0.00561292 -0.00258864 125.401
466140 13 0.01 0.35 32.9 -0.0288967 0.0891887 2.88669 -0.00116972 0.00725555 125.401
467635 13 0.01 0.35 32.9 0.123222 -0.312215 5.65442 0.0210643 -0.0552564 125.401
467763 13 0.01 0.35 32.9 -0.141003 0.387367 9.43514 -0.039686 0.111271 125.401
468152 13 0.01 0.35 32.9 0.462254 -0.260283 21.383 0.29879 -0.169006 125.401
468802 13 0.01 0.35 32.9 -0.0623719 0.014201 5.48694 -0.012076 0.00477113 125.401
471016 13 0.01 0.35 32.9 0.0671225 -0.0893205 7.42537 0.0130782 -0.0183658 125.401
473492 13 0.01 0.35 32.9 -0.320241 0.426679 9.02195 -0.0883733 0.116607 125.401
474983 13 0.01 0.35 32.9 -0.272555 0.0349454 3.52224 -0.0299286 0.00410739 125.401
479563 13 0.01 0.35 32.9 -0.354138 -0.460687 4.93083 -0.0537271 -0.0681458 125.401
481184 13 0.01 0.35 32.9 -0.191788 0.255223 1.38138 -0.00850362 0.0123281 125.401
482835 13 0.01 0.35 32.9 -0.471196 -0.21622 5.93074 -0.0846732 -0.0390819 125.401
485791 13 0.01 0.35 32.9 -0.0795157 -0.463885 5.76641 -0.013665 -0.0810483 125.401
485874 13 0.01 0.35 32.9 0.187142 0.41595 1.73212 0.00747665 0.0241349 125.401
486122 13 0.01 0.35 32.9 0.000931804 -0.494324 6.80701 0.000168497 -0.103162 125.401
486479 13 0.01 0.35 32.9 0.433015 0.312518 2.05624 0.0274067 0.0202412 125.401
488309 13 0.01 0.35 32.9 0.472395 -0.225665 4.61559 0.0685014 -0.031234 125.401
491437 13 0.01 0.35 32.9 -2.89405e-05 -0.268033 4.79832 -0.000504594 -0.038988 125.401
492276 13 0.01 0.35 32.9 -0.31098 -0.0382286 4.37635 -0.0405687 -0.00510071 125.401
493263 13 0.01 0.35 32.9 -0.276792 -0.447355 8.51255 -0.0710323 -0.115366 125.401
497916 13 0.01 0.35 32.9 0.391482 -0.0803353 13.7166 0.165453 -0.0330866 125.401
499015 13 0.01 0.35 32.9 0.21035 -0.472732 7.55989 0.0489547 -0.108943 125.401
