94000447 0 0.01 3 32.9 0.361867 0.0214672 5.72637 0.0608383 0.00581132 20.6663
94000908 0 0.01 3 32.9 -0.424531 -0.00699244 34.0483 -0.439325 -0.00806689 20.6663
94004184 0 0.01 3 32.9 -0.0587433 -0.235907 1.65933 -0.00558976 -0.0131725 20.6663
94005080 0 0.01 3.00002 32.9 -0.254599 -0.0315585 4.14777 -0.0323449 -0.00300762 20.6663
94006561 0 0.01 3 32.9 0.0981292 -0.262054 2.13069 0.00540336 -0.0161426 20.6663
94006687 0 0.01 2.99995 32.9 -0.318047 0.0341979 44.8303 -0.434153 0.0487576 20.6663
94009064 0 0.01 3 32.9 -0.0889864 -0.266832 2.48564 -0.00771988 -0.01851 20.6663
94011566 0 0.01 3 32.9 0.392216 0.240757 4.45905 0.0550038 0.0315869 20.6663
94015940 0 0.01 3 32.9 0.470871 0.297369 20.9278 0.299672 0.189723 20.6663
93002602 0 0.01 3 32.9 0.33787 0.00352933 2.39316 0.0226781 -0.000501217 20.6658
93004363 0 0.01 3 32.9 0.219813 0.2393 3.53594 0.0210113 0.0243765 20.6658
93004585 0 0.01 2.99935 32.9 -0.4877 -0.496747 29.0785 -0.432479 -0.438713 20.6658
93004705 0 0.01 3 32.9 -0.108692 -0.0590576 1.77124 -0.00485373 -0.00261681 20.6658
93006423 0 0.01 3 32.9 -0.0597265 -0.12323 2.49451 -0.00485779 -0.00687136 20.6658
93010775 0 0.01 3 32.9 -0.372817 -0.178501 3.32225 -0.0350023 -0.0159151 20.6658
93013453 0 0.01 2.99984 32.9 0.161715 0.34384 31.2221 0.151425 0.3267 20.6658
92000038 0 0.01 3 32.9 -0.30271 -0.316908 5.87986 -0.053688 -0.0554693 20.6457
92000814 0 0.01 3 32.9 0.476424 -0.419229 7.72174 0.110346 -0.0996544 20.6457
92003365 0 0.01 3 32.9 -0.048788 -0.417777 2.20773 -0.00203628 -0.025235 20.6457
92003769 0 0.01 3.00008 32.9 0.289091 0.431606 31.4762 0.277319 0.414057 20.6457
92004464 0 0.01 3 32.9 0.490876 -0.177327 11.43 0.17227 -0.0596439 20.6457
92007428 0 0.01 3.00033 32.9 -0.0140602 0.480687 20.4443 -0.00793515 0.299277 20.6457
92007870 0 0.01 3 32.9 -0.0749253 0.379645 29.0634 -0.0655663 0.337684 20.6457
92008622 0 0.01 3 32.9 0.272771 -0.0822012 8.70066 0.0722507 -0.0222258 20.6457
92008663 0 0.01 3.00001 32.9 0.1921 -0.406056 4.39592 0.0276487 -0.054056 20.6457
92009647 0 0.01 2.99998 32.9 0.0348459 0.201653 60.9226 0.0646172 0.375216 20.6457
92011451 0 0.01 2.99996 32.9 0.396961 -0.00453578 13.5254 0.162185 -0.000514787 20.6457
92011496 0 0.01 3 32.9 -0.272321 0.408657 3.26013 -0.028703 0.0431761 20.6457
92012714 0 0.01 3 32.9 0.0214592 -0.0997599 10.2489 0.00678797 -0.0290553 20.6457
92013396 0 0.01 2.99998 32.9 0.335073 -0.400529 27.0597 0.277363 -0.328061 20.6457
92013461 0 0.01 3 32.9 -0.297882 -0.331151 14.0255 -0.125104 -0.141637 20.6457
92014266 0 0.01 3 32.9 -0.249585 -0.0906788 3.2963 -0.0230385 -0.00982203 20.6457
92014619 0 0.01 2.99935 32.9 0.121233 -0.472722 20.2657 0.0743333 -0.289963 20.6457
92015134 0 0.01 3.00004 32.9 0.0239119 0.364641 45.9504 0.0337926 0.509728 20.6457
91000570 0 0.01 3 32.9 0.0886224 0.093025 3.19403 0.00916237 0.00987734 20.6431
91003487 0 0.01 3 32.9 0.0748842 -0.323979 11.0707 0.0248197 -0.109315 20.6431
91004186 0 0.01 2.99992 32.9 -0.474731 0.139012 38.9336 -0.561726 0.165159 20.6431
91004903 0 0.01 2.99935 32.9 -0.476282 -0.469768 15.5887 -0.225004 -0.220688 20.6431
91005234 0 0.01 3 32.9 -0.373649 -0.184724 1.66526 -0.0166093 -0.0138937 20.6431
91011027 0 0.01 3 32.9 0.300026 0.203623 2.39694 0.0243513 0.0145802 20.6431
91014744 0 0.01 3.00001 32.9 0.427039 0.0498042 5.29092 0.0700296 0.00703603 20.6431
91015280 0 0.01 2.99998 32.9 0.271971 0.189844 40.4851 0.335587 0.233446 20.6431
73000308 0 0.01 3.00002 32.9 0.0807652 -0.0521558 42.0097 0.106866 -0.067534 20.6561
73002696 0 0.01 3 32.9 -0.114285 -0.375438 2.20864 -0.00387103 -0.0256128 20.6561
73004717 0 0.01 2.99999 32.9 0.474358 0.463635 2.25891 0.0303904 0.0319707 20.6561
73005462 0 0.01 3 32.9 0.173119 -0.0123483 4.21389 0.021451 0.00179387 20.6561
73005944 0 0.01 3 32.9 0.0884933 -0.0374466 0.919638 -0.00294882 0.00358346 20.6561
73011141 0 0.01 3 32.9 0.206347 -0.220452 11.9781 0.0738958 -0.0811868 20.6561
73012459 0 0.01 3.0013 32.9 -0.0184519 -0.039388 13.095 -0.00660441 -0.0157341 20.6561
73013129 0 0.01 3 32.9 0.280819 -0.0535731 38.323 0.326437 -0.0609012 20.6561
73013144 0 0.01 3 32.9 -0.425677 0.221921 1.82734 -0.0231243 0.0139637 20.6561
73014037 0 0.01 2.99992 32.9 -0.21532 0.339758 38.7082 -0.254404 0.401134 20.6561
95004065 0 0.01 3 32.9 -0.322802 0.138389 3.44442 -0.03278 0.0163555 20.6623
95004648 0 0.01 3 32.9 -0.418678 0.221232 4.56186 -0.0606576 0.0323636 20.6623
95007040 0 0.01 3 32.9 -0.125974 -0.286638 2.04281 -0.00776061 -0.0185114 20.6623
95007615 0 0.01 2.99996 32.9 0.0679415 0.172856 40.9808 0.0848722 0.215384 20.6623
95009785 0 0.01 2.99998 32.9 0.072411 0.115152 34.5554 0.0750595 0.119088 20.6623
95010234 0 0.01 2.99996 32.9 0.0887422 -0.124561 30.5014 0.0824887 -0.11557 20.6623
95010365 0 0.01 3.00001 32.9 0.282775 0.00564951 7.3376 0.062968 0.00340376 20.6623
95011924 0 0.01 3 32.9 -0.116988 0.393541 1.57416 -0.00757792 0.0185074 20.6623
95012246 0 0.01 3 32.9 -0.0302312 0.274579 3.58411 -0.00506338 0.0312442 20.6623
95013570 0 0.01 3 32.9 -0.114047 -0.351531 5.16671 -0.0190312 -0.0582126 20.6623
95013740 0 0.01 3 32.9 0.174727 0.24304 3.77229 0.0205683 0.02602 20.6623
7004373 0 0.01 3 32.9 0.390491 -0.195801 5.41491 0.0635429 -0.0317728 20.6524
7004394 0 0.01 3 32.9 -0.0165336 -0.430292 2.56371 0.00207631 -0.0310794 20.6524
7005370 0 0.01 3 32.9 -0.21331 0.138059 0.0422906 -0.00317485 0.00981775 20.6524
7009407 0 0.01 3 32.9 -0.12965 -0.0612174 0.978184 -0.00191405 0.00224928 20.6524
7010559 0 0.01 3 32.9 -0.497085 -0.39981 4.21778 -0.0635821 -0.0501507 20.6524
7010873 0 0.01 3 32.9 0.163857 0.383331 3.7986 0.017744 0.0447136 20.6524
7012937 0 0.01 3 32.9 -0.230529 -0.258109 1.14429 -0.0120696 -0.0105553 20.6524
7013004 0 0.01 3.00001 32.9 -0.0830489 0.19565 2.5305 -0.00519435 0.0156868 20.6524
7013173 0 0.01 3 32.9 -0.275091 -0.134355 1.2726 -0.0106914 0.00100086 20.6524
88004798 0 0.01 3 32.9 0.231167 0.398555 2.39048 0.0170233 0.031084 20.6574
88007774 0 0.01 3 32.9 -0.11497 -0.043357 3.59388 -0.0130923 -0.00523365 20.6574
88008320 0 0.01 3.00002 32.9 -0.101072 0.345185 43.5507 -0.133836 0.456637 20.6574
88009073 0 0.01 3.00006 32.9 0.401988 0.0714869 42.5153 0.5201 0.0929541 20.6574
88009129 0 0.01 3 32.9 -0.421096 -0.476638 2.0408 -0.0242289 -0.0275626 20.6574
88009855 0 0.01 3 32.9 0.259288 0.164159 3.84319 0.029524 0.0214897 20.6574
88009991 0 0.01 3 32.9 -0.314776 -0.271652 8.54257 -0.0810215 -0.0738091 20.6574
88011038 0 0.01 3 32.9 -0.437876 0.420066 2.79931 -0.0412879 0.0357656 20.6574
88011567 0 0.01 3 32.9 0.246729 0.0112222 3.9493 0.032492 0.000827979 20.6574
88013909 0 0.01 2.99996 32.9 -0.216529 0.200757 34.2928 -0.225805 0.209874 20.6574
88014499 0 0.01 2.99999 32.9 0.496457 0.245851 6.49026 0.101404 0.0484238 20.6574
72000134 0 0.01 3 32.9 0.0709673 -0.0567732 3.24975 0.00517675 -0.00336694 20.6617
72001596 0 0.01 3 32.9 0.218467 -0.0723597 50.0462 0.331237 -0.109255 20.6617
72003373 0 0.01 3 32.9 0.135638 0.467347 1.32854 0.00678325 0.0226434 20.6617
72006267 0 0.01 3 32.9 -0.314504 0.0924008 2.89508 -0.0284605 0.00920463 20.6617
72007167 0 0.01 3.00004 32.9 0.274258 0.110246 18.8198 0.15818 0.065403 20.6617
72008001 0 0.01 3 32.9 -0.171775 -0.0475411 2.22941 -0.0062994 -0.00325158 20.6617
72010030 0 0.01 3 32.9 -0.0983762 -0.067403 2.43824 -0.00881682 -0.00314055 20.6617
72012810 0 0.01 3 32.9 0.307652 0.364096 1.23703 0.0199515 0.0181056 20.6617
86000220 0 0.01 3 32.9 -0.12295 -0.290835 3.16162 -0.0129355 -0.0273582 20.6524
86000228 0 0.01 3.00004 32.9 0.343485 0.135308 46.2751 0.482494 0.190346 20.6524
86000528 0 0.01 3 32.9 0.317328 0.396472 7.50764 0.0741137 0.0922849 20.6524
86000976 0 0.01 3.00001 32.9 -0.0326534 -0.390494 11.0904 -0.00857907 -0.131829 20.6524
86002673 0 0.01 3 32.9 -0.148612 0.410481 6.604 -0.0324104 0.0830018 20.6524
86002960 0 0.01 3 32.9 -0.393586 0.123722 26.5186 -0.318587 0.0997037 20.6524
86003437 0 0.01 3 32.9 -0.441443 0.470586 1.12654 -0.0169646 0.0220275 20.6524
86005089 0 0.01 3 32.9 0.0385512 -0.248978 8.36657 0.0104933 -0.0642865 20.6524
86005102 0 0.01 3 32.9 -0.304724 0.131962 5.60293 -0.0524539 0.0237886 20.6524
86008775 0 0.01 3.00016 32.9 0.2418 0.490123 28.7204 0.211687 0.429365 20.6524
86010236 0 0.01 3 32.9 0.30057 -0.150567 6.18636 0.05784 -0.0268441 20.6524
86011441 0 0.01 3 32.9 0.0623456 -0.152142 37.1964 0.06936 -0.1691 20.6524
86011576 0 0.01 2.99984 32.9 -0.422695 -0.134706 4.16968 -0.0548149 -0.0142655 20.6524
86012882 0 0.01 3 32.9 0.153315 -0.435649 5.49651 0.0257877 -0.0721569 20.6524
86013308 0 0.01 3.00001 32.9 0.044805 -0.407462 8.69705 0.0129892 -0.107436 20.6524
86016108 0 0.01 2.99992 32.9 0.000488512 -0.00766926 23.3372 -0.000161062 -0.00571519 20.6524
90000367 0 0.01 3 32.9 0.0202165 -0.279577 38.3774 0.0232427 -0.328624 20.6474
90002906 0 0.01 3 32.9 -0.242509 0.37719 2.35868 -0.019946 0.0295118 20.6474
90006405 0 0.01 2.99999 32.9 0.0382649 0.43646 9.45461 0.0102306 0.125666 20.6474
90007743 0 0.01 3 32.9 0.112399 0.266977 3.03403 0.0104663 0.0214254 20.6474
90007980 0 0.01 3 32.9 0.20293 -0.413336 9.77641 0.0596571 -0.123886 20.6474
90009022 0 0.01 3 32.9 -0.470022 0.287088 6.2278 -0.0871761 0.0573629 20.6474
90009741 0 0.01 2.99984 32.9 -0.142864 0.0208619 18.0708 -0.0765921 0.0136357 20.6474
90010911 0 0.01 3 32.9 -0.297784 -0.339202 5.3897 -0.0489322 -0.054216 20.6474
90011825 0 0.01 3 32.9 -0.424382 0.0136146 4.98486 -0.0644645 0.00146101 20.6474
90014011 0 0.01 3 32.9 0.445169 -0.43967 30.5727 0.414587 -0.409534 20.6474
5001838 0 0.01 3 32.9 0.330763 -0.156514 4.00357 0.0382904 -0.0194729 20.6465
5012604 0 0.01 3 32.9 0.490487 0.167201 4.08221 0.0618014 0.0218902 20.6465
83001783 0 0.01 3 32.9 -0.0356566 -0.0415984 0.807505 -0.00263824 -0.00701815 20.6558
83002271 0 0.01 3 32.9 -0.179865 0.0119996 2.82627 -0.0126646 0.00120848 20.6558
83003784 0 0.01 2.99996 32.9 -0.225274 0.0810286 3.45143 -0.0228727 0.00955116 20.6558
83005015 0 0.01 3 32.9 -0.33913 -0.44798 21.29 -0.219476 -0.289193 20.6558
83005771 0 0.01 3 32.9 -0.417447 0.254004 0.971547 -0.0155895 0.00963282 20.6558
83008778 0 0.01 3 32.9 0.046311 -0.31067 4.91254 0.00503997 -0.0441115 20.6558
83008854 0 0.01 3 32.9 -0.192717 0.178027 1.60402 -0.0109419 0.0116502 20.6558
83009349 0 0.01 2.99998 32.9 0.106139 -0.195936 18.1695 0.0596005 -0.109615 20.6558
83009488 0 0.01 3 32.9 0.12044 -0.0674371 2.2123 0.0073407 -0.00315615 20.6558
83013568 0 0.01 3 32.9 -0.019319 0.339603 3.95177 -0.00213736 0.0413932 20.6558
83014314 0 0.01 3 32.9 -0.158988 0.0445549 1.92016 -0.00974154 0.0014791 20.6558
64000225 0 0.01 3 32.9 -0.195901 0.332076 1.59041 -0.00828399 0.0186945 20.6619
64000292 0 0.01 3 32.9 0.470004 0.307945 9.30709 0.134796 0.0865383 20.6619
64000656 0 0.01 3 32.9 -0.0657176 -0.44828 8.29374 -0.0165005 -0.112255 20.6619
64005596 0 0.01 3.00001 32.9 0.430495 0.272435 10.196 0.131585 0.0831995 20.6619
64011567 0 0.01 3 32.9 0.492375 -0.0833596 2.99477 0.0380318 -0.00442351 20.6619
64013331 0 0.01 3 32.9 0.0331461 0.113895 0.524779 0.0101304 -0.000557235 20.6619
64013639 0 0.01 3 32.9 -0.0782295 -0.426221 45.077 -0.106634 -0.581827 20.6619
64014286 0 0.01 3 32.9 0.375566 -0.40403 3.03555 0.0329927 -0.0360994 20.6619
64015120 0 0.01 3 32.9 0.41016 -0.267439 3.3089 0.0415423 -0.023947 20.6619
46001015 0 0.01 3.00001 32.9 0.362925 0.412397 5.49622 0.0628814 0.0665952 20.6645
46004378 0 0.01 3.00004 32.9 -0.376299 0.355407 7.38571 -0.0815181 0.0805002 20.6645
46004730 0 0.01 3 32.9 -0.321309 0.28154 10.2738 -0.0996548 0.0888989 20.6645
46006781 0 0.01 3 32.9 0.0704538 -0.492487 14.6659 0.0322841 -0.220031 20.6645
46009154 0 0.01 3 32.9 -0.151372 -0.216894 3.12855 -0.0160661 -0.0210637 20.6645
46013155 0 0.01 3 32.9 0.14131 -0.135523 19.9102 0.0858 -0.080724 20.6645
46013610 0 0.01 3 32.9 0.0477988 -0.469277 3.11267 0.00378557 -0.042208 20.6645
71001741 0 0.01 3 32.9 0.216774 0.174849 3.77816 0.0245348 0.0211096 20.657
71004226 0 0.01 3 32.9 -0.420511 -0.344345 12.7761 -0.164356 -0.132648 20.657
71004511 0 0.01 3 32.9 0.267606 0.114765 4.49248 0.0353965 0.0187448 20.657
71005549 0 0.01 3 32.9 -0.476781 0.00430355 3.06587 -0.0440831 0.00491305 20.657
71005562 0 0.01 3 32.9 0.273443 0.165259 3.80913 0.03084 0.0182946 20.657
71008776 0 0.01 3 32.9 0.120732 -0.219548 2.21652 0.00991705 -0.0132907 20.657
71008953 0 0.01 3 32.9 -0.404432 0.422296 0.768933 -0.0192628 0.0141492 20.657
71009829 0 0.01 3 32.9 -0.0608128 0.382399 4.52926 -0.00747574 0.0518826 20.657
71010462 0 0.01 2.99999 32.9 0.438074 -0.159934 51.0065 0.677304 -0.248949 20.657
71010823 0 0.01 3 32.9 0.122654 -0.482938 1.10447 0.00392848 -0.0168391 20.657
71010964 0 0.01 3 32.9 -0.220393 0.32657 1.25037 -0.000843481 0.0105255 20.657
71012431 0 0.01 3.00004 32.9 -0.41934 0.0614868 41.0767 -0.524144 0.0792255 20.657
71012679 0 0.01 3 32.9 0.335308 0.358994 3.61147 0.0397964 0.0393703 20.657
4008367 0 0.01 3.00001 32.9 -0.120035 0.0247688 20.5052 -0.0752956 0.0157272 20.6837
4008746 0 0.01 3.00008 32.9 0.336229 -0.0591576 45.4247 0.464279 -0.0824454 20.6837
4009037 0 0.01 3 32.9 0.0455912 -0.0268066 2.73616 0.00285606 -0.00240944 20.6837
4010563 0 0.01 3 32.9 0.299011 -0.336253 1.31904 0.00747083 -0.0206923 20.6837
4012885 0 0.01 3 32.9 -0.0376669 -0.163005 3.88523 -0.00490574 -0.0174807 20.6837
4014801 0 0.01 3 32.9 0.392061 -0.230931 11.9928 0.143752 -0.0826061 20.6837
81000525 0 0.01 3 32.9 -0.380894 0.204227 2.97714 -0.0340642 0.0199119 20.6432
81001240 0 0.01 3 32.9 0.240321 -0.470348 28.8594 0.209215 -0.412168 20.6432
81001892 0 0.01 2.99998 32.9 0.230418 -0.20938 2.21743 0.0113237 -0.012466 20.6432
81002316 0 0.01 3 32.9 0.0489006 0.159492 2.44434 0.00153217 0.011108 20.6432
81003400 0 0.01 3 32.9 -0.0309935 -0.362415 2.26179 -0.00395624 -0.0268565 20.6432
81004095 0 0.01 3.00002 32.9 0.371228 -0.238629 45.2074 0.508626 -0.3276 20.6432
81004729 0 0.01 3 32.9 0.153346 0.0862155 2.07212 0.00865955 0.00618585 20.6432
81012521 0 0.01 3 32.9 -0.420028 -0.400426 3.51191 -0.0467197 -0.0416654 20.6432
81014328 0 0.01 3 32.9 -0.000239152 -0.12837 1.14259 -0.000407334 -0.00269766 20.6432
81015038 0 0.01 2.99998 32.9 -0.260618 -0.45881 59.7683 -0.475208 -0.835458 20.6432
6002840 0 0.01 3 32.9 -0.130075 0.376172 0.949562 -0.00385421 0.0164636 20.6474
6003592 0 0.01 3 32.9 0.227503 -0.06499 2.80458 0.0198838 -0.00504896 20.6474
6004583 0 0.01 3 32.9 -0.360019 0.356658 55.438 -0.606981 0.602425 20.6474
6006377 0 0.01 3 32.9 0.397692 0.265177 4.93229 0.0586517 0.0402059 20.6474
6009802 0 0.01 3 32.9 0.0476902 -0.274378 43.8855 0.0635541 -0.367042 20.6474
6012400 0 0.01 2.99998 32.9 0.305144 0.332934 43.6939 0.406549 0.442814 20.6474
6015111 0 0.01 3 32.9 -0.158139 0.0055353 7.69598 -0.0368492 0.00280434 20.6474
6015739 0 0.01 3 32.9 -0.176564 -0.370706 8.81381 -0.0492666 -0.0993854 20.6474
6016084 0 0.01 3 32.9 0.355962 -0.438281 35.8362 0.386102 -0.477872 20.6474
58003550 0 0.01 3 32.9 0.33638 -0.150435 0.809046 0.00276045 -0.0036964 20.6557
58004785 0 0.01 3 32.9 0.0641619 -0.220786 1.26219 0.00619614 -0.00850842 20.6557
58005842 0 0.01 3 32.9 0.0725375 0.353253 3.87649 0.00863316 0.0377632 20.6557
58006579 0 0.01 3.00012 32.9 0.137779 -0.00345955 40.0272 0.168842 -0.00385126 20.6557
58008491 0 0.01 3 32.9 0.0810206 0.310563 3.62514 0.00941391 0.0314739 20.6557
58008640 0 0.01 3 32.9 0.00762819 -0.223994 0.936467 0.00116341 -0.00669928 20.6557
58011604 0 0.01 3 32.9 -0.269254 0.0104309 2.38393 -0.019724 -0.00137325 20.6557
58014466 0 0.01 3 32.9 0.485701 0.0796984 3.03864 0.0430037 0.00893988 20.6557
58016022 0 0.01 3 32.9 -0.356992 -0.133018 1.15202 -0.00658113 -0.0037268 20.6557
85003591 0 0.01 3.00001 32.9 -0.0705324 -0.181407 4.38849 -0.0100125 -0.0233634 20.6602
85005325 0 0.01 3 32.9 -0.450069 0.460878 3.0174 -0.0417411 0.0422149 20.6602
85008089 0 0.01 2.99999 32.9 0.0446778 -0.408612 1.33084 0.0038022 -0.0194735 20.6602
85008732 0 0.01 3 32.9 -0.339096 0.326292 3.71963 -0.0350561 0.0388479 20.6602
85009565 0 0.01 3 32.9 -0.179122 0.00243607 1.01549 -0.00566214 0.00565501 20.6602
85010592 0 0.01 3 32.9 0.166265 -0.0494025 2.26412 0.0124077 -0.0068476 20.6602
85010665 0 0.01 3 32.9 -0.386504 -0.0289655 39.516 -0.464016 -0.0331437 20.6602
85012568 0 0.01 3 32.9 0.453302 -0.365374 3.58949 0.05027 -0.0393654 20.6602
85013128 0 0.01 2.99992 32.9 0.0303819 -0.0664633 35.4299 0.0303121 -0.0697954 20.6602
85013129 0 0.01 3 32.9 -0.410358 0.0611861 3.35845 -0.0433163 0.00971096 20.6602
85015984 0 0.01 3.00001 32.9 -0.43197 0.421822 45.7204 -0.599941 0.58774 20.6602
80003253 0 0.01 3.00003 32.9 -0.444685 0.338986 36.86 -0.496939 0.379079 20.6496
80003955 0 0.01 2.99998 32.9 -0.0459737 -0.335089 40.3377 -0.056239 -0.408621 20.6496
80004565 0 0.01 3 32.9 -0.0484831 -0.248506 2.09134 -0.00256723 -0.0171707 20.6496
80007683 0 0.01 3 32.9 0.0152495 -0.316234 3.21798 -0.00429855 -0.0299073 20.6496
80009440 0 0.01 2.99996 32.9 0.286769 0.250345 19.685 0.170778 0.151832 20.6496
78000720 0 0.01 3 32.9 0.304041 0.365996 2.88851 0.0241765 0.0324046 20.6465
78003793 0 0.01 3.00001 32.9 0.0269011 -0.38727 1.63569 0.000480619 -0.0178946 20.6465
78008503 0 0.01 3 32.9 -0.448841 -0.495603 1.82283 -0.0297104 -0.0290672 20.6465
78008722 0 0.01 3 32.9 0.194507 -0.174222 1.27242 0.00176958 0.00438319 20.6465
28003978 0 0.01 3.00002 32.9 -0.392333 0.270412 9.31188 -0.110667 0.0788426 20.6559
28004245 0 0.01 3 32.9 0.118913 -0.425448 5.09467 0.0169212 -0.0647406 20.6559
28006272 0 0.01 3 32.9 0.244388 0.355522 2.95005 0.0240934 0.0311116 20.6559
28010167 0 0.01 3 32.9 -0.44658 -0.432938 14.89 -0.202645 -0.195256 20.6559
28013326 0 0.01 3 32.9 -0.317842 -0.434454 9.13691 -0.0879265 -0.118354 20.6559
28013360 0 0.01 3 32.9 0.448379 0.372721 3.10141 0.0453627 0.0388556 20.6559
28014651 0 0.01 3 32.9 -0.324047 -0.19928 3.06422 -0.0315811 -0.0166684 20.6559
70002495 0 0.01 2.99998 32.9 0.25987 0.0609776 6.70623 0.0513974 0.0148169 20.6448
70003724 0 0.01 3 32.9 0.4128 -0.131909 9.10424 0.11535 -0.0331967 20.6448
70003793 0 0.01 3 32.9 0.0571887 0.120315 45.0495 0.0777438 0.16599 20.6448
70004714 0 0.01 3 32.9 0.166695 -0.360326 30.7888 0.155579 -0.33559 20.6448
70005045 0 0.01 3 32.9 0.303532 0.391149 5.04785 0.0471916 0.058543 20.6448
70005056 0 0.01 3 32.9 0.239143 -0.213603 4.61106 0.0328878 -0.0278437 20.6448
70008159 0 0.01 3 32.9 0.366543 -0.0121436 43.5542 0.485716 -0.015698 20.6448
70009441 0 0.01 3 32.9 -0.402106 -0.262323 3.56749 -0.0440941 -0.0262735 20.6448
70013599 0 0.01 2.99999 32.9 0.341279 0.147329 4.46731 0.0445042 0.0178079 20.6448
70014574 0 0.01 3 32.9 0.0355038 -0.189045 2.14147 0.00218576 -0.0101812 20.6448
74003865 0 0.01 3 32.9 -0.218835 0.328931 38.9435 -0.257817 0.388471 20.6526
74008990 0 0.01 3 32.9 -0.052647 -0.225446 11.8394 -0.0206683 -0.081914 20.6526
74010137 0 0.01 3 32.9 0.366297 -0.339652 2.95071 0.0342047 -0.0281957 20.6526
74012573 0 0.01 3 32.9 0.402324 -0.302618 3.99488 0.0472903 -0.0358702 20.6526
74013118 0 0.01 3 32.9 0.443146 0.113203 22.4994 0.300569 0.0785507 20.6526
74013210 0 0.01 2.99998 32.9 -0.0126511 -0.439996 3.22342 -0.00210579 -0.0396668 20.6526
74015049 0 0.01 3 32.9 -0.176715 -0.386677 3.61354 -0.0199484 -0.0415998 20.6526
74015369 0 0.01 3 32.9 -0.194623 -0.492447 3.36324 -0.0209445 -0.0541381 20.6526
76003966 0 0.01 3 32.9 0.418007 0.0958186 7.31775 0.0941173 0.0240288 20.6465
76004001 0 0.01 3 32.9 -0.403905 -0.394478 1.0518 -0.0166706 -0.00250479 20.6465
76006251 0 0.01 3 32.9 0.324255 0.166419 3.45872 0.034787 0.0152374 20.6465
76006702 0 0.01 3 32.9 0.0584328 0.177417 11.7064 0.0196824 0.061121 20.6465
76007123 0 0.01 2.99996 32.9 -0.369844 0.431602 39.1897 -0.442307 0.51386 20.6465
76012178 0 0.01 3 32.9 -0.0163865 0.312537 6.17666 -0.00292072 0.0585923 20.6465
76013141 0 0.01 3 32.9 0.113454 0.184207 4.48386 0.0156606 0.024894 20.6465
76015050 0 0.01 3 32.9 -0.323953 -0.321873 29.9502 -0.294363 -0.292632 20.6465
76016055 0 0.01 3 32.9 -0.165413 0.18486 3.51621 -0.0184053 0.0212616 20.6465
59003880 0 0.01 3 32.9 -0.372649 0.391982 1.20969 -0.0102088 0.0170249 20.6722
59004115 0 0.01 3.00002 32.9 0.327595 -0.27427 0.609074 0.0109817 -0.00876609 20.6722
59006371 0 0.01 3.00001 32.9 -0.486531 -0.0207738 2.65866 -0.037905 -0.00117912 20.6722
59009137 0 0.01 3 32.9 0.324729 0.496216 9.10043 0.0883537 0.139419 20.6722
59011150 0 0.01 3 32.9 -0.293141 0.355823 10.6744 -0.0958314 0.114253 20.6722
59012328 0 0.01 3 32.9 -0.312263 -0.317013 10.2722 -0.0977179 -0.100684 20.6722
59012392 0 0.01 3 32.9 0.28356 -0.243977 3.04156 0.026271 -0.0232748 20.6722
59012404 0 0.01 3 32.9 0.0220811 -0.0760258 13.638 0.00994409 -0.0330175 20.6722
59014668 0 0.01 3 32.9 -0.0650407 -0.3706 4.70844 -0.0104681 -0.0526483 20.6722
59016015 0 0.01 3 32.9 0.185644 0.167681 3.11574 0.0203738 0.0138016 20.6722
69000912 0 0.01 3 32.9 0.295079 0.274921 5.67302 0.0521225 0.0487588 20.667
69001590 0 0.01 3 32.9 0.158182 -0.328805 3.89857 0.0154948 -0.0381093 20.667
69003937 0 0.01 3 32.9 0.469085 -0.227669 60.485 0.863808 -0.417198 20.667
69004933 0 0.01 3 32.9 0.280519 0.350053 0.717578 0.00362749 0.00738919 20.667
69005095 0 0.01 3 32.9 -0.323657 -0.34169 5.75323 -0.0560007 -0.0548815 20.667
69006862 0 0.01 3 32.9 -0.0544027 0.204161 4.99288 -0.0101696 0.0323736 20.667
69007678 0 0.01 3 32.9 0.125982 0.201165 54.0764 0.205959 0.330435 20.667
69010039 0 0.01 3 32.9 -0.447898 0.308117 8.70672 -0.117082 0.0804287 20.667
69013688 0 0.01 3 32.9 0.314333 0.221598 6.9472 0.0685244 0.0478916 20.667
69015688 0 0.01 3 32.9 0.217886 -0.146665 2.17582 0.00717858 -0.00731774 20.667
75001417 0 0.01 2.99999 32.9 0.351399 0.124346 7.7308 0.0829925 0.0290003 20.6662
75004425 0 0.01 3.00001 32.9 -0.0761848 -0.144375 12.7898 -0.0306826 -0.053989 20.6662
75007454 0 0.01 3 32.9 -0.0155328 0.113983 1.37755 -0.00226049 0.00330741 20.6662
75008075 0 0.01 3 32.9 0.277239 0.303208 41.8626 0.351403 0.38764 20.6662
75008297 0 0.01 3 32.9 -0.183312 -0.175571 2.18629 -0.0103548 -0.0132211 20.6662
75011866 0 0.01 3 32.9 -0.30937 0.0115687 29.8504 -0.283036 0.0127127 20.6662
75012454 0 0.01 3 32.9 -0.42014 -0.446498 2.94156 -0.0385833 -0.0412422 20.6662
75013515 0 0.01 3 32.9 -0.0676597 0.0144144 2.28072 -0.00440044 -0.000494319 20.6662
75015829 0 0.01 3 32.9 0.223404 -0.40807 2.40325 0.0171514 -0.032295 20.6662
68002936 0 0.01 3 32.9 0.257738 -0.00968742 2.60153 0.0193745 0.00371281 20.6676
68004506 0 0.01 3 32.9 -0.00842708 -0.192046 1.91179 -0.000820864 -0.00859616 20.6676
68004555 0 0.01 2.99999 32.9 0.298877 -0.499903 45.0583 0.411563 -0.682112 20.6676
68008534 0 0.01 2.99999 32.9 0.317144 0.287392 2.45487 0.0268517 0.0227699 20.6676
68009524 0 0.01 3 32.9 0.245391 0.0745448 3.31996 0.0242111 0.00647412 20.6676
68011370 0 0.01 2.99999 32.9 0.0371463 0.215558 2.87768 0.00269803 0.019855 20.6676
68012935 0 0.01 2.99998 32.9 0.26088 -0.287459 15.784 0.124553 -0.135435 20.6676
68015581 0 0.01 3 32.9 -0.22032 0.244583 2.64301 -0.022073 0.0199653 20.6676
65002011 0 0.01 3.00001 32.9 -0.0464157 -0.461118 44.9695 -0.0642501 -0.629622 20.6509
65002253 0 0.01 3 32.9 -0.440569 -0.080213 3.14828 -0.0380589 -0.00673273 20.6509
65003406 0 0.01 2.99996 32.9 -0.0859044 0.0356305 42.6822 -0.109689 0.04521 20.6509
65006187 0 0.01 3 32.9 -0.0359867 -0.0276357 6.30497 -0.00618673 -0.00680031 20.6509
65008059 0 0.01 3 32.9 0.0187023 0.146208 7.94244 0.00359063 0.0356442 20.6509
62000757 0 0.01 3 32.9 -0.456046 -0.186741 4.62105 -0.0649177 -0.0240105 20.6414
62001658 0 0.01 3.00002 32.9 0.0615571 -0.349919 35.4051 0.0653325 -0.377191 20.6414
62002183 0 0.01 3 32.9 0.344495 0.306602 1.0758 0.0123937 0.00912937 20.6414
62003558 0 0.01 3 32.9 -0.10458 -0.39703 45.2674 -0.142278 -0.544407 20.6414
62004019 0 0.01 3.00001 32.9 0.0836052 -0.18313 5.39856 0.0121958 -0.027337 20.6414
62004278 0 0.01 3 32.9 -0.0152313 0.122573 1.65635 -0.00269786 0.0120468 20.6414
62009830 0 0.01 2.99999 32.9 0.401212 0.229876 35.7322 0.434564 0.249048 20.6414
62012244 0 0.01 3.00065 32.9 0.0489176 -0.442305 27.01 0.0416645 -0.363522 20.6414
62012339 0 0.01 3.0026 32.9 0.496979 0.220463 9.6581 0.144686 0.0678713 20.6414
62013904 0 0.01 3.00001 32.9 -0.143867 -0.134365 44.5133 -0.193883 -0.181857 20.6414
63001224 0 0.01 3 32.9 -0.462231 0.413992 1.99785 -0.0308144 0.0263538 20.6685
63001806 0 0.01 3 32.9 0.223414 -0.482389 0.67737 -0.0036063 -0.0148474 20.6685
63002957 0 0.01 3 32.9 -0.175954 0.454032 7.35383 -0.0389869 0.102009 20.6685
63003154 0 0.01 3 32.9 -0.482618 0.109247 35.4766 -0.520687 0.117906 20.6685
63005181 0 0.01 3 32.9 -0.432749 -0.0278505 10.3038 -0.136815 -0.0116861 20.6685
63005552 0 0.01 3 32.9 0.159706 0.0505951 6.57382 0.0340354 0.0105966 20.6685
63005905 0 0.01 3 32.9 0.0041229 0.314455 1.89632 -0.00120272 0.0223962 20.6685
63006924 0 0.01 3 32.9 -0.49572 -0.166818 5.77809 -0.0874704 -0.0306515 20.6685
63008027 0 0.01 3 32.9 -0.437431 -0.267602 1.90845 -0.0218559 -0.0172075 20.6685
63008897 0 0.01 3 32.9 -0.356873 0.441577 4.04527 -0.0428378 0.0537569 20.6685
63011091 0 0.01 3 32.9 0.334569 -0.00403362 2.64053 0.0280246 0.00113177 20.6685
63012045 0 0.01 3 32.9 0.391391 0.440717 28.7241 0.342611 0.382782 20.6685
63013238 0 0.01 3 32.9 -0.120399 0.368844 20.0586 -0.0715707 0.223017 20.6685
63015378 0 0.01 3 32.9 0.140767 0.209559 4.18075 0.0172098 0.0268316 20.6685
63015937 0 0.01 3 32.9 0.465145 -0.402877 3.36662 0.0469414 -0.0370921 20.6685
60000767 0 0.01 3 32.9 -0.477697 0.430388 2.07013 -0.0293238 0.0293864 20.6503
60001019 0 0.01 3.00002 32.9 -0.0161702 0.464489 56.1502 -0.0272203 0.792921 20.6503
60004596 0 0.01 3 32.9 -0.101877 -0.277339 7.71191 -0.0241247 -0.0628955 20.6503
60005147 0 0.01 3 32.9 -0.116096 -0.417004 6.05523 -0.0184264 -0.0760141 20.6503
60005700 0 0.01 2.99999 32.9 0.428734 0.0600995 11.8221 0.154521 0.0232037 20.6503
60010366 0 0.01 3 32.9 -0.0585809 -0.362975 2.54037 -0.00547504 -0.0274492 20.6503
60012905 0 0.01 3 32.9 0.153238 0.241696 7.58558 0.0333735 0.057962 20.6503
60013507 0 0.01 3 32.9 -0.0126258 -0.439431 8.14182 -0.0037844 -0.106241 20.6503
60014546 0 0.01 3 32.9 -0.311966 0.387573 39.1494 -0.37181 0.462157 20.6503
60015198 0 0.01 3 32.9 0.297814 -0.369204 2.35974 0.022463 -0.0243334 20.6503
67001541 0 0.01 3 32.9 0.0892709 0.0345473 3.97597 0.0129356 0.00731276 20.6701
67002386 0 0.01 3 32.9 0.46585 0.49345 33.1236 0.471288 0.497823 20.6701
67003553 0 0.01 3.00004 32.9 -0.0650108 -0.395365 36.7591 -0.0713215 -0.441448 20.6701
67005232 0 0.01 2.99999 32.9 0.0352863 0.340032 44.8731 0.0479798 0.46416 20.6701
67005377 0 0.01 3 32.9 0.235659 0.490534 4.78772 0.032926 0.0712243 20.6701
67008821 0 0.01 3.00008 32.9 -0.120516 -0.222487 33.5433 -0.122061 -0.227847 20.6701
67013191 0 0.01 3 32.9 0.102457 0.411238 2.3725 0.00866752 0.0305133 20.6701
66001299 0 0.01 3 32.9 -0.0981741 0.296635 2.00089 -0.00193159 0.0177697 20.6414
66004402 0 0.01 3 32.9 0.0319961 -0.343206 3.16525 0.00353263 -0.0310753 20.6414
66004938 0 0.01 3 32.9 -0.496337 -0.118494 2.53919 -0.0375199 -0.00702322 20.6414
66006287 0 0.01 3 32.9 0.236462 0.0110824 49.4634 0.355495 0.0141593 20.6414
66007680 0 0.01 3 32.9 -0.0164387 -0.425054 2.57705 0.00142863 -0.0354809 20.6414
66011034 0 0.01 2.99999 32.9 0.45598 0.0625816 3.30848 0.0425347 0.00801007 20.6414
66012309 0 0.01 3 32.9 -0.375242 0.0241201 3.64447 -0.042229 0.0048415 20.6414
61003438 0 0.01 3 32.9 0.420617 -0.399534 7.32119 0.0924412 -0.0881831 20.6504
61010144 0 0.01 3 32.9 -0.480334 0.45067 11.2174 -0.164036 0.153959 20.6504
61010359 0 0.01 3 32.9 -0.279057 0.189016 0.523764 -0.00351839 -0.00300038 20.6504
61010677 0 0.01 3 32.9 0.0694503 0.0618292 3.73562 0.00636121 0.00777887 20.6504
61012593 0 0.01 3 32.9 -0.183708 0.0999845 8.11388 -0.0442211 0.025946 20.6504
44001231 0 0.01 3 32.9 -0.296054 0.441875 0.987478 -0.00747048 0.0115316 20.6467
44003573 0 0.01 2.99997 32.9 -0.360677 0.133442 45.8106 -0.50116 0.185337 20.6467
44004035 0 0.01 3 32.9 0.178355 -0.327442 2.67698 0.0150826 -0.0276149 20.6467
44006085 0 0.01 3 32.9 0.282756 0.45026 10.8788 0.0935496 0.147996 20.6467
44006511 0 0.01 3 32.9 -0.369574 0.156331 22.493 -0.252176 0.106971 20.6467
44007914 0 0.01 3 32.9 -0.198626 -0.481984 6.70159 -0.0401221 -0.0964488 20.6467
44009175 0 0.01 3 32.9 -0.370531 0.0743424 13.9456 -0.156844 0.0315034 20.6467
44009571 0 0.01 3.00033 32.9 -0.400523 0.452536 27.0833 -0.327887 0.37434 20.6467
44010883 0 0.01 3 32.9 0.47493 -0.413112 3.66575 0.0509214 -0.0450964 20.6467
44013008 0 0.01 2.99999 32.9 -0.302077 -0.285594 1.8731 -0.0159293 -0.0128127 20.6467
44013416 0 0.01 3 32.9 -0.286691 -0.0533318 2.75908 -0.0227242 -0.00328179 20.6467
44015613 0 0.01 3.00003 32.9 0.135693 0.0783264 44.913 0.183934 0.107402 20.6467
82001588 0 0.01 3 32.9 -0.195043 0.310377 5.79695 -0.0335908 0.0545381 20.6648
82002026 0 0.01 3 32.9 -0.171179 -0.324732 2.07396 -0.00848648 -0.0210068 20.6648
82002163 0 0.01 3 32.9 0.146399 0.321868 4.44432 0.019841 0.0433327 20.6648
82002210 0 0.01 2.99998 32.9 0.256544 0.317797 44.9463 0.350563 0.435028 20.6648
82005833 0 0.01 3 32.9 0.163028 0.288431 6.0035 0.0319565 0.0523346 20.6648
82006981 0 0.01 3 32.9 -0.2834 0.221424 9.31801 -0.0789419 0.0627713 20.6648
82011122 0 0.01 2.99997 32.9 0.0982481 0.0948553 40.7571 0.119271 0.119322 20.6648
82012441 0 0.01 3 32.9 0.00757331 -0.131707 4.3871 -0.00055939 -0.0170783 20.6648
82012491 0 0.01 3 32.9 0.276479 -0.0395567 32.5737 0.274002 -0.03892 20.6648
82013710 0 0.01 3 32.9 -0.37574 -0.439039 3.517 -0.0416301 -0.0452518 20.6648
82014870 0 0.01 3 32.9 0.0803611 0.475917 4.26532 0.0080884 0.0604917 20.6648
45003053 0 0.01 3 32.9 0.397118 0.462234 5.24948 0.0621464 0.0717769 20.6674
55001882 0 0.01 3 32.9 -0.353993 0.261076 0.861387 -0.00802486 0.00816974 20.6696
55002069 0 0.01 3.00004 32.9 0.489808 0.419288 37.0596 0.554058 0.474548 20.6696
55002390 0 0.01 3 32.9 -0.129511 0.0279623 1.84129 -0.0076422 0.000353551 20.6696
55004217 0 0.01 2.99996 32.9 -0.286374 -0.0660329 1.20661 -0.00865834 0.00498127 20.6696
55005297 0 0.01 3 32.9 -0.426639 0.301692 2.75744 -0.0382913 0.0215092 20.6696
55005863 0 0.01 3 32.9 0.352804 0.24578 1.50053 0.0114817 0.0102145 20.6696
55011146 0 0.01 3 32.9 -0.115 0.0455355 27.7444 -0.0971774 0.0370527 20.6696
55016121 0 0.01 3 32.9 0.072978 0.170087 3.47781 0.00763426 0.0173637 20.6696
17000269 0 0.01 3 32.9 0.39459 0.121744 4.84302 0.059718 0.0185659 20.6493
17000617 0 0.01 2.99999 32.9 -0.23155 0.176857 3.20321 -0.0213963 0.0175575 20.6493
17001066 0 0.01 3.00008 32.9 0.0647296 -0.0526987 33.4317 0.0639783 -0.050536 20.6493
17002895 0 0.01 3 32.9 -0.38773 -0.214474 43.072 -0.50755 -0.281045 20.6493
17003140 0 0.01 3.00001 32.9 0.433865 0.444131 22.3321 0.294847 0.302603 20.6493
17004483 0 0.01 3 32.9 0.403468 -0.423454 2.28249 0.0322287 -0.0298157 20.6493
17005970 0 0.01 3 32.9 -0.00317635 0.369258 2.86589 -0.000342099 0.0357119 20.6493
17010539 0 0.01 3 32.9 -0.454594 0.374968 6.98009 -0.0949236 0.080763 20.6493
17010595 0 0.01 3 32.9 -0.00506769 0.0343623 2.31236 0.00145701 0.00301229 20.6493
17011005 0 0.01 3 32.9 -0.0850413 0.104318 2.34695 -0.00506847 0.00999785 20.6493
17011850 0 0.01 3 32.9 0.216498 -0.0554432 28.0967 0.18413 -0.0455672 20.6493
48000079 0 0.01 3 32.9 -0.039254 -0.253131 4 -0.00394281 -0.0317856 20.6707
48003045 0 0.01 3 32.9 0.199815 -0.0890312 15.3477 0.0942664 -0.0401468 20.6707
48004244 0 0.01 3 32.9 0.497423 0.0797581 8.91411 0.135608 0.0222612 20.6707
48004601 0 0.01 2.99999 32.9 -0.358073 0.0268287 16.0715 -0.175305 0.0138108 20.6707
48005115 0 0.01 3 32.9 -0.235191 0.067523 2.30791 -0.0129208 0.0100169 20.6707
48006489 0 0.01 3 32.9 0.46165 0.331603 7.45034 0.103442 0.0792418 20.6707
48007142 0 0.01 3 32.9 -0.0718351 -0.144921 1.07373 0.000822722 -0.00650416 20.6707
48007689 0 0.01 3.00008 32.9 -0.0122975 0.0580765 39.9867 -0.0155291 0.0715461 20.6707
48009822 0 0.01 3 32.9 -0.320803 -0.100648 2.33033 -0.0210216 -0.00351588 20.6707
48015157 0 0.01 2.99999 32.9 -0.447255 0.473624 13.2953 -0.182419 0.192661 20.6707
53001802 0 0.01 3 32.9 0.0943986 0.348279 2.92366 0.00736231 0.030308 20.6533
53002670 0 0.01 3 32.9 0.312656 -0.418431 2.18807 0.0187346 -0.0243649 20.6533
53005324 0 0.01 3 32.9 0.465623 -0.437981 2.83497 0.0406919 -0.034632 20.6533
53005867 0 0.01 3 32.9 0.354383 0.0173113 2.90869 0.0314907 0.000529926 20.6533
53007922 0 0.01 3.00016 32.9 0.453891 -0.377225 26.017 0.360041 -0.298233 20.6533
53010516 0 0.01 3.00001 32.9 -0.435247 0.0558849 2.43889 -0.0337411 0.00317286 20.6533
53012547 0 0.01 3.00033 32.9 -0.43267 -0.278638 28.7553 -0.37574 -0.243106 20.6533
53013797 0 0.01 3 32.9 0.396313 -0.449752 1.2334 0.0178526 -0.0183455 20.6533
53015516 0 0.01 3.00001 32.9 0.431525 0.437731 75.582 0.991735 1.00581 20.6533
56003208 0 0.01 2.99998 32.9 0.417368 0.428045 8.91153 0.113326 0.116669 20.6155
56004483 0 0.01 3 32.9 0.170496 -0.15602 2.57619 0.0140887 -0.0134795 20.6155
56006000 0 0.01 2.99984 32.9 0.442221 -0.354731 35.7722 0.480123 -0.386466 20.6155
56008053 0 0.01 3 32.9 0.384866 -0.0171139 7.71457 0.0873205 -0.00373911 20.6155
56010268 0 0.01 3 32.9 -0.124562 0.114008 2.95742 -0.0117123 0.0107034 20.6155
56011643 0 0.01 3 32.9 0.0565113 -0.341482 16.0652 0.027291 -0.166813 20.6155
56012459 0 0.01 3.00001 32.9 -0.173833 -0.384914 21.0525 -0.110994 -0.245882 20.6155
56013465 0 0.01 3 32.9 -0.0634176 0.438577 2.97035 -0.00505969 0.0403963 20.6155
56013979 0 0.01 2.99992 32.9 0.29007 0.297431 24.5691 0.216307 0.224266 20.6155
41004642 0 0.01 3 32.9 0.459922 -0.0301609 3.15598 0.0419411 0.00285913 20.6596
41004854 0 0.01 3 32.9 -0.213199 0.460214 15.1443 -0.0972142 0.213746 20.6596
41010055 0 0.01 3.00008 32.9 0.00537138 -0.0921928 39.8909 0.00716333 -0.111189 20.6596
41010687 0 0.01 2.99995 32.9 0.288579 0.231322 42.3611 0.371034 0.298091 20.6596
41011241 0 0.01 3.00008 32.9 -0.447428 -0.165148 34.595 -0.469298 -0.172827 20.6596
41012353 0 0.01 3 32.9 0.190025 -0.278836 4.18541 0.0236556 -0.035346 20.6596
41012753 0 0.01 3 32.9 -0.499487 -0.415428 1.88533 -0.0260105 -0.0263363 20.6596
41015027 0 0.01 3 32.9 0.467921 -0.114848 6.10655 0.0879061 -0.019693 20.6596
41015753 0 0.01 3 32.9 -0.414485 -0.470073 9.13855 -0.113529 -0.128252 20.6596
40002122 0 0.01 3 32.9 -0.0890658 0.171911 2.86685 -0.00634318 0.0183928 20.6642
40002352 0 0.01 3 32.9 0.078757 -0.11973 3.96599 0.0105652 -0.0143743 20.6642
40003632 0 0.01 3 32.9 0.409703 -0.0887569 4.15248 0.0485976 -0.00984893 20.6642
40004483 0 0.01 3 32.9 -0.448968 -0.0333629 4.73652 -0.0659889 -0.00527337 20.6642
40007505 0 0.01 3 32.9 -0.084422 0.270223 40.7638 -0.105634 0.334971 20.6642
40008103 0 0.01 2.99998 32.9 0.259044 -0.0721409 45.6451 0.359431 -0.100189 20.6642
40011361 0 0.01 3 32.9 0.114766 -0.296027 1.21057 0.00626714 -0.00869636 20.6642
40014700 0 0.01 3 32.9 0.0330465 0.391152 6.20973 0.00531043 0.0745347 20.6642
40015014 0 0.01 3 32.9 0.0481601 0.349938 1.4689 0.00286801 0.0197969 20.6642
40015136 0 0.01 3.00016 32.9 0.169861 0.418099 25.0143 0.128632 0.318264 20.6642
40015272 0 0.01 3 32.9 -0.442517 -0.402973 3.27871 -0.0419061 -0.0428475 20.6642
39000134 0 0.01 2.99999 32.9 -0.499905 0.139431 18.7172 -0.286118 0.0805282 20.655
39007972 0 0.01 3.00002 32.9 0.0461092 -0.172331 42.6945 0.0588587 -0.221263 20.655
39009903 0 0.01 3 32.9 0.346799 0.442419 14.1438 0.147947 0.193304 20.655
39010847 0 0.01 3 32.9 0.393259 0.257183 31.8721 0.381326 0.24905 20.655
39013451 0 0.01 3 32.9 -0.0438454 0.469323 8.65564 -0.0124567 0.124001 20.655
36001302 0 0.01 3 32.9 0.308339 -0.164526 3.37188 0.035827 -0.0153542 20.6529
36006892 0 0.01 3 32.9 -0.0718152 -0.11375 4.70556 -0.00844174 -0.0141738 20.6529
36008400 0 0.01 3 32.9 -0.434556 0.267308 4.96775 -0.0660954 0.0412024 20.6529
24002419 0 0.01 3.0052 32.9 -0.427778 0.47704 8.67013 -0.111867 0.128004 20.6752
24005560 0 0.01 3 32.9 0.0842038 -0.485015 1.17497 0.0027488 -0.0173487 20.6752
24005874 0 0.01 3 32.9 -0.0124645 -0.40295 2.16722 -0.000209972 -0.0288776 20.6752
24008416 0 0.01 3 32.9 -0.4983 -0.0365447 0.819945 -0.0111687 0.00722021 20.6752
24008835 0 0.01 3 32.9 0.245667 -0.484449 1.65363 0.0127738 -0.0232225 20.6752
24009074 0 0.01 3 32.9 -0.450654 -0.137156 2.77089 -0.0373273 -0.0120148 20.6752
24009707 0 0.01 3.00005 32.9 0.196699 0.249963 31.1059 0.186468 0.236906 20.6752
24010235 0 0.01 3 32.9 -0.491501 -0.0556308 3.08928 -0.0442195 0.000131017 20.6752
24011107 0 0.01 3 32.9 0.46098 0.260979 4.53222 0.0650637 0.0343913 20.6752
24012004 0 0.01 3 32.9 -0.233749 0.174718 4.17149 -0.0289748 0.0220595 20.6752
24014984 0 0.01 3 32.9 0.172184 -0.0689626 7.77744 0.0395709 -0.0162673 20.6752
37002802 0 0.01 3.00016 32.9 0.103057 0.399587 33.4855 0.105564 0.40634 20.6426
37003896 0 0.01 3 32.9 -0.140301 0.485199 4.55386 -0.0184374 0.0683776 20.6426
37005736 0 0.01 2.99996 32.9 0.0736532 0.415422 36.977 0.0828064 0.467029 20.6426
37006428 0 0.01 2.99984 32.9 -0.121789 0.285596 39.6934 -0.14856 0.345259 20.6426
37007194 0 0.01 3.00033 32.9 0.371368 0.416849 23.7811 0.268659 0.302145 20.6426
37009724 0 0.01 2.99996 32.9 -0.0488135 0.206212 41.6879 -0.0619925 0.262637 20.6426
37012639 0 0.01 3 32.9 0.37488 0.363302 9.52806 0.107481 0.10422 20.6426
37013546 0 0.01 3 32.9 -0.00125722 0.257781 2.6935 -0.00127299 0.0201507 20.6426
37015045 0 0.01 3 32.9 0.459931 0.207637 2.43111 0.0340678 0.0209082 20.6426
37015457 0 0.01 3 32.9 -0.264211 0.161651 1.81866 -0.0145045 0.00745204 20.6426
23001410 0 0.01 3 32.9 0.49374 -0.00745598 1.41953 0.0218299 0.005579 20.6432
23004780 0 0.01 3 32.9 0.431734 0.496596 8.9382 0.11661 0.134795 20.6432
23005299 0 0.01 3 32.9 -0.299333 0.184745 0.948328 -0.00438606 0.000494023 20.6432
23005314 0 0.01 3 32.9 0.412895 -0.291984 33.2493 0.417971 -0.295005 20.6432
23005880 0 0.01 3 32.9 0.231865 0.448459 10.091 0.0723138 0.136099 20.6432
23008309 0 0.01 3 32.9 0.0561254 -0.0261725 4.05108 0.00915127 -0.00503361 20.6432
23012377 0 0.01 3 32.9 -0.00554346 0.298856 7.47936 -0.00239384 0.0674178 20.6432
23015453 0 0.01 3 32.9 -0.129551 -0.478453 4.08957 -0.0146514 -0.0614751 20.6432
34004518 0 0.01 3.00033 32.9 -0.442434 0.408882 28.7795 -0.386037 0.356143 20.643
34009689 0 0.01 3 32.9 0.12307 0.255651 32.1533 0.119505 0.249016 20.643
34010802 0 0.01 3 32.9 -0.154178 -0.0417211 2.9101 -0.0117037 -0.00345311 20.643
34011471 0 0.01 3 32.9 -0.321297 -0.284475 2.16572 -0.0202968 -0.0179628 20.643
22000776 0 0.01 3 32.9 -0.219995 0.43582 17.2581 -0.114287 0.228207 20.66
22003864 0 0.01 3 32.9 0.258185 0.00220187 4.12116 0.0323672 -0.000265537 20.66
22004048 0 0.01 2.99994 32.9 -0.105738 0.387316 43.3737 -0.139548 0.514922 20.66
22015361 0 0.01 3.00002 32.9 -0.419065 -0.23258 131.599 -1.67556 -0.929606 20.66
11000848 0 0.01 3 32.9 -0.123213 0.265282 1.25065 -0.00816194 0.0141535 20.6613
11001809 0 0.01 3 32.9 0.0261332 -0.132427 1.94126 7.46429e-05 -0.00481068 20.6613
11004386 0 0.01 3 32.9 0.132541 -0.0815484 0.636841 -0.00394647 -0.00395116 20.6613
11004506 0 0.01 3 32.9 0.130233 -0.208746 5.77357 0.0236909 -0.0370441 20.6613
11008443 0 0.01 3 32.9 0.029268 -0.224134 1.64762 0.00536681 -0.0124228 20.6613
11009756 0 0.01 3 32.9 0.208551 0.409898 21.7994 0.137308 0.272352 20.6613
11010734 0 0.01 3 32.9 -0.112 -0.422996 23.051 -0.0776674 -0.294727 20.6613
11011209 0 0.01 3 32.9 -0.339838 -0.329914 54.0837 -0.560145 -0.542075 20.6613
11011665 0 0.01 3 32.9 -0.407504 0.39278 1.27494 -0.0130831 0.017997 20.6613
11011991 0 0.01 3 32.9 0.304721 0.142104 4.85577 0.0459909 0.02079 20.6613
14002460 0 0.01 3 32.9 -0.102763 0.0488924 1.46073 -0.000878729 0.00365514 20.6647
14004578 0 0.01 2.99984 32.9 0.474526 -0.342972 39.1149 0.562262 -0.409504 20.6647
14004903 0 0.01 3 32.9 -0.12105 -0.304326 7.03012 -0.0247197 -0.0657696 20.6647
14007250 0 0.01 3 32.9 -0.335279 -0.217335 4.70948 -0.0470843 -0.0321025 20.6647
14008487 0 0.01 3 32.9 -0.299785 0.41259 9.2088 -0.0853386 0.11689 20.6647
14009754 0 0.01 3 32.9 0.246732 0.0532318 1.63729 0.0146669 0.00272348 20.6647
14010730 0 0.01 2.99998 32.9 -0.176069 -0.124856 40.7618 -0.216831 -0.153161 20.6647
14014266 0 0.01 3 32.9 -0.483056 0.344296 1.32822 -0.0221296 0.013207 20.6647
9006635 0 0.01 3.00001 32.9 -0.271268 0.208716 15.0312 -0.124928 0.0955019 20.6535
9007052 0 0.01 3 32.9 -0.342134 -0.189284 3.99621 -0.0416791 -0.0246023 20.6535
9009315 0 0.01 2.99967 32.9 0.114796 -0.358677 20.8613 0.071516 -0.227637 20.6535
9010444 0 0.01 3 32.9 0.261178 0.124495 0.0551636 0.0865135 0.0493938 20.6535
9010501 0 0.01 3 32.9 -0.368362 0.408717 0.836433 -0.00505453 0.0143547 20.6535
9011467 0 0.01 3 32.9 0.386702 -0.496381 8.39082 0.0991024 -0.1267 20.6535
9012636 0 0.01 3 32.9 -0.0721614 0.436665 7.68625 -0.0162285 0.10341 20.6535
9014915 0 0.01 3 32.9 0.494439 0.0865645 6.78918 0.103146 0.0200888 20.6535
10002992 0 0.01 2.99988 32.9 -0.476845 -0.201533 37.1412 -0.539606 -0.227415 20.6539
10005653 0 0.01 3 32.9 -0.441746 0.196367 1.74978 -0.0234597 0.010217 20.6539
10008889 0 0.01 3 32.9 0.328244 -0.148876 5.67492 0.0559742 -0.0248902 20.6539
10009306 0 0.01 3 32.9 0.457686 0.0230915 4.27879 0.0599055 0.00231742 20.6539
99001635 0 0.01 3 32.9 0.477479 -0.136103 3.23671 0.0456852 -0.0130394 20.6482
99002284 0 0.01 3 32.9 -0.363449 0.0339621 2.11565 -0.0234926 0.00561057 20.6482
99006431 0 0.01 3 32.9 -0.09468 -0.283511 8.33582 -0.022648 -0.0719622 20.6482
99009480 0 0.01 2.99967 32.9 0.335595 0.284405 23.8992 0.242524 0.206882 20.6482
99010653 0 0.01 3 32.9 -0.319128 0.234409 9.50669 -0.0924801 0.0666768 20.6482
99010729 0 0.01 2.99998 32.9 0.365182 0.136194 7.15342 0.0811809 0.028707 20.6482
99011262 0 0.01 3 32.9 0.113774 -0.34939 4.81281 0.016946 -0.0532086 20.6482
99014260 0 0.01 3 32.9 0.332983 0.265873 1.32946 0.0141986 0.00817681 20.6482
99016180 0 0.01 3 32.9 0.217268 -0.204655 0.728645 0.00615669 -0.00283374 20.6482
2001626 0 0.01 3 32.9 0.449057 0.449372 30.4868 0.416265 0.416795 20.6593
2007010 0 0.01 3.00001 32.9 0.321037 0.220078 15.9415 0.15548 0.107938 20.6593
2008168 0 0.01 2.99997 32.9 -0.17482 0.474794 47.0595 -0.250929 0.67988 20.6593
2008380 0 0.01 3 32.9 -0.341077 -0.391381 5.78271 -0.0616728 -0.0692466 20.6593
2009703 0 0.01 2.99997 32.9 0.382892 0.153725 79.8492 0.929407 0.37072 20.6593
2009759 0 0.01 3 32.9 0.0156032 -0.390614 2.80466 -4.86811e-05 -0.0319723 20.6593
2010424 0 0.01 2.99999 32.9 -0.259282 0.0117568 1.11664 -0.0122296 0.00335693 20.6593
2015116 0 0.01 3 32.9 0.255418 -0.0461767 1.91659 0.013273 -0.00209574 20.6593
2015320 0 0.01 3 32.9 -0.0967521 -0.406651 62.6674 -0.18556 -0.772679 20.6593
3000425 0 0.01 3 32.9 0.172566 -0.499859 2.74713 0.0107713 -0.0440151 20.651
3003214 0 0.01 3 32.9 -0.304014 0.00657202 5.23342 -0.049977 0.00219537 20.651
3006555 0 0.01 3 32.9 0.325974 0.0578653 2.09842 0.0217178 0.00421478 20.651
3007242 0 0.01 3.00002 32.9 -0.141789 0.164718 29.4488 -0.125716 0.151048 20.651
3007956 0 0.01 3 32.9 -0.496301 -0.354332 3.6127 -0.0544016 -0.0429278 20.651
3009446 0 0.01 3 32.9 -0.0973301 0.203114 9.64812 -0.029503 0.0617207 20.651
3014658 0 0.01 3 32.9 0.078224 -0.0420621 4.48563 0.0101941 -0.00250979 20.651
16002297 0 0.01 3 32.9 -0.240656 0.151761 2.47165 -0.0191221 0.0134731 20.659
16002388 0 0.01 3.00002 32.9 -0.434982 0.289915 4.11239 -0.057849 0.0361339 20.659
16003004 0 0.01 2.99999 32.9 0.0604931 0.346856 44.2517 0.0809103 0.468415 20.659
16004724 0 0.01 2.99739 32.9 -0.329605 -0.0528786 9.59275 -0.0975149 -0.0112721 20.659
16007858 0 0.01 3 32.9 -0.302916 0.032158 3.14486 -0.0311063 0.00393122 20.659
16009555 0 0.01 3.00016 32.9 0.321554 -0.258567 35.4349 0.347255 -0.276767 20.659
16011299 0 0.01 3.00065 32.9 0.14175 -0.120472 20.823 0.0905015 -0.0754549 20.659
16011820 0 0.01 3 32.9 -0.123842 -0.389327 2.77412 -0.00930256 -0.0326263 20.659
16012193 0 0.01 3 32.9 0.437766 0.146254 1.37449 0.0184036 0.00523856 20.659
47001096 0 0.01 3.00008 32.9 0.0044007 -0.258173 36.9268 0.00453353 -0.287813 20.6459
47001383 0 0.01 3.00008 32.9 -0.0893656 0.288717 34.3546 -0.0914133 0.302835 20.6459
47003261 0 0.01 3 32.9 -0.428635 0.403748 3.38179 -0.0455546 0.0410138 20.6459
47003585 0 0.01 3 32.9 0.357651 -0.279744 4.88578 0.052913 -0.0412608 20.6459
47005663 0 0.01 2.99996 32.9 -0.379043 0.090934 44.7108 -0.516218 0.124095 20.6459
47011861 0 0.01 3 32.9 0.0466618 0.0827137 1.59805 0.00107683 0.0086962 20.6459
47014150 0 0.01 3 32.9 0.286903 0.0323318 3.83389 0.0356535 0.00567772 20.6459
47014538 0 0.01 3 32.9 -0.000725453 0.130212 4.27422 0.00101853 0.0189203 20.6459
4912 0 0.01 3 32.9 -0.495333 -0.0533621 4.0682 -0.0644178 -0.00711345 20.6504
5569 0 0.01 3 32.9 0.353406 -0.0663163 4.23119 0.0454538 -0.00936705 20.6504
7079 0 0.01 3 32.9 -0.316098 0.230363 2.11883 -0.0227229 0.0141624 20.6504
9106 0 0.01 2.99935 32.9 0.238214 -0.19861 15.4621 0.113816 -0.0950318 20.6504
9406 0 0.01 2.99998 32.9 0.141483 0.187225 53.9388 0.231238 0.306406 20.6504
12017 0 0.01 3 32.9 -0.293216 0.157252 4.64199 -0.0430829 0.0198321 20.6504
12707 0 0.01 3 32.9 0.49464 -0.208357 2.64999 0.0400266 -0.0159529 20.6504
13929 0 0.01 3 32.9 0.451668 0.0572326 3.54537 0.0461901 0.00790457 20.6504
52001901 0 0.01 3.00001 32.9 -0.00118926 0.305744 22.2778 -0.00026936 0.204935 20.6715
52002033 0 0.01 3 32.9 -0.0697597 0.320358 13.3177 -0.0279775 0.12893 20.6715
52003829 0 0.01 3.00001 32.9 0.309929 -0.399333 27.0289 0.253698 -0.327566 20.6715
52005225 0 0.01 2.99967 32.9 0.180163 -0.306829 19.0033 0.103487 -0.177144 20.6715
52008358 0 0.01 3 32.9 -0.357552 -0.0976867 1.55479 -0.0134919 -0.00550728 20.6715
52011784 0 0.01 3 32.9 -0.287514 -0.371016 3.47327 -0.0309785 -0.0353315 20.6715
79000056 0 0.01 3 32.9 -0.0360048 0.173924 14.4282 -0.0158394 0.0782665 20.6681
79003103 0 0.01 3.00001 32.9 0.382715 0.397225 15.8781 0.184368 0.193075 20.6681
79007728 0 0.01 3 32.9 0.435581 -0.458926 14.5619 0.194101 -0.202117 20.6681
79008916 0 0.01 3 32.9 -0.073359 -0.477409 0.602282 -0.0136739 -0.00682696 20.6681
79009870 0 0.01 3.00008 32.9 0.418599 0.24001 23.2428 0.294358 0.168485 20.6681
79011557 0 0.01 3 32.9 -0.0644672 -0.369121 1.31741 -0.00217898 -0.0167737 20.6681
50005395 0 0.01 3 32.9 0.112782 -0.423023 6.84699 0.0238963 -0.0872049 20.6418
50005705 0 0.01 3 32.9 -0.0794764 -0.254783 51.8642 -0.125445 -0.401799 20.6418
50006471 0 0.01 3 32.9 0.391268 0.389374 7.42148 0.0891817 0.0901409 20.6418
50006839 0 0.01 3 32.9 -0.0108385 -0.492456 14.1205 -0.00656789 -0.209784 20.6418
50007438 0 0.01 3 32.9 0.0899212 -0.259094 4.50069 0.0109328 -0.0337484 20.6418
50007650 0 0.01 3 32.9 -0.0609623 0.424467 3.21551 -0.0035241 0.0421311 20.6418
50008026 0 0.01 3 32.9 0.388403 0.327395 4.09477 0.0499929 0.0409558 20.6418
50011267 0 0.01 3 32.9 -0.308194 0.19829 7.34432 -0.0680638 0.0456156 20.6418
50013189 0 0.01 3 32.9 -0.0885593 0.425118 10.5554 -0.027618 0.137405 20.6418
49000633 0 0.01 3.00001 32.9 -0.103954 -0.219301 14.8997 -0.0445242 -0.100779 20.6582
49004438 0 0.01 3 32.9 0.466764 -0.314796 2.00561 0.0275671 -0.0174435 20.6582
49005828 0 0.01 3 32.9 0.0883941 0.00378155 15.5522 0.0402938 0.000298947 20.6582
49005875 0 0.01 3 32.9 -0.211677 -0.474867 4.05409 -0.0278953 -0.0605607 20.6582
49006286 0 0.01 3 32.9 -0.279805 -0.132013 6.25456 -0.0517738 -0.0209505 20.6582
49007312 0 0.01 3 32.9 -0.400249 0.0613795 2.64762 -0.0336199 0.00820017 20.6582
49010619 0 0.01 3.00008 32.9 0.139061 -0.215635 23.9277 0.101465 -0.156406 20.6582
49013545 0 0.01 3 32.9 -0.442565 -0.112421 2.23957 -0.0286918 -0.0075136 20.6582
49014928 0 0.01 3 32.9 0.283163 -0.187754 2.03139 0.0221717 -0.0119734 20.6582
77000854 0 0.01 3 32.9 -0.322047 0.17744 6.15296 -0.0614655 0.0346934 20.6655
77001115 0 0.01 3 32.9 -0.224623 -0.484817 1.06334 -0.00652463 -0.0179767 20.6655
77001374 0 0.01 3 32.9 -0.489404 -0.235603 1.65904 -0.0249195 -0.0160261 20.6655
77001738 0 0.01 3 32.9 -0.234452 0.415269 0.490792 0.006136 0.000119781 20.6655
77007416 0 0.01 3 32.9 -0.228631 0.418269 5.21682 -0.0348498 0.0666374 20.6655
77010749 0 0.01 2.99739 32.9 -0.224026 -0.230715 14.9897 -0.100403 -0.102436 20.6655
77014166 0 0.01 3 32.9 -0.49325 -0.498093 1.62807 -0.0216312 -0.0241 20.6655
77014473 0 0.01 3.00002 32.9 0.318508 -0.456346 2.86995 0.0279263 -0.0396326 20.6655
51001082 0 0.01 3.01558 32.9 0.0370788 -0.0191825 6.20206 0.00831796 -0.00346067 20.657
51001414 0 0.01 3 32.9 -0.442136 0.123522 2.00915 -0.0293873 0.00631478 20.657
51003644 0 0.01 3 32.9 0.0352317 -0.444973 1.58203 0.00250124 -0.0220084 20.657
51004486 0 0.01 3 32.9 0.162209 -0.39586 5.69639 0.0272856 -0.070632 20.657
51007872 0 0.01 3 32.9 0.163862 -0.498768 0.86948 0.00778042 -0.0138452 20.657
51008438 0 0.01 3 32.9 -0.231725 0.0484632 32.6999 -0.230048 0.0490634 20.657
51013472 0 0.01 3.00008 32.9 -0.295438 -0.132557 37.8438 -0.339764 -0.152522 20.657
51015625 0 0.01 3 32.9 0.355742 -0.0167988 4.61292 0.049785 -0.00201372 20.657
21002329 0 0.01 3 32.9 -0.191983 0.394348 1.56879 -0.0108432 0.0182604 20.705
21006365 0 0.01 3 32.9 -0.0595291 0.19905 1.45555 0.00108864 0.0115766 20.705
21006523 0 0.01 3 32.9 0.131102 0.450111 3.87272 0.0133331 0.0548725 20.705
21007378 0 0.01 3 32.9 -0.238981 0.183842 13.348 -0.0986983 0.0768678 20.705
21014471 0 0.01 3 32.9 -0.0964404 0.0913851 6.705 -0.0183517 0.0175533 20.705
21015307 0 0.01 3 32.9 0.00358062 0.485895 1.35761 -0.00227145 0.0257974 20.705
29000449 0 0.01 3.00003 32.9 0.201376 0.433765 41.1846 0.250704 0.546943 20.7422
29001072 0 0.01 2.99967 32.9 0.0435077 -0.248019 17.838 0.0265101 -0.134856 20.7422
29001286 0 0.01 3 32.9 0.455698 -0.00742328 3.97818 0.0567768 -0.000480111 20.7422
29003928 0 0.01 3 32.9 0.299485 -0.180318 45.9931 0.418834 -0.251753 20.7422
29005855 0 0.01 3 32.9 -0.212272 0.125529 43.9397 -0.281307 0.167827 20.7422
29008654 0 0.01 3 32.9 -0.194965 -0.0733783 3.44905 -0.019721 -0.00991942 20.7422
29012730 0 0.01 3 32.9 -0.245317 0.0295172 2.27236 -0.0148577 0.001716 20.7422
29013694 0 0.01 3 32.9 -0.164735 0.253255 5.11113 -0.0268661 0.040783 20.7422
29015773 0 0.01 3 32.9 -0.252411 -0.372583 3.67491 -0.027197 -0.0397228 20.7422
38001522 0 0.01 3 32.9 0.336771 0.47896 3.09172 0.0306637 0.0451139 20.6516
38002045 0 0.01 3 32.9 -0.38694 0.0184623 10.8488 -0.128863 0.00711117 20.6516
38002621 0 0.01 3.00033 32.9 0.144812 -0.499185 23.5184 0.105029 -0.355773 20.6516
38007895 0 0.01 3 32.9 -0.331349 0.324982 2.72405 -0.0284472 0.0251341 20.6516
38009646 0 0.01 3.00004 32.9 -0.499623 -0.413306 42.4262 -0.643747 -0.53031 20.6516
38009901 0 0.01 3 32.9 0.384768 -0.200533 2.78829 0.0323647 -0.0142167 20.6516
38010294 0 0.01 3 32.9 0.278594 0.195319 1.69925 0.0124947 0.0075136 20.6516
38015945 0 0.01 2.99999 32.9 0.106797 0.43893 4.89332 0.014022 0.0668122 20.6516
57001036 0 0.01 3.00065 32.9 0.168367 -0.142879 21.4875 0.110956 -0.0937094 20.6586
57005635 0 0.01 2.99984 32.9 0.348087 -0.247078 28.7135 0.302822 -0.215201 20.6586
57009931 0 0.01 3 32.9 -0.145785 -0.487791 2.10137 -0.00878538 -0.0263128 20.6586
57012207 0 0.01 3 32.9 -0.478166 0.495908 5.79927 -0.0856893 0.089867 20.6586
31006117 0 0.01 3 32.9 0.373168 -0.071757 22.6435 0.256505 -0.0508458 20.6517
31006517 0 0.01 3 32.9 -0.440445 -0.256299 3.94113 -0.054397 -0.0333725 20.6517
31008876 0 0.01 3 32.9 0.347819 0.120138 4.62908 0.0484161 0.0183434 20.6517
31009032 0 0.01 3 32.9 -0.106521 -0.00915364 2.1208 -0.00684583 -0.00540666 20.6517
31009065 0 0.01 3 32.9 -0.304707 0.0761853 30.2325 -0.27808 0.0676556 20.6517
31009202 0 0.01 3 32.9 -0.171527 0.311147 1.61924 -0.00734141 0.0182283 20.6517
31011484 0 0.01 3.00016 32.9 0.38069 -0.310891 39.1996 0.452034 -0.371394 20.6517
31012919 0 0.01 3 32.9 0.279883 -0.440921 2.50828 0.0228448 -0.0327443 20.6517
31014936 0 0.01 3 32.9 -0.248523 0.445519 4.87767 -0.0363703 0.0662229 20.6517
43001091 0 0.01 2.99996 32.9 0.0992648 -0.13475 45.8345 0.141064 -0.18451 20.6831
43004475 0 0.01 3 32.9 0.139871 0.041201 1.50763 0.00749783 0.00600001 20.6831
43007904 0 0.01 3 32.9 -0.468128 -0.207188 3.59769 -0.0556143 -0.0196221 20.6831
43009106 0 0.01 3 32.9 -0.160449 -0.139262 39.4068 -0.19039 -0.166192 20.6831
43013757 0 0.01 3 32.9 -0.326585 0.0640733 6.52654 -0.0666798 0.0143585 20.6831
43015103 0 0.01 3 32.9 0.429582 -0.321363 2.47985 0.0287342 -0.0227216 20.6831
33000579 0 0.01 3 32.9 -0.186996 0.0830317 2.24346 -0.0147926 0.00279452 20.6589
33004089 0 0.01 3 32.9 0.273217 0.167244 26.9882 0.222167 0.138409 20.6589
33004965 0 0.01 3 32.9 0.00645275 -0.166693 2.47968 0.00467015 -0.0135019 20.6589
33007308 0 0.01 3 32.9 -0.137604 -0.0722927 2.42903 -0.00852176 -0.00674652 20.6589
33008253 0 0.01 3 32.9 -0.282653 -0.372745 2.24921 -0.0155396 -0.0248048 20.6589
33009015 0 0.01 3 32.9 0.39264 0.0192356 0.569129 0.00873537 -0.000329221 20.6589
33012051 0 0.01 3 32.9 -0.22517 0.487438 1.21427 -0.0112021 0.019899 20.6589
33012722 0 0.01 3 32.9 0.473545 -0.142315 3.7315 0.0531972 -0.0154881 20.6589
33013195 0 0.01 3 32.9 0.166737 0.308279 3.11257 0.016008 0.0305447 20.6589
33014373 0 0.01 3 32.9 -0.40438 -0.151412 10.226 -0.124998 -0.0444648 20.6589
33015612 0 0.01 3 32.9 0.0252531 0.422521 1.80271 0.000508677 0.0217761 20.6589
33015960 0 0.01 3 32.9 -0.0344325 0.0781089 24.6694 -0.0266388 0.0591825 20.6589
87001712 0 0.01 3 32.9 0.223872 -0.325365 18.0484 0.123873 -0.17793 20.6612
87006895 0 0.01 3 32.9 0.0716493 -0.358362 2.74712 0.00455809 -0.0299551 20.6612
87008604 0 0.01 3 32.9 0.167294 0.066428 5.45034 0.025996 0.0105187 20.6612
87010388 0 0.01 3 32.9 0.488457 0.0765876 25.2379 0.374606 0.0587066 20.6612
87012757 0 0.01 3 32.9 0.0366329 -0.0747142 3.1649 0.00453074 -0.00877851 20.6612
87014644 0 0.01 3 32.9 0.368893 0.479218 3.93447 0.043836 0.0579116 20.6612
87014648 0 0.01 3 32.9 -0.366929 0.110216 6.44947 -0.0703758 0.0206538 20.6612
87015474 0 0.01 3 32.9 0.149885 0.322788 3.90887 0.0175149 0.041919 20.6612
30003374 0 0.01 3 32.9 0.0112582 -0.49386 26.1366 0.00905349 -0.391879 20.669
30003581 0 0.01 3 32.9 0.0917309 0.0834414 4.73866 0.0140164 0.0140929 20.669
30004669 0 0.01 3 32.9 0.294103 -0.469256 4.10914 0.0379926 -0.0545553 20.669
30004799 0 0.01 3 32.9 0.337514 0.201767 2.68644 0.0289887 0.0118556 20.669
30004987 0 0.01 3 32.9 0.41924 -0.0327485 4.37802 0.0557931 -0.0048818 20.669
30005185 0 0.01 3.0026 32.9 0.238584 0.309874 13.6115 0.0979778 0.130273 20.669
30007696 0 0.01 3 32.9 0.209174 0.447706 1.72477 0.0139642 0.0254007 20.669
30009479 0 0.01 3 32.9 -0.47253 -0.381768 2.20363 -0.0272801 -0.0261576 20.669
30012179 0 0.01 3 32.9 0.45844 -0.391161 3.05046 0.0440339 -0.0362014 20.669
30012822 0 0.01 2.99998 32.9 0.351838 -0.403131 20.5627 0.219281 -0.251863 20.669
30014270 0 0.01 3 32.9 -0.0824362 0.0624353 3.4985 -0.00883147 0.00429662 20.669
35001777 0 0.01 3 32.9 -0.313141 -0.254709 3.70799 -0.0363181 -0.0286431 20.6642
35003791 0 0.01 2.99999 32.9 0.154032 0.210233 1.73017 0.00645785 0.0133486 20.6642
35004097 0 0.01 3.00004 32.9 -0.327186 0.20485 1.76989 -0.0195629 0.0107449 20.6642
35011058 0 0.01 3 32.9 0.446763 -0.357555 4.26814 0.0602667 -0.0470385 20.6642
35013098 0 0.01 3.00016 32.9 -0.167734 -0.43223 25.043 -0.128854 -0.328188 20.6642
35013508 0 0.01 3.00065 32.9 -0.436994 0.36127 36.9086 -0.492557 0.406458 20.6642
35014671 0 0.01 3.00001 32.9 0.0863953 0.451248 4.82922 0.0122565 0.0650721 20.6642
19003296 0 0.01 3 32.9 0.236875 -0.121491 4.80909 0.0363381 -0.0154652 20.6528
19004865 0 0.01 3 32.9 -0.274236 -0.492434 2.78573 -0.02644 -0.0389602 20.6528
19008053 0 0.01 3 32.9 -0.0432917 0.110155 2.17021 -0.000975079 0.00864104 20.6528
19008643 0 0.01 2.99998 32.9 -0.436264 0.414172 42.1057 -0.556982 0.531228 20.6528
19009488 0 0.01 3 32.9 0.0543202 0.219681 0.621279 0.00631952 0.00551615 20.6528
19013529 0 0.01 3 32.9 0.100479 -0.0359302 4.20841 0.0122163 -0.00370743 20.6528
19013936 0 0.01 3 32.9 0.00928491 -0.355109 7.79785 0.00308502 -0.0812381 20.6528
27001300 0 0.01 3 32.9 0.332879 0.428449 10.0742 0.101208 0.131532 20.5865
27001842 0 0.01 3 32.9 0.359589 0.0349037 5.48523 0.0590189 0.00415074 20.5865
27002365 0 0.01 3 32.9 -0.392745 0.276589 4.01063 -0.0490489 0.0336102 20.5865
27003095 0 0.01 3 32.9 -0.370691 -0.053738 4.36286 -0.0502624 -0.00899952 20.5865
27010085 0 0.01 3.00002 32.9 0.117346 -0.363924 45.136 0.158023 -0.500144 20.5865
27013476 0 0.01 3 32.9 0.396173 0.377156 8.50302 0.101989 0.0977966 20.5865
27014622 0 0.01 2.99998 32.9 0.424801 0.339236 44.649 0.57716 0.459077 20.5865
27014623 0 0.01 3 32.9 -0.288014 -0.0167625 11.3779 -0.100983 -0.00406953 20.5865
84003784 0 0.01 3 32.9 -0.00590024 0.274655 0.5146 0.00420677 0.00452268 20.657
84006527 0 0.01 3.00033 32.9 -0.20887 -0.056258 19.6581 -0.123809 -0.0320802 20.657
84007842 0 0.01 3 32.9 -0.0844337 0.0594472 8.76377 -0.0239397 0.0162049 20.657
84008647 0 0.01 2.99935 32.9 -0.336365 -0.479735 20.8395 -0.213498 -0.303573 20.657
84010470 0 0.01 3 32.9 0.10789 0.31096 8.58422 0.0284155 0.0841318 20.657
84013719 0 0.01 3 32.9 0.157048 -0.312961 2.727 0.0115482 -0.0274241 20.657
84014616 0 0.01 3 32.9 -0.184952 0.258152 2.47096 -0.0130115 0.0180608 20.657
84015503 0 0.01 3.00033 32.9 0.125179 0.483619 21.6014 0.0818072 0.317366 20.657
84015565 0 0.01 3 32.9 -0.322624 0.02456 3.92787 -0.0385538 0.00387209 20.657
1004160 0 0.01 3 32.9 0.29728 -0.332915 3.61879 0.0342382 -0.0382972 20.6617
1005811 0 0.01 2.99992 32.9 0.163152 0.273594 126.696 0.626696 1.05573 20.6617
1007324 0 0.01 2.99992 32.9 -0.0239546 -0.17264 36.1972 -0.0264292 -0.18896 20.6617
1008157 0 0.01 3 32.9 -0.2455 0.240396 4.11558 -0.0322921 0.0308774 20.6617
1014334 0 0.01 3 32.9 -0.0145824 0.0805144 1.00946 -3.70249e-06 -0.00409082 20.6617
1014636 0 0.01 3 32.9 0.354273 -0.0344232 34.6886 0.375378 -0.0361291 20.6617
1015844 0 0.01 3 32.9 0.261038 0.469809 6.53244 0.0524269 0.0918266 20.6617
32003121 0 0.01 3 32.9 -0.188012 -0.0991992 9.22591 -0.0524671 -0.0298709 20.6683
32004719 0 0.01 3 32.9 0.313 0.0175707 16.7896 0.161956 0.0102105 20.6683
32005052 0 0.01 3 32.9 -0.240431 0.0883762 2.97063 -0.0221234 0.00870741 20.6683
32009016 0 0.01 3 32.9 0.330062 0.227262 1.25839 0.0130853 0.0126947 20.6683
32010128 0 0.01 3.00016 32.9 0.11432 -0.303706 5.43869 0.0207982 -0.0499571 20.6683
32014172 0 0.01 2.99999 32.9 0.34604 -0.377318 2.43119 0.0252941 -0.0240615 20.6683
32015149 0 0.01 2.99998 32.9 -0.45931 -0.229471 40.1171 -0.560578 -0.279054 20.6683
20001601 0 0.01 3.00016 32.9 -0.198516 -0.381369 9.94199 -0.0607386 -0.114911 20.6747
20004852 0 0.01 3.00008 32.9 -0.39829 -0.219582 35.9885 -0.434978 -0.239765 20.6747
20005494 0 0.01 3 32.9 0.260875 0.330463 4.31643 0.0357468 0.0447228 20.6747
20011226 0 0.01 3 32.9 0.356386 -0.276853 4.22588 0.045637 -0.0354836 20.6747
20014387 0 0.01 3 32.9 -0.213498 0.224918 3.81278 -0.0247768 0.0258612 20.6747
26000276 0 0.01 3 32.9 -0.417769 0.450127 2.4589 -0.0318114 0.0363616 20.6721
26000473 0 0.01 3.00033 32.9 -0.157227 0.301903 21.6792 -0.102278 0.199784 20.6721
26001023 0 0.01 2.99999 32.9 -0.0186435 -0.00215011 45.8936 -0.0257644 -0.00178971 20.6721
26001084 0 0.01 3 32.9 -0.380273 0.0136334 61.465 -0.711733 0.0273993 20.6721
26001169 0 0.01 2.99999 32.9 -0.114308 -0.136911 45.8218 -0.1605 -0.188066 20.6721
26001208 0 0.01 3 32.9 0.150969 0.018331 32.2411 0.149033 0.0171456 20.6721
26006092 0 0.01 3 32.9 -0.1173 0.35454 13.0721 -0.0470529 0.141088 20.6721
26006241 0 0.01 3 32.9 -0.150005 -0.308545 2.92374 -0.0140925 -0.0248343 20.6721
26010741 0 0.01 2.99739 32.9 -0.261788 -0.363204 34.3556 -0.272204 -0.377468 20.6721
26011689 0 0.01 3.00001 32.9 -0.402295 -0.157886 6.60339 -0.0781689 -0.0303789 20.6721
26014062 0 0.01 3 32.9 -0.00897288 0.141671 6.10688 0.00157968 0.0255935 20.6721
26014368 0 0.01 3.00001 32.9 0.0203695 -0.109738 15.2414 0.0106339 -0.0523174 20.6721
54005012 0 0.01 3 32.9 0.333568 0.17761 3.88861 0.0392191 0.0250635 20.6484
54005519 0 0.01 3.00001 32.9 0.174866 -0.325981 2.35656 0.0123367 -0.0223758 20.6484
54005947 0 0.01 3 32.9 0.0423978 0.0729441 4.3842 0.00622736 0.0087494 20.6484
54006770 0 0.01 3 32.9 0.404556 -0.206369 11.725 0.143133 -0.0732133 20.6484
54006848 0 0.01 3 32.9 0.295628 -0.164833 13.5146 0.122192 -0.0672341 20.6484
54011310 0 0.01 2.99984 32.9 -0.0978085 -0.306614 27.3508 -0.0828773 -0.253396 20.6484
54014439 0 0.01 3 32.9 0.00090892 -0.164355 44.7979 -0.000206579 -0.22314 20.6484
54015442 0 0.01 3.00065 32.9 -0.34947 0.0999137 18.2565 -0.197456 0.0561801 20.6484
13002317 0 0.01 2.99999 32.9 0.0658743 0.0818403 4.10046 0.00446082 0.00871347 20.6597
13003699 0 0.01 3 32.9 -0.0437452 -0.373319 0.778502 -0.003649 -0.0020562 20.6597
13004212 0 0.01 2.99999 32.9 0.38737 0.451787 44.621 0.526567 0.613383 20.6597
13010155 0 0.01 3 32.9 0.0636647 -0.0815257 5.89808 0.00832482 -0.0138009 20.6597
13010670 0 0.01 3 32.9 0.248992 -0.104844 0.978449 0.00385333 -0.00748611 20.6597
13010928 0 0.01 3 32.9 -0.121993 -0.149734 4.80886 -0.0187028 -0.0194541 20.6597
13012565 0 0.01 3 32.9 -0.273898 -0.155146 2.37841 -0.0237583 -0.0138957 20.6597
25000053 0 0.01 3 32.9 -0.449866 0.0897147 2.70803 -0.0366277 0.00666665 20.6437
25000705 0 0.01 3.00065 32.9 0.491709 -0.49946 27.5388 0.413266 -0.417051 20.6437
25000873 0 0.01 3 32.9 0.347684 0.0370193 5.08532 0.0536428 0.0057139 20.6437
25001221 0 0.01 3 32.9 0.281536 0.486172 3.45413 0.0315505 0.0549205 20.6437
25004342 0 0.01 3 32.9 -0.0998512 0.381411 10.6029 -0.0323969 0.121947 20.6437
25005442 0 0.01 3.00002 32.9 -0.365685 -0.367861 40.7828 -0.452338 -0.456765 20.6437
25007672 0 0.01 3 32.9 -0.466952 0.384134 4.84655 -0.0709042 0.0582407 20.6437
25008479 0 0.01 3 32.9 -0.467317 -0.0568889 2.66507 -0.0397801 -0.00390336 20.6437
25010689 0 0.01 3 32.9 0.363874 0.0916418 4.23834 0.0456067 0.0122053 20.6437
25011386 0 0.01 3 32.9 0.404695 -0.499882 4.75389 0.0562302 -0.0726945 20.6437
25012334 0 0.01 2.99999 32.9 0.328563 0.000595245 39.2705 0.390252 0.00223967 20.6437
25015405 0 0.01 3 32.9 0.0832679 -0.0709182 3.65916 0.010006 -0.00985586 20.6437
18003287 0 0.01 3 32.9 0.339433 -0.308455 18.9599 0.198638 -0.179339 20.6545
18003881 0 0.01 3 32.9 -0.261185 -0.386533 3.45727 -0.0283899 -0.0398193 20.6545
18007775 0 0.01 3 32.9 0.304712 -0.175978 1.37469 0.0208069 -0.0055086 20.6545
18008300 0 0.01 3 32.9 0.210472 -0.164344 6.27355 0.0401488 -0.0325822 20.6545
18008442 0 0.01 3 32.9 -0.00540069 0.271303 0.91126 -0.00523827 0.0112078 20.6545
18012559 0 0.01 3 32.9 -0.21149 -0.120584 1.57618 -0.0104862 -0.00499528 20.6545
18015497 0 0.01 3 32.9 0.0718084 0.110309 16.9905 0.0376209 0.0591436 20.6545
15002410 0 0.01 3 32.9 0.190378 -0.435365 2.27665 0.011393 -0.0268248 20.6564
15004830 0 0.01 3 32.9 -0.394328 0.316954 2.71028 -0.0359057 0.023811 20.6564
15012686 0 0.01 3 32.9 0.369472 -0.28003 2.95644 0.0324636 -0.0243003 20.6564
15013469 0 0.01 3 32.9 0.0532249 0.211694 9.16739 0.0124851 0.0606836 20.6564
15014112 0 0.01 3 32.9 0.111423 -0.379804 3.89536 0.0154782 -0.0445645 20.6564
15014639 0 0.01 3 32.9 -0.496394 0.179941 3.17585 -0.0476476 0.0178977 20.6564
15015629 0 0.01 3.00001 32.9 0.363728 -0.122931 41.0956 0.455759 -0.15402 20.6564
12000223 0 0.01 3 32.9 0.385722 -0.0714886 5.70091 0.0678549 -0.0151505 20.6594
12002378 0 0.01 3 32.9 0.258964 -0.106369 3.10074 0.0283737 -0.0114203 20.6594
12002634 0 0.01 3 32.9 0.302997 0.271715 1.57222 0.0146614 0.0162766 20.6594
12003106 0 0.01 2.99998 32.9 -0.10767 0.465015 44.2179 -0.143737 0.626274 20.6594
12004171 0 0.01 3 32.9 -0.373104 -0.0091057 4.55637 -0.0524181 -0.00122896 20.6594
12004239 0 0.01 3.00065 32.9 0.452247 0.193971 10.5661 0.145039 0.0610341 20.6594
12005205 0 0.01 3 32.9 0.220961 -0.323649 5.82286 0.0401853 -0.0545773 20.6594
12005310 0 0.01 2.99992 32.9 0.347404 -0.352561 6.69861 0.0697604 -0.0712831 20.6594
12007624 0 0.01 3 32.9 -0.17019 0.196489 3.31261 -0.0156388 0.0212241 20.6594
12007927 0 0.01 3 32.9 0.0135872 0.372429 3.96945 0.00221387 0.0454191 20.6594
12010309 0 0.01 3 32.9 -0.412747 -0.42356 4.27403 -0.0533105 -0.0537955 20.6594
12010797 0 0.01 3 32.9 -0.398657 -0.333104 1.58259 -0.0231083 -0.0156893 20.6594
12013249 0 0.01 3 32.9 0.0207991 0.1617 3.36556 0.00710084 0.0192015 20.6594
12014758 0 0.01 3 32.9 -0.045787 -0.103587 7.05853 -0.00934205 -0.0213175 20.6594
42006798 0 0.01 2.99984 32.9 -0.233952 0.102328 17.2916 -0.123964 0.0520742 20.6606
42007712 0 0.01 3.00002 32.9 0.182347 -0.41348 43.0668 0.239607 -0.540548 20.6606
42008279 0 0.01 3 32.9 0.351119 0.426335 3.35717 0.0368636 0.0454601 20.6606
42008869 0 0.01 3 32.9 -0.132149 0.462118 7.76255 -0.0324655 0.112151 20.6606
42008913 0 0.01 3.0026 32.9 0.274604 0.480237 9.37578 0.0770682 0.137666 20.6606
42012405 0 0.01 3 32.9 0.0283285 -0.327142 2.43078 0.000863945 -0.0218006 20.6606
8000270 0 0.01 3 32.9 -0.369141 -0.126737 1.99626 -0.0249575 -0.00787497 20.6765
8000459 0 0.01 3 32.9 -0.331523 -0.490016 3.95934 -0.0368929 -0.0563705 20.6765
8001943 0 0.01 3 32.9 -0.496779 -0.450923 2.59125 -0.0409461 -0.0319179 20.6765
8002740 0 0.01 3 32.9 -0.136597 0.0497974 12.8419 -0.0517904 0.0194031 20.6765
8002990 0 0.01 3.00003 32.9 -0.451679 -0.0377764 43.7037 -0.60128 -0.0470478 20.6765
8005985 0 0.01 3 32.9 0.478865 0.220981 2.1832 0.0312614 0.0128941 20.6765
8009405 0 0.01 3 32.9 0.211003 -0.188687 20.4335 0.12969 -0.116206 20.6765
98001124 0 0.01 3.00033 32.9 0.164108 0.295981 25.9965 0.127993 0.235772 20.6495
98004686 0 0.01 3 32.9 0.238819 -0.486153 3.95838 0.0302292 -0.0577846 20.6495
98006123 0 0.01 3 32.9 0.427332 -0.383869 2.61394 0.0331137 -0.0277567 20.6495
98012336 0 0.01 3 32.9 0.163831 -0.122106 2.59279 0.0104105 -0.00832183 20.6495
98013742 0 0.01 3 32.9 0.0240325 0.181456 31.0496 0.0236777 0.17231 20.6495
98015299 0 0.01 2.99984 32.9 0.253315 0.198117 42.34 0.324989 0.257104 20.6495
98015504 0 0.01 3 32.9 -0.253148 -0.0780001 13.0619 -0.100678 -0.0294755 20.6495
98015959 0 0.01 3 32.9 0.159071 0.405612 2.03899 0.00994156 0.0247195 20.6495
97000440 0 0.01 3.00002 32.9 0.00373109 -0.219059 5.68091 -9.79487e-05 -0.0384876 20.1414
97001016 0 0.01 3 32.9 0.270903 0.266341 2.01056 0.0174273 0.0139676 20.1414
97002212 0 0.01 3 32.9 -0.0383576 0.217261 4.94747 -0.00792304 0.0333411 20.1414
97003117 0 0.01 3 32.9 -0.144422 -0.1531 4.92246 -0.0225952 -0.0209529 20.1414
97004226 0 0.01 3 32.9 -0.2674 -0.437898 4.05092 -0.0326487 -0.0536398 20.1414
97010765 0 0.01 3 32.9 0.181008 0.268868 5.94952 0.0325771 0.0478691 20.1414
97011349 0 0.01 3 32.9 0.115403 0.00685272 8.31189 0.0279361 0.000389071 20.1414
97014038 0 0.01 2.99996 32.9 0.460188 0.467041 46.7035 0.651535 0.662662 20.1414
97014446 0 0.01 3 32.9 0.273108 0.0408005 5.47497 0.0427757 0.00841222 20.1414
97014777 0 0.01 3 32.9 -0.334021 -0.196044 13.6476 -0.135531 -0.0787454 20.1414
97015009 0 0.01 3 32.9 -0.140569 -0.257752 4.27581 -0.0177631 -0.0314925 20.1414
97015028 0 0.01 3 32.9 -0.187115 0.302921 1.32727 -0.00498882 0.0124131 20.1414
96005805 0 0.01 2.99984 32.9 0.24873 -0.429307 29.1914 0.222261 -0.380712 20.6658
96006824 0 0.01 3 32.9 0.346436 -0.0103835 8.34059 0.0867351 -0.000897264 20.6658
96006922 0 0.01 3 32.9 0.132709 -0.0766846 1.66158 0.00188632 -0.0055764 20.6658
96010726 0 0.01 3 32.9 0.297384 0.417253 2.20158 0.0177069 0.025401 20.6658
96013062 0 0.01 3 32.9 0.127074 0.424298 8.35245 0.0313291 0.109227 20.6658
96015586 0 0.01 3 32.9 0.323634 -0.242171 5.90059 0.0593168 -0.0432358 20.6658
89000381 0 0.01 3 32.9 0.11138 0.153227 1.28488 0.00775696 0.00143061 20.6165
89000757 0 0.01 3 32.9 -0.0253407 0.0489595 2.82189 0.000858324 0.0059375 20.6165
89002273 0 0.01 3 32.9 0.126212 0.249737 4.25641 0.0176853 0.0326915 20.6165
89002762 0 0.01 3 32.9 0.378208 0.379368 0.0188152 0.00991237 -0.00606409 20.6165
89002975 0 0.01 3.00008 32.9 -0.170309 -0.215988 31.4764 -0.162169 -0.204725 20.6165
89003890 0 0.01 3 32.9 -0.402372 -0.0326066 1.91445 -0.0227473 -0.000519658 20.6165
89006031 0 0.01 3 32.9 0.481084 -0.406948 26.558 0.38721 -0.325884 20.6165
89006440 0 0.01 3 32.9 -0.217348 -0.103739 9.94605 -0.0654122 -0.0336598 20.6165
89007510 0 0.01 3 32.9 -0.341133 -0.397198 2.91969 -0.0295174 -0.0339125 20.6165
89012128 0 0.01 2.99999 32.9 -0.475731 0.386083 11.0767 -0.161484 0.128997 20.6165
89012421 0 0.01 3 32.9 0.041628 -0.307061 3.03751 0.00246332 -0.0308358 20.6165
89012510 0 0.01 3 32.9 0.443954 -0.171093 6.22681 0.0847128 -0.0347046 20.6165
89012690 0 0.01 3 32.9 0.331942 0.0873571 3.39487 0.0299352 0.00403444 20.6165
89012906 0 0.01 3 32.9 -0.484686 -0.423135 16.8376 -0.248762 -0.213495 20.6165
89013351 0 0.01 3 32.9 -0.061989 0.473567 38.4747 -0.072766 0.55713 20.6165
89014678 0 0.01 3 32.9 0.251409 -0.426352 1.02037 0.00655351 -0.0149033 20.6165
