1001186 12 0.01 1 32.9 0.11288 0.0389443 1.14826 0.00168859 0.00289302 131.046
1003302 12 0.01 1 32.9 0.218486 -0.165765 3.06664 0.0199235 -0.0171345 131.046
1003359 12 0.01 1 32.9 -0.0959875 -0.369959 3.36038 -0.0102166 -0.0359665 131.046
1003409 12 0.01 1 32.9 0.164825 -0.21548 2.129 0.0124331 -0.0156739 131.046
1003736 12 0.01 1 32.9 0.451431 -0.134416 1.58883 0.0211529 -0.00354604 131.046
1007198 12 0.01 1 32.9 0.00887445 -0.0974564 2.27393 0.000752838 -0.00382872 131.046
1010187 12 0.01 1 32.9 -0.435296 0.462863 3.09617 -0.0413985 0.0441262 131.046
1011364 12 0.01 1 32.9 -0.433693 0.426672 3.42577 -0.0481701 0.0435736 131.046
1013529 12 0.01 1 32.9 0.0614358 0.132664 4.00503 0.00809743 0.0168759 131.046
1014494 12 0.01 1 32.9 0.166611 0.331748 1.53659 0.00700323 0.0174016 131.046
1017023 12 0.01 1 32.9 -0.43591 0.414282 9.04884 -0.120959 0.114095 131.046
1025260 12 0.01 1 32.9 0.384518 -0.45701 2.45176 0.0264275 -0.0298228 131.046
1033061 12 0.01 1 32.9 -0.36984 -0.046055 2.91749 -0.031703 -0.000947081 131.046
1033080 12 0.01 1 32.9 0.321116 0.0700486 0.492659 0.00755303 0.00298789 131.046
1034294 12 0.01 1 32.9 0.444836 -0.0433431 1.49802 0.0219131 -0.00182715 131.046
1038164 12 0.01 1 32.9 -0.387595 -0.158 1.40243 -0.0186734 -0.00708743 131.046
1040300 12 0.01 1 32.9 0.000286359 -0.22886 4.87753 0.00179746 -0.0323278 131.046
1043520 12 0.01 1 32.9 0.375959 -0.317687 3.48438 0.0392841 -0.0309217 131.046
1045321 12 0.01 1 32.9 -0.025958 -0.241853 1.23003 -4.0375e-05 -0.00935134 131.046
1048967 12 0.01 1 32.9 0.284843 -0.392122 1.47618 0.0113466 -0.0161835 131.046
1049744 12 0.01 1 32.9 -0.448524 -0.204565 1.44589 -0.0192838 -0.00664377 131.046
1053174 12 0.01 1 32.9 0.438892 0.38566 3.29301 0.0428565 0.0418704 131.046
1053305 12 0.01 1 32.9 0.427341 -0.306569 3.51007 0.0451202 -0.0346384 131.046
1054075 12 0.01 1 32.9 -0.1044 -0.237584 0.232866 -0.00538042 -0.00740984 131.046
1054937 12 0.01 1 32.9 0.154487 -0.0692959 1.48034 0.00730763 -0.00250955 131.046
1055978 12 0.01 1 32.9 0.400183 0.0420184 0.604056 0.00748124 -0.000623169 131.046
1057165 12 0.01 1 32.9 -0.0798812 -0.107245 4.31973 -0.00970969 -0.0139446 131.046
1059002 12 0.01 1 32.9 -0.401801 0.240833 2.82346 -0.0324381 0.0215768 131.046
1059549 12 0.01 1 32.9 -0.0747105 0.0422878 1.38603 -0.00404669 0.00378868 131.046
1062166 12 0.01 1 32.9 -0.0566581 -0.176719 0.892656 0.000966957 -0.00218785 131.046
1062515 12 0.01 1 32.9 0.0396478 0.0605913 2.38477 0.00329329 0.00597397 131.046
1066682 12 0.01 1 32.9 -0.462662 0.151487 3.81778 -0.0547141 0.0186073 131.046
1066890 12 0.01 1 32.9 -0.164433 -0.282648 2.17012 -0.0110552 -0.0177072 131.046
1067137 12 0.01 1 32.9 0.105883 -0.390184 1.67033 0.00731679 -0.0171417 131.046
1068019 12 0.01 1 32.9 -0.381927 0.375715 1.11375 -0.0161847 0.0130208 131.046
1069188 12 0.01 1 32.9 0.124119 -0.391396 1.22644 0.00345324 -0.0137198 131.046
1069419 12 0.01 1 32.9 -0.116591 -0.00760796 7.84045 -0.0275901 -0.000991277 131.046
1074266 12 0.01 1 32.9 0.439512 0.245301 3.5576 0.0474213 0.0276345 131.046
1078533 12 0.01 1 32.9 -0.41898 0.301053 1.3181 -0.0179836 0.0113204 131.046
1078735 12 0.01 1 32.9 0.363565 0.444861 3.21724 0.0338499 0.0455197 131.046
1079092 12 0.01 1 32.9 0.121656 -0.436876 2.27572 0.00780543 -0.0281514 131.046
1081181 12 0.01 1 32.9 -0.206072 0.187306 2.23498 -0.0165641 0.0143964 131.046
1083154 12 0.01 1 32.9 0.0204739 0.138977 2.25759 0.00135288 0.0100327 131.046
1083572 12 0.01 1 32.9 0.114652 -0.235289 0.850812 0.0068203 -0.00633686 131.046
1084835 12 0.01 1 32.9 0.157807 -0.112967 1.7716 0.00746218 -0.00220468 131.046
1087525 12 0.01 1 32.9 0.471889 0.091191 1.87298 0.0260706 0.00359839 131.046
1088491 12 0.01 1 32.9 -0.30316 -0.211408 3.66466 -0.0334456 -0.0225398 131.046
1091191 12 0.01 1 32.9 0.252671 0.217325 4.06247 0.029177 0.0257958 131.046
1099345 12 0.01 1 32.9 -0.0502115 -0.183323 0.846086 0.00014191 -0.0067015 131.046
1099777 12 0.01 1 32.9 0.401026 -0.358527 5.08873 0.0635305 -0.0560744 131.046
1100379 12 0.01 1 32.9 0.368194 -0.41514 0.567632 0.00796337 -0.00637769 131.046
1101618 12 0.01 1 32.9 0.0688233 -0.000467269 7.48125 0.0154407 0.000259444 131.046
1101619 12 0.01 1 32.9 -0.39294 0.375324 5.54402 -0.0645206 0.0653874 131.046
1103327 12 0.01 1 32.9 -0.405575 -0.0125669 2.52499 -0.0299771 -0.00143201 131.046
1104338 12 0.01 1 32.9 0.422464 -0.306215 4.93788 0.0624583 -0.0453053 131.046
1105773 12 0.01 1 32.9 -0.0547869 0.446097 1.77585 -0.00222152 0.0232793 131.046
1105972 12 0.01 1 32.9 -0.434172 -0.314438 3.2298 -0.0431677 -0.0305231 131.046
1112039 12 0.01 1 32.9 0.313094 0.236032 3.58477 0.0334276 0.0246449 131.046
1112853 12 0.01 1 32.9 0.393389 -0.0457254 1.28238 0.0171373 3.58653e-05 131.046
1113523 12 0.01 1 32.9 0.0811177 0.428902 3.33294 0.00778216 0.0441464 131.046
1117176 12 0.01 1 32.9 0.170619 0.433663 2.06889 0.0129878 0.0296206 131.046
1118189 12 0.01 1 32.9 0.354013 -0.263717 2.59564 0.0293285 -0.019457 131.046
1122023 12 0.01 1 32.9 0.275625 -0.0690395 1.44991 0.0132555 -0.00312811 131.046
1124946 12 0.01 1 32.9 0.181791 -0.292649 2.66929 0.0139797 -0.0232805 131.046
1125152 12 0.01 1 32.9 0.481764 0.134257 0.897258 0.013362 0.00506011 131.046
1131528 12 0.01 1 32.9 -0.391644 -0.419887 3.645 -0.046331 -0.0463176 131.046
1132975 12 0.01 1 32.9 0.0348776 -0.487655 0.3053 0.00436524 -0.00854219 131.046
1135721 12 0.01 1 32.9 -0.0169483 -0.488496 1.6348 0.000814363 -0.0245041 131.046
1142732 12 0.01 1 32.9 -0.133112 -0.181423 4.42381 -0.0177502 -0.0255511 131.046
1143207 12 0.01 1 32.9 0.221712 9.59914e-05 1.45872 0.0108589 0.00104232 131.046
1151652 12 0.01 1 32.9 0.223961 -0.266657 2.02059 0.0151205 -0.016345 131.046
1152392 12 0.01 1 32.9 -0.350684 -0.269342 4.08026 -0.04481 -0.0304417 131.046
1152781 12 0.01 1 32.9 0.216085 0.481814 0.84301 0.00507489 0.0142179 131.046
1153117 12 0.01 1 32.9 0.327643 -0.169299 1.88529 0.0202149 -0.00895523 131.046
1153307 12 0.01 1 32.9 0.296309 0.0519397 2.8295 0.0290651 0.00569722 131.046
1156492 12 0.01 1 32.9 0.448521 0.124523 6.28263 0.0853703 0.025582 131.046
1157725 12 0.01 1 32.9 -0.275077 -0.377509 2.76286 -0.023471 -0.0330688 131.046
1158044 12 0.01 1 32.9 0.269222 0.382909 2.12685 0.016452 0.0236142 131.046
1159003 12 0.01 1 32.9 0.431503 -0.0983415 2.81498 0.0357569 -0.00942222 131.046
1160614 12 0.01 1 32.9 -0.352164 0.101865 1.96206 -0.0206149 0.00611316 131.046
1160975 12 0.01 1 32.9 0.241473 0.280738 2.60361 0.0184289 0.0205991 131.046
1161988 12 0.01 1 32.9 -0.44166 -0.148163 4.56818 -0.0633509 -0.0208675 131.046
1163238 12 0.01 1 32.9 0.0245458 0.320781 0.32366 0.00105291 0.00512202 131.046
1163941 12 0.01 1 32.9 0.18938 -0.185876 1.68249 0.0114037 -0.00691413 131.046
1164725 12 0.01 1 32.9 -0.0379421 -0.300675 0.42676 -0.00511123 -0.00450203 131.046
1167032 12 0.01 1 32.9 0.137758 0.442167 3.5664 0.0130841 0.0462966 131.046
1167556 12 0.01 1 32.9 -0.246377 0.0418616 4.01228 -0.0298095 0.00564004 131.046
1167837 12 0.01 1 32.9 -0.0864928 -0.467063 1.21866 -0.00570029 -0.0142987 131.046
1167991 12 0.01 1 32.9 -0.282058 -0.374598 2.91149 -0.0251131 -0.0331414 131.046
1171116 12 0.01 1 32.9 -0.368429 0.27944 2.01415 -0.0229596 0.0193613 131.046
1171123 12 0.01 1 32.9 -0.352275 0.308572 1.63541 -0.0171552 0.0179224 131.046
1172215 12 0.01 1 32.9 -0.0991161 -0.147255 4.44557 -0.0126115 -0.0198967 131.046
1173844 12 0.01 1 32.9 0.27997 0.362097 1.6251 0.0143129 0.0177429 131.046
1174085 12 0.01 1 32.9 -0.130082 0.11074 1.91939 -0.00611488 0.00804653 131.046
1175156 12 0.01 1 32.9 0.355389 0.187111 1.79813 0.0190128 0.00969405 131.046
1176329 12 0.01 1 32.9 -0.46147 -0.314641 2.10552 -0.0316188 -0.0201738 131.046
1177169 12 0.01 1 32.9 0.12938 -0.105356 4.09635 0.015733 -0.0130983 131.046
1177440 12 0.01 1 32.9 -0.37907 0.0910046 3.06016 -0.0348359 0.00776603 131.046
1179187 12 0.01 1 32.9 0.126156 -0.227845 3.2167 0.014747 -0.0201114 131.046
1179988 12 0.01 1 32.9 -0.0517802 0.166161 0.511669 0.00196338 0.00544252 131.046
1183885 12 0.01 1 32.9 0.243453 -0.496521 2.14644 0.0154558 -0.0299778 131.046
1185765 12 0.01 1 32.9 0.306726 -0.247705 3.57957 0.0359154 -0.0269626 131.046
1186106 12 0.01 1 32.9 -0.0676101 -0.466445 0.929207 -0.000560878 -0.0173644 131.046
1188089 12 0.01 1 32.9 0.0541075 -0.431038 1.80779 0.00405277 -0.0213289 131.046
1188152 12 0.01 1 32.9 0.398509 0.118941 0.934626 0.00810122 0.00555911 131.046
1189962 12 0.01 1 32.9 0.216969 0.424801 2.36447 0.0146568 0.0304105 131.046
1191547 12 0.01 1 32.9 0.221372 0.457651 1.5594 0.0109958 0.0235802 131.046
1196009 12 0.01 1 32.9 0.334352 -0.168156 1.30282 0.012863 -0.00566173 131.046
1196950 12 0.01 1 32.9 0.264294 0.473522 1.9587 0.0164069 0.0297942 131.046
1198677 12 0.01 1 32.9 0.202616 0.488837 1.5686 0.00751401 0.0239153 131.046
1200634 12 0.01 1 32.9 -0.331808 -0.181009 1.40026 -0.0135973 -0.00691662 131.046
1202235 12 0.01 1 32.9 -0.274443 -0.137697 2.97644 -0.0255611 -0.0129322 131.046
1202685 12 0.01 1 32.9 0.116367 0.460111 2.69761 0.0109337 0.0400173 131.046
1204762 12 0.01 1 32.9 -0.300946 -0.36741 3.65605 -0.0309036 -0.0407124 131.046
1205132 12 0.01 1 32.9 0.0505329 0.395594 3.98687 0.00585138 0.0494443 131.046
1207323 12 0.01 1 32.9 0.295163 0.315346 1.16714 0.0115041 0.0149857 131.046
1209649 12 0.01 1 32.9 -0.0641507 0.00559376 2.41334 -0.00364752 0.00163886 131.046
1211585 12 0.01 1 32.9 0.012347 -0.0179432 3.02964 0.00149485 -0.000819454 131.046
1213087 12 0.01 1 32.9 -0.435118 -0.271269 2.90233 -0.0392567 -0.0246796 131.046
1214167 12 0.01 1 32.9 -0.0318847 -0.105391 6.39549 -0.00535994 -0.0179478 131.046
1214532 12 0.01 1 32.9 0.206237 -0.291462 1.24568 0.00434265 -0.0109979 131.046
1220277 12 0.01 1 32.9 0.391858 0.0338432 1.47084 0.0167512 -0.000686303 131.046
1221051 12 0.01 1 32.9 -0.152859 -0.156467 0.704733 -0.00454117 -0.000953986 131.046
1223813 12 0.01 1 32.9 -0.490323 0.255564 1.76244 -0.0266218 0.012852 131.046
1225571 12 0.01 1 32.9 0.48425 -0.0273554 5.55674 0.0826671 -0.00435533 131.046
1227023 12 0.01 1 32.9 0.23828 0.37304 0.803283 0.00230275 0.00878475 131.046
1228398 12 0.01 1 32.9 0.27231 -0.203797 1.71999 0.0158635 -0.00886836 131.046
1230676 12 0.01 1 32.9 -0.396721 0.448689 1.00179 -0.013279 0.0150486 131.046
1230844 12 0.01 1 32.9 0.00621472 0.084267 0.138253 -0.00428155 0.000192795 131.046
1231001 12 0.01 1 32.9 0.10623 0.160139 3.12396 0.011286 0.0158039 131.046
1231660 12 0.01 1 32.9 0.274601 0.0235566 1.76847 0.0130996 0.00417187 131.046
1232738 12 0.01 1 32.9 0.284221 0.105577 0.926076 0.00591852 0.0047065 131.046
1234529 12 0.01 1 32.9 0.0622035 -0.0597304 3.08665 0.00489424 -0.00227434 131.046
1235286 12 0.01 1 32.9 -0.461087 -0.469152 2.47448 -0.0348107 -0.0360316 131.046
1235835 12 0.01 1 32.9 0.0356474 0.490012 1.35462 0.00058304 0.0245649 131.046
1237038 12 0.01 1 32.9 0.070167 0.425844 0.89512 -6.99348e-05 0.0116008 131.046
1237048 12 0.01 1 32.9 -0.429089 0.154834 1.71966 -0.023089 0.00880101 131.046
1239835 12 0.01 1 32.9 -0.446344 0.241289 2.98732 -0.041697 0.0206245 131.046
1242909 12 0.01 1 32.9 -0.301011 -0.266996 1.84704 -0.0177714 -0.0157927 131.046
1242960 12 0.01 1 32.9 -0.446617 0.212341 2.00801 -0.0270507 0.0126097 131.046
1247721 12 0.01 1 32.9 0.45989 -0.0405579 2.71025 0.0362391 -0.00205693 131.046
1252529 12 0.01 1 32.9 0.0957808 -0.255974 2.56255 0.00693669 -0.0184764 131.046
1253363 12 0.01 1 32.9 0.297274 -0.282046 2.83467 0.0272446 -0.02328 131.046
1255120 12 0.01 1 32.9 0.0267665 0.105935 2.60498 -0.00123375 0.00682018 131.046
1256223 12 0.01 1 32.9 0.156485 0.329821 1.53887 0.00640538 0.0146759 131.046
1256961 12 0.01 1 32.9 0.37011 -0.258294 2.40666 0.0273732 -0.0190485 131.046
1259196 12 0.01 1 32.9 0.236012 0.371432 0.832709 0.001481 0.0104682 131.046
1262256 12 0.01 1 32.9 0.0770215 0.13708 3.27917 0.00545526 0.0144018 131.046
1262937 12 0.01 1 32.9 0.44861 -0.0240388 0.599483 0.00741621 0.00152676 131.046
1265631 12 0.01 1 32.9 -0.303856 -0.195749 0.527444 3.49934e-05 -0.0100399 131.046
1266512 12 0.01 1 32.9 -0.0251352 -0.0673095 2.3524 -0.00066402 -0.00297395 131.046
1267972 12 0.01 1 32.9 0.289591 -0.0956564 0.406663 0.00664528 -0.00384981 131.046
1268856 12 0.01 1 32.9 -0.489768 0.211814 0.785693 -0.0114876 0.00432761 131.046
1270969 12 0.01 1 32.9 -0.496456 0.259354 2.99974 -0.0453599 0.0230133 131.046
1272659 12 0.01 1 32.9 0.079973 -0.0391824 2.98153 0.0068091 -0.00296554 131.046
1273283 12 0.01 1 32.9 -0.227555 -0.434875 0.833029 -0.00544297 -0.011411 131.046
1273613 12 0.01 1 32.9 -0.332552 -0.196049 2.58537 -0.0275081 -0.0132706 131.046
1275451 12 0.01 1 32.9 -0.00535146 -0.09676 0.595258 -0.00242421 -0.00362993 131.046
1275655 12 0.01 1 32.9 0.144446 -0.0251745 2.34321 0.0102479 -0.00183128 131.046
1278659 12 0.01 1 32.9 0.141201 -0.205148 1.29824 0.00748818 -0.00803487 131.046
1286226 12 0.01 1 32.9 0.316918 0.346457 0.530459 0.0065087 0.00611329 131.046
1287377 12 0.01 1 32.9 0.283999 -0.192775 2.96411 0.0254814 -0.0169652 131.046
1288139 12 0.01 1 32.9 -0.148331 0.322247 6.40837 -0.0290885 0.064075 131.046
1289415 12 0.01 1 32.9 0.196483 0.289621 5.06858 0.030339 0.0437001 131.046
1289818 12 0.01 1 32.9 -0.258364 0.10143 5.36014 -0.0419047 0.0185783 131.046
1293170 12 0.01 1 32.9 -0.0187688 -0.379401 0.934514 -0.00285737 -0.0117615 131.046
1293459 12 0.01 1 32.9 -0.245623 0.358534 0.823298 -0.00192767 0.00787583 131.046
1297796 12 0.01 1 32.9 -0.210462 0.170019 2.12741 -0.0136457 0.00981843 131.046
1302542 12 0.01 1 32.9 0.107784 -0.0899986 2.81368 0.00746507 -0.00762179 131.046
1306125 12 0.01 1 32.9 0.14325 -0.137434 3.27466 0.0159855 -0.0123249 131.046
1309552 12 0.01 1 32.9 -0.307905 0.459223 1.35009 -0.0154452 0.0189346 131.046
1311050 12 0.01 1 32.9 0.368367 -0.446891 1.1622 0.0146607 -0.0182597 131.046
1312277 12 0.01 1 32.9 -0.214508 0.338268 2.84078 -0.0186535 0.031915 131.046
1313316 12 0.01 1 32.9 0.450444 0.226643 4.95483 0.0698899 0.0347536 131.046
1313951 12 0.01 1 32.9 0.169554 -0.446281 1.35159 0.00640491 -0.0176722 131.046
1314043 12 0.01 1 32.9 0.0677293 -0.0390045 0.748112 -0.00160271 -0.00221945 131.046
1316170 12 0.01 1 32.9 -0.161248 -0.0338202 3.71393 -0.016834 -0.00461619 131.046
1317862 12 0.01 1 32.9 0.394534 -0.00845279 0.954453 0.0108062 -0.0009829 131.046
1318350 12 0.01 1 32.9 0.316293 -0.452723 2.18486 0.0213665 -0.0269083 131.046
1319443 12 0.01 1 32.9 -0.389998 -0.0464814 2.24688 -0.0274556 -0.00281517 131.046
1320715 12 0.01 1 32.9 0.478045 -0.0399087 2.62859 0.0361887 -0.00108254 131.046
1320853 12 0.01 1 32.9 -0.0712513 -0.378022 7.09207 -0.0145 -0.07913 131.046
1321853 12 0.01 1 32.9 -0.248418 -0.00246365 4.65242 -0.0363843 0.00198556 131.046
1322644 12 0.01 1 32.9 0.127949 -0.343925 0.802799 0.00264754 -0.00894685 131.046
1323113 12 0.01 1 32.9 -0.457108 -0.152421 2.39155 -0.0324729 -0.010047 131.046
1326236 12 0.01 1 32.9 -0.181107 0.383508 2.80319 -0.0148703 0.0331658 131.046
1326509 12 0.01 1 32.9 0.0549173 0.234734 0.826914 0.00324354 0.00193453 131.046
1328416 12 0.01 1 32.9 -0.288855 -0.208466 0.837493 -0.00754939 -0.00541364 131.046
1329032 12 0.01 1 32.9 0.0193443 -0.291266 3.4648 0.00169216 -0.030117 131.046
1333931 12 0.01 1 32.9 -0.11404 -0.211893 3.26242 -0.0120085 -0.0203671 131.046
1336229 12 0.01 1 32.9 0.0342837 0.422596 1.24841 0.00583488 0.0190273 131.046
1337383 12 0.01 1 32.9 -0.280008 0.226566 2.3052 -0.0194139 0.0156533 131.046
1341005 12 0.01 1 32.9 -0.471359 -0.0227611 2.16628 -0.0344131 -0.00286616 131.046
1341967 12 0.01 1 32.9 -0.294374 -0.200917 2.36286 -0.0214289 -0.0127217 131.046
1345462 12 0.01 1 32.9 0.136961 0.278891 0.376307 0.00222023 0.00239683 131.046
1345475 12 0.01 1 32.9 0.0394008 -0.239043 4.57529 0.0050125 -0.0299264 131.046
1345899 12 0.01 1 32.9 0.376409 -0.14092 2.16806 0.0241784 -0.00864815 131.046
1347713 12 0.01 1 32.9 -0.374773 0.134488 2.32516 -0.025081 0.00898211 131.046
1349485 12 0.01 1 32.9 0.347834 0.187736 3.33668 0.0351305 0.0217394 131.046
1351308 12 0.01 1 32.9 -0.0852283 0.319647 1.73529 -0.0073494 0.0208054 131.046
1351530 12 0.01 1 32.9 -0.0824543 0.172522 2.77634 -0.00606324 0.0185697 131.046
1353350 12 0.01 1 32.9 0.261907 -0.248479 3.80203 0.0298674 -0.0315192 131.046
1357748 12 0.01 1 32.9 -0.134972 -0.492184 3.51723 -0.012777 -0.052893 131.046
1358541 12 0.01 1 32.9 -0.130983 -0.275767 4.91176 -0.0178169 -0.0414499 131.046
1360736 12 0.01 1 32.9 0.26552 0.232607 0.504625 0.00461978 0.00358569 131.046
1367010 12 0.01 1 32.9 0.448451 -0.0641449 2.83704 0.0374003 -0.00586971 131.046
1368313 12 0.01 1 32.9 0.259722 0.386858 2.60441 0.0214777 0.0321527 131.046
1371817 12 0.01 1 32.9 -0.0700578 0.366408 2.0876 -0.0041832 0.0231983 131.046
1374008 12 0.01 1 32.9 -0.0633368 0.42732 5.8361 -0.0105191 0.0777089 131.046
1375333 12 0.01 1 32.9 -0.358005 -0.200138 1.88996 -0.0179265 -0.0104302 131.046
1379138 12 0.01 1 32.9 0.0921745 -0.0998937 1.49638 0.00369142 -0.00294224 131.046
1380239 12 0.01 1 32.9 -0.21897 -0.304343 0.558922 -0.00318015 -0.00667804 131.046
1380309 12 0.01 1 32.9 0.28244 -0.371117 3.94763 0.032982 -0.0462856 131.046
1380690 12 0.01 1 32.9 0.400545 0.130777 6.67336 0.0810954 0.0267599 131.046
1381014 12 0.01 1 32.9 0.190165 -0.414094 2.67787 0.0150526 -0.0329014 131.046
1381032 12 0.01 1 32.9 -0.306017 -0.492128 1.58589 -0.014706 -0.0222576 131.046
1381316 12 0.01 1 32.9 0.1069 -0.25011 0.933595 0.00232657 -0.00345881 131.046
1382096 12 0.01 1 32.9 0.478236 0.0947523 4.62534 0.0682448 0.0131548 131.046
1388599 12 0.01 1 32.9 0.187709 0.115919 1.74511 0.00894591 0.00693911 131.046
1388837 12 0.01 1 32.9 0.302503 -0.174467 0.576954 0.00421529 0.00029397 131.046
1389003 12 0.01 1 32.9 0.0518223 -0.0630163 2.45031 0.00518732 -0.00580724 131.046
1390292 12 0.01 1 32.9 0.323584 -0.0571595 1.03075 0.00855574 -0.00390398 131.046
1391610 12 0.01 1 32.9 0.367661 0.103745 2.45969 0.0288857 0.00749086 131.046
1391748 12 0.01 1 32.9 -0.46692 0.309362 3.6947 -0.0532983 0.0334465 131.046
1397958 12 0.01 1 32.9 0.264676 -0.352055 2.17764 0.0175002 -0.0237329 131.046
1398703 12 0.01 1 32.9 -0.275243 -0.334506 1.11076 -0.0100211 -0.0105938 131.046
1398978 12 0.01 1 32.9 -0.355438 0.0712845 2.33865 -0.0246483 0.0075278 131.046
1399324 12 0.01 1 32.9 -0.242846 -0.392257 2.42913 -0.0163736 -0.0308687 131.046
1399479 12 0.01 1 32.9 -0.293692 0.295674 0.697523 -0.00402392 0.00505785 131.046
1404545 12 0.01 1 32.9 0.059513 -0.0608079 2.32451 0.00566831 -0.00421654 131.046
1407482 12 0.01 1 32.9 -0.130641 0.334453 4.01055 -0.0173642 0.042285 131.046
1407516 12 0.01 1 32.9 0.332267 -0.0347608 3.48296 0.0355942 -0.000875427 131.046
1407728 12 0.01 1 32.9 0.172478 -0.0177107 2.66188 0.0141511 0.00145505 131.046
1409548 12 0.01 1 32.9 -0.196045 -0.22222 2.41768 -0.0144932 -0.0159488 131.046
1411438 12 0.01 1 32.9 -0.297272 0.265289 3.96357 -0.0360017 0.0343976 131.046
1412886 12 0.01 1 32.9 -0.468858 -0.48155 4.58317 -0.0639704 -0.0663013 131.046
1415938 12 0.01 1 32.9 0.420225 -0.439519 2.32466 0.0280811 -0.0286208 131.046
1419912 12 0.01 1 32.9 -0.219239 0.0787595 3.70316 -0.0233867 0.0106915 131.046
1420312 12 0.01 1 32.9 0.347322 -0.200391 3.34697 0.0348881 -0.0224736 131.046
1420530 12 0.01 1 32.9 0.126174 -0.044563 4.45609 0.0178831 -0.00481636 131.046
1423981 12 0.01 1 32.9 -0.352992 -0.0425851 3.07705 -0.0339596 -0.00415349 131.046
1424191 12 0.01 1 32.9 0.350329 -0.327929 0.82523 0.00774152 -0.0088968 131.046
1424548 12 0.01 1 32.9 0.359091 0.0424029 2.76542 0.0296428 0.00614783 131.046
1424783 12 0.01 1 32.9 0.0780916 0.496008 0.372821 0.00299299 0.00259067 131.046
1427273 12 0.01 1 32.9 0.404479 -0.330254 2.61828 0.0320721 -0.0256742 131.046
1427716 12 0.01 1 32.9 0.165779 0.324488 3.42835 0.0174051 0.0371466 131.046
1428158 12 0.01 1 32.9 -0.328095 -0.467906 2.83527 -0.0267042 -0.0409466 131.046
1428322 12 0.01 1 32.9 0.0993295 0.0203741 2.24961 0.00855348 0.00487414 131.046
1429565 12 0.01 1 32.9 -0.126961 -0.0615232 2.10731 -0.00948212 -0.0025345 131.046
1429690 12 0.01 1 32.9 0.353531 0.34389 1.84304 0.0203828 0.0190372 131.046
1430547 12 0.01 1 32.9 -0.241386 0.481116 2.10063 -0.0154483 0.0276198 131.046
1434209 12 0.01 1 32.9 0.337937 0.00255605 2.52716 0.024004 0.000224307 131.046
1434888 12 0.01 1 32.9 0.246064 -0.475712 6.2569 0.0470291 -0.0905498 131.046
1436097 12 0.01 1 32.9 0.100059 -0.351525 1.67223 0.00457404 -0.0178682 131.046
1440743 12 0.01 1 32.9 0.373204 -0.141191 2.941 0.03308 -0.0131787 131.046
1441618 12 0.01 1 32.9 0.320471 0.415821 1.61904 0.0175009 0.0240915 131.046
1446002 12 0.01 1 32.9 0.207508 -0.055875 1.57949 0.0121494 -0.00100115 131.046
1446202 12 0.01 1 32.9 -0.272251 0.270621 4.26162 -0.0355136 0.035366 131.046
1449718 12 0.01 1 32.9 -0.46732 0.152043 1.19033 -0.0173171 0.00495478 131.046
1453640 12 0.01 1 32.9 0.157032 0.48033 1.89825 0.0059834 0.0276012 131.046
1455229 12 0.01 1 32.9 -0.385212 -0.244495 6.58816 -0.0787518 -0.047506 131.046
1455466 12 0.01 1 32.9 -0.473303 -0.457311 3.85977 -0.0570883 -0.0511417 131.046
1455548 12 0.01 1 32.9 0.0106846 0.10653 1.09248 0.00327583 0.00217764 131.046
1456396 12 0.01 1 32.9 -0.26604 0.485535 1.01363 -0.00398025 0.0141386 131.046
1456729 12 0.01 1 32.9 0.0568147 -0.0344767 2.43881 0.00348278 -0.000469476 131.046
1456801 12 0.01 1 32.9 0.450942 -0.362129 2.13934 0.0312699 -0.023295 131.046
1458342 12 0.01 1 32.9 0.488032 -0.296757 2.93392 0.0441274 -0.0250328 131.046
1460401 12 0.01 1 32.9 -0.366784 0.190706 1.73668 -0.0201857 0.0120897 131.046
1460554 12 0.01 1 32.9 0.00144265 -0.343134 1.95455 0.000103599 -0.0187011 131.046
1466111 12 0.01 1 32.9 -0.373713 0.356815 1.44598 -0.0173387 0.0177732 131.046
1468236 12 0.01 1 32.9 -0.352877 0.268191 2.27412 -0.0251768 0.0196679 131.046
1471832 12 0.01 1 32.9 -0.38773 0.301293 3.16691 -0.0364243 0.0293286 131.046
1473722 12 0.01 1 32.9 0.464659 0.0483757 1.48584 0.0186432 0.00250154 131.046
1474388 12 0.01 1 32.9 -0.0129523 -0.331449 3.43218 0.00021845 -0.0333165 131.046
1481432 12 0.01 1 32.9 -0.133795 -0.416811 2.0952 -0.00746363 -0.026247 131.046
1482367 12 0.01 1 32.9 0.160962 -0.301504 3.88141 0.0187403 -0.0328646 131.046
1484690 12 0.01 1 32.9 0.248399 -0.0993386 1.7876 0.0117697 -0.00488354 131.046
1485123 12 0.01 1 32.9 0.138515 0.368198 1.89111 0.00937532 0.0189435 131.046
1485226 12 0.01 1 32.9 -0.242352 0.0285554 1.24138 -0.0097666 0.00117417 131.046
1487586 12 0.01 1 32.9 -0.2257 -0.250154 2.75318 -0.0178821 -0.0178473 131.046
1488005 12 0.01 1 32.9 0.258207 0.234535 1.4445 0.0123206 0.0124974 131.046
1490246 12 0.01 1 32.9 0.159906 0.343272 3.70531 0.0186558 0.0385024 131.046
1490395 12 0.01 1 32.9 0.210793 -0.369995 0.880951 0.00625431 -0.0124455 131.046
1494075 12 0.01 1 32.9 0.17567 -0.140809 1.66477 0.00786748 -0.00857219 131.046
1494705 12 0.01 1 32.9 -0.276172 -0.146297 2.46467 -0.0206495 -0.011041 131.046
1494844 12 0.01 1 32.9 0.197079 -0.0767768 2.73592 0.015398 -0.0064879 131.046
1495453 12 0.01 1 32.9 -0.0708197 -0.378482 2.8951 -0.00529286 -0.0341463 131.046
1496389 12 0.01 1 32.9 0.284596 -0.00919139 1.86322 0.0168642 5.92989e-05 131.046
1500810 12 0.01 1 32.9 -0.460616 0.0105827 5.17052 -0.0733134 0.00146122 130.986
1506165 12 0.01 1 32.9 -0.313503 -0.249373 3.39178 -0.0332164 -0.0258203 130.986
1510588 12 0.01 1 32.9 0.0980771 0.284172 1.2628 0.00377876 0.00984497 130.986
1514547 12 0.01 1 32.9 -0.44613 -0.0762134 1.32554 -0.0195004 -0.000881715 130.986
1518870 12 0.01 1 32.9 0.15672 -0.240409 2.78255 0.0139765 -0.0198453 130.986
1518907 12 0.01 1 32.9 -0.165716 -0.213965 1.48413 -0.00679248 -0.00876122 130.986
1519791 12 0.01 1 32.9 -0.180366 0.0355556 2.72023 -0.0139823 0.00630417 130.986
1519985 12 0.01 1 32.9 -0.421228 -0.266639 1.72248 -0.02333 -0.0142639 130.986
1521342 12 0.01 1 32.9 -0.299668 -0.171569 1.30063 -0.0124257 -0.00381404 130.986
1528132 12 0.01 1 32.9 0.149565 -0.221404 2.85604 0.0116428 -0.0173286 130.986
1529450 12 0.01 1 32.9 0.0217668 -0.153945 0.645142 -0.000277649 -0.00527851 130.986
1531137 12 0.01 1 32.9 0.0581492 0.429679 3.22811 0.00647762 0.0413277 130.986
1532942 12 0.01 1 32.9 -0.408277 -0.382438 1.18129 -0.0169982 -0.0126036 130.986
1533374 12 0.01 1 32.9 0.377571 -0.148594 4.16751 0.0498208 -0.0184091 130.986
1535292 12 0.01 1 32.9 0.0321731 -0.352362 2.53829 0.0022754 -0.0241775 130.986
1538147 12 0.01 1 32.9 -0.0492893 0.323232 3.50344 -0.00217867 0.03563 130.986
1539686 12 0.01 1 32.9 0.463527 0.482608 1.46722 0.0203109 0.0250103 130.986
1541490 12 0.01 1 32.9 -0.328988 -0.39406 3.87793 -0.0388419 -0.0466623 130.986
1543535 12 0.01 1 32.9 -0.489211 -0.162417 1.61082 -0.0261691 -0.00454307 130.986
1545289 12 0.01 1 32.9 -0.399229 0.466329 2.47923 -0.0305843 0.0352861 130.986
1546884 12 0.01 1 32.9 0.0939142 -0.405429 1.14659 0.00448301 -0.01393 130.986
1547042 12 0.01 1 32.9 0.441414 -0.266134 4.03613 0.0552623 -0.0303016 130.986
1548002 12 0.01 1 32.9 0.118955 -0.0360167 2.1808 0.00962355 -0.00190716 130.986
1549185 12 0.01 1 32.9 -0.396761 -0.138674 2.24091 -0.0263474 -0.00733346 130.986
1550822 12 0.01 1 32.9 -0.240828 -0.44964 2.89896 -0.0192712 -0.0398512 130.986
1554044 12 0.01 1 32.9 -0.105006 -0.161611 1.95356 -0.00536967 -0.00689632 130.986
1554836 12 0.01 1 32.9 -0.451047 0.488821 1.06131 -0.0142563 0.0125892 130.986
1556133 12 0.01 1 32.9 0.12479 -0.132039 3.82794 0.0141784 -0.0150141 130.986
1557716 12 0.01 1 32.9 -0.0994 -0.460469 4.35645 -0.0138114 -0.0584777 130.986
1560221 12 0.01 1 32.9 0.246011 0.412783 0.932273 0.00584112 0.0159001 130.986
1563096 12 0.01 1 32.9 -0.0974089 0.177678 4.63083 -0.0109978 0.0270767 130.986
1563912 12 0.01 1 32.9 -0.107003 0.341306 1.80525 -0.00674931 0.0172912 130.986
1564379 12 0.01 1 32.9 -0.100157 -0.036827 0.848038 0.0010258 0.000552564 130.986
1565106 12 0.01 1 32.9 0.205578 0.35223 0.338906 -0.000268631 0.00534961 130.986
1565982 12 0.01 1 32.9 -0.332899 0.481994 3.34478 -0.0329905 0.0513745 130.986
1566501 12 0.01 1 32.9 -0.167599 -0.228505 2.67735 -0.0150509 -0.0176669 130.986
1569232 12 0.01 1 32.9 0.305336 -0.403477 2.71945 0.0251868 -0.0324023 130.986
1575194 12 0.01 1 32.9 0.357139 -0.434327 4.13719 0.0432643 -0.0554464 130.986
1576398 12 0.01 1 32.9 -0.422248 -0.280148 1.99302 -0.0254417 -0.0159373 130.986
1576785 12 0.01 1 32.9 -0.152728 0.444052 1.19113 -0.0058752 0.0172471 130.986
1579167 12 0.01 1 32.9 -0.490535 -0.184947 2.42229 -0.0379734 -0.0132568 130.986
1579304 12 0.01 1 32.9 -0.0555068 0.398871 4.495 -0.00780533 0.0568866 130.986
1582233 12 0.01 1 32.9 -0.182265 -0.18379 2.31198 -0.0146898 -0.0114526 130.986
1582473 12 0.01 1 32.9 -0.0895736 0.0996805 2.59457 -0.00718141 0.0101253 130.986
1583518 12 0.01 1 32.9 -0.118031 0.354106 2.46267 -0.00792425 0.0301585 130.986
1585483 12 0.01 1 32.9 -0.175576 0.464337 1.22202 -0.00915571 0.0203047 130.986
1586833 12 0.01 1 32.9 -0.455305 -0.313233 1.81619 -0.0260868 -0.0154013 130.986
1588124 12 0.01 1 32.9 -0.0021961 -0.271525 2.00253 -0.00165763 -0.0158802 130.986
1590232 12 0.01 1 32.9 -0.254163 -0.44975 1.32949 -0.00860509 -0.0180883 130.986
1591486 12 0.01 1 32.9 0.456212 0.189275 1.55166 0.021783 0.00884942 130.986
1594191 12 0.01 1 32.9 -0.399416 -0.415966 1.95664 -0.0251206 -0.0260651 130.986
1595184 12 0.01 1 32.9 0.0186555 -0.241625 2.40582 0.000824971 -0.015575 130.986
1595302 12 0.01 1 32.9 -0.262775 -0.224224 2.4672 -0.0196685 -0.0161168 130.986
1596550 12 0.01 1 32.9 0.00326388 0.337061 0.799142 0.0019385 0.00609499 130.986
1599438 12 0.01 1 32.9 0.308573 0.213293 1.31589 0.0113953 0.00804418 130.986
1603166 12 0.01 1 32.9 -0.401808 -0.20274 2.40233 -0.0318348 -0.0134644 130.986
1603170 12 0.01 1 32.9 -0.277334 -0.394309 7.01381 -0.0587337 -0.0842099 130.986
1605354 12 0.01 1 32.9 -0.27457 -0.445888 6.23735 -0.0521423 -0.0833495 130.986
1613503 12 0.01 1 32.9 -0.363815 -0.0490249 1.68175 -0.0198211 -0.000893723 130.986
1615774 12 0.01 1 32.9 -0.00373911 0.0715073 2.24712 -0.00347108 0.00740723 130.986
1616644 12 0.01 1 32.9 0.444311 -0.311272 0.371461 0.00269847 6.81519e-05 130.986
1616649 12 0.01 1 32.9 0.41796 -0.140476 1.07273 0.0140136 -0.00281875 130.986
1616992 12 0.01 1 32.9 0.294431 -0.492344 2.90927 0.026068 -0.043001 130.986
1617686 12 0.01 1 32.9 0.124143 0.00123834 3.91969 0.0171145 6.93445e-05 130.986
1617756 12 0.01 1 32.9 -0.0263473 0.182903 2.08398 -0.00348198 0.0114544 130.986
1618312 12 0.01 1 32.9 0.43082 -0.106075 2.04258 0.0255188 -0.0048688 130.986
1621800 12 0.01 1 32.9 0.477471 -0.391472 3.23031 0.047119 -0.0381708 130.986
1623827 12 0.01 1 32.9 -0.200727 -0.174737 1.3958 -0.00677039 -0.00692563 130.986
1624380 12 0.01 1 32.9 -0.472003 0.243347 1.86232 -0.0261267 0.0126789 130.986
1629409 12 0.01 1 32.9 -0.233167 -0.245146 1.82909 -0.0100355 -0.011205 130.986
1629837 12 0.01 1 32.9 0.43969 -0.106021 1.91709 0.0254608 -0.00650896 130.986
1631195 12 0.01 1 32.9 -0.023345 -0.424147 3.23848 -0.000551116 -0.0432145 130.986
1632656 12 0.01 1 32.9 -0.246907 0.355709 3.71997 -0.0293714 0.0403676 130.986
1634397 12 0.01 1 32.9 0.347893 0.0844086 3.84191 0.0394074 0.0119307 130.986
1635278 12 0.01 1 32.9 0.372064 0.191555 2.12741 0.023622 0.0138656 130.986
1635742 12 0.01 1 32.9 0.0821045 0.372993 2.4262 0.00698137 0.030109 130.986
1637518 12 0.01 1 32.9 -0.0185354 -0.354129 4.37282 -0.00201524 -0.0482635 130.986
1638181 12 0.01 1 32.9 -0.212205 -0.141264 0.808497 -0.00187459 -0.00245088 130.986
1642289 12 0.01 1 32.9 0.269696 -0.205469 1.22575 0.0097578 -0.00992136 130.986
1644377 12 0.01 1 32.9 0.306629 0.440632 0.356763 0.00578595 0.00716349 130.986
1649776 12 0.01 1 32.9 -0.102992 -0.0428175 3.09581 -0.0102004 -0.00329766 130.986
1652167 12 0.01 1 32.9 0.343212 -0.048509 0.790622 0.00947558 0.00014557 130.986
1652272 12 0.01 1 32.9 -0.347043 -0.483796 3.35673 -0.036784 -0.0474181 130.986
1652965 12 0.01 1 32.9 0.172384 0.375455 3.12997 0.0176724 0.0352314 130.986
1654799 12 0.01 1 32.9 0.131848 -0.488576 4.31691 0.0162818 -0.0629484 130.986
1655771 12 0.01 1 32.9 0.326638 -0.499913 1.67888 0.0173003 -0.0239396 130.986
1657607 12 0.01 1 32.9 -0.375757 0.212181 1.49506 -0.0173568 0.0100388 130.986
1657841 12 0.01 1 32.9 -0.452817 0.226127 3.63423 -0.0503396 0.0251266 130.986
1658157 12 0.01 1 32.9 0.420182 0.498541 1.10876 0.0139532 0.0174137 130.986
1662068 12 0.01 1 32.9 -0.0961574 -0.256342 2.08214 -0.00410289 -0.0147421 130.986
1663099 12 0.01 1 32.9 -0.309917 -0.150861 1.07188 -0.00958145 -0.00610922 130.986
1665702 12 0.01 1 32.9 0.238165 0.478047 1.67012 0.0118056 0.0264995 130.986
1666657 12 0.01 1 32.9 0.0328778 -0.216762 1.81981 0.000869479 -0.0100971 130.986
1668339 12 0.01 1 32.9 -0.145449 -0.131059 0.962147 -0.000444988 -0.00372033 130.986
1669399 12 0.01 1 32.9 0.218593 0.282584 5.05671 0.0360501 0.0449799 130.986
1670829 12 0.01 1 32.9 -0.00603315 0.126202 7.11732 -0.00117547 0.02701 130.986
1672359 12 0.01 1 32.9 -0.391412 -0.212786 1.44371 -0.017876 -0.00805061 130.986
1672677 12 0.01 1 32.9 0.271558 0.384289 0.444932 0.00648184 0.00195903 130.986
1675518 12 0.01 1 32.9 -0.181982 -0.0553033 2.32075 -0.0122691 -0.004436 130.986
1676836 12 0.01 1 32.9 0.0945843 0.0972889 1.86358 0.00538658 0.00714184 130.986
1677946 12 0.01 1 32.9 0.199064 0.488134 1.89054 0.0113726 0.0251932 130.986
1679527 12 0.01 1 32.9 0.044213 0.387207 1.25048 0.00282809 0.0140087 130.986
1687116 12 0.01 1 32.9 0.282836 -0.409523 2.07661 0.0206368 -0.0236211 130.986
1687246 12 0.01 1 32.9 0.367691 -0.442223 5.15326 0.0557443 -0.0691517 130.986
1689616 12 0.01 1 32.9 -0.280557 -0.288165 2.95549 -0.0245387 -0.0272864 130.986
1690031 12 0.01 1 32.9 -0.299801 -0.0698293 1.03864 -0.0108915 -0.00108292 130.986
1690765 12 0.01 1 32.9 0.290756 0.0832262 4.40493 0.0389149 0.012545 130.986
1692987 12 0.01 1 32.9 -0.0511256 -0.188134 1.51525 -0.00260572 -0.005181 130.986
1693535 12 0.01 1 32.9 -0.455062 -0.0746998 2.23684 -0.0316032 -0.00489128 130.986
1694070 12 0.01 1 32.9 -0.244759 -0.26147 1.50583 -0.0107433 -0.00794888 130.986
1695776 12 0.01 1 32.9 -0.0233117 -0.479371 3.05143 -0.0012413 -0.0431142 130.986
1695906 12 0.01 1 32.9 -0.100342 0.295181 2.43492 -0.00829534 0.0253095 130.986
1700160 12 0.01 1 32.9 -0.0643021 -0.213274 2.79463 -0.00591235 -0.0161662 130.986
1700510 12 0.01 1 32.9 0.160955 -0.180858 3.97676 0.0187502 -0.0185596 130.986
1701642 12 0.01 1 32.9 0.318876 0.375165 2.15173 0.0210769 0.0241283 130.986
1702392 12 0.01 1 32.9 -0.0341211 -0.128581 6.63041 -0.00576888 -0.0252755 130.986
1703208 12 0.01 1 32.9 0.353032 -0.225218 2.5587 0.0266832 -0.0177879 130.986
1704916 12 0.01 1 32.9 0.17169 0.46345 0.66796 0.00451383 0.010555 130.986
1706044 12 0.01 1 32.9 -0.488908 0.0281198 4.01577 -0.0594099 0.00496548 130.986
1706923 12 0.01 1 32.9 -0.0217257 0.200724 1.16398 0.000893268 0.00859339 130.986
1707183 12 0.01 1 32.9 -0.369896 -0.404503 1.88564 -0.0214121 -0.0215432 130.986
1708788 12 0.01 1 32.9 0.100502 -0.489985 2.29118 0.00649838 -0.0324034 130.986
1711241 12 0.01 1 32.9 0.142763 0.156266 2.93339 0.0149045 0.0122866 130.986
1716438 12 0.01 1 32.9 -0.44953 -0.420452 2.94649 -0.0383122 -0.0358592 130.986
1717064 12 0.01 1 32.9 0.38811 0.44575 4.07482 0.0465198 0.0565109 130.986
1717235 12 0.01 1 32.9 -0.309456 0.344405 0.887564 -0.00841804 0.0117957 130.986
1720958 12 0.01 1 32.9 0.0662745 -0.393349 2.53068 0.0027491 -0.0292854 130.986
1722615 12 0.01 1 32.9 -0.191419 -0.195624 3.12102 -0.0182338 -0.0151129 130.986
1725720 12 0.01 1 32.9 -0.459716 -0.280187 2.02736 -0.0277595 -0.0177461 130.986
1726477 12 0.01 1 32.9 0.178438 0.390701 3.10003 0.0142227 0.0387433 130.986
1728713 12 0.01 1 32.9 0.000192385 -0.494436 2.73318 0.000554905 -0.042039 130.986
1729449 12 0.01 1 32.9 -0.364141 -0.246501 1.48826 -0.0143302 -0.00977627 130.986
1731059 12 0.01 1 32.9 -0.121177 -0.37941 5.45943 -0.0180257 -0.0617738 130.986
1731444 12 0.01 1 32.9 0.43733 -0.0290723 3.71887 0.0499691 -0.00087426 130.986
1735076 12 0.01 1 32.9 0.0471215 0.450028 2.64985 0.00241034 0.0379245 130.986
1736234 12 0.01 1 32.9 -0.130593 -0.297264 2.26984 -0.0111697 -0.0177297 130.986
1736271 12 0.01 1 32.9 0.363051 0.0201508 1.94635 0.0237887 -0.000791746 130.986
1737811 12 0.01 1 32.9 -0.374685 -0.0880468 1.77681 -0.0219108 -0.00297685 130.986
1738046 12 0.01 1 32.9 -0.242312 0.0151402 2.01568 -0.0157916 0.000524159 130.986
1739159 12 0.01 1 32.9 0.146279 -0.115488 4.76036 0.0202934 -0.0162094 130.986
1739859 12 0.01 1 32.9 -0.410402 0.420825 3.01159 -0.0375451 0.0389236 130.986
1740330 12 0.01 1 32.9 -0.0738713 0.373037 1.2985 -0.000855534 0.0165893 130.986
1740391 12 0.01 1 32.9 -0.0235135 -0.262572 2.29527 -0.00380164 -0.0192138 130.986
1741742 12 0.01 1 32.9 0.369258 0.0649182 4.10371 0.0482613 0.00802584 130.986
1741749 12 0.01 1 32.9 0.192481 -0.248848 9.08618 0.0534132 -0.0648154 130.986
1745218 12 0.01 1 32.9 0.411082 -0.396526 3.1028 0.0396059 -0.0372943 130.986
1746516 12 0.01 1 32.9 -0.433095 0.402315 2.91322 -0.0394675 0.0361076 130.986
1747304 12 0.01 1 32.9 -0.172144 -0.2875 1.86325 -0.0110451 -0.0150733 130.986
1748534 12 0.01 1 32.9 0.344811 0.36293 2.77841 0.0274018 0.0329417 130.986
1750098 12 0.01 1 32.9 -0.414692 -0.224348 3.21103 -0.0387601 -0.0202785 130.986
1753130 12 0.01 1 32.9 0.457671 0.122084 0.803394 0.0117216 0.00543094 130.986
1754164 12 0.01 1 32.9 0.216468 0.464306 2.05708 0.0136666 0.0303598 130.986
1756162 12 0.01 1 32.9 0.358555 0.292342 0.625431 0.00648522 0.00265616 130.986
1756582 12 0.01 1 32.9 0.318206 -0.00795747 1.76211 0.0179306 0.000224433 130.986
1761858 12 0.01 1 32.9 -0.437757 -0.493732 6.4846 -0.0877393 -0.0962878 130.986
1762629 12 0.01 1 32.9 -0.497888 -0.159444 4.89508 -0.0749464 -0.0220591 130.986
1762702 12 0.01 1 32.9 -0.111766 0.0216082 2.61903 -0.0107307 0.00438729 130.986
1764076 12 0.01 1 32.9 -0.475495 0.0931141 1.69767 -0.025624 0.00724895 130.986
1764633 12 0.01 1 32.9 -0.304761 0.396026 3.04865 -0.0301513 0.035224 130.986
1765539 12 0.01 1 32.9 -0.00640945 -0.00491141 2.48153 -0.000631324 0.000115678 130.986
1770206 12 0.01 1 32.9 -0.434772 0.284455 2.7677 -0.0368387 0.0271447 130.986
1771870 12 0.01 1 32.9 -0.113526 -0.433664 4.04726 -0.0149679 -0.0510184 130.986
1772518 12 0.01 1 32.9 -0.0751105 -0.0404169 2.71823 -0.00636642 -0.00064123 130.986
1773866 12 0.01 1 32.9 0.132494 -0.426947 1.99749 0.00713302 -0.0252075 130.986
1774386 12 0.01 1 32.9 0.450184 -0.0806112 1.75422 0.0236415 -0.00316276 130.986
1775794 12 0.01 1 32.9 -0.486755 0.188435 2.41795 -0.0378802 0.0156154 130.986
1783304 12 0.01 1 32.9 0.198481 -0.409576 6.47994 0.0391765 -0.0797126 130.986
1789406 12 0.01 1 32.9 0.0927975 0.301039 1.89653 0.00629695 0.0163415 130.986
1790482 12 0.01 1 32.9 0.21073 -0.480767 4.52423 0.029111 -0.0643204 130.986
1790988 12 0.01 1 32.9 -0.461547 -0.145223 3.61478 -0.0519077 -0.0160937 130.986
1793308 12 0.01 1 32.9 0.308518 0.1872 1.6882 0.0168852 0.00935927 130.986
1793601 12 0.01 1 32.9 -0.364939 0.462219 0.985534 -0.0118333 0.0164388 130.986
1798200 12 0.01 1 32.9 -0.434528 -0.499791 1.96405 -0.0244802 -0.0273733 130.986
1802376 12 0.01 1 32.9 -0.256393 0.422691 2.86819 -0.0219613 0.0364694 130.986
1803902 12 0.01 1 32.9 0.467262 -0.444002 2.58562 0.0388684 -0.0338999 130.986
1809588 12 0.01 1 32.9 -0.20086 -0.241531 3.09519 -0.019351 -0.0224657 130.986
1810052 12 0.01 1 32.9 -0.0806617 0.345611 0.69295 -0.00389033 0.00764171 130.986
1821762 12 0.01 1 32.9 0.172684 -0.355774 3.32395 0.0198098 -0.0340452 130.986
1821914 12 0.01 1 32.9 -0.212873 0.142437 9.83349 -0.0649895 0.0425957 130.986
1822636 12 0.01 1 32.9 0.305806 -0.0340002 1.9825 0.0187382 -0.00287258 130.986
1824664 12 0.01 1 32.9 -0.493581 -0.0930929 0.556939 -0.00795874 -0.0010656 130.986
1824770 12 0.01 1 32.9 0.0106438 0.400696 1.75659 0.000101244 0.0202401 130.986
1824837 12 0.01 1 32.9 -0.155517 -0.138933 1.87892 -0.00935111 -0.00904385 130.986
1826525 12 0.01 1 32.9 0.081885 0.289442 1.85919 0.0060461 0.0175167 130.986
1827166 12 0.01 1 32.9 0.476581 0.424883 2.0602 0.0338385 0.028137 130.986
1829073 12 0.01 1 32.9 -0.156771 0.00086271 1.11193 -0.00611148 -0.00372951 130.986
1829261 12 0.01 1 32.9 -0.425977 0.188984 4.83267 -0.0614028 0.0284634 130.986
1829564 12 0.01 1 32.9 0.194758 0.213935 0.551382 0.00544846 0.00406014 130.986
1839269 12 0.01 1 32.9 -0.417102 0.419254 2.46204 -0.0315514 0.0338335 130.986
1839312 12 0.01 1 32.9 -0.224719 0.0345181 1.54644 -0.0084064 0.00274632 130.986
1841365 12 0.01 1 32.9 0.428455 0.474614 2.78058 0.0362841 0.0407234 130.986
1841431 12 0.01 1 32.9 -0.310687 -0.287301 1.81402 -0.017277 -0.0129349 130.986
1845165 12 0.01 1 32.9 -0.361752 -0.414582 1.78471 -0.019325 -0.0191427 130.986
1846027 12 0.01 1 32.9 -0.29592 -0.413311 0.554227 -0.003826 -0.00698391 130.986
1847293 12 0.01 1 32.9 -0.219899 -0.123877 3.41559 -0.022639 -0.00945489 130.986
1848635 12 0.01 1 32.9 -0.396326 -0.444065 1.16267 -0.0138878 -0.0155531 130.986
1850022 12 0.01 1 32.9 0.43914 0.266644 5.3672 0.0721954 0.0425575 130.986
1854347 12 0.01 1 32.9 0.238311 0.268473 2.55283 0.0172637 0.0212755 130.986
1858544 12 0.01 1 32.9 -0.348072 0.0760274 1.26044 -0.0137616 0.00578621 130.986
1863932 12 0.01 1 32.9 -0.415567 -0.216448 4.02747 -0.0512457 -0.0246181 130.986
1866453 12 0.01 1 32.9 -0.114237 -0.285367 1.08262 -0.00316553 -0.00808494 130.986
1866904 12 0.01 1 32.9 0.285602 -0.0302871 3.45054 0.0316425 -0.00374533 130.986
1867176 12 0.01 1 32.9 0.105205 -0.12006 3.76565 0.0126839 -0.0129921 130.986
1867245 12 0.01 1 32.9 0.472637 0.127617 2.08412 0.030558 0.0106212 130.986
1867292 12 0.01 1 32.9 0.369317 0.477531 1.67576 0.0182332 0.025588 130.986
1868949 12 0.01 1 32.9 -0.0316379 -0.222313 2.01893 -0.00180759 -0.00980094 130.986
1869106 12 0.01 1 32.9 0.256744 -0.303343 6.34372 0.0514449 -0.0579912 130.986
1869674 12 0.01 1 32.9 -0.295055 0.368053 2.37273 -0.0192587 0.0255447 130.986
1873526 12 0.01 1 32.9 0.102072 -0.36394 3.03302 0.0108381 -0.0349423 130.986
1874505 12 0.01 1 32.9 -0.0183823 0.425938 5.54873 -0.00221555 0.072302 130.986
1876074 12 0.01 1 32.9 -0.0618898 0.188382 1.74199 -0.000687491 0.010288 130.986
1878170 12 0.01 1 32.9 -0.353583 -0.496969 2.47496 -0.0239395 -0.0354928 130.986
1880455 12 0.01 1 32.9 0.0531662 0.151361 1.22136 0.00144112 0.00710727 130.986
1881127 12 0.01 1 32.9 -0.488919 0.135554 1.87694 -0.0267571 0.00937523 130.986
1881193 12 0.01 1 32.9 0.20518 0.210556 2.51672 0.0144675 0.0176912 130.986
1881987 12 0.01 1 32.9 0.314877 0.0269178 1.71165 0.0140086 0.00193347 130.986
1882193 12 0.01 1 32.9 0.296717 -0.190469 2.24472 0.0198357 -0.0118396 130.986
1883037 12 0.01 1 32.9 -0.111129 -0.495522 1.33596 -0.00446497 -0.0189341 130.986
1885579 12 0.01 1 32.9 0.0049879 0.189472 1.05466 -0.000210113 0.00779864 130.986
1887281 12 0.01 1 32.9 -0.301225 -0.382834 8.67255 -0.0800096 -0.100485 130.986
1888347 12 0.01 1 32.9 -0.486736 0.309245 1.56515 -0.0256598 0.0149539 130.986
1888422 12 0.01 1 32.9 0.171012 -0.31514 1.11523 0.0024653 -0.00586286 130.986
1889346 12 0.01 1 32.9 -0.368858 0.0501495 3.81918 -0.040581 0.00660663 130.986
1889367 12 0.01 1 32.9 0.398779 -0.148261 1.28434 0.0135162 -0.00605979 130.986
1890981 12 0.01 1 32.9 -0.401729 -0.0295124 4.80015 -0.0605193 -0.00283969 130.986
1894793 12 0.01 1 32.9 0.166293 -0.462079 1.72125 0.00890467 -0.0253615 130.986
1895769 12 0.01 1 32.9 -0.0877222 -0.0311499 1.59142 -0.00345315 0.0019054 130.986
1897317 12 0.01 1 32.9 -0.342799 0.168685 2.41296 -0.0219488 0.0106425 130.986
1897634 12 0.01 1 32.9 0.0691739 0.194418 3.20468 0.00890161 0.019731 130.986
1898201 12 0.01 1 32.9 -0.413573 -0.262587 9.29064 -0.119506 -0.0727498 130.986
1898538 12 0.01 1 32.9 -0.034187 0.289581 1.04718 -0.00255629 0.00765346 130.986
1902010 12 0.01 1 32.9 0.383749 -0.0756729 1.98364 0.0233909 -0.00570635 130.986
1903274 12 0.01 1 32.9 -0.291823 -0.00801543 1.9446 -0.0172761 0.0023943 130.986
1903342 12 0.01 1 32.9 0.44371 0.0270867 4.86273 0.067569 0.00465771 130.986
1904724 12 0.01 1 32.9 0.0144685 -0.375364 0.589473 -0.000489863 -0.00476051 130.986
1904817 12 0.01 1 32.9 0.394391 -0.447077 2.12947 0.0218751 -0.0286682 130.986
1905523 12 0.01 1 32.9 -0.100271 -0.369392 3.33869 -0.00961665 -0.0365082 130.986
1910349 12 0.01 1 32.9 -0.363451 0.142892 2.48362 -0.0291302 0.00944765 130.986
1911570 12 0.01 1 32.9 -0.191596 0.371509 4.66598 -0.0284515 0.0532222 130.986
1912793 12 0.01 1 32.9 -0.108297 -0.442478 0.934522 -0.00654979 -0.0114682 130.986
1913854 12 0.01 1 32.9 -0.423634 -0.430982 2.78629 -0.0378733 -0.0378569 130.986
1916295 12 0.01 1 32.9 0.0686177 -0.40008 4.62254 0.00957974 -0.0556583 130.986
1917839 12 0.01 1 32.9 -0.16509 0.270192 0.905456 -0.0024063 0.00667275 130.986
1918588 12 0.01 1 32.9 0.299638 0.249157 1.27534 0.0129549 0.0104132 130.986
1920866 12 0.01 1 32.9 -0.0115373 -0.495076 1.73824 -0.00206836 -0.0246611 130.986
1923923 12 0.01 1 32.9 0.00268258 -0.178053 1.97681 -0.000260289 -0.0126972 130.986
1924737 12 0.01 1 32.9 0.348689 0.382703 3.27828 0.0356103 0.0398298 130.986
1924837 12 0.01 1 32.9 0.14132 0.234592 2.36184 0.00896742 0.0184822 130.986
1924996 12 0.01 1 32.9 0.20411 0.189581 1.95709 0.0107335 0.0145648 130.986
1928231 12 0.01 1 32.9 0.0564024 -0.00432984 1.5855 0.0036546 0.00112495 130.986
1933203 12 0.01 1 32.9 0.249808 0.463547 2.7792 0.021311 0.040293 130.986
1934697 12 0.01 1 32.9 -0.0966661 -0.29483 1.92023 -0.00568681 -0.0158543 130.986
1937257 12 0.01 1 32.9 -0.259221 0.38091 1.72199 -0.0131355 0.0226804 130.986
1937943 12 0.01 1 32.9 0.348982 -0.0204252 0.764706 0.0103435 0.00222399 130.986
1940331 12 0.01 1 32.9 -0.138341 -0.146129 1.3555 -0.00462306 -0.0012118 130.986
1940626 12 0.01 1 32.9 -0.492653 0.36297 3.72534 -0.0567216 0.0436614 130.986
1945189 12 0.01 1 32.9 -0.164427 -0.44784 1.02507 -0.00472148 -0.0130923 130.986
1954572 12 0.01 1 32.9 -0.145073 -0.383139 3.1086 -0.0153326 -0.0360462 130.986
1957282 12 0.01 1 32.9 -0.453138 0.162503 6.75183 -0.0913906 0.0337862 130.986
1958043 12 0.01 1 32.9 0.0150475 0.31595 3.43754 0.000440237 0.0337458 130.986
1959904 12 0.01 1 32.9 -0.156995 0.493574 1.71884 -0.00957212 0.0259166 130.986
1961764 12 0.01 1 32.9 -0.117499 -0.143403 2.52966 -0.00889545 -0.00892807 130.986
1963029 12 0.01 1 32.9 0.29164 -0.162142 0.674112 0.00687075 -0.00377247 130.986
1963609 12 0.01 1 32.9 0.376951 -0.252308 1.34862 0.012947 -0.0113454 130.986
1967298 12 0.01 1 32.9 0.262776 0.195603 3.39329 0.0281272 0.0203038 130.986
1967397 12 0.01 1 32.9 -0.440443 0.171607 2.47276 -0.0328592 0.0139381 130.986
1967967 12 0.01 1 32.9 0.177644 0.218036 2.08461 0.0104432 0.0152149 130.986
1968486 12 0.01 1 32.9 0.212751 -0.173437 1.49537 0.0102135 -0.00745549 130.986
1969418 12 0.01 1 32.9 -0.397616 -0.0135712 1.3429 -0.0158668 0.000638735 130.986
1969515 12 0.01 1 32.9 -0.42409 -0.194508 3.90451 -0.0487179 -0.0230372 130.986
1971057 12 0.01 1 32.9 0.123701 0.110281 5.35973 0.0185809 0.0184774 130.986
1976203 12 0.01 1 32.9 -0.195477 -0.128878 1.89986 -0.00830925 -0.00657073 130.986
1977303 12 0.01 1 32.9 -0.459338 0.0757123 1.58397 -0.0204137 0.00528263 130.986
1978400 12 0.01 1 32.9 -0.0544423 0.187633 1.10415 -0.00206508 0.00687499 130.986
1979779 12 0.01 1 32.9 -0.497733 0.00237459 0.538974 -0.00550974 0.00385966 130.986
1980046 12 0.01 1 32.9 0.468698 -0.27323 3.61742 0.0504872 -0.0301865 130.986
1981523 12 0.01 1 32.9 0.220503 -0.26221 5.5773 0.0368198 -0.0434005 130.986
1982723 12 0.01 1 32.9 -0.191004 -0.167231 1.68205 -0.0108197 -0.00714216 130.986
1986776 12 0.01 1 32.9 0.206705 -0.258241 1.71532 0.0118114 -0.0129851 130.986
1988896 12 0.01 1 32.9 0.141497 -0.109082 0.791529 0.00618505 -0.00355237 130.986
1990115 12 0.01 1 32.9 0.126023 0.252677 1.57219 0.00421897 0.0113246 130.986
1990188 12 0.01 1 32.9 0.0678201 -0.478007 1.54095 0.00169275 -0.0181779 130.986
1993484 12 0.01 1 32.9 0.20342 -0.407029 2.8495 0.0180062 -0.0346178 130.986
1994487 12 0.01 1 32.9 0.26524 0.182956 2.45779 0.0183487 0.0161689 130.986
1998014 12 0.01 1 32.9 0.303875 0.316647 0.602556 0.00460821 0.00912048 130.986
505306 12 0.01 1 32.9 -0.286443 -0.25591 1.00017 -0.00741296 -0.0104521 130.809
506486 12 0.01 1 32.9 -0.0330825 0.128701 0.479125 0.00417795 0.00395542 130.809
508688 12 0.01 1 32.9 -0.482934 -0.150992 3.08404 -0.0438297 -0.0134637 130.809
508774 12 0.01 1 32.9 0.409442 -0.1523 0.832718 0.00887003 -0.000351961 130.809
509836 12 0.01 1 32.9 0.383329 -0.337689 1.84045 0.0216599 -0.0179474 130.809
510881 12 0.01 1 32.9 -0.243922 0.0261786 2.40701 -0.0202788 0.00356839 130.809
512661 12 0.01 1 32.9 -0.0662496 0.255149 5.41819 -0.0104036 0.0428158 130.809
512692 12 0.01 1 32.9 -0.198974 0.100768 0.636238 -0.00585819 0.00369948 130.809
513781 12 0.01 1 32.9 -0.312452 -0.00802781 1.75654 -0.016408 -0.000405331 130.809
514792 12 0.01 1 32.9 -0.377835 0.196895 6.65422 -0.0763169 0.0406894 130.809
516832 12 0.01 1 32.9 -0.146713 -0.159473 1.42618 -0.00780897 -0.00580649 130.809
517531 12 0.01 1 32.9 0.133135 -0.384606 2.47248 0.011664 -0.0297383 130.809
523630 12 0.01 1 32.9 -0.377211 0.393485 3.74287 -0.0441213 0.0433419 130.809
526698 12 0.01 1 32.9 -0.387599 -0.398 1.85365 -0.0244723 -0.0228882 130.809
527870 12 0.01 1 32.9 -0.222346 -0.238809 0.968181 -0.00860839 -0.0069023 130.809
535107 12 0.01 1 32.9 -0.065392 -0.471418 1.73841 -0.00591886 -0.0226385 130.809
535472 12 0.01 1 32.9 -0.122145 0.130218 2.08364 -0.00930089 0.00975436 130.809
535990 12 0.01 1 32.9 -0.417648 -0.118956 0.474055 -0.00639008 0.00295927 130.809
538232 12 0.01 1 32.9 -0.444328 -0.234209 2.14688 -0.0280639 -0.0166789 130.809
539770 12 0.01 1 32.9 -0.273727 -0.15149 1.69321 -0.0128925 -0.00568581 130.809
542245 12 0.01 1 32.9 0.370997 0.108227 2.13419 0.0250967 0.00887 130.809
543920 12 0.01 1 32.9 0.23536 -0.266848 0.754787 0.00431286 -0.00289488 130.809
544832 12 0.01 1 32.9 0.0278569 -0.0190564 3.23163 0.00318071 -0.00145027 130.809
546875 12 0.01 1 32.9 -0.248265 -0.018207 3.83085 -0.0298685 -0.00267229 130.809
548510 12 0.01 1 32.9 0.0283972 0.0754406 1.84543 0.00278071 0.00283995 130.809
549098 12 0.01 1 32.9 0.351251 -0.454037 1.42335 0.0165728 -0.0191613 130.809
550225 12 0.01 1 32.9 -0.170721 -0.189917 2.40924 -0.0141278 -0.015162 130.809
551081 12 0.01 1 32.9 0.138529 -0.0209525 3.06302 0.0113659 0.00103396 130.809
551894 12 0.01 1 32.9 0.312625 0.31019 2.10744 0.0173307 0.0196792 130.809
552839 12 0.01 1 32.9 -0.0998497 -0.136287 2.68212 -0.00853021 -0.00819526 130.809
554483 12 0.01 1 32.9 -0.385907 -0.441099 3.40491 -0.0398203 -0.0441237 130.809
557131 12 0.01 1 32.9 0.139492 0.487924 0.625447 0.00361181 0.00826036 130.809
562018 12 0.01 1 32.9 -0.360615 0.345814 1.56714 -0.0172914 0.0170618 130.809
562950 12 0.01 1 32.9 0.0771684 0.139526 5.71543 0.0111893 0.0266359 130.809
564586 12 0.01 1 32.9 0.373349 -0.324456 2.11956 0.0233785 -0.0197297 130.809
565068 12 0.01 1 32.9 -0.226424 0.344501 0.789126 -0.0068759 0.00981579 130.809
567968 12 0.01 1 32.9 -0.341565 0.102544 4.60633 -0.0478341 0.013826 130.809
568590 12 0.01 1 32.9 0.0965816 0.36346 4.15866 0.0159298 0.0459631 130.809
568923 12 0.01 1 32.9 0.0639137 -0.169934 2.03601 0.00678412 -0.00803909 130.809
569318 12 0.01 1 32.9 0.289887 0.157498 2.47042 0.0221012 0.0136153 130.809
570909 12 0.01 1 32.9 0.304488 0.438167 2.30184 0.0207552 0.0314627 130.809
576123 12 0.01 1 32.9 -0.30819 0.350882 1.22076 -0.0137251 0.0131411 130.809
577600 12 0.01 1 32.9 0.482318 0.0812943 3.63292 0.0547361 0.00876476 130.809
577789 12 0.01 1 32.9 -0.00770287 -0.205857 1.88477 -0.00187209 -0.0104731 130.809
578960 12 0.01 1 32.9 0.158544 -0.199628 1.70829 0.00955344 -0.00976586 130.809
580570 12 0.01 1 32.9 -0.48767 0.332014 2.99111 -0.0436073 0.0307158 130.809
582347 12 0.01 1 32.9 -0.267953 -0.209428 2.69964 -0.0203981 -0.0172431 130.809
584964 12 0.01 1 32.9 0.201507 0.362141 4.66892 0.0295355 0.0525548 130.809
585497 12 0.01 1 32.9 -0.416082 -0.104761 1.70867 -0.0209966 -0.00684948 130.809
587350 12 0.01 1 32.9 0.312336 -0.436873 1.78276 0.0156869 -0.0250448 130.809
588147 12 0.01 1 32.9 -0.142215 -0.107597 2.95606 -0.0127856 -0.00810194 130.809
590529 12 0.01 1 32.9 -0.268451 0.0472024 0.757555 -0.00312273 0.0022154 130.809
591352 12 0.01 1 32.9 -0.120485 0.330881 1.32111 -0.00676213 0.015229 130.809
592303 12 0.01 1 32.9 0.475721 -0.235127 2.15158 0.0314858 -0.0163941 130.809
593585 12 0.01 1 32.9 0.324321 -0.239207 1.88559 0.0170764 -0.0128371 130.809
596694 12 0.01 1 32.9 -0.466486 0.48544 3.66574 -0.0517306 0.0541488 130.809
597076 12 0.01 1 32.9 -0.108734 -0.190523 2.1261 -0.00622742 -0.0101497 130.809
599514 12 0.01 1 32.9 0.182994 0.0902287 4.67336 0.0247139 0.014032 130.809
600552 12 0.01 1 32.9 0.420221 0.166195 5.08374 0.0666636 0.0250493 130.809
611043 12 0.01 1 32.9 0.32792 -0.0041292 2.31898 0.0225201 0.00215767 130.809
611669 12 0.01 1 32.9 -0.164891 -0.472591 3.01326 -0.0146032 -0.0439947 130.809
615378 12 0.01 1 32.9 0.133541 0.37657 4.21648 0.0164627 0.048251 130.809
616443 12 0.01 1 32.9 -0.306296 0.159127 5.26831 -0.0470616 0.0239277 130.809
617009 12 0.01 1 32.9 -0.448907 -0.00308289 2.37396 -0.0334346 -2.41913e-05 130.809
621146 12 0.01 1 32.9 0.242331 -0.480918 1.50614 0.0069596 -0.0235464 130.809
621368 12 0.01 1 32.9 -0.120613 -0.017072 1.83077 -0.00803315 -0.0011131 130.809
622678 12 0.01 1 32.9 -0.0727026 -0.431842 0.953957 0.00148516 -0.0123294 130.809
623584 12 0.01 1 32.9 -0.493602 0.0550039 1.72154 -0.0249638 0.00253369 130.809
625031 12 0.01 1 32.9 -0.158463 -0.0314633 2.177 -0.0142352 -0.00326802 130.809
625187 12 0.01 1 32.9 0.224068 -0.165296 1.12286 0.00638842 -0.00508273 130.809
627392 12 0.01 1 32.9 0.0496228 0.0705024 2.2407 0.00159655 0.00662025 130.809
633566 12 0.01 1 32.9 -0.482236 -0.00937262 1.39591 -0.0214033 0.00244689 130.809
635743 12 0.01 1 32.9 -0.276258 0.358597 3.68648 -0.032496 0.0384295 130.809
638295 12 0.01 1 32.9 -0.348987 -0.000120056 2.23518 -0.0256037 0.00148312 130.809
641435 12 0.01 1 32.9 -0.226927 -0.200118 1.68023 -0.0113535 -0.00956786 130.809
642792 12 0.01 1 32.9 -0.0125987 -0.269499 4.96355 -0.00170258 -0.0382842 130.809
643886 12 0.01 1 32.9 -0.249676 0.293205 1.4374 -0.0107484 0.0137144 130.809
646938 12 0.01 1 32.9 0.344147 0.181124 4.06676 0.0403764 0.0229429 130.809
647040 12 0.01 1 32.9 -0.14628 0.265325 1.34077 -0.0052821 0.0119416 130.809
648142 12 0.01 1 32.9 0.136738 0.489416 2.15446 0.00759139 0.0338925 130.809
648478 12 0.01 1 32.9 0.00978378 -0.356219 1.32685 0.000298777 -0.0149751 130.809
653831 12 0.01 1 32.9 -0.207578 -0.196224 2.3575 -0.0126182 -0.0140312 130.809
657402 12 0.01 1 32.9 -0.362354 -0.208212 2.23789 -0.0234335 -0.0142076 130.809
657559 12 0.01 1 32.9 0.470123 0.221847 4.178 0.0583413 0.028131 130.809
657672 12 0.01 1 32.9 0.251245 -0.295278 2.27828 0.0169783 -0.0188076 130.809
658956 12 0.01 1 32.9 -0.471763 -0.282776 1.70331 -0.024313 -0.0134107 130.809
661458 12 0.01 1 32.9 0.0414245 -0.273263 1.40365 0.000608606 -0.012256 130.809
664953 12 0.01 1 32.9 0.162017 -0.01672 5.82197 0.030785 -0.000595604 130.809
665249 12 0.01 1 32.9 0.197914 -0.118806 3.0385 0.0186697 -0.0115147 130.809
666508 12 0.01 1 32.9 0.391351 0.43117 1.3407 0.0160057 0.016188 130.809
667279 12 0.01 1 32.9 0.00546155 -0.189184 2.34271 0.000981998 -0.0135245 130.809
668790 12 0.01 1 32.9 0.152494 -0.39183 1.24112 0.00572894 -0.0140993 130.809
669555 12 0.01 1 32.9 0.200989 -0.43704 1.71528 0.00885018 -0.0215949 130.809
670384 12 0.01 1 32.9 0.441057 0.200498 2.63996 0.0344191 0.0153513 130.809
676399 12 0.01 1 32.9 -0.137701 0.137175 1.82438 -0.00583675 0.0083151 130.809
677697 12 0.01 1 32.9 -0.0603518 0.375381 5.69212 -0.0116818 0.0665767 130.809
677901 12 0.01 1 32.9 -0.20743 -0.337759 3.06968 -0.0179128 -0.0296609 130.809
678545 12 0.01 1 32.9 0.380036 -0.0548386 1.59676 0.01852 -0.002552 130.809
681508 12 0.01 1 32.9 0.363096 -0.0422006 3.94216 0.0445763 -0.00580976 130.809
681764 12 0.01 1 32.9 0.22351 -0.329829 1.75154 0.00852564 -0.0189223 130.809
681961 12 0.01 1 32.9 0.291786 0.423938 1.87467 0.0169263 0.0258235 130.809
683425 12 0.01 1 32.9 0.292534 -0.0701545 3.61744 0.0336615 -0.0101389 130.809
683688 12 0.01 1 32.9 0.140182 -0.461417 2.48011 0.00854233 -0.0336715 130.809
684854 12 0.01 1 32.9 -0.465485 -0.215046 3.83711 -0.0526687 -0.0241119 130.809
685815 12 0.01 1 32.9 0.471465 0.395638 2.19288 0.0304097 0.0277372 130.809
688946 12 0.01 1 32.9 -0.388125 0.322144 3.88006 -0.0455195 0.0380324 130.809
689520 12 0.01 1 32.9 0.193271 0.23046 2.32443 0.0105869 0.0174854 130.809
696589 12 0.01 1 32.9 -0.190891 0.199305 3.00956 -0.0172632 0.0211167 130.809
697127 12 0.01 1 32.9 0.160079 0.255534 5.98654 0.0293727 0.0452146 130.809
697884 12 0.01 1 32.9 -0.115744 -0.374584 1.96937 -0.00680157 -0.0233278 130.809
698726 12 0.01 1 32.9 -0.208302 0.3623 1.55698 -0.0102857 0.016172 130.809
702077 12 0.01 1 32.9 -0.0905302 0.320474 2.04442 -0.00428045 0.0190861 130.809
702966 12 0.01 1 32.9 -0.10013 -0.391105 1.58757 -0.00409551 -0.0188836 130.809
703451 12 0.01 1 32.9 0.297385 0.0813111 2.35314 0.0217153 0.00680802 130.809
703931 12 0.01 1 32.9 -0.0829947 0.174774 1.66294 -0.00497636 0.0115249 130.809
705601 12 0.01 1 32.9 -0.453598 -0.299377 0.90374 -0.0102823 -0.00832672 130.809
708233 12 0.01 1 32.9 0.313188 -0.192129 2.12447 0.0221397 -0.0121595 130.809
710795 12 0.01 1 32.9 -0.163437 -0.0175119 2.12864 -0.010967 1.2277e-05 130.809
711980 12 0.01 1 32.9 -0.166216 -0.105199 2.9407 -0.0132176 -0.00650795 130.809
713296 12 0.01 1 32.9 -0.458731 0.19764 1.6509 -0.023497 0.0116787 130.809
716488 12 0.01 1 32.9 -0.0856755 0.144664 4.80177 -0.0112756 0.0214011 130.809
716947 12 0.01 1 32.9 -0.400124 0.149498 1.27567 -0.0150036 0.00787506 130.809
717744 12 0.01 1 32.9 -0.180902 -0.453138 1.52543 -0.00753434 -0.0204398 130.809
717756 12 0.01 1 32.9 -0.272261 0.0977755 4.5159 -0.0362918 0.014872 130.809
723341 12 0.01 1 32.9 0.428899 -0.370645 1.16033 0.0176801 -0.0181854 130.809
724051 12 0.01 1 32.9 0.141828 0.120368 1.76434 0.00920219 0.00791561 130.809
725590 12 0.01 1 32.9 -0.0486891 -0.47071 4.46978 -0.00712007 -0.0629262 130.809
726243 12 0.01 1 32.9 0.200145 0.222542 2.0472 0.0129273 0.0138005 130.809
727299 12 0.01 1 32.9 0.392355 -0.0527694 1.23346 0.0185465 -0.000167749 130.809
728410 12 0.01 1 32.9 -0.460601 -0.377225 5.32676 -0.0760447 -0.0597153 130.809
732011 12 0.01 1 32.9 0.150717 0.146722 2.01482 0.00789166 0.00743958 130.809
733392 12 0.01 1 32.9 -0.234838 -0.0387401 0.940779 -0.00577523 -0.0019723 130.809
733680 12 0.01 1 32.9 -0.344473 0.344639 1.52153 -0.0172929 0.016307 130.809
735041 12 0.01 1 32.9 -0.206838 -0.00188835 1.45981 -0.010445 -0.00116895 130.809
736385 12 0.01 1 32.9 -0.216131 0.258991 4.76789 -0.0322129 0.0390626 130.809
736636 12 0.01 1 32.9 -0.485371 -0.435755 3.29101 -0.0482171 -0.0449433 130.809
736926 12 0.01 1 32.9 -0.0930564 -0.444853 3.61109 -0.0108544 -0.0475708 130.809
741301 12 0.01 1 32.9 -0.0514175 -0.408973 2.86776 -0.00370501 -0.0363281 130.809
748118 12 0.01 1 32.9 0.418023 0.387198 3.39466 0.0406914 0.0419331 130.809
749040 12 0.01 1 32.9 0.42486 -0.389213 2.76406 0.0344087 -0.031605 130.809
750189 12 0.01 1 32.9 0.0647491 0.296179 5.76415 0.010218 0.0538555 130.809
751232 12 0.01 1 32.9 0.137604 0.332833 2.69417 0.00991943 0.0279062 130.809
751938 12 0.01 1 32.9 -0.291257 -0.402193 3.50137 -0.0294983 -0.0432581 130.809
755853 12 0.01 1 32.9 -0.452039 -0.281781 0.983704 -0.0142698 -0.0100994 130.809
758124 12 0.01 1 32.9 -0.116791 -0.432307 18.7884 -0.0669143 -0.245346 130.809
759371 12 0.01 1 32.9 0.231111 -0.438974 3.27145 0.0245976 -0.0434828 130.809
759909 12 0.01 1 32.9 -0.32266 0.275195 1.5643 -0.0144841 0.0145925 130.809
760719 12 0.01 1 32.9 -0.466574 -0.243595 2.87825 -0.0384916 -0.0198214 130.809
762192 12 0.01 1 32.9 0.383306 0.198893 2.0566 0.023177 0.0151889 130.809
762681 12 0.01 1 32.9 -0.270782 0.459735 2.15112 -0.0160248 0.0316265 130.809
763680 12 0.01 1 32.9 0.0885593 0.106941 3.29308 0.00935473 0.0122643 130.809
765890 12 0.01 1 32.9 -0.229128 -0.486785 2.04806 -0.0144722 -0.0281357 130.809
767979 12 0.01 1 32.9 -0.23699 -0.382598 1.34982 -0.0105001 -0.0120583 130.809
768337 12 0.01 1 32.9 0.106896 -0.386044 1.20862 0.00542202 -0.0137989 130.809
769040 12 0.01 1 32.9 -0.357645 0.146926 2.16064 -0.0248182 0.0109943 130.809
769575 12 0.01 1 32.9 0.353134 -0.472812 2.94025 0.0316751 -0.0419991 130.809
771156 12 0.01 1 32.9 -0.305807 0.00779599 2.61777 -0.0259836 0.000386733 130.809
771673 12 0.01 1 32.9 -0.119886 0.185541 4.33405 -0.015983 0.0243146 130.809
773370 12 0.01 1 32.9 -0.0254639 -0.354666 7.369 -0.00646362 -0.0794367 130.809
773484 12 0.01 1 32.9 0.384868 -0.214441 4.66552 0.0547689 -0.0271738 130.809
777419 12 0.01 1 32.9 0.185074 0.457798 0.479194 0.00659038 0.00984848 130.809
778309 12 0.01 1 32.9 -0.0205567 -0.477064 1.4147 -0.00132519 -0.0229773 130.809
779100 12 0.01 1 32.9 0.178227 -0.460704 1.97981 0.0118492 -0.0274377 130.809
779544 12 0.01 1 32.9 -0.00453099 -0.46649 1.54263 -0.00120137 -0.0221527 130.809
779780 12 0.01 1 32.9 0.161548 0.398371 2.16965 0.0103663 0.0253352 130.809
780057 12 0.01 1 32.9 0.397785 -0.256672 2.56089 0.0318821 -0.0202313 130.809
783632 12 0.01 1 32.9 0.327288 -0.360135 1.79543 0.0184035 -0.0228348 130.809
784133 12 0.01 1 32.9 -0.480014 0.475205 2.58617 -0.0380104 0.0401393 130.809
784302 12 0.01 1 32.9 -0.144357 -0.301422 2.78488 -0.01256 -0.0221293 130.809
785176 12 0.01 1 32.9 0.183268 0.241286 1.41112 0.00841125 0.0100162 130.809
786517 12 0.01 1 32.9 -0.350721 -0.453088 2.44512 -0.0266355 -0.0347296 130.809
790108 12 0.01 1 32.9 -0.167129 -0.496208 2.94022 -0.0147428 -0.0432843 130.809
795452 12 0.01 1 32.9 0.363409 0.0019126 1.51936 0.0173699 -0.00140717 130.809
795710 12 0.01 1 32.9 -0.238255 0.300948 2.12439 -0.0160502 0.0187467 130.809
795792 12 0.01 1 32.9 -0.402519 -0.0678302 1.34352 -0.0182922 -0.00255382 130.809
796670 12 0.01 1 32.9 0.273387 -0.125571 6.62332 0.0528122 -0.0239226 130.809
799239 12 0.01 1 32.9 -0.32322 -0.258039 1.18601 -0.0120753 -0.00874641 130.809
799428 12 0.01 1 32.9 0.153028 -0.359697 2.70674 0.0126215 -0.0274842 130.809
799537 12 0.01 1 32.9 -0.233153 0.375426 0.869106 -0.00703954 0.0058956 130.809
799884 12 0.01 1 32.9 -0.129943 -0.389461 2.10395 -0.00857137 -0.0244486 130.809
801716 12 0.01 1 32.9 0.471174 -0.136224 4.72351 0.0666871 -0.0192955 130.809
803380 12 0.01 1 32.9 -0.00186918 0.0832459 4.51693 -0.00180568 0.0104087 130.809
806222 12 0.01 1 32.9 -0.391159 -0.370251 3.50664 -0.0401769 -0.0388079 130.809
806848 12 0.01 1 32.9 -0.430943 0.170693 1.95641 -0.0269143 0.0103323 130.809
811357 12 0.01 1 32.9 0.26833 0.245275 7.54088 0.0632145 0.0571626 130.809
814657 12 0.01 1 32.9 0.155088 0.321071 1.78169 0.00796054 0.0174302 130.809
815412 12 0.01 1 32.9 -0.0389498 0.21643 2.74566 -0.00522379 0.0181822 130.809
815950 12 0.01 1 32.9 -0.459053 0.213752 3.17505 -0.0451004 0.0223993 130.809
816798 12 0.01 1 32.9 0.00394573 0.276069 2.91565 0.000619305 0.0230465 130.809
821893 12 0.01 1 32.9 0.000264164 -0.168445 2.73233 0.00233463 -0.012473 130.809
822180 12 0.01 1 32.9 0.0262265 -0.484559 1.08526 -0.00111794 -0.0197714 130.809
822859 12 0.01 1 32.9 0.132582 0.0263683 5.07017 0.0186742 0.0050767 130.809
822896 12 0.01 1 32.9 0.0160873 -0.132235 1.16846 0.00162531 -0.00426328 130.809
823081 12 0.01 1 32.9 0.0194365 -0.23722 1.5188 0.00284888 -0.00891244 130.809
825147 12 0.01 1 32.9 -0.103368 -0.0318286 0.904349 -0.0044306 0.000816996 130.809
825624 12 0.01 1 32.9 0.330554 -0.46101 0.665381 0.00533992 -0.0108345 130.809
826465 12 0.01 1 32.9 -0.165762 0.240701 2.25367 -0.011251 0.0170963 130.809
834237 12 0.01 1 32.9 0.21294 -0.300519 0.9076 0.009582 -0.00729569 130.809
835699 12 0.01 1 32.9 -0.0964453 0.399461 2.92637 -0.00699145 0.0378796 130.809
838930 12 0.01 1 32.9 0.432031 0.404796 3.88716 0.0493967 0.0498706 130.809
840055 12 0.01 1 32.9 -0.261494 -0.370562 4.20265 -0.0296867 -0.0447234 130.809
842580 12 0.01 1 32.9 0.2316 0.0964797 0.740925 0.00344971 0.00379662 130.809
843850 12 0.01 1 32.9 0.366566 0.352441 2.82289 0.0303656 0.0300851 130.809
844041 12 0.01 1 32.9 0.0293861 -0.0871198 2.05228 0.00123858 -0.00424775 130.809
844696 12 0.01 1 32.9 -0.337303 0.051904 2.32741 -0.0263803 0.00597446 130.809
846476 12 0.01 1 32.9 -0.43456 0.435419 2.15903 -0.0299694 0.0319366 130.809
847859 12 0.01 1 32.9 -0.0993606 0.273082 1.17257 -0.00339352 0.0129412 130.809
848238 12 0.01 1 32.9 0.371854 -0.463785 1.17145 0.0121958 -0.018101 130.809
848980 12 0.01 1 32.9 -0.149275 0.128412 9.46847 -0.0452974 0.0367884 130.809
849185 12 0.01 1 32.9 -0.439568 0.237228 2.45511 -0.0343568 0.0182402 130.809
850686 12 0.01 1 32.9 0.0834064 0.496097 2.24528 0.00445234 0.0352833 130.809
851965 12 0.01 1 32.9 -0.354199 -0.0700747 3.4419 -0.0401305 -0.00684023 130.809
852245 12 0.01 1 32.9 0.185701 -0.376091 3.9652 0.0236278 -0.0460211 130.809
856460 12 0.01 1 32.9 0.0768436 -0.254044 1.7408 0.00717581 -0.0124902 130.809
856570 12 0.01 1 32.9 0.269247 -0.253256 3.76875 0.0310678 -0.0265934 130.809
858165 12 0.01 1 32.9 0.268553 -0.298816 3.12898 0.0274487 -0.0261947 130.809
858605 12 0.01 1 32.9 0.469658 -0.0261953 4.46359 0.0633514 -0.00328705 130.809
858655 12 0.01 1 32.9 -0.15791 -0.199425 3.87745 -0.0194509 -0.0244141 130.809
859081 12 0.01 1 32.9 0.185364 -0.233808 0.521988 0.00277447 -0.00742324 130.809
860097 12 0.01 1 32.9 -0.178337 -0.0472812 1.06757 -0.0064013 -0.00474184 130.809
860697 12 0.01 1 32.9 -0.302426 0.0527234 2.23577 -0.0202986 0.00365795 130.809
861836 12 0.01 1 32.9 0.382622 -0.158841 2.94559 0.0353447 -0.0138635 130.809
863867 12 0.01 1 32.9 -0.246765 -0.462253 2.45128 -0.0174782 -0.0339506 130.809
864589 12 0.01 1 32.9 0.0968557 -0.147448 4.26514 0.012861 -0.0186331 130.809
866630 12 0.01 1 32.9 -0.164231 -0.335477 3.84764 -0.0178225 -0.0357907 130.809
868422 12 0.01 1 32.9 -0.0388944 -0.324503 3.10096 -0.00277089 -0.0307527 130.809
868443 12 0.01 1 32.9 -0.270192 0.242408 2.37965 -0.0191511 0.0177477 130.809
869463 12 0.01 1 32.9 -0.438631 -0.385283 1.22008 -0.0161304 -0.0166658 130.809
874314 12 0.01 1 32.9 0.219831 -0.113508 1.98473 0.0143699 -0.00699272 130.809
879069 12 0.01 1 32.9 0.381198 -0.443094 1.06545 0.0134975 -0.0146763 130.809
882015 12 0.01 1 32.9 0.332409 -0.430328 2.37707 0.0247034 -0.0317178 130.809
884254 12 0.01 1 32.9 0.110613 -0.408772 6.82641 0.0230306 -0.0850117 130.809
884334 12 0.01 1 32.9 0.318364 0.150577 2.75902 0.0285108 0.0113385 130.809
884782 12 0.01 1 32.9 0.038878 0.00226866 4.98128 0.00572025 -0.000589566 130.809
886098 12 0.01 1 32.9 -0.24243 -0.142949 2.23556 -0.0174227 -0.00689767 130.809
886918 12 0.01 1 32.9 -0.138667 -0.0847703 1.2381 -0.00707247 -0.00289604 130.809
890604 12 0.01 1 32.9 0.0560057 -0.0528057 2.77603 0.00567743 -0.00226817 130.809
895746 12 0.01 1 32.9 0.0133322 0.00973595 1.98209 -0.000362321 0.00279769 130.809
897676 12 0.01 1 32.9 0.304854 -0.288335 1.33453 0.0121835 -0.0107535 130.809
898985 12 0.01 1 32.9 0.373392 0.0253161 0.682307 0.00636765 0.000928539 130.809
899761 12 0.01 1 32.9 0.336281 -0.167126 3.62082 0.037614 -0.017195 130.809
900839 12 0.01 1 32.9 0.36868 0.357103 3.41127 0.0388158 0.0387392 130.809
901331 12 0.01 1 32.9 -0.0508543 0.397939 1.79253 -0.00293879 0.0243157 130.809
906788 12 0.01 1 32.9 -0.186255 0.193516 1.77155 -0.00855157 0.0113683 130.809
907537 12 0.01 1 32.9 0.00979346 -0.0198562 3.73787 0.00107263 -0.00299989 130.809
909072 12 0.01 1 32.9 0.175977 -0.171863 2.77062 0.0158843 -0.0135454 130.809
910285 12 0.01 1 32.9 0.46756 0.110294 2.08499 0.0279905 0.00730573 130.809
923620 12 0.01 1 32.9 0.497534 -0.397743 2.3643 0.0360469 -0.026494 130.809
928716 12 0.01 1 32.9 0.343986 -0.209195 2.76076 0.0259713 -0.014545 130.809
930403 12 0.01 1 32.9 0.180475 0.00484222 0.307874 0.0114803 0.00144087 130.809
936127 12 0.01 1 32.9 0.358149 -0.0940084 2.0899 0.0242547 -0.00715807 130.809
936616 12 0.01 1 32.9 0.148281 -0.481791 2.41568 0.0106624 -0.0373271 130.809
945011 12 0.01 1 32.9 0.390978 -0.297012 1.0959 0.0118271 -0.00794177 130.809
945216 12 0.01 1 32.9 -0.362863 -0.266386 3.27337 -0.0357205 -0.0277452 130.809
947916 12 0.01 1 32.9 -0.349746 -0.236483 2.42266 -0.0262171 -0.0161872 130.809
948443 12 0.01 1 32.9 -0.27686 -0.426637 0.948156 -0.00821016 -0.0119981 130.809
958791 12 0.01 1 32.9 -0.110278 -0.256701 1.23567 -0.00433025 -0.00835102 130.809
960688 12 0.01 1 32.9 -0.215164 -0.441276 2.59293 -0.0176036 -0.0363188 130.809
964001 12 0.01 1 32.9 -0.296543 -0.184928 4.5652 -0.0410195 -0.0261414 130.809
966999 12 0.01 1 32.9 0.437749 -0.383255 2.80885 0.0355368 -0.0368157 130.809
967045 12 0.01 1 32.9 -0.438482 0.138085 4.10305 -0.0542919 0.0164183 130.809
967077 12 0.01 1 32.9 0.2023 0.148605 2.62904 0.0140103 0.0101808 130.809
967403 12 0.01 1 32.9 -0.198442 -0.368066 3.00703 -0.0184155 -0.0324793 130.809
967811 12 0.01 1 32.9 -0.46056 -0.090166 1.15161 -0.0145433 -0.00272593 130.809
967819 12 0.01 1 32.9 0.18105 0.49253 2.94395 0.0173401 0.0462568 130.809
971592 12 0.01 1 32.9 -0.332452 0.0293419 1.26999 -0.0108119 0.000223317 130.809
973016 12 0.01 1 32.9 0.287087 -0.462048 1.80519 0.0167793 -0.0270583 130.809
973091 12 0.01 1 32.9 0.311086 -0.0509287 2.69629 0.0250195 -0.00258727 130.809
973632 12 0.01 1 32.9 -0.168633 0.174605 1.32523 -0.00872716 0.0094636 130.809
974117 12 0.01 1 32.9 0.0818863 0.294026 1.53859 0.00384949 0.0137812 130.809
974274 12 0.01 1 32.9 0.0244744 -0.212904 0.609339 0.000460221 -0.00339118 130.809
975422 12 0.01 1 32.9 -0.388177 0.466424 3.19118 -0.0366399 0.0457559 130.809
976419 12 0.01 1 32.9 0.40865 -0.0525549 7.55382 0.0930075 -0.0125214 130.809
977296 12 0.01 1 32.9 -0.34276 0.0397583 2.23447 -0.0236084 0.00313811 130.809
979981 12 0.01 1 32.9 -0.236604 0.137939 6.19403 -0.045321 0.0277833 130.809
980897 12 0.01 1 32.9 -0.188141 0.092251 2.0721 -0.0116392 0.0070119 130.809
982636 12 0.01 1 32.9 -0.396632 -0.200074 1.20494 -0.0144899 -0.00956416 130.809
983217 12 0.01 1 32.9 0.0781241 0.31711 2.68538 0.00605719 0.0272817 130.809
984132 12 0.01 1 32.9 0.383533 0.205243 2.07739 0.022766 0.0146012 130.809
984846 12 0.01 1 32.9 -0.390977 0.193976 2.54005 -0.0337766 0.0160174 130.809
986145 12 0.01 1 32.9 0.0506267 -0.459232 2.41769 0.00307439 -0.0336026 130.809
986583 12 0.01 1 32.9 0.0280302 0.307639 1.3875 0.00061712 0.0112923 130.809
988418 12 0.01 1 32.9 -0.267382 0.480368 3.17563 -0.0245185 0.0465311 130.809
988749 12 0.01 1 32.9 0.189901 -0.406114 2.297 0.0141257 -0.028193 130.809
989472 12 0.01 1 32.9 -0.164827 0.0932125 2.58725 -0.013232 0.00809537 130.809
989886 12 0.01 1 32.9 0.316131 0.0577492 0.876209 0.00849789 -0.000541399 130.809
990120 12 0.01 1 32.9 0.442122 -0.349404 4.46608 0.0587213 -0.0485048 130.809
991068 12 0.01 1 32.9 -0.430732 -0.18632 2.20689 -0.0288878 -0.0117511 130.809
991678 12 0.01 1 32.9 -0.205331 -0.00237775 4.26907 -0.0273407 0.000268471 130.809
992903 12 0.01 1 32.9 0.040404 0.191665 0.645651 3.58665e-05 0.00315686 130.809
994411 12 0.01 1 32.9 -0.0737436 -0.0439857 0.387475 0.00289136 -0.0032316 130.809
994533 12 0.01 1 32.9 -0.0861955 -0.172813 2.58362 -0.0084055 -0.0120707 130.809
994945 12 0.01 1 32.9 0.41208 0.119847 2.83976 0.0353748 0.0107031 130.809
995548 12 0.01 1 32.9 -0.284009 0.143712 3.71792 -0.0325218 0.0155778 130.809
997048 12 0.01 1 32.9 0.423076 0.28744 3.4642 0.0424511 0.0316097 130.809
997829 12 0.01 1 32.9 0.0124496 -0.230148 0.991933 0.000996105 -0.00826823 130.809
998917 12 0.01 1 32.9 -0.108693 0.231851 4.61534 -0.01686 0.0324093 130.809
3462 12 0.01 1 32.9 0.124458 0.464493 1.57449 0.00352805 0.0230371 130.576
6231 12 0.01 1 32.9 0.245563 -0.124367 2.06066 0.0138003 -0.00983418 130.576
7347 12 0.01 1 32.9 -0.0160806 0.172964 3.41692 -0.00279284 0.018351 130.576
12949 12 0.01 1 32.9 0.480069 0.36202 5.08543 0.0718656 0.056708 130.576
13311 12 0.01 1 32.9 0.341555 -0.238852 2.33574 0.0272015 -0.0145323 130.576
14541 12 0.01 1 32.9 0.0819882 -0.223155 1.21214 0.00110819 -0.00569832 130.576
15110 12 0.01 1 32.9 0.310057 0.152014 2.48607 0.0242759 0.0135591 130.576
17104 12 0.01 1 32.9 -0.319716 -0.389043 5.26208 -0.0514366 -0.0625509 130.576
17207 12 0.01 1 32.9 0.259022 0.451457 1.49408 0.0103506 0.0222456 130.576
17311 12 0.01 1 32.9 -0.0470014 0.108367 2.48999 -0.00486213 0.00997606 130.576
18940 12 0.01 1 32.9 0.0325672 -0.461401 3.49613 0.00460219 -0.0496461 130.576
19311 12 0.01 1 32.9 0.374789 0.0362522 2.04495 0.0237607 0.00252072 130.576
22952 12 0.01 1 32.9 0.242382 0.434157 2.41964 0.018182 0.0318511 130.576
26063 12 0.01 1 32.9 -0.193276 0.347893 1.94348 -0.0110497 0.0187267 130.576
26751 12 0.01 1 32.9 0.156918 0.45043 3.29289 0.0154195 0.0440401 130.576
31583 12 0.01 1 32.9 0.263455 -0.190334 0.61475 0.00409636 -0.00193834 130.576
32684 12 0.01 1 32.9 0.0465626 -0.267871 2.6786 0.00226238 -0.0226313 130.576
36442 12 0.01 1 32.9 0.413563 -0.274866 1.08418 0.0100634 -0.00607512 130.576
38919 12 0.01 1 32.9 0.0538557 0.0317262 5.61368 0.00911251 0.00616292 130.576
42297 12 0.01 1 32.9 0.191372 -0.202415 0.797714 0.00375115 -0.00283563 130.576
44087 12 0.01 1 32.9 0.107367 -0.461948 4.51402 0.01492 -0.0642129 130.576
44491 12 0.01 1 32.9 -0.229409 -0.419089 3.94514 -0.0259748 -0.0509254 130.576
45051 12 0.01 1 32.9 -0.36744 -0.145155 1.8539 -0.0222319 -0.0106637 130.576
45887 12 0.01 1 32.9 -0.224478 0.470697 4.34014 -0.028296 0.0614288 130.576
47882 12 0.01 1 32.9 -0.224289 0.212384 1.78858 -0.0113585 0.0109757 130.576
48863 12 0.01 1 32.9 -0.286563 -0.313985 1.9176 -0.0155602 -0.0188622 130.576
50888 12 0.01 1 32.9 0.0178149 0.405394 2.63471 -0.000528524 0.0315082 130.576
55774 12 0.01 1 32.9 0.281786 -0.166698 3.53121 0.0304977 -0.0177154 130.576
55816 12 0.01 1 32.9 -0.489314 0.38336 2.08263 -0.03041 0.023838 130.576
58362 12 0.01 1 32.9 0.180552 -0.184737 2.39559 0.0142407 -0.0120293 130.576
59270 12 0.01 1 32.9 -0.36099 0.364559 4.19514 -0.0468312 0.0486513 130.576
60910 12 0.01 1 32.9 -0.134285 -0.0392736 1.75541 -0.0061557 -0.000319973 130.576
61383 12 0.01 1 32.9 0.27998 -0.325351 2.3315 0.02147 -0.0190034 130.576
62296 12 0.01 1 32.9 -0.0573225 -0.151204 1.8558 -0.0039255 -0.00913261 130.576
62753 12 0.01 1 32.9 -0.329246 -0.494042 3.12337 -0.0319644 -0.0476659 130.576
65934 12 0.01 1 32.9 0.319619 -0.0523113 1.17888 0.00926811 2.59181e-05 130.576
66502 12 0.01 1 32.9 0.294533 -0.203024 2.35429 0.0193825 -0.0130997 130.576
69419 12 0.01 1 32.9 0.493407 -0.495271 0.645991 0.0101796 -0.00935032 130.576
72899 12 0.01 1 32.9 0.434269 -0.463684 2.08547 0.0301952 -0.0277689 130.576
74055 12 0.01 1 32.9 -0.366767 -0.238475 0.541384 -0.00141981 -0.00778453 130.576
74600 12 0.01 1 32.9 -0.390912 -0.0516301 2.12565 -0.0262201 -0.00450787 130.576
77140 12 0.01 1 32.9 -0.0489573 -0.132692 2.05038 -0.00423337 -0.00849969 130.576
77160 12 0.01 1 32.9 -0.447343 -0.291994 1.01419 -0.0140922 -0.0083891 130.576
79582 12 0.01 1 32.9 -0.0487183 0.0783693 2.20472 -0.00325842 0.00568656 130.576
83751 12 0.01 1 32.9 -0.35739 -0.319723 1.92033 -0.020559 -0.0184608 130.576
84066 12 0.01 1 32.9 -0.1814 0.241151 0.180622 -0.000775237 0.00055538 130.576
87531 12 0.01 1 32.9 -0.388958 -0.493748 3.03407 -0.035093 -0.0449681 130.576
87683 12 0.01 1 32.9 0.180015 -0.218545 3.42604 0.0211325 -0.021774 130.576
88928 12 0.01 1 32.9 0.479209 -0.367624 2.27927 0.0326764 -0.0247494 130.576
89993 12 0.01 1 32.9 0.199439 -0.127616 2.1005 0.0128079 -0.0087815 130.576
91390 12 0.01 1 32.9 0.103099 -0.0387157 3.82854 0.0142446 -0.000975258 130.576
93775 12 0.01 1 32.9 -0.220246 0.23515 2.01893 -0.0139837 0.013815 130.576
95013 12 0.01 1 32.9 0.343212 -0.222755 4.63913 0.0502612 -0.0317942 130.576
95781 12 0.01 1 32.9 0.318064 -0.112856 6.12513 0.0604794 -0.0212186 130.576
97793 12 0.01 1 32.9 0.0116764 0.102821 1.5146 0.000973958 0.00625992 130.576
97964 12 0.01 1 32.9 -0.153863 0.167874 2.08515 -0.00782376 0.0130669 130.576
100080 12 0.01 1 32.9 -0.142656 -0.201394 4.60896 -0.0210208 -0.0275502 130.576
102270 12 0.01 1 32.9 0.276267 0.106563 1.09668 0.01306 0.00325136 130.576
104035 12 0.01 1 32.9 -0.0021936 -0.228794 2.6221 -6.01903e-05 -0.0171638 130.576
106656 12 0.01 1 32.9 -0.412011 -0.391964 2.28451 -0.0312425 -0.023982 130.576
109189 12 0.01 1 32.9 0.491622 0.413147 3.23537 0.0489567 0.043949 130.576
110246 12 0.01 1 32.9 0.155474 -0.122878 1.72986 0.00780113 -0.00553681 130.576
111405 12 0.01 1 32.9 0.21358 -0.460228 4.69978 0.0326806 -0.0648743 130.576
112490 12 0.01 1 32.9 -0.353269 -0.421109 3.80981 -0.0421139 -0.0500299 130.576
113733 12 0.01 1 32.9 0.371845 0.163156 2.18175 0.0273855 0.0123667 130.576
114203 12 0.01 1 32.9 0.49716 0.243553 3.64144 0.0546211 0.0283429 130.576
114686 12 0.01 1 32.9 -0.410343 0.0520887 5.40859 -0.0662883 0.00747159 130.576
116086 12 0.01 1 32.9 -0.372664 0.23575 5.09021 -0.060362 0.0369857 130.576
118480 12 0.01 1 32.9 -0.243851 -0.0139198 1.58529 -0.0120024 -0.00266582 130.576
119105 12 0.01 1 32.9 -0.0569256 0.453468 3.75457 -0.005438 0.0517002 130.576
119363 12 0.01 1 32.9 -0.320027 0.16206 4.15896 -0.0404279 0.0187236 130.576
119716 12 0.01 1 32.9 0.378139 0.37549 3.8791 0.0461156 0.0448484 130.576
120438 12 0.01 1 32.9 -0.0719915 0.0813505 7.5315 -0.0169522 0.0199141 130.576
122539 12 0.01 1 32.9 0.0391026 0.172368 0.415033 0.00102886 0.00515391 130.576
122950 12 0.01 1 32.9 -0.335906 -0.416949 3.40295 -0.0335156 -0.0405933 130.576
123173 12 0.01 1 32.9 0.368964 -0.171383 1.97195 0.0238126 -0.00935578 130.576
123473 12 0.01 1 32.9 -0.351569 -0.0268138 1.22866 -0.0139802 -0.00198285 130.576
128185 12 0.01 1 32.9 0.0315269 0.194117 1.84231 0.0054301 0.00861337 130.576
129642 12 0.01 1 32.9 0.280114 -0.488561 2.75447 0.023977 -0.0377616 130.576
129957 12 0.01 1 32.9 -0.066483 -0.476043 3.41674 -0.0088802 -0.0481726 130.576
130436 12 0.01 1 32.9 0.0495915 0.45893 3.80246 0.00304405 0.0532338 130.576
133681 12 0.01 1 32.9 -0.0158047 -0.334709 2.74161 -0.000101839 -0.0264136 130.576
135027 12 0.01 1 32.9 0.192017 -0.403624 5.10809 0.0282556 -0.0645301 130.576
138945 12 0.01 1 32.9 -0.194845 0.233255 0.521916 -0.0069038 0.0041864 130.576
139491 12 0.01 1 32.9 -0.158588 -0.445323 2.56277 -0.0125958 -0.0345254 130.576
141213 12 0.01 1 32.9 0.360766 0.202884 1.53982 0.0152374 0.00868087 130.576
143786 12 0.01 1 32.9 0.197752 -0.481829 2.93259 0.0195338 -0.0415558 130.576
144815 12 0.01 1 32.9 -0.0440819 -0.400567 3.59217 -0.00485005 -0.0405418 130.576
147033 12 0.01 1 32.9 -0.160638 0.0878579 3.08852 -0.0150966 0.00840187 130.576
149484 12 0.01 1 32.9 -0.0002402 0.18635 3.13437 -0.000399385 0.0164335 130.576
150745 12 0.01 1 32.9 0.162059 -0.333418 1.43316 0.00891133 -0.0129008 130.576
151652 12 0.01 1 32.9 -0.265468 -0.456979 4.04851 -0.0320643 -0.0567375 130.576
153773 12 0.01 1 32.9 -0.33415 -0.0825353 3.64023 -0.0364553 -0.00680776 130.576
155234 12 0.01 1 32.9 -0.232907 -0.119804 2.52428 -0.0210103 -0.00603337 130.576
155791 12 0.01 1 32.9 0.196573 -0.0892792 1.40636 0.00564478 -0.00611594 130.576
156833 12 0.01 1 32.9 -0.128525 0.309276 1.23206 -0.00421985 0.0156016 130.576
161301 12 0.01 1 32.9 -0.105452 0.278756 2.60986 -0.0103737 0.0215915 130.576
162350 12 0.01 1 32.9 0.352377 -0.462872 1.8481 0.0189067 -0.0253608 130.576
162391 12 0.01 1 32.9 -0.16727 0.375721 2.30944 -0.0134274 0.0283419 130.576
165301 12 0.01 1 32.9 0.0766291 -0.240852 3.76864 0.0082061 -0.0254181 130.576
165524 12 0.01 1 32.9 -0.194402 -0.314602 3.00105 -0.0186342 -0.0295754 130.576
167018 12 0.01 1 32.9 0.0631075 -0.234825 1.92448 0.00464079 -0.0137544 130.576
167637 12 0.01 1 32.9 -0.134039 -0.302131 1.94173 -0.00474512 -0.0176865 130.576
168345 12 0.01 1 32.9 -0.0301081 0.0611733 1.76879 -0.00439805 0.00341196 130.576
169158 12 0.01 1 32.9 0.352301 0.0506264 3.11436 0.0331534 0.00343696 130.576
170556 12 0.01 1 32.9 0.449752 -0.45059 1.3909 0.0183748 -0.0163371 130.576
170595 12 0.01 1 32.9 -0.0266967 -0.395186 2.68213 -0.000324893 -0.0298333 130.576
171574 12 0.01 1 32.9 -0.303855 -0.214488 2.00878 -0.0198742 -0.0140975 130.576
173804 12 0.01 1 32.9 0.405369 -0.27599 6.31746 0.0766565 -0.0536078 130.576
175809 12 0.01 1 32.9 0.0291206 -0.154591 4.14097 0.00467918 -0.0191083 130.576
177196 12 0.01 1 32.9 0.225518 0.442087 3.65178 0.0246061 0.0492515 130.576
177757 12 0.01 1 32.9 -0.314609 -0.0640804 1.48778 -0.0121236 -0.0038903 130.576
177830 12 0.01 1 32.9 -0.284993 0.0568969 3.02811 -0.0259046 0.0082574 130.576
180296 12 0.01 1 32.9 0.328214 0.00721962 1.1794 0.00931419 0.00259064 130.576
182161 12 0.01 1 32.9 -0.346122 -0.0128699 1.11083 -0.0135312 -0.000398048 130.576
183621 12 0.01 1 32.9 0.0144722 0.384919 4.92642 0.00285492 0.0565584 130.576
183933 12 0.01 1 32.9 0.110289 0.243571 1.26044 0.00357624 0.00871271 130.576
184723 12 0.01 1 32.9 -0.341569 0.306414 0.920361 -0.00749765 0.00767485 130.576
186019 12 0.01 1 32.9 -0.273358 0.0936894 6.30786 -0.052303 0.0166736 130.576
186125 12 0.01 1 32.9 0.078383 -0.171798 0.961011 0.000206593 -0.00470083 130.576
191421 12 0.01 1 32.9 0.376555 0.0232397 2.61146 0.0294132 0.00465879 130.576
191513 12 0.01 1 32.9 0.423993 0.17013 1.2901 0.0170277 0.00721981 130.576
192701 12 0.01 1 32.9 0.0184745 -0.0842418 6.28263 0.00474803 -0.0158387 130.576
193110 12 0.01 1 32.9 -0.269121 -0.38613 1.64514 -0.0135662 -0.0191396 130.576
193131 12 0.01 1 32.9 0.292792 0.319213 5.30534 0.0479653 0.0515756 130.576
194080 12 0.01 1 32.9 -0.464913 0.389165 2.66114 -0.0360253 0.033133 130.576
196004 12 0.01 1 32.9 0.206473 -0.417071 1.62062 0.0078012 -0.0216271 130.576
197240 12 0.01 1 32.9 -0.158051 -0.048126 1.96093 -0.00975642 -0.000424104 130.576
197695 12 0.01 1 32.9 0.467794 0.401658 3.11737 0.0444477 0.0397766 130.576
197970 12 0.01 1 32.9 0.21024 -0.285224 1.10811 0.00767414 -0.0118698 130.576
198517 12 0.01 1 32.9 0.131157 -0.0687217 4.56334 0.0182943 -0.00849565 130.576
202710 12 0.01 1 32.9 -0.00110634 -0.229464 2.43768 -0.00107561 -0.0143505 130.576
203799 12 0.01 1 32.9 0.0341949 0.206868 1.63117 0.0014098 0.0114061 130.576
203835 12 0.01 1 32.9 -0.317837 -0.345434 0.94606 -0.00880371 -0.007124 130.576
204819 12 0.01 1 32.9 -0.209922 0.380703 0.657987 -0.00641713 0.00908449 130.576
207229 12 0.01 1 32.9 0.0910305 0.361375 3.17813 0.00754848 0.0375739 130.576
207622 12 0.01 1 32.9 -0.000527086 -0.177335 1.78927 -0.000531504 -0.0080846 130.576
208634 12 0.01 1 32.9 -0.120002 0.323017 7.53015 -0.0293019 0.0767488 130.576
209066 12 0.01 1 32.9 0.298034 0.375491 0.755046 0.00742658 0.00875335 130.576
209110 12 0.01 1 32.9 0.232719 -0.198072 3.54438 0.0227953 -0.0208342 130.576
216089 12 0.01 1 32.9 0.212914 0.27302 3.64744 0.0238674 0.0330071 130.576
216334 12 0.01 1 32.9 -0.488203 0.187291 4.64852 -0.0702533 0.0263507 130.576
217940 12 0.01 1 32.9 -0.352043 0.280041 1.78817 -0.0196605 0.0143722 130.576
218247 12 0.01 1 32.9 -0.36033 -0.492554 8.30732 -0.088622 -0.125706 130.576
220068 12 0.01 1 32.9 0.0846087 0.177759 2.9058 0.00670685 0.0155559 130.576
223691 12 0.01 1 32.9 -0.463077 0.0725519 1.39647 -0.0164752 -0.00102061 130.576
223853 12 0.01 1 32.9 -0.273902 0.442951 0.948589 -0.0101767 0.0131174 130.576
224369 12 0.01 1 32.9 0.33085 -0.0947145 1.87262 0.0223578 -0.00728536 130.576
225062 12 0.01 1 32.9 0.383872 -0.420203 4.38149 0.0496231 -0.0551181 130.576
225289 12 0.01 1 32.9 -0.127049 -0.4605 1.13329 -0.00321643 -0.0149199 130.576
227223 12 0.01 1 32.9 -0.218358 -0.297807 2.87155 -0.0198569 -0.0239796 130.576
228512 12 0.01 1 32.9 -0.399664 -0.43885 1.78652 -0.022273 -0.024339 130.576
233998 12 0.01 1 32.9 -0.0538206 0.219033 2.63228 -0.00232322 0.0187929 130.576
234585 12 0.01 1 32.9 -0.170707 0.29125 4.99811 -0.0231826 0.0453134 130.576
235834 12 0.01 1 32.9 -0.197152 -0.472605 2.20016 -0.013016 -0.0314152 130.576
237026 12 0.01 1 32.9 -0.102929 -0.0807607 3.80893 -0.0139774 -0.00839811 130.576
239204 12 0.01 1 32.9 0.264349 0.320679 2.04873 0.0151831 0.020758 130.576
242020 12 0.01 1 32.9 0.419919 0.292115 2.39918 0.0297612 0.0212486 130.576
242337 12 0.01 1 32.9 -0.320043 -0.0700131 0.681702 -0.00545103 -0.000881324 130.576
243566 12 0.01 1 32.9 0.442165 -0.00401548 3.83333 0.0519239 0.00464175 130.576
246074 12 0.01 1 32.9 -0.402335 -0.120565 2.55232 -0.0320624 -0.00850773 130.576
248176 12 0.01 1 32.9 -0.389183 0.408231 3.37858 -0.0403863 0.0429806 130.576
249796 12 0.01 1 32.9 0.163078 0.0627258 2.08076 0.00666719 0.0013004 130.576
252708 12 0.01 1 32.9 0.0177016 -0.438778 2.26639 0.00143917 -0.027331 130.576
252718 12 0.01 1 32.9 0.217191 -0.405898 2.15153 0.0153789 -0.0254265 130.576
253407 12 0.01 1 32.9 0.173389 0.121637 2.79153 0.0140562 0.0101061 130.576
253904 12 0.01 1 32.9 -0.295727 -0.33177 0.893441 -0.00621465 -0.0128009 130.576
257965 12 0.01 1 32.9 -0.055788 -0.133938 9.91144 -0.0189952 -0.0411194 130.576
259786 12 0.01 1 32.9 0.249033 -0.0749597 7.1151 0.052641 -0.0142653 130.576
264711 12 0.01 1 32.9 -0.286754 0.166818 4.34875 -0.0377823 0.0231814 130.576
265590 12 0.01 1 32.9 -0.286528 0.419841 2.15964 -0.0204899 0.0289821 130.576
268607 12 0.01 1 32.9 -0.399327 0.137893 3.02518 -0.0372811 0.0133738 130.576
270133 12 0.01 1 32.9 -0.175991 0.287555 1.99444 -0.0080085 0.0182286 130.576
270433 12 0.01 1 32.9 -0.309225 -0.311599 6.9014 -0.0648826 -0.0643144 130.576
271986 12 0.01 1 32.9 0.42406 -0.177357 3.09517 0.0399202 -0.0155993 130.576
272694 12 0.01 1 32.9 0.28313 -0.258834 2.38952 0.020385 -0.0185264 130.576
276806 12 0.01 1 32.9 -0.218086 -0.035057 0.849622 -0.0084614 -0.000973253 130.576
277302 12 0.01 1 32.9 -0.314805 -0.16844 1.90247 -0.0187382 -0.00873686 130.576
278005 12 0.01 1 32.9 -0.41062 -0.0950112 3.36054 -0.0435734 -0.00780737 130.576
279278 12 0.01 1 32.9 -0.259474 0.324802 2.72887 -0.0195864 0.0285458 130.576
280920 12 0.01 1 32.9 -0.352842 -0.452124 2.58575 -0.0263723 -0.034222 130.576
282739 12 0.01 1 32.9 0.402399 -0.448368 6.89592 0.0857789 -0.0927382 130.576
283223 12 0.01 1 32.9 0.159801 -0.253053 1.14048 0.00687975 -0.00758134 130.576
283247 12 0.01 1 32.9 -0.337844 -0.305083 1.74298 -0.0197687 -0.0136531 130.576
286369 12 0.01 1 32.9 0.26439 0.119933 0.662655 0.00207971 0.00114822 130.576
288007 12 0.01 1 32.9 -0.499255 0.278083 1.66938 -0.0234472 0.0173054 130.576
290790 12 0.01 1 32.9 0.123032 0.231583 2.14546 0.0082083 0.0179636 130.576
294447 12 0.01 1 32.9 0.0751501 -0.323075 0.955789 0.00349939 -0.0129868 130.576
294570 12 0.01 1 32.9 0.383877 0.243347 4.22278 0.0481047 0.0313975 130.576
296620 12 0.01 1 32.9 0.447996 -0.117149 1.66344 0.0215151 -0.00687203 130.576
297864 12 0.01 1 32.9 -0.102267 0.233291 2.36109 -0.00956561 0.0182704 130.576
299775 12 0.01 1 32.9 -0.169278 0.179456 1.65383 -0.00677854 0.0111808 130.576
300531 12 0.01 1 32.9 0.386019 -0.204805 0.484106 0.00521233 0.000911039 130.576
301167 12 0.01 1 32.9 -0.00611273 0.0712634 0.695993 -0.00399493 0.00437494 130.576
302570 12 0.01 1 32.9 0.472453 0.366665 0.328787 0.00878718 0.00432647 130.576
304851 12 0.01 1 32.9 -0.49268 0.00556934 3.22871 -0.0489354 0.000179291 130.576
307908 12 0.01 1 32.9 -0.31247 0.0594443 2.83858 -0.0279888 0.00606319 130.576
308509 12 0.01 1 32.9 -0.0870873 -0.089033 1.78794 -0.00232911 -0.00326964 130.576
309700 12 0.01 1 32.9 0.284914 -0.00219585 1.52184 0.012116 0.000389363 130.576
314507 12 0.01 1 32.9 -0.391073 0.286086 2.2816 -0.027406 0.0190536 130.576
317504 12 0.01 1 32.9 -0.0599368 -0.38995 1.12278 -0.00332164 -0.0115879 130.576
320682 12 0.01 1 32.9 0.452578 0.334626 1.98003 0.0261408 0.0215178 130.576
323090 12 0.01 1 32.9 -0.134442 -0.19771 1.71517 -0.00910634 -0.0102315 130.576
327756 12 0.01 1 32.9 0.127273 -0.254497 1.71537 0.00858443 -0.0149837 130.576
328998 12 0.01 1 32.9 -0.0230563 0.0596348 1.16645 0.00278135 0.00579929 130.576
334240 12 0.01 1 32.9 -0.198429 -0.305946 3.07649 -0.0187165 -0.0287203 130.576
334451 12 0.01 1 32.9 0.0686464 -0.279974 2.61117 0.00552418 -0.0201857 130.576
336827 12 0.01 1 32.9 -0.0948674 -0.300815 3.58651 -0.00930989 -0.0337795 130.576
337754 12 0.01 1 32.9 0.349782 -0.438792 3.33235 0.0333691 -0.0438208 130.576
337775 12 0.01 1 32.9 0.31489 0.462606 1.88822 0.0195476 0.0284212 130.576
338297 12 0.01 1 32.9 -0.263978 0.147669 2.79853 -0.0232953 0.0123437 130.576
338338 12 0.01 1 32.9 -0.273332 0.342019 4.63927 -0.0367884 0.0500509 130.576
343413 12 0.01 1 32.9 0.142793 0.209485 0.570102 0.00591191 0.00259238 130.576
345360 12 0.01 1 32.9 0.247683 -0.390112 1.99271 0.0139961 -0.0222973 130.576
350619 12 0.01 1 32.9 -0.292638 0.360824 0.279106 -0.00288431 0.0141316 130.576
351746 12 0.01 1 32.9 0.0964195 0.390937 3.61871 0.0104646 0.0439578 130.576
353175 12 0.01 1 32.9 0.282983 -0.0610127 1.28931 0.00800871 -0.00171116 130.576
353603 12 0.01 1 32.9 0.238527 0.365851 1.99281 0.0161536 0.0223424 130.576
353692 12 0.01 1 32.9 0.352221 -0.183979 1.48402 0.0165064 -0.00780458 130.576
354574 12 0.01 1 32.9 0.249004 -0.230521 2.92566 0.0223788 -0.0215033 130.576
356574 12 0.01 1 32.9 -0.366003 -0.304164 4.66036 -0.0508314 -0.0396746 130.576
357822 12 0.01 1 32.9 -0.46119 0.398375 3.67028 -0.0498929 0.0447015 130.576
358667 12 0.01 1 32.9 -0.189611 0.185393 4.88561 -0.0301064 0.0294993 130.576
359160 12 0.01 1 32.9 -0.425513 -0.294231 3.69974 -0.0460713 -0.0320531 130.576
361339 12 0.01 1 32.9 -0.497634 0.209723 1.80304 -0.0248443 0.0107827 130.576
363613 12 0.01 1 32.9 -0.251698 -0.158668 4.03512 -0.0306211 -0.0192074 130.576
364456 12 0.01 1 32.9 0.274265 -0.488655 2.33797 0.0185009 -0.0301286 130.576
364497 12 0.01 1 32.9 -0.223855 0.372929 1.76156 -0.0125692 0.0206715 130.576
365845 12 0.01 1 32.9 0.342899 -0.00738475 5.19473 0.0558007 0.000718417 130.576
367124 12 0.01 1 32.9 0.359728 0.0738655 3.28984 0.0363091 0.00769884 130.576
367334 12 0.01 1 32.9 0.47523 -0.299493 4.49006 0.0667856 -0.0405244 130.576
367452 12 0.01 1 32.9 -0.340281 -0.336681 3.96991 -0.0419435 -0.038982 130.576
367829 12 0.01 1 32.9 0.442487 -0.220394 3.32922 0.0445635 -0.020101 130.576
368627 12 0.01 1 32.9 -0.47131 0.319596 1.76758 -0.0266291 0.0175208 130.576
370197 12 0.01 1 32.9 -0.0965472 0.160477 2.62184 -0.0070511 0.0141838 130.576
370605 12 0.01 1 32.9 0.158549 0.321474 0.985855 0.00508886 0.00716615 130.576
371210 12 0.01 1 32.9 0.133464 0.398273 3.41581 0.0115833 0.0396917 130.576
375262 12 0.01 1 32.9 -0.380935 -0.0820841 4.42475 -0.0529765 -0.00883098 130.576
375980 12 0.01 1 32.9 0.430954 -0.0508034 1.65646 0.0246847 -0.00198663 130.576
376378 12 0.01 1 32.9 -0.302177 0.255063 3.24785 -0.0295299 0.0256616 130.576
376543 12 0.01 1 32.9 -0.241343 0.44374 1.30386 -0.00834072 0.0207184 130.576
376897 12 0.01 1 32.9 0.224344 -0.370016 3.08398 0.0212151 -0.0348242 130.576
377332 12 0.01 1 32.9 0.06985 -0.243302 2.84051 0.0068012 -0.0225716 130.576
379276 12 0.01 1 32.9 0.267533 -0.496315 1.89754 0.01846 -0.0263349 130.576
379870 12 0.01 1 32.9 0.303679 -0.464794 4.16293 0.0407715 -0.058722 130.576
381605 12 0.01 1 32.9 0.370835 0.396188 2.29759 0.0230464 0.0293162 130.576
382730 12 0.01 1 32.9 0.00946927 0.132567 1.35973 -3.1413e-05 0.00860945 130.576
384508 12 0.01 1 32.9 0.37344 -0.117937 2.2141 0.0240005 -0.00681991 130.576
388341 12 0.01 1 32.9 0.141602 0.242731 2.15573 0.0092047 0.0178544 130.576
389073 12 0.01 1 32.9 0.0118591 0.499213 1.7579 -0.00173749 0.0265791 130.576
389190 12 0.01 1 32.9 0.472648 -0.0449844 4.96755 0.0700619 -0.00607381 130.576
389680 12 0.01 1 32.9 -0.477376 -0.121584 1.4917 -0.0217465 -0.00454181 130.576
391342 12 0.01 1 32.9 0.0541473 -0.445048 1.71528 0.00114603 -0.0224759 130.576
392854 12 0.01 1 32.9 -0.160965 0.0386069 1.86741 -0.00858833 0.00254191 130.576
395572 12 0.01 1 32.9 -0.109452 0.154932 0.399578 -0.00270436 0.00508377 130.576
395740 12 0.01 1 32.9 0.283627 0.327881 2.02236 0.0184442 0.0222866 130.576
396000 12 0.01 1 32.9 0.394654 -0.356985 1.9321 0.0234748 -0.0175143 130.576
397619 12 0.01 1 32.9 -0.316748 -0.150754 1.77336 -0.0182175 -0.00794906 130.576
401987 12 0.01 1 32.9 0.223235 -0.265879 3.60417 0.0253835 -0.0276247 130.576
402071 12 0.01 1 32.9 0.299118 0.266682 2.62763 0.0260772 0.0221073 130.576
406742 12 0.01 1 32.9 0.266473 0.409294 2.51454 0.0183994 0.0319743 130.576
408118 12 0.01 1 32.9 -0.480154 0.27875 1.37385 -0.0192589 0.0121986 130.576
409904 12 0.01 1 32.9 -0.259919 -0.191019 0.968352 -0.00780907 -0.00289477 130.576
410127 12 0.01 1 32.9 -0.0653049 -0.152667 5.13739 -0.0102626 -0.0219717 130.576
411658 12 0.01 1 32.9 0.373858 0.406912 2.1596 0.0262612 0.0260908 130.576
412368 12 0.01 1 32.9 -0.319274 -0.215814 0.758188 -0.00730059 -0.00323826 130.576
413136 12 0.01 1 32.9 -0.00485104 0.11576 0.462436 0.00117353 0.00164556 130.576
414008 12 0.01 1 32.9 0.43613 -0.120123 3.03372 0.0415563 -0.00877525 130.576
414585 12 0.01 1 32.9 -0.0992734 -0.299243 1.2694 -0.00471792 -0.0119418 130.576
421070 12 0.01 1 32.9 -0.149481 0.342872 1.57092 -0.00761765 0.0169268 130.576
423629 12 0.01 1 32.9 -0.0430092 0.275637 1.06475 -0.00276503 0.0101938 130.576
424392 12 0.01 1 32.9 -0.0467143 0.0750049 0.495189 0.00113989 0.00721526 130.576
427964 12 0.01 1 32.9 -0.0276086 0.354347 2.22775 -0.000587624 0.0251644 130.576
428521 12 0.01 1 32.9 -0.00791561 -0.164516 4.17774 -0.00236438 -0.0214601 130.576
428690 12 0.01 1 32.9 0.270252 -0.0627541 1.1143 0.0102517 -0.0012253 130.576
429335 12 0.01 1 32.9 -0.345497 0.496547 2.39253 -0.0242572 0.0360523 130.576
429806 12 0.01 1 32.9 -0.186362 -0.261716 2.17975 -0.0111311 -0.0154809 130.576
435134 12 0.01 1 32.9 0.37648 -0.438242 2.13416 0.02261 -0.0272948 130.576
437626 12 0.01 1 32.9 -0.286924 0.0460439 1.56351 -0.0145882 0.00274746 130.576
438102 12 0.01 1 32.9 0.492442 -0.40803 2.15533 0.0308684 -0.0245288 130.576
438834 12 0.01 1 32.9 0.187059 0.0145912 1.10305 0.00740619 0.00205771 130.576
439334 12 0.01 1 32.9 0.016937 -0.261838 1.90315 0.00146018 -0.0160067 130.576
440589 12 0.01 1 32.9 0.0209813 -0.442166 2.88344 0.0017081 -0.037179 130.576
442325 12 0.01 1 32.9 -0.0817718 -0.245066 4.76787 -0.0120685 -0.0340833 130.576
442693 12 0.01 1 32.9 -0.201074 0.240055 4.60687 -0.0282744 0.0352501 130.576
443001 12 0.01 1 32.9 -0.457752 -0.0247738 1.92676 -0.0255194 0.00103376 130.576
444314 12 0.01 1 32.9 -0.296172 0.0153728 1.1009 -0.0127214 0.00203115 130.576
444657 12 0.01 1 32.9 0.484565 0.413411 2.4228 0.0342364 0.0302983 130.576
446747 12 0.01 1 32.9 -0.195716 0.293981 2.32811 -0.0129767 0.0232658 130.576
446939 12 0.01 1 32.9 -0.203983 -0.419409 6.45275 -0.0400021 -0.0825538 130.576
451800 12 0.01 1 32.9 0.101667 -0.310264 1.68411 0.00664302 -0.0167897 130.576
455182 12 0.01 1 32.9 0.48767 0.436939 1.04462 0.0146972 0.0133367 130.576
455378 12 0.01 1 32.9 -0.356275 0.00783768 4.9607 -0.0527728 0.000381936 130.576
458448 12 0.01 1 32.9 0.16964 -0.48679 1.75952 0.00741001 -0.0252801 130.576
458812 12 0.01 1 32.9 -0.334815 0.0567815 1.76889 -0.018572 0.00444641 130.576
459405 12 0.01 1 32.9 0.324651 -0.144144 2.165 0.0198674 -0.00870372 130.576
459642 12 0.01 1 32.9 0.199213 0.259894 1.88633 0.0121128 0.0164533 130.576
463336 12 0.01 1 32.9 -0.434723 -0.336209 5.70852 -0.0747154 -0.0580791 130.576
464251 12 0.01 1 32.9 -0.275022 0.360696 1.54172 -0.0110162 0.0155929 130.576
465560 12 0.01 1 32.9 -0.282616 0.232977 3.2111 -0.0288157 0.0238234 130.576
465670 12 0.01 1 32.9 0.272507 0.333377 2.09935 0.019163 0.0224529 130.576
467696 12 0.01 1 32.9 -0.437545 -0.327509 0.992175 -0.0154862 -0.00885592 130.576
468465 12 0.01 1 32.9 -0.38498 -0.0416059 1.23386 -0.0156779 -0.00041131 130.576
469740 12 0.01 1 32.9 0.052545 0.343199 3.6568 0.00704107 0.0357962 130.576
470308 12 0.01 1 32.9 0.403421 -0.434212 0.643314 0.00529555 -0.0018708 130.576
470338 12 0.01 1 32.9 -0.158547 -0.283836 2.51722 -0.0119481 -0.0199007 130.576
470465 12 0.01 1 32.9 -0.295012 0.369548 5.31369 -0.045542 0.0592609 130.576
471672 12 0.01 1 32.9 0.445511 0.276679 0.299126 0.00246387 -0.00216889 130.576
474906 12 0.01 1 32.9 0.448752 -0.323833 2.68979 0.0353686 -0.023828 130.576
477143 12 0.01 1 32.9 0.122709 0.258914 2.16959 0.0087051 0.0199713 130.576
478063 12 0.01 1 32.9 -0.0178619 -0.0676633 1.78076 -0.000713145 -0.000519604 130.576
480639 12 0.01 1 32.9 -0.252092 -0.323702 1.60478 -0.0115602 -0.0167103 130.576
481069 12 0.01 1 32.9 -0.402605 -0.263511 1.5026 -0.0171769 -0.0123004 130.576
482281 12 0.01 1 32.9 0.347026 0.0911413 2.58865 0.0277565 0.00821834 130.576
482861 12 0.01 1 32.9 -0.185992 0.49909 4.68203 -0.0238331 0.06895 130.576
486377 12 0.01 1 32.9 0.388654 -0.299439 1.55847 0.019088 -0.0143756 130.576
488592 12 0.01 1 32.9 0.416901 0.279047 2.12708 0.0276115 0.0188905 130.576
490927 12 0.01 1 32.9 0.131487 -0.389408 4.64037 0.0190929 -0.055312 130.576
491420 12 0.01 1 32.9 -0.369348 0.189833 4.36414 -0.0484698 0.0251243 130.576
491547 12 0.01 1 32.9 0.397246 0.0347637 3.49187 0.0436426 0.00264623 130.576
493514 12 0.01 1 32.9 -0.301983 0.105118 4.83191 -0.0443591 0.0156615 130.576
494699 12 0.01 1 32.9 -0.371147 -0.179065 2.23001 -0.0228088 -0.0118485 130.576
496022 12 0.01 1 32.9 0.319811 -0.329492 0.841872 0.0077506 -0.00361881 130.576
497851 12 0.01 1 32.9 0.170734 -0.0714972 3.14341 0.0190807 -0.00376838 130.576
498577 12 0.01 1 32.9 0.48459 -0.229078 1.43097 0.0214655 -0.00951742 130.576
498670 12 0.01 1 32.9 0.303971 0.233332 0.719317 0.006439 7.02234e-05 130.576
