79000088 0 0.01 35 32.9 0.165572 -0.147926 23.6032 0.122608 -0.107042 1.81825
79002713 0 0.01 35 32.9 -0.453062 -0.228141 20.1208 -0.273774 -0.139439 1.81825
79002749 0 0.01 35 32.9 -0.473791 -0.0440655 25.7025 -0.369042 -0.0309934 1.81825
79004238 0 0.01 35 32.9 0.4211 -0.383833 13.4617 0.171972 -0.154223 1.81825
79008656 0 0.01 35 32.9 -0.316141 0.122623 23.2617 -0.22407 0.0896593 1.81825
79011337 0 0.01 35 32.9 -0.323256 0.337347 11.5532 -0.116964 0.120002 1.81825
79014526 0 0.01 35 32.9 0.250512 0.231181 25.5036 0.19892 0.18045 1.81825
79017611 0 0.01 35 32.9 -0.376915 -0.289124 27.7774 -0.317247 -0.247245 1.81825
6005710 0 0.01 35 32.9 -0.271954 -0.160418 25.3222 -0.209646 -0.122082 1.81816
6006315 0 0.01 35 32.9 0.0492308 0.4158 26.4299 0.0384731 0.331851 1.81816
6006415 0 0.01 35 32.9 0.249168 0.161038 28.6772 0.21364 0.1419 1.81816
6010487 0 0.01 35 32.9 0.211623 -0.23311 18.4233 0.117266 -0.132332 1.81816
6011385 0 0.01 35 32.9 0.33739 -0.41319 35.2506 0.359542 -0.444631 1.81816
6016007 0 0.01 35 32.9 0.364768 -0.0292283 24.8547 0.274447 -0.0208978 1.81816
6016351 0 0.01 35 32.9 -0.129158 0.179812 28.4705 -0.112441 0.157789 1.81816
6017114 0 0.01 35 32.9 0.435833 0.304761 22.9066 0.30285 0.213892 1.81816
6018225 0 0.01 35 32.9 -0.446642 -0.188801 25.4998 -0.345861 -0.146221 1.81816
78002266 0 0.01 35 32.9 -0.0837221 -0.371415 28.2257 -0.0694398 -0.316492 1.81848
78004086 0 0.01 35 32.9 0.332873 -0.0405519 21.9893 0.218931 -0.0232532 1.81848
78005583 0 0.01 35 32.9 0.120506 0.0607949 25.4606 0.0934293 0.0469097 1.81848
78008170 0 0.01 35 32.9 -0.472238 -0.202481 5.43831 -0.0784621 -0.0297773 1.81848
78008509 0 0.01 35 32.9 -0.200698 0.0426009 15.2707 -0.0937282 0.0237126 1.81848
78008950 0 0.01 35 32.9 0.0991793 0.241331 41.8445 0.126027 0.3086 1.81848
78011414 0 0.01 35 32.9 -0.414491 -0.219972 20.8814 -0.264019 -0.137478 1.81848
78012201 0 0.01 35 32.9 0.224283 -0.260763 4.67244 0.0259402 -0.0293707 1.81848
78012249 0 0.01 35 32.9 -0.44475 0.456708 25.7202 -0.342965 0.357805 1.81848
78012913 0 0.01 35 32.9 -0.400383 -0.272168 24.6889 -0.300284 -0.20442 1.81848
78013657 0 0.01 35 32.9 -0.333549 0.28768 21.5666 -0.216395 0.190563 1.81848
78015173 0 0.01 35 32.9 0.334023 -0.2678 38.4706 0.390897 -0.311597 1.81848
78016351 0 0.01 35 32.9 0.309475 -0.120385 23.4231 0.220665 -0.0848371 1.81848
78019880 0 0.01 35 32.9 0.471637 0.134717 27.5323 0.395935 0.112146 1.81848
77001382 0 0.01 35 32.9 0.00340565 0.383524 25.0132 0.00176535 0.291671 1.8177
77002363 0 0.01 35 32.9 0.475396 -0.0617885 11.1736 0.161758 -0.0241329 1.8177
77004148 0 0.01 35 32.9 -0.0148415 0.0356233 11.7434 -0.00820752 0.0210421 1.8177
77004868 0 0.01 35 32.9 0.0186282 0.0358364 28.3879 0.0179542 0.0301593 1.8177
77007188 0 0.01 35 32.9 0.0478961 -0.337344 24.5181 0.0385787 -0.251031 1.8177
77007356 0 0.01 35 32.9 0.467745 -0.460288 33.9643 0.481336 -0.477758 1.8177
77007500 0 0.01 35 32.9 -0.253136 0.0194079 24.849 -0.193784 0.0179963 1.8177
77011849 0 0.01 35 32.9 -0.178238 0.183467 27.5522 -0.14725 0.160727 1.8177
77011979 0 0.01 35 32.9 0.433341 0.350453 29.7736 0.393585 0.316352 1.8177
77012413 0 0.01 35 32.9 0.292821 0.349145 26.3463 0.234402 0.278191 1.8177
77014978 0 0.01 35 32.9 -0.098132 -0.178234 27.0578 -0.0793493 -0.147729 1.8177
77016116 0 0.01 35 32.9 -0.395553 -0.493793 27.6119 -0.332396 -0.416665 1.8177
76002300 0 0.01 35 32.9 0.337126 -0.0376557 25.0352 0.257616 -0.025743 1.81773
76003326 0 0.01 35 32.9 -0.157207 0.264015 18.2117 -0.0842948 0.144719 1.81773
76007298 0 0.01 35 32.9 -0.0575388 0.0633165 23.369 -0.0393309 0.0443136 1.81773
76007614 0 0.01 35 32.9 -0.0180671 -0.348183 19.9418 -0.0118092 -0.21084 1.81773
76011714 0 0.01 35 32.9 -0.396787 -0.110023 40.7041 -0.491526 -0.13274 1.81773
76012382 0 0.01 35 32.9 0.376247 0.181737 28.0744 0.321545 0.154414 1.81773
76012511 0 0.01 35 32.9 -0.266474 0.312342 48.5537 -0.392256 0.461085 1.81773
76018454 0 0.01 35 32.9 -0.235066 -0.23439 23.7784 -0.167008 -0.169828 1.81773
76019750 0 0.01 35 32.9 0.156133 -0.265554 28.2986 0.133472 -0.225782 1.81773
75004267 0 0.01 35 32.9 0.276472 0.463948 29.3909 0.247692 0.416525 1.81818
75006575 0 0.01 35 32.9 0.181953 0.423294 27.5806 0.153417 0.354818 1.81818
75008925 0 0.01 35 32.9 -0.250686 0.185423 56.5175 -0.432306 0.316913 1.81818
75010258 0 0.01 35 32.9 0.181082 0.252911 25.4466 0.139047 0.195865 1.81818
75010436 0 0.01 35 32.9 -0.0470051 0.348272 28.3627 -0.0368097 0.298811 1.81818
75013719 0 0.01 35 32.9 0.29457 0.203254 49.692 0.444008 0.304824 1.81818
75016916 0 0.01 35 32.9 0.174058 0.387005 29.8999 0.158111 0.348937 1.81818
75019610 0 0.01 35 32.9 -0.00677381 0.243441 60.678 -0.0143563 0.449809 1.81818
74002223 0 0.01 35 32.9 0.16325 -0.467371 30.4556 0.150043 -0.433215 1.81835
74002580 0 0.01 35 32.9 0.292778 0.195606 22.0648 0.198162 0.13545 1.81835
74004560 0 0.01 35 32.9 0.466742 0.162204 23.6246 0.336047 0.118631 1.81835
74005383 0 0.01 35 32.9 -0.244595 -0.349092 39.7135 -0.294314 -0.421479 1.81835
74005438 0 0.01 35 32.9 -0.274685 0.451347 28.4862 -0.235759 0.38672 1.81835
74006845 0 0.01 35 32.9 -0.487674 0.337283 54.1681 -0.801421 0.556652 1.81835
74007149 0 0.01 35 32.9 0.222711 -0.263451 45.8421 0.311061 -0.366784 1.81835
74009480 0 0.01 35 32.9 -0.43816 0.477607 10.8948 -0.143139 0.161577 1.81835
74011943 0 0.01 35 32.9 -0.451408 0.11728 38.6934 -0.530128 0.140408 1.81835
74012115 0 0.01 35 32.9 -0.298732 0.0298793 26.6644 -0.244279 0.0260186 1.81835
74012992 0 0.01 35 32.9 0.174666 -0.354325 30.5034 0.162571 -0.326015 1.81835
74013416 0 0.01 35 32.9 -0.366358 0.37867 18.8828 -0.204743 0.219347 1.81835
74013610 0 0.01 35 32.9 0.391725 0.36665 26.8115 0.320626 0.297953 1.81835
74014713 0 0.01 35 32.9 0.0508605 0.0828418 12.0445 0.00943822 0.0328931 1.81835
74015954 0 0.01 35 32.9 -0.275107 -0.427985 26.7349 -0.220501 -0.345437 1.81835
74016303 0 0.01 35 32.9 0.136775 0.00299402 28.0178 0.114405 0.00325167 1.81835
74016318 0 0.01 35 32.9 0.350986 -0.130576 30.5323 0.323915 -0.118357 1.81835
74018476 0 0.01 35 32.9 0.186308 0.0433283 11.881 0.0687976 0.012616 1.81835
74018749 0 0.01 35 32.9 -0.277381 0.15695 12.8247 -0.114631 0.0578612 1.81835
73003798 0 0.01 35 32.9 0.373387 -0.235663 25.0097 0.28273 -0.176192 1.81774
73004337 0 0.01 35 32.9 -0.137431 0.383406 28.2989 -0.119041 0.333915 1.81774
73004787 0 0.01 35 32.9 -0.0110848 -0.329334 19.4754 -0.00537554 -0.189199 1.81774
73006506 0 0.01 35 32.9 -0.0295747 0.0935742 28.2044 -0.0242374 0.0763998 1.81774
73007729 0 0.01 35 32.9 0.00322953 -0.10582 31.1247 0.00147683 -0.0971377 1.81774
73011150 0 0.01 35 32.9 0.14984 -0.308934 25.8818 0.111284 -0.239734 1.81774
73011198 0 0.01 35 32.9 -0.431338 0.365215 22.6765 -0.294797 0.254024 1.81774
73011472 0 0.01 35 32.9 0.216848 0.310295 40.7748 0.267817 0.386732 1.81774
73013745 0 0.01 35 32.9 0.462173 -0.468806 30.0763 0.41929 -0.426398 1.81774
73014763 0 0.01 35 32.9 -0.321695 0.466136 25.6906 -0.254079 0.369273 1.81774
73015754 0 0.01 35 32.9 0.0810659 0.354067 27.7956 0.0701282 0.29796 1.81774
73018972 0 0.01 35 32.9 -0.00935426 0.0806228 29.0633 -0.00915972 0.0732847 1.81774
73019290 0 0.01 35 32.9 -0.249135 -0.47394 22.7772 -0.171114 -0.324558 1.81774
72000047 0 0.01 35 32.9 0.219657 0.0863106 26.0895 0.172482 0.0686264 1.81888
72001269 0 0.01 35 32.9 0.330075 -0.278285 24.6796 0.246312 -0.20491 1.81888
72003626 0 0.01 35 32.9 0.198789 -0.129398 21.2705 0.128496 -0.0865227 1.81888
72006033 0 0.01 35 32.9 0.232771 -0.052769 13.4452 0.0863321 -0.019007 1.81888
72007449 0 0.01 35 32.9 0.257593 -0.0911392 58.033 0.4543 -0.159291 1.81888
72010608 0 0.01 35 32.9 -0.462356 -0.298747 16.5919 -0.233191 -0.152539 1.81888
72010738 0 0.01 35 32.9 -0.356161 -0.430916 28.2532 -0.305577 -0.370509 1.81888
72011407 0 0.01 35 32.9 0.0536566 -0.0750308 14.0447 0.0204039 -0.0312009 1.81888
72013268 0 0.01 35 32.9 -0.140928 -0.246017 25.4083 -0.106537 -0.190662 1.81888
72014719 0 0.01 35 32.9 -0.412739 -0.251509 14.0318 -0.173467 -0.103969 1.81888
71002160 0 0.01 35 32.9 -0.30218 -0.45658 44.555 -0.408502 -0.616913 1.81904
71003122 0 0.01 35 32.9 0.250565 -0.354386 26.7375 0.203781 -0.283567 1.81904
71003977 0 0.01 35 32.9 0.410072 0.363893 25.5448 0.319812 0.277579 1.81904
71004227 0 0.01 35 32.9 -0.456031 0.497482 31.356 -0.435188 0.476082 1.81904
71004405 0 0.01 35 32.9 0.480203 -0.19157 30.6415 0.445038 -0.180298 1.81904
71006749 0 0.01 35 32.9 0.043758 -0.165395 49.5061 0.0679115 -0.247734 1.81904
71007329 0 0.01 35 32.9 -0.281772 -0.262718 15.4038 -0.132275 -0.123319 1.81904
71008893 0 0.01 35 32.9 0.367327 0.120679 29.0169 0.326424 0.106708 1.81904
71009928 0 0.01 35 32.9 -0.285993 -0.317304 23.7721 -0.204056 -0.230786 1.81904
71010341 0 0.01 35 32.9 -0.305148 -0.0492041 23.9831 -0.22549 -0.0341843 1.81904
71011718 0 0.01 35 32.9 0.324868 0.253878 22.4916 0.221845 0.175322 1.81904
71011899 0 0.01 35 32.9 0.231916 -0.37306 27.5993 0.195625 -0.312063 1.81904
71012390 0 0.01 35 32.9 0.10878 -0.170651 21.2532 0.0704185 -0.111832 1.81904
71012796 0 0.01 35 32.9 0.479049 0.274721 21.5065 0.312144 0.180052 1.81904
70000906 0 0.01 35 32.9 0.207935 0.398998 24.3475 0.154233 0.293165 1.81777
70003947 0 0.01 35 32.9 0.350662 0.238278 96.615 1.03044 0.700182 1.81777
70006538 0 0.01 35 32.9 -0.157941 -0.234588 24.3147 -0.119658 -0.174349 1.81777
70011387 0 0.01 35 32.9 0.496034 0.323288 20.0712 0.302336 0.197632 1.81777
70012790 0 0.01 35 32.9 0.200256 -0.490051 38.8557 0.235597 -0.577891 1.81777
70015798 0 0.01 35 32.9 0.00626921 -0.222026 22.3998 0.00791916 -0.152142 1.81777
70016915 0 0.01 35 32.9 -0.316382 -0.220177 28.5827 -0.274599 -0.187752 1.81777
70017297 0 0.01 35 32.9 -0.233631 0.0241702 15.4166 -0.107947 0.0112192 1.81777
70017390 0 0.01 35 32.9 0.0920751 -0.294201 14.1946 0.0312815 -0.126542 1.81777
68001066 0 0.01 35 32.9 0.16697 0.265418 25.0372 0.126889 0.202534 1.819
68001920 0 0.01 35 32.9 0.00487574 0.0726558 28.5007 0.00450141 0.0666772 1.819
68004132 0 0.01 35 32.9 0.289532 -0.321818 25.6235 0.227828 -0.250688 1.819
68005353 0 0.01 35 32.9 -0.488258 0.414401 12.6852 -0.186839 0.153526 1.819
68005476 0 0.01 35 32.9 -0.395315 -0.111248 23.5097 -0.284098 -0.0752841 1.819
68006023 0 0.01 35 32.9 0.399693 0.0098579 5.3428 0.0765239 0.0104241 1.819
68006513 0 0.01 35 32.9 -0.292036 -0.378067 27.5103 -0.240905 -0.315497 1.819
68008846 0 0.01 35 32.9 1.1067e-05 -0.258989 21.0594 -0.000107278 -0.163708 1.819
68009410 0 0.01 35 32.9 0.489235 -0.344619 16.2172 0.243056 -0.169407 1.819
68009489 0 0.01 35 32.9 -0.449071 0.0692803 25.8096 -0.35156 0.0608168 1.819
68010327 0 0.01 35 32.9 -0.27727 0.236173 29.5265 -0.248945 0.211277 1.819
68011646 0 0.01 35 32.9 0.329489 0.332551 27.0547 0.271128 0.275975 1.819
68016408 0 0.01 35 32.9 -0.45497 0.148414 15.3263 -0.211872 0.0671055 1.819
68018182 0 0.01 35 32.9 0.131382 0.282201 19.5488 0.0724104 0.169438 1.819
69000458 0 0.01 35 32.9 -0.3742 -0.492127 18.4877 -0.210136 -0.278225 1.81793
69001865 0 0.01 35 32.9 -0.473694 -0.160516 48.6316 -0.700584 -0.236662 1.81793
69004395 0 0.01 35 32.9 -0.316653 0.412918 24.3864 -0.234773 0.306268 1.81793
69005367 0 0.01 35 32.9 0.487442 0.227018 28.4405 0.423749 0.198903 1.81793
69010119 0 0.01 35 32.9 -0.394899 0.250245 28.8409 -0.346247 0.218061 1.81793
69011344 0 0.01 35 32.9 -0.374854 0.0349695 29.7736 -0.33814 0.0343996 1.81793
69019283 0 0.01 35 32.9 0.250321 -0.225769 30.0086 0.230032 -0.205948 1.81793
5003787 0 0.01 35 32.9 -0.208184 0.0692674 20.2042 -0.126418 0.0426387 1.81822
5003941 0 0.01 35 32.9 -0.383467 0.489915 31.9637 -0.369824 0.477908 1.81822
5004470 0 0.01 35 32.9 -0.214306 0.316471 34.086 -0.219269 0.32849 1.81822
5005949 0 0.01 35 32.9 -0.49989 -0.460743 28.3086 -0.429501 -0.397318 1.81822
5007912 0 0.01 35 32.9 0.128027 0.158316 28.6067 0.109237 0.136377 1.81822
5008070 0 0.01 35 32.9 0.222655 -0.484374 24.9935 0.170934 -0.36729 1.81822
5009598 0 0.01 35 32.9 -0.301421 0.234399 27.3907 -0.251589 0.195622 1.81822
5014694 0 0.01 35 32.9 -0.471192 0.206568 28.0084 -0.399555 0.176721 1.81822
5017190 0 0.01 35 32.9 -0.140947 -0.189856 26.5382 -0.114554 -0.154491 1.81822
5018246 0 0.01 35 32.9 -0.228864 0.0774285 40.1648 -0.278617 0.0945362 1.81822
5018412 0 0.01 35 32.9 0.225383 -0.132172 26.5046 0.180307 -0.106049 1.81822
5018617 0 0.01 35 32.9 -0.292258 0.333246 19.2311 -0.173253 0.19501 1.81822
5019886 0 0.01 35 32.9 -0.499822 0.0806339 0.404568 0.0245868 0.0186152 1.81822
66005190 0 0.01 35 32.9 0.138524 -0.296708 15.7351 0.0669294 -0.140963 1.81752
66005692 0 0.01 35 32.9 -0.324878 -0.467707 20.1318 -0.200316 -0.285614 1.81752
66006796 0 0.01 35 32.9 -0.392344 0.199553 40.1349 -0.481384 0.24498 1.81752
66008644 0 0.01 35 32.9 -0.470883 -0.206717 29.6156 -0.4263 -0.185167 1.81752
66009492 0 0.01 35 32.9 0.221594 0.361408 28.1407 0.190392 0.308886 1.81752
66010086 0 0.01 35 32.9 -0.481126 -0.0756768 34.0984 -0.500217 -0.0782161 1.81752
66011642 0 0.01 35 32.9 -0.177256 -0.108529 47.8897 -0.258699 -0.157814 1.81752
66011965 0 0.01 35 32.9 0.266838 -0.4709 15.3406 0.124547 -0.220554 1.81752
66014032 0 0.01 35 32.9 -0.194458 -0.436928 29.7163 -0.181069 -0.396326 1.81752
66015387 0 0.01 35 32.9 0.409485 -0.266778 26.5647 0.330317 -0.21774 1.81752
66016112 0 0.01 35 32.9 -0.0298358 0.366831 22.8756 -0.0191153 0.254672 1.81752
66016338 0 0.01 35 32.9 0.313721 -0.467211 29.3614 0.279528 -0.417146 1.81752
66019106 0 0.01 35 32.9 -0.184496 -0.184393 24.0037 -0.13212 -0.132879 1.81752
66019903 0 0.01 35 32.9 -0.289761 -0.215274 29.315 -0.259781 -0.191612 1.81752
66020039 0 0.01 35 32.9 -0.45258 0.192378 30.1151 -0.416072 0.175401 1.81752
67005748 0 0.01 35 32.9 -0.143134 0.34177 39.7283 -0.172648 0.415801 1.81854
67012620 0 0.01 35 32.9 0.0326953 -0.473468 27.5384 0.0248319 -0.395171 1.81854
67014322 0 0.01 35 32.9 -0.0304728 0.181798 30.0036 -0.030521 0.170136 1.81854
67017361 0 0.01 35 32.9 0.407774 0.475905 31.2909 0.388899 0.454515 1.81854
61004040 0 0.01 35 32.9 -0.274415 0.0192861 28.2777 -0.233775 0.0173554 1.81846
61005430 0 0.01 35 32.9 0.218888 0.119939 13.2686 0.0857095 0.0512262 1.81846
61006106 0 0.01 35 32.9 -0.141901 0.0542962 28.8555 -0.125195 0.0496504 1.81846
61009603 0 0.01 35 32.9 0.0287953 0.441532 51.8206 0.0463252 0.695729 1.81846
61012174 0 0.01 35 32.9 0.28382 0.0857118 25.447 0.218772 0.0632081 1.81846
61012202 0 0.01 35 32.9 -0.268529 0.408607 27.4262 -0.222747 0.341679 1.81846
61015089 0 0.01 35 32.9 -0.0237975 0.281832 29.763 -0.0225814 0.255082 1.81846
61017308 0 0.01 35 32.9 -0.0787017 -0.0768086 27.5586 -0.0670831 -0.0658539 1.81846
60001243 0 0.01 35 32.9 0.0621191 -0.415993 38.9196 0.0740062 -0.490109 1.81842
60004282 0 0.01 35 32.9 0.0210577 0.307052 10.3731 0.00445049 0.0884793 1.81842
60008748 0 0.01 35 32.9 -0.279953 0.406761 26.8986 -0.226589 0.332246 1.81842
60011535 0 0.01 35 32.9 0.158055 -0.144274 29.6112 0.142296 -0.126079 1.81842
60011867 0 0.01 35 32.9 -0.343563 -0.348978 24.836 -0.258528 -0.262772 1.81842
60017116 0 0.01 35 32.9 0.359944 0.0646257 21.9517 0.240358 0.0476082 1.81842
60018550 0 0.01 35 32.9 0.238497 -0.28656 14.2335 0.100665 -0.118712 1.81842
60018729 0 0.01 35 32.9 0.126501 -0.162742 27.8112 0.107298 -0.13652 1.81842
60018990 0 0.01 35 32.9 -0.417616 0.305085 27.2031 -0.349258 0.252819 1.81842
60019482 0 0.01 35 32.9 -0.004739 -0.483308 26.7445 -0.00204579 -0.390566 1.81842
59000566 0 0.01 35 32.9 -0.421275 -0.22095 16.9045 -0.217825 -0.117003 1.8177
59001533 0 0.01 35 32.9 0.300413 -0.00104079 24.7071 0.225765 -0.00431408 1.8177
59001977 0 0.01 35 32.9 -0.183897 0.283999 23.0084 -0.12655 0.201715 1.8177
59002073 0 0.01 35 32.9 -0.211181 -0.459693 28.5885 -0.18042 -0.397998 1.8177
59002426 0 0.01 35 32.9 -0.0760047 -0.32041 26.2321 -0.0587645 -0.254148 1.8177
59002699 0 0.01 35 32.9 0.281219 -0.32301 28.4916 0.244694 -0.277964 1.8177
59006232 0 0.01 35 32.9 0.469811 0.200687 27.2386 0.387929 0.168844 1.8177
59007363 0 0.01 35 32.9 -0.455367 -0.333873 29.0785 -0.404203 -0.295618 1.8177
59007716 0 0.01 35 32.9 0.168669 -0.494043 23.2774 0.118067 -0.347139 1.8177
59009220 0 0.01 35 32.9 0.381417 -0.439768 11.874 0.133054 -0.153271 1.8177
59010201 0 0.01 35 32.9 -0.422769 -0.13695 29.6563 -0.384116 -0.121019 1.8177
59011340 0 0.01 35 32.9 -0.392449 0.445421 28.3075 -0.340151 0.380924 1.8177
59011662 0 0.01 35 32.9 -0.117482 -0.274828 30.6497 -0.10843 -0.258541 1.8177
59013385 0 0.01 35 32.9 0.276283 -0.357871 21.6007 0.184173 -0.234493 1.8177
59016970 0 0.01 35 32.9 -0.00636695 -0.19669 25.6563 -0.00945923 -0.153992 1.8177
59017404 0 0.01 35 32.9 -0.370759 -0.0117393 28.0051 -0.321733 -0.00749583 1.8177
59017715 0 0.01 35 32.9 -0.166471 0.410261 23.6031 -0.125032 0.292532 1.8177
4004122 0 0.01 35 32.9 -0.0257807 0.442071 28.0126 -0.0238091 0.374164 1.81871
4006478 0 0.01 35 32.9 -0.280904 0.0850604 22.1984 -0.189458 0.0610926 1.81871
4008113 0 0.01 35 32.9 0.0152591 -0.113807 34.7478 0.0170001 -0.118673 1.81871
4008294 0 0.01 35 32.9 -0.375005 0.117626 29.2795 -0.331342 0.106418 1.81871
4010745 0 0.01 35 32.9 0.305581 -0.404483 27.8627 0.260873 -0.342681 1.81871
4011643 0 0.01 35 32.9 -0.342313 -0.0838621 38.2575 -0.394895 -0.096856 1.81871
4013302 0 0.01 35 32.9 0.399147 0.25458 51.8314 0.632406 0.40282 1.81871
4015839 0 0.01 35 32.9 -0.277738 -0.234103 8.74345 -0.0849739 -0.0549996 1.81871
4019387 0 0.01 35 32.9 0.0566665 0.0466743 20.1573 0.0322096 0.0347577 1.81871
58001497 0 0.01 35 32.9 -0.454689 -0.201371 76.8043 -1.06173 -0.469908 1.81743
58001571 0 0.01 35 32.9 0.446109 0.379661 31.5193 0.425865 0.363471 1.81743
58002990 0 0.01 35 32.9 -0.0499065 0.366892 23.6436 -0.0368351 0.262474 1.81743
58004354 0 0.01 35 32.9 -0.376693 0.174309 0.361868 0.135657 0.120314 1.81743
58005982 0 0.01 35 32.9 0.0859354 0.442016 34.5156 0.0877164 0.464882 1.81743
58007108 0 0.01 35 32.9 -0.214877 -0.428568 57.929 -0.378729 -0.7529 1.81743
58007211 0 0.01 35 32.9 -0.32772 0.0422292 19.24 -0.190835 0.0211697 1.81743
58008588 0 0.01 35 32.9 0.472938 -0.225033 33.3002 0.477719 -0.227051 1.81743
58009759 0 0.01 35 32.9 0.0385554 -0.339484 50.7151 0.0625247 -0.522938 1.81743
58012016 0 0.01 35 32.9 0.0907263 -0.167367 36.6226 0.100974 -0.183787 1.81743
58012721 0 0.01 35 32.9 -0.0990086 -0.358136 52.41 -0.15641 -0.568522 1.81743
58013464 0 0.01 35 32.9 0.217209 0.478224 28.1393 0.191135 0.412096 1.81743
58015453 0 0.01 35 32.9 0.281658 0.315374 28.2234 0.242669 0.269496 1.81743
58019395 0 0.01 35 32.9 -0.195787 -0.30619 30.7263 -0.185324 -0.284046 1.81743
58019694 0 0.01 35 32.9 0.0288039 0.0596643 52.5468 0.0484417 0.0940192 1.81743
57005882 0 0.01 35 32.9 -0.452672 -0.290759 27.6747 -0.382478 -0.242542 1.8182
57005888 0 0.01 35 32.9 0.110049 0.471959 30.621 0.101062 0.441053 1.8182
57009526 0 0.01 35 32.9 0.115765 0.491 24.8241 0.0873626 0.368951 1.8182
57010650 0 0.01 35 32.9 -0.296947 0.362799 32.2594 -0.287624 0.356049 1.8182
57010774 0 0.01 35 32.9 -0.0370617 0.304696 28.0161 -0.0302133 0.258311 1.8182
57014882 0 0.01 35 32.9 -0.487413 -0.0222853 26.5426 -0.395483 -0.0162675 1.8182
57016079 0 0.01 35 32.9 -0.497331 -0.484736 24.0106 -0.367245 -0.352398 1.8182
57016940 0 0.01 35 32.9 -0.0171809 -0.413753 24.5422 -0.0146459 -0.308579 1.8182
57018058 0 0.01 35 32.9 -0.36968 -0.386885 15.749 -0.178262 -0.184245 1.8182
57018142 0 0.01 35 32.9 0.335674 -0.0670642 19.9055 0.20209 -0.0355441 1.8182
57019074 0 0.01 35 32.9 0.414454 -0.449379 28.8182 0.362368 -0.396499 1.8182
56000064 0 0.01 35 32.9 0.302742 -0.207994 17.1534 0.16234 -0.109192 1.81772
56000547 0 0.01 35 32.9 -0.4343 -0.179384 25.584 -0.338056 -0.13824 1.81772
56002441 0 0.01 35 32.9 -0.327909 0.336673 19.2045 -0.192823 0.194187 1.81772
56003996 0 0.01 35 32.9 0.274048 -0.0978202 28.1441 0.237629 -0.0813952 1.81772
56006181 0 0.01 35 32.9 -0.246455 -0.153442 22.1791 -0.172768 -0.0982786 1.81772
56012144 0 0.01 35 32.9 -0.312617 -0.461776 29.3452 -0.2785 -0.414865 1.81772
56013923 0 0.01 35 32.9 0.144972 0.244346 73.8835 0.326871 0.550964 1.81772
56015083 0 0.01 35 32.9 -0.0982817 0.0548328 30.1762 -0.0911366 0.0501121 1.81772
56015708 0 0.01 35 32.9 -0.125406 0.0595345 23.1595 -0.0857016 0.0443698 1.81772
56016278 0 0.01 35 32.9 0.169906 -0.47515 12.2518 0.0655833 -0.171807 1.81772
56016508 0 0.01 35 32.9 0.443583 0.129379 15.594 0.208538 0.0626968 1.81772
55001065 0 0.01 35 32.9 -0.26981 -0.448604 21.7805 -0.179034 -0.295648 1.81761
55002276 0 0.01 35 32.9 -0.134135 -0.206774 29.9619 -0.120216 -0.189043 1.81761
55002732 0 0.01 35 32.9 0.209968 -0.0472075 69.6764 0.442639 -0.09761 1.81761
55010814 0 0.01 35 32.9 0.340849 -0.103003 12.5874 0.125823 -0.0425096 1.81761
55010866 0 0.01 35 32.9 -0.498888 0.2936 25.369 -0.386933 0.22947 1.81761
55013153 0 0.01 35 32.9 -0.173682 -0.231692 35.9967 -0.190466 -0.254737 1.81761
55013187 0 0.01 35 32.9 0.0548979 0.142116 17.6303 0.0248899 0.0748263 1.81761
55014056 0 0.01 35 32.9 0.316754 -0.0548029 18.4089 0.175962 -0.0294491 1.81761
55015668 0 0.01 35 32.9 -0.104156 0.0941637 28.9518 -0.0863128 0.0844993 1.81761
55017685 0 0.01 35 32.9 0.109137 0.236797 28.9549 0.0973058 0.207936 1.81761
55018717 0 0.01 35 32.9 0.454657 0.0138312 111.911 1.54774 0.0478163 1.81761
51007754 0 0.01 35 32.9 -0.101547 0.403579 22.5444 -0.0687436 0.279803 1.81806
51019539 0 0.01 35 32.9 -0.130173 -0.429778 24.0859 -0.0964658 -0.316483 1.81806
50000528 0 0.01 35 32.9 -0.00144626 -0.390913 29.1607 -0.00229801 -0.345113 1.81899
50003021 0 0.01 35 32.9 0.25745 0.077636 24.2258 0.190755 0.0590451 1.81899
50004218 0 0.01 35 32.9 -0.075306 -0.0221987 28.6117 -0.0648409 -0.0168058 1.81899
50013760 0 0.01 35 32.9 -0.336741 -0.0784887 27.4874 -0.28334 -0.061833 1.81899
50015099 0 0.01 35 32.9 0.314291 0.461608 56.4771 0.538787 0.792784 1.81899
50015697 0 0.01 35 32.9 0.350183 0.320319 29.3269 0.310779 0.287161 1.81899
50016627 0 0.01 35 32.9 0.493348 0.341965 40.8527 0.615529 0.425673 1.81899
48002657 0 0.01 35 32.9 -0.392373 0.114638 21.538 -0.256189 0.0785349 1.81126
48004970 0 0.01 35 32.9 0.0890215 -0.232565 14.6011 0.0411084 -0.103027 1.81126
48005398 0 0.01 35 32.9 0.290435 -0.141658 13.3917 0.108396 -0.057021 1.81126
48006390 0 0.01 35 32.9 -0.0750635 0.350107 28.6609 -0.0646235 0.307715 1.81126
48007339 0 0.01 35 32.9 -0.45042 0.18935 47.3416 -0.649078 0.271224 1.81126
48007654 0 0.01 35 32.9 -0.214003 0.150971 24.4739 -0.157887 0.112916 1.81126
48009279 0 0.01 35 32.9 0.36965 0.485802 31.5264 0.354424 0.464383 1.81126
48010648 0 0.01 35 32.9 0.278495 0.181593 29.4021 0.25172 0.1629 1.81126
48011904 0 0.01 35 32.9 -0.119835 -0.408536 31.6586 -0.115635 -0.390295 1.81126
48017468 0 0.01 35 32.9 -0.255265 -0.451759 34.9766 -0.271215 -0.479539 1.81126
48019990 0 0.01 35 32.9 0.300735 0.258697 16.3594 0.148487 0.133984 1.81126
49001818 0 0.01 35 32.9 0.472989 0.162015 18.8309 0.275578 0.0937769 1.81873
49009223 0 0.01 35 32.9 -0.211205 0.122539 18.3537 -0.117053 0.0729509 1.81873
49009455 0 0.01 35 32.9 -0.374462 0.1346 13.8056 -0.158345 0.0577026 1.81873
49010601 0 0.01 35 32.9 -0.112975 -0.302902 18.9524 -0.0669183 -0.178139 1.81873
49013765 0 0.01 35 32.9 -0.371827 0.342739 39.081 -0.444512 0.409337 1.81873
49013855 0 0.01 35 32.9 0.363909 0.11101 27.9133 0.307024 0.0920439 1.81873
49014400 0 0.01 35 32.9 0.382198 0.266092 27.7619 0.320575 0.227505 1.81873
49017054 0 0.01 35 32.9 -0.382689 -0.380575 29.5984 -0.340929 -0.341324 1.81873
49017542 0 0.01 35 32.9 -0.330129 0.195248 17.9344 -0.181377 0.109692 1.81873
49019748 0 0.01 35 32.9 0.0143542 0.206271 21.1906 0.0136841 0.130921 1.81873
3002994 0 0.01 35 32.9 0.316447 0.358092 29.6851 0.28409 0.322553 1.8179
3003805 0 0.01 35 32.9 0.0936388 -0.148532 9.77918 0.0344519 -0.0458348 1.8179
3004211 0 0.01 35 32.9 -0.450208 0.291034 15.5733 -0.213685 0.139719 1.8179
3005342 0 0.01 35 32.9 -0.149558 0.310446 29.4728 -0.132214 0.278305 1.8179
3005460 0 0.01 35 32.9 -0.188258 -0.2989 11.7252 -0.06226 -0.104674 1.8179
3005632 0 0.01 35 32.9 0.323989 -0.353301 14.5078 0.145474 -0.154735 1.8179
3010004 0 0.01 35 32.9 -0.0734585 0.0569919 24.5589 -0.0542795 0.0421104 1.8179
3010431 0 0.01 35 32.9 -0.124535 -0.217855 52.7717 -0.198046 -0.34791 1.8179
3012057 0 0.01 35 32.9 0.314153 -0.454917 22.4059 0.211343 -0.312011 1.8179
3013112 0 0.01 35 32.9 -0.471 0.494032 30.5311 -0.439477 0.456819 1.8179
3014450 0 0.01 35 32.9 -0.054691 -0.37915 25.1663 -0.0419689 -0.288814 1.8179
3016760 0 0.01 35 32.9 0.166231 0.0245568 30.4446 0.154924 0.0240504 1.8179
3018964 0 0.01 35 32.9 0.368687 -0.476833 27.8745 0.312432 -0.409791 1.8179
3019515 0 0.01 35 32.9 -0.454868 0.274358 26.428 -0.364574 0.218768 1.8179
23000281 0 0.01 35 32.9 -0.344452 0.268906 24.6667 -0.25818 0.201348 1.81803
23005099 0 0.01 35 32.9 -0.111983 0.231911 30.6722 -0.101628 0.213514 1.81803
23005258 0 0.01 35 32.9 0.0494411 0.438417 9.53685 0.0158506 0.12377 1.81803
23006387 0 0.01 35 32.9 0.168973 -0.285643 24.1399 0.129944 -0.209151 1.81803
23006406 0 0.01 35 32.9 -0.0378256 -0.345703 24.4085 -0.0246 -0.254054 1.81803
23012822 0 0.01 35 32.9 -0.405379 -0.313729 19.777 -0.244569 -0.191376 1.81803
23013299 0 0.01 35 32.9 -0.329289 0.27195 62.3653 -0.624507 0.515956 1.81803
23014856 0 0.01 35 32.9 -0.432519 -0.233004 31.32 -0.412001 -0.219506 1.81803
23015556 0 0.01 35 32.9 0.314775 0.127352 23.9911 0.229208 0.0944412 1.81803
23016406 0 0.01 35 32.9 -0.413604 -0.273105 33.0759 -0.418376 -0.274761 1.81803
23018710 0 0.01 35 32.9 -0.0354809 -0.0981946 21.9104 -0.0239862 -0.0676574 1.81803
95001289 0 0.01 35 32.9 -0.322639 0.40367 28.317 -0.280077 0.346237 1.81823
95001551 0 0.01 35 32.9 0.0361248 0.0862523 11.881 0.0167126 0.0288747 1.81823
95002075 0 0.01 35 32.9 -0.32958 -0.070106 39.5426 -0.393927 -0.0851798 1.81823
95002173 0 0.01 35 32.9 0.445604 -0.212267 31.6755 0.427276 -0.205534 1.81823
95002396 0 0.01 35 32.9 0.296915 0.129099 48.4556 0.435738 0.19198 1.81823
95004374 0 0.01 35 32.9 -0.068789 -0.107327 25.3727 -0.051191 -0.0798203 1.81823
95005629 0 0.01 35 32.9 0.414778 -0.332555 23.8619 0.307059 -0.23992 1.81823
95008708 0 0.01 35 32.9 0.230502 0.458284 14.1162 0.0931896 0.19533 1.81823
95013528 0 0.01 35 32.9 -0.200881 -0.182502 25.2096 -0.15716 -0.134784 1.81823
95016374 0 0.01 35 32.9 0.046509 -0.134389 29.2371 0.0432183 -0.115018 1.81823
95016561 0 0.01 35 32.9 -0.131839 0.203053 23.1164 -0.09628 0.140902 1.81823
95017959 0 0.01 35 32.9 0.0228188 0.407416 28.0788 0.0223468 0.352367 1.81823
95018869 0 0.01 35 32.9 -0.379501 0.191002 27.4937 -0.31661 0.162774 1.81823
94000242 0 0.01 35 32.9 0.312993 -0.0854727 27.3914 0.258244 -0.0680954 1.81909
94001418 0 0.01 35 32.9 -0.462753 0.419072 73.5209 -1.03308 0.937839 1.81909
94001424 0 0.01 35 32.9 -0.144254 0.365523 22.826 -0.100801 0.252009 1.81909
94002441 0 0.01 35 32.9 -0.124106 -0.176583 20.3675 -0.0785568 -0.106028 1.81909
94004369 0 0.01 35 32.9 -0.346333 0.175266 23.7298 -0.251688 0.127525 1.81909
94008132 0 0.01 35 32.9 0.384234 0.423776 14.3358 0.168172 0.178456 1.81909
94009003 0 0.01 35 32.9 -0.483313 -0.43833 31.6672 -0.463712 -0.420247 1.81909
94009162 0 0.01 35 32.9 -0.398042 -0.109295 14.1202 -0.169703 -0.0463429 1.81909
94014482 0 0.01 35 32.9 -0.334573 -0.156697 30.0192 -0.307601 -0.144313 1.81909
94015878 0 0.01 35 32.9 -0.106008 -0.146104 27.2174 -0.0891431 -0.117615 1.81909
94016206 0 0.01 35 32.9 0.269802 0.105909 40.0926 0.328421 0.128747 1.81909
94017464 0 0.01 35 32.9 0.160571 0.233954 28.663 0.141105 0.204022 1.81909
93000405 0 0.01 35 32.9 0.236819 -0.0386726 28.7839 0.206629 -0.0293702 1.81758
93002095 0 0.01 35 32.9 0.162054 0.0580697 28.6498 0.143677 0.0519803 1.81758
93003863 0 0.01 35 32.9 0.363615 -0.207302 9.93082 0.114559 -0.064575 1.81758
93003962 0 0.01 35 32.9 0.240581 -0.11621 13.541 0.100139 -0.0468891 1.81758
93004845 0 0.01 35 32.9 -0.272168 0.118401 28.8583 -0.236404 0.104001 1.81758
93005245 0 0.01 35 32.9 0.427896 0.155617 28.4383 0.36823 0.134027 1.81758
93005550 0 0.01 35 32.9 0.170836 -0.479026 25.6916 0.131286 -0.369194 1.81758
93005755 0 0.01 35 32.9 0.324848 -0.113473 22.6935 0.222775 -0.0796002 1.81758
93007187 0 0.01 35 32.9 0.387532 -0.21764 54.8943 0.642095 -0.36217 1.81758
93010458 0 0.01 35 32.9 -0.110511 0.466577 24.4608 -0.0834786 0.348879 1.81758
93011940 0 0.01 35 32.9 0.255947 0.43573 28.8986 0.224944 0.382195 1.81758
92010214 0 0.01 35 32.9 0.225927 0.373393 55.4564 0.377013 0.631375 1.81785
92010557 0 0.01 35 32.9 0.0221444 0.278222 47.8685 0.0316227 0.406923 1.81785
92011490 0 0.01 35 32.9 -0.456315 0.345519 20.4384 -0.287059 0.213743 1.81785
92011972 0 0.01 35 32.9 -0.104799 -0.110768 26.9961 -0.0837525 -0.090793 1.81785
92012505 0 0.01 35 32.9 0.0841133 -0.480301 49.4909 0.124455 -0.721461 1.81785
92018125 0 0.01 35 32.9 0.361073 -0.0100717 19.3192 0.210651 -0.00653449 1.81785
91001201 0 0.01 35 32.9 -0.456925 0.217021 9.74658 -0.133186 0.062021 1.81757
91001587 0 0.01 35 32.9 -0.130452 0.190316 48.9599 -0.195645 0.283394 1.81757
91003670 0 0.01 35 32.9 0.0339983 0.124478 22.679 0.0268813 0.084478 1.81757
91006847 0 0.01 35 32.9 0.308777 -0.223712 26.9423 0.252782 -0.180622 1.81757
91007270 0 0.01 35 32.9 -0.3257 -0.18848 48.4999 -0.477878 -0.274605 1.81757
91007772 0 0.01 35 32.9 -0.13245 -0.360923 29.7351 -0.120687 -0.328913 1.81757
91008403 0 0.01 35 32.9 -0.317343 -0.163934 18.6654 -0.183181 -0.090413 1.81757
91010084 0 0.01 35 32.9 -0.424814 0.490653 31.2823 -0.406853 0.468344 1.81757
91010692 0 0.01 35 32.9 -0.462204 -0.130432 26.3797 -0.372276 -0.107481 1.81757
91011748 0 0.01 35 32.9 0.43506 -0.419121 16.7012 0.223992 -0.207246 1.81757
91015166 0 0.01 35 32.9 0.187659 0.0110815 19.7781 0.112797 0.0105734 1.81757
91019926 0 0.01 35 32.9 -0.149599 0.185305 28.5951 -0.127826 0.161411 1.81757
91019953 0 0.01 35 32.9 -0.279951 -0.0763818 22.2397 -0.190173 -0.0534976 1.81757
91020030 0 0.01 35 32.9 0.422957 -0.190825 15.9804 0.199328 -0.0907947 1.81757
90000597 0 0.01 35 32.9 -0.388015 -0.350936 12.0207 -0.143241 -0.121377 1.81825
90003775 0 0.01 35 32.9 0.208024 -0.346428 45.0854 0.283425 -0.475595 1.81825
90005834 0 0.01 35 32.9 0.246121 -0.276724 11.4807 0.0882893 -0.0926337 1.81825
90006906 0 0.01 35 32.9 -0.107877 -0.428239 48.7369 -0.157882 -0.635783 1.81825
90009840 0 0.01 35 32.9 0.122713 -0.160804 37.2429 0.141788 -0.18176 1.81825
90012065 0 0.01 35 32.9 0.120874 0.264415 11.451 0.0485174 0.0915427 1.81825
90013090 0 0.01 35 32.9 -0.0397451 0.110301 11.6363 -0.0134136 0.0429446 1.81825
90013397 0 0.01 35 32.9 -0.0346907 0.191958 32.3021 -0.0315081 0.190331 1.81825
90014807 0 0.01 35 32.9 -0.037023 -0.0779636 26.0873 -0.033126 -0.0620307 1.81825
90016903 0 0.01 35 32.9 0.0790761 -0.49172 19.2672 0.0427234 -0.287496 1.81825
90018097 0 0.01 35 32.9 -0.320814 0.101056 27.89 -0.275624 0.0837338 1.81825
90018248 0 0.01 35 32.9 -0.277498 -0.493733 29.8004 -0.251211 -0.447866 1.81825
89000572 0 0.01 35 32.9 0.477694 -0.154915 23.0724 0.335643 -0.110128 1.81847
89003971 0 0.01 35 32.9 0.124636 0.0558141 3.86453 0.025527 0.00850075 1.81847
89005725 0 0.01 35 32.9 0.279308 0.163513 22.991 0.195779 0.116784 1.81847
89008042 0 0.01 35 32.9 0.382218 -0.444758 29.0464 0.33485 -0.392524 1.81847
89010743 0 0.01 35 32.9 -0.46635 0.0423018 30.5 -0.438209 0.0399301 1.81847
89011018 0 0.01 35 32.9 -0.321106 -0.411872 8.90512 -0.0818284 -0.11231 1.81847
89011801 0 0.01 35 32.9 -0.314152 0.0252681 24.1718 -0.23064 0.0196149 1.81847
89011855 0 0.01 35 32.9 -0.452154 -0.346458 27.2433 -0.374043 -0.288957 1.81847
89013604 0 0.01 35 32.9 -0.457378 -0.175267 33.3663 -0.46155 -0.178585 1.81847
89014790 0 0.01 35 32.9 -0.266543 -0.236884 28.2104 -0.228848 -0.202519 1.81847
89014884 0 0.01 35 32.9 -0.0407276 -0.147132 29.9611 -0.0335261 -0.135854 1.81847
89016277 0 0.01 35 32.9 -0.342998 -0.100636 19.5558 -0.202097 -0.0620559 1.81847
89016866 0 0.01 35 32.9 0.423223 0.110526 40.0067 0.513913 0.136101 1.81847
89017236 0 0.01 35 32.9 0.464363 -0.223868 24.8012 0.350662 -0.170263 1.81847
89017819 0 0.01 35 32.9 0.289828 -0.492007 27.21 0.238934 -0.4049 1.81847
89018707 0 0.01 35 32.9 -0.475254 -0.473181 19.4224 -0.27925 -0.274275 1.81847
7001873 0 0.01 35 32.9 0.226751 -0.0217759 27.1925 0.186629 -0.0174386 1.81896
7003503 0 0.01 35 32.9 0.135613 -0.35111 29.7011 0.12538 -0.314469 1.81896
7010528 0 0.01 35 32.9 -0.418532 -0.289636 27.4964 -0.34975 -0.240008 1.81896
7012507 0 0.01 35 32.9 0.215669 -0.048012 34.2499 0.222449 -0.0497747 1.81896
7013004 0 0.01 35 32.9 -0.122178 -0.342095 20.5684 -0.0747652 -0.213265 1.81896
7013115 0 0.01 35 32.9 -0.241078 -0.0306443 28.2826 -0.205244 -0.0263822 1.81896
7016066 0 0.01 35 32.9 0.260506 -0.343144 46.9833 0.372406 -0.489939 1.81896
7016156 0 0.01 35 32.9 -0.125371 -0.343372 21.441 -0.0810383 -0.226584 1.81896
7016382 0 0.01 35 32.9 -0.206012 -0.195147 27.328 -0.175256 -0.161124 1.81896
7016672 0 0.01 35 32.9 -0.185533 -0.379357 29.5872 -0.165899 -0.340596 1.81896
7017375 0 0.01 35 32.9 -0.0925739 -0.0179007 72.2735 -0.20668 -0.0370222 1.81896
86001199 0 0.01 35 32.9 0.207769 0.00717248 24.9882 0.158904 0.0067347 1.81857
86002115 0 0.01 35 32.9 -0.180656 0.486967 28.9025 -0.158145 0.427164 1.81857
86003779 0 0.01 35 32.9 0.279776 -0.297775 13.088 0.112427 -0.121417 1.81857
86003814 0 0.01 35 32.9 0.296075 0.240697 27.1394 0.242047 0.199066 1.81857
86006037 0 0.01 35 32.9 -0.494725 0.174998 23.2218 -0.350217 0.121736 1.81857
86009806 0 0.01 35 32.9 -0.295892 -0.318007 12.8474 -0.122191 -0.121725 1.81857
86012849 0 0.01 35 32.9 -0.241414 0.037987 27.9312 -0.20194 0.0355847 1.81857
86013514 0 0.01 35 32.9 0.30221 -0.203976 29.834 0.277738 -0.184603 1.81857
86013603 0 0.01 35 32.9 0.00853638 0.461265 28.7862 0.00524535 0.403489 1.81857
86015591 0 0.01 35 32.9 -0.0161822 0.336146 52.7714 -0.0269581 0.540872 1.81857
86020194 0 0.01 35 32.9 -0.00399647 -0.455627 26.6064 -0.00323423 -0.3677 1.81857
88000129 0 0.01 35 32.9 -0.0415753 -0.197722 14.0382 -0.0147552 -0.0888558 1.8174
88001075 0 0.01 35 32.9 0.0587728 -0.125309 29.3221 0.052725 -0.10955 1.8174
88003645 0 0.01 35 32.9 -0.163319 -0.493049 29.6052 -0.146114 -0.448105 1.8174
88004868 0 0.01 35 32.9 0.465237 -0.292126 22.1952 0.312282 -0.198151 1.8174
88006918 0 0.01 35 32.9 0.497854 0.204677 24.8791 0.373521 0.157307 1.8174
88007329 0 0.01 35 32.9 0.414673 -0.281642 55.8186 0.701087 -0.479041 1.8174
88007655 0 0.01 35 32.9 -0.240404 -0.0323337 26.4969 -0.18963 -0.0268231 1.8174
88007781 0 0.01 35 32.9 0.343349 0.488584 17.6042 0.184565 0.261501 1.8174
88008103 0 0.01 35 32.9 0.0762425 -0.270256 17.4607 0.0410325 -0.147254 1.8174
88008997 0 0.01 35 32.9 -0.138872 -0.212445 27.1299 -0.114212 -0.170895 1.8174
88010799 0 0.01 35 32.9 0.0412276 0.23066 33.3183 0.0413518 0.235643 1.8174
88013295 0 0.01 35 32.9 -0.00885764 -0.0477548 28.0696 -0.00679675 -0.0394663 1.8174
88014430 0 0.01 35 32.9 0.263581 0.393925 27.2543 0.219214 0.328477 1.8174
88017119 0 0.01 35 32.9 -0.235758 0.234054 28.0717 -0.203115 0.199893 1.8174
88017867 0 0.01 35 32.9 0.21217 -0.091718 17.0318 0.117216 -0.0446744 1.8174
88018139 0 0.01 35 32.9 -0.172259 -0.300166 49.7366 -0.257683 -0.452361 1.8174
84003904 0 0.01 35 32.9 -0.186454 0.449108 44.6175 -0.252026 0.607056 1.81863
84005256 0 0.01 35 32.9 -0.274713 -0.398364 25.4792 -0.208762 -0.308553 1.81863
84005961 0 0.01 35 32.9 0.250054 0.476768 31.699 0.239466 0.459468 1.81863
84008047 0 0.01 35 32.9 -0.415217 -0.265124 31.5283 -0.398022 -0.254844 1.81863
84009506 0 0.01 35 32.9 -0.306641 0.277875 20.7743 -0.191696 0.177179 1.81863
84010281 0 0.01 35 32.9 0.0245592 -0.346243 27.5386 0.0216288 -0.290724 1.81863
84012300 0 0.01 35 32.9 -0.239477 0.411171 28.7192 -0.210732 0.357529 1.81863
84012628 0 0.01 35 32.9 0.355063 -0.170059 30.6357 0.328531 -0.157463 1.81863
84013299 0 0.01 35 32.9 0.256299 0.4018 22.2834 0.174915 0.272656 1.81863
84016230 0 0.01 35 32.9 0.46586 0.248288 24.0222 0.341394 0.185637 1.81863
84016754 0 0.01 35 32.9 -0.0239965 -0.322126 31.1568 -0.0248634 -0.304283 1.81863
84019384 0 0.01 35 32.9 0.426786 0.133109 65.4986 0.853504 0.262708 1.81863
84019824 0 0.01 35 32.9 0.212268 -0.129765 48.6267 0.313762 -0.190226 1.81863
84019850 0 0.01 35 32.9 0.385387 0.318277 82.31 0.964466 0.796215 1.81863
85001273 0 0.01 35 32.9 -0.0506591 -0.198701 20.0248 -0.0293552 -0.119604 1.81794
85002040 0 0.01 35 32.9 0.0596265 -0.196735 25.7372 0.0448116 -0.152229 1.81794
85002491 0 0.01 35 32.9 0.183435 0.329216 24.7787 0.140352 0.249337 1.81794
85004940 0 0.01 35 32.9 0.416993 0.147493 30.9177 0.39103 0.137639 1.81794
85007473 0 0.01 35 32.9 0.408699 0.199355 17.0741 0.215579 0.106031 1.81794
85011716 0 0.01 35 32.9 0.208963 -0.219767 22.9835 0.145293 -0.149538 1.81794
85012627 0 0.01 35 32.9 -0.231652 -0.184898 19.657 -0.136347 -0.108446 1.81794
85013101 0 0.01 35 32.9 -0.133604 -0.435815 15.981 -0.0641193 -0.211581 1.81794
85015335 0 0.01 35 32.9 -0.432493 0.44422 21.2439 -0.278694 0.283355 1.81794
85015872 0 0.01 35 32.9 0.376123 0.323522 19.3261 0.220149 0.194984 1.81794
85016794 0 0.01 35 32.9 -0.155681 0.27431 42.5793 -0.201768 0.353872 1.81794
85018818 0 0.01 35 32.9 0.136304 -0.474423 5.09122 0.0220952 -0.0712004 1.81794
85019755 0 0.01 35 32.9 -0.122574 0.182407 26.6238 -0.100766 0.149365 1.81794
87000752 0 0.01 35 32.9 -0.0427014 -0.125217 25.9804 -0.0337905 -0.0986447 1.81875
87007080 0 0.01 35 32.9 -0.190557 0.304517 24.6757 -0.144487 0.232997 1.81875
87009618 0 0.01 35 32.9 -0.409955 -0.123987 14.8571 -0.186962 -0.0586556 1.81875
87012188 0 0.01 35 32.9 0.0322123 -0.4488 26.1244 0.0252076 -0.353215 1.81875
87013487 0 0.01 35 32.9 -0.436212 -0.339433 27.7884 -0.366858 -0.285274 1.81875
87016305 0 0.01 35 32.9 -0.167316 0.173345 43.6538 -0.221459 0.232124 1.81875
87016732 0 0.01 35 32.9 0.222424 -0.120175 28.7416 0.194333 -0.102165 1.81875
87016984 0 0.01 35 32.9 0.146741 0.331745 23.9092 0.104001 0.245898 1.81875
87018603 0 0.01 35 32.9 -0.113284 -0.37447 19.0379 -0.0657717 -0.214724 1.81875
87019652 0 0.01 35 32.9 -0.442199 0.188006 24.8218 -0.337083 0.142119 1.81875
83001392 0 0.01 35 32.9 -0.288515 0.0808405 21.7007 -0.188891 0.055472 1.81891
83001929 0 0.01 35 32.9 0.161265 -0.109375 14.3104 0.0760869 -0.0510793 1.81891
83002690 0 0.01 35 32.9 0.232605 -0.0638639 56.0525 0.396224 -0.106668 1.81891
83004092 0 0.01 35 32.9 -0.0721406 -0.0498053 29.4468 -0.0637284 -0.0412678 1.81891
83004590 0 0.01 35 32.9 0.141971 -0.290263 24.8517 0.106795 -0.214977 1.81891
83005566 0 0.01 35 32.9 -0.328265 0.0670551 41.2687 -0.410515 0.0849577 1.81891
83005845 0 0.01 35 32.9 -0.246688 -0.00635304 21.6699 -0.162311 -0.00646846 1.81891
83006114 0 0.01 35 32.9 0.0901858 0.169101 11.2873 0.032335 0.0706125 1.81891
83009881 0 0.01 35 32.9 -0.421103 0.165995 33.498 -0.430506 0.172584 1.81891
83010806 0 0.01 35 32.9 0.180711 -0.312537 23.4895 0.130107 -0.223032 1.81891
83012195 0 0.01 35 32.9 -0.157556 0.0544191 26.1305 -0.121014 0.0428581 1.81891
83014326 0 0.01 35 32.9 0.427098 -0.00470635 26.3269 0.342143 -0.00373552 1.81891
83017505 0 0.01 35 32.9 -0.127763 0.113972 12.1005 -0.0414544 0.0364959 1.81891
83018691 0 0.01 35 32.9 0.480812 0.47977 28.5981 0.417471 0.420611 1.81891
40002090 0 0.01 35 32.9 -0.380985 0.212031 27.4807 -0.320718 0.176767 1.81813
40004279 0 0.01 35 32.9 -0.0676895 -0.280693 28.5165 -0.0594311 -0.247606 1.81813
40005089 0 0.01 35 32.9 -0.0671989 -0.187562 28.7932 -0.0548689 -0.164749 1.81813
40011335 0 0.01 35 32.9 -0.0187278 -0.386992 28.2498 -0.0185896 -0.331279 1.81813
40012282 0 0.01 35 32.9 -0.130779 0.31008 28.4406 -0.111652 0.266283 1.81813
40014199 0 0.01 35 32.9 0.0438893 -0.392478 17.4618 0.0186365 -0.210951 1.81813
40018768 0 0.01 35 32.9 -0.290044 0.167952 26.8972 -0.237103 0.135931 1.81813
39000202 0 0.01 35 32.9 -0.0983405 0.206949 24.7903 -0.0779996 0.158969 1.81865
39004520 0 0.01 35 32.9 0.176618 0.00777299 23.3371 0.122033 0.00760267 1.81865
39005679 0 0.01 35 32.9 0.370184 -0.395841 22.9822 0.25533 -0.275352 1.81865
39006218 0 0.01 35 32.9 0.193952 -0.384539 21.4668 0.124255 -0.243633 1.81865
39006893 0 0.01 35 32.9 -0.184648 0.437397 29.0933 -0.163867 0.389637 1.81865
39012518 0 0.01 35 32.9 -0.3265 0.0900924 28.252 -0.282787 0.0772118 1.81865
39013392 0 0.01 35 32.9 -0.377919 -0.474011 28.8422 -0.330515 -0.41384 1.81865
39013484 0 0.01 35 32.9 0.103029 -0.401189 21.6623 0.0679803 -0.263182 1.81865
39014104 0 0.01 35 32.9 0.243095 -0.401027 39.2004 0.289663 -0.476841 1.81865
39015930 0 0.01 35 32.9 0.334167 0.14635 31.7948 0.326165 0.142263 1.81865
39016969 0 0.01 35 32.9 0.212375 -0.174946 33.79 0.216389 -0.178963 1.81865
39017260 0 0.01 35 32.9 -0.175908 0.388853 48.1992 -0.258183 0.57107 1.81865
38001699 0 0.01 35 32.9 0.264789 0.296588 27.9156 0.218291 0.255068 1.81781
38003044 0 0.01 35 32.9 -0.133896 0.106681 89.0043 -0.360886 0.290407 1.81781
38003608 0 0.01 35 32.9 -0.0810231 -0.329838 21.9607 -0.0515083 -0.219719 1.81781
38004729 0 0.01 35 32.9 -0.230095 0.342856 30.7948 -0.217376 0.324453 1.81781
38006356 0 0.01 35 32.9 -0.211226 -0.227552 28.3972 -0.185491 -0.198978 1.81781
38011111 0 0.01 35 32.9 0.0992887 -0.222458 28.1123 0.0847094 -0.190462 1.81781
38011429 0 0.01 35 32.9 0.355759 -0.488789 28.7386 0.310301 -0.427094 1.81781
38012285 0 0.01 35 32.9 -0.0439466 0.47397 30.2816 -0.0378176 0.435454 1.81781
38012475 0 0.01 35 32.9 -0.140714 0.28453 45.8384 -0.194976 0.395006 1.81781
38018473 0 0.01 35 32.9 -0.140726 -0.254615 34.7937 -0.146493 -0.267715 1.81781
2002233 0 0.01 35 32.9 -0.30261 -0.0224761 37.9749 -0.345767 -0.0246003 1.81748
2002780 0 0.01 35 32.9 0.0474046 0.0891784 24.9512 0.0353016 0.0685552 1.81748
2003040 0 0.01 35 32.9 -0.383174 0.229037 16.1981 -0.189639 0.118788 1.81748
2007529 0 0.01 35 32.9 -0.0230125 0.329883 21.9953 -0.0162925 0.21988 1.81748
2008836 0 0.01 35 32.9 -0.000559733 -0.259396 29.4206 -0.000519031 -0.230036 1.81748
2008916 0 0.01 35 32.9 -0.335533 0.323223 24.227 -0.249153 0.241524 1.81748
2009145 0 0.01 35 32.9 0.263317 -0.137887 26.8596 0.213388 -0.108959 1.81748
2009524 0 0.01 35 32.9 0.0847413 0.0740682 28.2469 0.0717354 0.0647418 1.81748
2009654 0 0.01 35 32.9 0.0282224 -0.093114 25.8086 0.0234993 -0.0748265 1.81748
2011040 0 0.01 35 32.9 0.451851 -0.0277085 23.3483 0.320513 -0.0199776 1.81748
2015011 0 0.01 35 32.9 -0.091219 -0.235779 26.4273 -0.0749844 -0.190567 1.81748
2015369 0 0.01 35 32.9 0.290577 0.439629 31.6744 0.281369 0.424028 1.81748
2016036 0 0.01 35 32.9 -0.0359012 0.101481 18.6916 -0.0197689 0.0539504 1.81748
11001355 0 0.01 35 32.9 0.414596 0.498406 23.5639 0.293236 0.358408 1.81878
11003237 0 0.01 35 32.9 -0.0458398 0.258043 27.9087 -0.0361361 0.2239 1.81878
11005202 0 0.01 35 32.9 -0.312668 0.372027 29.2994 -0.275335 0.332935 1.81878
11009880 0 0.01 35 32.9 -0.490234 -0.214232 7.1684 -0.0966623 -0.0418861 1.81878
11010323 0 0.01 35 32.9 -0.382309 -0.334072 26.9764 -0.315713 -0.273926 1.81878
11012714 0 0.01 35 32.9 -0.259327 -0.470721 25.7677 -0.203839 -0.37062 1.81878
11013018 0 0.01 35 32.9 0.107625 -0.0847422 20.8953 0.0697178 -0.0536824 1.81878
11013789 0 0.01 35 32.9 0.350301 -0.379843 23.5775 0.253117 -0.270705 1.81878
11015091 0 0.01 35 32.9 -0.153546 -0.423748 25.5075 -0.119449 -0.331844 1.81878
11015228 0 0.01 35 32.9 0.452921 -0.298301 30.8282 0.423506 -0.277606 1.81878
11017469 0 0.01 35 32.9 0.499064 -0.382129 11.6923 0.179686 -0.135186 1.81878
11019368 0 0.01 35 32.9 0.196655 -0.0170316 26.2626 0.157268 -0.0139711 1.81878
10001450 0 0.01 35 32.9 0.341818 -0.287339 28.9597 0.298958 -0.251893 1.8186
10005697 0 0.01 35 32.9 -0.0988401 0.314254 28.5548 -0.0834168 0.275292 1.8186
10008250 0 0.01 35 32.9 0.0286593 -0.0276851 26.2212 0.0236894 -0.0206683 1.8186
10008717 0 0.01 35 32.9 -0.0366943 -0.361813 43.5971 -0.0479396 -0.474974 1.8186
10008784 0 0.01 35 32.9 0.356053 -0.0880804 22.098 0.24187 -0.0568966 1.8186
10008868 0 0.01 35 32.9 -0.307833 0.0306732 36.1223 -0.339822 0.0331278 1.8186
10011208 0 0.01 35 32.9 -0.362765 -0.0813482 80.7385 -0.89065 -0.197417 1.8186
10011285 0 0.01 35 32.9 0.179766 0.00235679 29.1103 0.156972 -5.35265e-05 1.8186
10011290 0 0.01 35 32.9 -0.21198 -0.371263 25.8273 -0.164416 -0.288867 1.8186
10015510 0 0.01 35 32.9 -0.357495 0.261136 25.8296 -0.277401 0.209837 1.8186
10017741 0 0.01 35 32.9 -0.0243778 0.291804 22.7272 -0.0190734 0.200472 1.8186
10018339 0 0.01 35 32.9 -0.282688 -0.0754563 24.3253 -0.207055 -0.0578781 1.8186
9000712 0 0.01 35 32.9 0.311186 0.133307 21.1626 0.200817 0.0889399 1.81906
9001538 0 0.01 35 32.9 0.0782269 0.297105 11.0423 0.0283764 0.100242 1.81906
9002588 0 0.01 35 32.9 -0.226911 0.305576 29.1998 -0.200637 0.271656 1.81906
9003250 0 0.01 35 32.9 0.463524 0.107569 28.6148 0.404162 0.098136 1.81906
9005853 0 0.01 35 32.9 0.420266 -0.430008 45.3774 0.580827 -0.593098 1.81906
9007070 0 0.01 35 32.9 -0.20479 -0.495011 10.5512 -0.0667636 -0.16295 1.81906
9012621 0 0.01 35 32.9 -0.258527 -0.0833462 40.1842 -0.317832 -0.102723 1.81906
9013096 0 0.01 35 32.9 0.119475 -0.329086 28.345 0.102417 -0.282617 1.81906
9014991 0 0.01 35 32.9 -0.0408194 -0.0731595 105.547 -0.131301 -0.23492 1.81906
9015095 0 0.01 35 32.9 -0.193486 -0.41503 31.1693 -0.184486 -0.391757 1.81906
9015282 0 0.01 35 32.9 0.453454 -0.358064 47.828 0.661418 -0.519648 1.81906
9015649 0 0.01 35 32.9 -0.00196897 0.360527 22.7809 0.000814496 0.246604 1.81906
9016074 0 0.01 35 32.9 0.116249 0.397176 8.31594 0.0255663 0.10048 1.81906
37003726 0 0.01 35 32.9 -0.326542 0.358878 81.9808 -0.816056 0.896888 1.8178
37005605 0 0.01 35 32.9 -0.135196 -0.291053 30.9102 -0.127212 -0.276089 1.8178
37005819 0 0.01 35 32.9 -0.0283736 0.470064 19.5926 -0.0165353 0.281794 1.8178
37006901 0 0.01 35 32.9 0.0969449 0.222642 14.2252 0.0444761 0.0904861 1.8178
37008251 0 0.01 35 32.9 0.30824 -0.116259 21.137 0.199037 -0.0774131 1.8178
37010859 0 0.01 35 32.9 0.0802289 0.440057 42.1249 0.103679 0.565522 1.8178
37011301 0 0.01 35 32.9 0.235285 -0.445883 25.6335 0.184262 -0.345397 1.8178
37011824 0 0.01 35 32.9 0.155463 0.410665 27.9175 0.129675 0.346772 1.8178
37016301 0 0.01 35 32.9 0.319363 0.326255 51.372 0.4985 0.510295 1.8178
37017034 0 0.01 35 32.9 0.305905 -0.42854 17.4388 0.164993 -0.223935 1.8178
37018655 0 0.01 35 32.9 0.076873 0.413923 26.655 0.0639072 0.334766 1.8178
36000481 0 0.01 35 32.9 0.422159 -0.392561 79.6675 1.02307 -0.950919 1.81816
36004461 0 0.01 35 32.9 0.173704 -0.458227 28.368 0.148508 -0.395973 1.81816
36008652 0 0.01 35 32.9 -0.483019 0.00864854 29.3953 -0.429358 0.00604024 1.81816
36011507 0 0.01 35 32.9 0.0373954 -0.129929 36.3591 0.042508 -0.140836 1.81816
36012500 0 0.01 35 32.9 0.214503 -0.194473 13.2452 0.0849998 -0.0832234 1.81816
36012575 0 0.01 35 32.9 0.381848 -0.267925 6.0311 0.0682874 -0.0369024 1.81816
36014283 0 0.01 35 32.9 0.0936474 0.426595 29.3409 0.0855904 0.38263 1.81816
36016828 0 0.01 35 32.9 -0.170816 -0.161708 22.9176 -0.120009 -0.11554 1.81816
36019611 0 0.01 35 32.9 0.0178434 -0.227215 21.7048 0.0115899 -0.150692 1.81816
36019784 0 0.01 35 32.9 -0.157415 -0.425534 27.8051 -0.131134 -0.36119 1.81816
35000064 0 0.01 35 32.9 0.196513 0.163246 17.1951 0.100448 0.0823256 1.81826
35000325 0 0.01 35 32.9 -0.0977921 0.0802114 20.43 -0.0570751 0.0480996 1.81826
35000576 0 0.01 35 32.9 0.125725 0.440415 27.9165 0.103866 0.379327 1.81826
35001128 0 0.01 35 32.9 0.374082 0.334121 41.8944 0.477868 0.426306 1.81826
35003419 0 0.01 35 32.9 -0.375727 -0.0199246 21.3063 -0.239451 -0.0149084 1.81826
35003988 0 0.01 35 32.9 0.19033 -0.422948 25.1254 0.144942 -0.320837 1.81826
35005331 0 0.01 35 32.9 -0.395577 0.409211 18.3574 -0.226301 0.230157 1.81826
35005855 0 0.01 35 32.9 -0.0810276 0.0402956 26.4547 -0.062699 0.036358 1.81826
35007762 0 0.01 35 32.9 -0.106624 -0.353081 27.481 -0.0899077 -0.295463 1.81826
35009026 0 0.01 35 32.9 0.0325689 -0.0378788 29.7282 0.0291108 -0.0348063 1.81826
35009172 0 0.01 35 32.9 0.377949 -0.0613362 14.9441 0.170584 -0.0266988 1.81826
35010147 0 0.01 35 32.9 0.154108 -0.306106 28.344 0.131888 -0.264627 1.81826
35011544 0 0.01 35 32.9 -0.150449 0.497418 23.5236 -0.108492 0.355921 1.81826
35011608 0 0.01 35 32.9 0.231094 0.375242 21.3906 0.146191 0.241958 1.81826
35012575 0 0.01 35 32.9 0.104537 -0.0684452 21.5198 0.071093 -0.0443318 1.81826
35016690 0 0.01 35 32.9 -0.377363 0.118333 28.4613 -0.325025 0.100533 1.81826
47002410 0 0.01 35 32.9 -0.484072 -0.478253 23.2379 -0.338941 -0.336148 1.81863
47007485 0 0.01 35 32.9 -0.458496 -0.0863028 15.2624 -0.213242 -0.0384423 1.81863
47007497 0 0.01 35 32.9 0.0328255 0.242026 68.302 0.0667316 0.502833 1.81863
47007926 0 0.01 35 32.9 -0.349915 0.444971 38.1915 -0.404207 0.51804 1.81863
47008803 0 0.01 35 32.9 0.123459 0.0862289 24.7023 0.0920977 0.0655689 1.81863
47010675 0 0.01 35 32.9 0.0112357 -0.367296 29.9082 0.0103592 -0.333893 1.81863
47011095 0 0.01 35 32.9 0.354489 -0.270857 28.0881 0.299824 -0.232574 1.81863
47013831 0 0.01 35 32.9 0.320052 0.123566 24.9165 0.24334 0.0951674 1.81863
47015727 0 0.01 35 32.9 0.0542456 -0.0499595 28.7079 0.0471685 -0.0428309 1.81863
47016633 0 0.01 35 32.9 -0.314194 0.0181257 27.276 -0.259758 0.0163703 1.81863
47017029 0 0.01 35 32.9 -0.497014 0.159376 15.3302 -0.232304 0.0755089 1.81863
47017493 0 0.01 35 32.9 0.462553 -0.341002 20.3671 0.289062 -0.210095 1.81863
47017565 0 0.01 35 32.9 0.136977 0.259529 29.2179 0.12206 0.228679 1.81863
47018157 0 0.01 35 32.9 0.384236 -0.16896 113.927 1.33413 -0.584251 1.81863
47018293 0 0.01 35 32.9 -0.343255 -0.258108 29.4427 -0.306724 -0.227075 1.81863
47020198 0 0.01 35 32.9 0.332323 0.036009 15.1992 0.152278 0.021541 1.81863
99000989 0 0.01 35 32.9 0.423654 -0.193099 11.9407 0.154636 -0.0664986 1.81867
99004435 0 0.01 35 32.9 0.479675 -0.356117 124.627 1.81678 -1.34788 1.81867
99008052 0 0.01 35 32.9 0.36229 0.291829 27.1239 0.293856 0.243069 1.81867
99008606 0 0.01 35 32.9 0.0623927 0.382988 27.5844 0.0525003 0.321692 1.81867
99010398 0 0.01 35 32.9 -0.465421 0.33532 29.1369 -0.408244 0.299276 1.81867
99014591 0 0.01 35 32.9 0.381891 0.0727659 14.4215 0.169589 0.02517 1.81867
99015106 0 0.01 35 32.9 0.00166362 0.422059 34.6765 0.00190478 0.44481 1.81867
99018148 0 0.01 35 32.9 0.412363 -0.0606736 29.3262 0.364741 -0.0485221 1.81867
42002258 0 0.01 35 32.9 0.222577 0.258768 26.0652 0.17522 0.207723 1.81836
42002518 0 0.01 35 32.9 0.436364 -0.234679 26.4794 0.351512 -0.188925 1.81836
42003065 0 0.01 35 32.9 0.0742259 0.0219416 25.9775 0.0589189 0.0209482 1.81836
42003685 0 0.01 35 32.9 -0.0628772 -0.497124 17.4584 -0.032972 -0.260478 1.81836
42003914 0 0.01 35 32.9 -0.0315124 0.27274 29.3282 -0.0334449 0.244151 1.81836
42005485 0 0.01 35 32.9 -0.311617 -0.498974 28.4885 -0.272751 -0.432005 1.81836
42005502 0 0.01 35 32.9 -0.337811 0.0274886 25.7726 -0.262195 0.0191811 1.81836
42006913 0 0.01 35 32.9 -0.353618 -0.178625 25.9243 -0.277567 -0.144376 1.81836
42007564 0 0.01 35 32.9 0.266398 0.210781 28.6352 0.233904 0.180538 1.81836
42019119 0 0.01 35 32.9 0.372271 0.0275895 31.2854 0.355395 0.0213953 1.81836
41000118 0 0.01 35 32.9 0.258447 -0.0809884 29.5446 0.233996 -0.0722126 1.81795
41005643 0 0.01 35 32.9 -0.0318101 0.474361 26.7412 -0.027661 0.386776 1.81795
41009645 0 0.01 35 32.9 -0.0445866 0.219624 29.3342 -0.0386468 0.195457 1.81795
41011074 0 0.01 35 32.9 0.155487 -0.368198 28.5942 0.130955 -0.319392 1.81795
41011098 0 0.01 35 32.9 0.331356 0.251222 53.1715 0.53629 0.407544 1.81795
41013544 0 0.01 35 32.9 0.306705 -0.310793 40.782 0.377053 -0.382989 1.81795
41013911 0 0.01 35 32.9 -0.108312 0.265303 10.0758 -0.0281426 0.0845465 1.81795
41016500 0 0.01 35 32.9 0.280434 -0.370788 26.7545 0.224576 -0.302373 1.81795
41017838 0 0.01 35 32.9 -0.379461 -0.0577443 24.4183 -0.280552 -0.0445865 1.81795
41018921 0 0.01 35 32.9 0.360627 -0.272939 52.0266 0.570932 -0.429808 1.81795
34003124 0 0.01 35 32.9 0.353781 0.0585573 26.5044 0.282572 0.0457263 1.81761
34004348 0 0.01 35 32.9 0.0246888 -0.182434 44.0325 0.0358905 -0.241418 1.81761
34004727 0 0.01 35 32.9 -0.106714 -0.314143 24.6235 -0.0803584 -0.233585 1.81761
34009378 0 0.01 35 32.9 -0.0537167 -0.271486 24.9466 -0.0386445 -0.203349 1.81761
34013949 0 0.01 35 32.9 -0.489501 0.256346 27.7861 -0.417488 0.220998 1.81761
34014940 0 0.01 35 32.9 0.396324 -0.364192 16.888 0.199622 -0.184506 1.81761
34016503 0 0.01 35 32.9 -0.345278 0.314471 25.8821 -0.270883 0.247914 1.81761
34016772 0 0.01 35 32.9 -0.0855352 -0.47949 27.9512 -0.0722349 -0.409 1.81761
34017103 0 0.01 35 32.9 0.336797 -0.143538 24.2778 0.244706 -0.105911 1.81761
34018953 0 0.01 35 32.9 -0.223708 0.251502 7.36283 -0.0533986 0.0537078 1.81761
33004545 0 0.01 35 32.9 -0.493764 0.358188 23.8533 -0.358524 0.260234 1.81821
33005377 0 0.01 35 32.9 -0.11097 -0.0631437 20.7602 -0.0659091 -0.0414303 1.81821
33006118 0 0.01 35 32.9 0.12718 0.00683073 30.9247 0.119778 0.00439212 1.81821
33006661 0 0.01 35 32.9 0.376543 0.418673 21.7159 0.247554 0.277554 1.81821
33006878 0 0.01 35 32.9 0.121306 0.14244 22.6783 0.0785618 0.0988762 1.81821
33008727 0 0.01 35 32.9 0.492476 -0.0932962 25.0652 0.374101 -0.0724865 1.81821
33008835 0 0.01 35 32.9 -0.154449 0.387437 34.5505 -0.16093 0.404301 1.81821
33017464 0 0.01 35 32.9 -0.059518 0.155567 29.5704 -0.0510693 0.142882 1.81821
32000086 0 0.01 35 32.9 0.314065 0.249004 20.3045 0.197378 0.16221 1.81678
32000284 0 0.01 35 32.9 0.397583 -0.485941 21.469 0.258218 -0.310276 1.81678
32001388 0 0.01 35 32.9 0.218156 0.487871 22.3409 0.153062 0.331807 1.81678
32003442 0 0.01 35 32.9 0.454928 -0.043308 51.1905 0.704355 -0.0655083 1.81678
32006081 0 0.01 35 32.9 0.103992 -0.0378685 83.5651 0.265761 -0.0970306 1.81678
32009636 0 0.01 35 32.9 -0.206055 0.257824 29.6542 -0.190353 0.231744 1.81678
32012148 0 0.01 35 32.9 -0.138529 0.03636 34.8983 -0.144606 0.038659 1.81678
32013425 0 0.01 35 32.9 0.0720368 0.0259007 46.6942 0.101981 0.0379634 1.81678
32016599 0 0.01 35 32.9 0.189245 0.407088 30.1354 0.169689 0.374147 1.81678
32018188 0 0.01 35 32.9 -0.349766 -0.00591775 29.7736 -0.31517 -0.00465829 1.81678
32018839 0 0.01 35 32.9 -0.193637 -0.410207 37.4628 -0.218746 -0.467239 1.81678
32019139 0 0.01 35 32.9 -0.435114 0.25092 26.7158 -0.354407 0.200722 1.81678
32019223 0 0.01 35 32.9 0.104366 -0.390622 30.2098 0.095752 -0.357694 1.81678
31002679 0 0.01 35 32.9 0.286471 0.456095 24.2695 0.210867 0.337181 1.81869
31004661 0 0.01 35 32.9 0.0420399 -0.328132 30.036 0.0343119 -0.300848 1.81869
31005526 0 0.01 35 32.9 0.443 0.336476 27.0956 0.365138 0.275409 1.81869
31006237 0 0.01 35 32.9 -0.164876 0.0709786 23.6256 -0.124273 0.0536042 1.81869
31007632 0 0.01 35 32.9 0.444403 -0.233416 30.8064 0.413606 -0.218053 1.81869
31008257 0 0.01 35 32.9 0.254958 0.036731 43.1485 0.334207 0.0488327 1.81869
31009860 0 0.01 35 32.9 0.0859477 0.443508 17.1622 0.0489862 0.231529 1.81869
31013499 0 0.01 35 32.9 -0.212853 -0.254923 24.5524 -0.161104 -0.189994 1.81869
31016216 0 0.01 35 32.9 0.276234 0.311278 21.7452 0.179829 0.207664 1.81869
31018975 0 0.01 35 32.9 -0.11467 -0.36068 27.601 -0.0948718 -0.300939 1.81869
30001534 0 0.01 35 32.9 0.12823 0.123087 20.8511 0.0878223 0.0785823 1.81773
30007905 0 0.01 35 32.9 -0.0115146 -0.45225 28.5777 -0.00832825 -0.395036 1.81773
30008320 0 0.01 35 32.9 -0.15231 0.173568 27.4901 -0.127528 0.143383 1.81773
30012233 0 0.01 35 32.9 0.0922929 -0.0520706 26.3574 0.075876 -0.0391419 1.81773
30013483 0 0.01 35 32.9 0.234293 -0.316018 20.7179 0.146217 -0.20066 1.81773
30014001 0 0.01 35 32.9 -0.177425 0.357773 30.0763 -0.161644 0.328085 1.81773
30014546 0 0.01 35 32.9 0.432366 0.498952 30.4075 0.403564 0.463399 1.81773
30014558 0 0.01 35 32.9 0.406755 -0.431873 15.0758 0.185376 -0.196944 1.81773
30018190 0 0.01 35 32.9 -0.267575 0.440401 17.0081 -0.143904 0.234031 1.81773
30019912 0 0.01 35 32.9 -0.207795 -0.246193 27.2956 -0.173416 -0.202536 1.81773
63002527 0 0.01 35 32.9 -0.175212 -0.480666 28.5366 -0.149512 -0.413413 1.81868
63006768 0 0.01 35 32.9 0.454492 0.0774473 34.5884 0.477073 0.0805843 1.81868
63007040 0 0.01 35 32.9 0.363904 -0.138375 20.9069 0.231519 -0.0884888 1.81868
63007491 0 0.01 35 32.9 0.117921 0.0588277 26.8861 0.0975045 0.0502103 1.81868
63018133 0 0.01 35 32.9 0.228219 -0.411919 29.0214 0.198837 -0.364544 1.81868
63019029 0 0.01 35 32.9 -0.0861982 0.253411 47.8012 -0.123794 0.367907 1.81868
63019845 0 0.01 35 32.9 -0.438511 -0.420324 40.2798 -0.538114 -0.513321 1.81868
62002563 0 0.01 35 32.9 0.163726 0.365478 21.705 0.107698 0.24235 1.81885
62006950 0 0.01 35 32.9 -0.374915 -0.475485 8.33723 -0.0870264 -0.118214 1.81885
62007483 0 0.01 35 32.9 0.3272 0.25815 25.8126 0.256253 0.206267 1.81885
62008218 0 0.01 35 32.9 -0.0852602 0.0669156 29.6958 -0.0778257 0.0579398 1.81885
62008854 0 0.01 35 32.9 0.0787269 -0.0681422 11.6103 0.0254513 -0.0172585 1.81885
62010228 0 0.01 35 32.9 -0.0759952 0.0974904 39.7239 -0.0932857 0.118173 1.81885
62011899 0 0.01 35 32.9 -0.445366 0.164866 21.5868 -0.292184 0.11306 1.81885
62014006 0 0.01 35 32.9 0.213839 -0.478651 25.639 0.16697 -0.37498 1.81885
62015275 0 0.01 35 32.9 0.163687 0.387587 24.8044 0.12168 0.293497 1.81885
62017224 0 0.01 35 32.9 0.07496 -0.0155474 25.8809 0.0588192 -0.00921363 1.81885
62019395 0 0.01 35 32.9 -0.133113 -0.420329 36.8664 -0.151326 -0.472818 1.81885
54000458 0 0.01 35 32.9 0.217931 0.458622 87.4317 0.578462 1.22002 1.81899
54002122 0 0.01 35 32.9 -0.228352 -0.399038 28.1482 -0.193185 -0.342469 1.81899
54004490 0 0.01 35 32.9 -0.0569365 -0.0368841 18.4222 -0.031325 -0.0234631 1.81899
54013259 0 0.01 35 32.9 -0.298585 0.158194 16.2448 -0.149094 0.0797645 1.81899
54014069 0 0.01 35 32.9 0.154768 -0.220536 22.3735 0.103096 -0.151352 1.81899
54018163 0 0.01 35 32.9 0.372542 0.467803 25.514 0.288771 0.361221 1.81899
54018243 0 0.01 35 32.9 0.340211 -0.354909 25.5043 0.262726 -0.275521 1.81899
54019293 0 0.01 35 32.9 0.0594094 -0.206489 42.8827 0.0787313 -0.269275 1.81899
52000112 0 0.01 35 32.9 -0.0471478 -0.228502 20.6399 -0.0274764 -0.146214 1.81848
52000969 0 0.01 35 32.9 -0.273722 -0.382971 10.6813 -0.0915663 -0.116157 1.81848
52001745 0 0.01 35 32.9 0.123714 -0.140539 8.57235 0.034374 -0.0369096 1.81848
52002113 0 0.01 35 32.9 0.371416 0.425163 30.7254 0.347227 0.398005 1.81848
52002291 0 0.01 35 32.9 -0.408861 -0.185091 18.2962 -0.222504 -0.106894 1.81848
52003911 0 0.01 35 32.9 -0.452337 -0.394747 14.0859 -0.199095 -0.16593 1.81848
52004023 0 0.01 35 32.9 0.191615 0.427765 45.6123 0.262787 0.594016 1.81848
52008530 0 0.01 35 32.9 -0.213071 0.356296 19.5395 -0.128718 0.212335 1.81848
52008914 0 0.01 35 32.9 0.392791 -0.145373 28.0116 0.335295 -0.120406 1.81848
52011799 0 0.01 35 32.9 0.223445 -0.383286 28.8129 0.197327 -0.335197 1.81848
52012825 0 0.01 35 32.9 -0.0914974 -0.0508141 26.9778 -0.0770239 -0.0393453 1.81848
52013636 0 0.01 35 32.9 -0.273023 -0.145352 28.272 -0.235428 -0.120514 1.81848
52013874 0 0.01 35 32.9 0.200027 0.417313 27.8628 0.169651 0.350197 1.81848
52013999 0 0.01 35 32.9 -0.165693 -0.136962 24.2293 -0.122403 -0.0998468 1.81848
52016448 0 0.01 35 32.9 -0.15781 -0.497702 10.2139 -0.0540133 -0.154787 1.81848
52017676 0 0.01 35 32.9 -0.220624 -0.497273 17.3275 -0.116152 -0.263102 1.81848
52018057 0 0.01 35 32.9 0.000419736 0.392465 22.3642 -0.00216226 0.266872 1.81848
52019861 0 0.01 35 32.9 -0.0782728 -0.374471 18.9745 -0.0472811 -0.21124 1.81848
52020174 0 0.01 35 32.9 0.113062 -0.389698 23.5305 0.077883 -0.278285 1.81848
53000104 0 0.01 35 32.9 0.0683548 0.299955 21.7668 0.0466974 0.193714 1.81833
53000804 0 0.01 35 32.9 0.0828332 -0.362848 23.1898 0.0572175 -0.255236 1.81833
53002718 0 0.01 35 32.9 0.283204 0.244815 36.8612 0.317537 0.276035 1.81833
53007770 0 0.01 35 32.9 -0.188839 0.0266478 27.9795 -0.163287 0.0195523 1.81833
53012419 0 0.01 35 32.9 0.137798 0.310446 17.4703 0.0783708 0.164766 1.81833
53016161 0 0.01 35 32.9 0.34058 0.29294 50.5151 0.522239 0.451086 1.81833
53016971 0 0.01 35 32.9 0.0582695 0.0824071 16.3719 0.0289525 0.0430491 1.81833
53017934 0 0.01 35 32.9 0.274374 -0.372088 29.5207 0.24484 -0.331681 1.81833
53019704 0 0.01 35 32.9 -0.42377 -0.239768 24.5063 -0.313873 -0.178366 1.81833
53019717 0 0.01 35 32.9 -0.440764 -0.10821 44.3979 -0.595825 -0.145674 1.81833
27004435 0 0.01 35 32.9 0.112956 0.0219674 29.4657 0.100402 0.0233148 1.8173
27005492 0 0.01 35 32.9 -0.29715 -0.301536 12.6649 -0.114186 -0.120575 1.8173
27006683 0 0.01 35 32.9 -0.486505 -0.0710497 36.8715 -0.544797 -0.077822 1.8173
27008713 0 0.01 35 32.9 0.348 -0.234832 36.9369 0.394562 -0.263799 1.8173
27013362 0 0.01 35 32.9 -0.0140902 0.0662029 44.1156 -0.0185753 0.0875392 1.8173
27015557 0 0.01 35 32.9 0.0627172 0.15791 29.7835 0.0557046 0.14413 1.8173
27016450 0 0.01 35 32.9 0.330941 -0.13615 30.568 0.307827 -0.125728 1.8173
27017367 0 0.01 35 32.9 -0.314235 0.379759 13.8894 -0.132684 0.159358 1.8173
27019467 0 0.01 35 32.9 -0.071494 0.316826 19.2091 -0.0415747 0.184963 1.8173
27020264 0 0.01 35 32.9 -0.409218 -0.0153822 24.1683 -0.298926 -0.0141963 1.8173
27020282 0 0.01 35 32.9 0.207024 -0.0647606 38.453 0.241751 -0.0714519 1.8173
26002704 0 0.01 35 32.9 0.432586 0.223883 30.24 0.401021 0.204113 1.81884
26003011 0 0.01 35 32.9 -0.128015 0.172567 28.2692 -0.108926 0.148259 1.81884
26006954 0 0.01 35 32.9 0.489975 -0.319867 16.5008 0.245695 -0.162581 1.81884
26008660 0 0.01 35 32.9 0.0839121 -0.22613 28.5083 0.0733505 -0.191584 1.81884
26009311 0 0.01 35 32.9 0.311023 0.226592 25.5979 0.241854 0.174428 1.81884
26009603 0 0.01 35 32.9 0.494491 -0.124358 21.4521 0.317928 -0.079128 1.81884
26009726 0 0.01 35 32.9 0.201224 -0.243623 29.0317 0.175327 -0.211516 1.81884
26010017 0 0.01 35 32.9 0.00594673 0.452976 27.5492 0.00565797 0.376797 1.81884
26011149 0 0.01 35 32.9 -0.236054 0.434758 70.049 -0.502929 0.927425 1.81884
26015215 0 0.01 35 32.9 -0.39415 0.147291 59.3095 -0.710365 0.268254 1.81884
26017964 0 0.01 35 32.9 -0.305419 -0.0806615 21.6342 -0.200569 -0.0516867 1.81884
26018229 0 0.01 35 32.9 -0.266211 0.429644 29.5706 -0.237184 0.387699 1.81884
26019729 0 0.01 35 32.9 -0.0508244 0.144188 38.1895 -0.0585757 0.167378 1.81884
25003808 0 0.01 35 32.9 0.444329 0.29031 37.9169 0.514505 0.333689 1.81856
25008209 0 0.01 35 32.9 0.314102 0.281831 24.2593 0.231348 0.204266 1.81856
25008566 0 0.01 35 32.9 0.367587 0.34425 28.4703 0.319806 0.299382 1.81856
25008809 0 0.01 35 32.9 -0.117059 0.0447713 20.1575 -0.0724617 0.0295101 1.81856
25011379 0 0.01 35 32.9 -0.442247 -0.212798 26.0557 -0.350564 -0.168302 1.81856
25012215 0 0.01 35 32.9 -0.261216 0.0894095 30.2266 -0.240395 0.0828442 1.81856
25012360 0 0.01 35 32.9 0.422603 -0.303794 37.4141 0.481297 -0.344707 1.81856
25012573 0 0.01 35 32.9 -0.0235002 -0.176966 22.0711 -0.0148253 -0.122024 1.81856
25013377 0 0.01 35 32.9 0.306928 -0.0206797 23.5002 0.213848 -0.0164781 1.81856
25015812 0 0.01 35 32.9 -0.44564 0.257138 22.5543 -0.302787 0.176228 1.81856
25016038 0 0.01 35 32.9 0.00846682 0.458373 29.3945 0.0113705 0.409571 1.81856
25017208 0 0.01 35 32.9 -0.288748 0.234566 10.3559 -0.0872149 0.0800239 1.81856
25018488 0 0.01 35 32.9 -0.474138 -0.488097 21.3416 -0.303964 -0.314634 1.81856
20000044 0 0.01 35 32.9 -0.436063 -0.261722 21.5668 -0.284267 -0.174562 1.81888
20003531 0 0.01 35 32.9 0.498893 -0.159306 25.5998 0.389332 -0.123452 1.81888
20003577 0 0.01 35 32.9 0.142688 -0.211508 23.0575 0.101155 -0.147179 1.81888
20004069 0 0.01 35 32.9 -0.174739 0.36773 29.0717 -0.154643 0.323514 1.81888
20006250 0 0.01 35 32.9 -0.330298 -0.0980477 29.9822 -0.300852 -0.0917263 1.81888
20006525 0 0.01 35 32.9 0.309059 -0.237577 24.771 0.233996 -0.174941 1.81888
20006676 0 0.01 35 32.9 0.251434 0.00413501 10.9088 0.0842866 0.00318987 1.81888
20008162 0 0.01 35 32.9 0.437907 0.469914 24.1306 0.320866 0.343926 1.81888
20012486 0 0.01 35 32.9 0.0277394 -0.353014 11.828 0.0132983 -0.129837 1.81888
20015278 0 0.01 35 32.9 0.4649 0.133602 26.591 0.376936 0.106581 1.81888
20015577 0 0.01 35 32.9 0.137112 -0.172268 29.4406 0.124674 -0.153173 1.81888
20019783 0 0.01 35 32.9 0.0554008 -0.0131192 28.4173 0.0456407 -0.0108724 1.81888
20019926 0 0.01 35 32.9 -0.00953198 -0.438433 12.6071 0.00239595 -0.166561 1.81888
19002526 0 0.01 35 32.9 0.4813 0.127569 7.20698 0.103768 0.037133 1.81879
19007722 0 0.01 35 32.9 0.279457 0.476264 36.2821 0.307873 0.523297 1.81879
19007743 0 0.01 35 32.9 0.173808 -0.364045 27.8639 0.150355 -0.306588 1.81879
19008583 0 0.01 35 32.9 0.000948037 -0.153277 27.1675 0.00107322 -0.127055 1.81879
19011622 0 0.01 35 32.9 0.0668827 0.248511 25.9949 0.0503522 0.195094 1.81879
19011877 0 0.01 35 32.9 -0.496916 -0.125797 44.3662 -0.670216 -0.168769 1.81879
19014708 0 0.01 35 32.9 0.425177 0.0404228 26.3022 0.343551 0.0310572 1.81879
19016344 0 0.01 35 32.9 -0.374466 0.198955 23.3607 -0.263636 0.14185 1.81879
19017114 0 0.01 35 32.9 -0.428635 0.108012 23.1503 -0.303792 0.0789562 1.81879
19017360 0 0.01 35 32.9 -0.120441 -0.0200769 17.0343 -0.0617628 -0.0182711 1.81879
19018096 0 0.01 35 32.9 -0.17306 0.200311 28.9256 -0.150625 0.176488 1.81879
19019905 0 0.01 35 32.9 0.265104 0.439065 14.1924 0.113722 0.191607 1.81879
381 0 0.01 35 32.9 -0.200047 -0.369706 54.013 -0.329733 -0.608047 1.81952
1294 0 0.01 35 32.9 0.40704 0.454931 20.4606 0.25161 0.283292 1.81952
1381 0 0.01 35 32.9 -0.238666 0.254422 27.1195 -0.195378 0.20985 1.81952
1863 0 0.01 35 32.9 0.156253 0.21556 15.3774 0.0704533 0.110948 1.81952
5360 0 0.01 35 32.9 0.226681 0.43055 23.1829 0.158665 0.303879 1.81952
6924 0 0.01 35 32.9 0.286322 -0.0215059 16.3406 0.138574 -0.00771432 1.81952
7255 0 0.01 35 32.9 0.0292914 -0.226924 25.4474 0.024473 -0.171742 1.81952
12772 0 0.01 35 32.9 0.424565 0.279166 28.3662 0.366166 0.243423 1.81952
14857 0 0.01 35 32.9 -0.0118555 -0.26785 29.3532 -0.012827 -0.237916 1.81952
15815 0 0.01 35 32.9 0.219314 -0.41485 24.4582 0.163257 -0.307721 1.81952
16421 0 0.01 35 32.9 0.396748 0.443009 33.3735 0.403416 0.451272 1.81952
17079 0 0.01 35 32.9 0.426374 0.0444056 23.6361 0.303279 0.0302135 1.81952
18996 0 0.01 35 32.9 0.0780469 0.0848436 30.0735 0.0736803 0.0781425 1.81952
19689 0 0.01 35 32.9 -0.209503 -0.204648 23.87 -0.1528 -0.150627 1.81952
13000833 0 0.01 35 32.9 0.289822 0.452315 31.4164 0.275449 0.43295 1.81805
13003275 0 0.01 35 32.9 0.199246 0.0281541 23.2829 0.13826 0.0183564 1.81805
13004689 0 0.01 35 32.9 0.326242 0.0985014 25.8309 0.258383 0.0786009 1.81805
13005310 0 0.01 35 32.9 -0.436902 0.285757 23.1562 -0.307801 0.199611 1.81805
13005897 0 0.01 35 32.9 0.440607 -0.163482 22.2086 0.294036 -0.107805 1.81805
13011705 0 0.01 35 32.9 -0.212587 0.0836504 11.6193 -0.0797658 0.0310692 1.81805
13013941 0 0.01 35 32.9 0.212707 0.0483096 34.4234 0.221752 0.0518984 1.81805
13015025 0 0.01 35 32.9 -0.103713 -0.315405 15.7716 -0.0494894 -0.148663 1.81805
13018347 0 0.01 35 32.9 0.425364 0.367176 19.6435 0.25321 0.219541 1.81805
13019211 0 0.01 35 32.9 0.321596 -0.475348 68.1622 0.665226 -0.981718 1.81805
12001205 0 0.01 35 32.9 0.277402 0.280082 30.56 0.257171 0.260677 1.81758
12001646 0 0.01 35 32.9 0.431151 -0.391379 29.3759 0.38565 -0.348621 1.81758
12003170 0 0.01 35 32.9 -0.117217 0.150349 28.527 -0.0988293 0.131224 1.81758
12005260 0 0.01 35 32.9 -0.397557 -0.192865 33.3951 -0.400232 -0.194691 1.81758
12009292 0 0.01 35 32.9 0.428292 0.273987 37.57 0.490324 0.314732 1.81758
12011294 0 0.01 35 32.9 0.0654286 0.432555 29.0448 0.0618094 0.383885 1.81758
12014866 0 0.01 35 32.9 -0.0138225 -0.440032 23.0572 -0.00686991 -0.303881 1.81758
12015411 0 0.01 35 32.9 -0.323926 0.0430609 26.2125 -0.262536 0.0358717 1.81758
12017356 0 0.01 35 32.9 -0.00262655 -0.196661 29.557 -0.00183368 -0.175669 1.81758
8000622 0 0.01 35 32.9 0.158483 -0.248667 32.0501 0.155085 -0.241076 1.81728
8001923 0 0.01 35 32.9 0.222438 -0.0709254 29.4461 0.199713 -0.0625454 1.81728
8006321 0 0.01 35 32.9 -0.0193614 -0.238505 71.9248 -0.0438697 -0.521069 1.81728
8006615 0 0.01 35 32.9 -0.46838 0.150026 15.1019 -0.216638 0.0744404 1.81728
8007662 0 0.01 35 32.9 0.0706922 -0.281719 110.38 0.237336 -0.942008 1.81728
8012499 0 0.01 35 32.9 -0.303968 -0.0660343 26.1936 -0.242329 -0.0548213 1.81728
8012672 0 0.01 35 32.9 0.46028 -0.247105 28.8702 0.406058 -0.218362 1.81728
8013550 0 0.01 35 32.9 0.190091 0.41701 24.3179 0.143346 0.309084 1.81728
8014172 0 0.01 35 32.9 -0.300596 -0.0695651 19.4552 -0.178752 -0.0411601 1.81728
8014738 0 0.01 35 32.9 -0.185835 -0.476865 31.7719 -0.179237 -0.459273 1.81728
8015524 0 0.01 35 32.9 -0.284786 -0.122944 27.9729 -0.23835 -0.106704 1.81728
8017283 0 0.01 35 32.9 -0.213227 -0.273428 9.0476 -0.0577415 -0.0746665 1.81728
8018853 0 0.01 35 32.9 -0.367735 -0.060991 69.7807 -0.779267 -0.127365 1.81728
8019459 0 0.01 35 32.9 0.185114 0.35378 18.3636 0.0980431 0.198438 1.81728
8019567 0 0.01 35 32.9 -0.264689 0.381138 24.885 -0.198219 0.289134 1.81728
8020145 0 0.01 35 32.9 -0.369651 0.125945 20.1685 -0.228972 0.0800105 1.81728
82000729 0 0.01 35 32.9 0.0983195 0.143177 45.7968 0.137551 0.203206 1.81855
82001920 0 0.01 35 32.9 -0.0855632 0.393831 37.4132 -0.100402 0.448671 1.81855
82003259 0 0.01 35 32.9 -0.322482 0.339782 24.7522 -0.24204 0.25177 1.81855
82003286 0 0.01 35 32.9 -0.309766 0.040138 19.0942 -0.179413 0.026837 1.81855
82005026 0 0.01 35 32.9 -0.41495 -0.040436 21.6229 -0.272309 -0.0280503 1.81855
82005990 0 0.01 35 32.9 -0.151405 0.324059 28.228 -0.129181 0.277021 1.81855
82006329 0 0.01 35 32.9 -0.229847 -0.215003 54.4113 -0.382892 -0.354463 1.81855
82006596 0 0.01 35 32.9 0.301448 -0.178121 21.4632 0.197436 -0.113013 1.81855
82007157 0 0.01 35 32.9 -0.190199 -0.192156 41.3355 -0.238308 -0.240227 1.81855
82010439 0 0.01 35 32.9 0.285389 0.298535 19.0452 0.163154 0.177389 1.81855
82010478 0 0.01 35 32.9 0.191462 -0.0741274 70.8325 0.411247 -0.161091 1.81855
82012729 0 0.01 35 32.9 0.106438 -0.0969382 19.0983 0.0542958 -0.0568072 1.81855
82013398 0 0.01 35 32.9 -0.283594 0.0135556 13.7833 -0.119053 0.00339118 1.81855
82013616 0 0.01 35 32.9 -0.283692 -0.367298 25.3982 -0.220348 -0.282523 1.81855
82015162 0 0.01 35 32.9 -0.0129279 -0.227241 27.075 -0.0140033 -0.186627 1.81855
82015960 0 0.01 35 32.9 0.107506 -0.480916 28.592 0.0910148 -0.418768 1.81855
82016023 0 0.01 35 32.9 -0.383537 0.400475 51.0559 -0.597462 0.620934 1.81855
82016539 0 0.01 35 32.9 0.479229 -0.0101073 29.8166 0.435203 -0.00942704 1.81855
81003125 0 0.01 35 32.9 -0.376717 -0.450332 21.3815 -0.247629 -0.286926 1.81697
81003140 0 0.01 35 32.9 -0.1504 -0.0356116 27.9574 -0.130151 -0.0301112 1.81697
81005054 0 0.01 35 32.9 0.323491 0.4941 14.0435 0.131842 0.211225 1.81697
81013112 0 0.01 35 32.9 -0.165689 0.0508565 26.5924 -0.129257 0.0410902 1.81697
81014148 0 0.01 35 32.9 -0.248068 0.174093 28.7545 -0.217321 0.150713 1.81697
46001507 0 0.01 35 32.9 0.0264638 -0.216941 16.4477 0.0125774 -0.109107 1.81777
46001698 0 0.01 35 32.9 -0.0420778 0.0897911 20.101 -0.0268969 0.0547033 1.81777
46002043 0 0.01 35 32.9 0.0457749 -0.356501 35.4729 0.0490546 -0.379518 1.81777
46004098 0 0.01 35 32.9 0.146466 0.00481571 40.9981 0.18198 0.00881889 1.81777
46005054 0 0.01 35 32.9 -0.42032 0.400402 11.1655 -0.133761 0.136903 1.81777
46005213 0 0.01 35 32.9 -0.0530682 -0.222341 28.5743 -0.0461981 -0.189668 1.81777
46008993 0 0.01 35 32.9 -0.378223 0.364128 27.8724 -0.319743 0.304953 1.81777
46009262 0 0.01 35 32.9 -0.338619 -0.168378 26.2512 -0.273061 -0.13915 1.81777
46009288 0 0.01 35 32.9 0.0780081 -0.421718 24.4843 0.05533 -0.313196 1.81777
46009419 0 0.01 35 32.9 -0.304194 0.33716 20.8468 -0.19786 0.214091 1.81777
46011682 0 0.01 35 32.9 -0.365229 0.138002 24.0572 -0.268623 0.0971417 1.81777
46011687 0 0.01 35 32.9 -0.351205 0.446069 28.8235 -0.305493 0.392252 1.81777
46013735 0 0.01 35 32.9 -0.306216 -0.0238199 45.8513 -0.425414 -0.033431 1.81777
46017482 0 0.01 35 32.9 -0.488209 0.0105217 25.392 -0.377589 0.0114063 1.81777
46018009 0 0.01 35 32.9 0.370666 -0.461126 31.6319 0.359857 -0.441291 1.81777
46019145 0 0.01 35 32.9 0.402311 -0.369596 29.0647 0.352498 -0.325824 1.81777
45006316 0 0.01 35 32.9 -0.052 -0.0508931 29.8243 -0.0459772 -0.0482748 1.81889
45010234 0 0.01 35 32.9 0.178853 -0.453984 29.0698 0.158285 -0.399737 1.81889
45010381 0 0.01 35 32.9 0.340509 0.356179 29.7083 0.309966 0.321757 1.81889
45012038 0 0.01 35 32.9 -0.294322 -0.367442 29.1475 -0.25991 -0.324537 1.81889
45013671 0 0.01 35 32.9 -0.46695 -0.276496 57.2251 -0.813483 -0.478884 1.81889
45014215 0 0.01 35 32.9 0.159951 -0.139856 39.7663 0.19485 -0.167357 1.81889
45018020 0 0.01 35 32.9 0.309747 0.0903859 12.8478 0.122997 0.0319021 1.81889
98000789 0 0.01 35 32.9 -0.0599009 -0.180032 28.6747 -0.0551657 -0.157659 1.81856
98001964 0 0.01 35 32.9 0.270975 0.282779 20.5911 0.16882 0.176616 1.81856
98002150 0 0.01 35 32.9 -0.150589 -0.235124 24.0813 -0.110464 -0.172948 1.81856
98008859 0 0.01 35 32.9 -0.339499 -0.371371 28.5239 -0.294145 -0.321508 1.81856
98012801 0 0.01 35 32.9 0.470953 -0.350603 14.699 0.205727 -0.162222 1.81856
98012819 0 0.01 35 32.9 -0.209753 0.263191 27.5571 -0.175273 0.221512 1.81856
98014276 0 0.01 35 32.9 0.177262 0.0169725 23.3061 0.124168 0.0152372 1.81856
98014792 0 0.01 35 32.9 0.444752 -0.110771 27.2628 0.367019 -0.089789 1.81856
98017542 0 0.01 35 32.9 -0.266027 0.0861748 13.3183 -0.108013 0.0374979 1.81856
80000491 0 0.01 35 32.9 -0.393148 0.394569 26.1056 -0.3139 0.315861 1.81874
80003127 0 0.01 35 32.9 -0.428267 0.1244 24.8949 -0.327068 0.0956715 1.81874
80003401 0 0.01 35 32.9 0.356738 0.277125 29.1779 0.317182 0.244611 1.81874
80004559 0 0.01 35 32.9 -0.177678 0.00881714 11.61 -0.0688765 0.00228725 1.81874
80005947 0 0.01 35 32.9 -0.465484 -0.475795 41.0183 -0.582026 -0.593107 1.81874
80006550 0 0.01 35 32.9 -0.21534 -0.497544 34.7191 -0.225699 -0.528139 1.81874
80007271 0 0.01 35 32.9 0.163921 0.496961 29.1264 0.144907 0.439488 1.81874
80007791 0 0.01 35 32.9 0.0774389 0.0242211 21.3028 0.0461887 0.0166366 1.81874
80008545 0 0.01 35 32.9 0.0749091 0.405415 40.524 0.0936905 0.499286 1.81874
80008650 0 0.01 35 32.9 0.428004 -0.387517 32.271 0.419857 -0.381257 1.81874
80013273 0 0.01 35 32.9 -0.062206 0.135967 18.2727 -0.0371771 0.0771452 1.81874
80014255 0 0.01 35 32.9 -0.480088 -0.21258 21.8373 -0.318852 -0.142893 1.81874
80015999 0 0.01 35 32.9 -0.357855 -0.115274 28.0662 -0.307236 -0.102579 1.81874
80017950 0 0.01 35 32.9 0.301891 -0.0964239 28.8469 0.265092 -0.0869669 1.81874
80018652 0 0.01 35 32.9 0.441448 -0.114234 30.5607 0.406573 -0.105778 1.81874
80018825 0 0.01 35 32.9 0.13682 -0.0576564 15.4411 0.0665211 -0.0260971 1.81874
80018994 0 0.01 35 32.9 0.401362 0.128858 30.9432 0.38147 0.119141 1.81874
80019419 0 0.01 35 32.9 0.131121 0.185271 17.4449 0.0679956 0.100356 1.81874
65000090 0 0.01 35 32.9 0.302556 -0.00429802 39.7671 0.367724 -0.00474482 1.81766
65001315 0 0.01 35 32.9 0.438659 -0.270016 40.8523 0.543321 -0.336216 1.81766
65001535 0 0.01 35 32.9 -0.255612 0.264635 29.3094 -0.224721 0.237838 1.81766
65002599 0 0.01 35 32.9 -0.356234 -0.410324 16.7108 -0.182223 -0.207407 1.81766
65006058 0 0.01 35 32.9 -0.474437 -0.498266 36.5921 -0.525462 -0.551703 1.81766
65009921 0 0.01 35 32.9 -0.0102878 0.243514 26.9868 -0.0109321 0.197754 1.81766
65010340 0 0.01 35 32.9 -0.167098 -0.352766 24.7388 -0.123855 -0.262934 1.81766
65010932 0 0.01 35 32.9 0.475482 -0.106774 23.2221 0.338946 -0.0732176 1.81766
65011976 0 0.01 34.9999 32.9 -0.0351136 0.452594 63.2399 -0.0652415 0.871353 1.81766
65011997 0 0.01 35 32.9 0.0932256 0.241316 16.0053 0.0484676 0.123078 1.81766
65013311 0 0.01 35 32.9 -0.31923 -0.166532 24.373 -0.235318 -0.124225 1.81766
65013677 0 0.01 35 32.9 0.164532 -0.339023 18.0526 0.0878278 -0.182441 1.81766
65015802 0 0.01 35 32.9 0.038612 -0.402993 42.5091 0.0493321 -0.520978 1.81766
43001570 0 0.01 35 32.9 -0.324472 0.456806 27.2125 -0.269134 0.378961 1.81921
43001651 0 0.01 35 32.9 -0.102746 0.0131403 50.7324 -0.157962 0.0183413 1.81921
43002075 0 0.01 35 32.9 0.146815 0.257886 23.2061 0.106838 0.180724 1.81921
43004239 0 0.01 35 32.9 0.329601 0.401131 5.21855 0.0577181 0.076946 1.81921
43008667 0 0.01 35 32.9 0.470234 -0.405968 28.2302 0.404503 -0.345793 1.81921
43012228 0 0.01 35 32.9 -0.0814437 0.423889 27.2531 -0.0660272 0.351118 1.81921
43013656 0 0.01 35 32.9 0.266442 0.300576 19.299 0.158656 0.175046 1.81921
43017664 0 0.01 35 32.9 -0.0331285 0.215616 25.615 -0.0278133 0.168019 1.81921
97000905 0 0.01 35 32.9 0.409335 -0.201507 5.91494 0.0882168 -0.0400022 1.81687
97001878 0 0.01 35 32.9 -0.030821 0.499474 29.0264 -0.027057 0.439741 1.81687
97004883 0 0.01 35 32.9 0.316475 0.0257566 15.1705 0.149983 0.0205396 1.81687
97011655 0 0.01 35 32.9 -0.420887 0.0271295 25.9094 -0.328427 0.0197287 1.81687
97015374 0 0.01 35 32.9 -0.245573 0.107077 21.3163 -0.162002 0.0729158 1.81687
97016616 0 0.01 35 32.9 0.115442 0.435588 10.6036 0.0408531 0.141381 1.81687
97016741 0 0.01 35 32.9 -0.048907 0.313863 28.1616 -0.0436031 0.270105 1.81687
97017037 0 0.01 35 32.9 -0.358842 0.0578898 23.7591 -0.259737 0.0392169 1.81687
97017069 0 0.01 35 32.9 -0.444868 0.00667566 18.5119 -0.250558 0.00670166 1.81687
97019053 0 0.01 35 32.9 0.289467 0.037688 19.5608 0.173116 0.0194815 1.81687
29001241 0 0.01 35 32.9 -0.125463 -0.365292 26.6892 -0.10554 -0.297323 1.81764
29001603 0 0.01 35 32.9 0.456 0.169664 28.8618 0.400699 0.1504 1.81764
29006698 0 0.01 35 32.9 0.37529 -0.317845 29.7188 0.339728 -0.286517 1.81764
29008833 0 0.01 35 32.9 -0.34839 0.0280459 22.1443 -0.236737 0.0205919 1.81764
29010871 0 0.01 35 32.9 0.318192 -0.28376 18.2221 0.177023 -0.156208 1.81764
29011069 0 0.01 35 32.9 0.440093 -0.4791 20.2631 0.270378 -0.294634 1.81764
29012860 0 0.01 35 32.9 0.266574 0.479632 28.6376 0.232524 0.41521 1.81764
29013115 0 0.01 35 32.9 0.0331964 0.443024 27.0304 0.0287984 0.361058 1.81764
29013252 0 0.01 35 32.9 -0.437512 0.250007 29.5596 -0.39121 0.227744 1.81764
29015491 0 0.01 35 32.9 -0.312241 -0.0363079 35.8167 -0.340069 -0.0377964 1.81764
29016888 0 0.01 35 32.9 -0.444364 -0.353452 20.2841 -0.272991 -0.221729 1.81764
29019511 0 0.01 35 32.9 -0.195903 -0.0828962 26.9814 -0.163076 -0.065403 1.81764
29019722 0 0.01 35 32.9 -0.244093 0.474201 28.0962 -0.211084 0.406267 1.81764
29020089 0 0.01 35 32.9 0.0983525 -0.474889 25.546 0.0762725 -0.370033 1.81764
96002418 0 0.01 35 32.9 -0.428963 -0.499327 27.1323 -0.353597 -0.409774 1.81784
96002507 0 0.01 35 32.9 0.0736999 0.156783 18.8202 0.0392276 0.0911295 1.81784
96005725 0 0.01 35 32.9 0.496309 -0.200843 30.4351 0.455407 -0.189159 1.81784
96006273 0 0.01 35 32.9 0.132515 -0.303881 27.9938 0.113292 -0.253362 1.81784
96007093 0 0.01 35 32.9 -0.472299 -0.147742 27.6218 -0.396933 -0.121095 1.81784
96007125 0 0.01 35 32.9 0.154479 -0.151427 15.946 0.0714162 -0.0662164 1.81784
96008005 0 0.01 35 32.9 0.14158 -0.317684 42.6653 0.179251 -0.412096 1.81784
96009233 0 0.01 35 32.9 0.36279 -0.0370125 26.2523 0.290628 -0.0261342 1.81784
96011592 0 0.01 35 32.9 0.380793 -0.0863919 37.6284 0.436259 -0.0986351 1.81784
96012931 0 0.01 35 32.9 0.277627 -0.256959 39.097 0.325687 -0.304081 1.81784
96016613 0 0.01 35 32.9 0.206405 0.412986 25.7021 0.159778 0.328454 1.81784
96017346 0 0.01 35 32.9 0.200391 -0.196973 15.4866 0.09525 -0.0973996 1.81784
96018143 0 0.01 35 32.9 -0.223532 0.0504135 36.9059 -0.255083 0.058615 1.81784
64004450 0 0.01 35 32.9 0.0155818 0.364322 22.2131 0.00854174 0.247765 1.81402
64005859 0 0.01 35 32.9 -0.264653 0.0726454 32.1277 -0.258208 0.0725255 1.81402
64008289 0 0.01 35 32.9 0.0729223 -0.46884 32.8328 0.0729266 -0.466595 1.81402
64008860 0 0.01 35 32.9 -0.140244 0.182737 26.3149 -0.11595 0.149271 1.81402
64009948 0 0.01 35 32.9 0.340591 -0.130545 20.1196 0.207925 -0.0766664 1.81402
64010629 0 0.01 35 32.9 -0.376661 -0.418652 19.143 -0.222607 -0.242135 1.81402
64012036 0 0.01 35 32.9 0.0897284 0.355878 28.8055 0.0778484 0.311264 1.81402
64015244 0 0.01 35 32.9 0.261124 0.450433 22.4398 0.178129 0.309184 1.81402
64016963 0 0.01 35 32.9 0.287006 0.474974 28.6437 0.247889 0.412296 1.81402
44003857 0 0.01 35 32.9 0.0917601 -0.387954 26.5286 0.077459 -0.310506 1.81662
44005013 0 0.01 35 32.9 -0.497691 -0.453201 29.1927 -0.442517 -0.399928 1.81662
44009814 0 0.01 35 32.9 0.0027351 0.437473 82.4762 0.007284 1.09781 1.81662
44010206 0 0.01 35 32.9 0.164312 -0.146712 21.6712 0.104736 -0.0875284 1.81662
44013077 0 0.01 35 32.9 -0.0241601 0.429106 77.5514 -0.0571862 1.0096 1.81662
21000137 0 0.01 35 32.9 0.0176243 0.252137 26.5195 0.0148457 0.203898 1.8175
21000546 0 0.01 35 32.9 -0.458685 -0.412837 53.3337 -0.744479 -0.66907 1.8175
21001840 0 0.01 35 32.9 0.243504 -0.479395 14.7848 0.116568 -0.206862 1.8175
21007022 0 0.01 35 32.9 -0.094693 0.302694 16.1401 -0.0483912 0.139069 1.8175
21010984 0 0.01 35 32.9 -0.147114 -0.087094 49.1162 -0.219125 -0.130456 1.8175
21011881 0 0.01 35 32.9 -0.0797873 0.420726 27.7807 -0.0647944 0.354753 1.8175
21012050 0 0.01 35 32.9 -0.462834 -0.367081 38.2263 -0.536593 -0.426913 1.8175
21012789 0 0.01 35 32.9 -0.233323 0.129801 22.3921 -0.159458 0.0890228 1.8175
21013415 0 0.01 35 32.9 0.437254 -0.220542 42.5197 0.563988 -0.288674 1.8175
21014011 0 0.01 35 32.9 0.0693735 -0.262623 35.5488 0.0740901 -0.284552 1.8175
21018220 0 0.01 35 32.9 0.214681 -0.043972 13.4815 0.0877186 -0.01308 1.8175
21018271 0 0.01 35 32.9 -0.0586253 0.448916 39.1034 -0.0687828 0.534753 1.8175
18003562 0 0.01 35 32.9 -0.0294083 -0.400423 63.0094 -0.055611 -0.764602 1.81812
18006972 0 0.01 35 32.9 -0.328574 -0.438163 30.7549 -0.306463 -0.408207 1.81812
18011014 0 0.01 35 32.9 -0.156603 0.363218 27.4395 -0.134131 0.303825 1.81812
18012299 0 0.01 35 32.9 0.0096839 -0.207525 23.424 0.00887458 -0.147987 1.81812
18013181 0 0.01 35 32.9 -0.238839 -0.153326 32.129 -0.23543 -0.148805 1.81812
18014062 0 0.01 35 32.9 0.324292 0.390484 28.3637 0.279808 0.337308 1.81812
18014824 0 0.01 35 32.9 0.301856 -0.0933285 21.9347 0.204434 -0.0606561 1.81812
18015792 0 0.01 35 32.9 0.195642 -0.331356 45.5889 0.272433 -0.458052 1.81812
18017285 0 0.01 35 32.9 0.259481 0.161029 26.0826 0.203929 0.129583 1.81812
1003257 0 0.01 35 32.9 -0.175304 0.200996 33.4057 -0.17727 0.206242 1.8188
1004995 0 0.01 35 32.9 -0.0260647 0.0903633 28.3729 -0.0244015 0.0762029 1.8188
1005376 0 0.01 35 32.9 0.453327 -0.0117251 49.9348 0.689663 -0.0177936 1.8188
1007564 0 0.01 35 32.9 -0.404848 -0.0290562 34.211 -0.419977 -0.0306096 1.8188
1007896 0 0.01 35 32.9 0.277153 -0.0272718 7.95698 0.0638919 0.00664077 1.8188
1008455 0 0.01 35 32.9 0.0218492 0.30073 26.8422 0.0163336 0.246401 1.8188
1012088 0 0.01 35 32.9 0.00577427 0.478107 24.4163 0.00652869 0.351795 1.8188
1013039 0 0.01 35 32.9 -0.0604264 0.201688 39.9272 -0.0728493 0.244587 1.8188
1014168 0 0.01 35 32.9 -0.413817 0.197951 23.8236 -0.300699 0.147712 1.8188
1014714 0 0.01 35 32.9 0.308263 0.194629 36.7816 0.343237 0.216968 1.8188
1015307 0 0.01 35 32.9 -0.124813 -0.0415294 17.0066 -0.063362 -0.0227642 1.8188
1019885 0 0.01 35 32.9 -0.262681 -0.226838 18.5307 -0.145234 -0.125576 1.8188
28000280 0 0.01 35 32.9 0.0908993 0.348279 35.6212 0.0986389 0.378768 1.81934
28000798 0 0.01 35 32.9 0.420332 0.113542 65.9572 0.843099 0.224025 1.81934
28001528 0 0.01 35 32.9 0.014518 0.402304 11.2742 -0.00160194 0.139005 1.81934
28005455 0 0.01 35 32.9 0.442089 0.241723 37.4054 0.499457 0.276757 1.81934
28006897 0 0.01 35 32.9 -0.304872 -0.0667442 26.3945 -0.243376 -0.0539634 1.81934
28007565 0 0.01 35 32.9 0.0724221 -0.24555 27.1418 0.0593115 -0.201221 1.81934
28007926 0 0.01 35 32.9 0.195986 -0.196472 25.9977 0.153467 -0.155367 1.81934
28008134 0 0.01 35 32.9 0.155808 -0.162711 26.8385 0.133269 -0.13352 1.81934
28008916 0 0.01 35 32.9 0.057262 0.0445409 27.7267 0.0472131 0.0381356 1.81934
28009041 0 0.01 35 32.9 -0.0832576 -0.325904 15.1964 -0.0349909 -0.152103 1.81934
28011386 0 0.01 35 32.9 0.0734894 -0.0210217 25.1499 0.0554302 -0.0134098 1.81934
28019258 0 0.01 35 32.9 -0.347414 -0.339914 24.5814 -0.259863 -0.250292 1.81934
28020135 0 0.01 35 32.9 -0.153679 -0.347418 24.5258 -0.11237 -0.261377 1.81934
14002051 0 0.01 35 32.9 -0.238586 -0.384993 27.8368 -0.198009 -0.327799 1.81814
14007358 0 0.01 35 32.9 0.183908 -0.0212426 28.6199 0.161823 -0.0201905 1.81814
14008734 0 0.01 35 32.9 -0.253533 -0.115298 22.4053 -0.173016 -0.0775908 1.81814
14010677 0 0.01 35 32.9 0.462593 -0.0879051 25.2712 0.352875 -0.068225 1.81814
14011071 0 0.01 35 32.9 -0.215288 0.138021 28.5739 -0.188481 0.116011 1.81814
14011685 0 0.01 35 32.9 -0.313632 -0.180248 40.5306 -0.388348 -0.219844 1.81814
14012442 0 0.01 35 32.9 -0.403576 0.0182792 10.2339 -0.125826 0.00795428 1.81814
14015451 0 0.01 35 32.9 -0.227244 -0.238733 23.508 -0.159405 -0.169614 1.81814
14017461 0 0.01 35 32.9 0.410373 0.193999 8.31665 0.110748 0.0573563 1.81814
14019039 0 0.01 35 32.9 -0.348061 0.448759 28.274 -0.300665 0.385239 1.81814
17001535 0 0.01 35 32.9 0.0104766 0.100873 30.1783 0.0091692 0.092031 1.81911
17006698 0 0.01 35 32.9 0.394561 -0.228719 27.8597 0.333308 -0.192296 1.81911
17009312 0 0.01 35 32.9 0.127061 -0.253606 51.9022 0.198753 -0.40195 1.81911
17015666 0 0.01 35 32.9 -0.372303 -0.0284241 27.3499 -0.308059 -0.0246998 1.81911
17015729 0 0.01 35 32.9 0.246135 -0.376252 15.4363 0.112636 -0.17579 1.81911
17016900 0 0.01 35 32.9 -0.144082 -0.402513 26.3249 -0.117984 -0.317427 1.81911
17018919 0 0.01 35 32.9 0.353446 -0.430591 18.6237 0.20019 -0.244294 1.81911
17019165 0 0.01 35 32.9 0.281771 0.426272 30.3685 0.261098 0.394467 1.81911
17020200 0 0.01 35 32.9 0.182749 -0.423944 27.3363 0.153113 -0.350934 1.81911
24003324 0 0.01 35 32.9 -0.0137836 0.329822 16.6183 -0.0100723 0.167994 1.8187
24005445 0 0.01 35 32.9 -0.153907 0.37194 23.7951 -0.110835 0.271763 1.8187
24006470 0 0.01 35 32.9 -0.107298 -0.0590825 29.8281 -0.0959424 -0.0531373 1.8187
24008059 0 0.01 35 32.9 0.119191 -0.00389318 26.6279 0.0974559 0.0012706 1.8187
24010356 0 0.01 35 32.9 0.00728432 -0.0918563 26.0756 0.00716023 -0.0699806 1.8187
24011381 0 0.01 35 32.9 -0.0369453 0.0958245 40.6694 -0.0454379 0.123162 1.8187
24013412 0 0.01 35 32.9 -0.0758128 0.421457 14.9418 -0.0342621 0.194457 1.8187
24017023 0 0.01 35 32.9 -0.247459 0.330822 27.8175 -0.20696 0.281993 1.8187
22001782 0 0.01 35 32.9 -0.294683 -0.393666 20.6343 -0.180979 -0.247038 1.81782
22002583 0 0.01 35 32.9 0.096762 0.483966 27.8124 0.0825057 0.411396 1.81782
22005846 0 0.01 35 32.9 0.342203 0.14288 20.119 0.211173 0.0921923 1.81782
22006667 0 0.01 35 32.9 -0.168495 0.177392 16.73 -0.0887677 0.0902987 1.81782
22011614 0 0.01 35 32.9 0.035045 -0.0898768 27.4464 0.0320891 -0.0763041 1.81782
22012263 0 0.01 35 32.9 -0.053181 -0.362654 90.4859 -0.147707 -0.994374 1.81782
22012962 0 0.01 35 32.9 -0.0493655 -0.125839 28.6738 -0.0416481 -0.108868 1.81782
22018380 0 0.01 35 32.9 -0.461981 -0.432429 28.654 -0.402108 -0.379374 1.81782
22019969 0 0.01 35 32.9 0.0308417 -0.240436 28.4038 0.0251984 -0.204697 1.81782
16000114 0 0.01 35 32.9 -0.192461 -0.233199 27.7365 -0.162068 -0.197915 1.81813
16000198 0 0.01 35 32.9 0.309965 -0.135421 22.4684 0.211439 -0.0927752 1.81813
16001049 0 0.01 35 32.9 0.4862 0.288969 22.5715 0.329829 0.198453 1.81813
16001645 0 0.01 35 32.9 0.0173715 0.0204062 30.4254 0.015408 0.0188619 1.81813
16002711 0 0.01 35 32.9 0.153562 0.131771 25.1605 0.119097 0.0971723 1.81813
16005843 0 0.01 35 32.9 -0.464585 -0.0183741 26.3475 -0.370456 -0.0137752 1.81813
16006416 0 0.01 35 32.9 -0.316969 0.471305 27.5891 -0.268766 0.394466 1.81813
16006486 0 0.01 35 32.9 0.475326 -0.445393 15.7806 0.229373 -0.208946 1.81813
16006544 0 0.01 35 32.9 0.492867 0.208095 34.0921 0.508625 0.214514 1.81813
16008911 0 0.01 35 32.9 -0.368221 -0.426359 22.9069 -0.259781 -0.299425 1.81813
16011541 0 0.01 35 32.9 -0.406183 0.270383 67.5787 -0.832713 0.557174 1.81813
16012981 0 0.01 35 32.9 -0.476176 0.112611 18.009 -0.260166 0.0615155 1.81813
16015986 0 0.01 35 32.9 0.319326 -0.0151383 12.9908 0.124394 -0.00268829 1.81813
16016437 0 0.01 35 32.9 0.276373 0.295453 48.5448 0.406377 0.436331 1.81813
16018348 0 0.01 35 32.9 0.412291 0.317573 20.296 0.251222 0.196845 1.81813
15003326 0 0.01 35 32.9 0.296121 -0.442619 28.599 0.258507 -0.384489 1.81838
15008276 0 0.01 35 32.9 0.164488 0.435387 31.2501 0.155191 0.415689 1.81838
15008345 0 0.01 35 32.9 0.0366594 -0.000180101 24.3733 0.0298085 -0.00193345 1.81838
15010634 0 0.01 35 32.9 -0.224394 -0.421006 23.5081 -0.158273 -0.303266 1.81838
15011537 0 0.01 35 32.9 -0.298484 -0.0835436 28.1103 -0.255792 -0.0724927 1.81838
15013066 0 0.01 35 32.9 0.428411 -0.0635311 22.9331 0.300881 -0.0398647 1.81838
15014882 0 0.01 35 32.9 0.420451 0.358413 30.057 0.384343 0.32589 1.81838
15015513 0 0.01 35 32.9 -0.475998 0.000640969 52.4639 -0.758781 -0.000200368 1.81838
15015556 0 0.01 35 32.9 0.199295 0.362975 20.3181 0.118431 0.227664 1.81838
15016227 0 0.01 35 32.9 0.172484 -0.456408 18.1413 0.0884327 -0.249495 1.81838
15017277 0 0.01 35 32.9 -0.188839 -0.413032 29.213 -0.166393 -0.364488 1.81838
15018988 0 0.01 35 32.9 0.375512 -0.448485 28.8861 0.330376 -0.394017 1.81838
15019053 0 0.01 35 32.9 0.385008 -0.124977 17.4163 0.20712 -0.0629998 1.81838
