447 1 0.01 0.35 32.9 0.3736 -0.498187 2.81817 0.0318029 -0.0423293 2490.95
1910 1 0.01 0.35 32.9 -0.0403943 -0.458432 1.63147 -0.00227754 -0.0237845 2490.95
3638 1 0.01 0.35 32.9 -0.237307 -0.0268522 2.72633 -0.0226122 -0.00196035 2490.95
4947 1 0.01 0.35 32.9 -0.160893 -0.110677 1.57798 -0.00813964 -0.0038352 2490.95
5081 1 0.01 0.35 32.9 -0.408773 0.121686 4.96627 -0.0614497 0.0199061 2490.95
5822 1 0.01 0.35 32.9 0.201008 0.0590386 3.96335 0.0241448 0.00784534 2490.95
6862 1 0.01 0.35 32.9 -0.380644 -0.491857 2.18119 -0.0247269 -0.0319873 2490.95
7674 1 0.01 0.35 32.9 -0.130439 0.21753 0.876453 -0.00186357 0.006856 2490.95
8702 1 0.01 0.35 32.9 0.311961 -0.120381 1.18612 0.0136312 -0.00383137 2490.95
10368 1 0.01 0.35 32.9 -0.449451 0.0836469 1.87317 -0.0261681 0.00452152 2490.95
12003 1 0.01 0.35 32.9 -0.375911 -0.126659 2.34979 -0.027348 -0.00792092 2490.95
14501 1 0.01 0.35 32.9 0.373603 -0.244162 1.27207 0.0155254 -0.00771544 2490.95
14970 1 0.01 0.35 32.9 0.353624 -0.245052 8.26346 0.0883856 -0.0603682 2490.95
15758 1 0.01 0.35 32.9 0.420279 -0.110925 2.20294 0.0271445 -0.00473123 2490.95
17485 1 0.01 0.35 32.9 0.393174 0.304098 2.07391 0.023345 0.0215733 2490.95
19048 1 0.01 0.35 32.9 -0.357374 -0.286653 0.613476 -0.00653585 -0.00403866 2490.95
23253 1 0.01 0.35 32.9 -0.319366 -0.244492 0.717828 -0.0086175 -0.0065687 2490.95
24351 1 0.01 0.35 32.9 -0.209263 -0.434085 5.13075 -0.033526 -0.066425 2490.95
24504 1 0.01 0.35 32.9 -0.00562543 -0.114099 0.902466 0.000246998 -0.00507509 2490.95
28874 1 0.01 0.35 32.9 -0.342948 -0.154718 5.40979 -0.0592242 -0.0264965 2490.95
29052 1 0.01 0.35 32.9 -0.0934846 0.0911062 2.02591 -0.00565842 0.00716579 2490.95
30510 1 0.01 0.35 32.9 0.242006 -0.122996 2.92843 0.0193566 -0.011914 2490.95
30649 1 0.01 0.35 32.9 -0.00132957 0.341037 1.35694 -7.81609e-05 0.0144608 2490.95
32028 1 0.01 0.35 32.9 -0.0734662 0.363324 1.78629 -0.00459809 0.0196192 2490.95
33597 1 0.01 0.35 32.9 -0.143565 0.104296 2.49027 -0.0105189 0.00768146 2490.95
33805 1 0.01 0.35 32.9 -0.485364 -0.371979 2.79883 -0.0427694 -0.0328385 2490.95
34608 1 0.01 0.35 32.9 0.482168 -0.129678 4.87765 0.0708095 -0.0181177 2490.95
38302 1 0.01 0.35 32.9 -0.240727 0.460811 4.72254 -0.0332406 0.0652039 2490.95
40095 1 0.01 0.35 32.9 0.141893 -0.00896292 0.992077 0.00488666 -0.0020594 2490.95
41612 1 0.01 0.35 32.9 -0.249122 -0.41203 7.30477 -0.0557787 -0.0913945 2490.95
42814 1 0.01 0.35 32.9 0.184876 -0.238851 2.3338 0.0127573 -0.0176886 2490.95
43695 1 0.01 0.35 32.9 -0.00296487 -0.443022 2.91404 -0.000762063 -0.0397931 2490.95
44509 1 0.01 0.35 32.9 -0.125347 0.0750449 13.0657 -0.0489654 0.0298639 2490.95
45403 1 0.01 0.35 32.9 -0.0352567 0.147526 4.39956 -0.00665465 0.0197661 2490.95
46017 1 0.01 0.35 32.9 -0.317629 0.236671 1.7472 -0.0160951 0.0126549 2490.95
47455 1 0.01 0.35 32.9 -0.0524449 0.0749741 0.844286 -0.00375371 0.00313883 2490.95
48385 1 0.01 0.35 32.9 -0.451794 0.0612303 3.35255 -0.0458745 0.00775856 2490.95
56048 1 0.01 0.35 32.9 -0.282391 0.340147 5.37297 -0.0487578 0.0545234 2490.95
56234 1 0.01 0.35 32.9 -0.00407498 0.307922 0.887869 0.00304675 0.00720536 2490.95
58755 1 0.01 0.35 32.9 0.166525 0.169218 0.584936 0.000627755 0.00385906 2490.95
61631 1 0.01 0.35 32.9 0.462195 -0.406884 1.36593 0.0197397 -0.015685 2490.95
65909 1 0.01 0.35 32.9 -0.0524323 -0.465123 2.49545 -0.00676772 -0.0338517 2490.95
67378 1 0.01 0.35 32.9 0.166921 -0.285248 0.808221 0.00312469 -0.00595215 2490.95
68700 1 0.01 0.35 32.9 0.259554 0.0545937 1.94658 0.0139343 0.00190181 2490.95
69345 1 0.01 0.35 32.9 -0.447622 -0.298177 4.01265 -0.0536459 -0.0342458 2490.95
70426 1 0.01 0.35 32.9 -0.184611 -0.488761 1.38888 -0.00704393 -0.0197591 2490.95
70817 1 0.01 0.35 32.9 0.0425878 -0.212486 2.92162 0.00448667 -0.0194992 2490.95
70862 1 0.01 0.35 32.9 -0.46924 -0.457095 7.05958 -0.101471 -0.0975719 2490.95
73247 1 0.01 0.35 32.9 0.23496 0.243047 3.03159 0.0231914 0.0243948 2490.95
75223 1 0.01 0.35 32.9 0.471921 0.0759342 2.82283 0.0394639 0.00742544 2490.95
79380 1 0.01 0.35 32.9 0.122583 0.168564 0.923001 0.00293007 0.00427723 2490.95
80136 1 0.01 0.35 32.9 0.153957 0.376866 0.623996 -0.00054642 0.00867597 2490.95
82325 1 0.01 0.35 32.9 0.0799143 0.264262 0.597155 -9.69266e-05 0.00669228 2490.95
83161 1 0.01 0.35 32.9 -0.313796 0.190549 1.36294 -0.0142612 0.00913795 2490.95
84002 1 0.01 0.35 32.9 0.274388 -0.00424169 0.496786 0.00697141 0.000121427 2490.95
85312 1 0.01 0.35 32.9 0.359055 -0.378465 3.46776 0.0391279 -0.0400351 2490.95
87191 1 0.01 0.35 32.9 -0.10608 -0.212788 2.82016 -0.0112979 -0.0178514 2490.95
89534 1 0.01 0.35 32.9 -0.0225533 0.200265 0.989512 -0.000711783 0.00693495 2490.95
90528 1 0.01 0.35 32.9 -0.110461 -0.465733 6.6695 -0.0219747 -0.0974801 2490.95
95709 1 0.01 0.35 32.9 0.188225 -0.079654 2.86319 0.0159776 -0.00786606 2490.95
96136 1 0.01 0.35 32.9 0.335065 -0.0925167 11.6415 0.117959 -0.0324157 2490.95
96983 1 0.01 0.35 32.9 -0.263321 0.276773 2.23297 -0.0162013 0.0185464 2490.95
100658 1 0.01 0.35 32.9 0.200287 -0.321691 0.627695 0.00518186 -0.00584273 2490.95
101119 1 0.01 0.35 32.9 -0.114055 -0.0309203 2.18654 -0.00778922 -0.000132054 2490.95
101947 1 0.01 0.35 32.9 0.0245471 0.192171 1.95762 0.00105968 0.0130944 2490.95
103098 1 0.01 0.35 32.9 0.228702 -0.396533 14.8622 0.102384 -0.178572 2490.95
103541 1 0.01 0.35 32.9 0.173395 -0.127879 0.171498 0.000410732 0.00205288 2490.95
104388 1 0.01 0.35 32.9 -0.29025 0.296046 1.8175 -0.0175432 0.0157184 2490.95
105577 1 0.01 0.35 32.9 -0.423412 0.238311 2.77362 -0.0349653 0.0221369 2490.95
105821 1 0.01 0.35 32.9 0.372063 -0.230636 0.799881 0.00893533 -0.00666617 2490.95
106024 1 0.01 0.35 32.9 0.242973 0.0918857 1.32759 0.00766247 0.00647255 2490.95
107330 1 0.01 0.35 32.9 0.46111 -0.463137 1.62435 0.0207843 -0.0213887 2490.95
107992 1 0.01 0.35 32.9 -0.238504 0.215829 0.533768 -0.00435768 0.00197089 2490.95
110993 1 0.01 0.35 32.9 0.498385 -0.484415 0.456086 0.00499167 -0.00666111 2490.95
114096 1 0.01 0.35 32.9 -0.493 -0.192437 3.61982 -0.0532905 -0.0235045 2490.95
119095 1 0.01 0.35 32.9 -0.326307 0.182969 1.80582 -0.0195474 0.0119637 2490.95
123147 1 0.01 0.35 32.9 0.343003 -0.202655 0.93447 0.00967428 -0.00596 2490.95
125043 1 0.01 0.35 32.9 -0.483186 0.00241525 1.27777 -0.0211134 0.00119211 2490.95
126194 1 0.01 0.35 32.9 -0.0304351 0.461593 9.97101 -0.0107758 0.140063 2490.95
126457 1 0.01 0.35 32.9 -0.00968094 0.171434 1.97566 -0.000882031 0.00992959 2490.95
126876 1 0.01 0.35 32.9 0.0570508 -0.0162031 1.78181 0.00290706 -0.000264097 2490.95
130265 1 0.01 0.35 32.9 -0.198735 0.0356997 5.61533 -0.0358679 0.0073642 2490.95
130396 1 0.01 0.35 32.9 0.460066 0.270237 3.18091 0.042862 0.0273406 2490.95
131128 1 0.01 0.35 32.9 0.197734 -0.0797858 20.4255 0.122795 -0.0483321 2490.95
138030 1 0.01 0.35 32.9 -0.0234972 0.250791 0.882128 -0.000912773 0.00832809 2490.95
138400 1 0.01 0.35 32.9 -0.485264 -0.273892 1.02189 -0.0142979 -0.00938828 2490.95
140469 1 0.01 0.35 32.9 -0.244557 -0.0636094 1.62213 -0.0134579 -0.00176896 2490.95
145158 1 0.01 0.35 32.9 0.433011 -0.217987 2.22917 0.0282917 -0.0169176 2490.95
145201 1 0.01 0.35 32.9 -0.0614255 -0.440444 7.9558 -0.0150914 -0.104741 2490.95
145441 1 0.01 0.35 32.9 -0.232383 0.142368 2.53142 -0.0182808 0.0109023 2490.95
147490 1 0.01 0.35 32.9 -0.134775 0.277942 6.67517 -0.0258427 0.0562488 2490.95
147874 1 0.01 0.35 32.9 -0.391203 -0.207837 2.7321 -0.0318135 -0.0169236 2490.95
150426 1 0.01 0.35 32.9 -0.331932 0.123549 1.09686 -0.0105005 0.00557469 2490.95
153006 1 0.01 0.35 32.9 -0.486101 -0.35097 3.53043 -0.0505713 -0.0379304 2490.95
153943 1 0.01 0.35 32.9 -0.175668 -0.00814478 0.504147 -0.00340089 -0.00156047 2490.95
155581 1 0.01 0.35 32.9 -0.416041 -0.329111 0.991109 -0.0141709 -0.00581869 2490.95
158304 1 0.01 0.35 32.9 0.368325 -0.058358 2.09733 0.0246003 -0.00186404 2490.95
160725 1 0.01 0.35 32.9 0.328953 0.352303 6.32914 0.0631794 0.0677424 2490.95
161621 1 0.01 0.35 32.9 -0.126819 -0.108721 2.78199 -0.0104428 -0.00704104 2490.95
164689 1 0.01 0.35 32.9 -0.416195 0.447917 1.23494 -0.0121272 0.0176344 2490.95
166308 1 0.01 0.35 32.9 -0.475533 -0.123771 3.37989 -0.0478952 -0.0159202 2490.95
167228 1 0.01 0.35 32.9 -0.225158 0.376771 3.25827 -0.0223331 0.0386509 2490.95
168166 1 0.01 0.35 32.9 -0.240144 -0.385119 2.20487 -0.0150788 -0.026385 2490.95
171578 1 0.01 0.35 32.9 -0.177421 -0.0349373 2.49505 -0.0118758 -0.00137974 2490.95
174975 1 0.01 0.35 32.9 0.274587 -0.332173 3.77782 0.0304566 -0.0388314 2490.95
177477 1 0.01 0.35 32.9 -0.389719 -0.351959 14.9977 -0.176443 -0.161965 2490.95
177556 1 0.01 0.35 32.9 0.0681795 -0.132715 1.6866 0.00165077 -0.00713628 2490.95
177593 1 0.01 0.35 32.9 0.34621 0.236695 2.55104 0.0286697 0.0191628 2490.95
185199 1 0.01 0.35 32.9 0.496763 0.289449 2.58208 0.0374598 0.0208172 2490.95
186805 1 0.01 0.35 32.9 0.142616 0.388751 4.74566 0.0183995 0.0565121 2490.95
187474 1 0.01 0.35 32.9 -0.284354 -0.174489 3.62546 -0.0309799 -0.0191234 2490.95
187498 1 0.01 0.35 32.9 -0.0706102 0.447955 0.679462 0.00194908 0.00881651 2490.95
190485 1 0.01 0.35 32.9 0.365222 -0.00912759 1.32917 0.0150971 -0.000471035 2490.95
190648 1 0.01 0.35 32.9 0.187094 -0.0455974 1.63415 0.00969879 -0.000761389 2490.95
190699 1 0.01 0.35 32.9 0.427061 -0.003004 2.3549 0.0281964 0.000350531 2490.95
192067 1 0.01 0.35 32.9 -0.252903 0.0939178 2.2215 -0.0171748 0.00655451 2490.95
196486 1 0.01 0.35 32.9 -0.303355 -0.123398 6.14968 -0.0578848 -0.0201197 2490.95
196506 1 0.01 0.35 32.9 -0.11131 0.0635923 1.48038 -0.00590479 0.0017414 2490.95
198495 1 0.01 0.35 32.9 -0.0213008 -0.0962417 0.63017 -0.00154762 -0.000793182 2490.95
198730 1 0.01 0.35 32.9 -0.096807 0.188436 2.10469 -0.00619498 0.0124957 2490.95
200358 1 0.01 0.35 32.9 -0.255596 0.297112 6.43369 -0.0489772 0.0570278 2490.95
200384 1 0.01 0.35 32.9 0.384497 0.0680687 1.81985 0.0189551 0.00532574 2490.95
201545 1 0.01 0.35 32.9 0.146266 0.0545926 1.3646 0.00767644 0.0035968 2490.95
202208 1 0.01 0.35 32.9 -0.445274 -0.475909 2.78939 -0.0370776 -0.0401454 2490.95
203712 1 0.01 0.35 32.9 0.0396134 0.341001 1.06419 0.00382936 0.0142943 2490.95
207574 1 0.01 0.35 32.9 -0.497205 0.0903512 15.0845 -0.227864 0.0447552 2490.95
212223 1 0.01 0.35 32.9 -0.151869 -0.379872 1.1874 -0.00380295 -0.0149182 2490.95
212312 1 0.01 0.35 32.9 0.288703 0.144751 1.66777 0.0126548 0.00711317 2490.95
218750 1 0.01 0.35 32.9 -0.189308 0.0782745 3.07063 -0.0179049 0.0101957 2490.95
223938 1 0.01 0.35 32.9 0.313258 0.277682 2.14405 0.0212783 0.0203182 2490.95
225218 1 0.01 0.35 32.9 -0.146681 -0.0329161 0.63182 -0.00216953 -0.000805278 2490.95
225758 1 0.01 0.35 32.9 -0.430152 0.0388414 5.66947 -0.0745888 0.00978681 2490.95
227168 1 0.01 0.35 32.9 -0.0758406 0.415953 1.4661 -0.00498572 0.0192435 2490.95
227689 1 0.01 0.35 32.9 0.248623 -0.386047 4.00024 0.0330637 -0.0479672 2490.95
228989 1 0.01 0.35 32.9 0.0894586 0.479615 6.1921 0.0177487 0.0910464 2490.95
229522 1 0.01 0.35 32.9 -0.28583 -0.0607669 3.5206 -0.0321442 -0.00756904 2490.95
231018 1 0.01 0.35 32.9 -0.458533 0.290076 1.45584 -0.0198907 0.013363 2490.95
231712 1 0.01 0.35 32.9 -0.398435 0.209947 1.56082 -0.0195278 0.0111056 2490.95
232678 1 0.01 0.35 32.9 -0.47529 -0.26161 2.66544 -0.0355522 -0.0204922 2490.95
234934 1 0.01 0.35 32.9 0.248671 -0.196523 1.06433 0.00958191 -0.00750316 2490.95
241261 1 0.01 0.35 32.9 0.141137 0.221151 2.49352 0.0137149 0.017907 2490.95
242182 1 0.01 0.35 32.9 0.395417 -0.0722302 7.2134 0.0874464 -0.0160547 2490.95
242590 1 0.01 0.35 32.9 -0.384276 0.396883 1.35431 -0.0162249 0.0164432 2490.95
246472 1 0.01 0.35 32.9 0.0125399 -0.180288 2.41167 0.000371676 -0.0136322 2490.95
248204 1 0.01 0.35 32.9 0.388422 0.159673 0.842505 0.0104071 0.0064343 2490.95
248561 1 0.01 0.35 32.9 -0.305065 -0.201953 1.84183 -0.0167594 -0.00829192 2490.95
248810 1 0.01 0.35 32.9 -0.0911373 0.0653825 3.27319 -0.00566915 0.00713968 2490.95
248906 1 0.01 0.35 32.9 -0.0911077 0.0848691 3.03211 -0.0108019 0.00993494 2490.95
249464 1 0.01 0.35 32.9 -0.267755 0.404768 1.29773 -0.012623 0.0174737 2490.95
250471 1 0.01 0.35 32.9 -0.23602 0.456729 3.258 -0.0265235 0.0461716 2490.95
251492 1 0.01 0.35 32.9 0.0637205 -0.252912 1.94473 0.00287854 -0.0144156 2490.95
252802 1 0.01 0.35 32.9 0.410597 -0.418555 9.64982 0.118661 -0.120399 2490.95
259914 1 0.01 0.35 32.9 -0.0224149 -0.123402 1.35569 0.000549243 -0.00595158 2490.95
264075 1 0.01 0.35 32.9 0.40535 -0.0720082 3.73689 0.0455783 -0.00736908 2490.95
265016 1 0.01 0.35 32.9 -0.0893712 -0.365127 3.72337 -0.00784178 -0.0411615 2490.95
267625 1 0.01 0.35 32.9 0.138083 0.0668849 1.4158 0.00481323 0.00337202 2490.95
269855 1 0.01 0.35 32.9 0.340134 -0.47969 2.45521 0.0261127 -0.0365504 2490.95
270985 1 0.01 0.35 32.9 -0.379108 0.268579 1.84669 -0.0230205 0.0158217 2490.95
271665 1 0.01 0.35 32.9 0.355063 0.359492 1.60573 0.0184836 0.0178635 2490.95
276980 1 0.01 0.35 32.9 -0.271924 0.0697099 3.44664 -0.0281183 0.00931972 2490.95
278155 1 0.01 0.35 32.9 0.0782713 0.219664 7.67701 0.0201001 0.0532204 2490.95
288362 1 0.01 0.35 32.9 -0.285348 -0.476819 2.64883 -0.0238473 -0.0367976 2490.95
288368 1 0.01 0.35 32.9 0.128383 -0.397402 3.62476 0.0152918 -0.0432788 2490.95
289235 1 0.01 0.35 32.9 0.447592 0.107222 2.61811 0.0362125 0.0107788 2490.95
293730 1 0.01 0.35 32.9 0.399777 0.206056 1.40292 0.0162931 0.0111158 2490.95
294080 1 0.01 0.35 32.9 0.126784 0.260483 3.54165 0.0152715 0.0291543 2490.95
296041 1 0.01 0.35 32.9 -0.392273 -0.467891 1.10631 -0.0155125 -0.0171737 2490.95
297306 1 0.01 0.35 32.9 0.100014 -0.106073 1.11353 0.00395302 -0.00280489 2490.95
301746 1 0.01 0.35 32.9 0.489175 -0.470306 2.82115 0.0398485 -0.0375525 2490.95
302447 1 0.01 0.35 32.9 0.298678 0.436558 2.37522 0.0215329 0.0338735 2490.95
303465 1 0.01 0.35 32.9 0.473101 0.412838 1.60431 0.0249796 0.020936 2490.95
304004 1 0.01 0.35 32.9 -0.101792 0.0626881 1.77567 -0.005463 0.00376844 2490.95
304987 1 0.01 0.35 32.9 0.205279 -0.288617 1.17149 0.0063001 -0.0116259 2490.95
305328 1 0.01 0.35 32.9 0.148477 0.0427182 0.680938 0.00191562 0.00014326 2490.95
307926 1 0.01 0.35 32.9 -0.287869 -0.0905025 2.15536 -0.0197755 -0.00566738 2490.95
310765 1 0.01 0.35 32.9 -0.132397 0.476621 1.81714 -0.00776238 0.0269465 2490.95
311104 1 0.01 0.35 32.9 0.420076 0.212725 4.26607 0.0556034 0.0280783 2490.95
312153 1 0.01 0.35 32.9 -0.163504 -0.191553 1.12849 -0.00521251 -0.00630031 2490.95
315419 1 0.01 0.35 32.9 -0.377469 -0.327549 7.34418 -0.0837998 -0.071441 2490.95
318350 1 0.01 0.35 32.9 0.483852 0.0959868 2.16057 0.0307938 0.00645088 2490.95
324572 1 0.01 0.35 32.9 0.178461 0.330405 1.23498 0.0058274 0.0117798 2490.95
326576 1 0.01 0.35 32.9 -0.339023 -0.483483 0.673469 -0.00591674 -0.00987828 2490.95
328216 1 0.01 0.35 32.9 -0.463266 -0.275984 4.13603 -0.0587838 -0.0327418 2490.95
328654 1 0.01 0.35 32.9 -0.271525 0.104407 1.76477 -0.0143722 0.00590461 2490.95
330153 1 0.01 0.35 32.9 0.472822 0.0243917 3.67265 0.0518596 0.00350486 2490.95
331908 1 0.01 0.35 32.9 0.275344 -0.0875595 3.17518 0.026621 -0.00656716 2490.95
332058 1 0.01 0.35 32.9 0.44606 0.392623 1.54024 0.0236965 0.0184173 2490.95
332555 1 0.01 0.35 32.9 0.145473 -0.0532711 3.912 0.0177699 -0.0036795 2490.95
333575 1 0.01 0.35 32.9 0.00192554 0.0499111 1.75265 0.00125295 0.00376456 2490.95
334205 1 0.01 0.35 32.9 0.0339934 -0.354884 0.905739 0.00264886 -0.00876148 2490.95
338194 1 0.01 0.35 32.9 -0.446072 0.0323089 1.87434 -0.0231678 0.00245296 2490.95
339165 1 0.01 0.35 32.9 0.380215 -0.487185 1.25848 0.0127859 -0.0170626 2490.95
339301 1 0.01 0.35 32.9 -0.303713 -0.421589 2.10642 -0.0185056 -0.0257015 2490.95
339556 1 0.01 0.35 32.9 -0.24057 0.342241 0.532886 -0.00400138 0.00947394 2490.95
342258 1 0.01 0.35 32.9 0.205583 -0.20968 1.50454 0.0104019 -0.00844468 2490.95
342718 1 0.01 0.35 32.9 -0.027777 0.0750628 2.73782 -0.0033613 0.00506039 2490.95
345168 1 0.01 0.35 32.9 0.397685 0.321821 0.965808 0.0112348 0.0120458 2490.95
346942 1 0.01 0.35 32.9 -0.463638 0.224341 3.30092 -0.0450474 0.0254438 2490.95
352484 1 0.01 0.35 32.9 -0.0749988 -0.112475 1.73364 -0.00215042 -0.00269482 2490.95
353871 1 0.01 0.35 32.9 0.133638 -0.144444 2.75866 0.0125405 -0.00968559 2490.95
355427 1 0.01 0.35 32.9 -0.086229 0.330926 2.67389 -0.00725092 0.0285728 2490.95
356482 1 0.01 0.35 32.9 -0.117898 -0.437884 1.27546 -0.00646966 -0.0181312 2490.95
363241 1 0.01 0.35 32.9 -0.483596 -0.297808 8.94062 -0.130448 -0.0816991 2490.95
365178 1 0.01 0.35 32.9 -0.482486 -0.0788843 0.904499 -0.0132553 0.000644832 2490.95
365857 1 0.01 0.35 32.9 0.469966 -0.228204 2.65247 0.038267 -0.0168626 2490.95
366505 1 0.01 0.35 32.9 0.0260852 -0.0156588 2.173 0.000130166 0.000627485 2490.95
367218 1 0.01 0.35 32.9 0.0747225 0.027864 0.776213 0.000881297 0.000613283 2490.95
368401 1 0.01 0.35 32.9 -0.148046 -0.101431 1.30134 -0.00716023 -0.00332272 2490.95
371656 1 0.01 0.35 32.9 0.267192 0.076314 1.91355 0.0139153 0.00629197 2490.95
372869 1 0.01 0.35 32.9 0.197934 -0.342382 2.91689 0.0180435 -0.029984 2490.95
379062 1 0.01 0.35 32.9 0.419903 0.266448 5.2073 0.0655811 0.045758 2490.95
384411 1 0.01 0.35 32.9 0.0925736 -0.294407 1.41056 0.0031918 -0.0125006 2490.95
385515 1 0.01 0.35 32.9 -0.264353 0.1392 1.73627 -0.0144742 0.00731509 2490.95
387676 1 0.01 0.35 32.9 -0.355681 -0.0225823 4.0325 -0.042804 -0.00406536 2490.95
390529 1 0.01 0.35 32.9 -0.203396 -0.496023 2.43907 -0.0148314 -0.0360109 2490.95
391996 1 0.01 0.35 32.9 0.367929 0.155821 1.73376 0.01753 0.00862498 2490.95
394232 1 0.01 0.35 32.9 0.236242 -0.239493 2.52814 0.017244 -0.0184341 2490.95
403867 1 0.01 0.35 32.9 0.118601 -0.286973 3.35836 0.0113381 -0.0260574 2490.95
404755 1 0.01 0.35 32.9 0.193562 0.108172 1.0278 0.0087014 0.0063206 2490.95
407881 1 0.01 0.35 32.9 -0.454375 0.109971 1.65958 -0.0223328 0.00503326 2490.95
408301 1 0.01 0.35 32.9 -0.0520378 -0.445594 1.95531 -9.05992e-05 -0.0262349 2490.95
411671 1 0.01 0.35 32.9 -0.209189 0.297107 1.60346 -0.00739565 0.0172043 2490.95
412848 1 0.01 0.35 32.9 0.269922 0.340242 1.93666 0.0162004 0.0196139 2490.95
413504 1 0.01 0.35 32.9 0.372821 0.488975 2.15497 0.0226338 0.0332615 2490.95
415522 1 0.01 0.35 32.9 -0.476493 0.44676 2.97025 -0.0435005 0.0385739 2490.95
418554 1 0.01 0.35 32.9 0.390679 0.211414 0.352116 0.00071415 0.00534139 2490.95
421029 1 0.01 0.35 32.9 -0.166588 -0.447096 1.42453 -0.00570342 -0.018172 2490.95
421374 1 0.01 0.35 32.9 0.152745 -0.495923 0.941888 0.00374213 -0.0116835 2490.95
421903 1 0.01 0.35 32.9 -0.39129 -0.0313163 3.23862 -0.0378381 -0.00199647 2490.95
422074 1 0.01 0.35 32.9 -0.000224195 -0.255335 0.990869 0.00021223 -0.00649392 2490.95
423499 1 0.01 0.35 32.9 -0.456537 -0.473035 3.50829 -0.0460634 -0.0486039 2490.95
423718 1 0.01 0.35 32.9 -0.498866 -0.104977 3.37768 -0.0513963 -0.0101774 2490.95
424678 1 0.01 0.35 32.9 -0.342951 0.453363 2.85383 -0.0299201 0.0396019 2490.95
425859 1 0.01 0.35 32.9 -0.292583 0.327352 2.84708 -0.0268031 0.0280638 2490.95
427491 1 0.01 0.35 32.9 -0.428415 -0.201469 10.2316 -0.13528 -0.0605554 2490.95
428529 1 0.01 0.35 32.9 -0.177398 0.237268 2.80492 -0.0134532 0.0201463 2490.95
429748 1 0.01 0.35 32.9 -0.362664 0.361077 2.26251 -0.02532 0.0260959 2490.95
429779 1 0.01 0.35 32.9 -0.212768 -0.290225 2.4655 -0.0185244 -0.0207752 2490.95
429878 1 0.01 0.35 32.9 -0.402079 0.121059 1.55449 -0.0217041 0.00624169 2490.95
432326 1 0.01 0.35 32.9 0.227551 -0.129257 1.62088 0.0110581 -0.00367923 2490.95
434163 1 0.01 0.35 32.9 0.243532 -0.234982 1.63378 0.0133362 -0.011131 2490.95
438072 1 0.01 0.35 32.9 -0.302224 0.116362 0.367777 -0.00401623 0.0015273 2490.95
438268 1 0.01 0.35 32.9 -0.169148 -0.187005 1.14508 -0.00446751 -0.00763485 2490.95
443614 1 0.01 0.35 32.9 0.263112 0.184644 0.611079 0.0035252 0.00316962 2490.95
449133 1 0.01 0.35 32.9 -0.289652 -0.405586 1.86925 -0.0171862 -0.022317 2490.95
449140 1 0.01 0.35 32.9 -0.498478 0.209376 2.53175 -0.0353534 0.0147099 2490.95
452748 1 0.01 0.35 32.9 -0.388977 -0.17506 2.06053 -0.0224831 -0.00933278 2490.95
453026 1 0.01 0.35 32.9 0.326432 -0.389045 1.51777 0.0138115 -0.0177798 2490.95
456099 1 0.01 0.35 32.9 -0.335365 0.479025 0.243679 -0.00272727 0.00553303 2490.95
461079 1 0.01 0.35 32.9 0.229437 -0.142186 1.70909 0.0102701 -0.00915181 2490.95
461766 1 0.01 0.35 32.9 0.0603467 -0.467271 2.54932 0.00346824 -0.0359765 2490.95
461808 1 0.01 0.35 32.9 -0.28604 0.171441 2.23882 -0.0187895 0.0145333 2490.95
462660 1 0.01 0.35 32.9 0.0710979 0.339195 0.27826 -0.000565083 0.00766715 2490.95
462781 1 0.01 0.35 32.9 -0.268576 -0.134355 1.68549 -0.0150301 -0.00680002 2490.95
465514 1 0.01 0.35 32.9 0.280751 -0.449176 2.15477 0.0157908 -0.0309067 2490.95
466362 1 0.01 0.35 32.9 0.076859 0.24446 1.90792 0.00449613 0.0161771 2490.95
466414 1 0.01 0.35 32.9 0.0301132 0.350191 1.13657 0.000920434 0.0146981 2490.95
467831 1 0.01 0.35 32.9 -0.320707 0.191099 1.22031 -0.012216 0.00808055 2490.95
470194 1 0.01 0.35 32.9 0.00993557 0.254256 1.73986 -0.000644856 0.0148176 2490.95
471142 1 0.01 0.35 32.9 -0.376292 0.300035 2.12322 -0.0252471 0.0188188 2490.95
471986 1 0.01 0.35 32.9 0.335299 -0.00991214 1.6969 0.0176311 -0.00036312 2490.95
472885 1 0.01 0.35 32.9 0.445162 0.176849 1.66477 0.019761 0.00901275 2490.95
475476 1 0.01 0.35 32.9 0.330534 -0.034747 1.44567 0.0124905 -0.002533 2490.95
475776 1 0.01 0.35 32.9 0.479129 -0.137394 2.2209 0.0322122 -0.00969249 2490.95
477028 1 0.01 0.35 32.9 0.46597 0.122047 3.4906 0.049619 0.0139455 2490.95
479452 1 0.01 0.35 32.9 -0.013307 0.486378 2.51223 -0.00357266 0.0365525 2490.95
480649 1 0.01 0.35 32.9 0.21279 0.482109 1.59976 0.00995809 0.0240312 2490.95
481978 1 0.01 0.35 32.9 -0.245688 0.467533 1.6727 -0.0108265 0.0239659 2490.95
483345 1 0.01 0.35 32.9 0.38442 0.45668 0.707491 0.0064875 0.0120389 2490.95
486965 1 0.01 0.35 32.9 0.0871489 0.0356732 2.49871 0.00516772 0.00183357 2490.95
487967 1 0.01 0.35 32.9 -0.199601 0.214699 2.36516 -0.0137479 0.0169389 2490.95
489614 1 0.01 0.35 32.9 0.412312 -0.279673 1.92975 0.0245124 -0.0166111 2490.95
489657 1 0.01 0.35 32.9 -0.13948 0.368552 1.62669 -0.00669149 0.0176705 2490.95
491630 1 0.01 0.35 32.9 0.286779 -0.263591 0.769407 0.00760003 -0.00513898 2490.95
492439 1 0.01 0.35 32.9 -0.177015 0.139201 4.48516 -0.0217242 0.0217498 2490.95
494034 1 0.01 0.35 32.9 -0.141414 0.137574 2.21103 -0.00942641 0.0104101 2490.95
494852 1 0.01 0.35 32.9 -0.387844 0.477913 8.58004 -0.100747 0.12605 2490.95
495117 1 0.01 0.35 32.9 -0.305885 -0.0278998 2.4973 -0.0227981 5.23295e-05 2490.95
498886 1 0.01 0.35 32.9 -0.252337 -0.283865 4.43521 -0.0361582 -0.0358111 2490.95
499772 1 0.01 0.35 32.9 -0.202503 -0.432463 1.57468 -0.00856092 -0.0202831 2490.95
500764 1 0.01 0.35 32.9 0.241372 -0.176074 1.08486 0.00823456 -0.00444177 2495.03
501363 1 0.01 0.35 32.9 0.494427 -0.131871 0.856646 0.0131212 -0.00331545 2495.03
501664 1 0.01 0.35 32.9 0.146193 -0.361253 3.04021 0.0153078 -0.0328915 2495.03
504700 1 0.01 0.35 32.9 0.485317 -0.183588 2.22536 0.034205 -0.0109672 2495.03
505174 1 0.01 0.35 32.9 0.484755 0.0825922 1.20937 0.0185354 0.00140928 2495.03
505751 1 0.01 0.35 32.9 -0.191154 0.465321 2.85825 -0.0152313 0.0408055 2495.03
513873 1 0.01 0.35 32.9 0.186858 -0.446631 0.727577 0.00491331 -0.00806505 2495.03
514096 1 0.01 0.35 32.9 0.358999 -0.131361 6.72105 0.072288 -0.0245537 2495.03
515686 1 0.01 0.35 32.9 0.494996 -0.143168 0.972087 0.0157849 -0.00382768 2495.03
519350 1 0.01 0.35 32.9 -0.49062 0.388345 0.581957 -0.0082514 0.00603939 2495.03
519692 1 0.01 0.35 32.9 -0.245969 -0.458486 0.664568 -0.00634309 -0.00983094 2495.03
523893 1 0.01 0.35 32.9 -0.342741 0.421728 6.71903 -0.0692624 0.0855748 2495.03
525015 1 0.01 0.35 32.9 0.296568 0.178937 1.15565 0.00984866 0.006368 2495.03
525217 1 0.01 0.35 32.9 -0.0941878 0.0926764 0.70365 -0.00131205 0.0035571 2495.03
535495 1 0.01 0.35 32.9 -0.457537 0.169895 2.03673 -0.0269426 0.00993865 2495.03
535733 1 0.01 0.35 32.9 0.267242 -0.160156 2.69881 0.022646 -0.0105953 2495.03
538913 1 0.01 0.35 32.9 -0.355662 0.415333 0.375884 -0.00465453 0.00395923 2495.03
539160 1 0.01 0.35 32.9 -0.454625 0.239872 1.37406 -0.0199926 0.0107571 2495.03
540444 1 0.01 0.35 32.9 -0.288695 -0.238604 3.18467 -0.0244517 -0.0218576 2495.03
540615 1 0.01 0.35 32.9 -0.314382 0.137366 3.83898 -0.0371569 0.0160147 2495.03
542029 1 0.01 0.35 32.9 0.485351 -0.479973 1.58174 0.0255098 -0.0233227 2495.03
542359 1 0.01 0.35 32.9 -0.114153 -0.486326 2.60148 -0.0102947 -0.0380999 2495.03
542548 1 0.01 0.35 32.9 0.0265486 0.106414 2.71476 9.03283e-06 0.0117454 2495.03
543781 1 0.01 0.35 32.9 -0.317877 -0.306962 1.82982 -0.0174832 -0.0176461 2495.03
544949 1 0.01 0.35 32.9 0.35044 0.0699951 0.941728 0.0108352 0.00270351 2495.03
546736 1 0.01 0.35 32.9 -0.0791216 -0.00793436 8.34548 -0.0190228 -0.00293835 2495.03
548692 1 0.01 0.35 32.9 0.151711 -0.0301401 1.81209 0.0102909 0.00051769 2495.03
548835 1 0.01 0.35 32.9 -0.00345412 0.10682 3.24895 -0.00165092 0.0101395 2495.03
549030 1 0.01 0.35 32.9 0.136338 0.287329 1.6102 0.00778907 0.0146815 2495.03
552337 1 0.01 0.35 32.9 -0.421859 0.481899 1.23199 -0.0174313 0.0187634 2495.03
554033 1 0.01 0.35 32.9 -0.0766454 0.381398 1.01123 -0.00197567 0.0145026 2495.03
554261 1 0.01 0.35 32.9 -0.463199 0.323847 0.87833 -0.0109099 0.0100005 2495.03
555345 1 0.01 0.35 32.9 -0.168914 0.430108 0.781434 -0.00572365 0.0115609 2495.03
556166 1 0.01 0.35 32.9 0.266245 -0.227022 0.48842 0.00454814 -0.00416097 2495.03
559247 1 0.01 0.35 32.9 -0.142491 -0.0225394 14.8214 -0.0643395 -0.0101027 2495.03
563979 1 0.01 0.35 32.9 0.084833 -0.139581 1.02838 0.00296579 -0.0042345 2495.03
570612 1 0.01 0.35 32.9 -0.219723 0.196665 12.7525 -0.0862292 0.0759982 2495.03
574367 1 0.01 0.35 32.9 0.256185 0.284516 0.554219 0.00457462 0.00477759 2495.03
577405 1 0.01 0.35 32.9 0.0461152 -0.443894 5.42119 0.00761581 -0.0728728 2495.03
577416 1 0.01 0.35 32.9 -0.0895726 -0.0886337 1.1489 -0.00343844 -0.00428126 2495.03
580019 1 0.01 0.35 32.9 0.304767 -0.470203 0.607847 0.00718397 -0.0090189 2495.03
583387 1 0.01 0.35 32.9 -0.0574298 0.153858 1.77501 -0.00280873 0.00838557 2495.03
585343 1 0.01 0.35 32.9 0.291282 -0.434883 1.95709 0.0192083 -0.0282656 2495.03
585952 1 0.01 0.35 32.9 -0.403801 -0.450708 0.362345 -0.00651199 -0.00577458 2495.03
586294 1 0.01 0.35 32.9 0.0367609 -0.342368 25.4078 0.028662 -0.263835 2495.03
587494 1 0.01 0.35 32.9 0.142588 0.450394 4.4891 0.0178609 0.0612108 2495.03
589492 1 0.01 0.35 32.9 -0.376293 0.22081 2.70924 -0.0309176 0.0195006 2495.03
589760 1 0.01 0.35 32.9 0.363178 -0.152654 2.52183 0.0293774 -0.0120498 2495.03
591559 1 0.01 0.35 32.9 0.1704 0.334982 2.98994 0.0155951 0.0320021 2495.03
593385 1 0.01 0.35 32.9 -0.455584 -0.0791424 1.36362 -0.0201692 -0.0065005 2495.03
598851 1 0.01 0.35 32.9 -0.415682 -0.461847 0.803529 -0.00868909 -0.00820828 2495.03
601545 1 0.01 0.35 32.9 -0.142764 -0.0715004 1.03117 -0.00522322 -0.00104343 2495.03
603572 1 0.01 0.35 32.9 0.479607 0.337912 2.19512 0.0298492 0.023613 2495.03
611581 1 0.01 0.35 32.9 -0.355446 -0.0232598 3.47668 -0.0368353 -0.00124654 2495.03
614019 1 0.01 0.35 32.9 -0.428381 0.388811 0.888664 -0.0103024 0.0106508 2495.03
614263 1 0.01 0.35 32.9 -0.133363 0.396149 1.89543 -0.00840692 0.0222347 2495.03
618039 1 0.01 0.35 32.9 0.13319 0.238086 1.60795 0.0045844 0.0128424 2495.03
618846 1 0.01 0.35 32.9 -0.0368449 0.239205 4.66446 -0.00521767 0.0350411 2495.03
620217 1 0.01 0.35 32.9 0.339322 -0.368206 2.83897 0.0313781 -0.0304001 2495.03
624509 1 0.01 0.35 32.9 0.149543 0.489132 4.02378 0.0187313 0.0610254 2495.03
624791 1 0.01 0.35 32.9 0.331813 0.324357 4.60597 0.0492319 0.0463349 2495.03
625197 1 0.01 0.35 32.9 -0.351356 0.444573 1.01376 -0.0116448 0.0168205 2495.03
628121 1 0.01 0.35 32.9 -0.243374 0.250155 2.41354 -0.0187283 0.0191073 2495.03
630458 1 0.01 0.35 32.9 -0.307145 -0.278946 4.59176 -0.0427819 -0.0377483 2495.03
631818 1 0.01 0.35 32.9 0.0494172 0.149406 2.11042 0.00399629 0.00961788 2495.03
632044 1 0.01 0.35 32.9 0.269396 -0.488723 2.02868 0.017089 -0.0292799 2495.03
639030 1 0.01 0.35 32.9 -0.281025 0.158434 1.01452 -0.0104489 0.00502304 2495.03
643628 1 0.01 0.35 32.9 -0.021336 -0.440541 2.21909 -0.00150788 -0.0270217 2495.03
646781 1 0.01 0.35 32.9 0.237143 -0.132377 3.91313 0.0264884 -0.0125869 2495.03
646924 1 0.01 0.35 32.9 0.320124 -0.029121 1.42393 0.0144351 -0.00226603 2495.03
647784 1 0.01 0.35 32.9 0.278828 -0.340939 0.771896 0.00344979 -0.00797751 2495.03
648152 1 0.01 0.35 32.9 -0.100878 0.451947 0.933265 -0.0048812 0.0130716 2495.03
648240 1 0.01 0.35 32.9 0.387204 0.496984 0.379298 0.00309404 0.00664866 2495.03
648691 1 0.01 0.35 32.9 -0.180947 -0.343454 4.54503 -0.0256309 -0.0467293 2495.03
649905 1 0.01 0.35 32.9 0.0424979 0.0747734 3.49579 0.00517404 0.00963012 2495.03
651562 1 0.01 0.35 32.9 -0.255737 -0.431032 1.03934 -0.00845961 -0.010952 2495.03
651767 1 0.01 0.35 32.9 -0.462797 -0.397738 4.29742 -0.0607144 -0.0490708 2495.03
655788 1 0.01 0.35 32.9 -0.258884 -0.0635363 1.58293 -0.0134253 -0.00118506 2495.03
656932 1 0.01 0.35 32.9 -0.239053 0.366762 1.77342 -0.0143758 0.0193817 2495.03
657091 1 0.01 0.35 32.9 0.111886 0.367162 13.8285 0.0464077 0.157604 2495.03
657234 1 0.01 0.35 32.9 0.029407 0.366321 1.19668 0.00191223 0.0156918 2495.03
658106 1 0.01 0.35 32.9 -0.190595 0.419161 9.01235 -0.052189 0.115042 2495.03
658225 1 0.01 0.35 32.9 0.032633 0.226475 3.58058 0.00242892 0.0240497 2495.03
659041 1 0.01 0.35 32.9 -0.39885 -0.340951 3.61461 -0.0436702 -0.0376695 2495.03
659360 1 0.01 0.35 32.9 0.405739 -0.240853 2.92071 0.03498 -0.0211855 2495.03
663679 1 0.01 0.35 32.9 0.227913 -0.318631 2.02909 0.0116762 -0.0212633 2495.03
663746 1 0.01 0.35 32.9 0.189238 -0.441296 6.73673 0.0400939 -0.089774 2495.03
663935 1 0.01 0.35 32.9 0.0326238 -0.130939 4.26058 0.00525627 -0.0171466 2495.03
664338 1 0.01 0.35 32.9 0.301064 -0.172824 2.07136 0.0198425 -0.0114634 2495.03
668881 1 0.01 0.35 32.9 0.458738 0.453182 1.78542 0.0238356 0.0249152 2495.03
674436 1 0.01 0.35 32.9 0.394192 0.266007 3.72434 0.0457726 0.0309771 2495.03
676347 1 0.01 0.35 32.9 -0.0920219 -0.373736 0.255044 0.00124326 0.000578845 2495.03
679853 1 0.01 0.35 32.9 -0.102041 0.244037 2.903 -0.0102859 0.0230139 2495.03
680405 1 0.01 0.35 32.9 -0.485358 -0.120743 0.597586 -0.00835829 0.000677727 2495.03
681077 1 0.01 0.35 32.9 -0.313489 0.0373497 0.897699 -0.00733927 0.000796445 2495.03
681642 1 0.01 0.35 32.9 -0.392192 -0.320426 1.87973 -0.0219979 -0.0190334 2495.03
683371 1 0.01 0.35 32.9 -0.168199 0.223418 3.7134 -0.0212742 0.0261804 2495.03
684859 1 0.01 0.35 32.9 0.149844 0.156365 0.544079 0.00378791 0.0032898 2495.03
687601 1 0.01 0.35 32.9 -0.463261 0.0365108 0.626776 -0.00853153 0.00172735 2495.03
690075 1 0.01 0.35 32.9 0.140791 0.182276 0.958329 0.00397595 0.00667992 2495.03
690871 1 0.01 0.35 32.9 0.236062 0.399097 1.80132 0.0134456 0.020975 2495.03
693944 1 0.01 0.35 32.9 -0.29121 -0.231196 1.64391 -0.014138 -0.0110361 2495.03
695280 1 0.01 0.35 32.9 -0.333893 0.272441 3.91913 -0.0381037 0.0332726 2495.03
695850 1 0.01 0.35 32.9 0.211036 0.0474893 2.23718 0.016337 0.0044499 2495.03
697488 1 0.01 0.35 32.9 -0.116267 -0.444047 2.1773 -0.00721457 -0.029754 2495.03
700043 1 0.01 0.35 32.9 0.359187 0.0287396 1.9752 0.0214543 0.00300729 2495.03
700119 1 0.01 0.35 32.9 -0.204882 -0.311515 1.45911 -0.00723959 -0.0121304 2495.03
702764 1 0.01 0.35 32.9 -0.246965 0.190541 1.32261 -0.00916865 0.00746892 2495.03
704336 1 0.01 0.35 32.9 0.301862 -0.190641 2.60361 0.0233775 -0.0164436 2495.03
707186 1 0.01 0.35 32.9 -0.483265 0.260958 9.89949 -0.143798 0.0802343 2495.03
710624 1 0.01 0.35 32.9 0.1342 -0.115247 2.77663 0.0112877 -0.00904613 2495.03
712549 1 0.01 0.35 32.9 0.290319 0.402125 2.72973 0.0226721 0.0352057 2495.03
713011 1 0.01 0.35 32.9 0.381675 -0.414177 2.28224 0.0269159 -0.0304761 2495.03
713675 1 0.01 0.35 32.9 -0.390346 0.209196 2.35567 -0.0275099 0.0151997 2495.03
717630 1 0.01 0.35 32.9 -0.333643 0.113152 6.87583 -0.0697173 0.0239329 2495.03
720125 1 0.01 0.35 32.9 0.469227 -0.200196 4.34369 0.0612631 -0.0251988 2495.03
721310 1 0.01 0.35 32.9 0.392721 -0.335781 0.652323 0.00727669 -0.00579254 2495.03
722258 1 0.01 0.35 32.9 0.0865467 0.485744 1.70295 0.00218707 0.0285293 2495.03
723258 1 0.01 0.35 32.9 -0.244242 0.494082 2.382 -0.0176104 0.0363646 2495.03
725442 1 0.01 0.35 32.9 -0.0563812 0.0872547 0.424148 2.94074e-05 -0.000304884 2495.03
731078 1 0.01 0.35 32.9 -0.427942 0.188367 1.38279 -0.0183935 0.00870748 2495.03
733126 1 0.01 0.35 32.9 0.425065 -0.0472896 1.73537 0.0222846 -0.000809605 2495.03
733628 1 0.01 0.35 32.9 -0.298794 0.0551362 0.815686 -0.00773 0.00161023 2495.03
735111 1 0.01 0.35 32.9 0.0607297 -0.447915 1.40135 0.00106889 -0.0170969 2495.03
735774 1 0.01 0.35 32.9 -0.0983464 -0.360927 1.38746 -0.000962732 -0.0148467 2495.03
736416 1 0.01 0.35 32.9 0.397439 -0.169154 3.81027 0.046342 -0.0200927 2495.03
736527 1 0.01 0.35 32.9 0.354412 0.482387 4.68653 0.051345 0.0701985 2495.03
739075 1 0.01 0.35 32.9 0.44179 0.482543 0.992864 0.0131243 0.0167226 2495.03
742667 1 0.01 0.35 32.9 0.427807 0.228211 2.97607 0.0401171 0.0227425 2495.03
742882 1 0.01 0.35 32.9 -0.0765529 -0.192947 4.96007 -0.0132836 -0.0275605 2495.03
743149 1 0.01 0.35 32.9 -0.391023 0.103716 1.09921 -0.0115535 0.00338525 2495.03
743630 1 0.01 0.35 32.9 0.00875374 -0.433829 1.1571 0.00169716 -0.0139139 2495.03
743935 1 0.01 0.35 32.9 0.232012 0.0659711 2.19537 0.0164875 0.00892374 2495.03
744453 1 0.01 0.35 32.9 -0.438721 -0.0995596 3.22077 -0.0418218 -0.00733995 2495.03
744511 1 0.01 0.35 32.9 0.433346 0.13709 0.899186 0.0141994 0.00407836 2495.03
744671 1 0.01 0.35 32.9 -0.298008 0.196738 4.28149 -0.0382734 0.0249315 2495.03
746442 1 0.01 0.35 32.9 -0.330616 0.0566222 2.57565 -0.0262987 0.00566378 2495.03
748895 1 0.01 0.35 32.9 -0.377255 0.0701169 0.926208 -0.0124783 0.00238211 2495.03
749366 1 0.01 0.35 32.9 0.131659 -0.458542 4.41507 0.0171624 -0.0594221 2495.03
752281 1 0.01 0.35 32.9 -0.278627 0.218437 8.79027 -0.0729047 0.0601208 2495.03
753522 1 0.01 0.35 32.9 -0.0356389 -0.0290811 1.27912 -0.000339626 0.000872473 2495.03
756063 1 0.01 0.35 32.9 0.0236808 -0.0323008 1.97674 0.00287667 -0.00258567 2495.03
756256 1 0.01 0.35 32.9 -0.0985071 -0.266125 2.06867 -0.00616687 -0.016252 2495.03
759877 1 0.01 0.35 32.9 -0.0676802 -0.230426 2.65544 -0.00432375 -0.0185275 2495.03
763469 1 0.01 0.35 32.9 -0.40485 -0.13452 2.20948 -0.0270485 -0.00780646 2495.03
763644 1 0.01 0.35 32.9 -0.391127 -0.27173 4.67393 -0.0558299 -0.0393974 2495.03
764440 1 0.01 0.35 32.9 0.272431 0.233985 1.60642 0.0135783 0.0111384 2495.03
764605 1 0.01 0.35 32.9 0.430901 -0.0260235 1.89813 0.0220393 0.000168841 2495.03
767781 1 0.01 0.35 32.9 0.203935 0.402722 1.51902 0.0094158 0.0195542 2495.03
771350 1 0.01 0.35 32.9 0.298362 0.369212 1.89606 0.0160659 0.024548 2495.03
772193 1 0.01 0.35 32.9 0.155339 -0.463567 2.41822 0.0115341 -0.0345387 2495.03
773827 1 0.01 0.35 32.9 -0.11381 0.0273011 1.03875 -0.00589591 0.00146441 2495.03
773999 1 0.01 0.35 32.9 -0.460027 -0.464829 1.44677 -0.0215649 -0.0185765 2495.03
774902 1 0.01 0.35 32.9 -0.088837 0.305286 2.29635 -0.00835544 0.0203674 2495.03
775747 1 0.01 0.35 32.9 0.0997399 0.476138 1.60464 0.0047986 0.0247622 2495.03
780636 1 0.01 0.35 32.9 0.398754 -0.410188 1.55035 0.0172867 -0.0171609 2495.03
784692 1 0.01 0.35 32.9 -0.156691 0.0168485 3.25011 -0.0152128 0.00305452 2495.03
787661 1 0.01 0.35 32.9 -0.119614 -0.481542 2.70022 -0.0103477 -0.0373642 2495.03
795431 1 0.01 0.35 32.9 -0.246339 -0.260574 1.12487 -0.00873062 -0.0072539 2495.03
795703 1 0.01 0.35 32.9 -0.411117 0.335405 1.05132 -0.0123494 0.0141253 2495.03
795922 1 0.01 0.35 32.9 0.44512 -0.27355 1.21908 0.0141176 -0.0099227 2495.03
797476 1 0.01 0.35 32.9 0.0137006 0.272974 4.81902 0.00221934 0.037177 2495.03
799560 1 0.01 0.35 32.9 -0.286256 0.339459 1.89389 -0.0184174 0.0212474 2495.03
800969 1 0.01 0.35 32.9 0.465606 -0.473766 0.671466 0.0116632 -0.0110814 2495.03
801127 1 0.01 0.35 32.9 -0.0388731 0.135724 2.12848 -0.00368154 0.00848153 2495.03
803165 1 0.01 0.35 32.9 0.246653 0.375392 2.37647 0.0211038 0.0249022 2495.03
803737 1 0.01 0.35 32.9 0.169904 -0.355778 1.28019 0.00427907 -0.0116199 2495.03
805770 1 0.01 0.35 32.9 -0.274392 0.320107 2.46898 -0.0214255 0.0244994 2495.03
807477 1 0.01 0.35 32.9 -0.101376 -0.129899 4.45124 -0.0138675 -0.0177171 2495.03
812465 1 0.01 0.35 32.9 -0.0794547 0.250349 1.06508 -0.0026472 0.00827845 2495.03
814608 1 0.01 0.35 32.9 -0.406354 0.189773 2.5644 -0.030624 0.0161481 2495.03
818454 1 0.01 0.35 32.9 -0.0574348 0.363801 1.2595 -0.00096432 0.0177171 2495.03
820612 1 0.01 0.35 32.9 -0.210488 0.0929739 1.43004 -0.00906569 0.00204813 2495.03
820657 1 0.01 0.35 32.9 -0.252039 0.250695 1.43161 -0.010827 0.0121754 2495.03
821060 1 0.01 0.35 32.9 -0.039829 -0.061429 2.11568 -0.00117766 -0.00255755 2495.03
823353 1 0.01 0.35 32.9 -0.312253 -0.247139 8.3411 -0.0798419 -0.0612752 2495.03
825872 1 0.01 0.35 32.9 -0.308644 -0.18978 4.04825 -0.038527 -0.0229358 2495.03
826315 1 0.01 0.35 32.9 -0.394817 -0.351182 0.626526 -0.00772485 -0.00582254 2495.03
827164 1 0.01 0.35 32.9 -0.0768182 0.145253 3.85804 -0.0114 0.017712 2495.03
827616 1 0.01 0.35 32.9 -0.350535 -0.479972 2.62457 -0.0292832 -0.0354591 2495.03
828996 1 0.01 0.35 32.9 -0.437252 0.287634 10.6548 -0.140664 0.0941436 2495.03
830999 1 0.01 0.35 32.9 0.201593 0.350427 1.2052 0.00583462 0.0136404 2495.03
837506 1 0.01 0.35 32.9 0.456885 0.198256 1.94629 0.0272621 0.00975187 2495.03
843466 1 0.01 0.35 32.9 0.233854 -0.384926 9.65572 0.0674053 -0.111607 2495.03
843732 1 0.01 0.35 32.9 0.0434108 0.499227 1.97464 0.00318827 0.0298802 2495.03
846384 1 0.01 0.35 32.9 -0.392432 0.387941 1.87994 -0.0238224 0.0246695 2495.03
846744 1 0.01 0.35 32.9 0.222547 0.00558682 3.17724 0.0218296 0.00403094 2495.03
848077 1 0.01 0.35 32.9 -0.148874 -0.235447 1.58556 -0.00725859 -0.0105887 2495.03
848634 1 0.01 0.35 32.9 0.466416 -0.412671 1.23265 0.0170316 -0.0151257 2495.03
849034 1 0.01 0.35 32.9 0.154589 0.0459001 2.29059 0.0103491 0.00321193 2495.03
851012 1 0.01 0.35 32.9 0.0702798 0.257765 2.26759 0.00622543 0.0188418 2495.03
854741 1 0.01 0.35 32.9 -0.359051 -0.00077534 2.38071 -0.0281291 -0.0013172 2495.03
854860 1 0.01 0.35 32.9 -0.476287 -0.487984 2.73802 -0.0384779 -0.0395321 2495.03
855059 1 0.01 0.35 32.9 0.436585 0.480138 2.30102 0.0303263 0.0361038 2495.03
855174 1 0.01 0.35 32.9 -0.0493256 0.46074 3.97041 -0.00664358 0.0572513 2495.03
856545 1 0.01 0.35 32.9 -0.0870453 0.111123 2.68756 -0.00785494 0.0106838 2495.03
856845 1 0.01 0.35 32.9 -0.246425 -0.449633 1.74365 -0.0127128 -0.0215924 2495.03
860071 1 0.01 0.35 32.9 0.473211 -0.159159 7.44968 0.105746 -0.0349065 2495.03
860176 1 0.01 0.35 32.9 -0.0503233 0.0215665 1.53359 -0.00145679 0.00139397 2495.03
860260 1 0.01 0.35 32.9 0.31881 -0.372741 3.60287 0.0351796 -0.0403575 2495.03
864010 1 0.01 0.35 32.9 0.252722 -0.289984 1.54624 0.0100732 -0.012736 2495.03
866037 1 0.01 0.35 32.9 -0.203832 0.438876 1.28142 -0.00953214 0.0183877 2495.03
868055 1 0.01 0.35 32.9 0.286539 0.146453 1.66 0.0166644 0.00675808 2495.03
868139 1 0.01 0.35 32.9 0.253882 0.0561502 1.91535 0.0165385 0.00348933 2495.03
868218 1 0.01 0.35 32.9 -0.265783 0.33486 2.02365 -0.0180445 0.0208938 2495.03
870872 1 0.01 0.35 32.9 0.298173 -0.0779448 2.21646 0.0192012 -0.00443384 2495.03
871698 1 0.01 0.35 32.9 -0.343537 1.90083e-05 1.65623 -0.0176558 0.00189765 2495.03
872172 1 0.01 0.35 32.9 0.0814819 -0.351189 0.914008 0.00388708 -0.00940465 2495.03
876718 1 0.01 0.35 32.9 -0.476365 0.177317 1.69302 -0.0246622 0.00910268 2495.03
878087 1 0.01 0.35 32.9 -0.306811 -0.438069 2.02838 -0.0197867 -0.0262995 2495.03
878422 1 0.01 0.35 32.9 0.2448 0.22221 1.72881 0.0125673 0.0133373 2495.03
878481 1 0.01 0.35 32.9 -0.126136 -0.188416 3.66754 -0.0143321 -0.0205814 2495.03
880522 1 0.01 0.35 32.9 0.409722 0.355452 1.55306 0.0183923 0.0159875 2495.03
880648 1 0.01 0.35 32.9 0.115201 0.340706 3.86126 0.0139297 0.0393225 2495.03
881195 1 0.01 0.35 32.9 -0.266115 0.0366224 3.80646 -0.0294735 0.00527623 2495.03
881256 1 0.01 0.35 32.9 0.113473 0.0923277 1.89696 0.00627079 0.00749022 2495.03
882021 1 0.01 0.35 32.9 -0.0902353 -0.113303 2.66119 -0.00794402 -0.00730115 2495.03
884018 1 0.01 0.35 32.9 -0.422918 -0.345987 2.4705 -0.0322324 -0.0280421 2495.03
884884 1 0.01 0.35 32.9 -0.481341 0.459176 3.1672 -0.0464013 0.0449921 2495.03
891625 1 0.01 0.35 32.9 0.160298 -0.139998 4.29618 0.0201492 -0.0186493 2495.03
893422 1 0.01 0.35 32.9 0.0329071 -0.308368 3.22834 0.00290849 -0.0292118 2495.03
893863 1 0.01 0.35 32.9 0.384551 0.288608 0.689149 0.00914974 0.00564921 2495.03
894295 1 0.01 0.35 32.9 0.479113 0.261543 2.55807 0.0367028 0.0196905 2495.03
895124 1 0.01 0.35 32.9 0.24559 0.30818 0.486878 0.00438364 0.00513453 2495.03
896002 1 0.01 0.35 32.9 -0.0833882 -0.105433 0.644088 -0.000792931 0.00010619 2495.03
896301 1 0.01 0.35 32.9 0.0775201 -0.145741 2.1514 0.00466024 -0.0104973 2495.03
897153 1 0.01 0.35 32.9 -0.459376 0.281213 4.43821 -0.0625454 0.0388035 2495.03
898235 1 0.01 0.35 32.9 -0.464954 -0.444605 2.1655 -0.0304841 -0.0270993 2495.03
899685 1 0.01 0.35 32.9 -0.00933086 -0.467573 1.33163 -0.000399581 -0.0196801 2495.03
900005 1 0.01 0.35 32.9 -0.349015 -0.204711 2.03582 -0.0214671 -0.0152787 2495.03
900798 1 0.01 0.35 32.9 0.247201 -0.143973 2.37788 0.0182283 -0.00988169 2495.03
901756 1 0.01 0.35 32.9 0.224115 -0.444798 6.76604 0.044377 -0.0924524 2495.03
903882 1 0.01 0.35 32.9 0.0291058 0.061208 2.84126 0.000814199 0.0071443 2495.03
905977 1 0.01 0.35 32.9 -0.421349 0.0949534 5.68618 -0.0738689 0.0169802 2495.03
906927 1 0.01 0.35 32.9 0.478128 0.119675 1.57507 0.0224249 0.00703136 2495.03
908469 1 0.01 0.35 32.9 0.472785 0.492289 10.984 0.15802 0.165989 2495.03
912996 1 0.01 0.35 32.9 -0.210731 -0.0221636 2.16998 -0.0123967 -0.00290916 2495.03
914526 1 0.01 0.35 32.9 -0.132814 -0.162233 4.21301 -0.015994 -0.0204418 2495.03
915494 1 0.01 0.35 32.9 0.320974 0.456171 10.7637 0.103941 0.150976 2495.03
916778 1 0.01 0.35 32.9 -0.0680813 -0.0813249 0.664821 -0.00174946 -0.00238371 2495.03
917088 1 0.01 0.35 32.9 0.370846 0.134398 1.38631 0.012983 0.00707502 2495.03
917752 1 0.01 0.35 32.9 -0.156616 0.164806 4.20376 -0.0208319 0.0190591 2495.03
918461 1 0.01 0.35 32.9 0.331704 -0.402557 8.51091 0.0843237 -0.105271 2495.03
921115 1 0.01 0.35 32.9 0.282318 0.471051 1.89676 0.0186918 0.0274603 2495.03
924597 1 0.01 0.35 32.9 0.016568 -0.154081 1.34572 0.000220143 -0.00482916 2495.03
926225 1 0.01 0.35 32.9 -0.176881 0.0184514 3.80409 -0.0206362 0.00176028 2495.03
926660 1 0.01 0.35 32.9 -0.408718 0.00811523 1.5545 -0.0184759 0.00198858 2495.03
931929 1 0.01 0.35 32.9 -0.0523996 -0.307215 2.77904 -0.00419922 -0.0235349 2495.03
932175 1 0.01 0.35 32.9 -0.0132184 0.110354 1.48662 0.00129625 0.0049523 2495.03
933054 1 0.01 0.35 32.9 0.0780844 0.197612 9.71115 0.0239567 0.0583426 2495.03
934058 1 0.01 0.35 32.9 -0.323325 -0.261814 2.53454 -0.0256952 -0.0188209 2495.03
937074 1 0.01 0.35 32.9 -0.493858 -0.24374 9.37437 -0.140688 -0.0693942 2495.03
937756 1 0.01 0.35 32.9 0.252809 -0.0762483 3.45704 0.0277943 -0.00684846 2495.03
937814 1 0.01 0.35 32.9 -0.0583865 0.339889 2.37322 -0.00406502 0.024522 2495.03
940681 1 0.01 0.35 32.9 -0.113014 -0.393384 1.36631 -0.003704 -0.014743 2495.03
941550 1 0.01 0.35 32.9 0.368578 -0.487712 3.88424 0.0449833 -0.056875 2495.03
943350 1 0.01 0.35 32.9 0.491035 -0.292397 6.95228 0.100888 -0.0611205 2495.03
943615 1 0.01 0.35 32.9 0.022008 0.349841 5.15347 0.00357311 0.0553801 2495.03
945622 1 0.01 0.35 32.9 0.484563 0.455627 3.7494 0.0558521 0.0521634 2495.03
946718 1 0.01 0.35 32.9 -0.430907 0.375325 3.47391 -0.0466772 0.0418925 2495.03
950021 1 0.01 0.35 32.9 0.169666 -0.177083 2.02167 0.00954994 -0.0123599 2495.03
951840 1 0.01 0.35 32.9 0.0236772 0.20057 4.49582 0.00403238 0.0277928 2495.03
953968 1 0.01 0.35 32.9 -0.325629 -0.24923 2.12809 -0.0210389 -0.0149528 2495.03
962114 1 0.01 0.35 32.9 -0.35412 0.0686509 2.02184 -0.0206835 0.0044776 2495.03
962167 1 0.01 0.35 32.9 0.488538 -0.37987 4.12053 0.0621057 -0.0473516 2495.03
963527 1 0.01 0.35 32.9 0.382703 0.489779 5.49705 0.0629578 0.0807144 2495.03
964713 1 0.01 0.35 32.9 0.487002 -0.267902 1.95071 0.0292876 -0.0152362 2495.03
965239 1 0.01 0.35 32.9 0.262775 0.128948 5.06566 0.040379 0.0203841 2495.03
967679 1 0.01 0.35 32.9 0.434858 -0.264591 5.90916 0.0766909 -0.0474433 2495.03
970019 1 0.01 0.35 32.9 -0.345701 0.217017 3.02506 -0.032967 0.0203479 2495.03
970887 1 0.01 0.35 32.9 -0.035898 -0.234652 2.10623 -0.00328651 -0.0156458 2495.03
971290 1 0.01 0.35 32.9 0.415249 -0.455441 0.849562 0.0113692 -0.01018 2495.03
971695 1 0.01 0.35 32.9 0.0315313 -0.313267 1.86508 0.000376969 -0.0166078 2495.03
977576 1 0.01 0.35 32.9 -0.431064 0.148662 1.73892 -0.0232194 0.0078785 2495.03
977768 1 0.01 0.35 32.9 0.338726 -0.0663044 1.41382 0.0132544 -0.00319939 2495.03
978428 1 0.01 0.35 32.9 0.299732 -0.203215 3.47869 0.0312005 -0.0199808 2495.03
979267 1 0.01 0.35 32.9 0.489585 -0.444081 2.16205 0.0334775 -0.0266878 2495.03
979507 1 0.01 0.35 32.9 0.254549 -0.196668 1.41131 0.00807103 -0.00688025 2495.03
982629 1 0.01 0.35 32.9 0.0838656 0.47172 1.06255 0.00419678 0.0173571 2495.03
983443 1 0.01 0.35 32.9 -0.167653 0.193363 3.19605 -0.0167524 0.0182256 2495.03
984117 1 0.01 0.35 32.9 -0.42244 -0.288557 1.10661 -0.0141411 -0.00824837 2495.03
988446 1 0.01 0.35 32.9 -0.139142 -0.457484 3.00126 -0.0135137 -0.0405359 2495.03
989917 1 0.01 0.35 32.9 -0.189234 0.267528 1.51037 -0.00837449 0.0124509 2495.03
991590 1 0.01 0.35 32.9 0.432418 -0.13036 1.04145 0.0131116 -0.00350396 2495.03
995131 1 0.01 0.35 32.9 -0.117114 -0.317546 4.70287 -0.0170224 -0.0460184 2495.03
996970 1 0.01 0.35 32.9 -0.172843 0.435558 1.4135 -0.00812731 0.0191691 2495.03
999527 1 0.01 0.35 32.9 -0.460929 -0.186312 2.80911 -0.0388831 -0.0149152 2495.03
