447 1 0.01 0.35 32.9 0.3736 -0.498187 2.81817 0.0318029 -0.0423293 2490.95
1910 1 0.01 0.35 32.9 -0.0403943 -0.458432 1.63147 -0.00227754 -0.0237845 2490.95
2463 1 0.01 0.35 32.9 -0.168544 -0.245459 17.1066 -0.0858235 -0.12849 2490.95
3638 1 0.01 0.35 32.9 -0.237307 -0.0268522 2.72633 -0.0226122 -0.00196035 2490.95
4947 1 0.01 0.35 32.9 -0.160893 -0.110677 1.57798 -0.00813964 -0.0038352 2490.95
5081 1 0.01 0.35 32.9 -0.408773 0.121686 4.96627 -0.0614497 0.0199061 2490.95
5822 1 0.01 0.35 32.9 0.201008 0.0590386 3.96335 0.0241448 0.00784534 2490.95
6042 1 0.01 0.35 32.9 -0.312013 0.155057 1.31044 -0.0138548 0.00528702 2490.95
6264 1 0.01 0.35 32.9 -0.253431 -0.432149 0.717512 -0.00934249 -0.0113267 2490.95
6822 1 0.01 0.35 32.9 -0.348722 -0.258585 1.89794 -0.0218855 -0.0168861 2490.95
6862 1 0.01 0.35 32.9 -0.380644 -0.491857 2.18119 -0.0247269 -0.0319873 2490.95
7674 1 0.01 0.35 32.9 -0.130439 0.21753 0.876453 -0.00186357 0.006856 2490.95
8471 1 0.01 0.35 32.9 0.352086 -0.36591 2.1302 0.0245136 -0.0265445 2490.95
8702 1 0.01 0.35 32.9 0.311961 -0.120381 1.18612 0.0136312 -0.00383137 2490.95
9050 1 0.01 0.35 32.9 0.192598 0.126406 1.12876 0.00768993 0.00394689 2490.95
10368 1 0.01 0.35 32.9 -0.449451 0.0836469 1.87317 -0.0261681 0.00452152 2490.95
12003 1 0.01 0.35 32.9 -0.375911 -0.126659 2.34979 -0.027348 -0.00792092 2490.95
14501 1 0.01 0.35 32.9 0.373603 -0.244162 1.27207 0.0155254 -0.00771544 2490.95
14622 1 0.01 0.35 32.9 0.35189 -0.130699 2.845 0.0308088 -0.0125932 2490.95
14970 1 0.01 0.35 32.9 0.353624 -0.245052 8.26346 0.0883856 -0.0603682 2490.95
15758 1 0.01 0.35 32.9 0.420279 -0.110925 2.20294 0.0271445 -0.00473123 2490.95
16962 1 0.01 0.35 32.9 -0.36498 0.0385589 5.03775 -0.0579729 0.00449979 2490.95
17485 1 0.01 0.35 32.9 0.393174 0.304098 2.07391 0.023345 0.0215733 2490.95
17628 1 0.01 0.35 32.9 -0.0558564 0.116652 5.07757 -0.00968909 0.0177991 2490.95
17897 1 0.01 0.35 32.9 0.270531 -0.00635758 1.99357 0.0155254 -0.00145675 2490.95
18390 1 0.01 0.35 32.9 -0.33834 -0.316535 3.10653 -0.0328822 -0.0322348 2490.95
19048 1 0.01 0.35 32.9 -0.357374 -0.286653 0.613476 -0.00653585 -0.00403866 2490.95
19202 1 0.01 0.35 32.9 0.40977 0.0942133 3.06071 0.0399233 0.0065525 2490.95
20091 1 0.01 0.35 32.9 -0.414043 0.187852 2.1147 -0.0250511 0.0115973 2490.95
20779 1 0.01 0.35 32.9 -0.050939 0.112195 1.56324 -0.00219183 0.00561247 2490.95
21978 1 0.01 0.35 32.9 0.45343 0.316766 2.10236 0.0280513 0.0204447 2490.95
22275 1 0.01 0.35 32.9 0.495751 -0.369279 10.2299 0.15611 -0.113412 2490.95
23253 1 0.01 0.35 32.9 -0.319366 -0.244492 0.717828 -0.0086175 -0.0065687 2490.95
24351 1 0.01 0.35 32.9 -0.209263 -0.434085 5.13075 -0.033526 -0.066425 2490.95
24504 1 0.01 0.35 32.9 -0.00562543 -0.114099 0.902466 0.000246998 -0.00507509 2490.95
24803 1 0.01 0.35 32.9 -0.426273 -0.287122 2.86527 -0.0371054 -0.024795 2490.95
26205 1 0.01 0.35 32.9 -0.0650377 -0.355843 2.06449 -0.00491418 -0.0237621 2490.95
26249 1 0.01 0.35 32.9 -0.106138 0.439473 0.59563 -0.00252633 0.00721787 2490.95
26383 1 0.01 0.35 32.9 0.126056 -0.460766 2.38385 0.00812394 -0.0352511 2490.95
27611 1 0.01 0.35 32.9 -0.297903 -0.475104 2.05105 -0.0218727 -0.0293722 2490.95
28874 1 0.01 0.35 32.9 -0.342948 -0.154718 5.40979 -0.0592242 -0.0264965 2490.95
28905 1 0.01 0.35 32.9 0.397035 -0.313098 2.57491 0.0320949 -0.0246048 2490.95
29052 1 0.01 0.35 32.9 -0.0934846 0.0911062 2.02591 -0.00565842 0.00716579 2490.95
29576 1 0.01 0.35 32.9 -0.442674 0.233459 1.74242 -0.0214482 0.00984157 2490.95
29713 1 0.01 0.35 32.9 -0.309498 0.496296 0.614864 -0.00694272 0.00949678 2490.95
30510 1 0.01 0.35 32.9 0.242006 -0.122996 2.92843 0.0193566 -0.011914 2490.95
30649 1 0.01 0.35 32.9 -0.00132957 0.341037 1.35694 -7.81609e-05 0.0144608 2490.95
32028 1 0.01 0.35 32.9 -0.0734662 0.363324 1.78629 -0.00459809 0.0196192 2490.95
33597 1 0.01 0.35 32.9 -0.143565 0.104296 2.49027 -0.0105189 0.00768146 2490.95
33805 1 0.01 0.35 32.9 -0.485364 -0.371979 2.79883 -0.0427694 -0.0328385 2490.95
34608 1 0.01 0.35 32.9 0.482168 -0.129678 4.87765 0.0708095 -0.0181177 2490.95
35679 1 0.01 0.35 32.9 0.102228 -0.281138 3.29816 0.0104223 -0.0300138 2490.95
38302 1 0.01 0.35 32.9 -0.240727 0.460811 4.72254 -0.0332406 0.0652039 2490.95
40095 1 0.01 0.35 32.9 0.141893 -0.00896292 0.992077 0.00488666 -0.0020594 2490.95
40268 1 0.01 0.35 32.9 0.394943 -0.390104 2.59441 0.030577 -0.0293865 2490.95
41013 1 0.01 0.35 32.9 0.382184 -0.0368413 1.7992 0.0211336 -0.0034678 2490.95
41191 1 0.01 0.35 32.9 -0.444524 -0.403767 1.01726 -0.0118993 -0.0127701 2490.95
41612 1 0.01 0.35 32.9 -0.249122 -0.41203 7.30477 -0.0557787 -0.0913945 2490.95
42738 1 0.01 0.35 32.9 -0.0488369 -0.15812 1.27909 0.00180178 -0.00431869 2490.95
42814 1 0.01 0.35 32.9 0.184876 -0.238851 2.3338 0.0127573 -0.0176886 2490.95
43695 1 0.01 0.35 32.9 -0.00296487 -0.443022 2.91404 -0.000762063 -0.0397931 2490.95
44509 1 0.01 0.35 32.9 -0.125347 0.0750449 13.0657 -0.0489654 0.0298639 2490.95
44769 1 0.01 0.35 32.9 -0.161876 -0.297994 0.394561 -0.000192611 -0.00465226 2490.95
45403 1 0.01 0.35 32.9 -0.0352567 0.147526 4.39956 -0.00665465 0.0197661 2490.95
46017 1 0.01 0.35 32.9 -0.317629 0.236671 1.7472 -0.0160951 0.0126549 2490.95
47455 1 0.01 0.35 32.9 -0.0524449 0.0749741 0.844286 -0.00375371 0.00313883 2490.95
48385 1 0.01 0.35 32.9 -0.451794 0.0612303 3.35255 -0.0458745 0.00775856 2490.95
48391 1 0.01 0.35 32.9 0.344296 0.211376 1.67149 0.0158162 0.00879086 2490.95
50633 1 0.01 0.35 32.9 0.377803 -0.207322 1.55239 0.0184012 -0.00916073 2490.95
51979 1 0.01 0.35 32.9 -0.124143 -0.117223 1.58769 -0.0058379 -0.00827546 2490.95
52437 1 0.01 0.35 32.9 -0.345851 -0.0798932 1.83297 -0.0174861 -0.00423061 2490.95
53908 1 0.01 0.35 32.9 -0.401571 -0.0453158 1.33939 -0.0149555 -0.00170301 2490.95
56048 1 0.01 0.35 32.9 -0.282391 0.340147 5.37297 -0.0487578 0.0545234 2490.95
56234 1 0.01 0.35 32.9 -0.00407498 0.307922 0.887869 0.00304675 0.00720536 2490.95
56599 1 0.01 0.35 32.9 -0.109401 -0.132885 2.0865 -0.00960497 -0.0101166 2490.95
56783 1 0.01 0.35 32.9 -0.36962 -0.18543 6.24376 -0.0684037 -0.0374311 2490.95
57741 1 0.01 0.35 32.9 -0.22639 0.242049 0.618959 -0.00478081 0.00414689 2490.95
58755 1 0.01 0.35 32.9 0.166525 0.169218 0.584936 0.000627755 0.00385906 2490.95
61310 1 0.01 0.35 32.9 -0.329576 0.236035 1.30383 -0.013282 0.00983407 2490.95
61631 1 0.01 0.35 32.9 0.462195 -0.406884 1.36593 0.0197397 -0.015685 2490.95
63386 1 0.01 0.35 32.9 0.100264 -0.38379 1.56022 0.00714839 -0.0180806 2490.95
65618 1 0.01 0.35 32.9 -0.0670844 0.307064 1.0843 -0.00203459 0.00943662 2490.95
65622 1 0.01 0.35 32.9 -0.483302 0.232019 2.42254 -0.035794 0.0169955 2490.95
65909 1 0.01 0.35 32.9 -0.0524323 -0.465123 2.49545 -0.00676772 -0.0338517 2490.95
67260 1 0.01 0.35 32.9 0.328201 0.218774 1.10096 0.0104768 0.00686739 2490.95
67378 1 0.01 0.35 32.9 0.166921 -0.285248 0.808221 0.00312469 -0.00595215 2490.95
68700 1 0.01 0.35 32.9 0.259554 0.0545937 1.94658 0.0139343 0.00190181 2490.95
68860 1 0.01 0.35 32.9 0.0520254 -0.21936 1.01686 0.00139561 -0.00673213 2490.95
69345 1 0.01 0.35 32.9 -0.447622 -0.298177 4.01265 -0.0536459 -0.0342458 2490.95
69877 1 0.01 0.35 32.9 -0.189973 0.0881874 0.445905 -0.00218553 -0.000862855 2490.95
70426 1 0.01 0.35 32.9 -0.184611 -0.488761 1.38888 -0.00704393 -0.0197591 2490.95
70817 1 0.01 0.35 32.9 0.0425878 -0.212486 2.92162 0.00448667 -0.0194992 2490.95
70862 1 0.01 0.35 32.9 -0.46924 -0.457095 7.05958 -0.101471 -0.0975719 2490.95
73230 1 0.01 0.35 32.9 -0.123553 0.103335 1.18172 -0.00429859 0.000973537 2490.95
73247 1 0.01 0.35 32.9 0.23496 0.243047 3.03159 0.0231914 0.0243948 2490.95
73402 1 0.01 0.35 32.9 -0.187793 0.072669 1.44042 -0.00736698 0.00374899 2490.95
74791 1 0.01 0.35 32.9 0.37128 0.10816 1.252 0.0141877 0.00437727 2490.95
75223 1 0.01 0.35 32.9 0.471921 0.0759342 2.82283 0.0394639 0.00742544 2490.95
79380 1 0.01 0.35 32.9 0.122583 0.168564 0.923001 0.00293007 0.00427723 2490.95
80136 1 0.01 0.35 32.9 0.153957 0.376866 0.623996 -0.00054642 0.00867597 2490.95
82325 1 0.01 0.35 32.9 0.0799143 0.264262 0.597155 -9.69266e-05 0.00669228 2490.95
82547 1 0.01 0.35 32.9 -0.0650773 0.193169 2.62076 -0.00675467 0.0135058 2490.95
82953 1 0.01 0.35 32.9 0.427033 0.269502 2.40254 0.0309545 0.0167459 2490.95
83161 1 0.01 0.35 32.9 -0.313796 0.190549 1.36294 -0.0142612 0.00913795 2490.95
83543 1 0.01 0.35 32.9 -0.0495993 -0.020811 2.1091 -0.00287257 -0.00158737 2490.95
84002 1 0.01 0.35 32.9 0.274388 -0.00424169 0.496786 0.00697141 0.000121427 2490.95
85312 1 0.01 0.35 32.9 0.359055 -0.378465 3.46776 0.0391279 -0.0400351 2490.95
86259 1 0.01 0.35 32.9 -0.29337 -0.163009 2.40846 -0.0215251 -0.0144932 2490.95
87191 1 0.01 0.35 32.9 -0.10608 -0.212788 2.82016 -0.0112979 -0.0178514 2490.95
87373 1 0.01 0.35 32.9 -0.310139 0.37124 0.974208 -0.00986557 0.0106532 2490.95
88799 1 0.01 0.35 32.9 0.357329 -0.0820033 3.79636 0.039879 -0.00984151 2490.95
89534 1 0.01 0.35 32.9 -0.0225533 0.200265 0.989512 -0.000711783 0.00693495 2490.95
90528 1 0.01 0.35 32.9 -0.110461 -0.465733 6.6695 -0.0219747 -0.0974801 2490.95
91407 1 0.01 0.35 32.9 -0.332444 -0.185744 3.89418 -0.0400596 -0.0228599 2490.95
92716 1 0.01 0.35 32.9 0.0642066 0.153305 1.30316 0.000778779 0.00553592 2490.95
93002 1 0.01 0.35 32.9 0.235042 -0.164894 1.58075 0.0124217 -0.00825383 2490.95
93766 1 0.01 0.35 32.9 -0.153825 0.235837 1.66606 -0.00899172 0.0128227 2490.95
95709 1 0.01 0.35 32.9 0.188225 -0.079654 2.86319 0.0159776 -0.00786606 2490.95
96136 1 0.01 0.35 32.9 0.335065 -0.0925167 11.6415 0.117959 -0.0324157 2490.95
96983 1 0.01 0.35 32.9 -0.263321 0.276773 2.23297 -0.0162013 0.0185464 2490.95
97170 1 0.01 0.35 32.9 -0.152936 0.249124 6.57008 -0.0322646 0.0486233 2490.95
97227 1 0.01 0.35 32.9 0.449848 0.129969 1.25488 0.016751 0.00403555 2490.95
99000 1 0.01 0.35 32.9 0.441123 -0.36243 0.859644 0.0108426 -0.0104176 2490.95
100658 1 0.01 0.35 32.9 0.200287 -0.321691 0.627695 0.00518186 -0.00584273 2490.95
100936 1 0.01 0.35 32.9 -0.23316 -0.29625 1.61856 -0.0120715 -0.0156922 2490.95
101119 1 0.01 0.35 32.9 -0.114055 -0.0309203 2.18654 -0.00778922 -0.000132054 2490.95
101947 1 0.01 0.35 32.9 0.0245471 0.192171 1.95762 0.00105968 0.0130944 2490.95
103098 1 0.01 0.35 32.9 0.228702 -0.396533 14.8622 0.102384 -0.178572 2490.95
103305 1 0.01 0.35 32.9 0.247154 -0.0458129 3.52926 0.0298658 -0.00435981 2490.95
103541 1 0.01 0.35 32.9 0.173395 -0.127879 0.171498 0.000410732 0.00205288 2490.95
103779 1 0.01 0.35 32.9 0.263345 0.0233712 3.61505 0.0297305 0.00222467 2490.95
104388 1 0.01 0.35 32.9 -0.29025 0.296046 1.8175 -0.0175432 0.0157184 2490.95
104855 1 0.01 0.35 32.9 0.406424 -0.206114 1.73415 0.0210982 -0.0121249 2490.95
105577 1 0.01 0.35 32.9 -0.423412 0.238311 2.77362 -0.0349653 0.0221369 2490.95
105821 1 0.01 0.35 32.9 0.372063 -0.230636 0.799881 0.00893533 -0.00666617 2490.95
106024 1 0.01 0.35 32.9 0.242973 0.0918857 1.32759 0.00766247 0.00647255 2490.95
106211 1 0.01 0.35 32.9 0.230268 0.245809 1.98481 0.0138696 0.0138217 2490.95
106523 1 0.01 0.35 32.9 -0.00511907 -0.472092 4.82426 0.000724212 -0.0729651 2490.95
107330 1 0.01 0.35 32.9 0.46111 -0.463137 1.62435 0.0207843 -0.0213887 2490.95
107992 1 0.01 0.35 32.9 -0.238504 0.215829 0.533768 -0.00435768 0.00197089 2490.95
109201 1 0.01 0.35 32.9 0.475059 0.215693 3.91612 0.056871 0.0229329 2490.95
110121 1 0.01 0.35 32.9 -0.401947 -0.268987 2.05811 -0.0252022 -0.0149185 2490.95
110993 1 0.01 0.35 32.9 0.498385 -0.484415 0.456086 0.00499167 -0.00666111 2490.95
113893 1 0.01 0.35 32.9 -0.399748 -0.00627058 2.31385 -0.0284066 0.00186053 2490.95
114096 1 0.01 0.35 32.9 -0.493 -0.192437 3.61982 -0.0532905 -0.0235045 2490.95
119095 1 0.01 0.35 32.9 -0.326307 0.182969 1.80582 -0.0195474 0.0119637 2490.95
120178 1 0.01 0.35 32.9 0.0582699 0.214615 1.41581 0.0023949 0.00619886 2490.95
120487 1 0.01 0.35 32.9 0.11886 -0.12112 4.58133 0.0165644 -0.0183928 2490.95
121292 1 0.01 0.35 32.9 -0.0781961 0.0589445 1.80614 -0.00397061 0.00147876 2490.95
122265 1 0.01 0.35 32.9 0.38782 -0.321212 1.8558 0.02126 -0.0185181 2490.95
122738 1 0.01 0.35 32.9 0.351172 0.409233 0.930319 0.00762971 0.0132168 2490.95
123147 1 0.01 0.35 32.9 0.343003 -0.202655 0.93447 0.00967428 -0.00596 2490.95
123480 1 0.01 0.35 32.9 -0.0899369 0.242557 2.62431 -0.00805725 0.019231 2490.95
123997 1 0.01 0.35 32.9 0.153291 0.129978 1.51449 0.00702611 0.00699935 2490.95
124567 1 0.01 0.35 32.9 -0.23857 0.289215 2.38895 -0.0155725 0.0192626 2490.95
125043 1 0.01 0.35 32.9 -0.483186 0.00241525 1.27777 -0.0211134 0.00119211 2490.95
125713 1 0.01 0.35 32.9 -0.269242 0.184151 3.22879 -0.0258706 0.0186817 2490.95
126194 1 0.01 0.35 32.9 -0.0304351 0.461593 9.97101 -0.0107758 0.140063 2490.95
126457 1 0.01 0.35 32.9 -0.00968094 0.171434 1.97566 -0.000882031 0.00992959 2490.95
126823 1 0.01 0.35 32.9 0.394486 -0.475129 0.630718 0.00880748 -0.010427 2490.95
126876 1 0.01 0.35 32.9 0.0570508 -0.0162031 1.78181 0.00290706 -0.000264097 2490.95
126923 1 0.01 0.35 32.9 -0.245968 -0.489528 2.38903 -0.0169959 -0.0363073 2490.95
128835 1 0.01 0.35 32.9 0.325679 -0.0410304 3.75314 0.0367746 -0.00523071 2490.95
130265 1 0.01 0.35 32.9 -0.198735 0.0356997 5.61533 -0.0358679 0.0073642 2490.95
130396 1 0.01 0.35 32.9 0.460066 0.270237 3.18091 0.042862 0.0273406 2490.95
131128 1 0.01 0.35 32.9 0.197734 -0.0797858 20.4255 0.122795 -0.0483321 2490.95
131459 1 0.01 0.35 32.9 0.0767532 0.252388 4.62683 0.0117621 0.0365406 2490.95
133311 1 0.01 0.35 32.9 -0.207337 -0.469901 1.20626 -0.00698856 -0.0159362 2490.95
134702 1 0.01 0.35 32.9 -0.31848 -0.446005 1.56604 -0.0136918 -0.0225689 2490.95
136488 1 0.01 0.35 32.9 0.454645 0.244254 2.67886 0.0374278 0.0177682 2490.95
138030 1 0.01 0.35 32.9 -0.0234972 0.250791 0.882128 -0.000912773 0.00832809 2490.95
138400 1 0.01 0.35 32.9 -0.485264 -0.273892 1.02189 -0.0142979 -0.00938828 2490.95
140080 1 0.01 0.35 32.9 -0.0358047 0.399408 1.59638 -0.00246124 0.0178702 2490.95
140469 1 0.01 0.35 32.9 -0.244557 -0.0636094 1.62213 -0.0134579 -0.00176896 2490.95
143137 1 0.01 0.35 32.9 0.0365478 0.128031 6.41472 0.00616555 0.0229565 2490.95
144473 1 0.01 0.35 32.9 -0.134793 -0.378137 1.15763 -0.00605077 -0.0136393 2490.95
145158 1 0.01 0.35 32.9 0.433011 -0.217987 2.22917 0.0282917 -0.0169176 2490.95
145201 1 0.01 0.35 32.9 -0.0614255 -0.440444 7.9558 -0.0150914 -0.104741 2490.95
145441 1 0.01 0.35 32.9 -0.232383 0.142368 2.53142 -0.0182808 0.0109023 2490.95
146234 1 0.01 0.35 32.9 -0.272832 -0.36063 6.20987 -0.05249 -0.0690607 2490.95
147490 1 0.01 0.35 32.9 -0.134775 0.277942 6.67517 -0.0258427 0.0562488 2490.95
147827 1 0.01 0.35 32.9 -0.0486642 0.12073 3.10976 -0.00291529 0.00703245 2490.95
147874 1 0.01 0.35 32.9 -0.391203 -0.207837 2.7321 -0.0318135 -0.0169236 2490.95
148824 1 0.01 0.35 32.9 0.0149334 -0.110942 3.89919 0.000711143 -0.0152949 2490.95
150190 1 0.01 0.35 32.9 0.12288 -0.370509 2.01348 0.00550354 -0.0251952 2490.95
150426 1 0.01 0.35 32.9 -0.331932 0.123549 1.09686 -0.0105005 0.00557469 2490.95
150658 1 0.01 0.35 32.9 -0.413261 0.444303 3.30307 -0.0399435 0.0441978 2490.95
151794 1 0.01 0.35 32.9 -0.130037 0.154874 1.20957 -0.00509524 0.00447537 2490.95
151942 1 0.01 0.35 32.9 0.0759516 -0.200981 0.67534 0.00229286 -0.00402618 2490.95
152680 1 0.01 0.35 32.9 0.492904 -0.427324 3.50096 0.0544204 -0.0477176 2490.95
153006 1 0.01 0.35 32.9 -0.486101 -0.35097 3.53043 -0.0505713 -0.0379304 2490.95
153943 1 0.01 0.35 32.9 -0.175668 -0.00814478 0.504147 -0.00340089 -0.00156047 2490.95
155581 1 0.01 0.35 32.9 -0.416041 -0.329111 0.991109 -0.0141709 -0.00581869 2490.95
158189 1 0.01 0.35 32.9 -0.0339119 0.177884 1.5186 -0.00145124 0.00749639 2490.95
158304 1 0.01 0.35 32.9 0.368325 -0.058358 2.09733 0.0246003 -0.00186404 2490.95
160000 1 0.01 0.35 32.9 -0.20945 -0.125395 1.59847 -0.00803812 -0.00707557 2490.95
160446 1 0.01 0.35 32.9 0.272856 -0.244685 1.85697 0.0151789 -0.0147548 2490.95
160725 1 0.01 0.35 32.9 0.328953 0.352303 6.32914 0.0631794 0.0677424 2490.95
161621 1 0.01 0.35 32.9 -0.126819 -0.108721 2.78199 -0.0104428 -0.00704104 2490.95
164689 1 0.01 0.35 32.9 -0.416195 0.447917 1.23494 -0.0121272 0.0176344 2490.95
166308 1 0.01 0.35 32.9 -0.475533 -0.123771 3.37989 -0.0478952 -0.0159202 2490.95
167228 1 0.01 0.35 32.9 -0.225158 0.376771 3.25827 -0.0223331 0.0386509 2490.95
167476 1 0.01 0.35 32.9 -0.49043 -0.0127646 2.71756 -0.0382487 -0.00160164 2490.95
168166 1 0.01 0.35 32.9 -0.240144 -0.385119 2.20487 -0.0150788 -0.026385 2490.95
169552 1 0.01 0.35 32.9 0.359347 0.148052 1.49581 0.0175304 0.00705195 2490.95
170194 1 0.01 0.35 32.9 0.498811 -0.492237 2.43379 0.0378972 -0.0377484 2490.95
171578 1 0.01 0.35 32.9 -0.177421 -0.0349373 2.49505 -0.0118758 -0.00137974 2490.95
174606 1 0.01 0.35 32.9 -0.356504 0.491805 1.14722 -0.0130363 0.0137103 2490.95
174975 1 0.01 0.35 32.9 0.274587 -0.332173 3.77782 0.0304566 -0.0388314 2490.95
175441 1 0.01 0.35 32.9 -0.411707 -0.241012 0.995694 -0.0126714 -0.00639755 2490.95
176335 1 0.01 0.35 32.9 -0.28675 -0.0875191 7.48667 -0.0649519 -0.0214657 2490.95
177252 1 0.01 0.35 32.9 0.0310011 0.327512 1.78987 0.00300841 0.0169845 2490.95
177477 1 0.01 0.35 32.9 -0.389719 -0.351959 14.9977 -0.176443 -0.161965 2490.95
177556 1 0.01 0.35 32.9 0.0681795 -0.132715 1.6866 0.00165077 -0.00713628 2490.95
177593 1 0.01 0.35 32.9 0.34621 0.236695 2.55104 0.0286697 0.0191628 2490.95
178552 1 0.01 0.35 32.9 -0.151338 0.274372 1.62872 -0.00756089 0.0132166 2490.95
181447 1 0.01 0.35 32.9 -0.341603 0.119606 4.05113 -0.0413716 0.0129082 2490.95
183680 1 0.01 0.35 32.9 -0.217479 -0.0665735 3.31545 -0.0230489 -0.00761839 2490.95
185199 1 0.01 0.35 32.9 0.496763 0.289449 2.58208 0.0374598 0.0208172 2490.95
186175 1 0.01 0.35 32.9 -0.111524 0.0395184 2.63141 -0.0104719 0.00253013 2490.95
186805 1 0.01 0.35 32.9 0.142616 0.388751 4.74566 0.0183995 0.0565121 2490.95
186832 1 0.01 0.35 32.9 0.23458 -0.342158 2.58101 0.01699 -0.02797 2490.95
187474 1 0.01 0.35 32.9 -0.284354 -0.174489 3.62546 -0.0309799 -0.0191234 2490.95
187498 1 0.01 0.35 32.9 -0.0706102 0.447955 0.679462 0.00194908 0.00881651 2490.95
189243 1 0.01 0.35 32.9 -0.411856 -0.143562 1.14435 -0.0159617 -0.00474226 2490.95
190485 1 0.01 0.35 32.9 0.365222 -0.00912759 1.32917 0.0150971 -0.000471035 2490.95
190648 1 0.01 0.35 32.9 0.187094 -0.0455974 1.63415 0.00969879 -0.000761389 2490.95
190699 1 0.01 0.35 32.9 0.427061 -0.003004 2.3549 0.0281964 0.000350531 2490.95
191365 1 0.01 0.35 32.9 0.0515828 0.33047 3.19965 0.00418945 0.0319001 2490.95
192067 1 0.01 0.35 32.9 -0.252903 0.0939178 2.2215 -0.0171748 0.00655451 2490.95
192198 1 0.01 0.35 32.9 0.427355 0.162463 2.22857 0.0343224 0.0100409 2490.95
192349 1 0.01 0.35 32.9 0.169443 0.391566 1.47744 0.00678439 0.0170547 2490.95
195758 1 0.01 0.35 32.9 0.487931 0.367343 0.834969 0.0125862 0.00562705 2490.95
196054 1 0.01 0.35 32.9 0.152652 -0.495902 3.67743 0.0171123 -0.0577739 2490.95
196486 1 0.01 0.35 32.9 -0.303355 -0.123398 6.14968 -0.0578848 -0.0201197 2490.95
196506 1 0.01 0.35 32.9 -0.11131 0.0635923 1.48038 -0.00590479 0.0017414 2490.95
196634 1 0.01 0.35 32.9 0.047579 0.484918 1.26279 0.00366433 0.016477 2490.95
196821 1 0.01 0.35 32.9 0.388884 0.398108 2.53314 0.0306886 0.0289566 2490.95
198495 1 0.01 0.35 32.9 -0.0213008 -0.0962417 0.63017 -0.00154762 -0.000793182 2490.95
198542 1 0.01 0.35 32.9 0.313402 -0.0190951 5.11576 0.0467757 -0.00469141 2490.95
198730 1 0.01 0.35 32.9 -0.096807 0.188436 2.10469 -0.00619498 0.0124957 2490.95
199779 1 0.01 0.35 32.9 0.473221 -0.261387 1.74881 0.0234863 -0.0140648 2490.95
200358 1 0.01 0.35 32.9 -0.255596 0.297112 6.43369 -0.0489772 0.0570278 2490.95
200384 1 0.01 0.35 32.9 0.384497 0.0680687 1.81985 0.0189551 0.00532574 2490.95
200732 1 0.01 0.35 32.9 -0.248043 -0.115518 2.98345 -0.0238063 -0.00988187 2490.95
201545 1 0.01 0.35 32.9 0.146266 0.0545926 1.3646 0.00767644 0.0035968 2490.95
202208 1 0.01 0.35 32.9 -0.445274 -0.475909 2.78939 -0.0370776 -0.0401454 2490.95
202361 1 0.01 0.35 32.9 -0.121843 -0.477167 2.10512 -0.00851005 -0.0319032 2490.95
203549 1 0.01 0.35 32.9 0.0412486 0.00210687 5.4203 0.00741375 -0.00174632 2490.95
203712 1 0.01 0.35 32.9 0.0396134 0.341001 1.06419 0.00382936 0.0142943 2490.95
204268 1 0.01 0.35 32.9 0.268371 0.458378 3.36489 0.0266169 0.0451975 2490.95
205165 1 0.01 0.35 32.9 0.173332 0.474043 5.92659 0.0325322 0.084301 2490.95
205998 1 0.01 0.35 32.9 -0.16098 -0.421535 3.92893 -0.0198777 -0.0525984 2490.95
206105 1 0.01 0.35 32.9 0.456723 0.162738 2.17313 0.0311786 0.00994733 2490.95
207574 1 0.01 0.35 32.9 -0.497205 0.0903512 15.0845 -0.227864 0.0447552 2490.95
210530 1 0.01 0.35 32.9 0.216462 0.244531 3.99777 0.0260285 0.0303938 2490.95
211160 1 0.01 0.35 32.9 -0.435209 0.327246 0.578967 -0.00712875 0.00611945 2490.95
212223 1 0.01 0.35 32.9 -0.151869 -0.379872 1.1874 -0.00380295 -0.0149182 2490.95
212312 1 0.01 0.35 32.9 0.288703 0.144751 1.66777 0.0126548 0.00711317 2490.95
214524 1 0.01 0.35 32.9 -0.463932 0.259766 2.73234 -0.0386052 0.0209455 2490.95
216186 1 0.01 0.35 32.9 0.0941769 -0.39128 0.931392 0.00120261 -0.0109289 2490.95
217494 1 0.01 0.35 32.9 -0.453175 -0.255915 1.22074 -0.0159975 -0.00907522 2490.95
218019 1 0.01 0.35 32.9 0.418271 -0.377046 1.94233 0.0254134 -0.0202063 2490.95
218750 1 0.01 0.35 32.9 -0.189308 0.0782745 3.07063 -0.0179049 0.0101957 2490.95
220386 1 0.01 0.35 32.9 0.466661 0.280441 2.67212 0.0361038 0.0200739 2490.95
220772 1 0.01 0.35 32.9 -0.244716 -0.215982 2.26154 -0.0182726 -0.0150471 2490.95
221076 1 0.01 0.35 32.9 -0.118656 -0.336484 0.764872 -0.00268145 -0.00729802 2490.95
223454 1 0.01 0.35 32.9 -0.347631 0.432073 0.595847 -0.0078923 0.00573856 2490.95
223895 1 0.01 0.35 32.9 0.376588 -0.125147 0.951716 0.0101396 -0.00480491 2490.95
223938 1 0.01 0.35 32.9 0.313258 0.277682 2.14405 0.0212783 0.0203182 2490.95
225218 1 0.01 0.35 32.9 -0.146681 -0.0329161 0.63182 -0.00216953 -0.000805278 2490.95
225758 1 0.01 0.35 32.9 -0.430152 0.0388414 5.66947 -0.0745888 0.00978681 2490.95
227168 1 0.01 0.35 32.9 -0.0758406 0.415953 1.4661 -0.00498572 0.0192435 2490.95
227689 1 0.01 0.35 32.9 0.248623 -0.386047 4.00024 0.0330637 -0.0479672 2490.95
228989 1 0.01 0.35 32.9 0.0894586 0.479615 6.1921 0.0177487 0.0910464 2490.95
229141 1 0.01 0.35 32.9 0.258403 0.0657435 4.08523 0.0331658 0.00922491 2490.95
229522 1 0.01 0.35 32.9 -0.28583 -0.0607669 3.5206 -0.0321442 -0.00756904 2490.95
231018 1 0.01 0.35 32.9 -0.458533 0.290076 1.45584 -0.0198907 0.013363 2490.95
231712 1 0.01 0.35 32.9 -0.398435 0.209947 1.56082 -0.0195278 0.0111056 2490.95
232678 1 0.01 0.35 32.9 -0.47529 -0.26161 2.66544 -0.0355522 -0.0204922 2490.95
234306 1 0.01 0.35 32.9 0.491672 0.207697 3.33999 0.0510279 0.0198049 2490.95
234934 1 0.01 0.35 32.9 0.248671 -0.196523 1.06433 0.00958191 -0.00750316 2490.95
235285 1 0.01 0.35 32.9 0.173554 -0.244716 1.55614 0.00604802 -0.0121954 2490.95
236517 1 0.01 0.35 32.9 0.390455 -0.295349 3.19385 0.0396701 -0.0271169 2490.95
240930 1 0.01 0.35 32.9 -0.117078 -0.279654 3.16752 -0.0134575 -0.0280917 2490.95
241261 1 0.01 0.35 32.9 0.141137 0.221151 2.49352 0.0137149 0.017907 2490.95
242182 1 0.01 0.35 32.9 0.395417 -0.0722302 7.2134 0.0874464 -0.0160547 2490.95
242524 1 0.01 0.35 32.9 -0.148882 0.342415 2.07987 -0.00934693 0.0212995 2490.95
242551 1 0.01 0.35 32.9 -0.209383 -0.191698 1.0231 -0.00663194 -0.00649837 2490.95
242590 1 0.01 0.35 32.9 -0.384276 0.396883 1.35431 -0.0162249 0.0164432 2490.95
243849 1 0.01 0.35 32.9 0.430446 -0.414135 0.959592 0.0119646 -0.0114422 2490.95
245546 1 0.01 0.35 32.9 -0.444155 -0.201047 1.71269 -0.0200444 -0.0111453 2490.95
245563 1 0.01 0.35 32.9 -0.207996 0.32135 2.20388 -0.0141388 0.0212375 2490.95
246472 1 0.01 0.35 32.9 0.0125399 -0.180288 2.41167 0.000371676 -0.0136322 2490.95
246949 1 0.01 0.35 32.9 0.248041 0.100135 2.02085 0.014752 0.00470427 2490.95
247293 1 0.01 0.35 32.9 0.109581 0.340571 6.4974 0.0222313 0.0645677 2490.95
248204 1 0.01 0.35 32.9 0.388422 0.159673 0.842505 0.0104071 0.0064343 2490.95
248561 1 0.01 0.35 32.9 -0.305065 -0.201953 1.84183 -0.0167594 -0.00829192 2490.95
248810 1 0.01 0.35 32.9 -0.0911373 0.0653825 3.27319 -0.00566915 0.00713968 2490.95
248906 1 0.01 0.35 32.9 -0.0911077 0.0848691 3.03211 -0.0108019 0.00993494 2490.95
249022 1 0.01 0.35 32.9 0.222748 -0.497805 2.56493 0.0151338 -0.0390803 2490.95
249464 1 0.01 0.35 32.9 -0.267755 0.404768 1.29773 -0.012623 0.0174737 2490.95
250171 1 0.01 0.35 32.9 -0.182887 0.393795 1.53089 -0.00643162 0.0172856 2490.95
250471 1 0.01 0.35 32.9 -0.23602 0.456729 3.258 -0.0265235 0.0461716 2490.95
251492 1 0.01 0.35 32.9 0.0637205 -0.252912 1.94473 0.00287854 -0.0144156 2490.95
252802 1 0.01 0.35 32.9 0.410597 -0.418555 9.64982 0.118661 -0.120399 2490.95
254048 1 0.01 0.35 32.9 -0.36265 0.343127 3.95272 -0.0443532 0.0374194 2490.95
255878 1 0.01 0.35 32.9 0.0759034 -0.319755 1.50677 0.00140731 -0.0160446 2490.95
258803 1 0.01 0.35 32.9 -0.146542 0.450293 1.10631 -0.00387779 0.0155741 2490.95
259852 1 0.01 0.35 32.9 -0.390874 0.13263 1.48195 -0.0183372 0.00517301 2490.95
259914 1 0.01 0.35 32.9 -0.0224149 -0.123402 1.35569 0.000549243 -0.00595158 2490.95
260361 1 0.01 0.35 32.9 0.312982 -0.245667 1.63955 0.01468 -0.0141829 2490.95
261176 1 0.01 0.35 32.9 0.123923 0.303825 1.68384 0.00650913 0.0130235 2490.95
261541 1 0.01 0.35 32.9 0.00380771 0.391214 1.23191 -0.000264336 0.0140711 2490.95
264075 1 0.01 0.35 32.9 0.40535 -0.0720082 3.73689 0.0455783 -0.00736908 2490.95
265016 1 0.01 0.35 32.9 -0.0893712 -0.365127 3.72337 -0.00784178 -0.0411615 2490.95
265844 1 0.01 0.35 32.9 -0.242187 -0.136358 2.21317 -0.0132019 -0.00959396 2490.95
266386 1 0.01 0.35 32.9 -0.456976 -0.0908442 1.06324 -0.0131233 -0.00350327 2490.95
267625 1 0.01 0.35 32.9 0.138083 0.0668849 1.4158 0.00481323 0.00337202 2490.95
267773 1 0.01 0.35 32.9 0.159518 0.470377 4.59323 0.0231098 0.0645341 2490.95
268226 1 0.01 0.35 32.9 0.116627 -0.276043 1.84176 0.00508429 -0.01669 2490.95
269855 1 0.01 0.35 32.9 0.340134 -0.47969 2.45521 0.0261127 -0.0365504 2490.95
270985 1 0.01 0.35 32.9 -0.379108 0.268579 1.84669 -0.0230205 0.0158217 2490.95
271104 1 0.01 0.35 32.9 -0.0900368 0.146714 1.19475 -0.00299362 0.00172496 2490.95
271665 1 0.01 0.35 32.9 0.355063 0.359492 1.60573 0.0184836 0.0178635 2490.95
271957 1 0.01 0.35 32.9 0.466339 0.452924 3.84583 0.0521908 0.0520689 2490.95
272682 1 0.01 0.35 32.9 -0.248307 -0.151471 2.11313 -0.0145601 -0.00932493 2490.95
273443 1 0.01 0.35 32.9 0.0276458 -0.262984 1.49647 0.00171954 -0.00943517 2490.95
276980 1 0.01 0.35 32.9 -0.271924 0.0697099 3.44664 -0.0281183 0.00931972 2490.95
278155 1 0.01 0.35 32.9 0.0782713 0.219664 7.67701 0.0201001 0.0532204 2490.95
280660 1 0.01 0.35 32.9 0.222355 -0.0700812 0.960298 0.00612736 -0.00348041 2490.95
281286 1 0.01 0.35 32.9 0.301492 -0.418258 3.02801 0.0281289 -0.0368611 2490.95
285525 1 0.01 0.35 32.9 0.00739556 0.40415 1.06965 -1.32227e-05 0.0109525 2490.95
285757 1 0.01 0.35 32.9 0.143204 -0.0641259 6.75914 0.0315991 -0.011975 2490.95
288108 1 0.01 0.35 32.9 0.235733 -0.00121521 2.52287 0.0188552 0.00164881 2490.95
288174 1 0.01 0.35 32.9 -0.210952 -0.2861 7.32758 -0.0482315 -0.0641554 2490.95
288362 1 0.01 0.35 32.9 -0.285348 -0.476819 2.64883 -0.0238473 -0.0367976 2490.95
288368 1 0.01 0.35 32.9 0.128383 -0.397402 3.62476 0.0152918 -0.0432788 2490.95
289235 1 0.01 0.35 32.9 0.447592 0.107222 2.61811 0.0362125 0.0107788 2490.95
289408 1 0.01 0.35 32.9 0.179323 0.119231 3.01002 0.0178695 0.00879499 2490.95
289410 1 0.01 0.35 32.9 -0.464677 0.359977 2.39109 -0.0326297 0.0244046 2490.95
292586 1 0.01 0.35 32.9 0.228411 -0.424018 2.13269 0.0158421 -0.0305577 2490.95
293038 1 0.01 0.35 32.9 -0.468113 -0.381757 4.66807 -0.0682162 -0.0563931 2490.95
293730 1 0.01 0.35 32.9 0.399777 0.206056 1.40292 0.0162931 0.0111158 2490.95
294009 1 0.01 0.35 32.9 -0.455662 -0.166967 1.6813 -0.0242124 -0.00850672 2490.95
294080 1 0.01 0.35 32.9 0.126784 0.260483 3.54165 0.0152715 0.0291543 2490.95
295027 1 0.01 0.35 32.9 0.493324 -0.00176213 2.17795 0.0343073 -0.00139964 2490.95
296041 1 0.01 0.35 32.9 -0.392273 -0.467891 1.10631 -0.0155125 -0.0171737 2490.95
297306 1 0.01 0.35 32.9 0.100014 -0.106073 1.11353 0.00395302 -0.00280489 2490.95
298844 1 0.01 0.35 32.9 0.278452 -0.213081 3.42654 0.0294182 -0.0216205 2490.95
299654 1 0.01 0.35 32.9 -0.0612235 -0.267109 1.89973 -0.00380439 -0.0164757 2490.95
299671 1 0.01 0.35 32.9 0.43244 -0.419873 2.60847 0.0381188 -0.0327576 2490.95
300349 1 0.01 0.35 32.9 0.140997 0.416158 3.56525 0.0154665 0.0467889 2490.95
301746 1 0.01 0.35 32.9 0.489175 -0.470306 2.82115 0.0398485 -0.0375525 2490.95
302447 1 0.01 0.35 32.9 0.298678 0.436558 2.37522 0.0215329 0.0338735 2490.95
302725 1 0.01 0.35 32.9 0.0472282 0.134842 0.876203 0.00172395 0.00041978 2490.95
303465 1 0.01 0.35 32.9 0.473101 0.412838 1.60431 0.0249796 0.020936 2490.95
304004 1 0.01 0.35 32.9 -0.101792 0.0626881 1.77567 -0.005463 0.00376844 2490.95
304978 1 0.01 0.35 32.9 0.393036 -0.478001 2.6946 0.0309908 -0.0391793 2490.95
304987 1 0.01 0.35 32.9 0.205279 -0.288617 1.17149 0.0063001 -0.0116259 2490.95
305152 1 0.01 0.35 32.9 0.069732 0.327709 0.806882 -0.000244304 0.00677666 2490.95
305328 1 0.01 0.35 32.9 0.148477 0.0427182 0.680938 0.00191562 0.00014326 2490.95
307907 1 0.01 0.35 32.9 -0.211194 -0.128559 1.69064 -0.0110337 -0.00905689 2490.95
307926 1 0.01 0.35 32.9 -0.287869 -0.0905025 2.15536 -0.0197755 -0.00566738 2490.95
308613 1 0.01 0.35 32.9 -0.267278 0.0300719 3.03445 -0.0239378 -0.000491066 2490.95
309601 1 0.01 0.35 32.9 -0.333074 -0.301013 0.440392 -0.00827084 -0.00573179 2490.95
310765 1 0.01 0.35 32.9 -0.132397 0.476621 1.81714 -0.00776238 0.0269465 2490.95
311104 1 0.01 0.35 32.9 0.420076 0.212725 4.26607 0.0556034 0.0280783 2490.95
312153 1 0.01 0.35 32.9 -0.163504 -0.191553 1.12849 -0.00521251 -0.00630031 2490.95
315199 1 0.01 0.35 32.9 0.0353988 0.0344885 2.33091 0.0025824 0.00227353 2490.95
315419 1 0.01 0.35 32.9 -0.377469 -0.327549 7.34418 -0.0837998 -0.071441 2490.95
315776 1 0.01 0.35 32.9 0.413268 0.24799 3.12527 0.0387074 0.0239746 2490.95
316679 1 0.01 0.35 32.9 0.0399461 -0.182822 2.29353 0.00485623 -0.0129271 2490.95
317019 1 0.01 0.35 32.9 0.259835 0.220441 4.74182 0.038888 0.0313782 2490.95
318350 1 0.01 0.35 32.9 0.483852 0.0959868 2.16057 0.0307938 0.00645088 2490.95
320283 1 0.01 0.35 32.9 0.486487 0.262844 0.89852 0.0125861 0.0067644 2490.95
320736 1 0.01 0.35 32.9 0.0255293 -0.289273 0.641189 0.00214967 -0.00666928 2490.95
321153 1 0.01 0.35 32.9 0.450594 0.0946023 0.930884 0.0122138 0.0025874 2490.95
324227 1 0.01 0.35 32.9 0.105411 -0.0183595 2.05798 0.00881608 -0.00142234 2490.95
324572 1 0.01 0.35 32.9 0.178461 0.330405 1.23498 0.0058274 0.0117798 2490.95
325330 1 0.01 0.35 32.9 -0.15357 -0.402271 2.85102 -0.015092 -0.0328973 2490.95
325688 1 0.01 0.35 32.9 -0.336831 -0.255078 1.39197 -0.0143145 -0.0128576 2490.95
326576 1 0.01 0.35 32.9 -0.339023 -0.483483 0.673469 -0.00591674 -0.00987828 2490.95
328216 1 0.01 0.35 32.9 -0.463266 -0.275984 4.13603 -0.0587838 -0.0327418 2490.95
328654 1 0.01 0.35 32.9 -0.271525 0.104407 1.76477 -0.0143722 0.00590461 2490.95
330153 1 0.01 0.35 32.9 0.472822 0.0243917 3.67265 0.0518596 0.00350486 2490.95
331881 1 0.01 0.35 32.9 -0.0928587 0.00664249 3.3164 -0.0107991 0.00172518 2490.95
331908 1 0.01 0.35 32.9 0.275344 -0.0875595 3.17518 0.026621 -0.00656716 2490.95
332058 1 0.01 0.35 32.9 0.44606 0.392623 1.54024 0.0236965 0.0184173 2490.95
332385 1 0.01 0.35 32.9 0.175225 0.181907 1.60814 0.010558 0.00700679 2490.95
332555 1 0.01 0.35 32.9 0.145473 -0.0532711 3.912 0.0177699 -0.0036795 2490.95
332973 1 0.01 0.35 32.9 -0.017007 0.484547 1.67813 -0.000125429 0.0258546 2490.95
333575 1 0.01 0.35 32.9 0.00192554 0.0499111 1.75265 0.00125295 0.00376456 2490.95
334205 1 0.01 0.35 32.9 0.0339934 -0.354884 0.905739 0.00264886 -0.00876148 2490.95
334850 1 0.01 0.35 32.9 0.0221108 0.239074 0.823395 0.00132211 0.00475314 2490.95
336186 1 0.01 0.35 32.9 0.0594747 -0.245878 5.39408 0.0116484 -0.0410955 2490.95
337274 1 0.01 0.35 32.9 -0.231268 0.0217629 2.39207 -0.0167282 0.000857701 2490.95
338194 1 0.01 0.35 32.9 -0.446072 0.0323089 1.87434 -0.0231678 0.00245296 2490.95
339165 1 0.01 0.35 32.9 0.380215 -0.487185 1.25848 0.0127859 -0.0170626 2490.95
339301 1 0.01 0.35 32.9 -0.303713 -0.421589 2.10642 -0.0185056 -0.0257015 2490.95
339556 1 0.01 0.35 32.9 -0.24057 0.342241 0.532886 -0.00400138 0.00947394 2490.95
342234 1 0.01 0.35 32.9 -0.319847 0.257042 1.65502 -0.0167789 0.0134512 2490.95
342258 1 0.01 0.35 32.9 0.205583 -0.20968 1.50454 0.0104019 -0.00844468 2490.95
342718 1 0.01 0.35 32.9 -0.027777 0.0750628 2.73782 -0.0033613 0.00506039 2490.95
345168 1 0.01 0.35 32.9 0.397685 0.321821 0.965808 0.0112348 0.0120458 2490.95
345827 1 0.01 0.35 32.9 -0.1764 0.277261 1.95574 -0.0086314 0.0145619 2490.95
346942 1 0.01 0.35 32.9 -0.463638 0.224341 3.30092 -0.0450474 0.0254438 2490.95
347380 1 0.01 0.35 32.9 0.0285112 -0.292972 2.52604 0.00471659 -0.0236154 2490.95
347599 1 0.01 0.35 32.9 0.0883525 0.237992 2.57368 0.00692824 0.0194526 2490.95
349230 1 0.01 0.35 32.9 -0.375038 -0.260626 2.87439 -0.0324019 -0.0223677 2490.95
350568 1 0.01 0.35 32.9 -0.39442 -0.341162 2.03349 -0.0257452 -0.0222709 2490.95
350599 1 0.01 0.35 32.9 -0.300829 0.168991 1.54439 -0.012825 0.00700881 2490.95
352484 1 0.01 0.35 32.9 -0.0749988 -0.112475 1.73364 -0.00215042 -0.00269482 2490.95
353871 1 0.01 0.35 32.9 0.133638 -0.144444 2.75866 0.0125405 -0.00968559 2490.95
354444 1 0.01 0.35 32.9 0.463673 0.129 3.19416 0.0433574 0.0105634 2490.95
355427 1 0.01 0.35 32.9 -0.086229 0.330926 2.67389 -0.00725092 0.0285728 2490.95
356482 1 0.01 0.35 32.9 -0.117898 -0.437884 1.27546 -0.00646966 -0.0181312 2490.95
357845 1 0.01 0.35 32.9 0.100825 0.311067 3.53794 0.00860107 0.0338682 2490.95
359310 1 0.01 0.35 32.9 -0.499975 0.167839 3.20335 -0.0493359 0.0170645 2490.95
360788 1 0.01 0.35 32.9 0.168651 -0.237944 1.78074 0.0110258 -0.0129973 2490.95
362518 1 0.01 0.35 32.9 0.250234 0.461686 3.07677 0.0244446 0.0427349 2490.95
363168 1 0.01 0.35 32.9 0.0417976 0.449249 1.37451 0.00253308 0.0183601 2490.95
363241 1 0.01 0.35 32.9 -0.483596 -0.297808 8.94062 -0.130448 -0.0816991 2490.95
363696 1 0.01 0.35 32.9 0.437945 0.272057 1.21819 0.0179547 0.0105967 2490.95
364148 1 0.01 0.35 32.9 0.434101 0.197154 1.52002 0.0226685 0.00731045 2490.95
364974 1 0.01 0.35 32.9 -0.156719 0.110585 0.658002 -0.00324687 0.0019767 2490.95
365178 1 0.01 0.35 32.9 -0.482486 -0.0788843 0.904499 -0.0132553 0.000644832 2490.95
365857 1 0.01 0.35 32.9 0.469966 -0.228204 2.65247 0.038267 -0.0168626 2490.95
366505 1 0.01 0.35 32.9 0.0260852 -0.0156588 2.173 0.000130166 0.000627485 2490.95
367218 1 0.01 0.35 32.9 0.0747225 0.027864 0.776213 0.000881297 0.000613283 2490.95
368401 1 0.01 0.35 32.9 -0.148046 -0.101431 1.30134 -0.00716023 -0.00332272 2490.95
369124 1 0.01 0.35 32.9 0.0176932 0.219615 2.50914 0.00153476 0.0164431 2490.95
369258 1 0.01 0.35 32.9 -0.271412 0.206662 2.13775 -0.0177271 0.0125432 2490.95
369975 1 0.01 0.35 32.9 -0.0425355 0.436135 2.1324 -0.0022121 0.0281717 2490.95
371568 1 0.01 0.35 32.9 -0.389442 0.126091 6.78837 -0.0811461 0.0263744 2490.95
371656 1 0.01 0.35 32.9 0.267192 0.076314 1.91355 0.0139153 0.00629197 2490.95
372212 1 0.01 0.35 32.9 -0.404092 0.168955 4.02124 -0.0498265 0.0207045 2490.95
372869 1 0.01 0.35 32.9 0.197934 -0.342382 2.91689 0.0180435 -0.029984 2490.95
373789 1 0.01 0.35 32.9 -0.188632 -0.440581 0.546726 -0.00557697 -0.00736455 2490.95
375629 1 0.01 0.35 32.9 -0.132325 0.453888 3.4758 -0.0137082 0.0471908 2490.95
379062 1 0.01 0.35 32.9 0.419903 0.266448 5.2073 0.0655811 0.045758 2490.95
380778 1 0.01 0.35 32.9 0.043803 -0.124791 1.91492 0.00166943 -0.00740345 2490.95
380907 1 0.01 0.35 32.9 0.0268054 -0.132788 1.95533 0.00267848 -0.0089315 2490.95
383072 1 0.01 0.35 32.9 -0.229952 0.388565 2.35435 -0.0143184 0.0243455 2490.95
383285 1 0.01 0.35 32.9 -0.108719 -0.161337 2.42254 -0.00762118 -0.0124178 2490.95
383570 1 0.01 0.35 32.9 0.32747 -0.0589446 5.2811 0.0514525 -0.00974886 2490.95
384411 1 0.01 0.35 32.9 0.0925736 -0.294407 1.41056 0.0031918 -0.0125006 2490.95
385515 1 0.01 0.35 32.9 -0.264353 0.1392 1.73627 -0.0144742 0.00731509 2490.95
386370 1 0.01 0.35 32.9 0.456197 -0.349639 1.64219 0.0245627 -0.0175726 2490.95
387524 1 0.01 0.35 32.9 -0.410613 0.242354 3.53069 -0.0434447 0.0261621 2490.95
387676 1 0.01 0.35 32.9 -0.355681 -0.0225823 4.0325 -0.042804 -0.00406536 2490.95
389269 1 0.01 0.35 32.9 0.253389 0.281988 5.62836 0.0420989 0.0486513 2490.95
389669 1 0.01 0.35 32.9 -0.0202899 -0.497959 1.0052 0.0017393 -0.0171574 2490.95
390016 1 0.01 0.35 32.9 0.19382 0.111872 3.67483 0.0199005 0.0129659 2490.95
390391 1 0.01 0.35 32.9 -0.443785 -0.283524 9.917 -0.134658 -0.0864277 2490.95
390529 1 0.01 0.35 32.9 -0.203396 -0.496023 2.43907 -0.0148314 -0.0360109 2490.95
391996 1 0.01 0.35 32.9 0.367929 0.155821 1.73376 0.01753 0.00862498 2490.95
392924 1 0.01 0.35 32.9 0.327627 -0.0777972 4.53406 0.0440127 -0.0108966 2490.95
393220 1 0.01 0.35 32.9 -0.392072 0.347674 2.66004 -0.0315305 0.0272 2490.95
394232 1 0.01 0.35 32.9 0.236242 -0.239493 2.52814 0.017244 -0.0184341 2490.95
394962 1 0.01 0.35 32.9 0.252165 -0.337963 6.94359 0.0520615 -0.0700267 2490.95
398563 1 0.01 0.35 32.9 0.398704 0.462564 6.27718 0.0776922 0.0884585 2490.95
398590 1 0.01 0.35 32.9 -0.33318 0.0918402 10.4981 -0.108593 0.0293135 2490.95
398857 1 0.01 0.35 32.9 -0.213103 0.417313 2.02595 -0.0132306 0.0252805 2490.95
401696 1 0.01 0.35 32.9 0.109466 0.292161 0.83716 0.0024298 0.00738453 2490.95
403757 1 0.01 0.35 32.9 0.178412 -0.0556429 0.778046 0.00562744 -0.00393507 2490.95
403867 1 0.01 0.35 32.9 0.118601 -0.286973 3.35836 0.0113381 -0.0260574 2490.95
404324 1 0.01 0.35 32.9 0.436828 -0.437535 4.45551 0.0596516 -0.0589134 2490.95
404755 1 0.01 0.35 32.9 0.193562 0.108172 1.0278 0.0087014 0.0063206 2490.95
404817 1 0.01 0.35 32.9 0.0981284 -0.328017 2.05146 0.00610479 -0.021761 2490.95
407881 1 0.01 0.35 32.9 -0.454375 0.109971 1.65958 -0.0223328 0.00503326 2490.95
408301 1 0.01 0.35 32.9 -0.0520378 -0.445594 1.95531 -9.05992e-05 -0.0262349 2490.95
411671 1 0.01 0.35 32.9 -0.209189 0.297107 1.60346 -0.00739565 0.0172043 2490.95
412848 1 0.01 0.35 32.9 0.269922 0.340242 1.93666 0.0162004 0.0196139 2490.95
413504 1 0.01 0.35 32.9 0.372821 0.488975 2.15497 0.0226338 0.0332615 2490.95
415522 1 0.01 0.35 32.9 -0.476493 0.44676 2.97025 -0.0435005 0.0385739 2490.95
416401 1 0.01 0.35 32.9 -0.263841 -0.0282962 2.48025 -0.0197789 -0.00287997 2490.95
416451 1 0.01 0.35 32.9 0.144502 0.303431 0.398913 0.00649218 0.00335918 2490.95
417029 1 0.01 0.35 32.9 0.319116 -0.399135 2.02937 0.0206665 -0.0263274 2490.95
418554 1 0.01 0.35 32.9 0.390679 0.211414 0.352116 0.00071415 0.00534139 2490.95
418815 1 0.01 0.35 32.9 -0.110781 -0.383303 1.26843 -0.00400291 -0.0164878 2490.95
421029 1 0.01 0.35 32.9 -0.166588 -0.447096 1.42453 -0.00570342 -0.018172 2490.95
421353 1 0.01 0.35 32.9 -0.374318 0.310569 0.593109 -0.00489537 0.00236273 2490.95
421374 1 0.01 0.35 32.9 0.152745 -0.495923 0.941888 0.00374213 -0.0116835 2490.95
421593 1 0.01 0.35 32.9 0.324563 0.271895 4.02749 0.0381357 0.0317902 2490.95
421779 1 0.01 0.35 32.9 0.411976 -0.351694 2.24704 0.0284661 -0.0239478 2490.95
421903 1 0.01 0.35 32.9 -0.39129 -0.0313163 3.23862 -0.0378381 -0.00199647 2490.95
422074 1 0.01 0.35 32.9 -0.000224195 -0.255335 0.990869 0.00021223 -0.00649392 2490.95
423499 1 0.01 0.35 32.9 -0.456537 -0.473035 3.50829 -0.0460634 -0.0486039 2490.95
423575 1 0.01 0.35 32.9 0.0319806 -0.363392 5.08862 0.00417424 -0.0571161 2490.95
423718 1 0.01 0.35 32.9 -0.498866 -0.104977 3.37768 -0.0513963 -0.0101774 2490.95
424027 1 0.01 0.35 32.9 0.071504 0.27842 1.38321 0.00541979 0.0100467 2490.95
424678 1 0.01 0.35 32.9 -0.342951 0.453363 2.85383 -0.0299201 0.0396019 2490.95
425149 1 0.01 0.35 32.9 0.49629 0.282333 2.22769 0.037743 0.0175207 2490.95
425859 1 0.01 0.35 32.9 -0.292583 0.327352 2.84708 -0.0268031 0.0280638 2490.95
427425 1 0.01 0.35 32.9 -0.0760358 -0.132539 2.53309 -0.00397239 -0.0116671 2490.95
427491 1 0.01 0.35 32.9 -0.428415 -0.201469 10.2316 -0.13528 -0.0605554 2490.95
428510 1 0.01 0.35 32.9 0.491135 -0.0283092 0.909803 0.0152186 -0.000234483 2490.95
428529 1 0.01 0.35 32.9 -0.177398 0.237268 2.80492 -0.0134532 0.0201463 2490.95
428586 1 0.01 0.35 32.9 0.39789 -0.298004 5.58407 0.0682432 -0.0508467 2490.95
429141 1 0.01 0.35 32.9 0.129706 -0.0194151 4.15501 0.0121555 -0.000760218 2490.95
429748 1 0.01 0.35 32.9 -0.362664 0.361077 2.26251 -0.02532 0.0260959 2490.95
429779 1 0.01 0.35 32.9 -0.212768 -0.290225 2.4655 -0.0185244 -0.0207752 2490.95
429878 1 0.01 0.35 32.9 -0.402079 0.121059 1.55449 -0.0217041 0.00624169 2490.95
431901 1 0.01 0.35 32.9 -0.158101 0.307889 0.948196 -0.00488771 0.00813784 2490.95
432326 1 0.01 0.35 32.9 0.227551 -0.129257 1.62088 0.0110581 -0.00367923 2490.95
434163 1 0.01 0.35 32.9 0.243532 -0.234982 1.63378 0.0133362 -0.011131 2490.95
436254 1 0.01 0.35 32.9 -0.10103 0.101751 2.48563 -0.00903332 0.00764022 2490.95
436430 1 0.01 0.35 32.9 -0.244196 -0.111841 0.979003 -0.00804276 -0.00545973 2490.95
436458 1 0.01 0.35 32.9 -0.338925 -0.46391 3.70434 -0.0372385 -0.0515433 2490.95
438072 1 0.01 0.35 32.9 -0.302224 0.116362 0.367777 -0.00401623 0.0015273 2490.95
438268 1 0.01 0.35 32.9 -0.169148 -0.187005 1.14508 -0.00446751 -0.00763485 2490.95
441598 1 0.01 0.35 32.9 0.496897 0.350777 1.76639 0.0249868 0.0178761 2490.95
442766 1 0.01 0.35 32.9 -0.282291 0.360858 2.13017 -0.0172994 0.0211578 2490.95
443129 1 0.01 0.35 32.9 0.171731 0.0762355 0.775122 0.00470794 0.00135022 2490.95
443303 1 0.01 0.35 32.9 -0.104869 0.283675 1.80787 -0.0074489 0.0138864 2490.95
443614 1 0.01 0.35 32.9 0.263112 0.184644 0.611079 0.0035252 0.00316962 2490.95
449133 1 0.01 0.35 32.9 -0.289652 -0.405586 1.86925 -0.0171862 -0.022317 2490.95
449140 1 0.01 0.35 32.9 -0.498478 0.209376 2.53175 -0.0353534 0.0147099 2490.95
450240 1 0.01 0.35 32.9 0.47897 0.35077 1.37439 0.0204054 0.0137453 2490.95
452748 1 0.01 0.35 32.9 -0.388977 -0.17506 2.06053 -0.0224831 -0.00933278 2490.95
453026 1 0.01 0.35 32.9 0.326432 -0.389045 1.51777 0.0138115 -0.0177798 2490.95
453294 1 0.01 0.35 32.9 0.186338 -0.173633 3.92822 0.0211288 -0.0233867 2490.95
453364 1 0.01 0.35 32.9 0.01287 0.337749 0.861809 0.00121896 0.00681289 2490.95
456099 1 0.01 0.35 32.9 -0.335365 0.479025 0.243679 -0.00272727 0.00553303 2490.95
456686 1 0.01 0.35 32.9 0.0722458 0.367775 2.64637 0.0046389 0.0300748 2490.95
457158 1 0.01 0.35 32.9 0.338206 -0.434389 18.4801 0.190372 -0.243212 2490.95
458752 1 0.01 0.35 32.9 -0.097604 0.0188934 2.05737 -0.00261302 -0.00130443 2490.95
460347 1 0.01 0.35 32.9 0.0830576 0.157934 1.33962 0.00540496 0.00511643 2490.95
461079 1 0.01 0.35 32.9 0.229437 -0.142186 1.70909 0.0102701 -0.00915181 2490.95
461766 1 0.01 0.35 32.9 0.0603467 -0.467271 2.54932 0.00346824 -0.0359765 2490.95
461808 1 0.01 0.35 32.9 -0.28604 0.171441 2.23882 -0.0187895 0.0145333 2490.95
462639 1 0.01 0.35 32.9 0.441571 -0.305851 17.7633 0.238047 -0.165069 2490.95
462660 1 0.01 0.35 32.9 0.0710979 0.339195 0.27826 -0.000565083 0.00766715 2490.95
462781 1 0.01 0.35 32.9 -0.268576 -0.134355 1.68549 -0.0150301 -0.00680002 2490.95
465514 1 0.01 0.35 32.9 0.280751 -0.449176 2.15477 0.0157908 -0.0309067 2490.95
466362 1 0.01 0.35 32.9 0.076859 0.24446 1.90792 0.00449613 0.0161771 2490.95
466414 1 0.01 0.35 32.9 0.0301132 0.350191 1.13657 0.000920434 0.0146981 2490.95
467831 1 0.01 0.35 32.9 -0.320707 0.191099 1.22031 -0.012216 0.00808055 2490.95
467978 1 0.01 0.35 32.9 0.427389 0.471325 4.11764 0.0545538 0.0560399 2490.95
468480 1 0.01 0.35 32.9 -0.482993 0.383796 6.08463 -0.0883957 0.0680573 2490.95
468958 1 0.01 0.35 32.9 0.202235 -0.425716 2.23204 0.0131698 -0.0294243 2490.95
470194 1 0.01 0.35 32.9 0.00993557 0.254256 1.73986 -0.000644856 0.0148176 2490.95
471142 1 0.01 0.35 32.9 -0.376292 0.300035 2.12322 -0.0252471 0.0188188 2490.95
471986 1 0.01 0.35 32.9 0.335299 -0.00991214 1.6969 0.0176311 -0.00036312 2490.95
472513 1 0.01 0.35 32.9 -0.111116 -0.194843 3.88944 -0.0136634 -0.0244107 2490.95
472885 1 0.01 0.35 32.9 0.445162 0.176849 1.66477 0.019761 0.00901275 2490.95
475476 1 0.01 0.35 32.9 0.330534 -0.034747 1.44567 0.0124905 -0.002533 2490.95
475509 1 0.01 0.35 32.9 -0.377897 -0.277378 1.07177 -0.0149681 -0.00832961 2490.95
475776 1 0.01 0.35 32.9 0.479129 -0.137394 2.2209 0.0322122 -0.00969249 2490.95
477028 1 0.01 0.35 32.9 0.46597 0.122047 3.4906 0.049619 0.0139455 2490.95
479452 1 0.01 0.35 32.9 -0.013307 0.486378 2.51223 -0.00357266 0.0365525 2490.95
479667 1 0.01 0.35 32.9 -0.0795328 -0.258325 3.02321 -0.00604323 -0.0241584 2490.95
479886 1 0.01 0.35 32.9 0.497354 -0.0490092 4.3935 0.0662907 -0.00906731 2490.95
480472 1 0.01 0.35 32.9 0.211155 -0.466859 1.42158 0.0107738 -0.0220869 2490.95
480649 1 0.01 0.35 32.9 0.21279 0.482109 1.59976 0.00995809 0.0240312 2490.95
481699 1 0.01 0.35 32.9 0.14604 -0.361507 1.05695 0.00561115 -0.010498 2490.95
481978 1 0.01 0.35 32.9 -0.245688 0.467533 1.6727 -0.0108265 0.0239659 2490.95
483345 1 0.01 0.35 32.9 0.38442 0.45668 0.707491 0.0064875 0.0120389 2490.95
486155 1 0.01 0.35 32.9 0.107669 0.187068 0.919111 0.00232842 0.0043435 2490.95
486965 1 0.01 0.35 32.9 0.0871489 0.0356732 2.49871 0.00516772 0.00183357 2490.95
487967 1 0.01 0.35 32.9 -0.199601 0.214699 2.36516 -0.0137479 0.0169389 2490.95
489614 1 0.01 0.35 32.9 0.412312 -0.279673 1.92975 0.0245124 -0.0166111 2490.95
489657 1 0.01 0.35 32.9 -0.13948 0.368552 1.62669 -0.00669149 0.0176705 2490.95
491630 1 0.01 0.35 32.9 0.286779 -0.263591 0.769407 0.00760003 -0.00513898 2490.95
491902 1 0.01 0.35 32.9 -0.496768 -0.343143 1.43768 -0.0208243 -0.0153706 2490.95
492439 1 0.01 0.35 32.9 -0.177015 0.139201 4.48516 -0.0217242 0.0217498 2490.95
494034 1 0.01 0.35 32.9 -0.141414 0.137574 2.21103 -0.00942641 0.0104101 2490.95
494852 1 0.01 0.35 32.9 -0.387844 0.477913 8.58004 -0.100747 0.12605 2490.95
495117 1 0.01 0.35 32.9 -0.305885 -0.0278998 2.4973 -0.0227981 5.23295e-05 2490.95
495999 1 0.01 0.35 32.9 0.111476 0.228106 1.4792 0.00685463 0.00927558 2490.95
496334 1 0.01 0.35 32.9 -0.0760541 -0.399558 3.60502 -0.00710849 -0.0451448 2490.95
497086 1 0.01 0.35 32.9 0.196645 0.337418 1.23443 0.00718618 0.0121205 2490.95
497921 1 0.01 0.35 32.9 0.282403 -0.475062 3.56411 0.0287979 -0.0503144 2490.95
498170 1 0.01 0.35 32.9 0.451818 -0.450265 1.71687 0.0252743 -0.0242028 2490.95
498569 1 0.01 0.35 32.9 -0.396974 -0.432733 0.761777 -0.00807822 -0.011365 2490.95
498886 1 0.01 0.35 32.9 -0.252337 -0.283865 4.43521 -0.0361582 -0.0358111 2490.95
499338 1 0.01 0.35 32.9 -0.0287412 -0.00470765 10.7466 -0.0081881 -0.00101111 2490.95
499772 1 0.01 0.35 32.9 -0.202503 -0.432463 1.57468 -0.00856092 -0.0202831 2490.95
500764 1 0.01 0.35 32.9 0.241372 -0.176074 1.08486 0.00823456 -0.00444177 2495.03
501363 1 0.01 0.35 32.9 0.494427 -0.131871 0.856646 0.0131212 -0.00331545 2495.03
501664 1 0.01 0.35 32.9 0.146193 -0.361253 3.04021 0.0153078 -0.0328915 2495.03
503557 1 0.01 0.35 32.9 0.205762 -0.14393 1.6124 0.00914547 -0.00658124 2495.03
504030 1 0.01 0.35 32.9 -0.384726 0.36452 0.90105 -0.0139001 0.0098585 2495.03
504281 1 0.01 0.35 32.9 -0.351497 0.487906 1.66051 -0.0162647 0.0251916 2495.03
504700 1 0.01 0.35 32.9 0.485317 -0.183588 2.22536 0.034205 -0.0109672 2495.03
505174 1 0.01 0.35 32.9 0.484755 0.0825922 1.20937 0.0185354 0.00140928 2495.03
505751 1 0.01 0.35 32.9 -0.191154 0.465321 2.85825 -0.0152313 0.0408055 2495.03
508971 1 0.01 0.35 32.9 -0.120792 0.135279 1.20215 -0.00480824 0.00436614 2495.03
510633 1 0.01 0.35 32.9 -0.0421882 0.186088 2.53816 -0.00474001 0.0138713 2495.03
510657 1 0.01 0.35 32.9 0.469287 -0.111535 1.79891 0.0257363 -0.00579764 2495.03
513873 1 0.01 0.35 32.9 0.186858 -0.446631 0.727577 0.00491331 -0.00806505 2495.03
514096 1 0.01 0.35 32.9 0.358999 -0.131361 6.72105 0.072288 -0.0245537 2495.03
515686 1 0.01 0.35 32.9 0.494996 -0.143168 0.972087 0.0157849 -0.00382768 2495.03
517673 1 0.01 0.35 32.9 0.494106 -0.480703 3.4388 0.0512232 -0.0515115 2495.03
518706 1 0.01 0.35 32.9 -0.22692 0.471598 2.4648 -0.0180089 0.0348917 2495.03
519350 1 0.01 0.35 32.9 -0.49062 0.388345 0.581957 -0.0082514 0.00603939 2495.03
519692 1 0.01 0.35 32.9 -0.245969 -0.458486 0.664568 -0.00634309 -0.00983094 2495.03
520973 1 0.01 0.35 32.9 0.0684302 -0.213834 3.64807 0.00818333 -0.0235885 2495.03
521204 1 0.01 0.35 32.9 -0.399035 0.31828 1.16767 -0.0146404 0.0117405 2495.03
521635 1 0.01 0.35 32.9 0.392929 0.107997 1.73467 0.0203554 0.00506426 2495.03
523893 1 0.01 0.35 32.9 -0.342741 0.421728 6.71903 -0.0692624 0.0855748 2495.03
524415 1 0.01 0.35 32.9 -0.334957 0.310153 1.80065 -0.0172453 0.0184282 2495.03
524919 1 0.01 0.35 32.9 -0.399888 -0.362074 3.4226 -0.0409127 -0.0373372 2495.03
524927 1 0.01 0.35 32.9 0.477053 0.358984 0.416188 0.00261137 0.00274987 2495.03
525015 1 0.01 0.35 32.9 0.296568 0.178937 1.15565 0.00984866 0.006368 2495.03
525217 1 0.01 0.35 32.9 -0.0941878 0.0926764 0.70365 -0.00131205 0.0035571 2495.03
533755 1 0.01 0.35 32.9 0.484243 -0.404405 2.63313 0.0402818 -0.0325387 2495.03
533799 1 0.01 0.35 32.9 -0.0373623 0.169913 5.56763 -0.00558222 0.0280236 2495.03
534649 1 0.01 0.35 32.9 0.125599 0.342354 2.4244 0.0122788 0.0265321 2495.03
534895 1 0.01 0.35 32.9 0.298602 0.352589 2.19803 0.0202869 0.021387 2495.03
535495 1 0.01 0.35 32.9 -0.457537 0.169895 2.03673 -0.0269426 0.00993865 2495.03
535733 1 0.01 0.35 32.9 0.267242 -0.160156 2.69881 0.022646 -0.0105953 2495.03
537889 1 0.01 0.35 32.9 0.162427 -0.230546 2.66886 0.0137459 -0.0183725 2495.03
538913 1 0.01 0.35 32.9 -0.355662 0.415333 0.375884 -0.00465453 0.00395923 2495.03
539160 1 0.01 0.35 32.9 -0.454625 0.239872 1.37406 -0.0199926 0.0107571 2495.03
540336 1 0.01 0.35 32.9 0.0011575 0.0749757 3.82999 -0.00128752 0.00890427 2495.03
540444 1 0.01 0.35 32.9 -0.288695 -0.238604 3.18467 -0.0244517 -0.0218576 2495.03
540615 1 0.01 0.35 32.9 -0.314382 0.137366 3.83898 -0.0371569 0.0160147 2495.03
541490 1 0.01 0.35 32.9 -0.0948873 0.121592 2.85246 -0.00706811 0.0091756 2495.03
541926 1 0.01 0.35 32.9 0.286263 0.136689 2.27435 0.0196804 0.0108223 2495.03
542029 1 0.01 0.35 32.9 0.485351 -0.479973 1.58174 0.0255098 -0.0233227 2495.03
542126 1 0.01 0.35 32.9 -0.176165 0.0562289 1.65752 -0.0092014 0.00254272 2495.03
542359 1 0.01 0.35 32.9 -0.114153 -0.486326 2.60148 -0.0102947 -0.0380999 2495.03
542548 1 0.01 0.35 32.9 0.0265486 0.106414 2.71476 9.03283e-06 0.0117454 2495.03
543781 1 0.01 0.35 32.9 -0.317877 -0.306962 1.82982 -0.0174832 -0.0176461 2495.03
544545 1 0.01 0.35 32.9 -0.220761 0.230004 1.29084 -0.00837799 0.00763678 2495.03
544916 1 0.01 0.35 32.9 -0.153415 0.470479 1.93811 -0.0102957 0.0302286 2495.03
544949 1 0.01 0.35 32.9 0.35044 0.0699951 0.941728 0.0108352 0.00270351 2495.03
545872 1 0.01 0.35 32.9 -0.056887 0.00625866 1.10966 -0.00395441 0.000404748 2495.03
546736 1 0.01 0.35 32.9 -0.0791216 -0.00793436 8.34548 -0.0190228 -0.00293835 2495.03
548683 1 0.01 0.35 32.9 -0.402414 0.359142 6.36457 -0.0791273 0.0671763 2495.03
548692 1 0.01 0.35 32.9 0.151711 -0.0301401 1.81209 0.0102909 0.00051769 2495.03
548835 1 0.01 0.35 32.9 -0.00345412 0.10682 3.24895 -0.00165092 0.0101395 2495.03
549030 1 0.01 0.35 32.9 0.136338 0.287329 1.6102 0.00778907 0.0146815 2495.03
552337 1 0.01 0.35 32.9 -0.421859 0.481899 1.23199 -0.0174313 0.0187634 2495.03
552934 1 0.01 0.35 32.9 -0.109143 0.139853 8.71973 -0.0285149 0.0358026 2495.03
554033 1 0.01 0.35 32.9 -0.0766454 0.381398 1.01123 -0.00197567 0.0145026 2495.03
554261 1 0.01 0.35 32.9 -0.463199 0.323847 0.87833 -0.0109099 0.0100005 2495.03
555345 1 0.01 0.35 32.9 -0.168914 0.430108 0.781434 -0.00572365 0.0115609 2495.03
555896 1 0.01 0.35 32.9 -0.0148968 0.16851 2.60666 -0.00162118 0.0138308 2495.03
556166 1 0.01 0.35 32.9 0.266245 -0.227022 0.48842 0.00454814 -0.00416097 2495.03
557440 1 0.01 0.35 32.9 0.166885 0.429834 1.65555 0.0092158 0.0221307 2495.03
559247 1 0.01 0.35 32.9 -0.142491 -0.0225394 14.8214 -0.0643395 -0.0101027 2495.03
562271 1 0.01 0.35 32.9 0.0606174 0.40311 2.95486 0.00663678 0.0372035 2495.03
562819 1 0.01 0.35 32.9 -0.225154 -0.455951 1.27937 -0.00614988 -0.0196579 2495.03
563979 1 0.01 0.35 32.9 0.084833 -0.139581 1.02838 0.00296579 -0.0042345 2495.03
567547 1 0.01 0.35 32.9 0.397763 -0.234896 1.55899 0.0211356 -0.0102212 2495.03
570612 1 0.01 0.35 32.9 -0.219723 0.196665 12.7525 -0.0862292 0.0759982 2495.03
570789 1 0.01 0.35 32.9 0.248386 -0.177251 1.91733 0.0154137 -0.0109241 2495.03
574367 1 0.01 0.35 32.9 0.256185 0.284516 0.554219 0.00457462 0.00477759 2495.03
574491 1 0.01 0.35 32.9 0.499488 -0.0179077 2.38441 0.0375466 -0.0011067 2495.03
575240 1 0.01 0.35 32.9 -0.0646891 -0.112197 1.46118 -0.000388232 -0.0055335 2495.03
577405 1 0.01 0.35 32.9 0.0461152 -0.443894 5.42119 0.00761581 -0.0728728 2495.03
577416 1 0.01 0.35 32.9 -0.0895726 -0.0886337 1.1489 -0.00343844 -0.00428126 2495.03
578421 1 0.01 0.35 32.9 0.192633 0.465592 2.98658 0.0171473 0.0411889 2495.03
580019 1 0.01 0.35 32.9 0.304767 -0.470203 0.607847 0.00718397 -0.0090189 2495.03
582392 1 0.01 0.35 32.9 0.225712 -0.317284 0.834521 0.00550142 -0.00906558 2495.03
583387 1 0.01 0.35 32.9 -0.0574298 0.153858 1.77501 -0.00280873 0.00838557 2495.03
584063 1 0.01 0.35 32.9 0.35921 -0.0697912 1.82509 0.0170584 -0.00679954 2495.03
584651 1 0.01 0.35 32.9 -0.0264266 -0.340394 7.79144 -0.00398868 -0.0803812 2495.03
584654 1 0.01 0.35 32.9 -0.178672 0.185003 1.52699 -0.00716973 0.00569196 2495.03
585343 1 0.01 0.35 32.9 0.291282 -0.434883 1.95709 0.0192083 -0.0282656 2495.03
585620 1 0.01 0.35 32.9 0.425894 0.176189 0.371967 0.00607975 0.00131676 2495.03
585755 1 0.01 0.35 32.9 0.471038 0.0581095 1.47136 0.0200412 0.00224933 2495.03
585952 1 0.01 0.35 32.9 -0.403801 -0.450708 0.362345 -0.00651199 -0.00577458 2495.03
586294 1 0.01 0.35 32.9 0.0367609 -0.342368 25.4078 0.028662 -0.263835 2495.03
587494 1 0.01 0.35 32.9 0.142588 0.450394 4.4891 0.0178609 0.0612108 2495.03
589492 1 0.01 0.35 32.9 -0.376293 0.22081 2.70924 -0.0309176 0.0195006 2495.03
589760 1 0.01 0.35 32.9 0.363178 -0.152654 2.52183 0.0293774 -0.0120498 2495.03
590197 1 0.01 0.35 32.9 0.101154 -0.496256 0.346511 -0.00201066 -0.00310449 2495.03
591017 1 0.01 0.35 32.9 0.447835 0.370364 8.49475 0.116379 0.0961103 2495.03
591559 1 0.01 0.35 32.9 0.1704 0.334982 2.98994 0.0155951 0.0320021 2495.03
593075 1 0.01 0.35 32.9 0.338449 -0.0985385 0.726599 0.00750115 -0.000316285 2495.03
593385 1 0.01 0.35 32.9 -0.455584 -0.0791424 1.36362 -0.0201692 -0.0065005 2495.03
595325 1 0.01 0.35 32.9 -0.425413 -0.429044 3.59637 -0.04897 -0.0488901 2495.03
595778 1 0.01 0.35 32.9 -0.402552 0.0546503 0.901533 -0.0126528 0.000984364 2495.03
597491 1 0.01 0.35 32.9 0.0170022 -0.0439448 1.10176 -0.00051173 -0.00314626 2495.03
598851 1 0.01 0.35 32.9 -0.415682 -0.461847 0.803529 -0.00868909 -0.00820828 2495.03
599495 1 0.01 0.35 32.9 -0.0205212 -0.356912 3.83542 0.000262023 -0.0419742 2495.03
601545 1 0.01 0.35 32.9 -0.142764 -0.0715004 1.03117 -0.00522322 -0.00104343 2495.03
602576 1 0.01 0.35 32.9 0.306996 -0.0829625 1.86072 0.0162044 -0.00683709 2495.03
603572 1 0.01 0.35 32.9 0.479607 0.337912 2.19512 0.0298492 0.023613 2495.03
607476 1 0.01 0.35 32.9 -0.472069 0.253856 1.03307 -0.0148623 0.0077047 2495.03
608732 1 0.01 0.35 32.9 0.429123 -0.016025 5.23657 0.0703854 -0.0035191 2495.03
611581 1 0.01 0.35 32.9 -0.355446 -0.0232598 3.47668 -0.0368353 -0.00124654 2495.03
614019 1 0.01 0.35 32.9 -0.428381 0.388811 0.888664 -0.0103024 0.0106508 2495.03
614263 1 0.01 0.35 32.9 -0.133363 0.396149 1.89543 -0.00840692 0.0222347 2495.03
614628 1 0.01 0.35 32.9 -0.470652 -0.0537974 1.70465 -0.0212618 -0.00632927 2495.03
615705 1 0.01 0.35 32.9 -0.00218543 -0.404357 0.739576 -0.00126321 -0.0096837 2495.03
615830 1 0.01 0.35 32.9 0.34352 0.119738 2.19905 0.0261547 0.00810655 2495.03
616546 1 0.01 0.35 32.9 0.456452 0.0252455 2.49812 0.034064 0.000567378 2495.03
616901 1 0.01 0.35 32.9 0.154641 0.40205 0.567403 0.00232864 0.00407838 2495.03
618039 1 0.01 0.35 32.9 0.13319 0.238086 1.60795 0.0045844 0.0128424 2495.03
618707 1 0.01 0.35 32.9 -0.47041 0.465016 0.536109 -0.00823202 0.00737152 2495.03
618846 1 0.01 0.35 32.9 -0.0368449 0.239205 4.66446 -0.00521767 0.0350411 2495.03
619120 1 0.01 0.35 32.9 0.235428 0.304399 1.29026 0.00908367 0.011744 2495.03
620217 1 0.01 0.35 32.9 0.339322 -0.368206 2.83897 0.0313781 -0.0304001 2495.03
620800 1 0.01 0.35 32.9 -0.128626 0.151102 2.54033 -0.0116341 0.00907539 2495.03
620904 1 0.01 0.35 32.9 0.093049 -0.268085 0.569806 0.00135485 -0.00523393 2495.03
621071 1 0.01 0.35 32.9 -0.439854 -0.0381389 3.17773 -0.0441549 -0.00361186 2495.03
624428 1 0.01 0.35 32.9 -0.263652 0.284424 1.68595 -0.0165144 0.0123637 2495.03
624509 1 0.01 0.35 32.9 0.149543 0.489132 4.02378 0.0187313 0.0610254 2495.03
624791 1 0.01 0.35 32.9 0.331813 0.324357 4.60597 0.0492319 0.0463349 2495.03
625197 1 0.01 0.35 32.9 -0.351356 0.444573 1.01376 -0.0116448 0.0168205 2495.03
628121 1 0.01 0.35 32.9 -0.243374 0.250155 2.41354 -0.0187283 0.0191073 2495.03
629878 1 0.01 0.35 32.9 0.402018 -0.223551 1.5248 0.0214304 -0.00933973 2495.03
629913 1 0.01 0.35 32.9 0.477166 -0.318261 2.56825 0.0346892 -0.0271105 2495.03
630458 1 0.01 0.35 32.9 -0.307145 -0.278946 4.59176 -0.0427819 -0.0377483 2495.03
630798 1 0.01 0.35 32.9 -0.359367 -0.418871 1.8726 -0.0213592 -0.0253739 2495.03
631452 1 0.01 0.35 32.9 0.359632 0.287199 1.7214 0.0208792 0.0120348 2495.03
631818 1 0.01 0.35 32.9 0.0494172 0.149406 2.11042 0.00399629 0.00961788 2495.03
632044 1 0.01 0.35 32.9 0.269396 -0.488723 2.02868 0.017089 -0.0292799 2495.03
638676 1 0.01 0.35 32.9 -0.160597 0.383533 1.1723 -0.00364327 0.0137073 2495.03
639030 1 0.01 0.35 32.9 -0.281025 0.158434 1.01452 -0.0104489 0.00502304 2495.03
642610 1 0.01 0.35 32.9 0.32943 0.457753 9.72637 0.0992149 0.134304 2495.03
643628 1 0.01 0.35 32.9 -0.021336 -0.440541 2.21909 -0.00150788 -0.0270217 2495.03
646781 1 0.01 0.35 32.9 0.237143 -0.132377 3.91313 0.0264884 -0.0125869 2495.03
646924 1 0.01 0.35 32.9 0.320124 -0.029121 1.42393 0.0144351 -0.00226603 2495.03
647784 1 0.01 0.35 32.9 0.278828 -0.340939 0.771896 0.00344979 -0.00797751 2495.03
648152 1 0.01 0.35 32.9 -0.100878 0.451947 0.933265 -0.0048812 0.0130716 2495.03
648240 1 0.01 0.35 32.9 0.387204 0.496984 0.379298 0.00309404 0.00664866 2495.03
648247 1 0.01 0.35 32.9 -0.233635 0.316381 1.99699 -0.0156477 0.0159234 2495.03
648367 1 0.01 0.35 32.9 -0.22647 0.023612 6.00481 -0.0402008 0.00401237 2495.03
648691 1 0.01 0.35 32.9 -0.180947 -0.343454 4.54503 -0.0256309 -0.0467293 2495.03
648693 1 0.01 0.35 32.9 0.317635 0.247847 2.42879 0.0227835 0.0179436 2495.03
649905 1 0.01 0.35 32.9 0.0424979 0.0747734 3.49579 0.00517404 0.00963012 2495.03
651562 1 0.01 0.35 32.9 -0.255737 -0.431032 1.03934 -0.00845961 -0.010952 2495.03
651767 1 0.01 0.35 32.9 -0.462797 -0.397738 4.29742 -0.0607144 -0.0490708 2495.03
652309 1 0.01 0.35 32.9 -0.123567 -0.230946 4.5191 -0.0159637 -0.032372 2495.03
655528 1 0.01 0.35 32.9 0.112832 -0.0849427 3.32498 0.0111434 -0.0106956 2495.03
655788 1 0.01 0.35 32.9 -0.258884 -0.0635363 1.58293 -0.0134253 -0.00118506 2495.03
656727 1 0.01 0.35 32.9 -0.201268 -0.0207328 1.66679 -0.00884556 -0.000748015 2495.03
656932 1 0.01 0.35 32.9 -0.239053 0.366762 1.77342 -0.0143758 0.0193817 2495.03
656974 1 0.01 0.35 32.9 0.04051 -0.0808291 1.22759 0.00216497 -0.00389366 2495.03
657091 1 0.01 0.35 32.9 0.111886 0.367162 13.8285 0.0464077 0.157604 2495.03
657234 1 0.01 0.35 32.9 0.029407 0.366321 1.19668 0.00191223 0.0156918 2495.03
657899 1 0.01 0.35 32.9 -0.183938 -0.0691222 0.506865 -0.00480698 0.000384242 2495.03
658106 1 0.01 0.35 32.9 -0.190595 0.419161 9.01235 -0.052189 0.115042 2495.03
658225 1 0.01 0.35 32.9 0.032633 0.226475 3.58058 0.00242892 0.0240497 2495.03
659041 1 0.01 0.35 32.9 -0.39885 -0.340951 3.61461 -0.0436702 -0.0376695 2495.03
659360 1 0.01 0.35 32.9 0.405739 -0.240853 2.92071 0.03498 -0.0211855 2495.03
659412 1 0.01 0.35 32.9 -0.0478194 0.0281361 11.1559 -0.0181325 0.00839302 2495.03
659873 1 0.01 0.35 32.9 -0.374795 -0.0661204 0.125023 0.000355803 0.0063087 2495.03
661985 1 0.01 0.35 32.9 -0.379391 0.499958 5.31563 -0.0604461 0.0809123 2495.03
663679 1 0.01 0.35 32.9 0.227913 -0.318631 2.02909 0.0116762 -0.0212633 2495.03
663746 1 0.01 0.35 32.9 0.189238 -0.441296 6.73673 0.0400939 -0.089774 2495.03
663910 1 0.01 0.35 32.9 -0.435245 0.205124 3.91437 -0.0485985 0.0246167 2495.03
663935 1 0.01 0.35 32.9 0.0326238 -0.130939 4.26058 0.00525627 -0.0171466 2495.03
664338 1 0.01 0.35 32.9 0.301064 -0.172824 2.07136 0.0198425 -0.0114634 2495.03
664897 1 0.01 0.35 32.9 -0.31552 0.344349 3.40109 -0.0304157 0.0338483 2495.03
666257 1 0.01 0.35 32.9 0.0615421 0.456849 1.47821 0.00395454 0.0192948 2495.03
668625 1 0.01 0.35 32.9 0.00884901 0.0420512 4.03095 0.00230057 0.00309208 2495.03
668881 1 0.01 0.35 32.9 0.458738 0.453182 1.78542 0.0238356 0.0249152 2495.03
670911 1 0.01 0.35 32.9 0.488412 0.0543722 1.16657 0.0139799 -0.0004695 2495.03
672873 1 0.01 0.35 32.9 0.431717 -0.318896 1.27802 0.0183722 -0.0121787 2495.03
673684 1 0.01 0.35 32.9 -0.188134 -0.326292 5.62418 -0.0314735 -0.0578038 2495.03
673991 1 0.01 0.35 32.9 -0.386593 0.229538 1.42577 -0.0155386 0.010164 2495.03
674436 1 0.01 0.35 32.9 0.394192 0.266007 3.72434 0.0457726 0.0309771 2495.03
674711 1 0.01 0.35 32.9 -0.414959 -0.142765 1.3807 -0.0167954 -0.00521699 2495.03
675755 1 0.01 0.35 32.9 -0.0149266 0.361355 1.12022 -0.00277288 0.0112587 2495.03
676347 1 0.01 0.35 32.9 -0.0920219 -0.373736 0.255044 0.00124326 0.000578845 2495.03
678178 1 0.01 0.35 32.9 -0.376318 -0.496306 1.23074 -0.0151174 -0.0207371 2495.03
679224 1 0.01 0.35 32.9 0.423798 -0.401317 0.796411 0.00911376 -0.00941109 2495.03
679853 1 0.01 0.35 32.9 -0.102041 0.244037 2.903 -0.0102859 0.0230139 2495.03
680405 1 0.01 0.35 32.9 -0.485358 -0.120743 0.597586 -0.00835829 0.000677727 2495.03
681077 1 0.01 0.35 32.9 -0.313489 0.0373497 0.897699 -0.00733927 0.000796445 2495.03
681151 1 0.01 0.35 32.9 -0.492051 0.0961877 0.806395 -0.0133255 0.00371319 2495.03
681351 1 0.01 0.35 32.9 0.446185 0.383032 0.846579 0.0105024 0.00860496 2495.03
681642 1 0.01 0.35 32.9 -0.392192 -0.320426 1.87973 -0.0219979 -0.0190334 2495.03
681854 1 0.01 0.35 32.9 0.0739446 -0.340781 1.38574 0.00334645 -0.0137439 2495.03
683371 1 0.01 0.35 32.9 -0.168199 0.223418 3.7134 -0.0212742 0.0261804 2495.03
683608 1 0.01 0.35 32.9 -0.237556 -0.181422 4.12481 -0.0277211 -0.0233048 2495.03
684243 1 0.01 0.35 32.9 0.448694 -0.295501 2.22782 0.0284513 -0.0180383 2495.03
684778 1 0.01 0.35 32.9 0.107514 -0.447328 1.628 0.00384149 -0.0234498 2495.03
684859 1 0.01 0.35 32.9 0.149844 0.156365 0.544079 0.00378791 0.0032898 2495.03
686170 1 0.01 0.35 32.9 0.394752 0.27128 0.372406 0.00389004 0.00541431 2495.03
686547 1 0.01 0.35 32.9 -0.474585 0.0931841 2.46604 -0.0368189 0.00691762 2495.03
686649 1 0.01 0.35 32.9 0.162334 -0.302141 1.8868 0.0100635 -0.0196537 2495.03
687582 1 0.01 0.35 32.9 0.402532 -0.291465 1.49225 0.0197676 -0.0145297 2495.03
687601 1 0.01 0.35 32.9 -0.463261 0.0365108 0.626776 -0.00853153 0.00172735 2495.03
687735 1 0.01 0.35 32.9 0.126588 0.356656 2.0811 0.00659774 0.0223814 2495.03
688046 1 0.01 0.35 32.9 -0.400251 -0.121181 0.981795 -0.0135152 -0.0030934 2495.03
690075 1 0.01 0.35 32.9 0.140791 0.182276 0.958329 0.00397595 0.00667992 2495.03
690871 1 0.01 0.35 32.9 0.236062 0.399097 1.80132 0.0134456 0.020975 2495.03
692047 1 0.01 0.35 32.9 -0.170788 -0.150163 3.74362 -0.0190188 -0.0154964 2495.03
693250 1 0.01 0.35 32.9 0.403476 -0.308843 1.031 0.0124369 -0.00965086 2495.03
693547 1 0.01 0.35 32.9 0.132671 -0.217904 6.09577 0.025029 -0.0414359 2495.03
693743 1 0.01 0.35 32.9 0.145152 0.200828 4.17046 0.0178465 0.0251 2495.03
693944 1 0.01 0.35 32.9 -0.29121 -0.231196 1.64391 -0.014138 -0.0110361 2495.03
694042 1 0.01 0.35 32.9 -0.472481 0.016218 1.06983 -0.0147991 -0.000323804 2495.03
695280 1 0.01 0.35 32.9 -0.333893 0.272441 3.91913 -0.0381037 0.0332726 2495.03
695850 1 0.01 0.35 32.9 0.211036 0.0474893 2.23718 0.016337 0.0044499 2495.03
697488 1 0.01 0.35 32.9 -0.116267 -0.444047 2.1773 -0.00721457 -0.029754 2495.03
697988 1 0.01 0.35 32.9 -0.340462 -0.322361 1.59019 -0.0162212 -0.0161936 2495.03
698489 1 0.01 0.35 32.9 -0.00798324 0.0309124 3.90747 -0.00306779 0.00386775 2495.03
700043 1 0.01 0.35 32.9 0.359187 0.0287396 1.9752 0.0214543 0.00300729 2495.03
700119 1 0.01 0.35 32.9 -0.204882 -0.311515 1.45911 -0.00723959 -0.0121304 2495.03
701127 1 0.01 0.35 32.9 -0.292499 0.0500473 4.09364 -0.0350036 0.00570721 2495.03
701235 1 0.01 0.35 32.9 0.00930672 0.0833594 1.42665 0.000297084 0.00487004 2495.03
701909 1 0.01 0.35 32.9 -0.329064 0.194246 8.3193 -0.0831144 0.0482733 2495.03
702764 1 0.01 0.35 32.9 -0.246965 0.190541 1.32261 -0.00916865 0.00746892 2495.03
703783 1 0.01 0.35 32.9 -0.401715 -0.103378 10.5423 -0.12818 -0.0331026 2495.03
704336 1 0.01 0.35 32.9 0.301862 -0.190641 2.60361 0.0233775 -0.0164436 2495.03
706228 1 0.01 0.35 32.9 0.202146 -0.0837567 0.825141 0.00393756 -0.00480434 2495.03
707186 1 0.01 0.35 32.9 -0.483265 0.260958 9.89949 -0.143798 0.0802343 2495.03
707473 1 0.01 0.35 32.9 -0.20935 0.170926 2.54714 -0.015349 0.0131233 2495.03
710624 1 0.01 0.35 32.9 0.1342 -0.115247 2.77663 0.0112877 -0.00904613 2495.03
711345 1 0.01 0.35 32.9 0.347581 -0.0818056 1.92641 0.0183911 -0.00614842 2495.03
712549 1 0.01 0.35 32.9 0.290319 0.402125 2.72973 0.0226721 0.0352057 2495.03
713011 1 0.01 0.35 32.9 0.381675 -0.414177 2.28224 0.0269159 -0.0304761 2495.03
713675 1 0.01 0.35 32.9 -0.390346 0.209196 2.35567 -0.0275099 0.0151997 2495.03
714753 1 0.01 0.35 32.9 0.477498 0.00880459 2.4144 0.0367491 -0.00124819 2495.03
716268 1 0.01 0.35 32.9 -0.484828 0.328941 1.26535 -0.0204363 0.0130489 2495.03
716814 1 0.01 0.35 32.9 -0.151338 -0.294648 2.7133 -0.0133043 -0.0266733 2495.03
717630 1 0.01 0.35 32.9 -0.333643 0.113152 6.87583 -0.0697173 0.0239329 2495.03
717810 1 0.01 0.35 32.9 -0.270775 -0.32957 2.02759 -0.0164885 -0.0198724 2495.03
717876 1 0.01 0.35 32.9 -0.0262814 0.192714 1.17777 -0.000887961 0.0077463 2495.03
718239 1 0.01 0.35 32.9 0.457046 0.0265784 3.4754 0.0467369 0.00156669 2495.03
719919 1 0.01 0.35 32.9 -0.0322829 -0.134157 10.7946 -0.0115863 -0.0448843 2495.03
720125 1 0.01 0.35 32.9 0.469227 -0.200196 4.34369 0.0612631 -0.0251988 2495.03
721164 1 0.01 0.35 32.9 -0.0490969 0.285196 5.37458 -0.00806281 0.0455487 2495.03
721310 1 0.01 0.35 32.9 0.392721 -0.335781 0.652323 0.00727669 -0.00579254 2495.03
722258 1 0.01 0.35 32.9 0.0865467 0.485744 1.70295 0.00218707 0.0285293 2495.03
722816 1 0.01 0.35 32.9 -0.192663 -0.0355489 2.03269 -0.0137936 -0.00158841 2495.03
723179 1 0.01 0.35 32.9 -0.0196202 0.29453 1.51845 -0.000461194 0.0119639 2495.03
723258 1 0.01 0.35 32.9 -0.244242 0.494082 2.382 -0.0176104 0.0363646 2495.03
725267 1 0.01 0.35 32.9 -0.251317 -0.162616 2.95877 -0.0231773 -0.0154423 2495.03
725442 1 0.01 0.35 32.9 -0.0563812 0.0872547 0.424148 2.94074e-05 -0.000304884 2495.03
726577 1 0.01 0.35 32.9 -0.37906 0.0159763 1.67943 -0.019501 -0.00167966 2495.03
727620 1 0.01 0.35 32.9 -0.0855609 -0.447384 3.60887 -0.00963749 -0.0493661 2495.03
728308 1 0.01 0.35 32.9 0.025827 -0.38584 1.70712 0.00320858 -0.020402 2495.03
728987 1 0.01 0.35 32.9 -0.118271 0.300357 3.74593 -0.0139511 0.0335357 2495.03
729022 1 0.01 0.35 32.9 -0.489604 0.198598 1.16467 -0.016116 0.00650512 2495.03
730989 1 0.01 0.35 32.9 -0.209519 0.000890628 1.86709 -0.0100192 -0.000666602 2495.03
731078 1 0.01 0.35 32.9 -0.427942 0.188367 1.38279 -0.0183935 0.00870748 2495.03
732058 1 0.01 0.35 32.9 -0.137612 0.278094 2.04039 -0.00765847 0.0162584 2495.03
732977 1 0.01 0.35 32.9 -0.239565 -0.0180847 1.00643 -0.00911894 -0.00292484 2495.03
733126 1 0.01 0.35 32.9 0.425065 -0.0472896 1.73537 0.0222846 -0.000809605 2495.03
733628 1 0.01 0.35 32.9 -0.298794 0.0551362 0.815686 -0.00773 0.00161023 2495.03
734883 1 0.01 0.35 32.9 -0.252224 -0.294614 2.86897 -0.0209311 -0.02723 2495.03
735111 1 0.01 0.35 32.9 0.0607297 -0.447915 1.40135 0.00106889 -0.0170969 2495.03
735774 1 0.01 0.35 32.9 -0.0983464 -0.360927 1.38746 -0.000962732 -0.0148467 2495.03
736416 1 0.01 0.35 32.9 0.397439 -0.169154 3.81027 0.046342 -0.0200927 2495.03
736527 1 0.01 0.35 32.9 0.354412 0.482387 4.68653 0.051345 0.0701985 2495.03
738578 1 0.01 0.35 32.9 -0.298749 -0.450784 5.37096 -0.0475416 -0.0747793 2495.03
739075 1 0.01 0.35 32.9 0.44179 0.482543 0.992864 0.0131243 0.0167226 2495.03
740890 1 0.01 0.35 32.9 -0.140511 0.447679 1.20824 -0.00469706 0.0155683 2495.03
742667 1 0.01 0.35 32.9 0.427807 0.228211 2.97607 0.0401171 0.0227425 2495.03
742882 1 0.01 0.35 32.9 -0.0765529 -0.192947 4.96007 -0.0132836 -0.0275605 2495.03
743149 1 0.01 0.35 32.9 -0.391023 0.103716 1.09921 -0.0115535 0.00338525 2495.03
743630 1 0.01 0.35 32.9 0.00875374 -0.433829 1.1571 0.00169716 -0.0139139 2495.03
743935 1 0.01 0.35 32.9 0.232012 0.0659711 2.19537 0.0164875 0.00892374 2495.03
744421 1 0.01 0.35 32.9 -0.418836 0.345594 2.44933 -0.0320026 0.0243444 2495.03
744453 1 0.01 0.35 32.9 -0.438721 -0.0995596 3.22077 -0.0418218 -0.00733995 2495.03
744511 1 0.01 0.35 32.9 0.433346 0.13709 0.899186 0.0141994 0.00407836 2495.03
744671 1 0.01 0.35 32.9 -0.298008 0.196738 4.28149 -0.0382734 0.0249315 2495.03
745763 1 0.01 0.35 32.9 -0.462603 -0.463382 2.27937 -0.0319427 -0.0334868 2495.03
746051 1 0.01 0.35 32.9 -0.405354 0.349222 6.41224 -0.0803674 0.065138 2495.03
746442 1 0.01 0.35 32.9 -0.330616 0.0566222 2.57565 -0.0262987 0.00566378 2495.03
748895 1 0.01 0.35 32.9 -0.377255 0.0701169 0.926208 -0.0124783 0.00238211 2495.03
749366 1 0.01 0.35 32.9 0.131659 -0.458542 4.41507 0.0171624 -0.0594221 2495.03
751564 1 0.01 0.35 32.9 0.274911 0.157526 16.5505 0.137226 0.0790588 2495.03
752281 1 0.01 0.35 32.9 -0.278627 0.218437 8.79027 -0.0729047 0.0601208 2495.03
752890 1 0.01 0.35 32.9 0.084163 -0.000469319 3.42329 0.00704201 -0.000686133 2495.03
753522 1 0.01 0.35 32.9 -0.0356389 -0.0290811 1.27912 -0.000339626 0.000872473 2495.03
755984 1 0.01 0.35 32.9 0.452927 0.454164 2.91896 0.0397874 0.0387332 2495.03
756063 1 0.01 0.35 32.9 0.0236808 -0.0323008 1.97674 0.00287667 -0.00258567 2495.03
756079 1 0.01 0.35 32.9 0.318967 -0.188257 1.44833 0.0157987 -0.00789485 2495.03
756256 1 0.01 0.35 32.9 -0.0985071 -0.266125 2.06867 -0.00616687 -0.016252 2495.03
756813 1 0.01 0.35 32.9 -0.128312 -0.302576 1.7703 -0.0082233 -0.0178603 2495.03
758101 1 0.01 0.35 32.9 0.305132 0.45266 1.26578 0.0128147 0.0168362 2495.03
758189 1 0.01 0.35 32.9 -0.269671 0.315928 1.63964 -0.0132199 0.0139237 2495.03
759877 1 0.01 0.35 32.9 -0.0676802 -0.230426 2.65544 -0.00432375 -0.0185275 2495.03
760081 1 0.01 0.35 32.9 -0.486201 -0.250959 3.56198 -0.0531194 -0.0283017 2495.03
763453 1 0.01 0.35 32.9 0.387956 -0.340071 2.05445 0.0241576 -0.0219984 2495.03
763469 1 0.01 0.35 32.9 -0.40485 -0.13452 2.20948 -0.0270485 -0.00780646 2495.03
763588 1 0.01 0.35 32.9 -0.170113 -0.147176 7.43887 -0.0386599 -0.0357399 2495.03
763612 1 0.01 0.35 32.9 0.119364 -0.484827 2.76062 0.0117952 -0.0439058 2495.03
763644 1 0.01 0.35 32.9 -0.391127 -0.27173 4.67393 -0.0558299 -0.0393974 2495.03
764440 1 0.01 0.35 32.9 0.272431 0.233985 1.60642 0.0135783 0.0111384 2495.03
764605 1 0.01 0.35 32.9 0.430901 -0.0260235 1.89813 0.0220393 0.000168841 2495.03
767781 1 0.01 0.35 32.9 0.203935 0.402722 1.51902 0.0094158 0.0195542 2495.03
769129 1 0.01 0.35 32.9 -0.0198136 -0.235588 1.79684 -0.00391418 -0.0157845 2495.03
771350 1 0.01 0.35 32.9 0.298362 0.369212 1.89606 0.0160659 0.024548 2495.03
772193 1 0.01 0.35 32.9 0.155339 -0.463567 2.41822 0.0115341 -0.0345387 2495.03
772847 1 0.01 0.35 32.9 -0.180984 0.257281 1.91264 -0.0103265 0.0138552 2495.03
773827 1 0.01 0.35 32.9 -0.11381 0.0273011 1.03875 -0.00589591 0.00146441 2495.03
773999 1 0.01 0.35 32.9 -0.460027 -0.464829 1.44677 -0.0215649 -0.0185765 2495.03
774641 1 0.01 0.35 32.9 -0.309486 0.00186794 2.06934 -0.0206407 0.000410015 2495.03
774902 1 0.01 0.35 32.9 -0.088837 0.305286 2.29635 -0.00835544 0.0203674 2495.03
775747 1 0.01 0.35 32.9 0.0997399 0.476138 1.60464 0.0047986 0.0247622 2495.03
779644 1 0.01 0.35 32.9 0.232569 -0.191943 2.99183 0.0226445 -0.017404 2495.03
779839 1 0.01 0.35 32.9 0.30842 0.390445 1.97493 0.0190722 0.022422 2495.03
780369 1 0.01 0.35 32.9 0.0225797 0.0733416 3.32726 0.00367987 0.00726787 2495.03
780636 1 0.01 0.35 32.9 0.398754 -0.410188 1.55035 0.0172867 -0.0171609 2495.03
781303 1 0.01 0.35 32.9 0.296931 -0.359359 2.37783 0.0208182 -0.0265416 2495.03
782096 1 0.01 0.35 32.9 0.430835 0.0691875 4.66825 0.0614268 0.0113548 2495.03
784449 1 0.01 0.35 32.9 0.453606 -0.225331 4.24364 0.0572737 -0.0272832 2495.03
784692 1 0.01 0.35 32.9 -0.156691 0.0168485 3.25011 -0.0152128 0.00305452 2495.03
786670 1 0.01 0.35 32.9 -0.211045 -0.143061 1.55569 -0.0099449 -0.00609632 2495.03
787661 1 0.01 0.35 32.9 -0.119614 -0.481542 2.70022 -0.0103477 -0.0373642 2495.03
787929 1 0.01 0.35 32.9 -0.402537 0.130074 17.471 -0.214241 0.0684281 2495.03
790880 1 0.01 0.35 32.9 -0.109821 0.484495 1.62722 -0.00584202 0.0238694 2495.03
793394 1 0.01 0.35 32.9 -0.334961 -0.314555 1.53923 -0.013942 -0.0153652 2495.03
794448 1 0.01 0.35 32.9 0.418808 0.352182 1.81576 0.0223879 0.0175955 2495.03
795431 1 0.01 0.35 32.9 -0.246339 -0.260574 1.12487 -0.00873062 -0.0072539 2495.03
795703 1 0.01 0.35 32.9 -0.411117 0.335405 1.05132 -0.0123494 0.0141253 2495.03
795922 1 0.01 0.35 32.9 0.44512 -0.27355 1.21908 0.0141176 -0.0099227 2495.03
797476 1 0.01 0.35 32.9 0.0137006 0.272974 4.81902 0.00221934 0.037177 2495.03
798923 1 0.01 0.35 32.9 0.188357 -0.298153 12.6987 0.0724203 -0.114293 2495.03
799560 1 0.01 0.35 32.9 -0.286256 0.339459 1.89389 -0.0184174 0.0212474 2495.03
800969 1 0.01 0.35 32.9 0.465606 -0.473766 0.671466 0.0116632 -0.0110814 2495.03
801127 1 0.01 0.35 32.9 -0.0388731 0.135724 2.12848 -0.00368154 0.00848153 2495.03
801489 1 0.01 0.35 32.9 -0.0586273 0.124921 1.31267 -0.00244741 0.00518071 2495.03
802568 1 0.01 0.35 32.9 0.0471532 0.258808 3.75791 0.00496427 0.0293978 2495.03
803165 1 0.01 0.35 32.9 0.246653 0.375392 2.37647 0.0211038 0.0249022 2495.03
803737 1 0.01 0.35 32.9 0.169904 -0.355778 1.28019 0.00427907 -0.0116199 2495.03
803778 1 0.01 0.35 32.9 -0.342648 -0.251176 0.668965 -0.00537465 -0.00698173 2495.03
804095 1 0.01 0.35 32.9 0.275946 -0.0180342 1.06879 0.00878871 -0.000262963 2495.03
805220 1 0.01 0.35 32.9 -0.357601 0.0600546 1.94319 -0.0206626 0.00402069 2495.03
805770 1 0.01 0.35 32.9 -0.274392 0.320107 2.46898 -0.0214255 0.0244994 2495.03
806399 1 0.01 0.35 32.9 0.118043 0.152953 1.67624 0.00499814 0.0081402 2495.03
807477 1 0.01 0.35 32.9 -0.101376 -0.129899 4.45124 -0.0138675 -0.0177171 2495.03
808245 1 0.01 0.35 32.9 -0.329063 0.225055 0.455619 -0.00434262 0.00165658 2495.03
811983 1 0.01 0.35 32.9 -0.168439 -0.451714 2.50675 -0.0125987 -0.0343945 2495.03
812465 1 0.01 0.35 32.9 -0.0794547 0.250349 1.06508 -0.0026472 0.00827845 2495.03
813153 1 0.01 0.35 32.9 -0.365213 -0.441313 1.07571 -0.0120098 -0.0152277 2495.03
814608 1 0.01 0.35 32.9 -0.406354 0.189773 2.5644 -0.030624 0.0161481 2495.03
817453 1 0.01 0.35 32.9 -0.369064 -0.116651 1.88631 -0.0231898 -0.00908747 2495.03
817888 1 0.01 0.35 32.9 0.206826 -0.0736863 6.82407 0.0429906 -0.0150716 2495.03
818454 1 0.01 0.35 32.9 -0.0574348 0.363801 1.2595 -0.00096432 0.0177171 2495.03
818513 1 0.01 0.35 32.9 0.250842 -0.0869733 3.21823 0.0266627 -0.00714855 2495.03
818669 1 0.01 0.35 32.9 -0.0496738 0.339326 2.70644 -0.00366974 0.0274402 2495.03
819414 1 0.01 0.35 32.9 0.152727 -0.451774 1.96604 0.0104497 -0.0279441 2495.03
820612 1 0.01 0.35 32.9 -0.210488 0.0929739 1.43004 -0.00906569 0.00204813 2495.03
820657 1 0.01 0.35 32.9 -0.252039 0.250695 1.43161 -0.010827 0.0121754 2495.03
820677 1 0.01 0.35 32.9 0.161917 0.230907 4.57279 0.0226375 0.0332964 2495.03
821060 1 0.01 0.35 32.9 -0.039829 -0.061429 2.11568 -0.00117766 -0.00255755 2495.03
821763 1 0.01 0.35 32.9 0.0931324 -0.175576 0.260338 0.00437129 -0.00311147 2495.03
821977 1 0.01 0.35 32.9 -0.0349193 0.295156 3.71397 -0.00469033 0.0330794 2495.03
822121 1 0.01 0.35 32.9 0.280628 0.401664 2.33152 0.0200387 0.0272613 2495.03
823353 1 0.01 0.35 32.9 -0.312253 -0.247139 8.3411 -0.0798419 -0.0612752 2495.03
824205 1 0.01 0.35 32.9 0.0424301 -0.109993 1.02723 0.00194644 -0.0031157 2495.03
825872 1 0.01 0.35 32.9 -0.308644 -0.18978 4.04825 -0.038527 -0.0229358 2495.03
826208 1 0.01 0.35 32.9 0.0548178 0.0637404 1.65473 0.00388766 0.00262558 2495.03
826315 1 0.01 0.35 32.9 -0.394817 -0.351182 0.626526 -0.00772485 -0.00582254 2495.03
826366 1 0.01 0.35 32.9 -0.387213 -0.158668 3.84224 -0.0441665 -0.0184171 2495.03
826795 1 0.01 0.35 32.9 0.490863 -0.285955 1.18721 0.0177419 -0.0113532 2495.03
827164 1 0.01 0.35 32.9 -0.0768182 0.145253 3.85804 -0.0114 0.017712 2495.03
827616 1 0.01 0.35 32.9 -0.350535 -0.479972 2.62457 -0.0292832 -0.0354591 2495.03
828065 1 0.01 0.35 32.9 0.104445 0.0687327 1.44289 0.00542182 0.00349508 2495.03
828996 1 0.01 0.35 32.9 -0.437252 0.287634 10.6548 -0.140664 0.0941436 2495.03
830327 1 0.01 0.35 32.9 -0.223384 0.0647822 3.44162 -0.0246367 0.00677898 2495.03
830436 1 0.01 0.35 32.9 0.27329 0.494201 1.26453 0.0113163 0.018795 2495.03
830753 1 0.01 0.35 32.9 0.337385 0.418645 1.76364 0.0170788 0.02057 2495.03
830999 1 0.01 0.35 32.9 0.201593 0.350427 1.2052 0.00583462 0.0136404 2495.03
833086 1 0.01 0.35 32.9 -0.215946 0.00672413 3.49975 -0.0236213 0.000478622 2495.03
834079 1 0.01 0.35 32.9 -0.28719 -0.0382985 1.30712 -0.0132611 -0.00162129 2495.03
835169 1 0.01 0.35 32.9 -0.239189 -0.372106 1.78691 -0.0131985 -0.0204132 2495.03
836439 1 0.01 0.35 32.9 -0.0158041 0.413779 2.80607 -0.00241114 0.0359074 2495.03
837061 1 0.01 0.35 32.9 -0.32482 -0.205789 1.98203 -0.0200353 -0.0125317 2495.03
837506 1 0.01 0.35 32.9 0.456885 0.198256 1.94629 0.0272621 0.00975187 2495.03
838011 1 0.01 0.35 32.9 -0.234484 0.258257 0.561617 -0.00523869 0.0028802 2495.03
838571 1 0.01 0.35 32.9 -0.105568 0.113585 1.40332 -0.00224873 0.00438159 2495.03
843466 1 0.01 0.35 32.9 0.233854 -0.384926 9.65572 0.0674053 -0.111607 2495.03
843732 1 0.01 0.35 32.9 0.0434108 0.499227 1.97464 0.00318827 0.0298802 2495.03
846384 1 0.01 0.35 32.9 -0.392432 0.387941 1.87994 -0.0238224 0.0246695 2495.03
846744 1 0.01 0.35 32.9 0.222547 0.00558682 3.17724 0.0218296 0.00403094 2495.03
848077 1 0.01 0.35 32.9 -0.148874 -0.235447 1.58556 -0.00725859 -0.0105887 2495.03
848634 1 0.01 0.35 32.9 0.466416 -0.412671 1.23265 0.0170316 -0.0151257 2495.03
849034 1 0.01 0.35 32.9 0.154589 0.0459001 2.29059 0.0103491 0.00321193 2495.03
851012 1 0.01 0.35 32.9 0.0702798 0.257765 2.26759 0.00622543 0.0188418 2495.03
853265 1 0.01 0.35 32.9 -0.472299 0.404529 4.48634 -0.0654774 0.053151 2495.03
853545 1 0.01 0.35 32.9 0.228623 0.463242 1.38276 0.00914931 0.0201035 2495.03
854711 1 0.01 0.35 32.9 0.324086 0.312214 2.59207 0.0251926 0.0221462 2495.03
854741 1 0.01 0.35 32.9 -0.359051 -0.00077534 2.38071 -0.0281291 -0.0013172 2495.03
854860 1 0.01 0.35 32.9 -0.476287 -0.487984 2.73802 -0.0384779 -0.0395321 2495.03
855017 1 0.01 0.35 32.9 -0.145789 -0.147596 1.72004 -0.00716772 -0.00769177 2495.03
855059 1 0.01 0.35 32.9 0.436585 0.480138 2.30102 0.0303263 0.0361038 2495.03
855174 1 0.01 0.35 32.9 -0.0493256 0.46074 3.97041 -0.00664358 0.0572513 2495.03
856000 1 0.01 0.35 32.9 0.363306 0.437444 2.31633 0.0287808 0.0287947 2495.03
856172 1 0.01 0.35 32.9 0.208235 0.0614232 1.39729 0.00948043 0.00222083 2495.03
856545 1 0.01 0.35 32.9 -0.0870453 0.111123 2.68756 -0.00785494 0.0106838 2495.03
856735 1 0.01 0.35 32.9 -0.331561 0.0576824 1.64914 -0.0153976 0.00116454 2495.03
856845 1 0.01 0.35 32.9 -0.246425 -0.449633 1.74365 -0.0127128 -0.0215924 2495.03
857348 1 0.01 0.35 32.9 0.00219549 -0.184969 0.99142 -0.0022299 -0.0026715 2495.03
859926 1 0.01 0.35 32.9 -0.25122 0.21457 0.82738 -0.00962765 0.00457113 2495.03
860071 1 0.01 0.35 32.9 0.473211 -0.159159 7.44968 0.105746 -0.0349065 2495.03
860176 1 0.01 0.35 32.9 -0.0503233 0.0215665 1.53359 -0.00145679 0.00139397 2495.03
860260 1 0.01 0.35 32.9 0.31881 -0.372741 3.60287 0.0351796 -0.0403575 2495.03
861291 1 0.01 0.35 32.9 0.22003 0.13178 1.37473 0.0114097 0.00275578 2495.03
862007 1 0.01 0.35 32.9 -0.149722 0.208644 5.84336 -0.0252763 0.0365679 2495.03
864010 1 0.01 0.35 32.9 0.252722 -0.289984 1.54624 0.0100732 -0.012736 2495.03
864850 1 0.01 0.35 32.9 0.0718735 0.495296 1.36569 0.00223292 0.0206213 2495.03
866037 1 0.01 0.35 32.9 -0.203832 0.438876 1.28142 -0.00953214 0.0183877 2495.03
867144 1 0.01 0.35 32.9 0.460331 -0.079766 1.5398 0.0202439 -0.00354746 2495.03
868055 1 0.01 0.35 32.9 0.286539 0.146453 1.66 0.0166644 0.00675808 2495.03
868105 1 0.01 0.35 32.9 -0.134129 0.000367038 0.556782 -0.00124505 -0.000571612 2495.03
868139 1 0.01 0.35 32.9 0.253882 0.0561502 1.91535 0.0165385 0.00348933 2495.03
868218 1 0.01 0.35 32.9 -0.265783 0.33486 2.02365 -0.0180445 0.0208938 2495.03
868520 1 0.01 0.35 32.9 0.359407 0.28464 1.23494 0.0123683 0.0110447 2495.03
869976 1 0.01 0.35 32.9 -0.175402 0.472755 2.65509 -0.012795 0.0382168 2495.03
870872 1 0.01 0.35 32.9 0.298173 -0.0779448 2.21646 0.0192012 -0.00443384 2495.03
871698 1 0.01 0.35 32.9 -0.343537 1.90083e-05 1.65623 -0.0176558 0.00189765 2495.03
872172 1 0.01 0.35 32.9 0.0814819 -0.351189 0.914008 0.00388708 -0.00940465 2495.03
872850 1 0.01 0.35 32.9 0.0629208 -0.00648471 3.20853 0.00483718 -0.0023445 2495.03
873825 1 0.01 0.35 32.9 0.199076 -0.356883 1.96587 0.0107612 -0.0224272 2495.03
873827 1 0.01 0.35 32.9 0.10329 0.159903 1.56948 0.00524581 0.00944257 2495.03
875437 1 0.01 0.35 32.9 -0.00163547 -0.368649 2.18479 -0.00101227 -0.0237931 2495.03
876718 1 0.01 0.35 32.9 -0.476365 0.177317 1.69302 -0.0246622 0.00910268 2495.03
877477 1 0.01 0.35 32.9 -0.0583269 0.095191 2.23143 -0.00202932 0.00404156 2495.03
878087 1 0.01 0.35 32.9 -0.306811 -0.438069 2.02838 -0.0197867 -0.0262995 2495.03
878422 1 0.01 0.35 32.9 0.2448 0.22221 1.72881 0.0125673 0.0133373 2495.03
878481 1 0.01 0.35 32.9 -0.126136 -0.188416 3.66754 -0.0143321 -0.0205814 2495.03
878651 1 0.01 0.35 32.9 0.338573 -0.456819 2.28184 0.0216401 -0.031185 2495.03
880522 1 0.01 0.35 32.9 0.409722 0.355452 1.55306 0.0183923 0.0159875 2495.03
880648 1 0.01 0.35 32.9 0.115201 0.340706 3.86126 0.0139297 0.0393225 2495.03
881195 1 0.01 0.35 32.9 -0.266115 0.0366224 3.80646 -0.0294735 0.00527623 2495.03
881256 1 0.01 0.35 32.9 0.113473 0.0923277 1.89696 0.00627079 0.00749022 2495.03
882021 1 0.01 0.35 32.9 -0.0902353 -0.113303 2.66119 -0.00794402 -0.00730115 2495.03
884018 1 0.01 0.35 32.9 -0.422918 -0.345987 2.4705 -0.0322324 -0.0280421 2495.03
884884 1 0.01 0.35 32.9 -0.481341 0.459176 3.1672 -0.0464013 0.0449921 2495.03
885077 1 0.01 0.35 32.9 -0.330495 0.304433 0.874946 -0.00943746 0.0074535 2495.03
887143 1 0.01 0.35 32.9 0.244306 0.189902 0.686252 0.00298894 0.00219001 2495.03
887783 1 0.01 0.35 32.9 -0.115018 -0.175692 1.6415 -0.00717198 -0.0097615 2495.03
891625 1 0.01 0.35 32.9 0.160298 -0.139998 4.29618 0.0201492 -0.0186493 2495.03
893422 1 0.01 0.35 32.9 0.0329071 -0.308368 3.22834 0.00290849 -0.0292118 2495.03
893863 1 0.01 0.35 32.9 0.384551 0.288608 0.689149 0.00914974 0.00564921 2495.03
894295 1 0.01 0.35 32.9 0.479113 0.261543 2.55807 0.0367028 0.0196905 2495.03
895124 1 0.01 0.35 32.9 0.24559 0.30818 0.486878 0.00438364 0.00513453 2495.03
896002 1 0.01 0.35 32.9 -0.0833882 -0.105433 0.644088 -0.000792931 0.00010619 2495.03
896301 1 0.01 0.35 32.9 0.0775201 -0.145741 2.1514 0.00466024 -0.0104973 2495.03
897153 1 0.01 0.35 32.9 -0.459376 0.281213 4.43821 -0.0625454 0.0388035 2495.03
898235 1 0.01 0.35 32.9 -0.464954 -0.444605 2.1655 -0.0304841 -0.0270993 2495.03
899685 1 0.01 0.35 32.9 -0.00933086 -0.467573 1.33163 -0.000399581 -0.0196801 2495.03
900005 1 0.01 0.35 32.9 -0.349015 -0.204711 2.03582 -0.0214671 -0.0152787 2495.03
900798 1 0.01 0.35 32.9 0.247201 -0.143973 2.37788 0.0182283 -0.00988169 2495.03
901303 1 0.01 0.35 32.9 -0.124182 -0.384937 2.75722 -0.0114382 -0.0295292 2495.03
901756 1 0.01 0.35 32.9 0.224115 -0.444798 6.76604 0.044377 -0.0924524 2495.03
903882 1 0.01 0.35 32.9 0.0291058 0.061208 2.84126 0.000814199 0.0071443 2495.03
905074 1 0.01 0.35 32.9 0.230019 -0.446118 2.66096 0.0180706 -0.0360078 2495.03
905481 1 0.01 0.35 32.9 0.422571 -0.0425678 2.29129 0.0294277 -0.00394316 2495.03
905977 1 0.01 0.35 32.9 -0.421349 0.0949534 5.68618 -0.0738689 0.0169802 2495.03
906927 1 0.01 0.35 32.9 0.478128 0.119675 1.57507 0.0224249 0.00703136 2495.03
908469 1 0.01 0.35 32.9 0.472785 0.492289 10.984 0.15802 0.165989 2495.03
908943 1 0.01 0.35 32.9 -0.114081 0.340545 16.6202 -0.0574623 0.167741 2495.03
912996 1 0.01 0.35 32.9 -0.210731 -0.0221636 2.16998 -0.0123967 -0.00290916 2495.03
913102 1 0.01 0.35 32.9 -0.278323 -0.169189 0.810986 -0.00907371 -0.00800849 2495.03
914526 1 0.01 0.35 32.9 -0.132814 -0.162233 4.21301 -0.015994 -0.0204418 2495.03
915494 1 0.01 0.35 32.9 0.320974 0.456171 10.7637 0.103941 0.150976 2495.03
915621 1 0.01 0.35 32.9 0.304687 -0.277342 3.59801 0.0330165 -0.0316363 2495.03
916778 1 0.01 0.35 32.9 -0.0680813 -0.0813249 0.664821 -0.00174946 -0.00238371 2495.03
917088 1 0.01 0.35 32.9 0.370846 0.134398 1.38631 0.012983 0.00707502 2495.03
917221 1 0.01 0.35 32.9 -0.0973081 0.0121072 14.4162 -0.0413767 0.00416021 2495.03
917752 1 0.01 0.35 32.9 -0.156616 0.164806 4.20376 -0.0208319 0.0190591 2495.03
918461 1 0.01 0.35 32.9 0.331704 -0.402557 8.51091 0.0843237 -0.105271 2495.03
920325 1 0.01 0.35 32.9 0.244565 -0.201025 2.41437 0.0185561 -0.0164391 2495.03
921115 1 0.01 0.35 32.9 0.282318 0.471051 1.89676 0.0186918 0.0274603 2495.03
921803 1 0.01 0.35 32.9 -0.173768 0.0966717 1.38185 -0.00651305 0.003653 2495.03
923478 1 0.01 0.35 32.9 0.49459 0.143934 1.03829 0.0143674 0.0023447 2495.03
924456 1 0.01 0.35 32.9 -0.264396 -0.330138 0.269587 -0.000108066 0.00171764 2495.03
924597 1 0.01 0.35 32.9 0.016568 -0.154081 1.34572 0.000220143 -0.00482916 2495.03
926225 1 0.01 0.35 32.9 -0.176881 0.0184514 3.80409 -0.0206362 0.00176028 2495.03
926349 1 0.01 0.35 32.9 0.0795327 0.0253285 0.750521 0.00462067 -0.000750002 2495.03
926660 1 0.01 0.35 32.9 -0.408718 0.00811523 1.5545 -0.0184759 0.00198858 2495.03
927116 1 0.01 0.35 32.9 0.427363 -0.139668 4.14817 0.0549219 -0.0197989 2495.03
927491 1 0.01 0.35 32.9 0.205977 0.161754 1.98928 0.0139309 0.0092422 2495.03
930685 1 0.01 0.35 32.9 -0.141445 -0.0747926 3.04493 -0.0145324 -0.00900081 2495.03
931918 1 0.01 0.35 32.9 -0.118809 0.468108 3.40873 -0.0101153 0.0480553 2495.03
931929 1 0.01 0.35 32.9 -0.0523996 -0.307215 2.77904 -0.00419922 -0.0235349 2495.03
932175 1 0.01 0.35 32.9 -0.0132184 0.110354 1.48662 0.00129625 0.0049523 2495.03
933054 1 0.01 0.35 32.9 0.0780844 0.197612 9.71115 0.0239567 0.0583426 2495.03
934058 1 0.01 0.35 32.9 -0.323325 -0.261814 2.53454 -0.0256952 -0.0188209 2495.03
937074 1 0.01 0.35 32.9 -0.493858 -0.24374 9.37437 -0.140688 -0.0693942 2495.03
937756 1 0.01 0.35 32.9 0.252809 -0.0762483 3.45704 0.0277943 -0.00684846 2495.03
937814 1 0.01 0.35 32.9 -0.0583865 0.339889 2.37322 -0.00406502 0.024522 2495.03
939139 1 0.01 0.35 32.9 -0.254769 0.254871 0.35892 -0.000569004 0.00088399 2495.03
940222 1 0.01 0.35 32.9 -0.00140847 -0.473679 2.08091 -0.000492583 -0.0307907 2495.03
940681 1 0.01 0.35 32.9 -0.113014 -0.393384 1.36631 -0.003704 -0.014743 2495.03
941550 1 0.01 0.35 32.9 0.368578 -0.487712 3.88424 0.0449833 -0.056875 2495.03
943350 1 0.01 0.35 32.9 0.491035 -0.292397 6.95228 0.100888 -0.0611205 2495.03
943615 1 0.01 0.35 32.9 0.022008 0.349841 5.15347 0.00357311 0.0553801 2495.03
944681 1 0.01 0.35 32.9 0.180153 0.234108 3.40569 0.0196957 0.023841 2495.03
945622 1 0.01 0.35 32.9 0.484563 0.455627 3.7494 0.0558521 0.0521634 2495.03
945645 1 0.01 0.35 32.9 -0.184894 0.102968 0.589483 -0.00261164 0.0021606 2495.03
946718 1 0.01 0.35 32.9 -0.430907 0.375325 3.47391 -0.0466772 0.0418925 2495.03
946903 1 0.01 0.35 32.9 0.116261 0.488026 1.0421 0.00161839 0.0149111 2495.03
947603 1 0.01 0.35 32.9 0.1229 -0.33486 1.78499 0.00498321 -0.0194984 2495.03
947917 1 0.01 0.35 32.9 0.16841 0.460436 2.1449 0.00998937 0.0312347 2495.03
949319 1 0.01 0.35 32.9 0.0781484 -0.378232 3.41162 0.0108534 -0.0401298 2495.03
949374 1 0.01 0.35 32.9 -0.0489907 -0.279575 1.72721 -0.00219702 -0.0156997 2495.03
950021 1 0.01 0.35 32.9 0.169666 -0.177083 2.02167 0.00954994 -0.0123599 2495.03
950227 1 0.01 0.35 32.9 0.0946099 -0.238725 2.80968 0.00830086 -0.02017 2495.03
951840 1 0.01 0.35 32.9 0.0236772 0.20057 4.49582 0.00403238 0.0277928 2495.03
953661 1 0.01 0.35 32.9 0.251055 -0.393721 1.3826 0.00979912 -0.0161229 2495.03
953968 1 0.01 0.35 32.9 -0.325629 -0.24923 2.12809 -0.0210389 -0.0149528 2495.03
954042 1 0.01 0.35 32.9 -0.00576396 -0.100896 2.10744 -0.00132229 -0.00913864 2495.03
961962 1 0.01 0.35 32.9 0.140274 -0.303865 0.900718 0.00359005 -0.00757446 2495.03
962114 1 0.01 0.35 32.9 -0.35412 0.0686509 2.02184 -0.0206835 0.0044776 2495.03
962167 1 0.01 0.35 32.9 0.488538 -0.37987 4.12053 0.0621057 -0.0473516 2495.03
963527 1 0.01 0.35 32.9 0.382703 0.489779 5.49705 0.0629578 0.0807144 2495.03
963823 1 0.01 0.35 32.9 -0.4408 -0.100787 3.51987 -0.0456951 -0.0104135 2495.03
964713 1 0.01 0.35 32.9 0.487002 -0.267902 1.95071 0.0292876 -0.0152362 2495.03
965239 1 0.01 0.35 32.9 0.262775 0.128948 5.06566 0.040379 0.0203841 2495.03
967233 1 0.01 0.35 32.9 0.150185 0.204459 1.2927 0.00329548 0.00641392 2495.03
967679 1 0.01 0.35 32.9 0.434858 -0.264591 5.90916 0.0766909 -0.0474433 2495.03
968455 1 0.01 0.35 32.9 0.0613538 -0.214438 1.94866 0.00319121 -0.0118877 2495.03
970019 1 0.01 0.35 32.9 -0.345701 0.217017 3.02506 -0.032967 0.0203479 2495.03
970848 1 0.01 0.35 32.9 0.317179 -0.350519 1.24673 0.00995446 -0.0139865 2495.03
970887 1 0.01 0.35 32.9 -0.035898 -0.234652 2.10623 -0.00328651 -0.0156458 2495.03
971290 1 0.01 0.35 32.9 0.415249 -0.455441 0.849562 0.0113692 -0.01018 2495.03
971695 1 0.01 0.35 32.9 0.0315313 -0.313267 1.86508 0.000376969 -0.0166078 2495.03
973100 1 0.01 0.35 32.9 0.20822 -0.1004 4.0982 0.0264407 -0.0116479 2495.03
976167 1 0.01 0.35 32.9 -0.245387 0.268536 4.80261 -0.0337127 0.0389606 2495.03
977576 1 0.01 0.35 32.9 -0.431064 0.148662 1.73892 -0.0232194 0.0078785 2495.03
977768 1 0.01 0.35 32.9 0.338726 -0.0663044 1.41382 0.0132544 -0.00319939 2495.03
978428 1 0.01 0.35 32.9 0.299732 -0.203215 3.47869 0.0312005 -0.0199808 2495.03
979267 1 0.01 0.35 32.9 0.489585 -0.444081 2.16205 0.0334775 -0.0266878 2495.03
979507 1 0.01 0.35 32.9 0.254549 -0.196668 1.41131 0.00807103 -0.00688025 2495.03
982629 1 0.01 0.35 32.9 0.0838656 0.47172 1.06255 0.00419678 0.0173571 2495.03
983418 1 0.01 0.35 32.9 -0.481545 -0.0712776 2.13975 -0.0315404 -0.00592941 2495.03
983443 1 0.01 0.35 32.9 -0.167653 0.193363 3.19605 -0.0167524 0.0182256 2495.03
983908 1 0.01 0.35 32.9 -0.398569 -0.224272 0.484158 -0.00568108 -0.00716333 2495.03
984117 1 0.01 0.35 32.9 -0.42244 -0.288557 1.10661 -0.0141411 -0.00824837 2495.03
984257 1 0.01 0.35 32.9 0.389447 -0.452689 1.28557 0.016293 -0.0170076 2495.03
987400 1 0.01 0.35 32.9 -0.305304 0.121991 3.22197 -0.0290004 0.011166 2495.03
988446 1 0.01 0.35 32.9 -0.139142 -0.457484 3.00126 -0.0135137 -0.0405359 2495.03
988894 1 0.01 0.35 32.9 0.121621 -0.457423 1.1188 0.00409904 -0.0142213 2495.03
989800 1 0.01 0.35 32.9 -0.0517359 0.23078 3.10481 -0.00736177 0.020293 2495.03
989917 1 0.01 0.35 32.9 -0.189234 0.267528 1.51037 -0.00837449 0.0124509 2495.03
991590 1 0.01 0.35 32.9 0.432418 -0.13036 1.04145 0.0131116 -0.00350396 2495.03
991686 1 0.01 0.35 32.9 -0.154854 -0.12264 1.22659 -0.00853644 -0.00629145 2495.03
992432 1 0.01 0.35 32.9 0.194766 -0.380688 10.8177 0.0675558 -0.124798 2495.03
994533 1 0.01 0.35 32.9 -0.0645786 -0.131378 3.18727 -0.00615535 -0.0138442 2495.03
995131 1 0.01 0.35 32.9 -0.117114 -0.317546 4.70287 -0.0170224 -0.0460184 2495.03
995574 1 0.01 0.35 32.9 -0.281631 -0.370384 0.700921 -0.00639979 -0.00771526 2495.03
996970 1 0.01 0.35 32.9 -0.172843 0.435558 1.4135 -0.00812731 0.0191691 2495.03
999527 1 0.01 0.35 32.9 -0.460929 -0.186312 2.80911 -0.0388831 -0.0149152 2495.03
