45007428 0 0.01 4.7 32.9 -0.341462 -0.44224 3.70117 -0.0369467 -0.0455411 9.19099
45008949 0 0.01 4.69993 32.9 -0.392581 0.231056 34.4849 -0.408038 0.242896 9.19099
45010261 0 0.01 4.7 32.9 0.309849 -0.133763 45.142 0.427292 -0.183269 9.19099
45010672 0 0.01 4.7 32.9 -0.336051 -0.394969 9.67033 -0.100586 -0.11461 9.19099
45010753 0 0.01 4.70002 32.9 -0.101104 0.188404 40.2686 -0.124352 0.228208 9.19099
45016223 0 0.01 4.70009 32.9 0.0311209 0.488099 26.8615 0.0238947 0.39995 9.19099
45017037 0 0.01 4.7 32.9 -0.319928 -0.378191 12.6867 -0.123349 -0.145697 9.19099
44001902 0 0.01 4.7 32.9 -0.14415 -0.154988 1.28825 0.00395906 -0.000618765 9.16845
44004337 0 0.01 4.7 32.9 0.42926 -0.478376 8.85328 0.112801 -0.129012 9.16845
44004494 0 0.01 4.7 32.9 0.28554 0.305337 17.0405 0.147157 0.159443 9.16845
44007428 0 0.01 4.70001 32.9 -0.25397 -0.065687 44.3067 -0.339811 -0.0900623 9.16845
44008021 0 0.01 4.69999 32.9 -0.334854 0.316414 44.2178 -0.448835 0.426204 9.16845
44011358 0 0.01 4.7 32.9 0.226853 0.39712 36.4226 0.250938 0.443183 9.16845
44012220 0 0.01 4.70001 32.9 -0.0770825 -0.478614 2.85177 -0.00638352 -0.0403561 9.16845
44013961 0 0.01 4.70004 32.9 -0.421692 0.12931 45.5728 -0.584334 0.178606 9.16845
44014629 0 0.01 4.7 32.9 -0.436171 -0.18232 5.74996 -0.075987 -0.0324442 9.16845
44015399 0 0.01 4.7 32.9 0.433899 0.253477 16.1995 0.216001 0.123054 9.16845
44017565 0 0.01 4.7 32.9 -0.10011 0.260266 1.02362 -0.00340953 0.0108244 9.16845
44019693 0 0.01 4.7 32.9 -0.00444372 0.377461 6.77656 -0.00130998 0.0771776 9.16845
84002495 0 0.01 4.7 32.9 -0.0283099 -0.155103 2.8967 0.000367591 -0.0127959 9.18066
84004641 0 0.01 4.7 32.9 -0.286412 -0.382245 11.9678 -0.102698 -0.139379 9.18066
84005047 0 0.01 4.7 32.9 -0.338307 0.491914 9.91276 -0.0984565 0.146509 9.18066
84007244 0 0.01 4.7 32.9 0.202555 -0.328885 18.2517 0.112162 -0.180455 9.18066
84012071 0 0.01 4.69998 32.9 0.114316 -0.0949428 32.1389 0.112081 -0.0902018 9.18066
84012817 0 0.01 4.70001 32.9 -0.431737 0.461611 7.77852 -0.104427 0.112245 9.18066
84016182 0 0.01 4.7 32.9 -0.0150068 -0.393299 4.77274 -0.00299865 -0.0560479 9.18066
84016608 0 0.01 4.70004 32.9 0.229354 0.00136242 34.5281 0.24076 0.00118613 9.18066
84016842 0 0.01 4.70009 32.9 -0.210972 0.0602256 28.0415 -0.179748 0.0504088 9.18066
84016906 0 0.01 4.7 32.9 0.205719 0.479477 7.257 0.0436338 0.105584 9.18066
84017320 0 0.01 4.7 32.9 0.483738 0.14015 6.39649 0.0934153 0.0282029 9.18066
84017770 0 0.01 4.70001 32.9 0.347479 -0.122961 4.53006 0.0498787 -0.0237582 9.18066
84019843 0 0.01 4.70019 32.9 -0.131261 -0.141383 12.0437 -0.0469694 -0.0519489 9.18066
84020414 0 0.01 4.7 32.9 -0.434074 0.381571 9.95002 -0.130196 0.11505 9.18066
43000159 0 0.01 4.70001 32.9 -0.382954 0.046746 3.80112 -0.0395757 0.0083027 9.18299
43000447 0 0.01 4.7 32.9 0.0208002 -0.204438 9.69782 0.00639197 -0.0604461 9.18299
43000651 0 0.01 4.7 32.9 0.449252 -0.238894 5.1276 0.0703723 -0.0389116 9.18299
43002346 0 0.01 4.7 32.9 0.27614 -0.198239 6.86589 0.0596644 -0.0415283 9.18299
43002450 0 0.01 4.7 32.9 -0.383618 -0.452798 3.49482 -0.0449186 -0.0487771 9.18299
43003423 0 0.01 4.69998 32.9 -0.349007 0.0784194 36.5289 -0.387594 0.0880568 9.18299
43005377 0 0.01 4.7 32.9 0.244253 -0.153784 8.30014 0.0595432 -0.0356854 9.18299
43008231 0 0.01 4.70001 32.9 0.40783 -0.200757 52.8165 0.652824 -0.321448 9.18299
43008265 0 0.01 4.7 32.9 0.275016 0.113514 7.79457 0.0677307 0.0274377 9.18299
43008942 0 0.01 4.7 32.9 0.0245873 -0.120348 11.6728 0.00890377 -0.042528 9.18299
43009394 0 0.01 4.70001 32.9 0.20178 0.408223 41.5399 0.254457 0.516821 9.18299
43010891 0 0.01 4.7 32.9 0.413718 -0.37472 42.4349 0.53558 -0.483495 9.18299
43011027 0 0.01 4.70001 32.9 0.190677 -0.357538 37.0361 0.216543 -0.401696 9.18299
43011415 0 0.01 4.69993 32.9 0.175469 -0.23962 35.6968 0.192249 -0.26054 9.18299
43014244 0 0.01 4.7 32.9 0.164734 0.172808 6.06527 0.0325537 0.033461 9.18299
43015060 0 0.01 4.7 32.9 0.11419 0.264581 10.1876 0.0335326 0.080208 9.18299
43017570 0 0.01 4.7 32.9 0.153401 0.308336 6.21702 0.0268731 0.0568591 9.18299
43018336 0 0.01 4.7 32.9 0.314266 -0.309468 11.1725 0.107712 -0.103312 9.18299
42000282 0 0.01 4.7 32.9 0.458499 0.140635 5.26795 0.0754192 0.0232659 9.20435
42000774 0 0.01 4.69978 32.9 -0.440612 0.128698 22.8068 -0.307043 0.0903391 9.20435
42000799 0 0.01 4.7 32.9 -0.25014 -0.0605535 25.4297 -0.191973 -0.0425671 9.20435
42003823 0 0.01 4.7 32.9 0.0488885 -0.245451 12.9546 0.0181867 -0.0979835 9.20435
42004956 0 0.01 4.70001 32.9 -0.213778 0.347018 43.9966 -0.28689 0.462955 9.20435
42010239 0 0.01 4.70081 32.9 -0.419889 -0.43021 11.5379 -0.147389 -0.150195 9.20435
42013454 0 0.01 4.7 32.9 -0.297556 0.054619 4.46671 -0.0368338 0.0071213 9.20435
42014478 0 0.01 4.7 32.9 -0.210166 0.123289 5.67911 -0.0355738 0.0249106 9.20435
42015836 0 0.01 4.70001 32.9 0.334013 0.0534834 12.093 0.123013 0.0207711 9.20435
42016865 0 0.01 4.7 32.9 0.0795156 0.387496 2.79789 0.00231184 0.0290164 9.20435
42017370 0 0.01 4.70004 32.9 -0.39841 0.276898 33.9667 -0.413658 0.287829 9.20435
64001879 0 0.01 4.69997 32.9 -0.266709 -0.202381 44.2335 -0.358846 -0.270053 9.22119
64003348 0 0.01 4.69998 32.9 0.10321 -0.247355 24.2148 0.0750754 -0.181063 9.22119
64004194 0 0.01 4.69996 32.9 0.0744829 -0.32241 45.6031 0.103586 -0.446517 9.22119
64007554 0 0.01 4.7 32.9 -0.127868 0.0463372 0.492795 0.0111329 0.00547611 9.22119
64007628 0 0.01 4.7 32.9 0.0909344 -0.408141 17.4261 0.0473084 -0.214033 9.22119
64012838 0 0.01 4.7 32.9 -0.370249 0.0578589 3.31978 -0.0377221 0.0074257 9.22119
64015905 0 0.01 4.7 32.9 0.111513 0.134121 4.34993 0.0188436 0.015993 9.22119
64017639 0 0.01 4.69998 32.9 0.085672 0.324558 15.9572 0.0420791 0.158949 9.22119
64017958 0 0.01 4.7 32.9 -0.464955 0.00966972 40.3206 -0.571601 0.0141659 9.22119
64019962 0 0.01 4.70002 32.9 -0.0599417 0.252547 36.0838 -0.0660792 0.277845 9.22119
35000848 0 0.01 4.69998 32.9 -0.397891 -0.428217 13.1442 -0.158775 -0.168621 9.19114
35001098 0 0.01 4.70001 32.9 -0.104004 -0.130959 43.0404 -0.135807 -0.16885 9.19114
35001441 0 0.01 4.7 32.9 -0.279302 -0.126332 59.5896 -0.505865 -0.228547 9.19114
35001915 0 0.01 4.7 32.9 -0.220546 0.100331 42.834 -0.285371 0.129649 9.19114
35006541 0 0.01 4.70001 32.9 0.338325 0.492445 9.6397 0.0971704 0.143916 9.19114
35009346 0 0.01 4.7 32.9 0.171644 0.198489 2.00431 0.0145702 0.0158649 9.19114
35010203 0 0.01 4.7 32.9 0.274075 0.252743 15.5601 0.127287 0.120366 9.19114
35011370 0 0.01 4.7 32.9 -0.106291 -0.451078 2.12887 -0.00816687 -0.0252128 9.19114
35011788 0 0.01 4.7 32.9 0.446731 0.311305 56.978 0.775213 0.537533 9.19114
35012176 0 0.01 4.7 32.9 -0.215463 0.0727009 3.40142 -0.0250513 0.00574019 9.19114
34000222 0 0.01 4.70019 32.9 0.474752 0.350549 17.0791 0.24579 0.180609 9.18822
34001434 0 0.01 4.70004 32.9 -0.411749 0.249763 21.7624 -0.273457 0.16701 9.18822
34004346 0 0.01 4.7 32.9 0.360719 0.312087 5.74101 0.0611343 0.0555398 9.18822
34004549 0 0.01 4.7 32.9 -0.479013 -0.322975 3.44677 -0.0539058 -0.0398411 9.18822
34005689 0 0.01 4.7 32.9 0.381276 0.197411 22.7814 0.263059 0.138388 9.18822
34006618 0 0.01 4.69999 32.9 0.352286 -0.00918684 29.3868 0.316084 -0.0073097 9.18822
34006957 0 0.01 4.7 32.9 -0.0159539 -0.0952982 8.17897 -0.00400185 -0.0229256 9.18822
34007559 0 0.01 4.7 32.9 0.113348 0.190074 5.76338 0.020764 0.0353231 9.18822
34008527 0 0.01 4.7 32.9 0.044833 -0.246295 11.898 0.0156765 -0.0885857 9.18822
34008815 0 0.01 4.69988 32.9 -0.117997 -0.205874 28.0301 -0.102473 -0.17631 9.18822
34008857 0 0.01 4.7 32.9 -0.18451 -0.211434 2.8747 -0.013617 -0.00949364 9.18822
34012689 0 0.01 4.7 32.9 0.258342 0.132069 11.1931 0.0868508 0.0422259 9.18822
34014148 0 0.01 4.7 32.9 -0.422695 0.217864 3.81833 -0.0504029 0.0259873 9.18822
34018814 0 0.01 4.7 32.9 0.495133 -0.02915 5.27109 0.0785734 -0.00222616 9.18822
34019151 0 0.01 4.70009 32.9 0.0384095 -0.488543 39.7342 0.0479763 -0.588106 9.18822
34019272 0 0.01 4.7 32.9 -0.0950849 -0.407453 13.2104 -0.0413604 -0.163873 9.18822
34019377 0 0.01 4.7 32.9 0.379304 0.36378 6.63323 0.0767614 0.0750448 9.18822
33000494 0 0.01 4.7 32.9 0.156941 -0.162847 6.14378 0.0274884 -0.0291752 9.21638
33002893 0 0.01 4.7 32.9 -0.349984 0.497159 3.42317 -0.0341438 0.0571147 9.21638
33003499 0 0.01 4.70002 32.9 -0.0454623 0.272294 46.1516 -0.0632022 0.379576 9.21638
33005119 0 0.01 4.7 32.9 0.18308 0.280637 4.07731 0.0205052 0.0364469 9.21638
33008983 0 0.01 4.7 32.9 0.147272 -0.360525 15.9492 0.0731791 -0.175278 9.21638
33010060 0 0.01 4.69998 32.9 0.484635 -0.112514 42.5586 0.627421 -0.146111 9.21638
33011681 0 0.01 4.70004 32.9 -0.100387 0.131375 32.1105 -0.0974436 0.12744 9.21638
33012369 0 0.01 4.69874 32.9 -0.0758547 0.0799683 9.06104 -0.0200605 0.0216061 9.21638
33013443 0 0.01 4.7 32.9 -0.355234 0.381491 7.58223 -0.082654 0.086102 9.21638
33018303 0 0.01 4.69999 32.9 -0.112231 -0.0223787 33.9613 -0.116983 -0.0224859 9.21638
48001738 0 0.01 4.7 32.9 0.106754 0.477405 5.82555 0.0224909 0.0834813 9.18092
48002844 0 0.01 4.70004 32.9 -0.472124 -0.161761 39.3931 -0.565352 -0.193608 9.18092
48003123 0 0.01 4.7 32.9 0.101665 0.146251 44.9908 0.138456 0.19966 9.18092
48004922 0 0.01 4.69996 32.9 -0.469321 0.0398392 33.3348 -0.476139 0.041456 9.18092
48008847 0 0.01 4.7 32.9 0.296271 0.0816216 13.2322 0.118706 0.0354107 9.18092
48011442 0 0.01 4.7 32.9 0.391577 0.442889 1.19874 0.00817917 0.0259213 9.18092
48011782 0 0.01 4.69957 32.9 -0.402464 -0.111285 16.435 -0.201444 -0.0565638 9.18092
48014205 0 0.01 4.70001 32.9 0.414204 -0.0308875 44.2424 0.55679 -0.0420373 9.18092
48016607 0 0.01 4.7 32.9 0.0475004 0.445561 2.26775 0.00306114 0.0285221 9.18092
48016934 0 0.01 4.7 32.9 0.265933 0.277592 3.14685 0.0199125 0.0322233 9.18092
37001183 0 0.01 4.7 32.9 0.349304 -0.367611 3.29295 0.0365779 -0.0370531 9.16461
37002296 0 0.01 4.7 32.9 -0.493462 0.336874 2.82592 -0.0408643 0.0307343 9.16461
37003350 0 0.01 4.69998 32.9 0.262582 -0.141706 36.8919 0.296072 -0.156571 9.16461
37006848 0 0.01 4.7 32.9 0.335972 0.197947 2.50601 0.0256399 0.0116248 9.16461
37007441 0 0.01 4.70001 32.9 -0.0894528 0.28537 40.4939 -0.111205 0.352712 9.16461
37008461 0 0.01 4.7 32.9 -0.0969801 0.341932 10.605 -0.0307229 0.112974 9.16461
37011149 0 0.01 4.70009 32.9 -0.157022 -0.0159482 33.5033 -0.160845 -0.0165521 9.16461
37012939 0 0.01 4.69999 32.9 0.396583 0.39834 24.006 0.287891 0.289894 9.16461
37014576 0 0.01 4.7 32.9 -0.426512 -0.285524 4.69928 -0.059861 -0.040429 9.16461
37019957 0 0.01 4.70001 32.9 -0.112233 -0.407929 44.1527 -0.151723 -0.547532 9.16461
36001941 0 0.01 4.69999 32.9 0.417928 -0.24534 44.9954 0.571574 -0.333932 9.18771
36004366 0 0.01 4.70001 32.9 0.383895 -0.361679 16.1294 0.188704 -0.174681 9.18771
36010693 0 0.01 4.69997 32.9 0.487553 0.200058 39.5631 0.586328 0.242266 9.18771
36019251 0 0.01 4.70001 32.9 -0.266288 0.394103 35.2186 -0.285338 0.418855 9.18771
92000696 0 0.01 4.70002 32.9 -0.406785 0.223793 4.61411 -0.0590624 0.0312321 9.17265
92000713 0 0.01 4.70002 32.9 -0.058664 0.316457 41.8751 -0.0754708 0.403256 9.17265
92001196 0 0.01 4.7 32.9 0.302611 0.306564 7.361 0.0665529 0.067054 9.17265
92002353 0 0.01 4.70001 32.9 -0.0996918 -0.0310165 40.6456 -0.122979 -0.0367687 9.17265
92008597 0 0.01 4.7 32.9 0.131214 -0.351101 4.38215 0.0184291 -0.0498536 9.17265
92010694 0 0.01 4.69998 32.9 0.448352 0.0744388 28.1913 0.381972 0.0653402 9.17265
92013439 0 0.01 4.7 32.9 0.475908 0.302759 47.3415 0.687514 0.436344 9.17265
92016734 0 0.01 4.7004 32.9 -0.472559 0.152066 22.3044 -0.320686 0.106285 9.17265
92016750 0 0.01 4.7 32.9 -0.377888 0.255542 1.90647 -0.0168794 0.0073807 9.17265
92018061 0 0.01 4.70001 32.9 0.431477 -0.342409 40.657 0.532373 -0.42218 9.17265
93000008 0 0.01 4.7 32.9 0.352433 0.0578926 1.80813 0.0178573 0.00762644 9.1807
93004278 0 0.01 4.7 32.9 -0.26729 0.0564487 130.806 -1.06167 0.225413 9.1807
93006799 0 0.01 4.7 32.9 -0.259667 0.183577 8.06517 -0.0646443 0.0453205 9.1807
93007200 0 0.01 4.7 32.9 0.465897 -0.424252 2.85016 0.0358722 -0.0356652 9.1807
93009580 0 0.01 4.69993 32.9 0.416834 -0.467138 32.2254 0.408139 -0.45755 9.1807
93013135 0 0.01 4.70009 32.9 0.239957 0.48101 27.9378 0.202088 0.408328 9.1807
93014460 0 0.01 4.70001 32.9 0.0189452 0.426326 39.2978 0.0218529 0.509327 9.1807
93015077 0 0.01 4.7 32.9 -0.459467 -0.280553 1.27121 -0.018733 -0.013626 9.1807
93019217 0 0.01 4.69997 32.9 -0.14313 -0.259298 36.8796 -0.160318 -0.290388 9.1807
90000308 0 0.01 4.70009 32.9 -0.271456 -0.0924786 43.56 -0.360892 -0.12236 9.18245
90001307 0 0.01 4.70001 32.9 0.3499 0.105093 43.6871 0.464223 0.141007 9.18245
90003061 0 0.01 4.69998 32.9 0.0761966 -0.30653 28.7299 0.0657951 -0.267035 9.18245
90003156 0 0.01 4.69998 32.9 0.443361 -0.380038 40.3943 0.544875 -0.465131 9.18245
90009019 0 0.01 4.7 32.9 -0.00213456 -0.442671 6.24412 -0.000498631 -0.0838236 9.18245
90011319 0 0.01 4.69998 32.9 0.0712704 -0.413828 59.3869 0.127553 -0.746372 9.18245
90011684 0 0.01 4.7 32.9 0.0564651 0.49146 43.5922 0.0749578 0.651327 9.18245
90011795 0 0.01 4.70001 32.9 0.400867 0.471867 2.83928 0.0370523 0.0407087 9.18245
90011992 0 0.01 4.7 32.9 -0.245913 0.322252 13.9059 -0.106685 0.137243 9.18245
90015822 0 0.01 4.69996 32.9 0.0449269 0.0292954 36.743 0.0497645 0.0338547 9.18245
90018566 0 0.01 4.70019 32.9 -0.204939 -0.0118383 22.3773 -0.139364 -0.00612531 9.18245
91003981 0 0.01 4.69998 32.9 0.430627 0.443007 26.2187 0.34335 0.352215 9.1861
91004391 0 0.01 4.7 32.9 -0.401755 0.27139 7.39898 -0.0902581 0.0598743 9.1861
91006262 0 0.01 4.69988 32.9 -0.262568 -0.0968246 27.5288 -0.216778 -0.0786415 9.1861
91010058 0 0.01 4.7 32.9 0.0794467 -0.187468 5.74714 0.0148738 -0.0315662 9.1861
91010717 0 0.01 4.70206 32.9 0.126146 -0.126335 7.75723 0.0297116 -0.0286647 9.1861
91012635 0 0.01 4.69999 32.9 -0.488714 0.27765 8.14849 -0.121274 0.068932 9.1861
91015489 0 0.01 4.7 32.9 0.0605111 -0.308832 2.90847 0.00484248 -0.0308395 9.1861
91016081 0 0.01 4.7 32.9 0.366205 -0.380613 2.83095 0.0338531 -0.0321786 9.1861
91018643 0 0.01 4.7 32.9 0.0482615 -0.097754 10.7673 0.0144584 -0.034097 9.1861
91019041 0 0.01 4.7 32.9 0.418392 -0.470594 12.8067 0.162719 -0.182716 9.1861
91019401 0 0.01 4.7 32.9 -0.469872 -0.373508 11.0353 -0.154793 -0.124694 9.1861
91019766 0 0.01 4.69999 32.9 -0.12821 -0.307014 16.3333 -0.0615876 -0.1546 9.1861
89006008 0 0.01 4.69993 32.9 -0.339395 -0.495053 32.9336 -0.336888 -0.496869 9.218
89006058 0 0.01 4.69978 32.9 0.100386 -0.4021 21.4616 0.0638119 -0.262578 9.218
89006097 0 0.01 4.69978 32.9 -0.458493 -0.413179 26.2711 -0.36703 -0.330211 9.218
89007635 0 0.01 4.69998 32.9 -0.380995 -0.14894 14.0336 -0.162949 -0.0643781 9.218
89008007 0 0.01 4.7 32.9 0.416955 0.475096 2.17536 0.0301314 0.0275323 9.218
89010008 0 0.01 4.69998 32.9 0.432465 -0.421841 41.3858 0.54117 -0.528776 9.218
89010158 0 0.01 4.7 32.9 -0.455659 -0.203393 19.7389 -0.274018 -0.121145 9.218
89011496 0 0.01 4.7 32.9 0.392009 0.445634 2.45548 0.0267466 0.0365351 9.218
89011982 0 0.01 4.70002 32.9 -0.21566 0.0282592 44.0308 -0.285928 0.0410554 9.218
89015448 0 0.01 4.69998 32.9 0.179959 0.0969782 49.4589 0.269773 0.146836 9.218
89015752 0 0.01 4.7 32.9 0.393076 -0.447635 3.31207 0.0430824 -0.0434796 9.218
89016577 0 0.01 4.7 32.9 0.291125 -0.171629 3.97153 0.0350472 -0.0198143 9.218
89019382 0 0.01 4.7 32.9 0.272274 -0.452291 6.41393 0.0551031 -0.0866577 9.218
82008012 0 0.01 4.7 32.9 0.383801 0.431554 4.21574 0.0499799 0.055055 9.21041
82008380 0 0.01 4.69874 32.9 0.213442 -0.313266 7.54593 0.0514248 -0.0736341 9.21041
82008934 0 0.01 4.7 32.9 -0.06876 0.203686 5.32099 -0.0118774 0.032006 9.21041
82010424 0 0.01 4.7 32.9 0.180276 -0.233099 43.7152 0.237759 -0.309207 9.21041
82010830 0 0.01 4.7 32.9 -0.0325606 -0.127869 2.44066 -0.00154777 -0.0153287 9.21041
82011182 0 0.01 4.7 32.9 0.32019 0.160113 8.37226 0.0800009 0.0407725 9.21041
82015596 0 0.01 4.7 32.9 -0.242716 0.345829 6.66803 -0.04984 0.0711482 9.21041
82016546 0 0.01 4.69999 32.9 0.0887477 0.307014 45.4156 0.122278 0.423499 9.21041
81000355 0 0.01 4.7 32.9 -0.427072 0.377466 7.86657 -0.101949 0.0907435 9.17927
81000571 0 0.01 4.7 32.9 -0.191097 0.383995 44.5678 -0.257741 0.518515 9.17927
81006536 0 0.01 4.70003 32.9 -0.255203 0.434811 44.5235 -0.343588 0.58827 9.17927
81006548 0 0.01 4.69996 32.9 0.267617 0.229532 43.3648 0.350675 0.303965 9.17927
81010419 0 0.01 4.7 32.9 0.342069 -0.0565418 4.83244 0.0481145 -0.00913151 9.17927
81012166 0 0.01 4.69998 32.9 -0.126044 0.0167843 49.617 -0.188418 0.0262363 9.17927
81014374 0 0.01 4.7 32.9 0.0304442 0.331805 7.43279 0.00734374 0.0786149 9.17927
81015530 0 0.01 4.7 32.9 0.196346 -0.104988 7.87444 0.0448257 -0.0252904 9.17927
81017514 0 0.01 4.7 32.9 0.476049 -0.304731 2.62811 0.0414056 -0.0236497 9.17927
4000653 0 0.01 4.69998 32.9 0.451808 0.384966 30.3516 0.417342 0.356676 9.18992
4001389 0 0.01 4.70002 32.9 -0.342976 0.45719 48.521 -0.507107 0.675317 9.18992
4001524 0 0.01 4.70019 32.9 0.132379 -0.146427 29.4476 0.117866 -0.130823 9.18992
4002299 0 0.01 4.7 32.9 -0.210114 0.104188 1.91894 -0.0141471 0.00665695 9.18992
4007246 0 0.01 4.7004 32.9 -0.405956 -0.265758 16.9482 -0.209782 -0.133913 9.18992
4011068 0 0.01 4.7 32.9 0.0510463 -0.229785 2.57658 0.00491123 -0.0158518 9.18992
4013813 0 0.01 4.70002 32.9 0.0687976 -0.365376 38.6558 0.0808486 -0.427539 9.18992
4013884 0 0.01 4.7 32.9 0.190222 0.114861 42.3803 0.242281 0.148517 9.18992
4015315 0 0.01 4.69998 32.9 0.237976 -0.194865 7.71782 0.0561721 -0.0460124 9.18992
4015865 0 0.01 4.70004 32.9 0.498919 -0.351014 34.5684 0.523596 -0.367853 9.18992
4017573 0 0.01 4.70001 32.9 0.186279 0.464571 4.10474 0.0188002 0.0568833 9.18992
68000229 0 0.01 4.7 32.9 0.298698 -0.275472 1.91475 0.0200822 -0.0176293 9.18774
68000959 0 0.01 4.7 32.9 0.404512 0.455441 8.08573 0.102053 0.112907 9.18774
68002685 0 0.01 4.70001 32.9 -0.056689 0.0115067 10.9958 -0.0186931 0.00334105 9.18774
68005987 0 0.01 4.7 32.9 -0.308103 0.0833051 10.4155 -0.0957013 0.026866 9.18774
68006955 0 0.01 4.69998 32.9 -0.359101 -0.196873 26.2201 -0.284869 -0.155833 9.18774
68006979 0 0.01 4.7 32.9 0.239817 -0.469663 27.4215 0.201327 -0.389931 9.18774
68007394 0 0.01 4.7 32.9 0.418336 0.0480849 2.8007 0.031861 0.00490058 9.18774
68007444 0 0.01 4.70009 32.9 -0.0691025 0.295796 20.9181 -0.0422397 0.188553 9.18774
68008738 0 0.01 4.69988 32.9 0.486271 -0.419518 29.8739 0.443081 -0.383672 9.18774
68009686 0 0.01 4.69998 32.9 -0.119395 0.108426 39.6275 -0.142667 0.131862 9.18774
68010356 0 0.01 4.7 32.9 0.260566 -0.219982 5.75228 0.0449038 -0.0384158 9.18774
68013754 0 0.01 4.69998 32.9 0.102862 0.420511 36.1072 0.114191 0.462569 9.18774
68015433 0 0.01 4.69993 32.9 -0.0230326 0.28387 35.302 -0.0258567 0.302947 9.18774
68016636 0 0.01 4.7 32.9 -0.402935 -0.447024 6.37032 -0.0770266 -0.0841613 9.18774
69001439 0 0.01 4.7 32.9 0.229485 -0.0900201 4.61992 0.0317618 -0.0112773 9.17448
69003993 0 0.01 4.7 32.9 -0.466987 -0.0187259 36.7547 -0.522402 -0.0192987 9.17448
69004577 0 0.01 4.70001 32.9 -0.361407 0.0119148 22.1743 -0.241797 0.00916389 9.17448
69005194 0 0.01 4.69998 32.9 -0.408981 0.000396664 4.12303 -0.051832 -0.00303707 9.17448
69005566 0 0.01 4.7 32.9 0.118481 -0.200184 58.3688 0.207413 -0.353994 9.17448
69007493 0 0.01 4.7 32.9 -0.482448 0.149125 44.2735 -0.648282 0.200814 9.17448
69010151 0 0.01 4.7 32.9 0.383195 -0.24378 2.63426 0.0289968 -0.0143484 9.17448
69016834 0 0.01 4.69998 32.9 0.449321 -0.45487 45.9388 0.626989 -0.635034 9.17448
69016918 0 0.01 4.7 32.9 0.475281 -0.408454 2.84962 0.0427418 -0.0361374 9.17448
69017215 0 0.01 4.69998 32.9 -0.180014 -0.417069 25.5458 -0.140233 -0.324566 9.17448
69018654 0 0.01 4.69998 32.9 0.389232 -0.406307 6.48064 0.0753539 -0.0797431 9.17448
86005074 0 0.01 4.70004 32.9 0.329239 -0.465452 35.4685 0.355545 -0.501421 9.17869
86007426 0 0.01 4.69998 32.9 -0.1076 -0.171715 8.84271 -0.0281049 -0.0420479 9.17869
86008373 0 0.01 4.69999 32.9 -0.0359562 -0.478873 36.8808 -0.0414551 -0.53474 9.17869
86010825 0 0.01 4.7 32.9 -0.217034 0.425686 3.53433 -0.0203635 0.0517106 9.17869
86014283 0 0.01 4.7 32.9 0.0811597 -0.33342 7.76234 0.0164613 -0.0771445 9.17869
86020063 0 0.01 4.7 32.9 -0.406992 -0.256916 4.02275 -0.0487173 -0.0311647 9.17869
57000515 0 0.01 4.7 32.9 0.284808 0.329587 4.32917 0.0370873 0.0434768 9.20843
57001506 0 0.01 4.7 32.9 -0.311457 -0.219453 10.6845 -0.0983292 -0.0667966 9.20843
57003250 0 0.01 4.7 32.9 0.29421 0.460119 11.4375 0.101686 0.159361 9.20843
57003787 0 0.01 4.7 32.9 0.494737 0.395347 4.75094 0.0706998 0.0548224 9.20843
57004814 0 0.01 4.69998 32.9 0.394302 -0.334433 34.7932 0.418733 -0.35081 9.20843
57005646 0 0.01 4.7 32.9 -0.0349016 -0.3374 5.87557 -0.00635227 -0.0629532 9.20843
57005876 0 0.01 4.70009 32.9 0.00570269 0.0635044 9.32468 0.00134153 0.0177729 9.20843
57009188 0 0.01 4.69993 32.9 -0.176124 0.041342 34.3634 -0.183142 0.0431841 9.20843
57011861 0 0.01 4.70001 32.9 -0.327428 -0.37916 6.94277 -0.069941 -0.0804415 9.20843
57012826 0 0.01 4.7 32.9 0.235367 0.374865 4.34144 0.0303574 0.0484672 9.20843
57015350 0 0.01 4.7 32.9 0.288276 -0.185997 6.02627 0.0555515 -0.0341409 9.20843
57017575 0 0.01 4.70009 32.9 0.0689047 0.0431319 27.9319 0.0570423 0.0368726 9.20843
63000639 0 0.01 4.7004 32.9 -0.332846 0.460105 9.7065 -0.102138 0.13836 9.17639
63002874 0 0.01 4.7 32.9 0.362315 0.187001 13.1765 0.145145 0.0748951 9.17639
63004882 0 0.01 4.69978 32.9 0.293199 -0.0271149 18.0844 0.160354 -0.0158979 9.17639
63006213 0 0.01 4.7 32.9 -0.402013 0.00759033 14.1299 -0.17458 0.00100827 9.17639
63006430 0 0.01 4.7 32.9 0.380393 0.302886 6.47358 0.0755289 0.0634697 9.17639
63007531 0 0.01 4.7 32.9 -0.161968 -0.317262 4.0663 -0.0180271 -0.0398451 9.17639
63007553 0 0.01 4.70002 32.9 0.477297 -0.0900368 61.2742 0.88798 -0.165598 9.17639
63011082 0 0.01 4.69997 32.9 -0.168555 -0.237089 45.6216 -0.233699 -0.325977 9.17639
63013852 0 0.01 4.7 32.9 -0.0238786 0.181303 3.77738 -0.00247861 0.0206002 9.17639
63014216 0 0.01 4.69998 32.9 -0.0380156 -0.38466 21.1104 -0.0228446 -0.244924 9.17639
63018331 0 0.01 4.70004 32.9 0.19064 -0.139653 39.7757 0.229651 -0.168889 9.17639
67001666 0 0.01 4.69996 32.9 -0.270322 -0.239253 43.3938 -0.361137 -0.314588 9.21768
67003290 0 0.01 4.7 32.9 -0.391226 0.220896 4.81573 -0.0584701 0.033174 9.21768
67007378 0 0.01 4.7 32.9 0.229014 -0.422114 5.27848 0.0341135 -0.0713526 9.21768
67007662 0 0.01 4.7 32.9 0.0187377 -0.21094 5.2856 0.00269168 -0.0351679 9.21768
67007968 0 0.01 4.7 32.9 -0.266715 -0.205822 4.6623 -0.0376918 -0.0255432 9.21768
67012726 0 0.01 4.69998 32.9 -0.0757927 -0.0437316 21.7917 -0.0511258 -0.0289682 9.21768
67013473 0 0.01 4.70001 32.9 -0.135854 0.480523 43.5206 -0.178669 0.632475 9.21768
67014524 0 0.01 4.7 32.9 -0.0197082 -0.0905973 0.971632 -0.00775478 -0.00162221 9.21768
67014753 0 0.01 4.69993 32.9 -0.498849 -0.121101 3.53702 -0.0551782 -0.0110317 9.21768
67017858 0 0.01 4.70001 32.9 0.0645097 0.231698 2.0298 0.00403421 0.0156732 9.21768
2004650 0 0.01 4.7 32.9 -0.16066 -0.00199009 9.80443 -0.0457887 -0.00106291 9.18099
2009544 0 0.01 4.69998 32.9 0.249619 0.371505 36.9833 0.282677 0.417379 9.18099
2011254 0 0.01 4.7 32.9 -0.366898 -0.0969477 4.85465 -0.0565518 -0.0175424 9.18099
2011403 0 0.01 4.70001 32.9 0.107823 0.394824 15.7053 0.0518295 0.189072 9.18099
2012714 0 0.01 4.69993 32.9 0.487808 -0.0823306 54.6943 0.811168 -0.137889 9.18099
2013091 0 0.01 4.7 32.9 -0.14353 0.255776 6.07096 -0.0283964 0.048034 9.18099
2014403 0 0.01 4.7 32.9 0.425269 -0.447232 2.62135 0.0310713 -0.0342393 9.18099
2019336 0 0.01 4.69993 32.9 0.0232419 -0.117538 10.1061 0.00564011 -0.0342868 9.18099
83000926 0 0.01 4.69874 32.9 0.135656 0.0973939 8.97716 0.0398278 0.0263891 9.11397
83001590 0 0.01 4.70001 32.9 0.159714 0.438199 10.9372 0.0522402 0.147004 9.11397
83004153 0 0.01 4.7 32.9 0.0515238 0.275724 3.67148 0.00524655 0.0310943 9.11397
83006525 0 0.01 4.69998 32.9 0.0375384 -0.280209 58.772 0.0706655 -0.499682 9.11397
83012069 0 0.01 4.7 32.9 0.192497 0.0622469 2.38948 0.0144393 0.00075223 9.11397
83013415 0 0.01 4.7 32.9 0.106653 -0.215196 4.77648 0.0169263 -0.0286526 9.11397
83013520 0 0.01 4.70001 32.9 -0.189704 0.40972 45.376 -0.262513 0.562969 9.11397
83013883 0 0.01 4.69996 32.9 -0.321849 -0.334387 28.5612 -0.280747 -0.290609 9.11397
83014565 0 0.01 4.7 32.9 -0.453237 0.027333 1.97883 -0.030146 0.00426423 9.11397
83015406 0 0.01 4.69997 32.9 -0.0318834 0.0708436 45.2351 -0.0444656 0.0977779 9.11397
83016672 0 0.01 4.7 32.9 0.224507 -0.491102 7.88247 0.0542567 -0.116648 9.11397
83018997 0 0.01 4.70002 32.9 0.0265633 0.477174 18.6863 0.0146617 0.271225 9.11397
38001795 0 0.01 4.69998 32.9 -0.0888278 0.0699401 46.0869 -0.124816 0.0949257 9.21593
38002452 0 0.01 4.7 32.9 -0.433147 -0.0280036 20.4575 -0.268546 -0.0166194 9.21593
38005249 0 0.01 4.7 32.9 -0.148307 0.106984 5.14065 -0.024528 0.0167058 9.21593
38008183 0 0.01 4.7 32.9 0.45681 0.020628 3.91631 0.0540537 0.00375461 9.21593
38009583 0 0.01 4.7 32.9 -0.194413 0.215153 5.26305 -0.0319164 0.0365953 9.21593
38009703 0 0.01 4.7 32.9 0.430302 -0.486964 5.09614 0.063783 -0.0761825 9.21593
38010090 0 0.01 4.70001 32.9 -0.184084 -0.131601 4.63937 -0.026948 -0.0157808 9.21593
38011970 0 0.01 4.7 32.9 0.233347 -0.219611 45.0233 0.318628 -0.297092 9.21593
38012809 0 0.01 4.70002 32.9 -0.339895 0.425596 41.5399 -0.428944 0.537724 9.21593
38013269 0 0.01 4.7 32.9 -0.353256 0.274194 4.14844 -0.0462558 0.0363162 9.21593
38013421 0 0.01 4.70019 32.9 -0.0450851 -0.14239 47.7154 -0.0676077 -0.205929 9.21593
38013828 0 0.01 4.70004 32.9 -0.310659 -0.228166 37.6134 -0.354323 -0.260024 9.21593
38015348 0 0.01 4.69996 32.9 0.362029 -0.307482 17.5839 0.194197 -0.163604 9.21593
38019668 0 0.01 4.7 32.9 0.143369 -0.238842 12.5586 0.0549822 -0.0914788 9.21593
38020025 0 0.01 4.7 32.9 0.256467 -0.0852738 5.99622 0.0447702 -0.0187357 9.21593
27004488 0 0.01 4.70004 32.9 -0.363683 0.047382 6.0763 -0.0640356 0.00790683 9.22282
27010902 0 0.01 4.70004 32.9 0.163911 0.136427 43.0903 0.215856 0.179385 9.22282
27011840 0 0.01 4.7 32.9 0.168984 0.186501 4.24483 0.0215875 0.0235155 9.22282
27012489 0 0.01 4.7 32.9 0.346249 0.0863564 21.3035 0.223861 0.058689 9.22282
27013095 0 0.01 4.7 32.9 -0.240313 0.268433 3.77153 -0.0260158 0.0293266 9.22282
27015317 0 0.01 4.69998 32.9 0.400896 0.231703 43.9116 0.533943 0.311781 9.22282
27017890 0 0.01 4.70005 32.9 0.263859 0.222538 45.6175 0.365463 0.308208 9.22282
27018095 0 0.01 4.7 32.9 -0.319066 -0.130827 3.96477 -0.0400108 -0.015204 9.22282
27019128 0 0.01 4.7 32.9 -0.130416 0.0556384 6.39956 -0.0257112 0.0110097 9.22282
24000920 0 0.01 4.7 32.9 -0.0137393 0.359007 7.52801 -0.00401808 0.0837621 9.18603
24003456 0 0.01 4.7 32.9 -0.147434 -0.493407 3.65237 -0.0201066 -0.056058 9.18603
24003954 0 0.01 4.7 32.9 0.364609 0.200984 4.99725 0.0556498 0.0292145 9.18603
24009826 0 0.01 4.7 32.9 0.461699 -0.444671 36.6098 0.51487 -0.494468 9.18603
24010921 0 0.01 4.7 32.9 -0.497543 0.433143 9.32054 -0.141318 0.123639 9.18603
24011728 0 0.01 4.7 32.9 0.0322387 0.333527 4.71468 0.00458719 0.0499263 9.18603
24015673 0 0.01 4.7 32.9 -0.107439 -0.141098 3.37876 -0.0111506 -0.0114917 9.18603
24016956 0 0.01 4.7 32.9 0.306006 0.0256707 7.34115 0.0661368 0.0100588 9.18603
24017767 0 0.01 4.7 32.9 0.254195 -0.398424 2.84639 0.0241242 -0.0338544 9.18603
24017864 0 0.01 4.70004 32.9 0.00194079 0.340338 42.5557 0.00403552 0.439842 9.18603
24020235 0 0.01 4.7 32.9 0.20402 0.0721562 7.877 0.0470304 0.0169578 9.18603
25001427 0 0.01 4.7 32.9 0.154048 -0.163386 6.78038 0.0333162 -0.031501 9.16525
25003335 0 0.01 4.7 32.9 0.113987 -0.422649 8.01221 0.0288011 -0.103117 9.16525
25003574 0 0.01 4.69988 32.9 -0.306501 0.492896 24.1684 -0.223894 0.363373 9.16525
25007932 0 0.01 4.69999 32.9 -0.407032 -0.226917 46.874 -0.579329 -0.321567 9.16525
25008610 0 0.01 4.7 32.9 0.172488 -0.221294 3.92449 0.0175362 -0.0273132 9.16525
25013022 0 0.01 4.7 32.9 -0.000297298 -0.0561353 4.77311 -0.000714461 -0.00609708 9.16525
25013715 0 0.01 4.70002 32.9 -0.490045 -0.277772 44.8068 -0.666794 -0.37779 9.16525
25014348 0 0.01 4.7 32.9 0.44595 -0.0218091 14.5032 0.199946 -0.0108608 9.16525
20001006 0 0.01 4.69998 32.9 -0.0129228 0.382281 45.1981 -0.0171257 0.527103 9.21737
20001870 0 0.01 4.7 32.9 0.234814 -0.0690462 3.61387 0.0262858 -0.00791148 9.21737
20002661 0 0.01 4.69998 32.9 -0.455555 0.073056 23.9705 -0.328403 0.0525448 9.21737
20002900 0 0.01 4.7 32.9 -0.106929 0.289119 2.91348 -0.00877396 0.0289445 9.21737
20005767 0 0.01 4.7 32.9 -0.339319 -0.201955 5.39167 -0.0568128 -0.0301116 9.21737
20006536 0 0.01 4.69998 32.9 0.443159 -0.399889 56.4206 0.760752 -0.684332 9.21737
20007008 0 0.01 4.70002 32.9 -0.469835 -0.127293 44.3187 -0.628634 -0.16998 9.21737
20009518 0 0.01 4.7 32.9 0.162722 0.235808 5.63174 0.0278009 0.0408454 9.21737
20011050 0 0.01 4.69999 32.9 -0.194049 -0.471094 6.91891 -0.0392788 -0.0985949 9.21737
20016022 0 0.01 4.7 32.9 -0.271871 0.0929278 9.08813 -0.074978 0.0255431 9.21737
20018123 0 0.01 4.7 32.9 -0.366817 0.317445 1.6067 -0.022803 0.0184691 9.21737
20018192 0 0.01 4.70001 32.9 0.199446 -0.0027839 16.7761 0.100169 -0.00280625 9.21737
20019169 0 0.01 4.70001 32.9 -0.00996432 -0.235316 40.7001 -0.011775 -0.288847 9.21737
19001466 0 0.01 4.69998 32.9 0.234381 -0.146909 42.5362 0.305046 -0.187949 9.17882
19001598 0 0.01 4.7 32.9 0.361481 -0.235142 12.106 0.134006 -0.0859999 9.17882
19002061 0 0.01 4.7 32.9 0.429286 -0.0391962 8.31309 0.108641 -0.00833016 9.17882
19003928 0 0.01 4.7 32.9 0.382754 -0.00126928 1.90697 0.020074 -0.00315417 9.17882
19004979 0 0.01 4.70002 32.9 -0.0205866 0.330652 43.2475 -0.0273289 0.437542 9.17882
19006104 0 0.01 4.7 32.9 -0.231149 0.282023 6.39517 -0.0437238 0.0564054 9.17882
19007432 0 0.01 4.7 32.9 -0.00418411 -0.455255 10.6643 -0.000568256 -0.146973 9.17882
19007811 0 0.01 4.7 32.9 -0.481395 0.315185 5.26443 -0.0782513 0.0507489 9.17882
19007960 0 0.01 4.7 32.9 -0.369318 0.159259 33.5603 -0.376231 0.16224 9.17882
19016410 0 0.01 4.69998 32.9 -0.198265 -0.415299 45.332 -0.272978 -0.570375 9.17882
19016417 0 0.01 4.70002 32.9 0.0501314 -0.382487 17.9295 0.0280969 -0.207606 9.17882
19016634 0 0.01 4.69998 32.9 0.384287 -0.467007 42.7911 0.499416 -0.607438 9.17882
19017362 0 0.01 4.7 32.9 -0.0617342 0.237879 3.05115 -0.00493889 0.0235505 9.17882
19019281 0 0.01 4.7 32.9 -0.177284 0.252718 3.40746 -0.0213414 0.0292535 9.17882
19019878 0 0.01 4.7 32.9 0.056092 -0.372469 5.64156 0.0122318 -0.0633328 9.17882
22001239 0 0.01 4.7 32.9 0.133237 -0.197392 1.75431 0.00901321 -0.00848755 9.15943
22002666 0 0.01 4.7 32.9 0.450073 -0.428061 8.59638 0.119406 -0.11331 9.15943
22005786 0 0.01 4.7 32.9 0.434401 -0.0625909 6.16038 0.0815842 -0.00961384 9.15943
22006433 0 0.01 4.69998 32.9 0.201002 -0.0197769 44.7117 0.273928 -0.0254078 9.15943
22009661 0 0.01 4.69993 32.9 -0.0442884 0.335427 34.6666 -0.0472306 0.352313 9.15943
22011032 0 0.01 4.69978 32.9 0.458508 -0.259555 5.4904 0.0750956 -0.0401719 9.15943
22013714 0 0.01 4.69957 32.9 -0.318019 0.014888 21.9576 -0.209605 0.0085971 9.15943
22017277 0 0.01 4.69988 32.9 -0.211744 0.407151 25.2594 -0.163118 0.313584 9.15943
21001536 0 0.01 4.7 32.9 0.183318 0.0728386 5.0922 0.0244223 0.0141891 9.16644
21003298 0 0.01 4.7 32.9 -0.159224 -0.012342 9.81876 -0.0499084 -0.00297845 9.16644
21005130 0 0.01 4.69978 32.9 0.498411 -0.233836 18.4099 0.277589 -0.127416 9.16644
21005400 0 0.01 4.7 32.9 0.242562 -0.0676029 23.2544 0.169776 -0.0479757 9.16644
21012144 0 0.01 4.69998 32.9 0.140462 0.327765 34.2176 0.147706 0.339064 9.16644
21013434 0 0.01 4.69998 32.9 -0.182638 -0.476724 44.2525 -0.242434 -0.639223 9.16644
21014766 0 0.01 4.70009 32.9 -0.349036 0.0974687 34.3442 -0.365271 0.105287 9.16644
21016121 0 0.01 4.7 32.9 -0.104182 -0.199166 5.27496 -0.0183617 -0.02896 9.16644
21016488 0 0.01 4.7 32.9 0.361222 -0.0697793 3.6799 0.0420066 -0.0050316 9.16644
21018529 0 0.01 4.7 32.9 -0.259739 -0.240143 42.2483 -0.333216 -0.305768 9.16644
11003540 0 0.01 4.7 32.9 -0.313041 -0.325868 5.06186 -0.0458947 -0.0499953 9.21467
11004466 0 0.01 4.69998 32.9 0.383115 0.126038 57.6753 0.672748 0.221725 9.21467
11005945 0 0.01 4.7 32.9 0.198386 0.428337 36.0976 0.215596 0.467635 9.21467
11006819 0 0.01 4.7 32.9 -0.4187 0.029957 17.9924 -0.228978 0.0182333 9.21467
11007707 0 0.01 4.70001 32.9 0.40298 0.0540473 33.7399 0.413018 0.0557532 9.21467
11010038 0 0.01 4.69998 32.9 0.261779 -0.249765 32.7063 0.261758 -0.248369 9.21467
11010487 0 0.01 4.7 32.9 0.0496362 -0.340994 3.16038 0.00412121 -0.0325151 9.21467
11013666 0 0.01 4.69998 32.9 -0.0337659 0.325149 16.9587 -0.0165671 0.167914 9.21467
11015816 0 0.01 4.69978 32.9 0.199339 0.372687 9.98881 0.0597881 0.114048 9.21467
11016264 0 0.01 4.7 32.9 0.273562 0.386545 3.64989 0.0292553 0.0431756 9.21467
11016380 0 0.01 4.7 32.9 -0.213206 -0.291845 4.40619 -0.0292907 -0.0408457 9.21467
11018467 0 0.01 4.69957 32.9 -0.234919 0.307488 19.1166 -0.1363 0.17862 9.21467
11020261 0 0.01 4.7004 32.9 -0.218858 -0.360556 15.6432 -0.102597 -0.169454 9.21467
26002069 0 0.01 4.7 32.9 -0.305007 -0.0795761 4.08663 -0.0379897 -0.0080481 9.19096
26002883 0 0.01 4.69957 32.9 0.457436 0.243162 14.3208 0.199163 0.106715 9.19096
26006382 0 0.01 4.69998 32.9 -0.187701 -0.182313 31.6887 -0.18257 -0.176977 9.19096
26009398 0 0.01 4.69993 32.9 -0.112797 -0.0972736 39.1124 -0.134261 -0.116541 9.19096
26010214 0 0.01 4.69997 32.9 0.204876 0.310049 39.2458 0.244222 0.370448 9.19096
26011604 0 0.01 4.7 32.9 0.00301121 -0.154852 6.22991 0.000134783 -0.0285973 9.19096
26015408 0 0.01 4.7 32.9 -0.438496 0.270168 4.66339 -0.0645709 0.039279 9.19096
26018743 0 0.01 4.7 32.9 -0.49983 0.380408 11.6964 -0.176219 0.136909 9.19096
26018832 0 0.01 4.7 32.9 -0.386014 0.019208 2.55793 -0.0318719 0.00439692 9.19096
9000043 0 0.01 4.7 32.9 -0.21503 -0.0883656 2.72234 -0.0168378 -0.00598545 9.18754
9002249 0 0.01 4.69874 32.9 0.324055 -0.194162 8.13782 0.0798106 -0.0498511 9.18754
9002526 0 0.01 4.7 32.9 0.0318309 -0.210395 43.7533 0.042875 -0.277567 9.18754
9003413 0 0.01 4.70006 32.9 0.437588 0.250592 31.4667 0.417468 0.240594 9.18754
9004385 0 0.01 4.69957 32.9 0.495322 -0.39117 16.8385 0.253763 -0.201113 9.18754
9005404 0 0.01 4.7004 32.9 0.0931311 -0.0809975 22.2539 0.0625862 -0.051167 9.18754
9006914 0 0.01 4.69999 32.9 -0.0347574 -0.412477 43.614 -0.0459049 -0.547331 9.18754
9008983 0 0.01 4.7 32.9 0.490799 -0.459951 5.21107 0.0807327 -0.0723956 9.18754
9009562 0 0.01 4.7 32.9 0.0320065 -0.276726 6.90109 0.00633221 -0.0563591 9.18754
9011842 0 0.01 4.7 32.9 0.0547172 0.477887 6.90987 0.013136 0.0973383 9.18754
9014455 0 0.01 4.7 32.9 -0.377671 0.451393 4.33401 -0.0501301 0.0594472 9.18754
9015377 0 0.01 4.7 32.9 -0.0759762 0.462106 1.79637 -0.00589739 0.0225205 9.18754
9015522 0 0.01 4.70009 32.9 -0.0433288 0.213292 29.8785 -0.040388 0.193956 9.18754
9017356 0 0.01 4.7 32.9 0.418152 0.381259 42.4471 0.539541 0.493403 9.18754
9019556 0 0.01 4.7 32.9 -0.273499 -0.0216806 1.65462 -0.0108708 0.00786129 9.18754
23000142 0 0.01 4.69991 32.9 -0.263344 0.28221 41.9875 -0.33722 0.359762 9.18712
23001853 0 0.01 4.70001 32.9 0.398329 -0.405607 13.8403 0.1676 -0.168032 9.18712
23004586 0 0.01 4.69998 32.9 0.142445 0.361359 32.1166 0.139661 0.352421 9.18712
23005979 0 0.01 4.69999 32.9 -0.354987 0.259713 44.5877 -0.483396 0.353101 9.18712
23007548 0 0.01 4.7 32.9 -0.101285 -0.035636 2.23278 -0.00818101 0.00305287 9.18712
23007815 0 0.01 4.7 32.9 0.216313 0.391346 4.0576 0.0258796 0.047934 9.18712
23009390 0 0.01 4.7 32.9 -0.412746 -0.244761 3.18877 -0.0389504 -0.0219006 9.18712
23012494 0 0.01 4.70001 32.9 -0.177035 -0.096042 5.10152 -0.0296544 -0.0153087 9.18712
23012597 0 0.01 4.7 32.9 -0.447035 -0.0246708 2.26156 -0.0311313 -0.00388266 9.18712
23013902 0 0.01 4.7 32.9 -0.0939297 0.2932 5.55662 -0.0136696 0.052642 9.18712
23014771 0 0.01 4.7 32.9 -0.494216 0.246374 11.3843 -0.167535 0.0852737 9.18712
23014991 0 0.01 4.69998 32.9 -0.308403 0.370597 23.6541 -0.223183 0.267006 9.18712
23016302 0 0.01 4.7 32.9 0.307967 0.269973 3.7395 0.0342161 0.0325991 9.18712
15004110 0 0.01 4.70009 32.9 0.488704 0.476152 32.8062 0.486051 0.474743 9.18493
15004237 0 0.01 4.7 32.9 0.414323 -0.218816 3.89593 0.0491314 -0.0292856 9.18493
15007668 0 0.01 4.69998 32.9 0.252633 -0.478954 19.2449 0.14793 -0.279424 9.18493
15007979 0 0.01 4.70001 32.9 0.121915 0.399509 57.7604 0.213703 0.701539 9.18493
15008334 0 0.01 4.70001 32.9 0.271319 0.0980495 4.27195 0.036079 0.0117447 9.18493
15012974 0 0.01 4.7 32.9 -0.0437164 0.205804 3.20908 0.00296355 0.0137993 9.18493
15013269 0 0.01 4.70004 32.9 0.278644 0.0234239 38.6839 0.328173 0.0281363 9.18493
15014031 0 0.01 4.70002 32.9 0.336293 -0.259548 45.4794 0.464266 -0.35712 9.18493
15017131 0 0.01 4.7 32.9 -0.30399 -0.254724 1.81167 -0.0180151 -0.0127507 9.18493
15017933 0 0.01 4.7 32.9 -0.324325 -0.218997 6.41167 -0.062741 -0.0406149 9.18493
62000459 0 0.01 4.70001 32.9 0.00332948 0.334418 39.2476 0.00277187 0.396315 9.18153
62006291 0 0.01 4.7 32.9 0.0242815 0.406193 18.1879 0.0137364 0.224599 9.18153
62007229 0 0.01 4.7 32.9 0.476464 0.22259 4.45355 0.062784 0.027628 9.18153
62010178 0 0.01 4.7 32.9 -0.0866153 0.244125 4.60716 -0.0125272 0.0335763 9.18153
62015900 0 0.01 4.70001 32.9 0.0357414 0.0294721 8.42823 0.0105869 0.00758719 9.18153
62019141 0 0.01 4.70009 32.9 0.288997 0.424981 4.99266 0.042496 0.0690096 9.18153
62019379 0 0.01 4.7 32.9 -0.332098 0.167425 4.38225 -0.0433089 0.0205999 9.18153
61001357 0 0.01 4.7 32.9 -0.159023 0.101483 55.007 -0.264834 0.169985 9.17574
61005027 0 0.01 4.7 32.9 0.351442 0.490333 8.0287 0.0853721 0.118554 9.17574
61009482 0 0.01 4.7 32.9 0.00824871 0.134966 7.70576 0.00167247 0.0350806 9.17574
61010596 0 0.01 4.7 32.9 0.242123 0.292681 4.89672 0.0317623 0.0461747 9.17574
61012166 0 0.01 4.70002 32.9 0.402717 -0.0456008 40.7926 0.499818 -0.0565523 9.17574
61012927 0 0.01 4.70001 32.9 -0.110629 -0.255745 46.7704 -0.158313 -0.362175 9.17574
61013237 0 0.01 4.7 32.9 -0.269611 -0.122576 3.46556 -0.0309752 -0.0168242 9.17574
61014568 0 0.01 4.69998 32.9 -0.208219 -0.465859 42.4469 -0.268777 -0.599845 9.17574
61016460 0 0.01 4.7 32.9 -0.180092 0.46062 1.5197 -0.00517999 0.0242477 9.17574
61017007 0 0.01 4.69991 32.9 -0.2666 -0.428294 38.0667 -0.31109 -0.495268 9.17574
61018075 0 0.01 4.69998 32.9 0.493921 -0.254695 37.4312 0.560966 -0.289407 9.17574
54000072 0 0.01 4.69915 32.9 0.0670046 0.0503906 14.584 0.0280148 0.0238922 9.16931
54000822 0 0.01 4.69998 32.9 -0.183335 -0.382049 42.9204 -0.23807 -0.497692 9.16931
54002692 0 0.01 4.69998 32.9 -0.332844 0.161743 44.3718 -0.448746 0.217096 9.16931
54010060 0 0.01 4.7 32.9 0.141735 0.0422328 2.97175 0.0179493 0.00333015 9.16931
54011478 0 0.01 4.7004 32.9 0.15853 -0.488734 18.1385 0.084995 -0.270299 9.16931
54011543 0 0.01 4.7 32.9 -0.308311 -0.271 5.11569 -0.0462724 -0.0406918 9.16931
54011565 0 0.01 4.7 32.9 0.431788 -0.0227228 5.75498 0.0753633 -0.00340361 9.16931
54011578 0 0.01 4.70002 32.9 0.0250742 0.198468 7.56807 0.00723024 0.0453649 9.16931
54012736 0 0.01 4.7 32.9 -0.015585 -0.397212 8.35428 -0.00315484 -0.100744 9.16931
54013223 0 0.01 4.7 32.9 -0.27679 0.453102 14.463 -0.119109 0.198066 9.16931
54014986 0 0.01 4.69978 32.9 0.0607136 -0.118101 20.3883 0.0370448 -0.0725012 9.16931
54015250 0 0.01 4.7 32.9 -0.109075 0.440221 4.04802 -0.0155314 0.0548179 9.16931
54015704 0 0.01 4.70002 32.9 0.322439 0.109538 47.254 0.460743 0.156627 9.16931
54018369 0 0.01 4.7 32.9 -0.373644 -0.0113844 10.0345 -0.114752 -0.00110671 9.16931
54018374 0 0.01 4.69957 32.9 -0.0795645 0.268983 12.0737 -0.0295345 0.096857 9.16931
54018663 0 0.01 4.70003 32.9 -0.041593 0.230741 44.906 -0.0585696 0.31558 9.16931
54018783 0 0.01 4.7 32.9 -0.0255546 -0.358777 8.62653 -0.00587768 -0.0916248 9.16931
40000168 0 0.01 4.70006 32.9 -0.325774 -0.113542 40.9004 -0.404615 -0.140923 9.18012
40005061 0 0.01 4.7 32.9 0.411397 -0.387252 3.8167 0.0473061 -0.0450196 9.18012
40005544 0 0.01 4.7 32.9 0.400531 0.196711 4.76348 0.0591361 0.0300254 9.18012
40008008 0 0.01 4.69998 32.9 -0.468216 -0.118109 19.7428 -0.278777 -0.0709357 9.18012
40014884 0 0.01 4.70009 32.9 -0.306574 0.0174692 27.6173 -0.256468 0.0149914 9.18012
40016084 0 0.01 4.70002 32.9 -0.375254 0.492648 41.525 -0.473966 0.621944 9.18012
40017156 0 0.01 4.7 32.9 0.143183 -0.196008 6.14528 0.0270695 -0.0397945 9.18012
58000757 0 0.01 4.70006 32.9 -0.225895 -0.374694 23.0393 -0.160964 -0.262709 9.16273
58001039 0 0.01 4.69998 32.9 0.0355041 0.314637 42.6937 0.0448563 0.410569 9.16273
58005161 0 0.01 4.69998 32.9 -0.38258 -0.275344 44.3232 -0.514015 -0.369693 9.16273
58009886 0 0.01 4.69998 32.9 0.111974 0.178811 32.8007 0.112056 0.176587 9.16273
58010013 0 0.01 4.69998 32.9 0.0798954 -0.0723634 32.0283 0.0795981 -0.072431 9.16273
58011072 0 0.01 4.70014 32.9 -0.126488 0.471151 57.166 -0.21748 0.818566 9.16273
58012334 0 0.01 4.7 32.9 -0.435882 0.167506 14.1521 -0.18944 0.0719532 9.16273
58012410 0 0.01 4.7 32.9 0.0807954 -0.100319 4.39027 0.0114718 -0.0136239 9.16273
58016379 0 0.01 4.7 32.9 -0.41395 -0.0650693 5.06383 -0.0654581 -0.00990678 9.16273
58020040 0 0.01 4.7 32.9 -0.267263 0.453105 6.36497 -0.0536543 0.08973 9.16273
32005739 0 0.01 4.70004 32.9 0.267265 -0.048227 44.7745 0.361496 -0.065565 9.1975
32007184 0 0.01 4.70003 32.9 -0.280291 -0.402868 46.8142 -0.400133 -0.574167 9.1975
32008070 0 0.01 4.7 32.9 0.290322 0.308592 15.6796 0.137795 0.149196 9.1975
32009473 0 0.01 4.69998 32.9 -0.276837 0.33763 34.8732 -0.292402 0.358062 9.1975
32012227 0 0.01 4.70001 32.9 0.101389 -0.471997 36.7536 0.113193 -0.52897 9.1975
32014428 0 0.01 4.7004 32.9 0.197804 0.476454 18.8306 0.11325 0.270918 9.1975
66000416 0 0.01 4.7 32.9 -0.137135 0.330897 6.92013 -0.0281662 0.0701322 9.17434
66004234 0 0.01 4.7 32.9 0.187328 0.206527 3.10386 0.018148 0.0202002 9.17434
66004910 0 0.01 4.7 32.9 0.0754397 0.413149 5.95153 0.015372 0.0743337 9.17434
66006570 0 0.01 4.7 32.9 0.171986 0.130604 5.52812 0.0279874 0.0227118 9.17434
66008693 0 0.01 4.7 32.9 -0.309258 -0.117953 12.2505 -0.114108 -0.0452897 9.17434
66009664 0 0.01 4.7 32.9 -0.229775 0.166215 3.91548 -0.0292599 0.017309 9.17434
66018041 0 0.01 4.70123 32.9 -0.094158 -0.0285179 11.1698 -0.0322074 -0.00920992 9.17434
66020248 0 0.01 4.69993 32.9 0.168291 -0.0781096 29.2011 0.148443 -0.066225 9.17434
80005172 0 0.01 4.69999 32.9 0.425409 -0.0904171 44.345 0.573143 -0.120317 9.20115
80007207 0 0.01 4.7 32.9 -0.406382 0.153487 4.34801 -0.051926 0.0215896 9.20115
80009760 0 0.01 4.70004 32.9 -0.368372 -0.444864 6.67371 -0.0733812 -0.0919044 9.20115
80009802 0 0.01 4.7 32.9 0.482174 0.368463 3.89539 0.0566079 0.0417017 9.20115
80009804 0 0.01 4.69997 32.9 -0.211203 -0.0294453 44.1127 -0.284643 -0.0386369 9.20115
80016676 0 0.01 4.70029 32.9 -0.280357 -0.0207639 20.6474 -0.174694 -0.0141282 9.20115
80017175 0 0.01 4.7 32.9 0.0932278 -0.0459119 1.22542 0.00287917 -0.00212564 9.20115
1001368 0 0.01 4.7 32.9 -0.417798 0.434407 3.17311 -0.0381419 0.0402976 9.17912
1001909 0 0.01 4.69988 32.9 0.26957 0.448102 32.3901 0.263407 0.439734 9.17912
1003597 0 0.01 4.7 32.9 0.0270839 -0.136817 6.15381 0.0040538 -0.0260523 9.17912
1003767 0 0.01 4.7 32.9 -0.498713 0.281574 4.92897 -0.0761981 0.0411652 9.17912
1004973 0 0.01 4.70002 32.9 -0.329892 0.304384 5.55674 -0.0549678 0.0531874 9.17912
1006201 0 0.01 4.70004 32.9 -0.0694825 0.00558369 32.6135 -0.0667671 0.00554886 9.17912
1007295 0 0.01 4.7 32.9 0.311965 0.254099 4.91276 0.0439317 0.0385205 9.17912
1008023 0 0.01 4.7 32.9 -0.373036 -0.128972 45.0085 -0.51028 -0.175804 9.17912
1008908 0 0.01 4.7 32.9 0.362335 0.396628 8.7093 0.0955612 0.105593 9.17912
1010172 0 0.01 4.70081 32.9 0.416721 -0.0078588 18.8554 0.239705 -0.00204957 9.17912
1011307 0 0.01 4.69993 32.9 0.424312 -0.0648013 49.7918 0.64089 -0.0976554 9.17912
1012759 0 0.01 4.7 32.9 -0.230122 0.274775 4.24858 -0.0264557 0.036035 9.17912
1014431 0 0.01 4.7004 32.9 0.332444 -0.0381712 22.2053 0.224886 -0.0241953 9.17912
1015196 0 0.01 4.7 32.9 0.128275 -0.269352 4.24653 0.0167394 -0.033684 9.17912
1016383 0 0.01 4.69998 32.9 0.252137 -0.177314 27.7553 0.214384 -0.149315 9.17912
1017132 0 0.01 4.69998 32.9 0.324459 0.146055 41.3768 0.409489 0.184427 9.17912
1017782 0 0.01 4.7 32.9 -0.0694558 0.208459 13.7452 -0.0285454 0.0887016 9.17912
1019552 0 0.01 4.7 32.9 -0.411771 -0.165128 13.3077 -0.165624 -0.065164 9.17912
3000749 0 0.01 4.7004 32.9 0.447999 -0.293488 15.5783 0.215117 -0.136418 9.20148
3001447 0 0.01 4.69998 32.9 -0.304424 0.320772 39.0717 -0.361351 0.38254 9.20148
3007616 0 0.01 4.69999 32.9 0.0782966 0.212721 45.4605 0.109279 0.294762 9.20148
3013842 0 0.01 4.7 32.9 -0.287697 -0.167943 19.9698 -0.175617 -0.101668 9.20148
3015170 0 0.01 4.7 32.9 -0.0457442 -0.318811 8.92684 -0.0119496 -0.0824978 9.20148
3015828 0 0.01 4.7 32.9 0.394226 0.463368 1.64539 0.02427 0.0247232 9.20148
3019622 0 0.01 4.69996 32.9 -0.434825 0.187073 35.8724 -0.474577 0.202691 9.20148
3019695 0 0.01 4.7 32.9 0.114658 -0.142853 6.24565 0.0216518 -0.0285335 9.20148
18001129 0 0.01 4.7 32.9 -0.228959 0.25285 8.05496 -0.0570628 0.0626623 9.17723
18005199 0 0.01 4.7 32.9 0.382591 0.421176 5.59057 0.0668508 0.0697 9.17723
18006459 0 0.01 4.7 32.9 -0.344874 -0.271711 37.3693 -0.392792 -0.308985 9.17723
18009053 0 0.01 4.7 32.9 -0.3294 0.271629 6.33073 -0.0633888 0.0546386 9.17723
18009462 0 0.01 4.7 32.9 0.4761 -0.0982226 10.0545 0.148181 -0.0312233 9.17723
18010752 0 0.01 4.70004 32.9 -0.385581 0.405816 25.8551 -0.302547 0.318852 9.17723
18012291 0 0.01 4.7 32.9 0.204384 0.110766 5.14378 0.0331728 0.0171121 9.17723
18013544 0 0.01 4.7 32.9 0.256052 -0.441328 5.3738 0.041755 -0.0737104 9.17723
18015260 0 0.01 4.69998 32.9 -0.34541 -0.373383 44.2135 -0.465209 -0.500929 9.17723
18016015 0 0.01 4.70004 32.9 0.208679 0.398248 37.2829 0.237655 0.45335 9.17723
18016806 0 0.01 4.7 32.9 -0.126947 -0.495202 9.98432 -0.0401732 -0.149352 9.17723
18019921 0 0.01 4.70001 32.9 -0.452546 -0.324315 4.95717 -0.0669392 -0.0465617 9.17723
5008174 0 0.01 4.7 32.9 0.277845 0.188629 22.6786 0.191154 0.127615 9.17077
5010320 0 0.01 4.7 32.9 -0.368938 0.181819 3.39326 -0.0378946 0.0194594 9.17077
5010657 0 0.01 4.69999 32.9 0.183937 -0.290715 45.7208 0.254739 -0.40348 9.17077
5011284 0 0.01 4.7 32.9 -0.305895 -0.050169 7.08052 -0.0675047 -0.0102533 9.17077
5016888 0 0.01 4.70001 32.9 0.267917 -0.0510624 74.1536 0.606188 -0.116307 9.17077
5018205 0 0.01 4.69999 32.9 -0.46648 -0.256606 17.8015 -0.252618 -0.137192 9.17077
71002512 0 0.01 4.70001 32.9 -0.312325 -0.298493 26.232 -0.249405 -0.240389 9.18543
71004303 0 0.01 4.7 32.9 -0.298836 -0.327175 8.12073 -0.0723289 -0.07807 9.18543
71005811 0 0.01 4.70002 32.9 0.331899 -0.400839 40.3697 0.408367 -0.493433 9.18543
71010074 0 0.01 4.7 32.9 0.296084 0.456824 2.54309 0.022149 0.0337946 9.18543
71010542 0 0.01 4.69988 32.9 -0.0379499 -0.182208 25.5426 -0.0283063 -0.139498 9.18543
71011758 0 0.01 4.70005 32.9 0.03927 0.445433 6.9592 0.00733479 0.0940122 9.18543
71011844 0 0.01 4.70002 32.9 -0.127038 0.0896519 55.5592 -0.214441 0.152989 9.18543
71012328 0 0.01 4.7 32.9 -0.043202 0.246434 5.05047 -0.00633022 0.0334429 9.18543
71014120 0 0.01 4.69999 32.9 -0.280858 -0.460824 12.1952 -0.105246 -0.170343 9.18543
71014186 0 0.01 4.7 32.9 0.186583 -0.415389 4.50434 0.0242773 -0.0613952 9.18543
71017263 0 0.01 4.69998 32.9 -0.442264 -0.253207 22.8682 -0.308588 -0.173239 9.18543
71017501 0 0.01 4.7 32.9 0.408221 -0.285955 5.12828 0.0609623 -0.043399 9.18543
77002002 0 0.01 4.70006 32.9 -0.422258 -0.252241 38.8264 -0.499393 -0.296654 9.15396
77003732 0 0.01 4.7 32.9 -0.296353 0.207339 2.77741 -0.0230105 0.0206915 9.15396
77004294 0 0.01 4.7 32.9 0.1619 0.221429 5.84317 0.0308952 0.0386865 9.15396
77008834 0 0.01 4.70004 32.9 -0.133124 -0.226024 34.876 -0.141661 -0.237947 9.15396
77009256 0 0.01 4.7 32.9 0.126169 -0.486924 44.343 0.16979 -0.658413 9.15396
77011373 0 0.01 4.70004 32.9 0.303726 0.0176707 42.1315 0.389478 0.023473 9.15396
77014878 0 0.01 4.69998 32.9 -0.499468 0.0779451 2.95189 -0.0441482 0.004138 9.15396
77016203 0 0.01 4.70002 32.9 -0.197469 0.361738 66.7571 -0.401563 0.735254 9.15396
77016700 0 0.01 4.7 32.9 -0.370249 -0.438851 7.59 -0.0844753 -0.102454 9.15396
77019425 0 0.01 4.69998 32.9 -0.16364 0.215382 43.6848 -0.213801 0.285456 9.15396
76003480 0 0.01 4.69999 32.9 0.306481 -0.178596 56.8753 0.52999 -0.309747 9.2061
76009630 0 0.01 4.7 32.9 -0.273621 -0.195976 2.02073 -0.0177215 -0.0128609 9.2061
76014386 0 0.01 4.69983 32.9 0.324264 0.03471 34.1921 0.338765 0.0355732 9.2061
76019935 0 0.01 4.7 32.9 0.413015 0.200252 3.8981 0.0486213 0.0276301 9.2061
76020111 0 0.01 4.7 32.9 0.162356 0.189841 18.51 0.0930086 0.106778 9.2061
74001797 0 0.01 4.69957 32.9 0.311832 -0.24834 15.4121 0.148495 -0.115531 9.178
74009589 0 0.01 4.7 32.9 0.33534 0.357888 8.18761 0.0834438 0.0893962 9.178
74012086 0 0.01 4.7 32.9 0.00734528 -0.428876 65.2372 0.0141991 -0.849515 9.178
74012655 0 0.01 4.7 32.9 -0.0214658 0.477276 10.5682 -0.00431223 0.153906 9.178
74013547 0 0.01 4.7 32.9 -0.213829 0.167797 4.58695 -0.0319458 0.025005 9.178
74013753 0 0.01 4.7 32.9 0.00420551 0.234722 8.3978 0.00330545 0.0603202 9.178
74014086 0 0.01 4.7 32.9 0.424366 -0.375105 4.91978 0.0648138 -0.0559921 9.178
74014343 0 0.01 4.7 32.9 -0.219331 -0.167482 5.11757 -0.0335986 -0.0252878 9.178
74015062 0 0.01 4.69998 32.9 -0.429891 -0.297523 28.3817 -0.369401 -0.256585 9.178
74016007 0 0.01 4.70004 32.9 0.499399 0.0372844 40.8816 0.619497 0.0489975 9.178
74016291 0 0.01 4.70009 32.9 0.488847 -0.245335 38.0796 0.565353 -0.279593 9.178
74016879 0 0.01 4.7 32.9 -0.49357 0.344676 1.91251 -0.0347468 0.0189672 9.178
74018633 0 0.01 4.69998 32.9 -0.410339 -0.418782 45.2148 -0.564525 -0.574122 9.178
75001757 0 0.01 4.69998 32.9 -0.317478 -0.246408 30.2356 -0.292744 -0.225643 9.19898
75001766 0 0.01 4.70123 32.9 -0.440818 0.119179 10.1034 -0.136496 0.0380058 9.19898
75004464 0 0.01 4.7004 32.9 -0.436141 -0.090712 21.4765 -0.285303 -0.0586327 9.19898
75008039 0 0.01 4.69998 32.9 -0.449866 0.220292 39.2178 -0.536057 0.262731 9.19898
75008739 0 0.01 4.7 32.9 -0.208059 -0.189438 17.6241 -0.113243 -0.100693 9.19898
75011316 0 0.01 4.70002 32.9 0.495049 -0.139826 40.6346 0.613574 -0.171914 9.19898
75011815 0 0.01 4.7 32.9 -0.147574 -0.462238 5.60227 -0.0250915 -0.0804336 9.19898
75013497 0 0.01 4.7 32.9 0.216719 -0.373337 5.57952 0.0385377 -0.0595676 9.19898
75014246 0 0.01 4.7 32.9 0.171333 0.351348 5.55317 0.0311715 0.0606603 9.19898
75016761 0 0.01 4.7 32.9 -0.387571 0.251049 4.46625 -0.0527621 0.0388229 9.19898
75017266 0 0.01 4.7 32.9 0.376752 -0.280883 4.83432 0.0566053 -0.0393215 9.19898
75017627 0 0.01 4.70004 32.9 0.240286 -0.285001 37.7278 0.276704 -0.324458 9.19898
75017847 0 0.01 4.70003 32.9 -0.357883 0.166414 46.1399 -0.502183 0.234043 9.19898
75019341 0 0.01 4.70123 32.9 -0.0192786 0.165756 11.3702 -0.00713497 0.05646 9.19898
75019373 0 0.01 4.7 32.9 -0.453513 0.00434159 7.75228 -0.105468 0.000234952 9.19898
75019682 0 0.01 4.69996 32.9 0.417852 -0.126937 47.2399 0.601142 -0.180895 9.19898
72005245 0 0.01 4.7 32.9 0.375233 -0.0269227 44.1969 0.504694 -0.0347294 9.18933
72006066 0 0.01 4.69996 32.9 0.190786 -0.172164 37.0068 0.214823 -0.192857 9.18933
72008914 0 0.01 4.7 32.9 0.0568059 0.440061 4.74815 0.00960459 0.0634457 9.18933
72009090 0 0.01 4.7 32.9 0.051166 -0.248242 1.43041 0.0110678 -0.0132247 9.18933
72009823 0 0.01 4.7 32.9 0.405054 -0.338677 2.77674 0.036056 -0.0268239 9.18933
72009985 0 0.01 4.7 32.9 0.128318 -0.240641 3.73871 0.0125226 -0.029771 9.18933
72013540 0 0.01 4.7 32.9 -0.105916 0.332956 4.89359 -0.0149913 0.0522408 9.18933
72015296 0 0.01 4.7 32.9 0.0366952 0.0504628 11.742 0.0143532 0.0193792 9.18933
72015454 0 0.01 4.7 32.9 -0.154554 0.0838582 5.49714 -0.0249088 0.0106917 9.18933
72016125 0 0.01 4.7 32.9 0.0673111 0.413479 9.48652 0.0210877 0.11972 9.18933
72017264 0 0.01 4.7 32.9 -0.312659 -0.24091 3.23533 -0.0323791 -0.0241716 9.18933
72019960 0 0.01 4.69998 32.9 -0.187592 0.00987729 20.7569 -0.11776 0.00646202 9.18933
60000848 0 0.01 4.7 32.9 0.386738 -0.322437 1.82226 0.0213381 -0.0119359 9.18615
60003757 0 0.01 4.7 32.9 0.159009 0.00183689 2.42189 0.0175228 -0.00356167 9.18615
60005134 0 0.01 4.7 32.9 0.296072 0.10278 7.295 0.0670744 0.020995 9.18615
60005170 0 0.01 4.7 32.9 -0.0280852 0.435265 9.91899 -0.00808393 0.130453 9.18615
60005541 0 0.01 4.7 32.9 0.149566 0.264754 9.68598 0.0430732 0.0790027 9.18615
60006584 0 0.01 4.7 32.9 -0.480188 -0.432089 18.4019 -0.267313 -0.239761 9.18615
60010490 0 0.01 4.7 32.9 -0.0159412 0.0737004 1.09196 -0.00342627 0.00137411 9.18615
60012669 0 0.01 4.70002 32.9 -0.411583 -0.181937 38.6142 -0.480656 -0.2121 9.18615
60013093 0 0.01 4.7 32.9 0.0585097 -0.347283 4.1688 0.00922705 -0.0438214 9.18615
60014543 0 0.01 4.7 32.9 -0.28357 -0.324232 4.80902 -0.043108 -0.0460319 9.18615
60016604 0 0.01 4.70004 32.9 0.4204 -0.00314325 49.1699 0.627466 -0.00386888 9.18615
17002411 0 0.01 4.7 32.9 -0.122727 0.485992 3.05356 -0.0165938 0.0445843 9.1686
17002924 0 0.01 4.7 32.9 -0.0828343 0.253442 1.24447 -0.00765438 0.00429799 9.1686
17007306 0 0.01 4.69998 32.9 0.48274 0.0476331 14.0815 0.207116 0.0215477 9.1686
17007421 0 0.01 4.7 32.9 0.235681 0.47097 10.888 0.0770466 0.15648 9.1686
17010382 0 0.01 4.7 32.9 0.0761366 -0.0592891 8.03774 0.0190267 -0.0113115 9.1686
17010793 0 0.01 4.7 32.9 -0.198594 0.460146 1.54947 -0.00970015 0.0153998 9.1686
17012510 0 0.01 4.7 32.9 -0.314629 0.498603 7.65065 -0.0758236 0.118409 9.1686
17015209 0 0.01 4.7 32.9 -0.185235 0.325761 11.4358 -0.0642817 0.113186 9.1686
17019106 0 0.01 4.7 32.9 0.00179052 -0.155815 6.01692 0.000789699 -0.0259935 9.1686
65002317 0 0.01 4.70001 32.9 -0.469082 0.396184 36.3194 -0.519598 0.437874 9.16104
65003038 0 0.01 4.7 32.9 0.290593 -0.111893 4.56354 0.0390544 -0.0145201 9.16104
65003635 0 0.01 4.7 32.9 0.252926 -0.206539 4.76854 0.0379345 -0.0283518 9.16104
65005856 0 0.01 4.70009 32.9 -0.315113 -0.0635486 32.4679 -0.312739 -0.0609255 9.16104
65007368 0 0.01 4.7 32.9 0.418515 0.486947 0.48293 0.0103713 -0.00275459 9.16104
65008300 0 0.01 4.70001 32.9 0.356045 -0.371045 40.4618 0.438423 -0.455326 9.16104
65008846 0 0.01 4.69996 32.9 0.0840384 -0.360755 5.72864 0.0151301 -0.0633634 9.16104
65009244 0 0.01 4.69998 32.9 0.348077 0.0193993 55.7079 0.586959 0.0350116 9.16104
65009792 0 0.01 4.69999 32.9 0.129959 -0.257773 33.958 0.131147 -0.265845 9.16104
65010927 0 0.01 4.7 32.9 -0.161799 -0.139621 14.6728 -0.0731973 -0.0605248 9.16104
65011653 0 0.01 4.70004 32.9 -0.157699 -0.000765343 33.3913 -0.160913 -0.000432561 9.16104
65014339 0 0.01 4.69998 32.9 -0.345801 0.197733 25.3739 -0.266858 0.152951 9.16104
65016757 0 0.01 4.7 32.9 0.299985 0.235516 3.22983 0.0256383 0.026159 9.16104
65017601 0 0.01 4.7 32.9 0.186089 -0.198192 7.01968 0.0430265 -0.0425704 9.16104
56003409 0 0.01 4.70001 32.9 0.397939 -0.033718 7.29984 0.0863849 -0.00614287 9.17105
56004144 0 0.01 4.7 32.9 0.233241 -0.212963 18.3886 0.130575 -0.117763 9.17105
56004999 0 0.01 4.7 32.9 -0.460946 -0.0036014 4.79769 -0.0659418 8.7681e-05 9.17105
56006810 0 0.01 4.70004 32.9 0.106001 -0.496603 49.4864 0.158394 -0.745041 9.17105
56009975 0 0.01 4.69998 32.9 0.201567 0.330002 36.9733 0.226435 0.370689 9.17105
56011016 0 0.01 4.7 32.9 0.12536 0.0918995 29.2573 0.112609 0.0824717 9.17105
56013399 0 0.01 4.7 32.9 0.316025 0.355761 1.29268 0.0130196 0.0184888 9.17105
56016707 0 0.01 4.69978 32.9 -0.108953 0.32905 34.5113 -0.114502 0.346189 9.17105
56017182 0 0.01 4.7 32.9 0.423193 0.133379 4.73876 0.0615997 0.0199892 9.17105
56017491 0 0.01 4.70001 32.9 0.302354 0.0434971 45.3852 0.41718 0.0598437 9.17105
56018439 0 0.01 4.7 32.9 -0.0280498 0.425309 1.93456 -0.000997385 0.0239013 9.17105
56018703 0 0.01 4.69998 32.9 0.112515 0.406521 21.3895 0.0750969 0.264082 9.17105
56019399 0 0.01 4.7 32.9 0.134585 0.213384 3.62559 0.0134073 0.0228917 9.17105
55001320 0 0.01 4.70002 32.9 -0.009432 0.33576 45.7498 -0.0108338 0.4676 9.19501
55004226 0 0.01 4.69998 32.9 -0.105379 -0.203618 31.4046 -0.101629 -0.194456 9.19501
55007525 0 0.01 4.7 32.9 -0.273814 -0.165031 6.43843 -0.0500522 -0.0312468 9.19501
55008076 0 0.01 4.7 32.9 0.00125865 -0.335765 12.5662 0.000504628 -0.126045 9.19501
55010792 0 0.01 4.7 32.9 0.0333517 -0.0955179 5.29153 0.00615752 -0.0129502 9.19501
55016739 0 0.01 4.69978 32.9 -0.375847 0.206818 31.0856 -0.354237 0.197275 9.19501
55017693 0 0.01 4.7 32.9 0.337949 0.470394 7.23011 0.0729586 0.101971 9.19501
55018730 0 0.01 4.7 32.9 0.101604 0.373019 9.07573 0.0264367 0.102346 9.19501
53001881 0 0.01 4.7 32.9 -0.338729 -0.448112 6.45108 -0.0652581 -0.0884628 9.2103
53001931 0 0.01 4.69999 32.9 0.375234 -0.0722276 16.1352 0.184336 -0.035531 9.2103
53002659 0 0.01 4.7 32.9 0.290243 0.215973 15.8534 0.138357 0.103845 9.2103
53003054 0 0.01 4.69998 32.9 -0.465761 -0.499385 42.8895 -0.606432 -0.651135 9.2103
53003964 0 0.01 4.70002 32.9 -0.30652 0.252683 38.3089 -0.356248 0.295243 9.2103
53007916 0 0.01 4.70001 32.9 -0.0190623 -0.333546 43.6907 -0.0245211 -0.44248 9.2103
53011477 0 0.01 4.69993 32.9 0.386369 0.0269608 39.7973 0.468765 0.0341751 9.2103
53018814 0 0.01 4.70004 32.9 -0.0192138 -0.352641 39.7913 -0.0214219 -0.426202 9.2103
53018831 0 0.01 4.70001 32.9 0.377493 -0.122996 67.2111 0.771616 -0.251802 9.2103
53019197 0 0.01 4.70001 32.9 -0.263667 0.201973 27.7321 -0.22164 0.172459 9.2103
53019313 0 0.01 4.70001 32.9 0.397047 -0.30987 26.97 0.32517 -0.254087 9.2103
52000379 0 0.01 4.69957 32.9 0.0336568 0.0621993 54.5464 0.0553809 0.104282 9.1837
52009665 0 0.01 4.69996 32.9 0.145044 0.402959 42.6205 0.188915 0.521548 9.1837
52010198 0 0.01 4.70001 32.9 0.314873 -0.0546459 12.5003 0.118734 -0.0212805 9.1837
52011195 0 0.01 4.70004 32.9 0.185373 0.0267697 39.5569 0.222756 0.0331085 9.1837
52012443 0 0.01 4.7 32.9 -0.384923 -0.449042 7.67936 -0.0897266 -0.102931 9.1837
52014190 0 0.01 4.7 32.9 -0.301907 -0.37396 1.48155 -0.0139092 -0.0159256 9.1837
52015333 0 0.01 4.7 32.9 -0.110943 0.457786 5.54906 -0.0184321 0.0792669 9.1837
52016066 0 0.01 4.70004 32.9 -0.107028 -0.396249 40.5828 -0.132078 -0.489266 9.1837
52016306 0 0.01 4.7 32.9 -0.302528 0.171667 45.3989 -0.41821 0.238595 9.1837
52017989 0 0.01 4.7 32.9 -0.237147 -0.168936 5.86673 -0.0452624 -0.0260257 9.1837
52019964 0 0.01 4.70003 32.9 -0.255832 -0.180453 43.6524 -0.342073 -0.235382 9.1837
51000621 0 0.01 4.69998 32.9 0.00987292 -0.206623 41.0779 0.0140536 -0.257036 9.18832
51003958 0 0.01 4.70001 32.9 0.287034 -0.232099 40.1449 0.351427 -0.280337 9.18832
51004466 0 0.01 4.70002 32.9 -0.114387 -0.445302 4.87915 -0.0182498 -0.0638771 9.18832
51004614 0 0.01 4.7 32.9 -0.311893 -0.118139 15.6788 -0.149311 -0.0566999 9.18832
51004826 0 0.01 4.7 32.9 -0.162944 0.0850873 1.64343 0.0040057 0.00452481 9.18832
51005234 0 0.01 4.7 32.9 0.00557274 -0.127361 11.8049 0.00271229 -0.0454023 9.18832
51005501 0 0.01 4.7 32.9 0.40497 0.384702 5.38484 0.0659435 0.064672 9.18832
51005790 0 0.01 4.7 32.9 -0.276871 0.132255 4.7844 -0.0383324 0.0174137 9.18832
51007775 0 0.01 4.70004 32.9 -0.369387 0.2237 42.4529 -0.477704 0.290234 9.18832
51009981 0 0.01 4.69998 32.9 -0.139423 0.250788 6.33979 -0.0246826 0.0471504 9.18832
51012628 0 0.01 4.7004 32.9 0.105063 -0.055554 25.3542 0.0835322 -0.0417423 9.18832
51017534 0 0.01 4.7 32.9 -0.220505 -0.355641 21.2794 -0.143776 -0.227943 9.18832
51018122 0 0.01 4.7 32.9 0.161765 -0.0937215 4.32917 0.0206488 -0.0121019 9.18832
51018946 0 0.01 4.69998 32.9 -0.304764 -0.160322 38.5133 -0.358878 -0.187361 9.18832
50001302 0 0.01 4.7 32.9 -0.483313 0.0416798 43.7266 -0.643164 0.0571509 9.17457
50003203 0 0.01 4.7 32.9 -0.129584 0.192453 1.2214 -0.00467671 0.0100823 9.17457
50003371 0 0.01 4.69997 32.9 -0.306327 -0.34042 62.1472 -0.576444 -0.642919 9.17457
50006295 0 0.01 4.70001 32.9 0.151278 -0.411233 33.3093 0.152701 -0.417685 9.17457
50007425 0 0.01 4.69998 32.9 0.339216 -0.411103 42.7277 0.439364 -0.533018 9.17457
50017233 0 0.01 4.70001 32.9 0.113451 0.0707044 45.9031 0.157763 0.100142 9.17457
50017531 0 0.01 4.70005 32.9 -0.296934 -0.191527 2.90841 -0.0248628 -0.0149255 9.17457
50018398 0 0.01 4.7 32.9 -0.44864 0.446428 3.42239 -0.0466354 0.0484065 9.17457
49000689 0 0.01 4.70001 32.9 -0.325137 0.104953 45.3391 -0.445212 0.145278 9.1935
49012676 0 0.01 4.7004 32.9 -0.111662 -0.34452 15.6803 -0.0544472 -0.165567 9.1935
49014106 0 0.01 4.7 32.9 -0.308675 -0.218962 8.25829 -0.0792228 -0.0520987 9.1935
31003214 0 0.01 4.7 32.9 -0.199858 -0.142662 5.45565 -0.0348425 -0.0238612 9.17921
31003701 0 0.01 4.70009 32.9 0.312564 -0.0780182 33.5441 0.317872 -0.0782228 9.17921
31016090 0 0.01 4.7 32.9 0.151201 0.321432 6.80827 0.031796 0.0661017 9.17921
31019983 0 0.01 4.69998 32.9 -0.0325257 0.0294658 35.9918 -0.0347274 0.0335321 9.17921
99000285 0 0.01 4.7 32.9 0.204565 0.317255 5.88525 0.0366103 0.0582285 9.21014
99000944 0 0.01 4.70009 32.9 0.459065 0.107051 33.2073 0.464647 0.107237 9.21014
99001143 0 0.01 4.7 32.9 0.1265 0.35415 13.8209 0.0536069 0.150483 9.21014
99005488 0 0.01 4.69998 32.9 0.0124969 -0.300823 12.2624 0.00526078 -0.110323 9.21014
99006679 0 0.01 4.7 32.9 0.179748 0.0425646 5.06055 0.0280169 0.0088797 9.21014
99007211 0 0.01 4.69998 32.9 0.272291 0.310602 13.656 0.113688 0.127979 9.21014
99007609 0 0.01 4.69997 32.9 -0.332112 -0.35066 13.096 -0.133781 -0.137766 9.21014
99008037 0 0.01 4.7 32.9 0.455969 -0.130122 5.13032 0.0706345 -0.0215785 9.21014
99008670 0 0.01 4.70004 32.9 -0.30337 -0.427326 37.1247 -0.344507 -0.482513 9.21014
99010962 0 0.01 4.7 32.9 -0.288148 -0.364732 8.44511 -0.071199 -0.0946321 9.21014
99016099 0 0.01 4.69957 32.9 0.0156785 -0.106649 22.8487 0.00922449 -0.0756212 9.21014
46000384 0 0.01 4.70009 32.9 -0.376494 -0.213402 28.8939 -0.329816 -0.187353 9.19432
46002152 0 0.01 4.7 32.9 -0.175615 -0.252251 2.26797 -0.00766977 -0.0220291 9.19432
46002974 0 0.01 4.70001 32.9 0.0668592 -0.372999 4.24096 0.0101469 -0.047195 9.19432
46005174 0 0.01 4.70004 32.9 0.444317 0.0387775 63.5123 0.856586 0.0741879 9.19432
46006050 0 0.01 4.7 32.9 0.384123 0.103848 2.31412 0.0252469 0.00767278 9.19432
46006483 0 0.01 4.70019 32.9 -0.274943 0.469994 35.9255 -0.297769 0.514075 9.19432
46008749 0 0.01 4.7 32.9 -0.0139774 0.0219554 2.33675 -1.69922e-05 0.00454876 9.19432
46008830 0 0.01 4.7 32.9 0.360455 -0.357041 8.62593 0.0942209 -0.0928307 9.19432
46009647 0 0.01 4.7 32.9 0.000239372 0.241716 7.95132 0.00130001 0.0572414 9.19432
46011962 0 0.01 4.69997 32.9 -0.410176 0.436161 42.6578 -0.529336 0.566372 9.19432
46013423 0 0.01 4.69999 32.9 -0.439228 -0.24107 104.704 -1.39787 -0.767658 9.19432
46013823 0 0.01 4.69997 32.9 0.16887 -0.438646 45.6097 0.234979 -0.603475 9.19432
46018921 0 0.01 4.7 32.9 -0.118966 0.300496 1.71845 -0.0145878 0.0193174 9.19432
46019117 0 0.01 4.69998 32.9 -0.0682005 -0.0529096 32.6619 -0.0672323 -0.0494001 9.19432
87000575 0 0.01 4.70004 32.9 0.391303 -0.298256 31.0432 0.366967 -0.282101 9.15861
87002523 0 0.01 4.70001 32.9 -0.353745 0.367664 25.3714 -0.27357 0.283554 9.15861
87002662 0 0.01 4.69998 32.9 -0.0262477 0.272907 31.5887 -0.0252613 0.261545 9.15861
87005116 0 0.01 4.7 32.9 -0.32578 -0.497223 42.7623 -0.42171 -0.644664 9.15861
87005527 0 0.01 4.69988 32.9 -0.433895 0.330967 33.4636 -0.441869 0.337859 9.15861
87006978 0 0.01 4.7 32.9 0.464934 -0.23444 2.86145 0.0445726 -0.0205278 9.15861
87007136 0 0.01 4.69999 32.9 -0.478082 0.368565 34.3803 -0.501018 0.38624 9.15861
87013204 0 0.01 4.7 32.9 -0.453709 -0.190272 7.51753 -0.103046 -0.0426039 9.15861
87017064 0 0.01 4.69998 32.9 -0.0137828 0.425898 43.7848 -0.0166642 0.56439 9.15861
87019397 0 0.01 4.70001 32.9 0.352909 -0.212303 10.613 0.10931 -0.0682527 9.15861
87019455 0 0.01 4.69998 32.9 -0.208219 -0.240368 25.1796 -0.159062 -0.181524 9.15861
87019999 0 0.01 4.7 32.9 -0.124323 -0.489829 3.36351 -0.0119455 -0.0438943 9.15861
47000036 0 0.01 4.7 32.9 0.00243692 0.0432457 2.13883 0.0076766 0.0034401 9.16487
47003367 0 0.01 4.7 32.9 0.476173 0.11896 3.75202 0.0503986 0.0103295 9.16487
47004910 0 0.01 4.70001 32.9 -0.0673196 -0.466451 21.0597 -0.0444242 -0.296507 9.16487
47005210 0 0.01 4.70001 32.9 -0.222254 -0.338548 16.7351 -0.113148 -0.172301 9.16487
47006223 0 0.01 4.7 32.9 -0.391687 0.150119 5.16879 -0.0629544 0.0231542 9.16487
47006285 0 0.01 4.70001 32.9 -0.448947 -0.409361 45.501 -0.619688 -0.564662 9.16487
47006970 0 0.01 4.7 32.9 -0.106741 0.363765 2.64278 -0.00951478 0.0347735 9.16487
47007762 0 0.01 4.7 32.9 0.213328 -0.202919 11.0272 0.0710894 -0.0681539 9.16487
47007915 0 0.01 4.7 32.9 0.464875 0.252552 41.2183 0.58165 0.318668 9.16487
47008582 0 0.01 4.7 32.9 -0.41291 0.0816222 7.14289 -0.0917373 0.0214049 9.16487
47013120 0 0.01 4.7004 32.9 0.0587704 -0.442054 6.0602 0.0108969 -0.0813964 9.16487
47013156 0 0.01 4.7 32.9 -0.317252 -0.424256 1.12779 0.00254256 -0.0166314 9.16487
47014010 0 0.01 4.7 32.9 0.125 -0.369473 39.3177 0.147199 -0.44204 9.16487
47015265 0 0.01 4.7 32.9 0.0847745 -0.49507 4.5873 0.0111448 -0.0677627 9.16487
47015601 0 0.01 4.7 32.9 -0.19983 -0.293188 5.41803 -0.0329661 -0.0479632 9.16487
47017205 0 0.01 4.7 32.9 -0.226645 -0.379615 1.64922 -0.0119369 -0.0188994 9.16487
47017511 0 0.01 4.7 32.9 0.272418 0.350533 43.5826 0.361377 0.467323 9.16487
47017577 0 0.01 4.7 32.9 -0.00320409 -0.451455 6.43504 0.000983383 -0.0880885 9.16487
41000534 0 0.01 4.69978 32.9 0.0238659 0.247666 7.52014 0.00676346 0.0566553 9.17715
41001688 0 0.01 4.70009 32.9 0.0909099 0.238328 30.8168 0.085061 0.221229 9.17715
41012156 0 0.01 4.69997 32.9 0.0491794 -0.0696047 41.6856 0.0631168 -0.0886566 9.17715
41012555 0 0.01 4.69998 32.9 0.287676 -0.476107 32.1544 0.280035 -0.465416 9.17715
41016764 0 0.01 4.7 32.9 -0.110588 -0.422644 6.28724 -0.0240691 -0.0802861 9.17715
41019914 0 0.01 4.7 32.9 -0.20329 0.000455906 16.8087 -0.102389 -0.00113882 9.17715
79000541 0 0.01 4.69998 32.9 0.22927 0.256414 50.4011 0.352187 0.39211 9.2204
79000905 0 0.01 4.70002 32.9 -0.0731397 0.272598 45.4802 -0.100722 0.378051 9.2204
79001489 0 0.01 4.7 32.9 -0.152941 0.253652 3.58767 -0.013421 0.0261633 9.2204
79003351 0 0.01 4.69998 32.9 0.294349 -0.227547 3.81466 0.0351674 -0.0264778 9.2204
79005542 0 0.01 4.70004 32.9 -0.149417 0.199182 3.04195 -0.0139436 0.0142352 9.2204
79006395 0 0.01 4.7 32.9 -0.485959 0.245437 37.4791 -0.554434 0.280605 9.2204
79006966 0 0.01 4.7 32.9 0.398372 -0.23881 4.7575 0.0565529 -0.0303531 9.2204
79009601 0 0.01 4.70004 32.9 -0.294432 -0.1653 41.184 -0.36732 -0.206297 9.2204
79011565 0 0.01 4.69998 32.9 -0.000900542 -0.10812 17.6521 -0.000543962 -0.0571701 9.2204
79011598 0 0.01 4.70006 32.9 -0.0574545 0.168647 1.96961 -0.00306032 0.00483675 9.2204
79012135 0 0.01 4.7 32.9 0.182874 0.328491 5.87944 0.0316075 0.0592937 9.2204
79012407 0 0.01 4.7 32.9 -0.270522 -0.0112301 1.62604 -0.00973245 0.000733451 9.2204
79015966 0 0.01 4.7 32.9 0.441398 0.242378 45.0987 0.602904 0.335054 9.2204
79016599 0 0.01 4.70004 32.9 -0.112946 0.0484267 41.8086 -0.14339 0.0612084 9.2204
79016765 0 0.01 4.69996 32.9 -0.399926 -0.275896 7.83784 -0.0971245 -0.0669568 9.2204
73000042 0 0.01 4.7 32.9 -0.00754476 -0.184802 2.71452 0.00174829 -0.014066 9.16559
73000341 0 0.01 4.69993 32.9 -0.00999531 -0.000146213 22.0292 -0.00675955 4.61429e-05 9.16559
73002163 0 0.01 4.7 32.9 -0.468415 -0.480504 10.1355 -0.142997 -0.147252 9.16559
73002465 0 0.01 4.7 32.9 -0.449401 -0.0101857 4.78151 -0.0659745 -0.000607475 9.16559
73007852 0 0.01 4.70009 32.9 0.068914 0.162396 3.26214 0.00469335 0.0192819 9.16559
73011972 0 0.01 4.7 32.9 -0.0131542 0.486522 13.5061 -0.0049192 0.201336 9.16559
73013869 0 0.01 4.7 32.9 0.0245763 0.345033 45.6012 0.0361382 0.478791 9.16559
73016256 0 0.01 4.7 32.9 0.250124 -0.30595 6.20409 0.0459244 -0.0580491 9.16559
73017470 0 0.01 4.7 32.9 0.129873 0.424261 3.20079 0.0121075 0.0379849 9.16559
73017732 0 0.01 4.7004 32.9 0.383778 0.179962 16.0182 0.186458 0.0874729 9.16559
73019659 0 0.01 4.70001 32.9 0.415326 -0.317403 67.6717 0.854243 -0.652695 9.16559
78001473 0 0.01 4.69997 32.9 -0.15694 -0.19999 43.0977 -0.206702 -0.263255 9.18629
78001669 0 0.01 4.69993 32.9 -0.196614 -0.00391988 36.4034 -0.216182 -0.00308276 9.18629
78003076 0 0.01 4.70002 32.9 -0.0662245 0.225413 29.985 -0.0564514 0.208257 9.18629
78005293 0 0.01 4.69998 32.9 0.260211 0.452214 25.7436 0.202921 0.354974 9.18629
78009560 0 0.01 4.7 32.9 0.0557685 -0.147495 11.8487 0.0211365 -0.0526883 9.18629
78010964 0 0.01 4.7 32.9 0.358532 -0.400879 4.06953 0.0417938 -0.047536 9.18629
78011346 0 0.01 4.70002 32.9 -0.314127 -0.263995 33.4156 -0.320508 -0.266103 9.18629
78012112 0 0.01 4.7 32.9 0.27048 0.241502 11.608 0.0931892 0.0853908 9.18629
78012745 0 0.01 4.7 32.9 -0.043197 0.0293412 6.69328 -0.00948415 0.00752633 9.18629
78012864 0 0.01 4.69998 32.9 -0.223255 0.248604 34.9656 -0.237171 0.267916 9.18629
78014559 0 0.01 4.7 32.9 -0.0927976 -0.499171 6.68575 -0.0167504 -0.099993 9.18629
78018950 0 0.01 4.69997 32.9 -0.421091 0.459213 43.0119 -0.55069 0.601264 9.18629
78019609 0 0.01 4.7 32.9 -0.192601 0.251632 10.1574 -0.0609356 0.0780298 9.18629
78020071 0 0.01 4.7 32.9 0.258796 0.313622 5.27046 0.0401638 0.0523783 9.18629
30000268 0 0.01 4.70004 32.9 -0.366492 -0.453347 31.7357 -0.355846 -0.436319 9.16522
30001284 0 0.01 4.69999 32.9 -0.376756 -0.0301606 21.8621 -0.25095 -0.0198914 9.16522
30003109 0 0.01 4.7 32.9 -0.109161 0.115491 5.47071 -0.0146594 0.020461 9.16522
30008084 0 0.01 4.7 32.9 -0.127094 0.200437 9.89046 -0.0387886 0.0589715 9.16522
30008475 0 0.01 4.7 32.9 -0.42799 -0.270818 5.118 -0.070479 -0.0419261 9.16522
30009560 0 0.01 4.7 32.9 -0.0187484 0.406397 5.33927 -0.00156815 0.066187 9.16522
30010899 0 0.01 4.69998 32.9 0.191637 0.30893 39.8656 0.232168 0.375904 9.16522
30012202 0 0.01 4.69993 32.9 -0.352917 -0.0397557 37.3563 -0.398223 -0.0447503 9.16522
30015795 0 0.01 4.7 32.9 0.31691 -0.278294 6.69627 0.06635 -0.0572498 9.16522
30015842 0 0.01 4.7 32.9 -0.347884 0.427375 2.66373 -0.0282795 0.0344548 9.16522
30016036 0 0.01 4.70004 32.9 0.0961936 0.186728 31.9695 0.0933559 0.183135 9.16522
30017574 0 0.01 4.7 32.9 -0.490212 -0.404522 8.48421 -0.127034 -0.103851 9.16522
30018540 0 0.01 4.70004 32.9 -0.348445 -0.253023 40.1574 -0.42481 -0.308992 9.16522
30019043 0 0.01 4.7 32.9 0.158638 -0.0189728 12.7708 0.0610669 -0.0081486 9.16522
30019081 0 0.01 4.69998 32.9 -0.472755 0.0414559 53.2936 -0.764534 0.0675784 9.16522
29002332 0 0.01 4.70372 32.9 -0.311234 0.23609 67.2435 -0.634945 0.482915 9.18634
29003417 0 0.01 4.70001 32.9 -0.394692 -0.28186 49.8207 -0.59931 -0.426669 9.18634
29003746 0 0.01 4.69957 32.9 0.44781 0.143398 18.6018 0.253953 0.079655 9.18634
29004287 0 0.01 4.69998 32.9 0.0814752 -0.335494 41.907 0.10562 -0.424887 9.18634
29004363 0 0.01 4.7 32.9 0.164113 0.192958 3.21154 0.0157372 0.0196534 9.18634
29007137 0 0.01 4.7 32.9 -0.0555208 -0.145902 2.44648 -0.00189069 -0.015145 9.18634
29007615 0 0.01 4.7 32.9 0.0671264 0.0591723 2.89567 0.00587202 0.00923193 9.18634
29007994 0 0.01 4.7 32.9 0.301185 0.270771 3.3743 0.0286599 0.0341796 9.18634
29009008 0 0.01 4.69997 32.9 0.243871 0.00170825 41.1925 0.304706 0.00215835 9.18634
29010011 0 0.01 4.7 32.9 0.31372 0.0118156 4.5273 0.046169 0.00283479 9.18634
29012170 0 0.01 4.70009 32.9 0.292465 -0.0814143 33.6971 0.300837 -0.0818404 9.18634
29013362 0 0.01 4.7 32.9 -0.0425543 -0.126774 13.7911 -0.0162058 -0.0561487 9.18634
29015371 0 0.01 4.7 32.9 0.0620006 -0.377245 3.94012 0.00921198 -0.0452016 9.18634
29016671 0 0.01 4.70704 32.9 -0.148859 -0.251044 12.2631 -0.0575438 -0.0935803 9.18634
29019420 0 0.01 4.69998 32.9 -0.455179 0.252094 23.2969 -0.322789 0.181455 9.18634
16003979 0 0.01 4.7 32.9 0.344388 -0.330041 1.40314 0.012647 -0.0117781 9.19557
16004152 0 0.01 4.7 32.9 0.296828 0.486096 3.83667 0.030987 0.0557881 9.19557
16004389 0 0.01 4.7 32.9 -0.401547 0.199423 4.22614 -0.0501137 0.026644 9.19557
16004980 0 0.01 4.69998 32.9 -0.2601 0.47095 34.1554 -0.268976 0.490009 9.19557
16007752 0 0.01 4.7 32.9 -0.0463608 -0.216739 17.5353 -0.0238733 -0.115829 9.19557
16009887 0 0.01 4.7 32.9 -0.0310875 0.357408 1.82019 0.00329245 0.0178053 9.19557
16015247 0 0.01 4.7 32.9 0.0995612 0.267632 12.8592 0.0373219 0.106557 9.19557
16018145 0 0.01 4.7 32.9 0.341851 -0.315463 4.4916 0.0444744 -0.0446266 9.19557
16018891 0 0.01 4.7 32.9 0.173035 0.184703 6.9247 0.0326328 0.0395322 9.19557
16019666 0 0.01 4.7 32.9 -0.0748256 0.439469 3.61022 -0.00738799 0.0502976 9.19557
14000630 0 0.01 4.69998 32.9 -0.0858151 0.327789 51.8127 -0.133978 0.518411 9.21062
14006170 0 0.01 4.7 32.9 0.270747 0.454814 4.39173 0.0340211 0.0627253 9.21062
14006183 0 0.01 4.69999 32.9 0.157374 -0.23573 43.0054 0.206769 -0.304465 9.21062
14007844 0 0.01 4.70206 32.9 0.0878571 0.147678 24.9103 0.0671807 0.112682 9.21062
14008783 0 0.01 4.69988 32.9 0.122042 0.333583 33.649 0.124881 0.341929 9.21062
14010193 0 0.01 4.7 32.9 -0.288036 -0.383189 49.3235 -0.433785 -0.572693 9.21062
14010566 0 0.01 4.7 32.9 0.374745 -0.215395 4.72927 0.0535281 -0.0305611 9.21062
14011153 0 0.01 4.7 32.9 -0.40899 0.496471 7.84132 -0.097564 0.119694 9.21062
14013873 0 0.01 4.70002 32.9 -0.226484 -0.15181 44.5199 -0.307725 -0.203465 9.21062
14014636 0 0.01 4.70009 32.9 0.244558 0.479471 4.1152 0.0308977 0.0591518 9.21062
14017965 0 0.01 4.7 32.9 0.0529139 0.388967 2.20025 0.000552705 0.0287983 9.21062
14018112 0 0.01 4.7 32.9 -0.221009 0.281746 4.00169 -0.0283051 0.0341029 9.21062
14018830 0 0.01 4.7 32.9 -0.139598 -0.400215 3.70276 -0.0174785 -0.0439883 9.21062
13000480 0 0.01 4.7 32.9 -0.366072 0.460861 2.98748 -0.0332147 0.0427868 9.21589
13001256 0 0.01 4.70001 32.9 -0.0732563 0.125598 61.6543 -0.13737 0.235801 9.21589
13001283 0 0.01 4.69957 32.9 0.42071 -0.48638 18.7891 0.237754 -0.277002 9.21589
13003564 0 0.01 4.70006 32.9 0.345217 0.0847927 32.2587 0.337189 0.0840186 9.21589
13004365 0 0.01 4.7 32.9 -0.0129249 0.14722 5.69231 -0.00339153 0.0237238 9.21589
13006671 0 0.01 4.7 32.9 -0.0971915 0.0520955 3.4824 -0.00769579 0.00563645 9.21589
13011613 0 0.01 4.7 32.9 -0.219395 -0.180265 3.2509 -0.0220184 -0.0200716 9.21589
13011672 0 0.01 4.69997 32.9 0.249798 0.310159 59.5457 0.45159 0.563637 9.21589
13016628 0 0.01 4.7 32.9 -0.432515 -0.203959 52.0526 -0.68493 -0.321209 9.21589
13017052 0 0.01 4.7 32.9 0.365919 -0.0757435 2.25398 0.0255002 0.00454456 9.21589
13017172 0 0.01 4.7 32.9 0.250007 -0.403181 11.7108 0.0893907 -0.143671 9.21589
13019802 0 0.01 4.69988 32.9 -0.391921 -0.0101947 34.4446 -0.409675 -0.00988869 9.21589
12002463 0 0.01 4.69978 32.9 -0.0741574 -0.0256324 18.6698 -0.0414101 -0.0150533 9.1852
12003116 0 0.01 4.70002 32.9 0.378903 -0.494894 31.6951 0.366408 -0.479376 9.1852
12003922 0 0.01 4.69999 32.9 -0.241242 0.0196436 45.0648 -0.332354 0.0296394 9.1852
12004410 0 0.01 4.7004 32.9 0.225183 -0.313293 7.4929 0.0499573 -0.0713384 9.1852
12007555 0 0.01 4.69978 32.9 -0.200069 -0.299295 26.1111 -0.156438 -0.236806 9.1852
12007898 0 0.01 4.69988 32.9 -0.031647 0.0893071 19.436 -0.0181362 0.0520087 9.1852
12008091 0 0.01 4.7 32.9 0.47433 -0.411739 40.2703 0.580766 -0.504713 9.1852
12008184 0 0.01 4.70002 32.9 -0.276009 -0.126566 39.558 -0.330752 -0.152683 9.1852
12010466 0 0.01 4.70002 32.9 0.015802 0.278142 44.0145 0.0235431 0.374584 9.1852
12013379 0 0.01 4.7 32.9 -0.0529155 0.258165 1.6975 0.00136846 0.00976654 9.1852
12016156 0 0.01 4.69998 32.9 0.335232 -0.363124 18.364 0.188078 -0.202713 9.1852
12016950 0 0.01 4.7 32.9 -0.286898 -0.231561 4.80531 -0.0449941 -0.0324932 9.1852
85004587 0 0.01 4.70001 32.9 -0.471152 -0.3256 51.3577 -0.734382 -0.507361 9.19812
85005531 0 0.01 4.7 32.9 0.158078 0.422807 7.11809 0.0329277 0.0921801 9.19812
85006368 0 0.01 4.69993 32.9 -0.192416 -0.373912 38.1089 -0.225713 -0.431124 9.19812
85006623 0 0.01 4.7 32.9 -0.16073 -0.193962 6.03201 -0.0301941 -0.0350928 9.19812
85008041 0 0.01 4.69998 32.9 -0.4157 -0.309087 21.3078 -0.268685 -0.197543 9.19812
85011137 0 0.01 4.7 32.9 0.0652698 -0.438617 33.6088 0.0667922 -0.446533 9.19812
85017608 0 0.01 4.7 32.9 -0.200734 0.408094 13.6468 -0.0837817 0.171954 9.19812
85017781 0 0.01 4.7 32.9 0.282316 0.372567 8.09804 0.0723064 0.0928884 9.19812
85017965 0 0.01 4.69988 32.9 0.366561 0.0429717 7.73684 0.0852858 0.0104993 9.19812
85018375 0 0.01 4.7 32.9 0.222624 -0.496036 4.56064 0.0295911 -0.0659967 9.19812
10000025 0 0.01 4.7 32.9 0.377504 0.21088 2.13115 0.027778 0.0154445 9.22003
10003064 0 0.01 4.7 32.9 0.437366 0.0602455 1.52572 0.0197114 0.00713171 9.22003
10005850 0 0.01 4.69998 32.9 -0.391072 0.49661 20.4415 -0.243032 0.309765 9.22003
10006422 0 0.01 4.69996 32.9 -0.0246938 0.330127 64.4779 -0.047674 0.64852 9.22003
10007781 0 0.01 4.69999 32.9 -0.0473705 0.44885 36.0198 -0.0502546 0.493845 9.22003
10009022 0 0.01 4.70001 32.9 0.360745 -0.329935 29.0777 0.317026 -0.290039 9.22003
10009362 0 0.01 4.7 32.9 -0.0209214 -0.214102 7.58352 -0.000823446 -0.0477347 9.22003
10010497 0 0.01 4.69989 32.9 0.321453 -0.441964 22.3527 0.217716 -0.299999 9.22003
10013755 0 0.01 4.7 32.9 0.284818 -0.011509 6.35783 0.0559768 -0.000156677 9.22003
10017879 0 0.01 4.7 32.9 0.414313 -0.24522 1.18079 0.0062234 -0.00596032 9.22003
10019216 0 0.01 4.7 32.9 0.377341 0.345309 6.68744 0.0748445 0.0715339 9.22003
1070 0 0.01 4.7 32.9 0.146742 -0.144907 17.1021 0.0754454 -0.0735399 9.19188
1174 0 0.01 4.7 32.9 0.0462149 0.373684 9.94486 0.0144439 0.113587 9.19188
1325 0 0.01 4.7 32.9 0.39353 -0.360169 4.698 0.0562335 -0.0493255 9.19188
1477 0 0.01 4.70004 32.9 0.430808 0.344374 35.6827 0.46805 0.373837 9.19188
4809 0 0.01 4.7 32.9 0.455654 0.0370432 0.962521 0.0155555 -0.00584304 9.19188
5050 0 0.01 4.70004 32.9 0.0822184 -0.353209 38.5089 0.0985415 -0.410736 9.19188
5409 0 0.01 4.7 32.9 0.063873 -0.221721 8.79092 0.0169003 -0.060136 9.19188
5477 0 0.01 4.70009 32.9 -0.0291841 -0.464005 36.4317 -0.0312172 -0.512793 9.19188
5504 0 0.01 4.70206 32.9 0.479015 -0.172175 9.11687 0.131416 -0.0468845 9.19188
8337 0 0.01 4.7 32.9 -0.0119634 0.0633572 8.64185 -0.00336569 0.0187387 9.19188
8884 0 0.01 4.69998 32.9 0.127221 -0.388512 41.0434 0.159203 -0.484879 9.19188
11822 0 0.01 4.70004 32.9 0.211221 -0.336757 3.37165 0.0222261 -0.0298267 9.19188
15324 0 0.01 4.7 32.9 0.0820407 -0.0505875 1.23953 0.00815762 0.00503948 9.19188
16009 0 0.01 4.7 32.9 0.0356518 0.43658 4.52857 0.00410371 0.0621837 9.19188
16525 0 0.01 4.69998 32.9 -0.494792 -0.23248 26.1704 -0.390157 -0.182473 9.19188
17701 0 0.01 4.7 32.9 -0.0756298 0.0880994 3.11587 -0.0090012 0.00821955 9.19188
19157 0 0.01 4.70001 32.9 -0.0671205 -0.27714 39.2891 -0.0782746 -0.329473 9.19188
70000820 0 0.01 4.7 32.9 -0.066101 0.307134 13.505 -0.0264538 0.12544 9.17462
70002180 0 0.01 4.7 32.9 -0.0150009 -0.468935 2.96317 0.00110215 -0.0408261 9.17462
70007544 0 0.01 4.7 32.9 0.0804334 -0.48849 7.29143 0.0182167 -0.109511 9.17462
70008460 0 0.01 4.7 32.9 -0.309784 -0.0275367 4.46316 -0.0441254 -0.000367872 9.17462
70008947 0 0.01 4.7 32.9 0.0359914 -0.28416 15.7383 0.0176232 -0.135953 9.17462
70009536 0 0.01 4.69998 32.9 0.485615 0.321909 45.8425 0.678447 0.44981 9.17462
70016728 0 0.01 4.70081 32.9 -0.331258 0.161075 20.2513 -0.203087 0.0992662 9.17462
70017677 0 0.01 4.69998 32.9 -0.000774711 0.0665888 41.6588 0.00178333 0.0833656 9.17462
98000535 0 0.01 4.69978 32.9 -0.114317 0.000591116 18.3007 -0.0642525 0.00278564 9.18555
98000856 0 0.01 4.7 32.9 -0.0621189 -0.310732 4.37402 -0.0112381 -0.0424903 9.18555
98004252 0 0.01 4.7 32.9 0.27896 0.428112 15.609 0.132261 0.203201 9.18555
98013766 0 0.01 4.7 32.9 -0.202008 -0.112427 1.46432 -0.00918537 -0.00202404 9.18555
98014558 0 0.01 4.69998 32.9 0.384561 -0.0395567 16.2812 0.187076 -0.0183604 9.18555
98015172 0 0.01 4.69998 32.9 -0.223874 -0.449066 29.013 -0.197693 -0.392028 9.18555
98016518 0 0.01 4.7 32.9 -0.408414 0.346512 5.95593 -0.0748349 0.0636057 9.18555
98017108 0 0.01 4.69988 32.9 0.461124 0.0978327 30.6628 0.431423 0.091086 9.18555
98017504 0 0.01 4.70004 32.9 -0.219558 -0.0911928 41.2932 -0.275095 -0.114574 9.18555
98017689 0 0.01 4.7 32.9 -0.385263 0.301466 2.70748 -0.0347714 0.0299659 9.18555
98018084 0 0.01 4.7 32.9 -0.355973 0.463039 2.76713 -0.0275331 0.0415095 9.18555
98019146 0 0.01 4.69998 32.9 -0.490556 0.41473 42.8514 -0.638882 0.541698 9.18555
8000660 0 0.01 4.7 32.9 -0.100487 -0.288293 3.40641 -0.00926445 -0.0308285 9.20882
8001006 0 0.01 4.69998 32.9 0.128241 -0.122569 7.28379 0.0297226 -0.0262132 9.20882
8002279 0 0.01 4.7 32.9 -0.395265 0.00859017 44.0501 -0.528063 0.00963072 9.20882
8003761 0 0.01 4.69998 32.9 -0.455607 0.126818 38.8138 -0.537127 0.147518 9.20882
8004738 0 0.01 4.69998 32.9 -0.239806 -0.371957 43.2256 -0.315236 -0.487668 9.20882
8005662 0 0.01 4.7 32.9 0.0182713 -0.115531 3.42708 0.00633157 -0.013942 9.20882
8005960 0 0.01 4.7 32.9 0.000293579 -0.415689 3.08823 0.000640949 -0.0423597 9.20882
8013416 0 0.01 4.7 32.9 -0.0903834 -0.282118 11.5223 -0.0339816 -0.0977713 9.20882
8014965 0 0.01 4.70002 32.9 0.452705 0.404665 6.76471 0.0938205 0.0866939 9.20882
8015324 0 0.01 4.69998 32.9 0.32681 0.155533 33.5853 0.334889 0.161553 9.20882
8016694 0 0.01 4.70013 32.9 0.409698 0.150735 22.3827 0.278002 0.10318 9.20882
8020071 0 0.01 4.7 32.9 -0.288537 -0.0717122 6.76104 -0.0607549 -0.0172593 9.20882
96002678 0 0.01 4.7 32.9 -0.109447 -0.44202 10.4085 -0.0342209 -0.139625 9.16908
96005853 0 0.01 4.7 32.9 0.221867 -0.315912 15.3523 0.102916 -0.148756 9.16908
96008809 0 0.01 4.7 32.9 0.17778 0.00374773 4.80452 0.0270594 -5.38556e-05 9.16908
96010432 0 0.01 4.7 32.9 -0.215358 -0.476284 1.30318 -0.00762529 -0.0203536 9.16908
96011760 0 0.01 4.69998 32.9 -0.432889 -0.220932 55.923 -0.736757 -0.373663 9.16908
96015113 0 0.01 4.7 32.9 -0.340157 0.00406538 2.09913 -0.0238313 0.000197518 9.16908
96019901 0 0.01 4.69997 32.9 0.483615 -0.148464 44.5217 0.656359 -0.203153 9.16908
96020025 0 0.01 4.69998 32.9 -0.302226 -0.415809 38.331 -0.353702 -0.48624 9.16908
97003012 0 0.01 4.7 32.9 0.0729137 -0.183699 7.7145 0.0190326 -0.0414104 9.1641
97004652 0 0.01 4.7 32.9 -0.432146 0.105804 7.58272 -0.0989223 0.0272445 9.1641
97005031 0 0.01 4.69957 32.9 -0.151374 -0.149019 18.7138 -0.0882396 -0.0842556 9.1641
97008751 0 0.01 4.69998 32.9 0.354537 0.0393468 37.7649 0.405732 0.0462014 9.1641
97008997 0 0.01 4.70004 32.9 -0.0744696 0.398086 27.9936 -0.0648701 0.338961 9.1641
97010102 0 0.01 4.7 32.9 -0.340111 -0.357236 40.5879 -0.419462 -0.439935 9.1641
97015428 0 0.01 4.70001 32.9 0.335085 0.0752427 43.713 0.443288 0.102158 9.1641
97016111 0 0.01 4.7 32.9 -0.229284 0.188176 2.12561 -0.0138737 0.0136198 9.1641
97019176 0 0.01 4.7 32.9 0.174207 0.109877 4.20868 0.022082 0.0170197 9.1641
97019230 0 0.01 4.69999 32.9 0.0109557 0.0264748 44.4883 0.0137906 0.035495 9.1641
97019320 0 0.01 4.7 32.9 -0.355017 -0.482287 3.68951 -0.0402796 -0.056378 9.1641
97020128 0 0.01 4.7 32.9 0.0615022 -0.26177 44.596 0.0836659 -0.352976 9.1641
94008801 0 0.01 4.7 32.9 0.110961 -0.338926 9.53069 0.0334916 -0.0964433 9.17367
94008985 0 0.01 4.7 32.9 0.253206 -0.243526 10.167 0.0759022 -0.0731796 9.17367
94009386 0 0.01 4.7 32.9 0.436103 0.0997591 15.6247 0.207423 0.0503419 9.17367
94010781 0 0.01 4.7 32.9 -0.228929 -0.0752367 3.15316 -0.0192026 -0.0071795 9.17367
94011156 0 0.01 4.7 32.9 -0.211453 0.0448088 6.11023 -0.0366226 0.0071389 9.17367
94011647 0 0.01 4.70019 32.9 0.163603 0.0987929 28.6929 0.143824 0.087932 9.17367
94012656 0 0.01 4.7 32.9 0.449822 0.0896546 4.24891 0.0574238 0.0110718 9.17367
94014980 0 0.01 4.70019 32.9 0.434241 -0.1206 11.1489 0.148829 -0.041099 9.17367
94015147 0 0.01 4.70019 32.9 0.0624298 0.323512 16.31 0.02927 0.16094 9.17367
94015304 0 0.01 4.7 32.9 0.324933 -0.385837 5.20665 0.052821 -0.0618386 9.17367
94018477 0 0.01 4.7 32.9 0.269003 -0.094207 45.1816 0.370357 -0.126763 9.17367
94019401 0 0.01 4.7 32.9 0.465193 -0.349448 3.09047 0.0389501 -0.0339492 9.17367
95000194 0 0.01 4.69998 32.9 -0.401088 0.37945 39.3949 -0.482703 0.456902 9.18697
95003382 0 0.01 4.69957 32.9 -0.306043 0.349072 10.9111 -0.100428 0.115019 9.18697
95003697 0 0.01 4.7 32.9 -0.0248358 0.0821328 22.3451 -0.0196238 0.0550665 9.18697
95005120 0 0.01 4.7 32.9 -0.0916359 0.0451352 3.30136 -0.00823249 0.0067806 9.18697
95005295 0 0.01 4.7 32.9 0.0366187 0.338002 3.1419 0.0041483 0.0345284 9.18697
95005329 0 0.01 4.69998 32.9 0.126094 0.148335 26.3751 0.100768 0.120105 9.18697
95005783 0 0.01 4.7 32.9 0.0249606 -0.105762 6.18956 0.00303948 -0.0189066 9.18697
95006278 0 0.01 4.70001 32.9 0.142173 -0.386134 4.22915 0.0176658 -0.0516465 9.18697
95006911 0 0.01 4.70002 32.9 -0.149139 -0.0233682 38.9743 -0.176083 -0.0246079 9.18697
95008416 0 0.01 4.7 32.9 0.179318 0.0273074 4.26286 0.0207563 0.00358079 9.18697
95012502 0 0.01 4.70001 32.9 0.0145255 -0.146519 22.8357 0.010897 -0.102271 9.18697
95012505 0 0.01 4.69999 32.9 -0.451786 0.412126 28.0902 -0.388293 0.350864 9.18697
7000636 0 0.01 4.7004 32.9 -0.454348 -0.381926 17.7113 -0.244413 -0.206896 9.18002
7001447 0 0.01 4.69978 32.9 0.27292 -0.182555 34.2781 0.282812 -0.188485 9.18002
7002765 0 0.01 4.7 32.9 0.22022 -0.169879 5.8871 0.0428317 -0.0294483 9.18002
7003259 0 0.01 4.7 32.9 -0.157978 0.488752 5.95739 -0.0290588 0.0903664 9.18002
7003945 0 0.01 4.7 32.9 0.2523 0.157418 8.38843 0.0635571 0.042272 9.18002
7004983 0 0.01 4.69998 32.9 -0.294251 0.131675 32.3554 -0.290492 0.129781 9.18002
7006614 0 0.01 4.7 32.9 0.381513 0.417217 4.14351 0.0463351 0.0510557 9.18002
7007960 0 0.01 4.70002 32.9 0.287101 0.0615121 45.6167 0.397628 0.0843679 9.18002
7012706 0 0.01 4.7 32.9 0.2963 -0.00426535 4.01178 0.0369526 -0.00157843 9.18002
7013654 0 0.01 4.70001 32.9 -0.318465 -0.311292 27.9298 -0.265906 -0.265786 9.18002
7014606 0 0.01 4.7 32.9 -0.232604 0.216585 17.9079 -0.12789 0.116678 9.18002
7015934 0 0.01 4.7 32.9 0.437686 -0.176318 8.97816 0.118413 -0.0455953 9.18002
7019054 0 0.01 4.7 32.9 -0.482415 0.16086 3.71619 -0.0541956 0.0173504 9.18002
88000779 0 0.01 4.69998 32.9 0.0833134 -0.229026 23.643 0.0595368 -0.163164 9.16597
88001069 0 0.01 4.7 32.9 -0.0655217 -0.0100265 6.90041 -0.0145861 -0.000815865 9.16597
88003772 0 0.01 4.7 32.9 0.0819583 -0.171285 12.4648 0.0327487 -0.0631501 9.16597
88005041 0 0.01 4.7 32.9 0.250658 0.293928 3.99567 0.0314181 0.0341682 9.16597
88007128 0 0.01 4.7 32.9 -0.125224 0.341533 2.02604 -0.0089196 0.0213138 9.16597
88007172 0 0.01 4.7004 32.9 -0.439637 0.40377 8.48283 -0.110889 0.106003 9.16597
88009633 0 0.01 4.7 32.9 -0.16778 -0.150625 4.53931 -0.0222993 -0.0216959 9.16597
88010428 0 0.01 4.70002 32.9 -0.120909 0.230064 52.2793 -0.190328 0.366471 9.16597
88010533 0 0.01 4.69998 32.9 -0.485308 0.254026 30.9383 -0.456551 0.239788 9.16597
88010919 0 0.01 4.7 32.9 -0.222179 0.0574896 4.52013 -0.0297657 0.00990582 9.16597
88011095 0 0.01 4.69997 32.9 -0.419663 0.389801 40.5034 -0.51768 0.4817 9.16597
88014446 0 0.01 4.7 32.9 -0.198842 -0.314576 9.58027 -0.0569909 -0.0910289 9.16597
88019064 0 0.01 4.69998 32.9 -0.322313 -0.0890021 39.6802 -0.389428 -0.105507 9.16597
88019347 0 0.01 4.69998 32.9 -0.144727 0.322673 17.9815 -0.0785088 0.175608 9.16597
88019612 0 0.01 4.69988 32.9 0.18834 -0.0161379 25.7158 0.147206 -0.0135572 9.16597
6002347 0 0.01 4.7 32.9 -0.402391 -0.103781 17.4726 -0.213948 -0.0547001 9.21397
6004155 0 0.01 4.70019 32.9 -0.203852 0.200335 26.0024 -0.159092 0.157605 9.21397
6004630 0 0.01 4.70002 32.9 -0.474467 -0.143911 47.0723 -0.678006 -0.20443 9.21397
6008474 0 0.01 4.7 32.9 0.392649 0.102774 4.60589 0.0548007 0.0152898 9.21397
6010393 0 0.01 4.69999 32.9 0.461706 -0.0597517 44.7994 0.627456 -0.0802484 9.21397
6012007 0 0.01 4.69998 32.9 -0.0941124 0.0390387 43.745 -0.12481 0.0539439 9.21397
6013466 0 0.01 4.7 32.9 0.337109 -0.295823 3.49243 0.0350434 -0.0314068 9.21397
6013976 0 0.01 4.69998 32.9 -0.169465 0.232505 21.2706 -0.110808 0.151421 9.21397
6015749 0 0.01 4.70004 32.9 0.0443131 -0.140413 36.1368 0.0482187 -0.151021 9.21397
6016544 0 0.01 4.70001 32.9 0.141776 0.381338 44.7104 0.192745 0.520088 9.21397
59001224 0 0.01 4.7 32.9 -0.0679114 -0.4271 2.01515 -0.00632052 -0.0242788 9.17728
59005633 0 0.01 4.69988 32.9 0.467827 0.23574 32.6197 0.467442 0.232543 9.17728
59008073 0 0.01 4.7 32.9 -0.294721 -0.14349 12.075 -0.110178 -0.0533716 9.17728
59011768 0 0.01 4.70019 32.9 -0.409502 0.0907522 24.038 -0.297987 0.0662297 9.17728
59011914 0 0.01 4.69999 32.9 0.185615 0.283588 44.0909 0.248545 0.380531 9.17728
59012464 0 0.01 4.69998 32.9 0.0755595 0.265674 17.5396 0.040642 0.142519 9.17728
59014842 0 0.01 4.7 32.9 0.380891 0.24295 3.20513 0.0350725 0.025245 9.17728
59014868 0 0.01 4.7 32.9 0.174181 -0.179972 19.3546 0.100916 -0.106405 9.17728
59015622 0 0.01 4.69999 32.9 0.254479 0.0298577 50.8476 0.393789 0.0460734 9.17728
59018549 0 0.01 4.69998 32.9 0.348519 0.460182 33.2673 0.352388 0.466956 9.17728
