253 13 0.01 1.5 32.9 -0.366764 0.0557409 5.30273 -0.0602767 0.007565 146.574
2187 13 0.01 1.5 32.9 0.430235 -0.172015 2.94928 0.0394186 -0.0140985 142.507
3838 13 0.01 1.5 32.9 0.0913188 0.460543 12.7082 0.032538 0.178866 122.556
4786 13 0.01 1.5 32.9 0.143378 -0.0685046 2.3009 0.00989351 -0.00288374 125.808
6506 13 0.01 1.5 32.9 0.407436 0.0605555 3.727 0.0464665 0.00649258 147.644
6662 13 0.01 1.5 32.9 0.404251 -0.386092 3.29444 0.0432705 -0.0432547 145.629
8788 13 0.01 1.5 32.9 -0.158672 0.347525 8.24166 -0.0385319 0.0851852 133.847
9597 13 0.01 1.5 32.9 0.158066 -0.471108 1.7597 0.00650665 -0.0240307 138.487
9601 13 0.01 1.5 32.9 0.318931 0.051986 1.46669 0.0155343 0.00169272 129.351
11036 13 0.01 1.5 32.9 0.450464 0.155716 5.4408 0.0771499 0.0276719 145.665
11087 13 0.01 1.5 32.9 -0.483047 0.278285 8.99629 -0.131356 0.0764266 122.984
11231 13 0.01 1.5 32.9 0.130132 0.180822 2.31974 0.0066033 0.0131081 126.358
11260 13 0.01 1.5 32.9 0.291574 0.0831335 4.33732 0.0380265 0.00788002 144.74
12276 13 0.01 1.5 32.9 -0.275471 -0.281778 8.13107 -0.0701935 -0.0685386 130.999
12543 13 0.01 1.5 32.9 0.480343 -0.0350151 15.1156 0.217136 -0.0150167 122.597
13093 13 0.01 1.5 32.9 0.0149867 -0.259647 6.0636 0.00428771 -0.0462353 143.877
13219 13 0.01 1.5 32.9 0.0734138 0.235936 5.14726 0.00996862 0.0378868 143.949
14155 13 0.01 1.5 32.9 0.376189 -0.376524 8.01527 0.0907571 -0.0906169 130.072
15193 13 0.01 1.5 32.9 -0.4257 -0.276307 8.04724 -0.102573 -0.0677519 135.856
16097 13 0.01 1.5 32.9 0.232515 0.0441356 6.58481 0.0470096 0.00666354 141.906
18536 13 0.01 1.5 32.9 -0.059725 -0.0319942 3.61208 -0.00790537 -0.00383113 142.779
18867 13 0.01 1.5 32.9 0.474572 -0.444471 4.51775 0.0673035 -0.0608767 140.014
19501 13 0.01 1.5 32.9 0.0288681 0.261587 13.6432 0.0102171 0.105764 126.091
20376 13 0.01 1.5 32.9 0.265051 0.361121 9.45968 0.0755625 0.105289 130.972
23407 13 0.01 1.5 32.9 0.22597 0.359121 4.77794 0.0334851 0.0511626 147.806
23692 13 0.01 1.5 32.9 0.0464826 -0.298588 5.26241 0.00592294 -0.0488266 133.556
24425 13 0.01 1.5 32.9 -0.244399 -0.410468 4.0474 -0.0285539 -0.0495452 133.108
24542 13 0.01 1.5 32.9 0.241803 0.0391616 3.99519 0.029156 0.00193892 140.452
25006 13 0.01 1.5 32.9 0.331039 0.167097 2.49138 0.0270307 0.0136784 133.471
25674 13 0.01 1.5 32.9 0.343198 -0.0463468 1.63975 0.018166 -0.000748359 132.258
26269 13 0.01 1.5 32.9 -0.414888 -0.296154 6.31394 -0.0828059 -0.0568136 136.309
27290 13 0.01 1.5 32.9 0.36273 -0.0952014 4.35432 0.0499358 -0.0142545 143.751
28069 13 0.01 1.5 32.9 0.00488933 0.198649 3.22 -0.000828857 0.0198842 138.874
30242 13 0.01 1.5 32.9 -0.202686 -0.158502 6.01337 -0.0366505 -0.0267077 134.426
30460 13 0.01 1.5 32.9 -0.231855 0.113063 2.22733 -0.0142076 0.0070389 135.777
30685 13 0.01 1.5 32.9 -0.166185 -0.120489 4.06357 -0.0189667 -0.015727 126.988
30698 13 0.01 1.5 32.9 -0.416958 -0.367785 6.04755 -0.0769878 -0.0669889 143.497
32110 13 0.01 1.5 32.9 -0.330929 0.0668621 1.06822 -0.00942631 0.0029459 129.81
32652 13 0.01 1.5 32.9 -0.0676219 0.390908 4.86065 -0.0111432 0.055321 131.792
33013 13 0.01 1.5 32.9 0.0159928 0.081612 0.696814 -0.00155079 0.00366897 140.373
33398 13 0.01 1.5 32.9 -0.0614239 -0.214276 6.625 -0.0127861 -0.0453214 142.034
33540 13 0.01 1.5 32.9 0.106797 0.00154794 3.10329 0.0113902 -0.000168755 143.264
34034 13 0.01 1.5 32.9 0.020538 0.0782912 5.74646 0.00558711 0.0150905 137.481
35938 13 0.01 1.5 32.9 -0.084173 0.0638362 3.7273 -0.0109781 0.00796678 135.538
36638 13 0.01 1.5 32.9 -0.169136 0.326893 5.25356 -0.026625 0.050812 139.672
36868 13 0.01 1.5 32.9 -0.334846 -0.02048 6.49069 -0.065557 -0.00234401 135.411
36909 13 0.01 1.5 32.9 -0.329781 -0.0462012 3.89304 -0.0372488 -0.0033226 139.513
37542 13 0.01 1.5 32.9 -0.227988 0.421289 11.8305 -0.0802384 0.152517 125
39426 13 0.01 1.5 32.9 -0.233589 -0.0581902 4.41908 -0.0304898 -0.00646663 141.927
39821 13 0.01 1.5 32.9 -0.499897 -0.0710643 6.26989 -0.0946598 -0.0144117 129.837
42801 13 0.01 1.5 32.9 0.221373 0.191731 1.99846 0.015121 0.0127542 122.789
43852 13 0.01 1.5 32.9 0.215888 0.0520284 3.83277 0.0240777 0.00388213 142.746
44763 13 0.01 1.5 32.9 -0.302614 0.283344 2.09737 -0.0179989 0.0176295 142.224
44774 13 0.01 1.5 32.9 0.497677 -0.393047 3.26396 0.0482612 -0.0371208 140.634
44977 13 0.01 1.5 32.9 0.0216503 0.175882 2.45465 -0.00102209 0.0146011 139.758
48427 13 0.01 1.5 32.9 -0.360841 0.102869 11.6985 -0.128425 0.0362435 127.656
49395 13 0.01 1.5 32.9 0.041119 0.0208899 7.1982 0.00899191 0.00351758 128.611
49408 13 0.01 1.5 32.9 0.0478986 -0.255772 3.7863 0.00695592 -0.0317071 144.164
50217 13 0.01 1.5 32.9 0.0804973 0.252753 9.57836 0.0219536 0.0732098 124.047
50232 13 0.01 1.5 32.9 0.222237 0.374419 3.21043 0.0209074 0.0367565 140.526
52274 13 0.01 1.5 32.9 0.151415 -0.146928 7.21921 0.0324133 -0.0300023 133.227
53181 13 0.01 1.5 32.9 -0.193846 -0.490941 7.05577 -0.0425054 -0.106237 139.523
54070 13 0.01 1.5 32.9 -0.239355 0.0814349 3.02296 -0.0244081 0.00736598 139.934
54111 13 0.01 1.5 32.9 0.142009 -0.238112 7.56732 0.0320908 -0.0550473 135.884
55544 13 0.01 1.5 32.9 0.180428 0.11238 5.84858 0.030863 0.0203594 143.353
57871 13 0.01 1.5 32.9 0.172199 0.454052 4.61989 0.0253276 0.0647936 138.614
57992 13 0.01 1.5 32.9 0.228078 -0.0635259 4.04918 0.0291769 -0.00904069 144.401
58524 13 0.01 1.5 32.9 -0.269834 0.413865 10.8166 -0.0902526 0.135352 126.14
59306 13 0.01 1.5 32.9 -0.120118 -0.0380396 5.15681 -0.0188637 -0.00655759 120.188
59533 13 0.01 1.5 32.9 0.437474 0.125198 3.12131 0.0418096 0.00816323 135.251
63220 13 0.01 1.5 32.9 -0.434811 0.26777 4.90441 -0.0659957 0.0408688 139.234
64490 13 0.01 1.5 32.9 -0.274727 0.411923 1.57712 -0.0159436 0.0206288 130.792
65097 13 0.01 1.5 32.9 0.258122 0.321954 8.34818 0.0645777 0.0812593 133.719
65098 13 0.01 1.5 32.9 0.368732 -0.265676 5.37845 0.0602037 -0.0426688 141.367
65564 13 0.01 1.5 32.9 -0.380772 0.0316267 3.75003 -0.0439832 0.0028923 140.574
66689 13 0.01 1.5 32.9 0.454645 -0.28855 2.30209 0.0319033 -0.016793 137.046
67522 13 0.01 1.5 32.9 0.179962 -0.416341 3.45565 0.0178393 -0.0437095 138.169
68542 13 0.01 1.5 32.9 0.170699 0.0214894 4.44978 0.0218983 0.0024457 146.251
68850 13 0.01 1.5 32.9 0.0502918 0.00274168 3.92659 0.00509528 0.00145764 128.705
69169 13 0.01 1.5 32.9 -0.370725 0.0611839 6.59 -0.0741182 0.0140307 133.855
69173 13 0.01 1.5 32.9 0.042687 0.415839 3.43896 0.00447407 0.0407 129.826
70002 13 0.01 1.5 32.9 0.496837 0.214732 8.93875 0.136084 0.0585009 129.042
70278 13 0.01 1.5 32.9 -0.279065 0.0122521 5.70283 -0.049181 0.00164437 144.422
70656 13 0.01 1.5 32.9 -0.070334 -0.275797 7.12559 -0.0153033 -0.0599739 134.239
73272 13 0.01 1.5 32.9 0.109488 0.474201 5.14691 0.0141343 0.071664 144.653
74512 13 0.01 1.5 32.9 -0.400495 0.494548 2.75861 -0.0330746 0.0433303 142.395
74668 13 0.01 1.5 32.9 0.341673 -0.0419443 3.71558 0.0403326 -0.00363807 139.649
77569 13 0.01 1.5 32.9 0.139113 0.046816 6.94626 0.0255458 0.00877034 133.425
77720 13 0.01 1.5 32.9 -0.188511 -0.281973 3.49706 -0.0215507 -0.0310736 146.456
78569 13 0.01 1.5 32.9 -0.0238396 -0.147254 10.0312 -0.00882769 -0.0472339 125.585
78736 13 0.01 1.5 32.9 0.316515 -0.47114 7.02289 0.0696002 -0.0987049 139.124
79539 13 0.01 1.5 32.9 -0.22172 0.24548 6.41805 -0.0461086 0.0493881 142.508
79595 13 0.01 1.5 32.9 -0.234688 -0.11521 6.2854 -0.0464519 -0.0237148 139.952
80905 13 0.01 1.5 32.9 0.35749 0.462079 10.2832 0.109381 0.142544 130.215
81515 13 0.01 1.5 32.9 -0.335576 0.14225 2.57757 -0.0271958 0.0106606 139.126
83119 13 0.01 1.5 32.9 0.305616 0.148703 8.53137 0.0796271 0.0357758 134.17
83355 13 0.01 1.5 32.9 -0.393278 -0.462329 4.94087 -0.0591331 -0.0689906 139.651
84374 13 0.01 1.5 32.9 0.160433 0.461441 6.46391 0.0298336 0.0911947 141.629
86091 13 0.01 1.5 32.9 -0.279128 0.029206 5.81781 -0.0503898 0.0049294 139.622
86236 13 0.01 1.5 32.9 -0.339184 -0.0427302 6.51026 -0.0682226 -0.00801148 139.572
86744 13 0.01 1.5 32.9 -0.363837 0.200931 26.4384 -0.291783 0.159136 120.849
88236 13 0.01 1.5 32.9 0.283837 0.0646664 1.29396 0.010844 0.00127126 133.846
89142 13 0.01 1.5 32.9 -0.0715266 0.0485235 5.84741 -0.0139509 0.0111271 124.02
89574 13 0.01 1.5 32.9 -0.130807 -0.0802287 8.02655 -0.0321482 -0.0210696 134.115
93559 13 0.01 1.5 32.9 0.250679 -0.48126 15.7673 0.120025 -0.233605 123.576
95315 13 0.01 1.5 32.9 -0.152718 -0.363134 3.44696 -0.0162841 -0.0369883 145.687
96260 13 0.01 1.5 32.9 0.404963 -0.0291779 6.11566 0.0747032 -0.00453502 139.781
96303 13 0.01 1.5 32.9 0.413337 0.210873 4.41457 0.0544916 0.0290073 125.237
96626 13 0.01 1.5 32.9 0.0383612 -0.0823962 2.76399 0.00586709 -0.00635466 143.14
96731 13 0.01 1.5 32.9 0.346895 0.392123 5.96174 0.0623979 0.0707169 140.459
100329 13 0.01 1.5 32.9 0.296671 0.0665123 6.0959 0.0543247 0.012128 139.521
102413 13 0.01 1.5 32.9 0.186781 0.147717 4.31906 0.0224823 0.0207322 145.899
103487 13 0.01 1.5 32.9 0.0713649 0.304517 2.43185 0.00801031 0.0221291 142.091
104400 13 0.01 1.5 32.9 0.392893 -0.424283 3.7784 0.0451137 -0.0456393 144.178
105856 13 0.01 1.5 32.9 0.360389 0.0834953 5.79033 0.0629161 0.0135653 144.63
106531 13 0.01 1.5 32.9 0.271997 0.390658 4.54492 0.0387512 0.0545639 142.601
106655 13 0.01 1.5 32.9 0.10602 0.180489 4.47761 0.0146919 0.0234685 140.306
108374 13 0.01 1.5 32.9 0.446103 -0.392913 6.9253 0.0915488 -0.0830392 140.959
108807 13 0.01 1.5 32.9 0.498485 -0.395814 3.12578 0.0453653 -0.0371412 137.857
109845 13 0.01 1.5 32.9 -0.232984 -0.212665 2.76589 -0.0197814 -0.0165016 127.64
110668 13 0.01 1.5 32.9 -0.306777 -0.0621478 11.8391 -0.111938 -0.0247279 126.164
110926 13 0.01 1.5 32.9 0.151446 0.151107 4.35177 0.0225381 0.0183174 145.15
113085 13 0.01 1.5 32.9 0.365148 0.453689 2.31333 0.027648 0.0335684 147.042
113457 13 0.01 1.5 32.9 0.159411 -0.361606 2.01369 0.0106589 -0.0243422 137.806
114720 13 0.01 1.5 32.9 -0.109301 0.209404 9.28543 -0.0334214 0.060535 133.429
115276 13 0.01 1.5 32.9 -0.0828564 -0.0384104 3.10947 -0.00961315 -0.00383841 133.965
115381 13 0.01 1.5 32.9 0.269983 0.178166 4.0632 0.0329359 0.019782 147.724
117708 13 0.01 1.5 32.9 0.0147363 -0.419326 4.30984 0.00118691 -0.0552289 146.159
118216 13 0.01 1.5 32.9 -0.0156908 -0.145036 5.03064 -0.00117691 -0.0196752 142.409
118324 13 0.01 1.5 32.9 0.45529 -0.437988 4.88468 0.067401 -0.0648924 145.6
118851 13 0.01 1.5 32.9 0.115573 0.0844768 9.21378 0.0323319 0.0219382 130.634
118876 13 0.01 1.5 32.9 -0.111247 -0.352576 9.90227 -0.0343069 -0.105143 125.914
120274 13 0.01 1.5 32.9 0.0151274 -0.369255 2.43882 0.00275101 -0.0284615 140.469
120955 13 0.01 1.5 32.9 -0.136412 0.333451 2.63606 -0.0102949 0.0269055 133.05
123152 13 0.01 1.5 32.9 0.443671 -0.102617 4.14625 0.0582621 -0.0135781 147.877
125496 13 0.01 1.5 32.9 0.0196867 0.31132 5.93185 0.00377403 0.0567359 138.316
128772 13 0.01 1.5 32.9 0.452036 -0.380729 4.02024 0.0556273 -0.0485743 135.869
128878 13 0.01 1.5 32.9 -0.178689 0.0668903 3.86903 -0.0219596 0.0101286 145.636
128973 13 0.01 1.5 32.9 0.397735 -0.380887 3.32185 0.0396344 -0.0394165 145.965
130227 13 0.01 1.5 32.9 -0.0521401 -0.291308 4.01934 -0.00634404 -0.0372494 143.293
131381 13 0.01 1.5 32.9 -0.00217773 0.365436 6.48226 -0.000690125 0.0706946 137.118
131945 13 0.01 1.5 32.9 0.128981 0.0719918 3.13816 0.0128465 0.00532984 139.514
133724 13 0.01 1.5 32.9 0.155329 0.420137 4.6324 0.0204396 0.0616141 148.536
134200 13 0.01 1.5 32.9 -0.151534 0.196786 7.64385 -0.0362836 0.0449399 122.105
135075 13 0.01 1.5 32.9 0.477737 -0.459169 11.4746 0.165576 -0.160391 127.659
135326 13 0.01 1.5 32.9 0.496503 -0.421465 0.928967 0.010117 -0.0151354 138.604
135820 13 0.01 1.5 32.9 -0.214107 0.114461 8.25341 -0.0535418 0.029198 129.289
135854 13 0.01 1.5 32.9 -0.454945 -0.0786108 7.38507 -0.103493 -0.0187942 136.159
136979 13 0.01 1.5 32.9 -0.442735 0.322206 4.28548 -0.0565621 0.041584 140.315
137328 13 0.01 1.5 32.9 0.144926 0.446182 2.35445 0.00972901 0.03402 124.919
137896 13 0.01 1.5 32.9 0.234293 0.153247 6.01559 0.0424181 0.029065 137.303
137961 13 0.01 1.5 32.9 -0.465608 0.405916 3.81093 -0.0510987 0.0444775 133.047
138366 13 0.01 1.5 32.9 -0.234085 0.433934 7.62536 -0.0520997 0.102121 137.477
138541 13 0.01 1.5 32.9 -0.343961 0.247356 2.88329 -0.0290617 0.0184775 142.49
138721 13 0.01 1.5 32.9 -0.285085 -0.338062 1.73344 -0.0151766 -0.0217153 136.398
139510 13 0.01 1.5 32.9 0.115438 0.116915 9.04138 0.0321215 0.0351512 129.801
140566 13 0.01 1.5 32.9 -0.0380113 -0.395552 5.04084 -0.00425354 -0.0614119 132.814
140603 13 0.01 1.5 32.9 -0.217322 -0.407006 3.30501 -0.0206402 -0.0385181 142.505
140749 13 0.01 1.5 32.9 0.372766 0.288583 7.38031 0.0863923 0.0655635 132.148
141783 13 0.01 1.5 32.9 -0.213442 -0.133639 2.1072 -0.0134633 -0.00816427 139.281
141812 13 0.01 1.5 32.9 -0.0123881 0.00565926 3.51464 -0.00232197 4.84926e-05 142.797
142059 13 0.01 1.5 32.9 -0.0743904 -0.0257095 4.03843 -0.00920451 -0.00508468 146.556
142470 13 0.01 1.5 32.9 -0.321721 -0.0147663 3.29048 -0.0320135 -0.00291961 136.572
142691 13 0.01 1.5 32.9 -0.45256 -0.459592 3.7391 -0.0526169 -0.0518561 133.766
143139 13 0.01 1.5 32.9 -0.453308 -0.184713 4.62576 -0.0627297 -0.0272921 140.869
143923 13 0.01 1.5 32.9 0.149006 0.243093 2.66865 0.0121539 0.0205548 140.79
144147 13 0.01 1.5 32.9 0.45156 -0.44336 2.98636 0.0417046 -0.0394425 137.735
145495 13 0.01 1.5 32.9 0.256267 -0.387394 5.3942 0.0398522 -0.0656445 140.346
145501 13 0.01 1.5 32.9 -0.439427 -0.306818 4.68765 -0.060874 -0.0444824 139.664
145810 13 0.01 1.5 32.9 0.0624174 0.214997 2.88219 0.00444012 0.021325 139.613
148709 13 0.01 1.5 32.9 -0.436712 -0.26779 5.43441 -0.0725808 -0.0446926 139.488
149979 13 0.01 1.5 32.9 0.311698 0.490417 3.31957 0.0301166 0.052869 147.684
151296 13 0.01 1.5 32.9 -0.491413 -0.209762 5.35334 -0.0796472 -0.0354602 136.32
151476 13 0.01 1.5 32.9 0.369705 0.194253 1.82179 0.0199429 0.0133399 146.101
152274 13 0.01 1.5 32.9 0.150771 -0.436612 7.44033 0.0331051 -0.0992167 134.947
152939 13 0.01 1.5 32.9 -0.482906 -0.251373 3.94517 -0.0591156 -0.0326778 144.236
154519 13 0.01 1.5 32.9 0.166848 0.468419 3.0202 0.0171097 0.0420064 142.491
154522 13 0.01 1.5 32.9 0.481877 0.0808074 5.0842 0.0744254 0.00938748 138.626
154908 13 0.01 1.5 32.9 -0.212228 0.363778 7.28982 -0.045978 0.0812068 137.988
155527 13 0.01 1.5 32.9 0.223922 0.13558 7.2139 0.0474729 0.0302216 139.462
155572 13 0.01 1.5 32.9 -0.0262067 0.382548 3.9391 -0.003933 0.0416624 139.267
156359 13 0.01 1.5 32.9 -0.0143598 0.148659 5.55592 -0.00273783 0.0224237 145.739
156661 13 0.01 1.5 32.9 -0.140916 0.0618959 2.77646 -0.01102 0.00344696 143.7
158744 13 0.01 1.5 32.9 -0.340741 0.388906 4.33363 -0.0436982 0.0502912 140.538
160228 13 0.01 1.5 32.9 -0.0685993 0.153519 8.71811 -0.0159256 0.0416993 123.804
161986 13 0.01 1.5 32.9 -0.370305 -0.279688 4.29061 -0.0500713 -0.0384001 145.274
163082 13 0.01 1.5 32.9 0.187835 -0.343506 4.45101 0.0236586 -0.0470168 145.482
163700 13 0.01 1.5 32.9 0.412515 -0.0732833 7.22948 0.0903213 -0.017785 129.607
163726 13 0.01 1.5 32.9 0.330174 0.0119351 2.75707 0.0276292 0.00346367 144.754
164685 13 0.01 1.5 32.9 -0.329205 0.0110128 5.40408 -0.0528584 0.000697953 144.181
164900 13 0.01 1.5 32.9 0.167998 -0.324845 3.10302 0.0163155 -0.0326017 136.287
165171 13 0.01 1.5 32.9 -0.0689084 0.32388 9.8129 -0.0188636 0.0932018 129.333
165361 13 0.01 1.5 32.9 0.387891 -0.168011 4.95164 0.057777 -0.0235847 136.156
168578 13 0.01 1.5 32.9 -0.476088 -0.262851 8.68065 -0.127315 -0.0699835 128.119
168817 13 0.01 1.5 32.9 -0.358309 0.0296364 6.76805 -0.0738533 0.00631502 138.152
169195 13 0.01 1.5 32.9 0.142254 0.296078 5.80389 0.0265747 0.0498158 137.05
171259 13 0.01 1.5 32.9 -0.23376 -0.302612 6.83724 -0.0474213 -0.0626898 127.701
171515 13 0.01 1.5 32.9 -0.0923902 -0.116001 7.31341 -0.0216632 -0.0271025 135.851
171683 13 0.01 1.5 32.9 0.105758 0.152507 8.27086 0.0260442 0.0370795 135.255
171835 13 0.01 1.5 32.9 -0.49821 -0.132346 3.91964 -0.0588539 -0.015663 146.639
173254 13 0.01 1.5 32.9 -0.412521 -0.171537 5.20852 -0.0656789 -0.0282714 145.249
174897 13 0.01 1.5 32.9 -0.0756949 0.0473575 6.12127 -0.014243 0.00848451 134.025
175501 13 0.01 1.5 32.9 0.368684 -0.0629705 5.92579 0.0677827 -0.0133869 136.218
176783 13 0.01 1.5 32.9 0.171981 0.0771301 5.3418 0.0270243 0.0128056 126.252
177299 13 0.01 1.5 32.9 -0.279641 -0.428296 11.056 -0.0947613 -0.145393 126.708
177601 13 0.01 1.5 32.9 0.0239475 0.21327 1.09477 0.00301091 0.00155771 134.796
177861 13 0.01 1.5 32.9 -0.288354 -0.17733 3.43102 -0.0306213 -0.0206922 127.978
178987 13 0.01 1.5 32.9 -0.0428371 -0.370364 10.3203 -0.0122356 -0.114226 129.941
179372 13 0.01 1.5 32.9 0.119418 0.382573 4.81599 0.015288 0.0565983 132.844
181701 13 0.01 1.5 32.9 -0.124594 0.474202 18.1722 -0.0704465 0.261616 120.813
181917 13 0.01 1.5 32.9 0.35512 0.295238 3.32274 0.0357325 0.0300533 145.203
182049 13 0.01 1.5 32.9 0.0448798 0.357583 4.57251 0.00410224 0.0516233 142.51
182825 13 0.01 1.5 32.9 0.183223 -0.402678 3.2439 0.0184292 -0.0382671 132.354
183749 13 0.01 1.5 32.9 0.492423 0.442285 8.21584 0.12342 0.110837 133.979
183962 13 0.01 1.5 32.9 -0.343281 -0.377013 4.00753 -0.041155 -0.0495165 139.141
184716 13 0.01 1.5 32.9 -0.456541 0.374508 4.06866 -0.0565896 0.0465698 136.493
185473 13 0.01 1.5 32.9 -0.252666 -0.151604 8.72211 -0.0668043 -0.0394398 132.323
186321 13 0.01 1.5 32.9 0.155126 0.408113 3.28726 0.0175847 0.038643 129.405
188002 13 0.01 1.5 32.9 0.139008 0.149876 1.17421 0.00358535 0.0033812 129.074
188353 13 0.01 1.5 32.9 -0.485524 -0.322293 2.58516 -0.039706 -0.024039 142.272
188919 13 0.01 1.5 32.9 -0.0672441 -0.179844 7.71793 -0.0148258 -0.043363 132.115
189095 13 0.01 1.5 32.9 -0.432201 0.177325 8.02884 -0.104989 0.0442973 136.111
189679 13 0.01 1.5 32.9 -0.400787 -0.428402 5.92843 -0.0721295 -0.0794627 137.02
190209 13 0.01 1.5 32.9 -0.420168 -0.27271 11.3091 -0.145121 -0.0921601 124.319
192374 13 0.01 1.5 32.9 -0.0769576 -0.364961 8.05318 -0.0187631 -0.0893345 133.307
194373 13 0.01 1.5 32.9 0.35112 0.0092719 7.80984 0.0838988 0.00201828 135.348
195254 13 0.01 1.5 32.9 -0.309362 0.217116 1.38981 -0.0122978 0.00988342 127.021
196745 13 0.01 1.5 32.9 -0.293639 0.491512 3.32773 -0.0295397 0.0481053 135.556
196785 13 0.01 1.5 32.9 -0.156278 -0.0376223 5.6003 -0.0250235 -0.00620598 136.18
197462 13 0.01 1.5 32.9 -0.274547 0.279682 7.09876 -0.0591789 0.0601154 137.157
197971 13 0.01 1.5 32.9 -0.0503137 -0.0863823 2.33362 -0.00366963 -0.00528567 143.326
198352 13 0.01 1.5 32.9 0.230404 0.0380414 3.48873 0.0228114 0.00512406 138.161
198405 13 0.01 1.5 32.9 -0.297479 0.160539 8.44431 -0.0777313 0.0402576 134.458
199399 13 0.01 1.5 32.9 0.495589 -0.264327 6.57875 0.100057 -0.0532053 142.619
200681 13 0.01 1.5 32.9 -0.419891 0.347914 3.2053 -0.0404823 0.0360582 143.319
201660 13 0.01 1.5 32.9 -0.232428 -0.211327 3.0569 -0.0192618 -0.0157255 130.82
203995 13 0.01 1.5 32.9 -0.295333 -0.156366 7.39166 -0.0680125 -0.0344888 135.852
205283 13 0.01 1.5 32.9 -0.483445 -0.215842 6.46638 -0.0970614 -0.0423447 138.317
206444 13 0.01 1.5 32.9 -0.316215 -0.211469 14.349 -0.136285 -0.0946691 122.202
206503 13 0.01 1.5 32.9 -0.271485 -0.475817 5.5242 -0.0447152 -0.0768886 146.448
206808 13 0.01 1.5 32.9 0.132195 -0.0981326 9.99415 0.0414876 -0.0315284 131.765
208207 13 0.01 1.5 32.9 0.0217984 -0.0409396 7.75867 0.00657448 -0.0102069 135.895
209019 13 0.01 1.5 32.9 0.0439292 0.248791 4.89211 0.00471901 0.0347587 139.192
209210 13 0.01 1.5 32.9 0.192261 0.111366 5.97437 0.035234 0.0186051 133.326
212069 13 0.01 1.5 32.9 0.429363 0.0727249 2.95021 0.0415554 0.00712287 136.834
213289 13 0.01 1.5 32.9 -0.265678 0.0793438 2.46915 -0.020107 0.00921753 142.871
214466 13 0.01 1.5 32.9 0.334144 -0.284102 5.28027 0.0528364 -0.0430074 143.955
215182 13 0.01 1.5 32.9 -0.0647406 0.27394 6.06399 -0.0130168 0.0493069 134.055
215393 13 0.01 1.5 32.9 -0.293795 -0.263177 10.1324 -0.091288 -0.0792035 127.743
215459 13 0.01 1.5 32.9 0.348717 0.179759 8.68989 0.0926828 0.0472898 131.051
215851 13 0.01 1.5 32.9 0.374222 -0.0680904 3.23743 0.0355126 -0.00524884 146.865
216528 13 0.01 1.5 32.9 0.115089 -0.425976 3.60834 0.0146594 -0.047389 143.62
217360 13 0.01 1.5 32.9 -0.00610202 0.0015438 6.56486 -0.00166012 0.00139944 142.426
217371 13 0.01 1.5 32.9 0.474142 0.114957 5.74077 0.0823478 0.0202126 136.898
217793 13 0.01 1.5 32.9 -0.23408 -0.433447 4.77334 -0.037891 -0.0625145 147.833
218338 13 0.01 1.5 32.9 -0.210274 -0.155507 3.79105 -0.0255327 -0.0179722 146.855
219424 13 0.01 1.5 32.9 -0.41958 0.480814 3.1088 -0.0388562 0.0454136 144.764
219443 13 0.01 1.5 32.9 0.171983 -0.362237 4.32508 0.0250068 -0.0475227 127.714
219654 13 0.01 1.5 32.9 0.220429 0.150897 4.07314 0.0258216 0.018674 142.88
219874 13 0.01 1.5 32.9 0.344422 -0.183559 8.96295 0.0951951 -0.0511634 132.326
222172 13 0.01 1.5 32.9 -0.0761248 -0.264696 20.6616 -0.0495823 -0.166948 122.08
225935 13 0.01 1.5 32.9 0.46341 -0.490475 9.42226 0.133492 -0.141033 132.5
228043 13 0.01 1.5 32.9 0.150371 0.236771 3.69124 0.0185249 0.0280504 141.007
229660 13 0.01 1.5 32.9 0.145984 -0.49693 1.85937 0.0109111 -0.0295519 140.141
230379 13 0.01 1.5 32.9 -0.179121 0.40202 6.00819 -0.0325912 0.0720285 135.288
230934 13 0.01 1.5 32.9 0.271635 0.42871 6.43312 0.0525071 0.0829663 139.186
231318 13 0.01 1.5 32.9 0.29095 -0.282002 3.345 0.0284186 -0.0289307 147.035
231620 13 0.01 1.5 32.9 0.0281356 0.107986 4.16304 0.00350817 0.0140795 143.345
231963 13 0.01 1.5 32.9 0.252965 -0.230834 3.67587 0.0305796 -0.0274233 142.216
232142 13 0.01 1.5 32.9 0.40505 -0.323892 7.57363 0.0928772 -0.0752016 130.892
232271 13 0.01 1.5 32.9 0.197056 -0.00231541 6.14469 0.0366319 -0.000850818 137.149
232426 13 0.01 1.5 32.9 0.417016 -0.112561 3.87834 0.0474561 -0.0146481 139.444
232487 13 0.01 1.5 32.9 -0.113854 0.050735 7.00192 -0.0238081 0.0133216 123.918
232681 13 0.01 1.5 32.9 -0.316819 -0.463155 4.11318 -0.0398473 -0.0594189 134.001
233349 13 0.01 1.5 32.9 0.431268 -0.299234 4.36583 0.0578588 -0.0385505 138.087
234576 13 0.01 1.5 32.9 -0.143292 -0.429643 5.02854 -0.0210479 -0.0652672 132.226
234740 13 0.01 1.5 32.9 0.209195 0.193048 2.9651 0.0196727 0.0172423 132.338
235528 13 0.01 1.5 32.9 0.184044 -0.496127 5.13902 0.0271035 -0.078096 137.716
236696 13 0.01 1.5 32.9 0.069266 0.202276 6.40931 0.015334 0.0416063 141.543
236946 13 0.01 1.5 32.9 0.317703 0.351308 9.6549 0.0931028 0.101857 131.557
237045 13 0.01 1.5 32.9 -0.168682 0.267514 8.67364 -0.0455963 0.0697436 134.1
238613 13 0.01 1.5 32.9 -0.000907285 -0.00819548 5.98015 0.00113308 -0.0030469 141.626
238776 13 0.01 1.5 32.9 0.411657 -0.362488 12.6617 0.158275 -0.139076 123.275
239801 13 0.01 1.5 32.9 0.323361 0.46715 9.3291 0.0924198 0.134256 127.931
242710 13 0.01 1.5 32.9 -0.356562 -0.259588 2.74173 -0.0296616 -0.0196204 140.987
242770 13 0.01 1.5 32.9 0.292425 -0.3494 7.59839 0.0669592 -0.0804767 132.325
243187 13 0.01 1.5 32.9 -0.469691 0.406673 5.79713 -0.0834314 0.0714135 138.735
244689 13 0.01 1.5 32.9 0.498658 -0.333566 6.15942 0.0913448 -0.0623915 139.533
245778 13 0.01 1.5 32.9 -0.496598 0.173281 7.35636 -0.111207 0.039591 132.956
247203 13 0.01 1.5 32.9 -0.198853 -0.243894 6.24269 -0.0393462 -0.0443874 141.803
247944 13 0.01 1.5 32.9 0.213653 -0.157411 2.37904 0.017024 -0.013576 131.581
249802 13 0.01 1.5 32.9 0.414715 -0.0320209 5.16865 0.0633706 -0.00476773 143.093
250175 13 0.01 1.5 32.9 -0.300282 0.0456957 7.7751 -0.070969 0.0122123 137.624
251531 13 0.01 1.5 32.9 0.317937 0.146239 4.53499 0.0439087 0.0177273 134.085
252436 13 0.01 1.5 32.9 0.174532 -0.203702 6.09907 0.0322059 -0.0385514 142.63
252701 13 0.01 1.5 32.9 0.30303 0.0928869 10.8656 0.10098 0.0296595 129.442
255054 13 0.01 1.5 32.9 0.237693 -0.160787 5.45691 0.0400158 -0.0291465 145.092
255694 13 0.01 1.5 32.9 0.285236 -0.305874 4.83534 0.0427028 -0.0456956 144.179
255739 13 0.01 1.5 32.9 -0.484371 -0.409066 5.36487 -0.0768088 -0.0661052 140.923
257488 13 0.01 1.5 32.9 -0.0385584 0.189435 8.46028 -0.0083404 0.0495499 135.57
259483 13 0.01 1.5 32.9 0.295191 0.00670711 6.73058 0.0586682 0.000464471 121.751
259685 13 0.01 1.5 32.9 0.460064 0.288363 5.00076 0.0679024 0.0452806 139.221
261898 13 0.01 1.5 32.9 -0.420258 -0.371565 9.0574 -0.119496 -0.104193 133.16
262542 13 0.01 1.5 32.9 0.399226 0.000122708 12.2772 0.150978 0.0022984 127.176
262598 13 0.01 1.5 32.9 0.280567 -0.303455 2.99094 0.0272328 -0.0277175 123.763
263739 13 0.01 1.5 32.9 0.409501 -0.497792 5.49999 0.07038 -0.0831011 126.82
264421 13 0.01 1.5 32.9 -0.207084 -0.0738975 3.73753 -0.0237237 -0.00882996 134.679
264838 13 0.01 1.5 32.9 0.376018 -0.475459 5.51586 0.064535 -0.0774248 145.976
265580 13 0.01 1.5 32.9 0.382049 -0.435675 1.76743 0.0190696 -0.0245677 126.251
266151 13 0.01 1.5 32.9 0.454167 -0.131546 5.64203 0.0766779 -0.0234013 138.932
268756 13 0.01 1.5 32.9 0.154957 0.0552292 5.21868 0.0237604 0.00955103 141.226
270789 13 0.01 1.5 32.9 0.00393323 -0.370309 3.73762 0.00228343 -0.0421511 135.534
271231 13 0.01 1.5 32.9 0.271556 -0.281095 2.60237 0.0191441 -0.0209276 133.545
271316 13 0.01 1.5 32.9 -0.0422648 -0.0689988 3.36783 -0.00310124 -0.00326337 144.71
274437 13 0.01 1.5 32.9 0.30867 -0.401107 2.03809 0.0206757 -0.0222058 125.118
275366 13 0.01 1.5 32.9 0.196447 -0.260527 6.10215 0.0361461 -0.0481712 137.482
275647 13 0.01 1.5 32.9 -0.204789 0.338675 3.87292 -0.0255734 0.0404374 146.249
276087 13 0.01 1.5 32.9 -0.0409995 -0.106381 11.5541 -0.0152343 -0.0353556 126.427
279251 13 0.01 1.5 32.9 -0.201152 -0.181197 7.68803 -0.047193 -0.0435457 129.181
281854 13 0.01 1.5 32.9 0.187509 -0.272802 2.45029 0.0137513 -0.0242188 146.433
281986 13 0.01 1.5 32.9 0.0280007 -0.235213 4.21627 0.00312141 -0.027645 148.433
282666 13 0.01 1.5 32.9 0.399483 0.439464 3.12306 0.0384736 0.041458 144.295
283385 13 0.01 1.5 32.9 -0.0381159 -0.206433 4.32528 -0.00518415 -0.0283452 146.959
284665 13 0.01 1.5 32.9 -0.453689 0.187377 3.37377 -0.0455305 0.0195431 144.879
288512 13 0.01 1.5 32.9 0.4264 0.0316495 3.1207 0.0410058 -7.15187e-05 137.963
288521 13 0.01 1.5 32.9 0.363766 0.441827 9.02264 0.0991411 0.121011 132.56
289474 13 0.01 1.5 32.9 0.39698 0.464304 6.63268 0.0788464 0.0937921 127.17
289750 13 0.01 1.5 32.9 0.159916 0.481536 3.0287 0.01438 0.0472927 147.202
291395 13 0.01 1.5 32.9 -0.153114 0.143666 4.74992 -0.0249529 0.0194317 138.722
291648 13 0.01 1.5 32.9 0.299099 0.0991854 4.59419 0.0416785 0.0159371 144.326
291744 13 0.01 1.5 32.9 0.0355086 -0.0362668 4.7492 0.00557156 -0.00340984 148.421
292079 13 0.01 1.5 32.9 -0.332776 -0.0317584 2.80034 -0.0270266 -0.00460768 139.452
293068 13 0.01 1.5 32.9 0.125863 0.450457 3.31321 0.0118707 0.04565 145.801
293305 13 0.01 1.5 32.9 0.336338 0.341694 15.2272 0.155733 0.157199 123.978
294803 13 0.01 1.5 32.9 0.310262 0.0393784 4.18469 0.0386772 0.00501159 144.44
296518 13 0.01 1.5 32.9 -0.185958 -0.435152 4.55746 -0.0253371 -0.0573302 145.211
296649 13 0.01 1.5 32.9 0.026917 -0.095367 6.27876 0.002466 -0.0199444 125.102
297016 13 0.01 1.5 32.9 0.149672 0.474786 5.35261 0.0258594 0.0753631 147.151
297107 13 0.01 1.5 32.9 0.350332 0.0470445 2.9901 0.0312647 0.0060338 138.142
297296 13 0.01 1.5 32.9 -0.279973 0.278075 3.72491 -0.0293752 0.030576 137.928
298449 13 0.01 1.5 32.9 -0.435838 0.134437 12.0815 -0.162432 0.0505055 127.886
298504 13 0.01 1.5 32.9 -0.105201 0.465095 13.4806 -0.0424154 0.192192 126.051
298625 13 0.01 1.5 32.9 0.228693 0.245851 5.88782 0.0411709 0.0447133 142.062
298684 13 0.01 1.5 32.9 0.45531 -0.0749488 3.54783 0.0509163 -0.010512 145.977
299358 13 0.01 1.5 32.9 -0.161569 0.327615 3.01758 -0.0140993 0.0296748 142.972
299381 13 0.01 1.5 32.9 0.189835 -0.274 6.1828 0.0354341 -0.0497448 138.358
301343 13 0.01 1.5 32.9 0.165899 -0.485935 6.24255 0.0297081 -0.0921354 133.684
301520 13 0.01 1.5 32.9 0.274196 0.198312 6.21531 0.051823 0.0382396 139.986
301645 13 0.01 1.5 32.9 -0.360542 -0.466813 5.07437 -0.0567491 -0.0723577 145.416
305453 13 0.01 1.5 32.9 -0.0166828 0.280287 9.67717 -0.00216414 0.0839059 129.358
307407 13 0.01 1.5 32.9 -0.22327 -0.116625 10.0772 -0.0669701 -0.0361593 129.078
308081 13 0.01 1.5 32.9 -0.346876 -0.0194863 5.01642 -0.0537888 -0.0012088 142.845
309474 13 0.01 1.5 32.9 -0.416816 -0.260454 4.43374 -0.0558452 -0.0368107 137.711
311049 13 0.01 1.5 32.9 0.472997 0.0889852 1.58856 0.0211697 0.00239108 139.084
311539 13 0.01 1.5 32.9 -0.417437 0.310014 4.80911 -0.0597752 0.0450101 133.157
312864 13 0.01 1.5 32.9 0.46168 -0.198087 3.9768 0.054845 -0.0242993 123.64
313927 13 0.01 1.5 32.9 0.227655 -0.440087 7.85331 0.0550017 -0.105816 128.916
314557 13 0.01 1.5 32.9 -0.259523 -0.387845 4.11344 -0.0333643 -0.0458233 147.093
314692 13 0.01 1.5 32.9 0.243756 0.260449 2.88712 0.0219164 0.0229714 140.953
314979 13 0.01 1.5 32.9 0.317603 0.376004 12.0355 0.1185 0.138661 125.67
314992 13 0.01 1.5 32.9 0.259389 0.193673 7.23629 0.0580575 0.0403885 137.977
315549 13 0.01 1.5 32.9 0.155581 0.00734186 4.48357 0.0203522 0.00130723 142.006
315791 13 0.01 1.5 32.9 0.242517 -0.44801 4.3944 0.031709 -0.0597256 131.655
317272 13 0.01 1.5 32.9 -0.113718 -0.311907 3.34691 -0.0125733 -0.0302248 143.554
317994 13 0.01 1.5 32.9 -0.275927 0.259143 7.53256 -0.0634606 0.0595387 137.988
319763 13 0.01 1.5 32.9 0.316814 -0.486959 4.66382 0.0435707 -0.0681871 122.485
323267 13 0.01 1.5 32.9 -0.286859 0.124076 6.07217 -0.0515389 0.0244361 131.574
324171 13 0.01 1.5 32.9 -0.389124 -0.347429 4.48747 -0.0510096 -0.0494009 142.171
324198 13 0.01 1.5 32.9 -0.235294 0.387082 3.64534 -0.0260406 0.0434625 142.29
324969 13 0.01 1.5 32.9 -0.369994 0.172253 13.6228 -0.15112 0.0707399 125.148
325790 13 0.01 1.5 32.9 0.498769 0.194994 5.60596 0.0854631 0.0334993 130.025
325919 13 0.01 1.5 32.9 0.175542 0.0909854 6.41857 0.0334592 0.019917 126.644
326018 13 0.01 1.5 32.9 0.139036 -0.462532 8.41001 0.0357897 -0.118653 133.176
327385 13 0.01 1.5 32.9 -0.294728 -0.120269 8.55566 -0.0777799 -0.0326282 132.364
328202 13 0.01 1.5 32.9 0.177178 0.431922 3.82614 0.0174163 0.0512391 139.721
328553 13 0.01 1.5 32.9 -0.342033 0.30575 5.91324 -0.0623502 0.0538557 129.776
329425 13 0.01 1.5 32.9 0.420397 0.113592 10.4826 0.134534 0.0358822 128.252
330020 13 0.01 1.5 32.9 -0.0515362 -0.192402 4.19406 -0.0075653 -0.0259406 137.021
331061 13 0.01 1.5 32.9 0.294465 0.230391 6.89198 0.0590533 0.0511772 135.861
335004 13 0.01 1.5 32.9 0.053429 -0.224399 2.97409 0.0038338 -0.0210422 141.892
335424 13 0.01 1.5 32.9 0.162391 -0.0909774 5.7277 0.028783 -0.0140049 135.908
336496 13 0.01 1.5 32.9 0.478687 0.475373 8.18961 0.117942 0.120394 131.376
337847 13 0.01 1.5 32.9 0.470182 0.317786 6.35189 0.0922967 0.0587326 132.524
337951 13 0.01 1.5 32.9 0.283712 0.327312 9.03157 0.0782908 0.0906908 121.925
338209 13 0.01 1.5 32.9 0.0880763 -0.143602 2.19989 0.00543935 -0.00753559 140.655
338973 13 0.01 1.5 32.9 0.0758531 -0.050377 4.28127 0.00999847 -0.00597716 143.554
339510 13 0.01 1.5 32.9 -0.43498 0.306464 1.26858 -0.0183244 0.0102625 146.648
339685 13 0.01 1.5 32.9 -0.499183 0.111637 2.80745 -0.0425128 0.00810842 131.678
339825 13 0.01 1.5 32.9 -0.495908 -0.458619 2.93261 -0.0450617 -0.0415594 123.78
341714 13 0.01 1.5 32.9 0.369407 0.196189 5.65061 0.0634577 0.0374893 135.535
342134 13 0.01 1.5 32.9 -0.0929104 0.449723 11.3487 -0.0325377 0.155321 126.34
343637 13 0.01 1.5 32.9 -0.256729 -0.422703 4.64574 -0.0353181 -0.0588532 148.13
344351 13 0.01 1.5 32.9 0.49579 -0.440397 6.03509 0.090986 -0.0808675 143.324
345126 13 0.01 1.5 32.9 -0.0654282 -0.460536 3.06338 -0.00618342 -0.0447073 136.778
345747 13 0.01 1.5 32.9 0.389953 0.196442 5.45793 0.0626154 0.0323184 143.745
345802 13 0.01 1.5 32.9 0.0106744 0.398256 6.17446 0.00163327 0.072154 141.2
346115 13 0.01 1.5 32.9 -0.494486 0.484565 4.30293 -0.065326 0.064659 138.029
348804 13 0.01 1.5 32.9 -0.174541 -0.279942 1.14028 -0.00697371 -0.0065138 137.812
352015 13 0.01 1.5 32.9 0.429914 -0.397957 5.0316 0.0637422 -0.0598244 146.281
352877 13 0.01 1.5 32.9 0.0992005 0.108591 1.62433 0.00439234 0.00708101 127.088
352943 13 0.01 1.5 32.9 -0.499103 -0.498237 4.39352 -0.065407 -0.0657824 147.503
353363 13 0.01 1.5 32.9 0.258226 -0.0754351 5.46542 0.0426414 -0.0117118 136.662
353610 13 0.01 1.5 32.9 -0.442064 0.177585 6.94004 -0.0928662 0.037421 128.102
354004 13 0.01 1.5 32.9 0.383261 0.204491 6.03476 0.0666427 0.0349789 135.838
354132 13 0.01 1.5 32.9 0.464804 0.448658 6.40889 0.090218 0.0847287 140.384
354361 13 0.01 1.5 32.9 -0.36329 -0.111038 6.85611 -0.0767278 -0.0220602 141.165
354703 13 0.01 1.5 32.9 0.18843 0.210701 3.15948 0.0178702 0.0214575 138.771
356032 13 0.01 1.5 32.9 0.206458 0.495129 5.97363 0.0362522 0.0917546 144.679
356538 13 0.01 1.5 32.9 0.0889328 0.243082 2.7401 0.00856667 0.0200273 139.156
356957 13 0.01 1.5 32.9 0.00411209 0.000253493 7.28656 -0.000310585 -0.0015319 136.172
356981 13 0.01 1.5 32.9 -0.188239 -0.162904 7.04234 -0.0411308 -0.0340607 139.189
361478 13 0.01 1.5 32.9 0.019135 0.0356113 6.91654 0.00594202 0.00789013 140.851
361830 13 0.01 1.5 32.9 -0.212865 0.485938 4.77707 -0.0310589 0.0698736 145.107
364300 13 0.01 1.5 32.9 -0.381702 -0.172654 3.46827 -0.0405048 -0.0170076 143.445
364432 13 0.01 1.5 32.9 -0.221113 0.494774 2.64623 -0.0163336 0.0399058 129.676
365078 13 0.01 1.5 32.9 0.0223882 -0.223188 12.6297 0.00792778 -0.084873 123.347
366093 13 0.01 1.5 32.9 -0.437405 0.00725777 10.3836 -0.136036 0.00349705 124.475
366880 13 0.01 1.5 32.9 -0.364042 -0.449274 2.9754 -0.0343497 -0.0385458 134.898
368122 13 0.01 1.5 32.9 0.120931 -0.139893 3.63498 0.0122485 -0.0168338 147.708
368158 13 0.01 1.5 32.9 0.450044 -0.0321181 2.48479 0.0343613 -0.00223731 123.97
368326 13 0.01 1.5 32.9 0.171168 -0.421879 6.3143 0.0321847 -0.0806409 137.871
372972 13 0.01 1.5 32.9 -0.188465 0.488709 3.80435 -0.022359 0.0576548 146.607
375302 13 0.01 1.5 32.9 -0.173323 0.161995 6.81741 -0.0345054 0.0319107 134.721
375764 13 0.01 1.5 32.9 -0.279701 -0.231659 4.86241 -0.0392131 -0.0336829 126.873
378312 13 0.01 1.5 32.9 -0.37301 -0.420974 2.48168 -0.0299337 -0.0315443 139.914
378430 13 0.01 1.5 32.9 -0.453707 0.26882 3.46339 -0.046464 0.0289552 138.271
379067 13 0.01 1.5 32.9 0.0518916 -0.209253 10.8157 0.0169725 -0.0690698 128.456
379765 13 0.01 1.5 32.9 -0.236983 0.474787 7.70118 -0.0563405 0.111155 135.315
380406 13 0.01 1.5 32.9 -0.319697 -0.3997 6.05752 -0.0573752 -0.0757372 132.727
382207 13 0.01 1.5 32.9 0.25532 0.00742815 2.68132 0.0218397 0.00152408 138.916
383581 13 0.01 1.5 32.9 0.303245 0.363094 5.64121 0.0505419 0.0621972 138.64
384447 13 0.01 1.5 32.9 0.0938247 -0.228537 4.1642 0.0125561 -0.0295678 130.541
385743 13 0.01 1.5 32.9 -0.495001 -0.0431266 7.31808 -0.110186 -0.0118729 135.017
387118 13 0.01 1.5 32.9 0.235086 0.467704 4.81902 0.0342841 0.0679283 144.305
388067 13 0.01 1.5 32.9 -0.431048 -0.296078 2.84241 -0.0368975 -0.0296561 133.877
388454 13 0.01 1.5 32.9 -0.206405 0.233624 42.4655 -0.267598 0.30247 119.669
389787 13 0.01 1.5 32.9 0.44797 -0.0084556 2.80613 0.0377436 -0.00226461 125.201
389891 13 0.01 1.5 32.9 0.347429 -0.282419 3.43609 0.0355751 -0.0275481 143.067
390579 13 0.01 1.5 32.9 0.413946 -0.25844 2.67591 0.0333618 -0.0194294 133.813
390960 13 0.01 1.5 32.9 -0.234824 0.110864 12.0269 -0.0836788 0.042386 123.942
391751 13 0.01 1.5 32.9 0.0498055 -0.277002 5.60375 0.00785307 -0.0465782 141.412
391956 13 0.01 1.5 32.9 -0.467937 -0.339323 4.07192 -0.0602478 -0.0428406 146.482
392706 13 0.01 1.5 32.9 0.26549 -0.104413 3.16394 0.0253556 -0.00906464 142.74
392835 13 0.01 1.5 32.9 -0.0503671 -0.178768 3.15613 -0.00505961 -0.0194843 143.414
393284 13 0.01 1.5 32.9 -0.183329 -0.258093 9.51482 -0.0524936 -0.0748104 124.213
393841 13 0.01 1.5 32.9 -0.176704 0.00796696 2.87307 -0.0150606 0.000664565 136.003
393944 13 0.01 1.5 32.9 0.482476 0.464673 3.09737 0.0467111 0.0452963 143.198
394030 13 0.01 1.5 32.9 0.0150258 0.490284 5.05931 0.00285507 0.0755734 141.149
394951 13 0.01 1.5 32.9 -0.0315891 -0.439675 2.12139 0.00053084 -0.0282712 129.87
395222 13 0.01 1.5 32.9 0.439262 -0.353191 5.78394 0.0773037 -0.0624836 143.381
396360 13 0.01 1.5 32.9 -0.118708 -0.0479167 4.58697 -0.0172836 -0.00820933 141.884
397176 13 0.01 1.5 32.9 -0.337656 0.311127 10.4329 -0.10744 0.100014 124.662
397943 13 0.01 1.5 32.9 0.389785 -0.440436 4.04075 0.0497344 -0.0514811 139.787
398561 13 0.01 1.5 32.9 0.00259905 0.0785139 1.66813 0.000787461 0.00427322 134.509
400402 13 0.01 1.5 32.9 0.188512 -0.0529979 4.72667 0.0271539 -0.00692681 144.719
401863 13 0.01 1.5 32.9 -0.267097 0.0977451 8.72972 -0.069698 0.0250429 129.373
402136 13 0.01 1.5 32.9 -0.498452 -0.39838 8.30297 -0.126152 -0.10238 119.683
403111 13 0.01 1.5 32.9 -0.39497 0.200552 4.08143 -0.0522116 0.0249036 140.143
403265 13 0.01 1.5 32.9 0.173447 0.453481 1.76266 0.0090661 0.0204823 133.095
403655 13 0.01 1.5 32.9 -0.237975 0.272908 1.95058 -0.0137895 0.0139267 128.168
404173 13 0.01 1.5 32.9 0.232126 -0.347122 4.25726 0.0304021 -0.0439689 129.926
404323 13 0.01 1.5 32.9 -0.0803291 -0.452442 10.7437 -0.0256936 -0.14756 120.834
404355 13 0.01 1.5 32.9 0.482045 -0.230199 4.41845 0.0654161 -0.0307382 133.745
404479 13 0.01 1.5 32.9 -0.398751 -0.276928 9.18482 -0.111074 -0.0764298 131.698
406074 13 0.01 1.5 32.9 -0.152851 0.151502 2.5367 -0.0113306 0.0106755 147.265
406168 13 0.01 1.5 32.9 -0.444246 0.358869 4.36192 -0.0591405 0.0442527 144.596
406313 13 0.01 1.5 32.9 0.22365 0.188508 5.45507 0.03863 0.0313734 126.547
406773 13 0.01 1.5 32.9 0.375027 0.192856 4.298 0.0504368 0.0243691 130.258
408357 13 0.01 1.5 32.9 -0.350495 0.276887 3.46989 -0.0378305 0.0291407 144.524
408884 13 0.01 1.5 32.9 -0.333788 0.165302 3.67794 -0.0380387 0.0146738 142.437
409667 13 0.01 1.5 32.9 0.402962 0.453143 18.5062 0.227459 0.254082 123.047
409669 13 0.01 1.5 32.9 0.335972 -0.0499485 2.61366 0.0269824 -0.00468542 138.217
409817 13 0.01 1.5 32.9 -0.494782 -0.293839 6.18023 -0.0941138 -0.0550424 139.653
410903 13 0.01 1.5 32.9 -0.0365353 -0.0529942 9.09148 -0.0110187 -0.0153434 128.928
412044 13 0.01 1.5 32.9 -0.463255 0.107771 8.85578 -0.124873 0.0313811 126.957
416625 13 0.01 1.5 32.9 0.479203 0.240847 2.57995 0.038816 0.0152867 138.225
417810 13 0.01 1.5 32.9 0.334284 0.404461 3.32212 0.0343511 0.0409977 123.02
418546 13 0.01 1.5 32.9 -0.0390593 0.170408 2.46529 -0.00233291 0.0134533 140.043
419378 13 0.01 1.5 32.9 -0.215723 0.18272 2.62278 -0.0174213 0.0170147 139.828
419665 13 0.01 1.5 32.9 0.303625 0.355579 4.91895 0.045263 0.0503699 145.787
419729 13 0.01 1.5 32.9 0.277192 -0.295895 3.42285 0.0292804 -0.0328905 143.096
419796 13 0.01 1.5 32.9 0.167147 0.316317 3.09308 0.0168341 0.0293064 142.636
422917 13 0.01 1.5 32.9 0.257143 0.284424 3.96281 0.0300391 0.0339846 128.864
423397 13 0.01 1.5 32.9 0.413986 0.463837 8.29939 0.105187 0.116637 130.722
423458 13 0.01 1.5 32.9 -0.0988934 0.470628 2.58754 -0.00766682 0.0369331 139.271
424804 13 0.01 1.5 32.9 -0.489367 -0.0337232 3.85393 -0.0563928 -0.00421573 137.814
424861 13 0.01 1.5 32.9 0.283266 0.459972 4.82803 0.0400903 0.0669206 134.837
425209 13 0.01 1.5 32.9 0.438976 -0.215446 4.54471 0.0592988 -0.0283482 139.068
425666 13 0.01 1.5 32.9 0.264538 0.0084954 7.42833 0.0603384 0.000437062 131.666
426118 13 0.01 1.5 32.9 -0.339697 -0.208185 1.71633 -0.0164447 -0.0118574 128.363
426663 13 0.01 1.5 32.9 0.199824 -0.0928815 6.21771 0.0360616 -0.0181976 134.38
426801 13 0.01 1.5 32.9 0.160748 -0.314449 3.61795 0.0164998 -0.0339079 146.113
427703 13 0.01 1.5 32.9 -0.459941 0.133535 5.14559 -0.070971 0.0227106 142.478
427714 13 0.01 1.5 32.9 -0.434245 -0.230716 5.24469 -0.0692986 -0.0399251 138.808
428370 13 0.01 1.5 32.9 -0.0337214 0.0195101 5.67259 -0.00492706 0.00179987 139.567
428687 13 0.01 1.5 32.9 -0.102534 -0.429279 4.79574 -0.0153431 -0.0651186 148.333
429458 13 0.01 1.5 32.9 -0.269686 -0.478089 1.51483 -0.013337 -0.0219239 128.99
430001 13 0.01 1.5 32.9 0.347206 0.274934 7.25164 0.0749175 0.0601372 137.288
431722 13 0.01 1.5 32.9 0.174289 0.250325 4.21566 0.0225795 0.0307735 142.608
432880 13 0.01 1.5 32.9 -0.202673 -0.0079771 7.85868 -0.0485795 -0.00565136 134.827
435094 13 0.01 1.5 32.9 0.00289115 -0.423965 2.79185 0.00348339 -0.0342054 146.4
435332 13 0.01 1.5 32.9 -0.0671907 -0.126819 3.5471 -0.00779511 -0.0153325 144.701
436046 13 0.01 1.5 32.9 0.326703 -0.331306 6.95636 0.0682969 -0.0671159 130.863
436814 13 0.01 1.5 32.9 -0.3622 -0.149166 6.29042 -0.0717731 -0.0271369 133.014
436860 13 0.01 1.5 32.9 0.170257 0.0576313 5.60543 0.0301871 0.00909352 124.352
437227 13 0.01 1.5 32.9 0.289834 0.203807 1.82765 0.0156024 0.0120684 135.541
438007 13 0.01 1.5 32.9 -0.334545 0.480362 11.6112 -0.11781 0.169968 124.578
439643 13 0.01 1.5 32.9 0.317258 0.23363 9.19961 0.0885296 0.0665428 128.461
442521 13 0.01 1.5 32.9 -0.426949 0.164068 1.42195 -0.0196908 0.00816467 126.18
442699 13 0.01 1.5 32.9 -0.0158831 -0.021942 6.68652 -0.00313847 -0.00386431 140.061
442946 13 0.01 1.5 32.9 -0.0845956 -0.221375 2.00631 -0.00236239 -0.0137513 134.344
444104 13 0.01 1.5 32.9 -0.119758 -0.266129 5.97494 -0.0216956 -0.0485372 126.3
444596 13 0.01 1.5 32.9 -0.298879 0.189444 6.78708 -0.0632178 0.0388636 128.254
445268 13 0.01 1.5 32.9 -0.05407 0.0654751 7.58413 -0.0116334 0.0133263 136.653
445791 13 0.01 1.5 32.9 -0.0446456 -0.165419 5.95184 -0.00766128 -0.0309063 141.064
446425 13 0.01 1.5 32.9 0.212387 -0.0431247 6.30954 0.0432042 -0.00915887 135.355
447897 13 0.01 1.5 32.9 -0.381715 0.0154648 3.83353 -0.044019 0.00330725 140.433
448579 13 0.01 1.5 32.9 -0.0862018 0.370128 4.54843 -0.0122432 0.0525992 135.959
448939 13 0.01 1.5 32.9 0.398585 -0.483112 5.29057 0.0652663 -0.0791767 139.492
449452 13 0.01 1.5 32.9 0.454481 0.426094 3.59583 0.0508849 0.0467148 129.172
450701 13 0.01 1.5 32.9 0.0832278 -0.369256 7.09434 0.0184343 -0.0795524 139.452
451635 13 0.01 1.5 32.9 -0.0822629 -0.270577 4.93376 -0.0132726 -0.039767 146.043
451660 13 0.01 1.5 32.9 -0.437861 -0.126521 7.27758 -0.0955544 -0.0268006 139.065
452257 13 0.01 1.5 32.9 0.103166 0.233826 6.65995 0.0199414 0.0477914 127.837
452633 13 0.01 1.5 32.9 0.467329 0.00290768 2.6903 0.0389499 -6.47027e-05 135.613
453444 13 0.01 1.5 32.9 0.240994 -0.449278 6.71408 0.0483487 -0.0903688 126.379
455875 13 0.01 1.5 32.9 -0.0679688 0.0349971 6.3927 -0.013938 0.00491202 141.533
455893 13 0.01 1.5 32.9 0.4689 -0.295555 10.3076 0.145079 -0.0904291 129.39
457019 13 0.01 1.5 32.9 -0.0319297 -0.473868 5.74913 -0.00455334 -0.0840264 139.664
457042 13 0.01 1.5 32.9 -0.415942 0.486897 7.02383 -0.0896006 0.101337 133.785
457349 13 0.01 1.5 32.9 0.26144 -0.308247 6.39429 0.0513652 -0.06041 140.514
457360 13 0.01 1.5 32.9 0.0606387 0.369356 4.9301 0.00796251 0.0562226 136.688
457391 13 0.01 1.5 32.9 0.341899 -0.226544 2.01799 0.0211664 -0.012717 133.769
459180 13 0.01 1.5 32.9 -0.49529 -0.482107 8.33292 -0.125501 -0.122924 129.277
459287 13 0.01 1.5 32.9 -0.331378 -0.294056 6.39949 -0.0636913 -0.0566148 141.857
462994 13 0.01 1.5 32.9 -0.239982 -0.101552 2.24056 -0.0161134 -0.00644616 139.613
463423 13 0.01 1.5 32.9 -0.0620033 -0.362146 1.20357 -0.00240683 -0.011649 124.454
464460 13 0.01 1.5 32.9 -0.477608 0.429795 6.66765 -0.096336 0.0861047 140.802
464686 13 0.01 1.5 32.9 0.385498 -0.0872553 7.78851 0.092364 -0.0198951 121.825
465185 13 0.01 1.5 32.9 0.132021 0.255721 7.60191 0.0316426 0.0596167 138.529
465837 13 0.01 1.5 32.9 -0.309694 0.161717 4.18136 -0.0375647 0.0200946 140.671
466039 13 0.01 1.5 32.9 0.371396 0.206918 9.29857 0.1069 0.0580321 131.334
466651 13 0.01 1.5 32.9 0.277472 0.456246 2.99242 0.0256501 0.0419465 136.329
467601 13 0.01 1.5 32.9 0.0082813 0.456126 1.71142 -0.000319591 0.0248458 129.239
468971 13 0.01 1.5 32.9 0.0629119 -0.301258 2.14869 0.00268222 -0.0195535 129.544
469226 13 0.01 1.5 32.9 0.342395 -0.115025 4.1402 0.0432334 -0.0155679 137.659
470916 13 0.01 1.5 32.9 0.155084 0.46133 2.0262 0.00792573 0.0294803 131.863
471167 13 0.01 1.5 32.9 0.354234 0.183225 16.6218 0.180156 0.0943284 121.945
471496 13 0.01 1.5 32.9 -0.34972 0.334775 4.42996 -0.0464296 0.0454166 148.579
471521 13 0.01 1.5 32.9 0.379671 -0.0902693 6.40523 0.0751054 -0.0188408 142.258
471547 13 0.01 1.5 32.9 0.470113 0.357033 8.27293 0.118557 0.0897255 133.746
472219 13 0.01 1.5 32.9 -0.282794 0.110679 3.76932 -0.0334576 0.0127361 143.53
473477 13 0.01 1.5 32.9 -0.485049 -0.416594 4.42367 -0.0626703 -0.0571569 143.863
474769 13 0.01 1.5 32.9 -0.469112 -0.136153 4.80082 -0.0688816 -0.0187638 146.734
475769 13 0.01 1.5 32.9 0.386962 0.204047 6.37226 0.0758234 0.0388314 143.224
477051 13 0.01 1.5 32.9 0.143022 -0.175769 4.33513 0.0199322 -0.0222426 134.214
478565 13 0.01 1.5 32.9 -0.164944 0.00842096 3.18535 -0.0168541 -0.00217442 143.936
479015 13 0.01 1.5 32.9 0.277 -0.37842 10.236 0.0839165 -0.11751 129.734
481098 13 0.01 1.5 32.9 0.105316 -0.112647 9.12761 0.0296471 -0.0315549 131.327
481446 13 0.01 1.5 32.9 0.477879 -0.057627 9.53479 0.138267 -0.0163987 130.438
484046 13 0.01 1.5 32.9 0.0726425 0.0586945 4.06793 0.00804201 0.00375522 139.202
486397 13 0.01 1.5 32.9 -0.354467 0.21839 2.38263 -0.0227242 0.0137391 139.923
487504 13 0.01 1.5 32.9 -0.360608 -0.32876 10.5892 -0.117118 -0.108204 128.857
488416 13 0.01 1.5 32.9 0.349054 0.33239 7.1486 0.0753414 0.0722606 128.389
488930 13 0.01 1.5 32.9 -0.377119 -0.329778 7.61732 -0.0866058 -0.0754719 134.035
489315 13 0.01 1.5 32.9 0.105204 -0.233073 3.20489 0.00893372 -0.0238036 132.137
490297 13 0.01 1.5 32.9 -0.307911 0.252015 3.46914 -0.0319647 0.0294503 125.83
491772 13 0.01 1.5 32.9 0.415847 0.102102 5.00256 0.0676392 0.014188 144.941
491829 13 0.01 1.5 32.9 -0.238141 0.252119 10.6759 -0.0801763 0.0795708 129.896
491946 13 0.01 1.5 32.9 -0.247569 -0.253833 5.14961 -0.0384101 -0.0409975 128.548
494588 13 0.01 1.5 32.9 0.245959 0.0579138 5.12601 0.0368374 0.00845041 130.222
497964 13 0.01 1.5 32.9 0.112927 0.475267 4.45069 0.0149408 0.0649924 143.333
498005 13 0.01 1.5 32.9 0.297885 -0.345886 6.98233 0.0644459 -0.0759116 140.976
498594 13 0.01 1.5 32.9 -0.36737 -0.0597984 3.35349 -0.0370493 -0.00581599 144.052
498830 13 0.01 1.5 32.9 -0.114472 0.055762 2.88236 -0.00944316 0.00664578 140.621
