2187 13 0.01 1.5 32.9 0.430235 -0.172015 2.94928 0.0394186 -0.0140985 118.846
3838 13 0.01 1.5 32.9 0.0913188 0.460543 12.7082 0.032538 0.178866 118.846
9601 13 0.01 1.5 32.9 0.318931 0.051986 1.46669 0.0155343 0.00169272 118.846
11036 13 0.01 1.5 32.9 0.450464 0.155716 5.4408 0.0771499 0.0276719 118.846
11087 13 0.01 1.5 32.9 -0.483047 0.278285 8.99629 -0.131356 0.0764266 118.846
13093 13 0.01 1.5 32.9 0.0149867 -0.259647 6.0636 0.00428771 -0.0462353 118.846
13219 13 0.01 1.5 32.9 0.0734138 0.235936 5.14726 0.00996862 0.0378868 118.846
14155 13 0.01 1.5 32.9 0.376189 -0.376524 8.01527 0.0907571 -0.0906169 118.846
18867 13 0.01 1.5 32.9 0.474572 -0.444471 4.51775 0.0673035 -0.0608767 118.846
20376 13 0.01 1.5 32.9 0.265051 0.361121 9.45968 0.0755625 0.105289 118.846
23407 13 0.01 1.5 32.9 0.22597 0.359121 4.77794 0.0334851 0.0511626 118.846
23692 13 0.01 1.5 32.9 0.0464826 -0.298588 5.26241 0.00592294 -0.0488266 118.846
24425 13 0.01 1.5 32.9 -0.244399 -0.410468 4.0474 -0.0285539 -0.0495452 118.846
25006 13 0.01 1.5 32.9 0.331039 0.167097 2.49138 0.0270307 0.0136784 118.846
25674 13 0.01 1.5 32.9 0.343198 -0.0463468 1.63975 0.018166 -0.000748359 118.846
28069 13 0.01 1.5 32.9 0.00488933 0.198649 3.22 -0.000828857 0.0198842 118.846
30242 13 0.01 1.5 32.9 -0.202686 -0.158502 6.01337 -0.0366505 -0.0267077 118.846
32110 13 0.01 1.5 32.9 -0.330929 0.0668621 1.06822 -0.00942631 0.0029459 118.846
32652 13 0.01 1.5 32.9 -0.0676219 0.390908 4.86065 -0.0111432 0.055321 118.846
33013 13 0.01 1.5 32.9 0.0159928 0.081612 0.696814 -0.00155079 0.00366897 118.846
34034 13 0.01 1.5 32.9 0.020538 0.0782912 5.74646 0.00558711 0.0150905 118.846
35938 13 0.01 1.5 32.9 -0.084173 0.0638362 3.7273 -0.0109781 0.00796678 118.846
36868 13 0.01 1.5 32.9 -0.334846 -0.02048 6.49069 -0.065557 -0.00234401 118.846
37542 13 0.01 1.5 32.9 -0.227988 0.421289 11.8305 -0.0802384 0.152517 118.846
39426 13 0.01 1.5 32.9 -0.233589 -0.0581902 4.41908 -0.0304898 -0.00646663 118.846
42801 13 0.01 1.5 32.9 0.221373 0.191731 1.99846 0.015121 0.0127542 118.846
49395 13 0.01 1.5 32.9 0.041119 0.0208899 7.1982 0.00899191 0.00351758 118.846
52274 13 0.01 1.5 32.9 0.151415 -0.146928 7.21921 0.0324133 -0.0300023 118.846
53181 13 0.01 1.5 32.9 -0.193846 -0.490941 7.05577 -0.0425054 -0.106237 118.846
54111 13 0.01 1.5 32.9 0.142009 -0.238112 7.56732 0.0320908 -0.0550473 118.846
55544 13 0.01 1.5 32.9 0.180428 0.11238 5.84858 0.030863 0.0203594 118.846
57871 13 0.01 1.5 32.9 0.172199 0.454052 4.61989 0.0253276 0.0647936 118.846
57992 13 0.01 1.5 32.9 0.228078 -0.0635259 4.04918 0.0291769 -0.00904069 118.846
63220 13 0.01 1.5 32.9 -0.434811 0.26777 4.90441 -0.0659957 0.0408688 118.846
64490 13 0.01 1.5 32.9 -0.274727 0.411923 1.57712 -0.0159436 0.0206288 118.846
65097 13 0.01 1.5 32.9 0.258122 0.321954 8.34818 0.0645777 0.0812593 118.846
65564 13 0.01 1.5 32.9 -0.380772 0.0316267 3.75003 -0.0439832 0.0028923 118.846
66689 13 0.01 1.5 32.9 0.454645 -0.28855 2.30209 0.0319033 -0.016793 118.846
67522 13 0.01 1.5 32.9 0.179962 -0.416341 3.45565 0.0178393 -0.0437095 118.846
68542 13 0.01 1.5 32.9 0.170699 0.0214894 4.44978 0.0218983 0.0024457 118.846
68850 13 0.01 1.5 32.9 0.0502918 0.00274168 3.92659 0.00509528 0.00145764 118.846
69169 13 0.01 1.5 32.9 -0.370725 0.0611839 6.59 -0.0741182 0.0140307 118.846
70002 13 0.01 1.5 32.9 0.496837 0.214732 8.93875 0.136084 0.0585009 118.846
70278 13 0.01 1.5 32.9 -0.279065 0.0122521 5.70283 -0.049181 0.00164437 118.846
70656 13 0.01 1.5 32.9 -0.070334 -0.275797 7.12559 -0.0153033 -0.0599739 118.846
77569 13 0.01 1.5 32.9 0.139113 0.046816 6.94626 0.0255458 0.00877034 118.846
78736 13 0.01 1.5 32.9 0.316515 -0.47114 7.02289 0.0696002 -0.0987049 118.846
79595 13 0.01 1.5 32.9 -0.234688 -0.11521 6.2854 -0.0464519 -0.0237148 118.846
83355 13 0.01 1.5 32.9 -0.393278 -0.462329 4.94087 -0.0591331 -0.0689906 118.846
84374 13 0.01 1.5 32.9 0.160433 0.461441 6.46391 0.0298336 0.0911947 118.846
86236 13 0.01 1.5 32.9 -0.339184 -0.0427302 6.51026 -0.0682226 -0.00801148 118.846
88236 13 0.01 1.5 32.9 0.283837 0.0646664 1.29396 0.010844 0.00127126 118.846
89142 13 0.01 1.5 32.9 -0.0715266 0.0485235 5.84741 -0.0139509 0.0111271 118.846
95315 13 0.01 1.5 32.9 -0.152718 -0.363134 3.44696 -0.0162841 -0.0369883 118.846
96303 13 0.01 1.5 32.9 0.413337 0.210873 4.41457 0.0544916 0.0290073 118.846
96626 13 0.01 1.5 32.9 0.0383612 -0.0823962 2.76399 0.00586709 -0.00635466 118.846
102413 13 0.01 1.5 32.9 0.186781 0.147717 4.31906 0.0224823 0.0207322 118.846
104400 13 0.01 1.5 32.9 0.392893 -0.424283 3.7784 0.0451137 -0.0456393 118.846
105856 13 0.01 1.5 32.9 0.360389 0.0834953 5.79033 0.0629161 0.0135653 118.846
108807 13 0.01 1.5 32.9 0.498485 -0.395814 3.12578 0.0453653 -0.0371412 118.846
114720 13 0.01 1.5 32.9 -0.109301 0.209404 9.28543 -0.0334214 0.060535 118.846
118216 13 0.01 1.5 32.9 -0.0156908 -0.145036 5.03064 -0.00117691 -0.0196752 118.846
118324 13 0.01 1.5 32.9 0.45529 -0.437988 4.88468 0.067401 -0.0648924 118.846
120274 13 0.01 1.5 32.9 0.0151274 -0.369255 2.43882 0.00275101 -0.0284615 118.846
120955 13 0.01 1.5 32.9 -0.136412 0.333451 2.63606 -0.0102949 0.0269055 118.846
125496 13 0.01 1.5 32.9 0.0196867 0.31132 5.93185 0.00377403 0.0567359 118.846
128772 13 0.01 1.5 32.9 0.452036 -0.380729 4.02024 0.0556273 -0.0485743 118.846
128878 13 0.01 1.5 32.9 -0.178689 0.0668903 3.86903 -0.0219596 0.0101286 118.846
128973 13 0.01 1.5 32.9 0.397735 -0.380887 3.32185 0.0396344 -0.0394165 118.846
133724 13 0.01 1.5 32.9 0.155329 0.420137 4.6324 0.0204396 0.0616141 118.846
135075 13 0.01 1.5 32.9 0.477737 -0.459169 11.4746 0.165576 -0.160391 118.846
135820 13 0.01 1.5 32.9 -0.214107 0.114461 8.25341 -0.0535418 0.029198 118.846
136979 13 0.01 1.5 32.9 -0.442735 0.322206 4.28548 -0.0565621 0.041584 118.846
137328 13 0.01 1.5 32.9 0.144926 0.446182 2.35445 0.00972901 0.03402 118.846
138366 13 0.01 1.5 32.9 -0.234085 0.433934 7.62536 -0.0520997 0.102121 118.846
139510 13 0.01 1.5 32.9 0.115438 0.116915 9.04138 0.0321215 0.0351512 118.846
140603 13 0.01 1.5 32.9 -0.217322 -0.407006 3.30501 -0.0206402 -0.0385181 118.846
140749 13 0.01 1.5 32.9 0.372766 0.288583 7.38031 0.0863923 0.0655635 118.846
141783 13 0.01 1.5 32.9 -0.213442 -0.133639 2.1072 -0.0134633 -0.00816427 118.846
143139 13 0.01 1.5 32.9 -0.453308 -0.184713 4.62576 -0.0627297 -0.0272921 118.846
143923 13 0.01 1.5 32.9 0.149006 0.243093 2.66865 0.0121539 0.0205548 118.846
144147 13 0.01 1.5 32.9 0.45156 -0.44336 2.98636 0.0417046 -0.0394425 118.846
145501 13 0.01 1.5 32.9 -0.439427 -0.306818 4.68765 -0.060874 -0.0444824 118.846
145810 13 0.01 1.5 32.9 0.0624174 0.214997 2.88219 0.00444012 0.021325 118.846
148709 13 0.01 1.5 32.9 -0.436712 -0.26779 5.43441 -0.0725808 -0.0446926 118.846
149979 13 0.01 1.5 32.9 0.311698 0.490417 3.31957 0.0301166 0.052869 118.846
151296 13 0.01 1.5 32.9 -0.491413 -0.209762 5.35334 -0.0796472 -0.0354602 118.846
151476 13 0.01 1.5 32.9 0.369705 0.194253 1.82179 0.0199429 0.0133399 118.846
154519 13 0.01 1.5 32.9 0.166848 0.468419 3.0202 0.0171097 0.0420064 118.846
154908 13 0.01 1.5 32.9 -0.212228 0.363778 7.28982 -0.045978 0.0812068 118.846
160228 13 0.01 1.5 32.9 -0.0685993 0.153519 8.71811 -0.0159256 0.0416993 118.846
163726 13 0.01 1.5 32.9 0.330174 0.0119351 2.75707 0.0276292 0.00346367 118.846
164685 13 0.01 1.5 32.9 -0.329205 0.0110128 5.40408 -0.0528584 0.000697953 118.846
165171 13 0.01 1.5 32.9 -0.0689084 0.32388 9.8129 -0.0188636 0.0932018 118.846
165361 13 0.01 1.5 32.9 0.387891 -0.168011 4.95164 0.057777 -0.0235847 118.846
171259 13 0.01 1.5 32.9 -0.23376 -0.302612 6.83724 -0.0474213 -0.0626898 118.846
171515 13 0.01 1.5 32.9 -0.0923902 -0.116001 7.31341 -0.0216632 -0.0271025 118.846
171835 13 0.01 1.5 32.9 -0.49821 -0.132346 3.91964 -0.0588539 -0.015663 118.846
176783 13 0.01 1.5 32.9 0.171981 0.0771301 5.3418 0.0270243 0.0128056 118.846
177861 13 0.01 1.5 32.9 -0.288354 -0.17733 3.43102 -0.0306213 -0.0206922 118.846
181701 13 0.01 1.5 32.9 -0.124594 0.474202 18.1722 -0.0704465 0.261616 118.846
181917 13 0.01 1.5 32.9 0.35512 0.295238 3.32274 0.0357325 0.0300533 118.846
182049 13 0.01 1.5 32.9 0.0448798 0.357583 4.57251 0.00410224 0.0516233 118.846
182825 13 0.01 1.5 32.9 0.183223 -0.402678 3.2439 0.0184292 -0.0382671 118.846
183749 13 0.01 1.5 32.9 0.492423 0.442285 8.21584 0.12342 0.110837 118.846
184716 13 0.01 1.5 32.9 -0.456541 0.374508 4.06866 -0.0565896 0.0465698 118.846
185473 13 0.01 1.5 32.9 -0.252666 -0.151604 8.72211 -0.0668043 -0.0394398 118.846
188002 13 0.01 1.5 32.9 0.139008 0.149876 1.17421 0.00358535 0.0033812 118.846
189095 13 0.01 1.5 32.9 -0.432201 0.177325 8.02884 -0.104989 0.0442973 118.846
190209 13 0.01 1.5 32.9 -0.420168 -0.27271 11.3091 -0.145121 -0.0921601 118.846
195254 13 0.01 1.5 32.9 -0.309362 0.217116 1.38981 -0.0122978 0.00988342 118.846
196745 13 0.01 1.5 32.9 -0.293639 0.491512 3.32773 -0.0295397 0.0481053 118.846
196785 13 0.01 1.5 32.9 -0.156278 -0.0376223 5.6003 -0.0250235 -0.00620598 118.846
197462 13 0.01 1.5 32.9 -0.274547 0.279682 7.09876 -0.0591789 0.0601154 118.846
198405 13 0.01 1.5 32.9 -0.297479 0.160539 8.44431 -0.0777313 0.0402576 118.846
201660 13 0.01 1.5 32.9 -0.232428 -0.211327 3.0569 -0.0192618 -0.0157255 118.846
203995 13 0.01 1.5 32.9 -0.295333 -0.156366 7.39166 -0.0680125 -0.0344888 118.846
205283 13 0.01 1.5 32.9 -0.483445 -0.215842 6.46638 -0.0970614 -0.0423447 118.846
206503 13 0.01 1.5 32.9 -0.271485 -0.475817 5.5242 -0.0447152 -0.0768886 118.846
213289 13 0.01 1.5 32.9 -0.265678 0.0793438 2.46915 -0.020107 0.00921753 118.846
215851 13 0.01 1.5 32.9 0.374222 -0.0680904 3.23743 0.0355126 -0.00524884 118.846
217360 13 0.01 1.5 32.9 -0.00610202 0.0015438 6.56486 -0.00166012 0.00139944 118.846
217793 13 0.01 1.5 32.9 -0.23408 -0.433447 4.77334 -0.037891 -0.0625145 118.846
218338 13 0.01 1.5 32.9 -0.210274 -0.155507 3.79105 -0.0255327 -0.0179722 118.846
219424 13 0.01 1.5 32.9 -0.41958 0.480814 3.1088 -0.0388562 0.0454136 118.846
219443 13 0.01 1.5 32.9 0.171983 -0.362237 4.32508 0.0250068 -0.0475227 118.846
222172 13 0.01 1.5 32.9 -0.0761248 -0.264696 20.6616 -0.0495823 -0.166948 118.846
229660 13 0.01 1.5 32.9 0.145984 -0.49693 1.85937 0.0109111 -0.0295519 118.846
230379 13 0.01 1.5 32.9 -0.179121 0.40202 6.00819 -0.0325912 0.0720285 118.846
231318 13 0.01 1.5 32.9 0.29095 -0.282002 3.345 0.0284186 -0.0289307 118.846
232271 13 0.01 1.5 32.9 0.197056 -0.00231541 6.14469 0.0366319 -0.000850818 118.846
232487 13 0.01 1.5 32.9 -0.113854 0.050735 7.00192 -0.0238081 0.0133216 118.846
233349 13 0.01 1.5 32.9 0.431268 -0.299234 4.36583 0.0578588 -0.0385505 118.846
234576 13 0.01 1.5 32.9 -0.143292 -0.429643 5.02854 -0.0210479 -0.0652672 118.846
234740 13 0.01 1.5 32.9 0.209195 0.193048 2.9651 0.0196727 0.0172423 118.846
236696 13 0.01 1.5 32.9 0.069266 0.202276 6.40931 0.015334 0.0416063 118.846
236946 13 0.01 1.5 32.9 0.317703 0.351308 9.6549 0.0931028 0.101857 118.846
239801 13 0.01 1.5 32.9 0.323361 0.46715 9.3291 0.0924198 0.134256 118.846
242710 13 0.01 1.5 32.9 -0.356562 -0.259588 2.74173 -0.0296616 -0.0196204 118.846
242770 13 0.01 1.5 32.9 0.292425 -0.3494 7.59839 0.0669592 -0.0804767 118.846
243187 13 0.01 1.5 32.9 -0.469691 0.406673 5.79713 -0.0834314 0.0714135 118.846
245778 13 0.01 1.5 32.9 -0.496598 0.173281 7.35636 -0.111207 0.039591 118.846
247203 13 0.01 1.5 32.9 -0.198853 -0.243894 6.24269 -0.0393462 -0.0443874 118.846
250175 13 0.01 1.5 32.9 -0.300282 0.0456957 7.7751 -0.070969 0.0122123 118.846
251531 13 0.01 1.5 32.9 0.317937 0.146239 4.53499 0.0439087 0.0177273 118.846
252701 13 0.01 1.5 32.9 0.30303 0.0928869 10.8656 0.10098 0.0296595 118.846
255739 13 0.01 1.5 32.9 -0.484371 -0.409066 5.36487 -0.0768088 -0.0661052 118.846
257488 13 0.01 1.5 32.9 -0.0385584 0.189435 8.46028 -0.0083404 0.0495499 118.846
262542 13 0.01 1.5 32.9 0.399226 0.000122708 12.2772 0.150978 0.0022984 118.846
262598 13 0.01 1.5 32.9 0.280567 -0.303455 2.99094 0.0272328 -0.0277175 118.846
264421 13 0.01 1.5 32.9 -0.207084 -0.0738975 3.73753 -0.0237237 -0.00882996 118.846
264838 13 0.01 1.5 32.9 0.376018 -0.475459 5.51586 0.064535 -0.0774248 118.846
266151 13 0.01 1.5 32.9 0.454167 -0.131546 5.64203 0.0766779 -0.0234013 118.846
271231 13 0.01 1.5 32.9 0.271556 -0.281095 2.60237 0.0191441 -0.0209276 118.846
271316 13 0.01 1.5 32.9 -0.0422648 -0.0689988 3.36783 -0.00310124 -0.00326337 118.846
274437 13 0.01 1.5 32.9 0.30867 -0.401107 2.03809 0.0206757 -0.0222058 118.846
275647 13 0.01 1.5 32.9 -0.204789 0.338675 3.87292 -0.0255734 0.0404374 118.846
276087 13 0.01 1.5 32.9 -0.0409995 -0.106381 11.5541 -0.0152343 -0.0353556 118.846
281986 13 0.01 1.5 32.9 0.0280007 -0.235213 4.21627 0.00312141 -0.027645 118.846
282666 13 0.01 1.5 32.9 0.399483 0.439464 3.12306 0.0384736 0.041458 118.846
288521 13 0.01 1.5 32.9 0.363766 0.441827 9.02264 0.0991411 0.121011 118.846
289750 13 0.01 1.5 32.9 0.159916 0.481536 3.0287 0.01438 0.0472927 118.846
291395 13 0.01 1.5 32.9 -0.153114 0.143666 4.74992 -0.0249529 0.0194317 118.846
291648 13 0.01 1.5 32.9 0.299099 0.0991854 4.59419 0.0416785 0.0159371 118.846
291744 13 0.01 1.5 32.9 0.0355086 -0.0362668 4.7492 0.00557156 -0.00340984 118.846
292079 13 0.01 1.5 32.9 -0.332776 -0.0317584 2.80034 -0.0270266 -0.00460768 118.846
293068 13 0.01 1.5 32.9 0.125863 0.450457 3.31321 0.0118707 0.04565 118.846
296518 13 0.01 1.5 32.9 -0.185958 -0.435152 4.55746 -0.0253371 -0.0573302 118.846
297016 13 0.01 1.5 32.9 0.149672 0.474786 5.35261 0.0258594 0.0753631 118.846
297107 13 0.01 1.5 32.9 0.350332 0.0470445 2.9901 0.0312647 0.0060338 118.846
297296 13 0.01 1.5 32.9 -0.279973 0.278075 3.72491 -0.0293752 0.030576 118.846
298449 13 0.01 1.5 32.9 -0.435838 0.134437 12.0815 -0.162432 0.0505055 118.846
298504 13 0.01 1.5 32.9 -0.105201 0.465095 13.4806 -0.0424154 0.192192 118.846
298625 13 0.01 1.5 32.9 0.228693 0.245851 5.88782 0.0411709 0.0447133 118.846
298684 13 0.01 1.5 32.9 0.45531 -0.0749488 3.54783 0.0509163 -0.010512 118.846
299381 13 0.01 1.5 32.9 0.189835 -0.274 6.1828 0.0354341 -0.0497448 118.846
301520 13 0.01 1.5 32.9 0.274196 0.198312 6.21531 0.051823 0.0382396 118.846
305453 13 0.01 1.5 32.9 -0.0166828 0.280287 9.67717 -0.00216414 0.0839059 118.846
307407 13 0.01 1.5 32.9 -0.22327 -0.116625 10.0772 -0.0669701 -0.0361593 118.846
308081 13 0.01 1.5 32.9 -0.346876 -0.0194863 5.01642 -0.0537888 -0.0012088 118.846
312864 13 0.01 1.5 32.9 0.46168 -0.198087 3.9768 0.054845 -0.0242993 118.846
314557 13 0.01 1.5 32.9 -0.259523 -0.387845 4.11344 -0.0333643 -0.0458233 118.846
315791 13 0.01 1.5 32.9 0.242517 -0.44801 4.3944 0.031709 -0.0597256 118.846
317272 13 0.01 1.5 32.9 -0.113718 -0.311907 3.34691 -0.0125733 -0.0302248 118.846
323267 13 0.01 1.5 32.9 -0.286859 0.124076 6.07217 -0.0515389 0.0244361 118.846
325919 13 0.01 1.5 32.9 0.175542 0.0909854 6.41857 0.0334592 0.019917 118.846
326018 13 0.01 1.5 32.9 0.139036 -0.462532 8.41001 0.0357897 -0.118653 118.846
328202 13 0.01 1.5 32.9 0.177178 0.431922 3.82614 0.0174163 0.0512391 118.846
328553 13 0.01 1.5 32.9 -0.342033 0.30575 5.91324 -0.0623502 0.0538557 118.846
329425 13 0.01 1.5 32.9 0.420397 0.113592 10.4826 0.134534 0.0358822 118.846
331061 13 0.01 1.5 32.9 0.294465 0.230391 6.89198 0.0590533 0.0511772 118.846
335004 13 0.01 1.5 32.9 0.053429 -0.224399 2.97409 0.0038338 -0.0210422 118.846
335424 13 0.01 1.5 32.9 0.162391 -0.0909774 5.7277 0.028783 -0.0140049 118.846
338973 13 0.01 1.5 32.9 0.0758531 -0.050377 4.28127 0.00999847 -0.00597716 118.846
339510 13 0.01 1.5 32.9 -0.43498 0.306464 1.26858 -0.0183244 0.0102625 118.846
341714 13 0.01 1.5 32.9 0.369407 0.196189 5.65061 0.0634577 0.0374893 118.846
343637 13 0.01 1.5 32.9 -0.256729 -0.422703 4.64574 -0.0353181 -0.0588532 118.846
345126 13 0.01 1.5 32.9 -0.0654282 -0.460536 3.06338 -0.00618342 -0.0447073 118.846
345747 13 0.01 1.5 32.9 0.389953 0.196442 5.45793 0.0626154 0.0323184 118.846
352015 13 0.01 1.5 32.9 0.429914 -0.397957 5.0316 0.0637422 -0.0598244 118.846
352877 13 0.01 1.5 32.9 0.0992005 0.108591 1.62433 0.00439234 0.00708101 118.846
352943 13 0.01 1.5 32.9 -0.499103 -0.498237 4.39352 -0.065407 -0.0657824 118.846
353363 13 0.01 1.5 32.9 0.258226 -0.0754351 5.46542 0.0426414 -0.0117118 118.846
353610 13 0.01 1.5 32.9 -0.442064 0.177585 6.94004 -0.0928662 0.037421 118.846
354703 13 0.01 1.5 32.9 0.18843 0.210701 3.15948 0.0178702 0.0214575 118.846
356032 13 0.01 1.5 32.9 0.206458 0.495129 5.97363 0.0362522 0.0917546 118.846
356981 13 0.01 1.5 32.9 -0.188239 -0.162904 7.04234 -0.0411308 -0.0340607 118.846
361830 13 0.01 1.5 32.9 -0.212865 0.485938 4.77707 -0.0310589 0.0698736 118.846
364432 13 0.01 1.5 32.9 -0.221113 0.494774 2.64623 -0.0163336 0.0399058 118.846
365078 13 0.01 1.5 32.9 0.0223882 -0.223188 12.6297 0.00792778 -0.084873 118.846
366880 13 0.01 1.5 32.9 -0.364042 -0.449274 2.9754 -0.0343497 -0.0385458 118.846
378312 13 0.01 1.5 32.9 -0.37301 -0.420974 2.48168 -0.0299337 -0.0315443 118.846
378430 13 0.01 1.5 32.9 -0.453707 0.26882 3.46339 -0.046464 0.0289552 118.846
383581 13 0.01 1.5 32.9 0.303245 0.363094 5.64121 0.0505419 0.0621972 118.846
384447 13 0.01 1.5 32.9 0.0938247 -0.228537 4.1642 0.0125561 -0.0295678 118.846
389891 13 0.01 1.5 32.9 0.347429 -0.282419 3.43609 0.0355751 -0.0275481 118.846
390579 13 0.01 1.5 32.9 0.413946 -0.25844 2.67591 0.0333618 -0.0194294 118.846
390960 13 0.01 1.5 32.9 -0.234824 0.110864 12.0269 -0.0836788 0.042386 118.846
391956 13 0.01 1.5 32.9 -0.467937 -0.339323 4.07192 -0.0602478 -0.0428406 118.846
393944 13 0.01 1.5 32.9 0.482476 0.464673 3.09737 0.0467111 0.0452963 118.846
394951 13 0.01 1.5 32.9 -0.0315891 -0.439675 2.12139 0.00053084 -0.0282712 118.846
395222 13 0.01 1.5 32.9 0.439262 -0.353191 5.78394 0.0773037 -0.0624836 118.846
396360 13 0.01 1.5 32.9 -0.118708 -0.0479167 4.58697 -0.0172836 -0.00820933 118.846
400402 13 0.01 1.5 32.9 0.188512 -0.0529979 4.72667 0.0271539 -0.00692681 118.846
403111 13 0.01 1.5 32.9 -0.39497 0.200552 4.08143 -0.0522116 0.0249036 118.846
403655 13 0.01 1.5 32.9 -0.237975 0.272908 1.95058 -0.0137895 0.0139267 118.846
404355 13 0.01 1.5 32.9 0.482045 -0.230199 4.41845 0.0654161 -0.0307382 118.846
406773 13 0.01 1.5 32.9 0.375027 0.192856 4.298 0.0504368 0.0243691 118.846
408357 13 0.01 1.5 32.9 -0.350495 0.276887 3.46989 -0.0378305 0.0291407 118.846
412044 13 0.01 1.5 32.9 -0.463255 0.107771 8.85578 -0.124873 0.0313811 118.846
417810 13 0.01 1.5 32.9 0.334284 0.404461 3.32212 0.0343511 0.0409977 118.846
418546 13 0.01 1.5 32.9 -0.0390593 0.170408 2.46529 -0.00233291 0.0134533 118.846
419378 13 0.01 1.5 32.9 -0.215723 0.18272 2.62278 -0.0174213 0.0170147 118.846
423458 13 0.01 1.5 32.9 -0.0988934 0.470628 2.58754 -0.00766682 0.0369331 118.846
424861 13 0.01 1.5 32.9 0.283266 0.459972 4.82803 0.0400903 0.0669206 118.846
425209 13 0.01 1.5 32.9 0.438976 -0.215446 4.54471 0.0592988 -0.0283482 118.846
426118 13 0.01 1.5 32.9 -0.339697 -0.208185 1.71633 -0.0164447 -0.0118574 118.846
426801 13 0.01 1.5 32.9 0.160748 -0.314449 3.61795 0.0164998 -0.0339079 118.846
427703 13 0.01 1.5 32.9 -0.459941 0.133535 5.14559 -0.070971 0.0227106 118.846
427714 13 0.01 1.5 32.9 -0.434245 -0.230716 5.24469 -0.0692986 -0.0399251 118.846
432880 13 0.01 1.5 32.9 -0.202673 -0.0079771 7.85868 -0.0485795 -0.00565136 118.846
436046 13 0.01 1.5 32.9 0.326703 -0.331306 6.95636 0.0682969 -0.0671159 118.846
436814 13 0.01 1.5 32.9 -0.3622 -0.149166 6.29042 -0.0717731 -0.0271369 118.846
436860 13 0.01 1.5 32.9 0.170257 0.0576313 5.60543 0.0301871 0.00909352 118.846
438007 13 0.01 1.5 32.9 -0.334545 0.480362 11.6112 -0.11781 0.169968 118.846
442521 13 0.01 1.5 32.9 -0.426949 0.164068 1.42195 -0.0196908 0.00816467 118.846
442699 13 0.01 1.5 32.9 -0.0158831 -0.021942 6.68652 -0.00313847 -0.00386431 118.846
442946 13 0.01 1.5 32.9 -0.0845956 -0.221375 2.00631 -0.00236239 -0.0137513 118.846
447897 13 0.01 1.5 32.9 -0.381715 0.0154648 3.83353 -0.044019 0.00330725 118.846
448579 13 0.01 1.5 32.9 -0.0862018 0.370128 4.54843 -0.0122432 0.0525992 118.846
450701 13 0.01 1.5 32.9 0.0832278 -0.369256 7.09434 0.0184343 -0.0795524 118.846
451635 13 0.01 1.5 32.9 -0.0822629 -0.270577 4.93376 -0.0132726 -0.039767 118.846
451660 13 0.01 1.5 32.9 -0.437861 -0.126521 7.27758 -0.0955544 -0.0268006 118.846
455893 13 0.01 1.5 32.9 0.4689 -0.295555 10.3076 0.145079 -0.0904291 118.846
457019 13 0.01 1.5 32.9 -0.0319297 -0.473868 5.74913 -0.00455334 -0.0840264 118.846
457360 13 0.01 1.5 32.9 0.0606387 0.369356 4.9301 0.00796251 0.0562226 118.846
459180 13 0.01 1.5 32.9 -0.49529 -0.482107 8.33292 -0.125501 -0.122924 118.846
459287 13 0.01 1.5 32.9 -0.331378 -0.294056 6.39949 -0.0636913 -0.0566148 118.846
462994 13 0.01 1.5 32.9 -0.239982 -0.101552 2.24056 -0.0161134 -0.00644616 118.846
465185 13 0.01 1.5 32.9 0.132021 0.255721 7.60191 0.0316426 0.0596167 118.846
466039 13 0.01 1.5 32.9 0.371396 0.206918 9.29857 0.1069 0.0580321 118.846
466651 13 0.01 1.5 32.9 0.277472 0.456246 2.99242 0.0256501 0.0419465 118.846
467601 13 0.01 1.5 32.9 0.0082813 0.456126 1.71142 -0.000319591 0.0248458 118.846
468971 13 0.01 1.5 32.9 0.0629119 -0.301258 2.14869 0.00268222 -0.0195535 118.846
470916 13 0.01 1.5 32.9 0.155084 0.46133 2.0262 0.00792573 0.0294803 118.846
471167 13 0.01 1.5 32.9 0.354234 0.183225 16.6218 0.180156 0.0943284 118.846
471496 13 0.01 1.5 32.9 -0.34972 0.334775 4.42996 -0.0464296 0.0454166 118.846
471547 13 0.01 1.5 32.9 0.470113 0.357033 8.27293 0.118557 0.0897255 118.846
475769 13 0.01 1.5 32.9 0.386962 0.204047 6.37226 0.0758234 0.0388314 118.846
477051 13 0.01 1.5 32.9 0.143022 -0.175769 4.33513 0.0199322 -0.0222426 118.846
478565 13 0.01 1.5 32.9 -0.164944 0.00842096 3.18535 -0.0168541 -0.00217442 118.846
479015 13 0.01 1.5 32.9 0.277 -0.37842 10.236 0.0839165 -0.11751 118.846
481446 13 0.01 1.5 32.9 0.477879 -0.057627 9.53479 0.138267 -0.0163987 118.846
488416 13 0.01 1.5 32.9 0.349054 0.33239 7.1486 0.0753414 0.0722606 118.846
488930 13 0.01 1.5 32.9 -0.377119 -0.329778 7.61732 -0.0866058 -0.0754719 118.846
489315 13 0.01 1.5 32.9 0.105204 -0.233073 3.20489 0.00893372 -0.0238036 118.846
490297 13 0.01 1.5 32.9 -0.307911 0.252015 3.46914 -0.0319647 0.0294503 118.846
494588 13 0.01 1.5 32.9 0.245959 0.0579138 5.12601 0.0368374 0.00845041 118.846
497964 13 0.01 1.5 32.9 0.112927 0.475267 4.45069 0.0149408 0.0649924 118.846
498594 13 0.01 1.5 32.9 -0.36737 -0.0597984 3.35349 -0.0370493 -0.00581599 118.846
