4092 13 0.01 0.9 32.9 -0.0853842 0.110095 12.8439 -0.0326489 0.0426964 129.019
4191 13 0.01 0.9 32.9 -0.16006 0.339755 2.6075 -0.0120976 0.0276566 140.067
8269 13 0.01 0.9 32.9 0.263305 0.298452 4.36666 0.0363998 0.0387403 141.98
10731 13 0.01 0.9 32.9 0.373285 -0.46843 2.99037 0.032341 -0.0423227 151.395
12391 13 0.01 0.9 32.9 0.0486976 0.136613 4.21151 0.00772589 0.0153382 129.151
12511 13 0.01 0.9 32.9 -0.29608 0.0763969 41.953 -0.37886 0.0962471 123.758
12605 13 0.01 0.9 32.9 0.385995 0.461927 4.55179 0.0555981 0.0645273 135.461
14845 13 0.01 0.9 32.9 -0.266044 0.162321 6.02186 -0.0496639 0.0302924 144.548
15651 13 0.01 0.9 32.9 0.0312489 0.0984948 2.48441 0.00290368 0.0079532 143.096
15767 13 0.01 0.9 32.9 -0.443254 -0.0749203 4.10023 -0.0545084 -0.0101146 144.84
18819 13 0.01 0.9 32.9 0.42322 0.0884795 4.73248 0.0615469 0.0108265 146.922
18851 13 0.01 0.9 32.9 0.234896 0.0651867 4.29765 0.031782 0.00931386 147.081
19398 13 0.01 0.9 32.9 -0.478043 0.33697 3.84489 -0.0583185 0.0420876 139.063
20381 13 0.01 0.9 32.9 -0.107202 0.427903 6.32053 -0.0210698 0.0832098 145.463
21871 13 0.01 0.9 32.9 -0.462902 -0.133398 4.56621 -0.0640575 -0.0196709 146.661
22823 13 0.01 0.9 32.9 0.40888 0.34751 4.48805 0.0563581 0.0484558 153.768
23026 13 0.01 0.9 32.9 0.461372 0.114477 4.15048 0.0582589 0.0150007 144.309
23227 13 0.01 0.9 32.9 -0.107828 0.462703 5.05261 -0.014759 0.0740823 137.381
23299 13 0.01 0.9 32.9 -0.283871 -0.494288 7.30853 -0.0610449 -0.109492 144.05
23324 13 0.01 0.9 32.9 -0.0235414 0.387839 10.25 -0.00636532 0.120091 134.778
24661 13 0.01 0.9 32.9 -0.460402 -0.251464 2.77888 -0.0403483 -0.0240341 144.36
25372 13 0.01 0.9 32.9 0.41862 0.0221574 3.30223 0.0421076 0.0024857 151.12
25806 13 0.01 0.9 32.9 -0.424507 0.352078 4.13829 -0.0516335 0.0429189 152.846
28111 13 0.01 0.9 32.9 -0.429455 -0.0420324 3.72823 -0.0484773 -0.00428689 137.28
29158 13 0.01 0.9 32.9 -0.268575 0.259852 7.77928 -0.0634367 0.0605567 134.65
30999 13 0.01 0.9 32.9 -0.496607 -0.309979 3.40759 -0.0523501 -0.0330978 137.784
33111 13 0.01 0.9 32.9 0.33104 -0.0512916 6.6565 0.0661054 -0.00953408 137.893
34258 13 0.01 0.9 32.9 0.274664 -0.428993 3.62372 0.0286733 -0.0497282 143.656
34515 13 0.01 0.9 32.9 0.108251 0.315892 5.51153 0.0170581 0.0523659 147.274
35033 13 0.01 0.9 32.9 -0.0121453 -0.482754 3.42396 -0.00354924 -0.0505498 147.584
35225 13 0.01 0.9 32.9 0.299118 -0.389212 7.08884 0.0631398 -0.0844715 138.085
36960 13 0.01 0.9 32.9 0.461446 -0.0259046 6.35928 0.0868853 -0.00590623 130.592
37686 13 0.01 0.9 32.9 0.300626 -0.189952 7.18092 0.0663674 -0.0412087 139.364
38152 13 0.01 0.9 32.9 -0.440462 -0.374482 3.17327 -0.0430358 -0.0344994 135.226
38584 13 0.01 0.9 32.9 -0.0107536 0.285147 11.7013 -0.00252975 0.102153 127.413
39172 13 0.01 0.9 32.9 -0.46528 0.10619 8.39451 -0.119079 0.0256394 135.88
39492 13 0.01 0.9 32.9 -0.448111 0.472926 4.37896 -0.0594925 0.0632767 139.216
40005 13 0.01 0.9 32.9 0.423467 -0.201448 8.58477 0.109517 -0.0525299 134.111
40710 13 0.01 0.9 32.9 0.317717 -0.281792 8.17495 0.0787846 -0.0707733 131.932
40757 13 0.01 0.9 32.9 -0.23003 -0.368607 3.54409 -0.025521 -0.0411127 148.798
40766 13 0.01 0.9 32.9 -0.346641 0.326703 7.07751 -0.0732255 0.0702939 136.306
42065 13 0.01 0.9 32.9 -0.0950303 0.0317704 3.21577 -0.00883788 0.00512179 150.635
42481 13 0.01 0.9 32.9 0.340884 0.48493 6.3718 0.0676384 0.0949979 145.503
45515 13 0.01 0.9 32.9 0.245934 -0.485386 5.22443 0.0399734 -0.0771815 153.302
45760 13 0.01 0.9 32.9 -0.101988 -0.426135 6.69533 -0.0173901 -0.0837974 145.723
47710 13 0.01 0.9 32.9 0.396808 -0.36658 4.00547 0.0483849 -0.0443466 150.661
48030 13 0.01 0.9 32.9 -0.307939 -0.024525 1.09604 -0.0105987 -0.00159904 135.733
48634 13 0.01 0.9 32.9 -0.446945 0.0197678 6.16156 -0.0830519 0.00254865 142.674
48840 13 0.01 0.9 32.9 -0.161437 -0.0639289 19.2677 -0.0945753 -0.0372539 125.608
49426 13 0.01 0.9 32.9 0.260783 0.00477348 5.75141 0.0459739 -3.56136e-08 139.258
50768 13 0.01 0.9 32.9 0.190386 0.45715 4.91121 0.0299189 0.0687986 136.67
50853 13 0.01 0.9 32.9 -0.454769 -0.403196 2.31904 -0.0318816 -0.0286841 141.264
51049 13 0.01 0.9 32.9 0.235376 0.271023 6.0788 0.0428289 0.0490573 143.772
51151 13 0.01 0.9 32.9 0.0777162 -0.117846 9.34681 0.0210461 -0.0333788 134.879
52152 13 0.01 0.9 32.9 -0.205022 -0.481805 5.55056 -0.0349559 -0.0824192 150.445
53165 13 0.01 0.9 32.9 0.49003 -0.19115 7.7963 0.117808 -0.0460751 140.544
53318 13 0.01 0.9 32.9 -0.0435896 0.304075 6.30201 -0.0119531 0.059646 130.045
53662 13 0.01 0.9 32.9 -0.421561 0.458246 5.43155 -0.069304 0.0751071 152.173
55655 13 0.01 0.9 32.9 0.305804 -0.287922 6.75053 0.0601692 -0.0562044 134.958
58832 13 0.01 0.9 32.9 0.384805 -0.247588 5.2501 0.0628799 -0.0374716 141.679
59963 13 0.01 0.9 32.9 -0.0814223 -0.253933 4.82356 -0.00972404 -0.0402105 132.895
60528 13 0.01 0.9 32.9 -0.078642 0.102388 6.65379 -0.0153942 0.019897 138.406
60994 13 0.01 0.9 32.9 0.41345 -0.149714 3.78288 0.0502121 -0.0190007 138.942
62134 13 0.01 0.9 32.9 0.419135 0.269595 1.76214 0.0197952 0.0157088 152.082
62375 13 0.01 0.9 32.9 -0.0267542 -0.210869 2.99102 -0.00355903 -0.0158034 149.724
63412 13 0.01 0.9 32.9 0.315845 0.313307 3.40174 0.0300794 0.0321654 144.485
63899 13 0.01 0.9 32.9 0.334106 -0.373858 5.32133 0.0518213 -0.0615258 138.554
63980 13 0.01 0.9 32.9 0.191264 0.206235 3.3083 0.022184 0.0223906 148.564
65720 13 0.01 0.9 32.9 0.135086 0.400224 4.78269 0.020289 0.0565978 143.539
65749 13 0.01 0.9 32.9 -0.311461 -0.452404 4.32449 -0.0412117 -0.0594293 151.518
67253 13 0.01 0.9 32.9 0.0194203 0.244117 3.6736 0.00179798 0.0262132 150.103
67443 13 0.01 0.9 32.9 -0.0341194 0.240166 3.45906 -0.00531706 0.0241151 141.958
67481 13 0.01 0.9 32.9 -0.144129 0.346759 7.01369 -0.0299196 0.0757704 140.009
67549 13 0.01 0.9 32.9 -0.477247 0.0846811 2.59323 -0.036739 0.00694264 142.122
68847 13 0.01 0.9 32.9 0.287732 0.298842 2.57343 0.0226785 0.0224013 142.795
70386 13 0.01 0.9 32.9 -0.191411 -0.489026 3.28496 -0.0206892 -0.0463404 152.486
71258 13 0.01 0.9 32.9 -0.247622 -0.225558 5.42368 -0.0411294 -0.0375553 140.975
71496 13 0.01 0.9 32.9 -0.0162722 -0.187387 5.26243 -0.00344752 -0.0256604 147.287
72146 13 0.01 0.9 32.9 0.0860357 -0.236217 3.8272 0.0119311 -0.0285584 144.799
74506 13 0.01 0.9 32.9 0.340654 0.120769 3.11502 0.0303607 0.0109145 144.798
75099 13 0.01 0.9 32.9 0.210347 0.41249 3.41413 0.0205119 0.0441493 147.025
76857 13 0.01 0.9 32.9 -0.38803 -0.0938714 5.36797 -0.0628013 -0.0117487 151.185
77540 13 0.01 0.9 32.9 0.272148 -0.382425 4.7728 0.04043 -0.0529797 153.207
77652 13 0.01 0.9 32.9 -0.218954 0.445657 4.78424 -0.0331331 0.0637195 138.05
78025 13 0.01 0.9 32.9 0.270032 0.22933 4.73431 0.0389648 0.0341454 140.467
79793 13 0.01 0.9 32.9 0.31787 0.285462 17.2404 0.16405 0.149654 125.364
79987 13 0.01 0.9 32.9 0.465131 -0.281418 8.04594 0.114092 -0.0695591 130.842
80348 13 0.01 0.9 32.9 0.491593 0.375234 2.32887 0.0367715 0.0255039 137.262
82069 13 0.01 0.9 32.9 0.332996 -0.446999 3.03526 0.0326152 -0.0419243 147.334
82670 13 0.01 0.9 32.9 -0.0949122 -0.488996 9.65489 -0.0274422 -0.144818 127.822
83555 13 0.01 0.9 32.9 -0.243736 0.227429 7.42323 -0.0545003 0.0533916 142.786
85441 13 0.01 0.9 32.9 -0.04634 0.02804 4.27135 -0.00692499 0.00528508 150.889
85453 13 0.01 0.9 32.9 0.420148 0.434152 7.92914 0.101574 0.104671 136.729
85560 13 0.01 0.9 32.9 -0.22894 0.0456125 3.91895 -0.0287662 0.00391027 144.422
87503 13 0.01 0.9 32.9 0.242591 -0.0060843 1.3434 0.00911026 0.000277533 129.574
90539 13 0.01 0.9 32.9 -0.118442 -0.0977214 7.49694 -0.025342 -0.0243623 138.528
90795 13 0.01 0.9 32.9 0.0860256 0.270143 5.6626 0.0141272 0.0472069 142.142
91854 13 0.01 0.9 32.9 0.237299 0.412201 9.67954 0.0679441 0.120528 130.544
93199 13 0.01 0.9 32.9 0.394305 -0.208497 5.42575 0.0665188 -0.0326435 139.632
93337 13 0.01 0.9 32.9 0.339774 0.418063 6.96313 0.0708298 0.0882692 141.941
93381 13 0.01 0.9 32.9 0.333786 0.00944466 2.2667 0.0217175 0.00277203 140.628
94077 13 0.01 0.9 32.9 -0.261854 -0.119151 6.74556 -0.0544372 -0.0237953 135.825
96459 13 0.01 0.9 32.9 0.37492 0.484559 6.09564 0.0715373 0.0916777 145.85
96887 13 0.01 0.9 32.9 -0.00515706 0.491534 5.37636 -0.000285445 0.0795277 146.564
99838 13 0.01 0.9 32.9 -0.00445804 -0.105607 10.4088 -0.00205559 -0.0330251 136.13
100338 13 0.01 0.9 32.9 -0.32083 -0.0524249 5.27489 -0.0481903 -0.00653381 152.765
100719 13 0.01 0.9 32.9 -0.410855 0.414878 9.90226 -0.124838 0.125467 130.689
101243 13 0.01 0.9 32.9 -0.0923701 -0.295395 4.70098 -0.0123497 -0.0439586 139.302
101983 13 0.01 0.9 32.9 -0.197333 0.0277375 5.3761 -0.0312687 0.00304161 145.023
103698 13 0.01 0.9 32.9 0.367446 0.298119 4.80546 0.0531492 0.0472576 151.917
103874 13 0.01 0.9 32.9 -0.0353789 -0.477947 2.3204 -0.00334993 -0.0359623 141.035
104460 13 0.01 0.9 32.9 -0.0794752 -0.0519981 3.84219 -0.0087239 -0.00508334 152.912
105265 13 0.01 0.9 32.9 0.35894 -0.152927 17.7718 0.194918 -0.0850023 126.558
105714 13 0.01 0.9 32.9 -0.0782553 0.0436516 2.95099 -0.0028205 0.00660311 131.541
105815 13 0.01 0.9 32.9 0.284947 0.229509 10.1465 0.0908322 0.0723605 129.149
106468 13 0.01 0.9 32.9 0.435692 0.0429663 3.50071 0.0446928 0.0069636 135.167
106756 13 0.01 0.9 32.9 -0.314007 0.332968 17.9462 -0.172274 0.180192 127.681
106808 13 0.01 0.9 32.9 0.277061 0.359358 6.28553 0.0529349 0.0690489 131.636
107490 13 0.01 0.9 32.9 -0.102799 0.286258 4.16615 -0.0140345 0.0363984 153.398
107535 13 0.01 0.9 32.9 -0.335551 -0.100844 9.46706 -0.0952088 -0.0307433 134.323
110506 13 0.01 0.9 32.9 -0.184466 0.181504 5.54013 -0.0336483 0.0294411 147.78
112514 13 0.01 0.9 32.9 0.20444 -0.112926 4.58518 0.028622 -0.0151819 129.068
116678 13 0.01 0.9 32.9 0.0916935 0.427229 7.71928 0.0221426 0.10135 139.781
116919 13 0.01 0.9 32.9 0.0764745 0.387098 10.1069 0.0239069 0.117065 130.011
117704 13 0.01 0.9 32.9 -0.228272 -0.320172 3.67768 -0.0263222 -0.0365214 152.592
119169 13 0.01 0.9 32.9 -0.490128 -0.413509 8.79035 -0.130572 -0.112087 137.415
120271 13 0.01 0.9 32.9 0.494393 -0.29716 3.44164 0.0520678 -0.0295606 145.826
120318 13 0.01 0.9 32.9 -0.375353 -0.112532 3.7072 -0.0394061 -0.0120092 137.307
121532 13 0.01 0.9 32.9 0.119738 -0.210523 1.85971 0.00765592 -0.0106961 141.979
121866 13 0.01 0.9 32.9 -0.174897 0.217685 1.77353 -0.0112835 0.00934637 139.781
123836 13 0.01 0.9 32.9 0.458836 0.0455827 5.82272 0.0823263 0.00707804 137.546
124403 13 0.01 0.9 32.9 -0.290623 -0.298055 7.42193 -0.0694822 -0.0676091 141.82
126548 13 0.01 0.9 32.9 -0.155587 -0.00586091 4.23789 -0.0167547 -0.000867298 130.055
126996 13 0.01 0.9 32.9 0.00627055 -0.219571 4.89514 0.00049135 -0.0322048 141.375
128186 13 0.01 0.9 32.9 0.281431 0.118192 4.38951 0.0365082 0.0136865 142.7
129163 13 0.01 0.9 32.9 -0.0690804 -0.452687 8.55828 -0.0184844 -0.119332 139.946
129610 13 0.01 0.9 32.9 -0.463062 0.238759 4.72597 -0.06452 0.0338309 151.23
131489 13 0.01 0.9 32.9 0.24551 -0.166861 7.44179 0.0540337 -0.0383307 136.523
131918 13 0.01 0.9 32.9 -0.458026 0.264557 4.17442 -0.0592243 0.0334794 153.508
132734 13 0.01 0.9 32.9 0.296116 0.399546 6.16722 0.0563784 0.0724641 148.908
133511 13 0.01 0.9 32.9 0.494205 0.338618 4.31399 0.0653082 0.047055 138.256
135344 13 0.01 0.9 32.9 -0.0992433 0.359277 4.35836 -0.0120438 0.0477127 136.204
135385 13 0.01 0.9 32.9 -0.30739 0.139762 2.98089 -0.0265228 0.0106557 141.402
137657 13 0.01 0.9 32.9 -0.39704 -0.280036 13.635 -0.162857 -0.116601 126.922
137872 13 0.01 0.9 32.9 -0.23222 -0.012729 3.64561 -0.0245731 0.00104141 145.488
138022 13 0.01 0.9 32.9 0.345779 0.0327224 4.14306 0.0429616 0.00271111 152.359
140761 13 0.01 0.9 32.9 -0.491768 0.425929 3.43507 -0.0472675 0.0454417 137.599
141441 13 0.01 0.9 32.9 -0.386246 -0.287777 10.4745 -0.122675 -0.0876817 135.479
141500 13 0.01 0.9 32.9 -0.463829 0.157085 3.44232 -0.0477752 0.0186102 140.757
142338 13 0.01 0.9 32.9 0.0860439 0.0102833 4.55222 0.0116527 -0.0020388 138.887
142663 13 0.01 0.9 32.9 -0.292827 0.374212 4.35187 -0.0375863 0.0466614 151.752
143202 13 0.01 0.9 32.9 0.153914 0.242541 4.34828 0.0192378 0.0335036 151.185
143797 13 0.01 0.9 32.9 0.00833619 0.406109 6.00342 0.000559448 0.0754399 140.957
144215 13 0.01 0.9 32.9 0.434268 0.441865 9.47981 0.123836 0.12792 135.007
145032 13 0.01 0.9 32.9 0.146505 0.48194 5.90609 0.025523 0.0865702 146.904
146065 13 0.01 0.9 32.9 -0.0364355 -0.342032 4.07667 -0.00289463 -0.0424572 146.25
146091 13 0.01 0.9 32.9 -0.138727 0.184961 15.1249 -0.0644334 0.0845903 129.464
147096 13 0.01 0.9 32.9 0.155747 -0.116498 9.42817 0.0450058 -0.0347821 130.681
147972 13 0.01 0.9 32.9 -0.306915 0.0277652 3.47151 -0.0315607 0.00405729 141.073
148820 13 0.01 0.9 32.9 -0.0779594 -0.40667 7.74475 -0.0186851 -0.0937735 137.567
150824 13 0.01 0.9 32.9 -0.294313 -0.0485201 7.58382 -0.0683024 -0.0107606 144.473
153043 13 0.01 0.9 32.9 0.129246 0.35356 3.44634 0.0112549 0.0380977 138.766
153536 13 0.01 0.9 32.9 -0.456443 0.201085 7.73418 -0.105457 0.0466211 137.431
153570 13 0.01 0.9 32.9 0.220485 -0.211964 8.34001 0.0545801 -0.0521979 132.361
153718 13 0.01 0.9 32.9 -0.153592 0.477686 1.77668 -0.00694886 0.0277444 146.707
154633 13 0.01 0.9 32.9 -0.201585 0.150753 4.1283 -0.0252772 0.0178757 152.611
155512 13 0.01 0.9 32.9 0.326557 0.312368 5.65959 0.0550734 0.0535083 148.042
155679 13 0.01 0.9 32.9 0.0238643 0.383252 2.97691 0.00186105 0.0356116 145.686
155727 13 0.01 0.9 32.9 0.0612645 0.4668 62.8664 0.119708 0.890158 123.601
157612 13 0.01 0.9 32.9 -0.351573 0.381189 4.78332 -0.0499233 0.0537789 146.754
158391 13 0.01 0.9 32.9 0.14097 -0.35806 10.9592 0.0466402 -0.118619 132.997
159463 13 0.01 0.9 32.9 0.29994 0.186056 7.74627 0.0699671 0.0427691 143.493
160087 13 0.01 0.9 32.9 0.283134 -0.0737406 2.90727 0.0249361 -0.00747126 144.88
160176 13 0.01 0.9 32.9 0.153364 0.316139 15.8556 0.0751379 0.15378 128.013
160505 13 0.01 0.9 32.9 -0.432188 0.0622562 6.4348 -0.0841676 0.0115713 143.393
160856 13 0.01 0.9 32.9 -0.293751 0.050597 1.67748 -0.0155276 0.00470719 133.479
160897 13 0.01 0.9 32.9 -0.484896 -0.0347616 1.89535 -0.0291545 -0.00253364 134.979
162355 13 0.01 0.9 32.9 -0.188545 0.372897 9.70495 -0.0547374 0.110839 126.006
162898 13 0.01 0.9 32.9 0.494092 0.0929852 7.39121 0.111939 0.0209664 143.874
163037 13 0.01 0.9 32.9 0.00412552 -0.016769 3.33487 0.000811681 -0.00336332 147.542
163052 13 0.01 0.9 32.9 0.0597273 -0.0343334 6.3906 0.0119389 -0.00677891 135.455
163811 13 0.01 0.9 32.9 0.451981 -0.0549853 2.182 0.0283999 -0.00235634 147.321
165176 13 0.01 0.9 32.9 -0.295221 -0.166902 2.69809 -0.0225884 -0.0133435 150.428
165697 13 0.01 0.9 32.9 -0.386759 0.303766 6.08408 -0.0710327 0.0567761 142.562
165984 13 0.01 0.9 32.9 -0.370109 -0.47438 5.91578 -0.0657683 -0.0839561 128.316
166244 13 0.01 0.9 32.9 0.355712 0.305288 3.49942 0.0382435 0.0313758 144.931
167507 13 0.01 0.9 32.9 -0.0944672 0.196557 7.32224 -0.0213267 0.0419152 130.863
168416 13 0.01 0.9 32.9 0.185171 0.482815 5.577 0.0298921 0.083045 138.903
169034 13 0.01 0.9 32.9 -0.313607 0.0545002 7.02263 -0.0676744 0.012281 145.863
170055 13 0.01 0.9 32.9 -0.248609 0.0267642 1.4003 -0.00945345 0.00259144 133.694
171440 13 0.01 0.9 32.9 -0.104879 0.261327 5.56092 -0.0171571 0.0434923 147.685
171741 13 0.01 0.9 32.9 -0.168691 -0.049713 3.21854 -0.0165632 -0.00538132 144.257
172322 13 0.01 0.9 32.9 -0.341939 -0.189446 6.72203 -0.0713163 -0.0415496 141.654
172488 13 0.01 0.9 32.9 -0.471035 -0.285157 7.25683 -0.103193 -0.0622927 142.455
172670 13 0.01 0.9 32.9 -0.321435 -0.324317 3.61146 -0.0351036 -0.0365286 145.943
173651 13 0.01 0.9 32.9 0.213066 -0.0126627 6.10775 0.0405373 -0.00181576 149.916
173984 13 0.01 0.9 32.9 -0.328752 -0.257702 14.3709 -0.142001 -0.115079 127.958
174506 13 0.01 0.9 32.9 0.474787 -0.0697136 6.7237 0.0963306 -0.0143466 140.053
176953 13 0.01 0.9 32.9 -0.235187 -0.0619231 2.16924 -0.0151341 -0.00391775 135.469
178304 13 0.01 0.9 32.9 0.324075 0.0827729 4.87376 0.045493 0.0151928 153.841
178413 13 0.01 0.9 32.9 -0.482283 -0.102543 3.25685 -0.0486147 -0.00921152 149.213
179365 13 0.01 0.9 32.9 -0.315064 0.437415 6.95246 -0.0679623 0.0939653 138.202
179485 13 0.01 0.9 32.9 -0.219868 -0.429467 3.8591 -0.0246742 -0.0512579 136.598
179595 13 0.01 0.9 32.9 -0.320279 0.0553161 4.39402 -0.0449087 0.00778811 149.314
179695 13 0.01 0.9 32.9 0.0241507 -0.226957 8.72771 0.00473725 -0.0605709 136.507
180326 13 0.01 0.9 32.9 -0.298477 0.146451 6.23881 -0.0553685 0.029557 127.816
181901 13 0.01 0.9 32.9 -0.0527492 -0.278008 3.86624 -0.00447237 -0.0299534 152.704
182398 13 0.01 0.9 32.9 0.25778 -0.301365 2.69973 0.0202262 -0.0240051 144.129
183193 13 0.01 0.9 32.9 -0.46162 -0.476071 1.46981 -0.020512 -0.0223168 126.757
184051 13 0.01 0.9 32.9 -0.385488 -0.182836 6.31441 -0.0742242 -0.035544 145.043
184352 13 0.01 0.9 32.9 -0.37504 0.35503 8.413 -0.0953334 0.092789 140.423
184881 13 0.01 0.9 32.9 0.274982 -0.0530701 7.00038 0.0587235 -0.0108297 146.389
185168 13 0.01 0.9 32.9 0.262132 -0.17355 5.34757 0.0428494 -0.0291215 146.078
185416 13 0.01 0.9 32.9 0.340853 -0.0703694 2.07363 0.0204784 -0.00428541 138.567
187766 13 0.01 0.9 32.9 -0.419301 -0.422681 6.14771 -0.0779534 -0.0792917 146.441
187862 13 0.01 0.9 32.9 0.309915 0.211668 3.88785 0.0381127 0.0230634 146.716
187877 13 0.01 0.9 32.9 -0.35076 0.484748 6.10894 -0.065001 0.0876741 134.187
188427 13 0.01 0.9 32.9 0.113101 0.120302 8.41302 0.0277531 0.0297456 139.746
190495 13 0.01 0.9 32.9 0.407859 0.123789 6.43824 0.0795244 0.0223174 134.792
190935 13 0.01 0.9 32.9 -0.388477 0.489737 2.1469 -0.0247976 0.0327317 134.613
190941 13 0.01 0.9 32.9 0.152725 -0.121166 5.44057 0.0237802 -0.0204648 142.4
191781 13 0.01 0.9 32.9 0.482483 -0.256958 4.00953 0.058032 -0.0303449 135.86
191984 13 0.01 0.9 32.9 -0.279487 -0.448914 8.92743 -0.0749785 -0.122257 133.642
192487 13 0.01 0.9 32.9 0.0316031 0.368298 3.89707 0.00263179 0.0469991 139.28
192803 13 0.01 0.9 32.9 0.190771 0.149185 5.06067 0.0303447 0.0247394 151.585
193100 13 0.01 0.9 32.9 -0.363171 0.443989 5.80926 -0.0632522 0.0796667 144.48
193604 13 0.01 0.9 32.9 -0.0464206 0.161072 15.1177 -0.0246506 0.07427 128.708
194836 13 0.01 0.9 32.9 -0.118697 -0.432575 2.02017 -0.00857718 -0.0253381 126.862
195844 13 0.01 0.9 32.9 0.166498 0.287623 4.43616 0.0218375 0.0407268 137.936
195967 13 0.01 0.9 32.9 -0.376497 0.218698 7.05332 -0.0817443 0.0472828 141.252
197034 13 0.01 0.9 32.9 0.137416 0.419533 15.9843 0.064362 0.208384 125.486
197631 13 0.01 0.9 32.9 -0.140707 -0.32104 7.82528 -0.0345446 -0.0770808 138.952
197796 13 0.01 0.9 32.9 -0.154991 0.047038 5.21854 -0.022283 0.00981659 150.569
198091 13 0.01 0.9 32.9 0.067419 0.485079 6.44862 0.0140889 0.0932427 138.905
198261 13 0.01 0.9 32.9 -0.265612 0.259902 4.71898 -0.0370366 0.0369919 136.609
198274 13 0.01 0.9 32.9 -0.0337236 -0.47594 7.39295 -0.010793 -0.109156 137.527
199073 13 0.01 0.9 32.9 -0.415552 -0.114436 9.84351 -0.123569 -0.0324614 128.97
199203 13 0.01 0.9 32.9 -0.109574 -0.413265 3.45349 -0.011514 -0.0417124 147.545
199382 13 0.01 0.9 32.9 -0.0805792 0.02661 4.47234 -0.0115047 0.0020476 150.456
199561 13 0.01 0.9 32.9 -0.227477 -0.243685 5.9748 -0.0405609 -0.0415922 137.492
199909 13 0.01 0.9 32.9 0.10549 -0.00248023 1.30499 0.00458524 -0.00226125 138.396
200111 13 0.01 0.9 32.9 0.0137189 0.0232981 8.87736 0.00222343 0.00659736 137.445
200915 13 0.01 0.9 32.9 -0.0411088 -0.456881 8.93868 -0.0133669 -0.124665 139.256
201463 13 0.01 0.9 32.9 0.176514 -0.326451 10.1668 0.0559678 -0.101803 134.18
205388 13 0.01 0.9 32.9 -0.486561 -0.115692 3.06706 -0.0463673 -0.0114004 142.841
205700 13 0.01 0.9 32.9 -0.350852 -0.170365 5.96533 -0.0625558 -0.0314643 136.791
206377 13 0.01 0.9 32.9 -0.44856 -0.237959 5.05024 -0.0695659 -0.0369591 143.761
207601 13 0.01 0.9 32.9 0.0161346 -0.0627946 3.60559 0.00342024 -0.00713941 146.918
209961 13 0.01 0.9 32.9 0.0686881 -0.0342825 5.702 0.0126565 -0.00458207 143.463
210046 13 0.01 0.9 32.9 0.27634 0.0960871 2.36674 0.0214909 0.00683134 133.978
211246 13 0.01 0.9 32.9 0.320044 -0.200154 2.92584 0.0264374 -0.0176332 145.904
212751 13 0.01 0.9 32.9 0.48699 0.0990695 7.34251 0.108027 0.0213796 140.086
214325 13 0.01 0.9 32.9 0.118506 0.122875 3.77239 0.0141301 0.0125262 147.597
214584 13 0.01 0.9 32.9 0.221898 -0.475708 6.11257 0.0410083 -0.0885788 141.227
214890 13 0.01 0.9 32.9 0.356739 -0.013619 6.1135 0.0656849 -0.00262867 145.778
214980 13 0.01 0.9 32.9 -0.181527 -0.282031 7.45112 -0.0407652 -0.0652814 144.51
215901 13 0.01 0.9 32.9 0.204204 -0.0889722 2.67563 0.0150649 -0.00551898 138.744
216447 13 0.01 0.9 32.9 -0.203967 -0.353203 3.9659 -0.0238921 -0.0444219 151.618
216992 13 0.01 0.9 32.9 -0.0141159 0.188762 8.348 -0.00262889 0.0493425 138.259
217312 13 0.01 0.9 32.9 -0.413852 -0.355988 7.67976 -0.0951006 -0.0832426 137.632
218052 13 0.01 0.9 32.9 -0.0748663 -0.0386377 8.70718 -0.0202744 -0.00883066 137.739
219725 13 0.01 0.9 32.9 0.42897 -0.12393 4.40899 0.0564739 -0.0168352 148.45
220600 13 0.01 0.9 32.9 0.26085 -0.0661648 9.70985 0.0793019 -0.0183032 126.14
221220 13 0.01 0.9 32.9 0.173732 -0.366323 6.39432 0.0323104 -0.068953 149.296
221263 13 0.01 0.9 32.9 -0.327281 -0.20293 5.60085 -0.0551716 -0.0331022 144.742
221489 13 0.01 0.9 32.9 -0.0741338 0.217272 5.81699 -0.0134723 0.0390349 127.294
221755 13 0.01 0.9 32.9 0.323199 0.0502571 2.2896 0.0224524 0.00343639 137.934
222117 13 0.01 0.9 32.9 0.253462 -0.0162066 2.20331 0.0158768 -0.00136486 139.305
222234 13 0.01 0.9 32.9 -0.26617 -0.0438735 5.83708 -0.0474111 -0.0103304 145.719
223056 13 0.01 0.9 32.9 -0.262921 -0.445847 4.37694 -0.0376682 -0.0581687 153.875
223121 13 0.01 0.9 32.9 0.190242 -0.349705 5.05712 0.0294977 -0.053239 143.733
224445 13 0.01 0.9 32.9 -0.415833 -0.138881 13.4125 -0.170655 -0.0552218 130.66
224457 13 0.01 0.9 32.9 -0.459546 -0.163314 3.93354 -0.0583569 -0.0204356 143.123
224475 13 0.01 0.9 32.9 0.294632 0.174334 1.89152 0.0160648 0.0114541 136.839
225808 13 0.01 0.9 32.9 -0.182419 -0.256496 1.40445 -0.00587631 -0.00994639 143.902
226105 13 0.01 0.9 32.9 0.207723 -0.376709 4.98902 0.0340983 -0.0543218 141.628
226364 13 0.01 0.9 32.9 0.130606 -0.458509 2.38574 0.00985615 -0.0351572 146.993
226898 13 0.01 0.9 32.9 0.442015 0.206937 5.4215 0.0725196 0.0340992 148.889
227139 13 0.01 0.9 32.9 0.0368161 -0.0627402 4.67748 0.00499887 -0.0115783 133.94
228256 13 0.01 0.9 32.9 0.366173 0.239488 7.63614 0.0836969 0.0576107 135.87
231170 13 0.01 0.9 32.9 0.158706 0.0879278 5.3909 0.0269209 0.0147722 150.096
232805 13 0.01 0.9 32.9 0.361834 0.00567059 3.40891 0.0384339 0.000347655 133.809
233465 13 0.01 0.9 32.9 -0.302363 0.416149 2.22017 -0.0193402 0.0289012 132.776
233557 13 0.01 0.9 32.9 -0.458465 0.310178 3.09882 -0.0411516 0.0292344 150.385
233900 13 0.01 0.9 32.9 -0.269404 -0.0305323 8.71969 -0.0714703 -0.0067671 130.606
234313 13 0.01 0.9 32.9 -0.199397 0.32642 4.84655 -0.0292759 0.0474922 153.793
234614 13 0.01 0.9 32.9 0.478284 0.494003 3.2084 0.047316 0.0524845 132.956
234925 13 0.01 0.9 32.9 0.257 -0.216222 13.5101 0.105144 -0.0879612 126.376
235033 13 0.01 0.9 32.9 -0.476838 0.114148 4.50409 -0.0641271 0.0157411 151.026
236483 13 0.01 0.9 32.9 0.293579 -0.429228 4.18147 0.0374033 -0.0553448 124.674
237425 13 0.01 0.9 32.9 -0.489645 0.21074 3.1171 -0.0440626 0.0204546 150.18
238909 13 0.01 0.9 32.9 0.414568 0.253112 0.29431 0.00428418 0.00136981 128.727
239414 13 0.01 0.9 32.9 0.457789 -0.355888 11.5 0.158549 -0.126681 133.182
239983 13 0.01 0.9 32.9 0.470785 -0.128853 4.50402 0.0652928 -0.0159258 149.585
240141 13 0.01 0.9 32.9 -0.0538635 -0.232131 7.53972 -0.0119081 -0.0514636 133.205
240690 13 0.01 0.9 32.9 -0.103548 -0.402214 3.87964 -0.0127349 -0.0496849 152.626
241661 13 0.01 0.9 32.9 0.469344 0.069566 4.64979 0.0667263 0.0101608 152.604
241952 13 0.01 0.9 32.9 0.276239 -0.0418401 8.24283 0.0698178 -0.00985264 141.352
242233 13 0.01 0.9 32.9 0.311979 -0.470513 5.5297 0.0514543 -0.079802 144.31
242543 13 0.01 0.9 32.9 0.0693804 0.471427 5.35093 0.0120529 0.0742431 145.219
242868 13 0.01 0.9 32.9 0.302247 -0.141715 6.67804 0.0619126 -0.0296058 145.752
243188 13 0.01 0.9 32.9 -0.135899 -0.473122 11.2051 -0.0478833 -0.161003 132.851
244405 13 0.01 0.9 32.9 -0.0299176 -0.187297 3.271 -0.00221626 -0.0178987 137.937
244933 13 0.01 0.9 32.9 0.411937 -0.276695 4.19243 0.0553364 -0.0344977 153.463
245576 13 0.01 0.9 32.9 -0.344705 0.499154 1.34397 -0.0141426 0.0208304 146.413
246733 13 0.01 0.9 32.9 0.106965 -0.397046 2.09887 0.00564829 -0.0257107 139.871
246818 13 0.01 0.9 32.9 -0.0234312 -0.0805418 3.00995 -0.00324483 -0.00707578 140.565
247085 13 0.01 0.9 32.9 -0.345988 0.18476 8.03281 -0.0852117 0.0460297 126.392
248149 13 0.01 0.9 32.9 0.211506 0.276642 3.94281 0.0264512 0.0341014 146.763
248354 13 0.01 0.9 32.9 0.217505 -0.494564 5.81343 0.039064 -0.0859988 130.137
248992 13 0.01 0.9 32.9 0.414836 -0.432119 5.15945 0.0646679 -0.0677882 153.257
249208 13 0.01 0.9 32.9 -0.453607 0.235025 4.04313 -0.0513121 0.0287505 152.855
249282 13 0.01 0.9 32.9 0.139792 -0.480792 3.7396 0.0149556 -0.0530474 148.008
249385 13 0.01 0.9 32.9 0.344312 -0.455606 4.16478 0.0419953 -0.0589543 148.628
250126 13 0.01 0.9 32.9 0.249317 -0.00592887 6.8957 0.0525034 -0.000414387 137.618
250560 13 0.01 0.9 32.9 -0.397189 0.0877286 6.18445 -0.0755134 0.0148299 149.52
254294 13 0.01 0.9 32.9 0.480597 0.1787 6.24785 0.0927303 0.0340701 149.487
254824 13 0.01 0.9 32.9 -0.429769 0.332797 3.61376 -0.0497672 0.0360856 150.861
255585 13 0.01 0.9 32.9 -0.456891 0.0611661 4.47175 -0.0625921 0.0091592 142.297
255731 13 0.01 0.9 32.9 -0.488111 -0.389987 7.8087 -0.115365 -0.0929234 132.085
256184 13 0.01 0.9 32.9 -0.49277 -0.352584 9.73711 -0.147474 -0.104066 135.929
256495 13 0.01 0.9 32.9 0.378282 -0.0259395 4.71869 0.0528523 -0.00312817 154.12
257353 13 0.01 0.9 32.9 0.0543382 -0.111433 4.17136 0.00839783 -0.0167267 152.437
257433 13 0.01 0.9 32.9 0.039305 -0.338078 5.73072 0.00737832 -0.0577777 151.536
257738 13 0.01 0.9 32.9 -0.306243 0.332787 7.59092 -0.0675962 0.0784747 135.41
258156 13 0.01 0.9 32.9 0.218627 0.25392 5.81737 0.0378001 0.0444497 147.605
258897 13 0.01 0.9 32.9 -0.205689 0.389104 6.45001 -0.0404143 0.0774444 145.68
259126 13 0.01 0.9 32.9 -0.372299 0.478973 5.59759 -0.0625904 0.0799757 150.098
260431 13 0.01 0.9 32.9 -0.371591 0.100603 3.46255 -0.0387121 0.00940719 146.504
261385 13 0.01 0.9 32.9 0.0462888 0.361734 6.11043 0.00919851 0.0655819 140.659
262594 13 0.01 0.9 32.9 0.102433 0.367518 3.93937 0.0105831 0.0458127 132.172
262613 13 0.01 0.9 32.9 0.0737003 -0.187103 2.69283 0.00486227 -0.0156666 147.144
263054 13 0.01 0.9 32.9 0.168817 0.122464 5.26226 0.0274826 0.0182378 139.166
263466 13 0.01 0.9 32.9 -0.127221 0.331963 6.2499 -0.0250761 0.0654113 141.111
263738 13 0.01 0.9 32.9 -0.00757314 -0.402434 6.20024 0.00189766 -0.075888 146.869
265229 13 0.01 0.9 32.9 -0.0408211 -0.146315 1.94018 -0.00341268 -0.0108444 137.098
266942 13 0.01 0.9 32.9 0.278318 0.254306 6.16284 0.0519645 0.0489603 137.837
267036 13 0.01 0.9 32.9 0.315566 -0.423532 3.6605 0.0348951 -0.0457774 152.091
268026 13 0.01 0.9 32.9 0.419796 0.452853 6.40036 0.0801664 0.0866653 141.345
268514 13 0.01 0.9 32.9 0.281678 0.463857 8.49002 0.0718796 0.122243 134.76
268611 13 0.01 0.9 32.9 -0.378182 -0.466751 6.69245 -0.076307 -0.0949955 146.477
269218 13 0.01 0.9 32.9 0.400665 0.0184272 19.6486 0.239975 0.0115383 127.32
269347 13 0.01 0.9 32.9 -0.287424 0.174686 7.55089 -0.0659337 0.0396297 144.227
272286 13 0.01 0.9 32.9 0.483978 0.434196 12.7071 0.188775 0.167862 129.924
272677 13 0.01 0.9 32.9 0.196415 -0.308283 5.7376 0.0348345 -0.0522942 147.67
273159 13 0.01 0.9 32.9 -0.343909 0.339382 9.48316 -0.101223 0.0971029 134.582
274765 13 0.01 0.9 32.9 -0.370345 0.232817 4.50555 -0.0486308 0.0296005 134.822
276553 13 0.01 0.9 32.9 0.383562 -0.349241 2.76092 0.0322907 -0.0310919 140.68
277646 13 0.01 0.9 32.9 0.32924 0.284685 4.94945 0.0488956 0.0424842 152.919
279382 13 0.01 0.9 32.9 -0.0871091 -0.389709 1.32373 -0.00240902 -0.01797 142.082
280542 13 0.01 0.9 32.9 0.47014 0.277605 6.94093 0.0975472 0.0591217 146.306
281473 13 0.01 0.9 32.9 0.251306 -0.194454 4.95705 0.0378925 -0.0295548 133.711
281632 13 0.01 0.9 32.9 0.166314 0.144637 9.77386 0.0492224 0.042881 135.857
283247 13 0.01 0.9 32.9 -0.485895 0.493382 9.74805 -0.144198 0.1467 129.788
285220 13 0.01 0.9 32.9 0.409265 0.495435 7.03905 0.0867393 0.106599 131.032
285578 13 0.01 0.9 32.9 0.0723201 -0.0750702 10.4643 0.0245372 -0.0216648 134.274
286359 13 0.01 0.9 32.9 0.00699016 0.131794 7.91136 0.000902116 0.0314343 133.481
286891 13 0.01 0.9 32.9 -0.333524 0.403517 3.01869 -0.0310274 0.0374733 153.362
287492 13 0.01 0.9 32.9 0.28943 -0.136758 6.48417 0.0557075 -0.0298604 145.721
288822 13 0.01 0.9 32.9 0.452129 -0.197444 6.85608 0.0944557 -0.0432082 137.372
289176 13 0.01 0.9 32.9 0.353715 -0.209296 5.44997 0.0595431 -0.0360434 131.209
289307 13 0.01 0.9 32.9 -0.308529 0.0112297 4.56747 -0.0417006 0.00117155 134.373
289472 13 0.01 0.9 32.9 -0.326924 -0.460309 7.20459 -0.0735387 -0.103625 137.057
291075 13 0.01 0.9 32.9 0.184874 -0.411944 4.37781 0.0246548 -0.0584919 134.791
293354 13 0.01 0.9 32.9 0.478604 -0.0550525 7.81493 0.112259 -0.0117049 141.329
293640 13 0.01 0.9 32.9 0.0373165 0.177417 8.91763 0.0102123 0.0502828 136.72
294601 13 0.01 0.9 32.9 -0.313148 0.297632 6.84822 -0.0656184 0.0635672 134.274
298143 13 0.01 0.9 32.9 -0.39038 -0.0533534 4.0237 -0.0481866 -0.00509139 142.419
298303 13 0.01 0.9 32.9 -0.221218 -0.226273 4.14565 -0.027472 -0.0289392 146.359
301120 13 0.01 0.9 32.9 -0.47234 -0.225987 6.84445 -0.101634 -0.0437009 143.736
301438 13 0.01 0.9 32.9 -0.373643 -0.265288 3.11345 -0.0355751 -0.0277689 149.275
304001 13 0.01 0.9 32.9 -0.493552 0.273638 5.82375 -0.0874149 0.0484313 143.09
304292 13 0.01 0.9 32.9 0.326949 0.487888 5.5904 0.0550197 0.0820468 144.409
305304 13 0.01 0.9 32.9 -0.116026 -0.306474 8.72176 -0.0293683 -0.0797904 129.724
307469 13 0.01 0.9 32.9 0.462712 -0.275282 4.70056 0.067806 -0.0379339 149.31
308211 13 0.01 0.9 32.9 -0.118972 -0.0773995 6.28272 -0.0224292 -0.017015 125.456
311016 13 0.01 0.9 32.9 0.0136005 -0.114576 3.19637 0.00118963 -0.0110077 133.196
312419 13 0.01 0.9 32.9 -0.355837 0.364343 2.89449 -0.0316496 0.0314904 145.095
313115 13 0.01 0.9 32.9 0.325101 0.02741 4.40979 0.0438426 0.00219293 152.841
313330 13 0.01 0.9 32.9 -0.389557 -0.397642 3.01205 -0.037261 -0.0370605 144.76
313849 13 0.01 0.9 32.9 0.000176613 0.14727 7.17367 -0.00126999 0.0328623 140.899
313988 13 0.01 0.9 32.9 -0.0895726 -0.0360693 2.02285 -0.00537634 -0.00158831 133.319
316346 13 0.01 0.9 32.9 0.130396 0.181149 4.58456 0.0194543 0.0217316 143.169
316446 13 0.01 0.9 32.9 0.182507 0.45294 2.79881 0.0158144 0.0371218 136.926
316716 13 0.01 0.9 32.9 -0.0254138 0.398203 4.94434 -0.00130901 0.0582004 130.794
316834 13 0.01 0.9 32.9 0.444165 -0.0231452 3.61906 0.0469149 -0.00420938 139.674
316858 13 0.01 0.9 32.9 0.315933 -0.0999455 1.95996 0.0186321 -0.00944755 148.833
317125 13 0.01 0.9 32.9 0.0760359 -0.0780604 6.73456 0.0143158 -0.0167387 147.122
317736 13 0.01 0.9 32.9 -0.226126 -0.110336 7.76318 -0.0551544 -0.0229786 136.904
318345 13 0.01 0.9 32.9 -0.0163878 0.350841 7.62172 -0.00143739 0.0800324 126.035
320393 13 0.01 0.9 32.9 0.229716 -0.10618 1.92528 0.0127131 -0.00665299 135.881
321334 13 0.01 0.9 32.9 -0.398237 -0.0977924 1.43915 -0.0176305 -0.00746373 129.857
321551 13 0.01 0.9 32.9 0.362825 -0.205849 5.31232 0.0584094 -0.0332425 151.172
325337 13 0.01 0.9 32.9 0.460145 -0.150456 8.26499 0.11502 -0.0404912 140.388
325692 13 0.01 0.9 32.9 0.223134 0.465409 2.85689 0.0186846 0.0418522 140.841
328830 13 0.01 0.9 32.9 -0.00938016 -0.144365 4.19639 -0.00182985 -0.0162717 141.928
329061 13 0.01 0.9 32.9 0.329827 -0.143827 6.1098 0.0603155 -0.0269914 145.88
329755 13 0.01 0.9 32.9 -0.274927 -0.31316 14.3369 -0.120963 -0.135312 128.093
330388 13 0.01 0.9 32.9 0.303308 0.0891593 9.45361 0.087113 0.0271708 136.585
331393 13 0.01 0.9 32.9 -0.242843 0.318808 24.2542 -0.178639 0.234233 125.077
331848 13 0.01 0.9 32.9 0.207656 -0.0101729 14.0377 0.0868235 -0.0055456 124.59
332245 13 0.01 0.9 32.9 0.395994 -0.293324 5.3857 0.0653875 -0.0446117 143.414
332972 13 0.01 0.9 32.9 0.306614 -0.441014 4.82707 0.0456476 -0.0637773 145.773
334295 13 0.01 0.9 32.9 -0.313009 -0.488895 3.03869 -0.0303817 -0.0459778 137.465
335038 13 0.01 0.9 32.9 0.135959 -0.397959 7.0064 0.0293581 -0.0853131 137.985
340047 13 0.01 0.9 32.9 -0.325795 -0.423784 3.41095 -0.0369699 -0.0441698 141.304
340285 13 0.01 0.9 32.9 0.198603 -0.0707516 10.2199 0.0618312 -0.0232346 136.533
340303 13 0.01 0.9 32.9 0.45198 0.0421334 8.68048 0.118874 0.011249 140.476
341619 13 0.01 0.9 32.9 0.29787 -0.0975634 4.43306 0.0399156 -0.0130478 148.301
341782 13 0.01 0.9 32.9 0.243715 0.142307 10.1083 0.0752064 0.045088 136.589
341860 13 0.01 0.9 32.9 0.335399 0.430172 5.83742 0.061688 0.0786113 141.565
343158 13 0.01 0.9 32.9 -0.370114 0.298791 9.30559 -0.104736 0.086842 137.387
343381 13 0.01 0.9 32.9 -0.117775 0.14284 4.24316 -0.0139964 0.0186819 145.436
343573 13 0.01 0.9 32.9 0.23295 -0.179989 4.95642 0.0359493 -0.0272365 151.177
344218 13 0.01 0.9 32.9 -0.33525 -0.220159 2.96575 -0.0292329 -0.0171712 145.889
344791 13 0.01 0.9 32.9 -0.174712 -0.311542 10.0815 -0.0526955 -0.0955255 125.03
344939 13 0.01 0.9 32.9 -0.192738 -0.365168 9.08067 -0.0522267 -0.099582 136.786
345250 13 0.01 0.9 32.9 0.401614 0.360082 5.61658 0.0711205 0.0637066 152.043
345911 13 0.01 0.9 32.9 0.0467477 -0.407005 20.777 0.0306743 -0.258061 125.824
345951 13 0.01 0.9 32.9 0.226509 -0.392244 7.53386 0.05211 -0.0917396 143.466
346513 13 0.01 0.9 32.9 0.434712 -0.345954 5.52465 0.073276 -0.0573042 151.64
347735 13 0.01 0.9 32.9 0.425823 0.31735 5.83006 0.0737974 0.05426 146.436
347833 13 0.01 0.9 32.9 0.498125 -0.3028 3.04584 0.0461731 -0.0271349 145.602
348245 13 0.01 0.9 32.9 0.331587 0.239246 5.77982 0.0567885 0.042065 139.262
348288 13 0.01 0.9 32.9 0.174074 -0.471385 4.27198 0.0222629 -0.0603542 147.737
349463 13 0.01 0.9 32.9 -0.418373 -0.139926 1.27181 -0.0163157 -0.0023706 131.617
350083 13 0.01 0.9 32.9 -0.164034 -0.0521206 3.99608 -0.0203445 -0.00515931 147.486
350593 13 0.01 0.9 32.9 0.385622 0.0663173 5.47652 0.0647979 0.0129999 139.172
351612 13 0.01 0.9 32.9 -0.178526 0.499354 4.95247 -0.0264899 0.0754749 153.073
352069 13 0.01 0.9 32.9 -0.452783 0.4891 10.5281 -0.147263 0.156103 130.889
352161 13 0.01 0.9 32.9 -0.116358 0.0028659 7.97643 -0.0299405 0.00121939 137.197
353199 13 0.01 0.9 32.9 0.379764 0.481734 6.35638 0.0726691 0.0906899 136.628
353480 13 0.01 0.9 32.9 0.0653229 -0.248963 8.05332 0.0159758 -0.0612927 139.591
353627 13 0.01 0.9 32.9 -0.374422 -0.445478 5.78954 -0.0643455 -0.0793638 151.51
355650 13 0.01 0.9 32.9 -0.00414891 0.13046 2.34291 -1.55398e-05 0.00978259 139.884
355696 13 0.01 0.9 32.9 -0.144367 -0.19204 2.26355 -0.0107224 -0.0146548 148.697
357571 13 0.01 0.9 32.9 -0.0732413 -0.166465 3.07484 -0.00788566 -0.0151297 152.219
357813 13 0.01 0.9 32.9 0.386699 0.474272 1.82146 0.02242 0.0266076 137.684
357938 13 0.01 0.9 32.9 0.14536 -0.255839 5.01676 0.0227603 -0.036317 148.376
359613 13 0.01 0.9 32.9 0.01979 0.173478 7.66716 0.00402308 0.0427231 132.073
360799 13 0.01 0.9 32.9 -0.263349 -0.029155 4.55967 -0.0370467 -0.00318918 145.119
360994 13 0.01 0.9 32.9 0.47067 -0.49299 3.67291 0.0539883 -0.0544262 148.544
361871 13 0.01 0.9 32.9 0.0440506 0.134784 0.680062 -0.00195484 0.00450356 147.468
362923 13 0.01 0.9 32.9 0.39552 -0.0684586 4.33234 0.0505097 -0.0105145 153.336
365424 13 0.01 0.9 32.9 0.0618285 -0.482042 3.30816 0.0083206 -0.0473944 145.211
366624 13 0.01 0.9 32.9 0.0231879 0.150474 3.95921 0.000128023 0.0174018 145.482
368483 13 0.01 0.9 32.9 0.0863832 0.495073 8.87492 0.0234004 0.131035 137.88
371166 13 0.01 0.9 32.9 0.227121 -0.305458 5.26543 0.0374961 -0.0476339 148.437
372232 13 0.01 0.9 32.9 -0.356938 -0.188637 1.79621 -0.0203118 -0.00932309 146.291
373748 13 0.01 0.9 32.9 -0.411696 0.195592 6.30892 -0.0782206 0.0350666 146.57
374270 13 0.01 0.9 32.9 -0.151462 0.000245886 4.75307 -0.0242319 0.000806299 153.514
374999 13 0.01 0.9 32.9 0.387197 0.194604 4.29596 0.0500969 0.025974 146.262
376050 13 0.01 0.9 32.9 0.147265 -0.303761 5.08471 0.0215678 -0.0439139 147.461
376805 13 0.01 0.9 32.9 -0.267131 -0.371287 1.63515 -0.0115124 -0.019083 143.089
378048 13 0.01 0.9 32.9 0.232294 -0.239839 4.76791 0.0303448 -0.0325528 144.135
378255 13 0.01 0.9 32.9 0.479764 0.20379 9.14235 0.133286 0.0541392 135.086
380345 13 0.01 0.9 32.9 -0.0852485 0.0367495 12.1816 -0.0313405 0.0151822 132.53
382600 13 0.01 0.9 32.9 0.152679 -0.158747 9.49787 0.0444126 -0.0470624 134.481
383114 13 0.01 0.9 32.9 -0.298523 0.299185 5.52268 -0.0510295 0.0510847 150.755
384219 13 0.01 0.9 32.9 0.291511 0.150517 4.20268 0.0362465 0.0192806 153.118
384607 13 0.01 0.9 32.9 0.498738 -0.37495 3.70525 0.0574037 -0.0430906 148.496
384980 13 0.01 0.9 32.9 0.450766 0.0609349 4.87727 0.065365 0.00985153 148.33
386056 13 0.01 0.9 32.9 0.0517885 -0.196969 8.19508 0.0108995 -0.047652 135.951
388892 13 0.01 0.9 32.9 -0.275555 -0.142127 7.37157 -0.0615318 -0.0317907 134.257
389348 13 0.01 0.9 32.9 -0.400182 -0.0448139 6.56925 -0.0788848 -0.00792187 144.117
389789 13 0.01 0.9 32.9 0.434061 0.375064 1.14103 0.0173782 0.0124675 132.46
390194 13 0.01 0.9 32.9 -0.270912 0.369428 5.53343 -0.0425051 0.0629372 139.616
390756 13 0.01 0.9 32.9 -0.307262 0.258414 4.50319 -0.0434358 0.0329526 147.33
391893 13 0.01 0.9 32.9 0.262961 0.0426907 4.65131 0.0351379 0.00482019 148.025
393320 13 0.01 0.9 32.9 -0.105831 -0.0597653 3.37566 -0.0124963 -0.00773602 150.791
393881 13 0.01 0.9 32.9 0.314027 0.193435 3.05244 0.0287564 0.0175478 144.44
394433 13 0.01 0.9 32.9 0.0389347 -0.419364 4.85526 0.00517725 -0.0616021 153.037
395276 13 0.01 0.9 32.9 0.365581 0.144397 3.77217 0.0420784 0.0189762 141.506
397340 13 0.01 0.9 32.9 0.344586 -0.224229 6.40816 0.0673019 -0.0425516 142.359
397486 13 0.01 0.9 32.9 -0.215553 0.0749051 4.03298 -0.0237472 0.00858943 141.716
397993 13 0.01 0.9 32.9 -0.321442 0.33581 4.08915 -0.0406283 0.0435504 144.094
400213 13 0.01 0.9 32.9 -0.344911 -0.338069 6.22119 -0.063236 -0.0657305 148.963
401261 13 0.01 0.9 32.9 0.14612 -0.497343 12.4386 0.0550195 -0.188361 128.902
402559 13 0.01 0.9 32.9 -0.413621 -0.258375 6.39927 -0.0782575 -0.0482725 141.149
404644 13 0.01 0.9 32.9 -0.106321 0.333812 7.38219 -0.024863 0.0744339 138.316
406867 13 0.01 0.9 32.9 0.28231 0.243932 3.3066 0.0260223 0.0229681 139.935
407414 13 0.01 0.9 32.9 -0.129931 -0.429743 9.30768 -0.0380249 -0.122981 134.762
408635 13 0.01 0.9 32.9 -0.216287 -0.0636328 5.54119 -0.0373278 -0.00983209 133.5
408721 13 0.01 0.9 32.9 -0.496666 -0.0565011 4.43003 -0.0681295 -0.00889651 137.17
410340 13 0.01 0.9 32.9 0.44174 0.428538 4.77642 0.0659751 0.0644927 144.535
410672 13 0.01 0.9 32.9 0.429219 0.0639864 4.23661 0.057743 0.00835707 152.675
412551 13 0.01 0.9 32.9 -0.0638146 -0.0126774 8.17192 -0.0152319 -0.00314919 134.064
412889 13 0.01 0.9 32.9 -0.0664438 -0.0933886 3.08807 -0.0051161 -0.00923329 139.524
415505 13 0.01 0.9 32.9 0.273525 0.424803 4.67216 0.0392109 0.0579555 142.951
415642 13 0.01 0.9 32.9 0.352453 -0.0201264 8.77001 0.0962166 -0.00429608 133.125
416069 13 0.01 0.9 32.9 0.449272 0.350945 4.47874 0.058114 0.046025 137.545
417074 13 0.01 0.9 32.9 0.243541 0.127396 6.26753 0.0439291 0.0247273 148.418
417620 13 0.01 0.9 32.9 0.156458 0.127581 7.1233 0.0320213 0.0253944 141.147
417682 13 0.01 0.9 32.9 0.0177651 0.387944 3.87689 0.00133829 0.0458819 152.622
417773 13 0.01 0.9 32.9 0.490856 -0.366024 8.44192 0.124726 -0.0928742 139.934
418165 13 0.01 0.9 32.9 -0.161458 0.118584 3.8692 -0.022981 0.0113202 150.469
418974 13 0.01 0.9 32.9 -0.0727125 -0.454408 6.64712 -0.0147416 -0.0896511 131.143
419525 13 0.01 0.9 32.9 0.468947 0.110069 9.93644 0.139187 0.0326647 137.222
420102 13 0.01 0.9 32.9 -0.0449575 0.40546 6.58524 -0.0092002 0.080631 143.487
425489 13 0.01 0.9 32.9 0.255928 0.404462 5.25755 0.0415659 0.0655859 148.479
426100 13 0.01 0.9 32.9 -0.224106 -0.439304 5.50555 -0.0378474 -0.073663 148.58
426757 13 0.01 0.9 32.9 0.361397 -0.0154798 7.31215 0.0795881 -0.00495651 138.407
427086 13 0.01 0.9 32.9 0.388946 0.185684 3.58514 0.0436536 0.0191753 131.434
427798 13 0.01 0.9 32.9 -0.137479 -0.22582 6.44126 -0.0284751 -0.0446487 141.907
427911 13 0.01 0.9 32.9 0.116441 -0.39167 1.92818 0.0069265 -0.0234818 139.694
428473 13 0.01 0.9 32.9 -0.482983 -0.165028 4.24578 -0.0632185 -0.0209104 151.816
428686 13 0.01 0.9 32.9 0.470792 0.346684 1.3534 0.0172728 0.0107923 133.265
428830 13 0.01 0.9 32.9 0.280593 -0.194447 4.11016 0.0336249 -0.0260416 139.059
429026 13 0.01 0.9 32.9 0.49365 -0.0771156 4.80741 0.0701556 -0.0107308 153.032
430111 13 0.01 0.9 32.9 -0.162617 0.104857 7.71753 -0.0368386 0.0271144 128.829
431484 13 0.01 0.9 32.9 0.370277 0.16164 5.60602 0.0644355 0.0273162 131.894
433048 13 0.01 0.9 32.9 0.327807 0.188063 3.92972 0.0409548 0.0243375 139.509
433531 13 0.01 0.9 32.9 -0.435914 -0.291335 3.66915 -0.0498003 -0.0321876 149.183
434232 13 0.01 0.9 32.9 -0.414802 -0.157545 2.7251 -0.0325471 -0.0147819 143.456
436910 13 0.01 0.9 32.9 0.147445 -0.185321 10.5742 0.0475399 -0.0620261 135.782
437351 13 0.01 0.9 32.9 -0.249675 0.346601 3.67809 -0.0297787 0.039026 144.985
438480 13 0.01 0.9 32.9 -0.208174 0.0934985 5.3432 -0.0325518 0.0143613 141.553
438780 13 0.01 0.9 32.9 -0.372953 0.322532 0.536436 -0.00733832 0.00354994 129.316
439605 13 0.01 0.9 32.9 0.469913 -0.0181548 2.22348 0.028657 -0.00260456 146.174
440610 13 0.01 0.9 32.9 -0.453398 -0.495653 6.98939 -0.0957119 -0.104838 141.701
440935 13 0.01 0.9 32.9 -0.201314 -0.288793 3.24013 -0.0224529 -0.0282324 148.27
441221 13 0.01 0.9 32.9 -0.402046 0.350567 6.72914 -0.0799861 0.0713173 144.379
442843 13 0.01 0.9 32.9 -0.282759 0.492007 3.29531 -0.0299886 0.0520096 140.082
443092 13 0.01 0.9 32.9 -0.433485 0.116169 5.80552 -0.0760224 0.0186653 150.251
443692 13 0.01 0.9 32.9 0.0695275 0.418686 4.72409 0.00804829 0.0588406 142.536
444106 13 0.01 0.9 32.9 0.189638 -0.467706 11.0441 0.0648185 -0.157163 130.352
444287 13 0.01 0.9 32.9 -0.328532 0.363682 4.33967 -0.0437975 0.0477074 147.121
446173 13 0.01 0.9 32.9 0.141066 0.0389114 2.56194 0.0126135 0.00178215 131.427
446564 13 0.01 0.9 32.9 0.317497 0.425702 4.0075 0.0412165 0.0517507 135.839
447646 13 0.01 0.9 32.9 0.251289 -0.330359 2.30226 0.0178642 -0.0244295 129.567
450177 13 0.01 0.9 32.9 0.149078 0.420781 7.6392 0.0357667 0.0978216 131.961
450953 13 0.01 0.9 32.9 0.359792 0.469821 4.1415 0.0451791 0.0594011 145.105
452252 13 0.01 0.9 32.9 -0.350658 -0.280391 6.62194 -0.0733311 -0.0559562 146.761
453060 13 0.01 0.9 32.9 -0.193951 -0.392492 9.57069 -0.0584313 -0.113494 137.48
453345 13 0.01 0.9 32.9 -0.185151 0.285968 3.16695 -0.0179505 0.0318802 129.86
454143 13 0.01 0.9 32.9 -0.362306 -0.0124785 2.77002 -0.0299825 0.000459904 137.314
454811 13 0.01 0.9 32.9 -0.135254 0.127052 24.0846 -0.0979689 0.0945924 125.582
455228 13 0.01 0.9 32.9 -0.488184 -0.475516 7.31794 -0.108083 -0.106031 136.78
455304 13 0.01 0.9 32.9 -0.266635 0.49988 9.14871 -0.0761585 0.13912 137.475
455436 13 0.01 0.9 32.9 0.2959 -0.258239 2.12309 0.0170151 -0.0189412 126.402
455964 13 0.01 0.9 32.9 0.0850167 0.13703 5.73123 0.0149677 0.0238047 144.132
456667 13 0.01 0.9 32.9 0.158224 -0.427528 18.2652 0.0896986 -0.240018 127.212
456836 13 0.01 0.9 32.9 -0.476132 0.143488 5.20891 -0.0733753 0.0246408 136.4
457632 13 0.01 0.9 32.9 -0.432668 0.328236 3.33779 -0.0424031 0.0309518 148.568
458059 13 0.01 0.9 32.9 0.00527104 -0.0219714 6.1072 0.00275104 -0.00475565 145.356
458307 13 0.01 0.9 32.9 -0.423848 0.441312 2.71023 -0.03487 0.0366756 152.15
460203 13 0.01 0.9 32.9 -0.425876 -0.0868321 4.90658 -0.0626952 -0.0121875 135.877
461039 13 0.01 0.9 32.9 -0.0374753 -0.414348 6.93652 -0.00822856 -0.0852434 130.926
461046 13 0.01 0.9 32.9 -0.30946 -0.375663 3.62216 -0.0347438 -0.0389692 140.105
462834 13 0.01 0.9 32.9 0.151807 0.00616643 3.33903 0.0145142 0.000208326 147.79
463455 13 0.01 0.9 32.9 0.424541 0.402766 6.50145 0.083906 0.0788747 141.206
463571 13 0.01 0.9 32.9 -0.340132 -0.20719 2.48704 -0.0273512 -0.015284 145.38
463657 13 0.01 0.9 32.9 -0.153358 0.167595 3.05553 -0.0124084 0.0159894 134.278
464404 13 0.01 0.9 32.9 0.451674 -0.157727 5.0723 0.0708193 -0.0281596 134.736
464495 13 0.01 0.9 32.9 0.245456 -0.0689232 3.07006 0.0214071 -0.00460437 140.066
465225 13 0.01 0.9 32.9 0.0461901 0.2923 6.76839 0.0108105 0.057393 146.626
466707 13 0.01 0.9 32.9 -0.0488417 -0.327861 6.04532 -0.0078162 -0.0610414 150.724
466756 13 0.01 0.9 32.9 0.243145 -0.353959 3.45012 0.0257049 -0.0355838 149.848
468938 13 0.01 0.9 32.9 0.17121 0.199776 4.72224 0.0255745 0.0296617 135.43
469235 13 0.01 0.9 32.9 -0.140408 -0.431159 3.04036 -0.013663 -0.043451 140.401
470705 13 0.01 0.9 32.9 -0.287739 0.435841 6.16674 -0.0546592 0.0836335 128.757
472103 13 0.01 0.9 32.9 0.0596606 0.222936 3.18598 0.00568507 0.0235198 148.16
472562 13 0.01 0.9 32.9 0.359084 -0.135673 9.81179 0.109003 -0.0441047 134.064
472568 13 0.01 0.9 32.9 0.18776 -0.115836 2.33698 0.0121961 -0.00775937 130.851
472870 13 0.01 0.9 32.9 -0.127046 0.226217 5.45143 -0.021575 0.0383911 152.406
473840 13 0.01 0.9 32.9 0.306764 -0.3712 4.51417 0.0416843 -0.0525307 137.335
474239 13 0.01 0.9 32.9 -0.198976 0.13407 10.512 -0.0638438 0.0445141 134.036
474450 13 0.01 0.9 32.9 0.469259 -0.384851 3.4902 0.0505483 -0.0416925 137.442
475183 13 0.01 0.9 32.9 0.49763 -0.494993 4.90872 0.0724213 -0.0728453 149.092
475312 13 0.01 0.9 32.9 -0.114289 0.209351 6.37795 -0.0220975 0.0415434 145.028
476105 13 0.01 0.9 32.9 -0.247636 -0.261227 3.18991 -0.0230678 -0.0267519 134.261
477286 13 0.01 0.9 32.9 -0.422692 -0.335352 7.26384 -0.0945566 -0.0726603 145.603
479357 13 0.01 0.9 32.9 -0.408468 0.0786987 8.31641 -0.102132 0.019974 131.509
480204 13 0.01 0.9 32.9 -0.430614 -0.00894842 2.18016 -0.0296193 -0.00310868 149.792
481906 13 0.01 0.9 32.9 -0.117489 0.273344 2.45921 -0.00818286 0.0204699 142.634
482544 13 0.01 0.9 32.9 0.250067 -0.150806 4.66199 0.0349059 -0.0216793 141.241
483084 13 0.01 0.9 32.9 0.113088 -0.0567169 7.97136 0.026036 -0.014167 138.069
484391 13 0.01 0.9 32.9 -0.165951 -0.271211 5.00875 -0.0275628 -0.0429309 151.45
485076 13 0.01 0.9 32.9 -0.482499 0.360665 3.01241 -0.0464648 0.0347404 145.856
486926 13 0.01 0.9 32.9 -0.0231506 -0.117479 0.888045 -0.00280541 -0.00634171 143.489
487598 13 0.01 0.9 32.9 0.142147 0.0657576 2.62131 0.0145911 0.00722041 136.735
487620 13 0.01 0.9 32.9 -0.433008 0.0101947 10.5267 -0.139391 0.00354077 134.598
487713 13 0.01 0.9 32.9 0.421094 -0.0151527 5.3881 0.0676266 -0.000504014 133.038
487760 13 0.01 0.9 32.9 0.315443 0.346266 9.77163 0.0931681 0.102755 136.949
488862 13 0.01 0.9 32.9 0.431758 -0.379524 1.067 0.0134321 -0.0125567 141.222
489373 13 0.01 0.9 32.9 0.388118 -0.294617 3.58357 0.0418007 -0.0335513 128.069
490414 13 0.01 0.9 32.9 0.15966 0.235059 10.1119 0.0458059 0.0730499 135.032
492018 13 0.01 0.9 32.9 -0.0324859 0.258152 3.28729 -0.00410283 0.025772 132.635
492064 13 0.01 0.9 32.9 -0.311388 0.0389691 12.4859 -0.117247 0.0148776 130.767
494491 13 0.01 0.9 32.9 0.252198 0.10415 5.323 0.0397426 0.0160895 152.701
494872 13 0.01 0.9 32.9 -0.470438 0.276188 8.30143 -0.117641 0.0693196 136.942
495434 13 0.01 0.9 32.9 0.497317 0.273296 12.3198 0.184588 0.102084 128.425
496908 13 0.01 0.9 32.9 -0.342105 0.347414 5.47165 -0.055208 0.0556358 147.071
497132 13 0.01 0.9 32.9 -0.0438631 -0.389985 3.88222 -0.00572214 -0.0475032 140.292
497555 13 0.01 0.9 32.9 -0.453668 0.491184 4.76686 -0.0672605 0.0688342 147.235
498366 13 0.01 0.9 32.9 -0.2379 0.253295 4.86281 -0.0355437 0.0366874 147.791
498791 13 0.01 0.9 32.9 -0.41259 0.245023 3.18535 -0.0388556 0.0240707 148.863
498848 13 0.01 0.9 32.9 0.20557 -0.266556 5.27081 0.0328773 -0.0419238 127.608
