4191 13 0.01 0.9 32.9 -0.16006 0.339755 2.6075 -0.0120976 0.0276566 123.289
10731 13 0.01 0.9 32.9 0.373285 -0.46843 2.99037 0.032341 -0.0423227 123.289
12605 13 0.01 0.9 32.9 0.385995 0.461927 4.55179 0.0555981 0.0645273 123.289
18851 13 0.01 0.9 32.9 0.234896 0.0651867 4.29765 0.031782 0.00931386 123.289
19398 13 0.01 0.9 32.9 -0.478043 0.33697 3.84489 -0.0583185 0.0420876 123.289
20381 13 0.01 0.9 32.9 -0.107202 0.427903 6.32053 -0.0210698 0.0832098 123.289
22823 13 0.01 0.9 32.9 0.40888 0.34751 4.48805 0.0563581 0.0484558 123.289
24661 13 0.01 0.9 32.9 -0.460402 -0.251464 2.77888 -0.0403483 -0.0240341 123.289
28111 13 0.01 0.9 32.9 -0.429455 -0.0420324 3.72823 -0.0484773 -0.00428689 123.289
29158 13 0.01 0.9 32.9 -0.268575 0.259852 7.77928 -0.0634367 0.0605567 123.289
34515 13 0.01 0.9 32.9 0.108251 0.315892 5.51153 0.0170581 0.0523659 123.289
35033 13 0.01 0.9 32.9 -0.0121453 -0.482754 3.42396 -0.00354924 -0.0505498 123.289
35225 13 0.01 0.9 32.9 0.299118 -0.389212 7.08884 0.0631398 -0.0844715 123.289
37686 13 0.01 0.9 32.9 0.300626 -0.189952 7.18092 0.0663674 -0.0412087 123.289
38152 13 0.01 0.9 32.9 -0.440462 -0.374482 3.17327 -0.0430358 -0.0344994 123.289
38584 13 0.01 0.9 32.9 -0.0107536 0.285147 11.7013 -0.00252975 0.102153 123.289
39492 13 0.01 0.9 32.9 -0.448111 0.472926 4.37896 -0.0594925 0.0632767 123.289
40710 13 0.01 0.9 32.9 0.317717 -0.281792 8.17495 0.0787846 -0.0707733 123.289
40766 13 0.01 0.9 32.9 -0.346641 0.326703 7.07751 -0.0732255 0.0702939 123.289
42065 13 0.01 0.9 32.9 -0.0950303 0.0317704 3.21577 -0.00883788 0.00512179 123.289
42481 13 0.01 0.9 32.9 0.340884 0.48493 6.3718 0.0676384 0.0949979 123.289
45515 13 0.01 0.9 32.9 0.245934 -0.485386 5.22443 0.0399734 -0.0771815 123.289
45760 13 0.01 0.9 32.9 -0.101988 -0.426135 6.69533 -0.0173901 -0.0837974 123.289
47710 13 0.01 0.9 32.9 0.396808 -0.36658 4.00547 0.0483849 -0.0443466 123.289
48634 13 0.01 0.9 32.9 -0.446945 0.0197678 6.16156 -0.0830519 0.00254865 123.289
50853 13 0.01 0.9 32.9 -0.454769 -0.403196 2.31904 -0.0318816 -0.0286841 123.289
51151 13 0.01 0.9 32.9 0.0777162 -0.117846 9.34681 0.0210461 -0.0333788 123.289
53318 13 0.01 0.9 32.9 -0.0435896 0.304075 6.30201 -0.0119531 0.059646 123.289
55655 13 0.01 0.9 32.9 0.305804 -0.287922 6.75053 0.0601692 -0.0562044 123.289
58832 13 0.01 0.9 32.9 0.384805 -0.247588 5.2501 0.0628799 -0.0374716 123.289
62375 13 0.01 0.9 32.9 -0.0267542 -0.210869 2.99102 -0.00355903 -0.0158034 123.289
63412 13 0.01 0.9 32.9 0.315845 0.313307 3.40174 0.0300794 0.0321654 123.289
67549 13 0.01 0.9 32.9 -0.477247 0.0846811 2.59323 -0.036739 0.00694264 123.289
68847 13 0.01 0.9 32.9 0.287732 0.298842 2.57343 0.0226785 0.0224013 123.289
70386 13 0.01 0.9 32.9 -0.191411 -0.489026 3.28496 -0.0206892 -0.0463404 123.289
71496 13 0.01 0.9 32.9 -0.0162722 -0.187387 5.26243 -0.00344752 -0.0256604 123.289
72146 13 0.01 0.9 32.9 0.0860357 -0.236217 3.8272 0.0119311 -0.0285584 123.289
75099 13 0.01 0.9 32.9 0.210347 0.41249 3.41413 0.0205119 0.0441493 123.289
76857 13 0.01 0.9 32.9 -0.38803 -0.0938714 5.36797 -0.0628013 -0.0117487 123.289
77540 13 0.01 0.9 32.9 0.272148 -0.382425 4.7728 0.04043 -0.0529797 123.289
79793 13 0.01 0.9 32.9 0.31787 0.285462 17.2404 0.16405 0.149654 123.289
79987 13 0.01 0.9 32.9 0.465131 -0.281418 8.04594 0.114092 -0.0695591 123.289
80348 13 0.01 0.9 32.9 0.491593 0.375234 2.32887 0.0367715 0.0255039 123.289
83555 13 0.01 0.9 32.9 -0.243736 0.227429 7.42323 -0.0545003 0.0533916 123.289
85441 13 0.01 0.9 32.9 -0.04634 0.02804 4.27135 -0.00692499 0.00528508 123.289
85453 13 0.01 0.9 32.9 0.420148 0.434152 7.92914 0.101574 0.104671 123.289
93199 13 0.01 0.9 32.9 0.394305 -0.208497 5.42575 0.0665188 -0.0326435 123.289
93337 13 0.01 0.9 32.9 0.339774 0.418063 6.96313 0.0708298 0.0882692 123.289
93381 13 0.01 0.9 32.9 0.333786 0.00944466 2.2667 0.0217175 0.00277203 123.289
96459 13 0.01 0.9 32.9 0.37492 0.484559 6.09564 0.0715373 0.0916777 123.289
100338 13 0.01 0.9 32.9 -0.32083 -0.0524249 5.27489 -0.0481903 -0.00653381 123.289
101243 13 0.01 0.9 32.9 -0.0923701 -0.295395 4.70098 -0.0123497 -0.0439586 123.289
103698 13 0.01 0.9 32.9 0.367446 0.298119 4.80546 0.0531492 0.0472576 123.289
104460 13 0.01 0.9 32.9 -0.0794752 -0.0519981 3.84219 -0.0087239 -0.00508334 123.289
105714 13 0.01 0.9 32.9 -0.0782553 0.0436516 2.95099 -0.0028205 0.00660311 123.289
105815 13 0.01 0.9 32.9 0.284947 0.229509 10.1465 0.0908322 0.0723605 123.289
106468 13 0.01 0.9 32.9 0.435692 0.0429663 3.50071 0.0446928 0.0069636 123.289
107535 13 0.01 0.9 32.9 -0.335551 -0.100844 9.46706 -0.0952088 -0.0307433 123.289
112514 13 0.01 0.9 32.9 0.20444 -0.112926 4.58518 0.028622 -0.0151819 123.289
116678 13 0.01 0.9 32.9 0.0916935 0.427229 7.71928 0.0221426 0.10135 123.289
117704 13 0.01 0.9 32.9 -0.228272 -0.320172 3.67768 -0.0263222 -0.0365214 123.289
119169 13 0.01 0.9 32.9 -0.490128 -0.413509 8.79035 -0.130572 -0.112087 123.289
120271 13 0.01 0.9 32.9 0.494393 -0.29716 3.44164 0.0520678 -0.0295606 123.289
120318 13 0.01 0.9 32.9 -0.375353 -0.112532 3.7072 -0.0394061 -0.0120092 123.289
126548 13 0.01 0.9 32.9 -0.155587 -0.00586091 4.23789 -0.0167547 -0.000867298 123.289
131918 13 0.01 0.9 32.9 -0.458026 0.264557 4.17442 -0.0592243 0.0334794 123.289
133511 13 0.01 0.9 32.9 0.494205 0.338618 4.31399 0.0653082 0.047055 123.289
135344 13 0.01 0.9 32.9 -0.0992433 0.359277 4.35836 -0.0120438 0.0477127 123.289
137872 13 0.01 0.9 32.9 -0.23222 -0.012729 3.64561 -0.0245731 0.00104141 123.289
140761 13 0.01 0.9 32.9 -0.491768 0.425929 3.43507 -0.0472675 0.0454417 123.289
141441 13 0.01 0.9 32.9 -0.386246 -0.287777 10.4745 -0.122675 -0.0876817 123.289
143202 13 0.01 0.9 32.9 0.153914 0.242541 4.34828 0.0192378 0.0335036 123.289
143797 13 0.01 0.9 32.9 0.00833619 0.406109 6.00342 0.000559448 0.0754399 123.289
146091 13 0.01 0.9 32.9 -0.138727 0.184961 15.1249 -0.0644334 0.0845903 123.289
148820 13 0.01 0.9 32.9 -0.0779594 -0.40667 7.74475 -0.0186851 -0.0937735 123.289
150824 13 0.01 0.9 32.9 -0.294313 -0.0485201 7.58382 -0.0683024 -0.0107606 123.289
153043 13 0.01 0.9 32.9 0.129246 0.35356 3.44634 0.0112549 0.0380977 123.289
153536 13 0.01 0.9 32.9 -0.456443 0.201085 7.73418 -0.105457 0.0466211 123.289
153718 13 0.01 0.9 32.9 -0.153592 0.477686 1.77668 -0.00694886 0.0277444 123.289
155679 13 0.01 0.9 32.9 0.0238643 0.383252 2.97691 0.00186105 0.0356116 123.289
160176 13 0.01 0.9 32.9 0.153364 0.316139 15.8556 0.0751379 0.15378 123.289
160856 13 0.01 0.9 32.9 -0.293751 0.050597 1.67748 -0.0155276 0.00470719 123.289
160897 13 0.01 0.9 32.9 -0.484896 -0.0347616 1.89535 -0.0291545 -0.00253364 123.289
162355 13 0.01 0.9 32.9 -0.188545 0.372897 9.70495 -0.0547374 0.110839 123.289
162898 13 0.01 0.9 32.9 0.494092 0.0929852 7.39121 0.111939 0.0209664 123.289
163811 13 0.01 0.9 32.9 0.451981 -0.0549853 2.182 0.0283999 -0.00235634 123.289
165697 13 0.01 0.9 32.9 -0.386759 0.303766 6.08408 -0.0710327 0.0567761 123.289
165984 13 0.01 0.9 32.9 -0.370109 -0.47438 5.91578 -0.0657683 -0.0839561 123.289
169034 13 0.01 0.9 32.9 -0.313607 0.0545002 7.02263 -0.0676744 0.012281 123.289
170055 13 0.01 0.9 32.9 -0.248609 0.0267642 1.4003 -0.00945345 0.00259144 123.289
171741 13 0.01 0.9 32.9 -0.168691 -0.049713 3.21854 -0.0165632 -0.00538132 123.289
172488 13 0.01 0.9 32.9 -0.471035 -0.285157 7.25683 -0.103193 -0.0622927 123.289
176953 13 0.01 0.9 32.9 -0.235187 -0.0619231 2.16924 -0.0151341 -0.00391775 123.289
178304 13 0.01 0.9 32.9 0.324075 0.0827729 4.87376 0.045493 0.0151928 123.289
179595 13 0.01 0.9 32.9 -0.320279 0.0553161 4.39402 -0.0449087 0.00778811 123.289
180326 13 0.01 0.9 32.9 -0.298477 0.146451 6.23881 -0.0553685 0.029557 123.289
182398 13 0.01 0.9 32.9 0.25778 -0.301365 2.69973 0.0202262 -0.0240051 123.289
184352 13 0.01 0.9 32.9 -0.37504 0.35503 8.413 -0.0953334 0.092789 123.289
185416 13 0.01 0.9 32.9 0.340853 -0.0703694 2.07363 0.0204784 -0.00428541 123.289
187766 13 0.01 0.9 32.9 -0.419301 -0.422681 6.14771 -0.0779534 -0.0792917 123.289
190495 13 0.01 0.9 32.9 0.407859 0.123789 6.43824 0.0795244 0.0223174 123.289
190935 13 0.01 0.9 32.9 -0.388477 0.489737 2.1469 -0.0247976 0.0327317 123.289
190941 13 0.01 0.9 32.9 0.152725 -0.121166 5.44057 0.0237802 -0.0204648 123.289
191781 13 0.01 0.9 32.9 0.482483 -0.256958 4.00953 0.058032 -0.0303449 123.289
191984 13 0.01 0.9 32.9 -0.279487 -0.448914 8.92743 -0.0749785 -0.122257 123.289
192487 13 0.01 0.9 32.9 0.0316031 0.368298 3.89707 0.00263179 0.0469991 123.289
192803 13 0.01 0.9 32.9 0.190771 0.149185 5.06067 0.0303447 0.0247394 123.289
193100 13 0.01 0.9 32.9 -0.363171 0.443989 5.80926 -0.0632522 0.0796667 123.289
195844 13 0.01 0.9 32.9 0.166498 0.287623 4.43616 0.0218375 0.0407268 123.289
197034 13 0.01 0.9 32.9 0.137416 0.419533 15.9843 0.064362 0.208384 123.289
197631 13 0.01 0.9 32.9 -0.140707 -0.32104 7.82528 -0.0345446 -0.0770808 123.289
197796 13 0.01 0.9 32.9 -0.154991 0.047038 5.21854 -0.022283 0.00981659 123.289
199073 13 0.01 0.9 32.9 -0.415552 -0.114436 9.84351 -0.123569 -0.0324614 123.289
199203 13 0.01 0.9 32.9 -0.109574 -0.413265 3.45349 -0.011514 -0.0417124 123.289
199561 13 0.01 0.9 32.9 -0.227477 -0.243685 5.9748 -0.0405609 -0.0415922 123.289
200111 13 0.01 0.9 32.9 0.0137189 0.0232981 8.87736 0.00222343 0.00659736 123.289
205388 13 0.01 0.9 32.9 -0.486561 -0.115692 3.06706 -0.0463673 -0.0114004 123.289
206377 13 0.01 0.9 32.9 -0.44856 -0.237959 5.05024 -0.0695659 -0.0369591 123.289
209961 13 0.01 0.9 32.9 0.0686881 -0.0342825 5.702 0.0126565 -0.00458207 123.289
210046 13 0.01 0.9 32.9 0.27634 0.0960871 2.36674 0.0214909 0.00683134 123.289
214890 13 0.01 0.9 32.9 0.356739 -0.013619 6.1135 0.0656849 -0.00262867 123.289
215901 13 0.01 0.9 32.9 0.204204 -0.0889722 2.67563 0.0150649 -0.00551898 123.289
216992 13 0.01 0.9 32.9 -0.0141159 0.188762 8.348 -0.00262889 0.0493425 123.289
218052 13 0.01 0.9 32.9 -0.0748663 -0.0386377 8.70718 -0.0202744 -0.00883066 123.289
219725 13 0.01 0.9 32.9 0.42897 -0.12393 4.40899 0.0564739 -0.0168352 123.289
220600 13 0.01 0.9 32.9 0.26085 -0.0661648 9.70985 0.0793019 -0.0183032 123.289
221220 13 0.01 0.9 32.9 0.173732 -0.366323 6.39432 0.0323104 -0.068953 123.289
221489 13 0.01 0.9 32.9 -0.0741338 0.217272 5.81699 -0.0134723 0.0390349 123.289
221755 13 0.01 0.9 32.9 0.323199 0.0502571 2.2896 0.0224524 0.00343639 123.289
222117 13 0.01 0.9 32.9 0.253462 -0.0162066 2.20331 0.0158768 -0.00136486 123.289
222234 13 0.01 0.9 32.9 -0.26617 -0.0438735 5.83708 -0.0474111 -0.0103304 123.289
223121 13 0.01 0.9 32.9 0.190242 -0.349705 5.05712 0.0294977 -0.053239 123.289
224445 13 0.01 0.9 32.9 -0.415833 -0.138881 13.4125 -0.170655 -0.0552218 123.289
226105 13 0.01 0.9 32.9 0.207723 -0.376709 4.98902 0.0340983 -0.0543218 123.289
226364 13 0.01 0.9 32.9 0.130606 -0.458509 2.38574 0.00985615 -0.0351572 123.289
226898 13 0.01 0.9 32.9 0.442015 0.206937 5.4215 0.0725196 0.0340992 123.289
228256 13 0.01 0.9 32.9 0.366173 0.239488 7.63614 0.0836969 0.0576107 123.289
231170 13 0.01 0.9 32.9 0.158706 0.0879278 5.3909 0.0269209 0.0147722 123.289
233465 13 0.01 0.9 32.9 -0.302363 0.416149 2.22017 -0.0193402 0.0289012 123.289
233557 13 0.01 0.9 32.9 -0.458465 0.310178 3.09882 -0.0411516 0.0292344 123.289
234313 13 0.01 0.9 32.9 -0.199397 0.32642 4.84655 -0.0292759 0.0474922 123.289
234614 13 0.01 0.9 32.9 0.478284 0.494003 3.2084 0.047316 0.0524845 123.289
240141 13 0.01 0.9 32.9 -0.0538635 -0.232131 7.53972 -0.0119081 -0.0514636 123.289
241661 13 0.01 0.9 32.9 0.469344 0.069566 4.64979 0.0667263 0.0101608 123.289
241952 13 0.01 0.9 32.9 0.276239 -0.0418401 8.24283 0.0698178 -0.00985264 123.289
242233 13 0.01 0.9 32.9 0.311979 -0.470513 5.5297 0.0514543 -0.079802 123.289
242868 13 0.01 0.9 32.9 0.302247 -0.141715 6.67804 0.0619126 -0.0296058 123.289
243188 13 0.01 0.9 32.9 -0.135899 -0.473122 11.2051 -0.0478833 -0.161003 123.289
244405 13 0.01 0.9 32.9 -0.0299176 -0.187297 3.271 -0.00221626 -0.0178987 123.289
244933 13 0.01 0.9 32.9 0.411937 -0.276695 4.19243 0.0553364 -0.0344977 123.289
246818 13 0.01 0.9 32.9 -0.0234312 -0.0805418 3.00995 -0.00324483 -0.00707578 123.289
247085 13 0.01 0.9 32.9 -0.345988 0.18476 8.03281 -0.0852117 0.0460297 123.289
248149 13 0.01 0.9 32.9 0.211506 0.276642 3.94281 0.0264512 0.0341014 123.289
248354 13 0.01 0.9 32.9 0.217505 -0.494564 5.81343 0.039064 -0.0859988 123.289
249208 13 0.01 0.9 32.9 -0.453607 0.235025 4.04313 -0.0513121 0.0287505 123.289
250126 13 0.01 0.9 32.9 0.249317 -0.00592887 6.8957 0.0525034 -0.000414387 123.289
254294 13 0.01 0.9 32.9 0.480597 0.1787 6.24785 0.0927303 0.0340701 123.289
255585 13 0.01 0.9 32.9 -0.456891 0.0611661 4.47175 -0.0625921 0.0091592 123.289
255731 13 0.01 0.9 32.9 -0.488111 -0.389987 7.8087 -0.115365 -0.0929234 123.289
256184 13 0.01 0.9 32.9 -0.49277 -0.352584 9.73711 -0.147474 -0.104066 123.289
256495 13 0.01 0.9 32.9 0.378282 -0.0259395 4.71869 0.0528523 -0.00312817 123.289
257433 13 0.01 0.9 32.9 0.039305 -0.338078 5.73072 0.00737832 -0.0577777 123.289
257738 13 0.01 0.9 32.9 -0.306243 0.332787 7.59092 -0.0675962 0.0784747 123.289
259126 13 0.01 0.9 32.9 -0.372299 0.478973 5.59759 -0.0625904 0.0799757 123.289
262594 13 0.01 0.9 32.9 0.102433 0.367518 3.93937 0.0105831 0.0458127 123.289
263466 13 0.01 0.9 32.9 -0.127221 0.331963 6.2499 -0.0250761 0.0654113 123.289
266942 13 0.01 0.9 32.9 0.278318 0.254306 6.16284 0.0519645 0.0489603 123.289
267036 13 0.01 0.9 32.9 0.315566 -0.423532 3.6605 0.0348951 -0.0457774 123.289
268514 13 0.01 0.9 32.9 0.281678 0.463857 8.49002 0.0718796 0.122243 123.289
269347 13 0.01 0.9 32.9 -0.287424 0.174686 7.55089 -0.0659337 0.0396297 123.289
272286 13 0.01 0.9 32.9 0.483978 0.434196 12.7071 0.188775 0.167862 123.289
272677 13 0.01 0.9 32.9 0.196415 -0.308283 5.7376 0.0348345 -0.0522942 123.289
274765 13 0.01 0.9 32.9 -0.370345 0.232817 4.50555 -0.0486308 0.0296005 123.289
276553 13 0.01 0.9 32.9 0.383562 -0.349241 2.76092 0.0322907 -0.0310919 123.289
277646 13 0.01 0.9 32.9 0.32924 0.284685 4.94945 0.0488956 0.0424842 123.289
279382 13 0.01 0.9 32.9 -0.0871091 -0.389709 1.32373 -0.00240902 -0.01797 123.289
280542 13 0.01 0.9 32.9 0.47014 0.277605 6.94093 0.0975472 0.0591217 123.289
281473 13 0.01 0.9 32.9 0.251306 -0.194454 4.95705 0.0378925 -0.0295548 123.289
285220 13 0.01 0.9 32.9 0.409265 0.495435 7.03905 0.0867393 0.106599 123.289
285578 13 0.01 0.9 32.9 0.0723201 -0.0750702 10.4643 0.0245372 -0.0216648 123.289
286891 13 0.01 0.9 32.9 -0.333524 0.403517 3.01869 -0.0310274 0.0374733 123.289
289176 13 0.01 0.9 32.9 0.353715 -0.209296 5.44997 0.0595431 -0.0360434 123.289
289307 13 0.01 0.9 32.9 -0.308529 0.0112297 4.56747 -0.0417006 0.00117155 123.289
293354 13 0.01 0.9 32.9 0.478604 -0.0550525 7.81493 0.112259 -0.0117049 123.289
293640 13 0.01 0.9 32.9 0.0373165 0.177417 8.91763 0.0102123 0.0502828 123.289
294601 13 0.01 0.9 32.9 -0.313148 0.297632 6.84822 -0.0656184 0.0635672 123.289
298143 13 0.01 0.9 32.9 -0.39038 -0.0533534 4.0237 -0.0481866 -0.00509139 123.289
298303 13 0.01 0.9 32.9 -0.221218 -0.226273 4.14565 -0.027472 -0.0289392 123.289
301120 13 0.01 0.9 32.9 -0.47234 -0.225987 6.84445 -0.101634 -0.0437009 123.289
304001 13 0.01 0.9 32.9 -0.493552 0.273638 5.82375 -0.0874149 0.0484313 123.289
304292 13 0.01 0.9 32.9 0.326949 0.487888 5.5904 0.0550197 0.0820468 123.289
305304 13 0.01 0.9 32.9 -0.116026 -0.306474 8.72176 -0.0293683 -0.0797904 123.289
307469 13 0.01 0.9 32.9 0.462712 -0.275282 4.70056 0.067806 -0.0379339 123.289
311016 13 0.01 0.9 32.9 0.0136005 -0.114576 3.19637 0.00118963 -0.0110077 123.289
312419 13 0.01 0.9 32.9 -0.355837 0.364343 2.89449 -0.0316496 0.0314904 123.289
317736 13 0.01 0.9 32.9 -0.226126 -0.110336 7.76318 -0.0551544 -0.0229786 123.289
325692 13 0.01 0.9 32.9 0.223134 0.465409 2.85689 0.0186846 0.0418522 123.289
328830 13 0.01 0.9 32.9 -0.00938016 -0.144365 4.19639 -0.00182985 -0.0162717 123.289
329061 13 0.01 0.9 32.9 0.329827 -0.143827 6.1098 0.0603155 -0.0269914 123.289
329755 13 0.01 0.9 32.9 -0.274927 -0.31316 14.3369 -0.120963 -0.135312 123.289
332245 13 0.01 0.9 32.9 0.395994 -0.293324 5.3857 0.0653875 -0.0446117 123.289
334295 13 0.01 0.9 32.9 -0.313009 -0.488895 3.03869 -0.0303817 -0.0459778 123.289
340047 13 0.01 0.9 32.9 -0.325795 -0.423784 3.41095 -0.0369699 -0.0441698 123.289
340303 13 0.01 0.9 32.9 0.45198 0.0421334 8.68048 0.118874 0.011249 123.289
341619 13 0.01 0.9 32.9 0.29787 -0.0975634 4.43306 0.0399156 -0.0130478 123.289
341782 13 0.01 0.9 32.9 0.243715 0.142307 10.1083 0.0752064 0.045088 123.289
341860 13 0.01 0.9 32.9 0.335399 0.430172 5.83742 0.061688 0.0786113 123.289
343158 13 0.01 0.9 32.9 -0.370114 0.298791 9.30559 -0.104736 0.086842 123.289
343381 13 0.01 0.9 32.9 -0.117775 0.14284 4.24316 -0.0139964 0.0186819 123.289
344218 13 0.01 0.9 32.9 -0.33525 -0.220159 2.96575 -0.0292329 -0.0171712 123.289
344791 13 0.01 0.9 32.9 -0.174712 -0.311542 10.0815 -0.0526955 -0.0955255 123.289
344939 13 0.01 0.9 32.9 -0.192738 -0.365168 9.08067 -0.0522267 -0.099582 123.289
345250 13 0.01 0.9 32.9 0.401614 0.360082 5.61658 0.0711205 0.0637066 123.289
345911 13 0.01 0.9 32.9 0.0467477 -0.407005 20.777 0.0306743 -0.258061 123.289
346513 13 0.01 0.9 32.9 0.434712 -0.345954 5.52465 0.073276 -0.0573042 123.289
348245 13 0.01 0.9 32.9 0.331587 0.239246 5.77982 0.0567885 0.042065 123.289
348288 13 0.01 0.9 32.9 0.174074 -0.471385 4.27198 0.0222629 -0.0603542 123.289
349463 13 0.01 0.9 32.9 -0.418373 -0.139926 1.27181 -0.0163157 -0.0023706 123.289
350083 13 0.01 0.9 32.9 -0.164034 -0.0521206 3.99608 -0.0203445 -0.00515931 123.289
350593 13 0.01 0.9 32.9 0.385622 0.0663173 5.47652 0.0647979 0.0129999 123.289
353480 13 0.01 0.9 32.9 0.0653229 -0.248963 8.05332 0.0159758 -0.0612927 123.289
357813 13 0.01 0.9 32.9 0.386699 0.474272 1.82146 0.02242 0.0266076 123.289
357938 13 0.01 0.9 32.9 0.14536 -0.255839 5.01676 0.0227603 -0.036317 123.289
359613 13 0.01 0.9 32.9 0.01979 0.173478 7.66716 0.00402308 0.0427231 123.289
360799 13 0.01 0.9 32.9 -0.263349 -0.029155 4.55967 -0.0370467 -0.00318918 123.289
360994 13 0.01 0.9 32.9 0.47067 -0.49299 3.67291 0.0539883 -0.0544262 123.289
361871 13 0.01 0.9 32.9 0.0440506 0.134784 0.680062 -0.00195484 0.00450356 123.289
365424 13 0.01 0.9 32.9 0.0618285 -0.482042 3.30816 0.0083206 -0.0473944 123.289
371166 13 0.01 0.9 32.9 0.227121 -0.305458 5.26543 0.0374961 -0.0476339 123.289
372232 13 0.01 0.9 32.9 -0.356938 -0.188637 1.79621 -0.0203118 -0.00932309 123.289
373748 13 0.01 0.9 32.9 -0.411696 0.195592 6.30892 -0.0782206 0.0350666 123.289
374270 13 0.01 0.9 32.9 -0.151462 0.000245886 4.75307 -0.0242319 0.000806299 123.289
374999 13 0.01 0.9 32.9 0.387197 0.194604 4.29596 0.0500969 0.025974 123.289
376050 13 0.01 0.9 32.9 0.147265 -0.303761 5.08471 0.0215678 -0.0439139 123.289
378048 13 0.01 0.9 32.9 0.232294 -0.239839 4.76791 0.0303448 -0.0325528 123.289
378255 13 0.01 0.9 32.9 0.479764 0.20379 9.14235 0.133286 0.0541392 123.289
380345 13 0.01 0.9 32.9 -0.0852485 0.0367495 12.1816 -0.0313405 0.0151822 123.289
382600 13 0.01 0.9 32.9 0.152679 -0.158747 9.49787 0.0444126 -0.0470624 123.289
383114 13 0.01 0.9 32.9 -0.298523 0.299185 5.52268 -0.0510295 0.0510847 123.289
384219 13 0.01 0.9 32.9 0.291511 0.150517 4.20268 0.0362465 0.0192806 123.289
388892 13 0.01 0.9 32.9 -0.275555 -0.142127 7.37157 -0.0615318 -0.0317907 123.289
389348 13 0.01 0.9 32.9 -0.400182 -0.0448139 6.56925 -0.0788848 -0.00792187 123.289
389789 13 0.01 0.9 32.9 0.434061 0.375064 1.14103 0.0173782 0.0124675 123.289
390194 13 0.01 0.9 32.9 -0.270912 0.369428 5.53343 -0.0425051 0.0629372 123.289
393881 13 0.01 0.9 32.9 0.314027 0.193435 3.05244 0.0287564 0.0175478 123.289
394433 13 0.01 0.9 32.9 0.0389347 -0.419364 4.85526 0.00517725 -0.0616021 123.289
395276 13 0.01 0.9 32.9 0.365581 0.144397 3.77217 0.0420784 0.0189762 123.289
397340 13 0.01 0.9 32.9 0.344586 -0.224229 6.40816 0.0673019 -0.0425516 123.289
397993 13 0.01 0.9 32.9 -0.321442 0.33581 4.08915 -0.0406283 0.0435504 123.289
401261 13 0.01 0.9 32.9 0.14612 -0.497343 12.4386 0.0550195 -0.188361 123.289
402559 13 0.01 0.9 32.9 -0.413621 -0.258375 6.39927 -0.0782575 -0.0482725 123.289
404644 13 0.01 0.9 32.9 -0.106321 0.333812 7.38219 -0.024863 0.0744339 123.289
406867 13 0.01 0.9 32.9 0.28231 0.243932 3.3066 0.0260223 0.0229681 123.289
408635 13 0.01 0.9 32.9 -0.216287 -0.0636328 5.54119 -0.0373278 -0.00983209 123.289
410340 13 0.01 0.9 32.9 0.44174 0.428538 4.77642 0.0659751 0.0644927 123.289
410672 13 0.01 0.9 32.9 0.429219 0.0639864 4.23661 0.057743 0.00835707 123.289
412889 13 0.01 0.9 32.9 -0.0664438 -0.0933886 3.08807 -0.0051161 -0.00923329 123.289
415642 13 0.01 0.9 32.9 0.352453 -0.0201264 8.77001 0.0962166 -0.00429608 123.289
417074 13 0.01 0.9 32.9 0.243541 0.127396 6.26753 0.0439291 0.0247273 123.289
418974 13 0.01 0.9 32.9 -0.0727125 -0.454408 6.64712 -0.0147416 -0.0896511 123.289
419525 13 0.01 0.9 32.9 0.468947 0.110069 9.93644 0.139187 0.0326647 123.289
425489 13 0.01 0.9 32.9 0.255928 0.404462 5.25755 0.0415659 0.0655859 123.289
426100 13 0.01 0.9 32.9 -0.224106 -0.439304 5.50555 -0.0378474 -0.073663 123.289
427086 13 0.01 0.9 32.9 0.388946 0.185684 3.58514 0.0436536 0.0191753 123.289
427911 13 0.01 0.9 32.9 0.116441 -0.39167 1.92818 0.0069265 -0.0234818 123.289
428830 13 0.01 0.9 32.9 0.280593 -0.194447 4.11016 0.0336249 -0.0260416 123.289
430111 13 0.01 0.9 32.9 -0.162617 0.104857 7.71753 -0.0368386 0.0271144 123.289
433048 13 0.01 0.9 32.9 0.327807 0.188063 3.92972 0.0409548 0.0243375 123.289
438780 13 0.01 0.9 32.9 -0.372953 0.322532 0.536436 -0.00733832 0.00354994 123.289
440610 13 0.01 0.9 32.9 -0.453398 -0.495653 6.98939 -0.0957119 -0.104838 123.289
440935 13 0.01 0.9 32.9 -0.201314 -0.288793 3.24013 -0.0224529 -0.0282324 123.289
442843 13 0.01 0.9 32.9 -0.282759 0.492007 3.29531 -0.0299886 0.0520096 123.289
443092 13 0.01 0.9 32.9 -0.433485 0.116169 5.80552 -0.0760224 0.0186653 123.289
444106 13 0.01 0.9 32.9 0.189638 -0.467706 11.0441 0.0648185 -0.157163 123.289
447646 13 0.01 0.9 32.9 0.251289 -0.330359 2.30226 0.0178642 -0.0244295 123.289
452252 13 0.01 0.9 32.9 -0.350658 -0.280391 6.62194 -0.0733311 -0.0559562 123.289
453060 13 0.01 0.9 32.9 -0.193951 -0.392492 9.57069 -0.0584313 -0.113494 123.289
453345 13 0.01 0.9 32.9 -0.185151 0.285968 3.16695 -0.0179505 0.0318802 123.289
454143 13 0.01 0.9 32.9 -0.362306 -0.0124785 2.77002 -0.0299825 0.000459904 123.289
454811 13 0.01 0.9 32.9 -0.135254 0.127052 24.0846 -0.0979689 0.0945924 123.289
455436 13 0.01 0.9 32.9 0.2959 -0.258239 2.12309 0.0170151 -0.0189412 123.289
456836 13 0.01 0.9 32.9 -0.476132 0.143488 5.20891 -0.0733753 0.0246408 123.289
458059 13 0.01 0.9 32.9 0.00527104 -0.0219714 6.1072 0.00275104 -0.00475565 123.289
460203 13 0.01 0.9 32.9 -0.425876 -0.0868321 4.90658 -0.0626952 -0.0121875 123.289
461046 13 0.01 0.9 32.9 -0.30946 -0.375663 3.62216 -0.0347438 -0.0389692 123.289
463571 13 0.01 0.9 32.9 -0.340132 -0.20719 2.48704 -0.0273512 -0.015284 123.289
466756 13 0.01 0.9 32.9 0.243145 -0.353959 3.45012 0.0257049 -0.0355838 123.289
468938 13 0.01 0.9 32.9 0.17121 0.199776 4.72224 0.0255745 0.0296617 123.289
470705 13 0.01 0.9 32.9 -0.287739 0.435841 6.16674 -0.0546592 0.0836335 123.289
472103 13 0.01 0.9 32.9 0.0596606 0.222936 3.18598 0.00568507 0.0235198 123.289
472870 13 0.01 0.9 32.9 -0.127046 0.226217 5.45143 -0.021575 0.0383911 123.289
474239 13 0.01 0.9 32.9 -0.198976 0.13407 10.512 -0.0638438 0.0445141 123.289
474450 13 0.01 0.9 32.9 0.469259 -0.384851 3.4902 0.0505483 -0.0416925 123.289
475183 13 0.01 0.9 32.9 0.49763 -0.494993 4.90872 0.0724213 -0.0728453 123.289
475312 13 0.01 0.9 32.9 -0.114289 0.209351 6.37795 -0.0220975 0.0415434 123.289
476105 13 0.01 0.9 32.9 -0.247636 -0.261227 3.18991 -0.0230678 -0.0267519 123.289
477286 13 0.01 0.9 32.9 -0.422692 -0.335352 7.26384 -0.0945566 -0.0726603 123.289
479357 13 0.01 0.9 32.9 -0.408468 0.0786987 8.31641 -0.102132 0.019974 123.289
483084 13 0.01 0.9 32.9 0.113088 -0.0567169 7.97136 0.026036 -0.014167 123.289
485076 13 0.01 0.9 32.9 -0.482499 0.360665 3.01241 -0.0464648 0.0347404 123.289
487598 13 0.01 0.9 32.9 0.142147 0.0657576 2.62131 0.0145911 0.00722041 123.289
487620 13 0.01 0.9 32.9 -0.433008 0.0101947 10.5267 -0.139391 0.00354077 123.289
487713 13 0.01 0.9 32.9 0.421094 -0.0151527 5.3881 0.0676266 -0.000504014 123.289
487760 13 0.01 0.9 32.9 0.315443 0.346266 9.77163 0.0931681 0.102755 123.289
489373 13 0.01 0.9 32.9 0.388118 -0.294617 3.58357 0.0418007 -0.0335513 123.289
490414 13 0.01 0.9 32.9 0.15966 0.235059 10.1119 0.0458059 0.0730499 123.289
492018 13 0.01 0.9 32.9 -0.0324859 0.258152 3.28729 -0.00410283 0.025772 123.289
494872 13 0.01 0.9 32.9 -0.470438 0.276188 8.30143 -0.117641 0.0693196 123.289
498791 13 0.01 0.9 32.9 -0.41259 0.245023 3.18535 -0.0388556 0.0240707 123.289
