2131 13 0.01 0.5 32.9 0.490519 0.402247 3.91506 0.0582437 0.0508291 125.063
5486 13 0.01 0.5 32.9 -0.347118 -0.40338 3.1962 -0.0344012 -0.0405267 125.063
7050 13 0.01 0.5 32.9 0.278075 -0.413665 2.32182 0.0197104 -0.0278634 125.063
9714 13 0.01 0.5 32.9 0.380862 -0.12944 2.24229 0.0259185 -0.0103394 125.063
10692 13 0.01 0.5 32.9 -0.339544 -0.269634 4.79277 -0.0483652 -0.0368935 125.063
10833 13 0.01 0.5 32.9 -0.0862648 -0.310834 4.47974 -0.0144003 -0.0423404 125.063
10943 13 0.01 0.5 32.9 0.297576 0.410213 2.52648 0.02403 0.0308451 125.063
14234 13 0.01 0.5 32.9 -0.209941 0.16323 5.02779 -0.0335615 0.0244459 125.063
15791 13 0.01 0.5 32.9 0.188363 0.445025 1.19076 0.00675441 0.0166606 125.063
15914 13 0.01 0.5 32.9 0.0166092 -0.370577 5.11463 0.00378872 -0.0580668 125.063
16293 13 0.01 0.5 32.9 0.120403 0.0613161 4.47384 0.0185133 0.0108431 125.063
16917 13 0.01 0.5 32.9 0.247169 -0.103493 8.10234 0.0596938 -0.0238943 125.063
17979 13 0.01 0.5 32.9 -0.304695 -0.0615685 5.75115 -0.0564982 -0.0122191 125.063
18214 13 0.01 0.5 32.9 0.438314 0.287256 9.57286 0.128479 0.0846 125.063
19198 13 0.01 0.5 32.9 -0.393925 -0.0342467 3.14102 -0.0399221 -0.0030236 125.063
19661 13 0.01 0.5 32.9 -0.213297 -0.304221 3.86575 -0.0262621 -0.0359298 125.063
20403 13 0.01 0.5 32.9 0.349585 0.477613 5.55889 0.0581157 0.0832457 125.063
22795 13 0.01 0.5 32.9 0.405885 -0.225026 2.02708 0.0235955 -0.0108636 125.063
25996 13 0.01 0.5 32.9 -0.0106174 0.283375 6.07965 -0.00213479 0.0532166 125.063
30097 13 0.01 0.5 32.9 0.0578792 -0.231358 4.31464 0.00837332 -0.0294926 125.063
31029 13 0.01 0.5 32.9 -0.471108 -0.328771 6.42773 -0.0907703 -0.065405 125.063
32216 13 0.01 0.5 32.9 0.216283 -0.118649 3.61194 0.0234308 -0.0131553 125.063
34378 13 0.01 0.5 32.9 0.415731 -0.194164 3.42316 0.0467826 -0.0236071 125.063
41856 13 0.01 0.5 32.9 0.0950038 -0.280218 3.72299 0.0102577 -0.0328102 125.063
42510 13 0.01 0.5 32.9 0.439908 -0.470687 2.04575 0.0281337 -0.0296415 125.063
43604 13 0.01 0.5 32.9 -0.00450139 -0.368828 4.82841 -0.00226171 -0.0555833 125.063
45513 13 0.01 0.5 32.9 -0.394792 0.414051 3.72629 -0.0445777 0.046743 125.063
45944 13 0.01 0.5 32.9 -0.105809 0.115744 4.89756 -0.0153195 0.0198819 125.063
47219 13 0.01 0.5 32.9 0.241939 0.121994 2.97592 0.0198715 0.012087 125.063
47679 13 0.01 0.5 32.9 0.304549 -0.475451 3.54511 0.033226 -0.0540181 125.063
48548 13 0.01 0.5 32.9 -0.0897401 0.255897 6.65238 -0.0179927 0.0519722 125.063
48911 13 0.01 0.5 32.9 -0.388189 0.316378 8.72574 -0.104158 0.0839741 125.063
49322 13 0.01 0.5 32.9 -0.408418 0.373775 13.6815 -0.171501 0.157409 125.063
50944 13 0.01 0.5 32.9 0.157053 -0.343202 6.26528 0.027424 -0.0648736 125.063
51447 13 0.01 0.5 32.9 -0.245576 -0.288076 0.560876 -0.00624171 -0.00284887 125.063
52561 13 0.01 0.5 32.9 0.2638 0.196199 10.9595 0.0870762 0.0637655 125.063
52656 13 0.01 0.5 32.9 -0.200435 -0.390503 7.3626 -0.0444484 -0.0865038 125.063
53063 13 0.01 0.5 32.9 0.229232 -0.176802 7.45605 0.0516946 -0.0399 125.063
53483 13 0.01 0.5 32.9 -0.0793433 -0.212754 4.88329 -0.0103819 -0.031495 125.063
57217 13 0.01 0.5 32.9 0.499066 -0.162295 4.63418 0.070611 -0.0208719 125.063
59914 13 0.01 0.5 32.9 0.240524 -0.387983 7.66242 0.0570057 -0.087432 125.063
61019 13 0.01 0.5 32.9 -0.0355437 0.00875826 6.93553 -0.00552314 0.00224597 125.063
63893 13 0.01 0.5 32.9 0.478949 0.216779 5.1518 0.0741597 0.0348189 125.063
64529 13 0.01 0.5 32.9 0.258193 -0.197079 5.02306 0.0405732 -0.0307247 125.063
65537 13 0.01 0.5 32.9 0.471182 0.479337 1.60839 0.0213383 0.0264278 125.063
67018 13 0.01 0.5 32.9 0.268312 0.492034 6.11084 0.0501374 0.0912128 125.063
75270 13 0.01 0.5 32.9 -0.360057 -0.386118 5.13039 -0.0535396 -0.0621295 125.063
82190 13 0.01 0.5 32.9 0.142733 0.0204663 5.30449 0.0231281 0.00523686 125.063
83059 13 0.01 0.5 32.9 0.458867 0.257235 4.5176 0.0625372 0.0374695 125.063
83329 13 0.01 0.5 32.9 -0.243477 0.321549 0.805483 -0.00685627 0.00584836 125.063
83608 13 0.01 0.5 32.9 -0.440563 0.171075 5.73476 -0.0738694 0.0305689 125.063
84286 13 0.01 0.5 32.9 -0.418378 0.217512 9.3391 -0.120632 0.0608357 125.063
86790 13 0.01 0.5 32.9 -0.00964643 0.421654 4.61334 -0.00129458 0.0600061 125.063
87118 13 0.01 0.5 32.9 -0.0247054 -0.200592 3.65476 -0.00102713 -0.0184683 125.063
87489 13 0.01 0.5 32.9 -0.386854 0.106023 6.27334 -0.0738825 0.0213106 125.063
91457 13 0.01 0.5 32.9 -0.0448578 -0.0642782 8.29314 -0.0107864 -0.013622 125.063
93462 13 0.01 0.5 32.9 -0.0353113 -0.214176 3.17747 -0.00329933 -0.0211105 125.063
95668 13 0.01 0.5 32.9 -0.20296 -0.347947 12.223 -0.0761485 -0.127855 125.063
97453 13 0.01 0.5 32.9 0.162089 0.269601 2.09807 0.0107093 0.018882 125.063
97718 13 0.01 0.5 32.9 -0.292444 -0.084702 2.40876 -0.0231479 -0.0051763 125.063
97754 13 0.01 0.5 32.9 -0.489545 -0.239063 7.1381 -0.106808 -0.0499186 125.063
101219 13 0.01 0.5 32.9 -0.0476289 -0.105078 7.57064 -0.0137578 -0.0246404 125.063
108752 13 0.01 0.5 32.9 0.381215 0.210476 8.43674 0.0961763 0.0543106 125.063
111215 13 0.01 0.5 32.9 -0.0518638 -0.0110729 3.22047 -0.0063027 -0.00203337 125.063
114522 13 0.01 0.5 32.9 -0.206194 -0.211882 5.0643 -0.0317045 -0.0310151 125.063
115825 13 0.01 0.5 32.9 0.373278 -0.471538 1.56793 0.0178805 -0.0206415 125.063
118140 13 0.01 0.5 32.9 -0.295912 0.158866 1.33768 -0.0124436 0.0060225 125.063
119162 13 0.01 0.5 32.9 0.492867 0.344464 4.17383 0.0631897 0.0443602 125.063
119502 13 0.01 0.5 32.9 -0.237913 -0.22965 6.77707 -0.0497696 -0.0443808 125.063
119679 13 0.01 0.5 32.9 0.283643 0.339537 3.54801 0.0311065 0.0379468 125.063
121187 13 0.01 0.5 32.9 -0.483272 0.180299 6.06673 -0.0887846 0.0356663 125.063
125538 13 0.01 0.5 32.9 -0.036829 0.331073 4.17613 -0.00624735 0.0407197 125.063
126050 13 0.01 0.5 32.9 -0.0368446 -0.207015 6.93357 -0.00847033 -0.0459042 125.063
128510 13 0.01 0.5 32.9 -0.0651154 0.212775 10.3374 -0.0233033 0.0641783 125.063
132406 13 0.01 0.5 32.9 0.0955655 0.267108 6.96473 0.0186739 0.0572081 125.063
133917 13 0.01 0.5 32.9 0.0832685 -0.458131 7.05855 0.0169227 -0.0972297 125.063
134654 13 0.01 0.5 32.9 0.496717 0.223088 7.48045 0.111589 0.0509746 125.063
135696 13 0.01 0.5 32.9 -0.276266 0.455361 12.0336 -0.102465 0.167085 125.063
136000 13 0.01 0.5 32.9 0.115831 0.404387 11.9527 0.0426151 0.147032 125.063
137006 13 0.01 0.5 32.9 -0.00943765 -0.299045 5.01127 -0.00110375 -0.0447866 125.063
137739 13 0.01 0.5 32.9 -0.441249 -0.416416 0.753778 -0.0088074 -0.00961298 125.063
138295 13 0.01 0.5 32.9 0.186348 -0.351388 2.30833 0.0101167 -0.0255031 125.063
140396 13 0.01 0.5 32.9 -0.100589 0.134491 3.49474 -0.0100768 0.0141633 125.063
141858 13 0.01 0.5 32.9 -0.403325 0.368073 5.29888 -0.0643017 0.059772 125.063
147397 13 0.01 0.5 32.9 -0.0992917 0.387612 5.87483 -0.0169641 0.0683827 125.063
148753 13 0.01 0.5 32.9 0.214279 -0.311096 3.56682 0.0238558 -0.0308937 125.063
150353 13 0.01 0.5 32.9 0.440768 0.078944 5.18848 0.0673494 0.0122101 125.063
151209 13 0.01 0.5 32.9 -0.112886 -0.0662356 6.85649 -0.0234019 -0.0123189 125.063
151269 13 0.01 0.5 32.9 0.262704 -0.0288661 6.94342 0.0580651 -0.00569352 125.063
153899 13 0.01 0.5 32.9 -0.194332 -0.452755 5.1459 -0.029152 -0.0698852 125.063
154337 13 0.01 0.5 32.9 0.452889 -0.428634 7.88982 0.107891 -0.100761 125.063
156810 13 0.01 0.5 32.9 -0.311972 -0.43088 1.62365 -0.016014 -0.0201091 125.063
157153 13 0.01 0.5 32.9 0.40944 -0.368025 8.54951 0.107859 -0.0955772 125.063
157367 13 0.01 0.5 32.9 0.203594 -0.213729 19.7432 0.123182 -0.127679 125.063
159862 13 0.01 0.5 32.9 -0.0913848 -0.499468 3.88896 -0.0110289 -0.0593304 125.063
159947 13 0.01 0.5 32.9 -0.15212 0.493585 6.25026 -0.0280883 0.0963959 125.063
161149 13 0.01 0.5 32.9 -0.388805 0.43462 6.5629 -0.0775064 0.0891931 125.063
161663 13 0.01 0.5 32.9 0.160486 -0.486636 6.62296 0.0318611 -0.0969278 125.063
162554 13 0.01 0.5 32.9 0.0995213 -0.0607703 6.06416 0.0199348 -0.0104883 125.063
162860 13 0.01 0.5 32.9 0.0848374 0.406209 7.91577 0.0188552 0.0985205 125.063
162947 13 0.01 0.5 32.9 -0.448694 0.405012 4.60611 -0.0611882 0.0605147 125.063
167460 13 0.01 0.5 32.9 -0.313739 -0.369699 5.21045 -0.0506064 -0.0577244 125.063
167968 13 0.01 0.5 32.9 -0.133686 -0.256031 3.66732 -0.01354 -0.0252834 125.063
168818 13 0.01 0.5 32.9 -0.493428 0.376906 10.7589 -0.161467 0.123312 125.063
169393 13 0.01 0.5 32.9 0.282216 0.127006 5.95216 0.0492135 0.0238627 125.063
171914 13 0.01 0.5 32.9 -0.232725 0.317129 7.36973 -0.0516228 0.0720979 125.063
173733 13 0.01 0.5 32.9 0.329847 -0.203239 6.11944 0.0602389 -0.0359904 125.063
177219 13 0.01 0.5 32.9 -0.280688 -0.27179 5.80717 -0.0497761 -0.0460637 125.063
180281 13 0.01 0.5 32.9 -0.25862 0.341216 12.9824 -0.101721 0.134182 125.063
182400 13 0.01 0.5 32.9 -0.206384 0.15927 4.6583 -0.028359 0.0227568 125.063
182437 13 0.01 0.5 32.9 0.116112 0.0356603 2.06463 0.00618847 0.00367394 125.063
188746 13 0.01 0.5 32.9 -0.0487224 -0.446462 11.179 -0.0174887 -0.153068 125.063
189009 13 0.01 0.5 32.9 -0.150862 -0.298812 4.71394 -0.0204236 -0.0441043 125.063
189356 13 0.01 0.5 32.9 0.396383 0.240799 5.6744 0.0690613 0.0409284 125.063
192326 13 0.01 0.5 32.9 -0.432934 -0.365261 2.42771 -0.0351038 -0.0244876 125.063
195257 13 0.01 0.5 32.9 0.300038 -0.289207 0.971144 0.00766748 -0.00733713 125.063
197279 13 0.01 0.5 32.9 0.451743 -0.233534 5.89047 0.0820865 -0.0414229 125.063
198764 13 0.01 0.5 32.9 -0.30671 0.49694 9.12401 -0.0846618 0.138935 125.063
202743 13 0.01 0.5 32.9 -0.436589 -0.434383 17.5621 -0.233672 -0.231109 125.063
203550 13 0.01 0.5 32.9 0.343898 0.224277 2.92713 0.0315591 0.0212317 125.063
204507 13 0.01 0.5 32.9 0.235795 -0.0170366 1.89881 0.0139438 -0.00154389 125.063
206905 13 0.01 0.5 32.9 0.18966 -0.478372 7.89226 0.0438247 -0.114583 125.063
207989 13 0.01 0.5 32.9 -0.101697 -0.36091 5.67056 -0.0165942 -0.0627827 125.063
208872 13 0.01 0.5 32.9 -0.405889 0.284038 2.37431 -0.0293469 0.0191822 125.063
214081 13 0.01 0.5 32.9 0.236607 0.26506 6.4775 0.0476547 0.0534143 125.063
214956 13 0.01 0.5 32.9 -0.0422421 0.45546 4.39906 -0.0060816 0.0609386 125.063
216138 13 0.01 0.5 32.9 -0.287498 0.294201 2.01521 -0.018578 0.0162149 125.063
219372 13 0.01 0.5 32.9 0.282169 -0.46926 2.25366 0.0186259 -0.0320299 125.063
225296 13 0.01 0.5 32.9 -0.164137 -0.000160185 6.42275 -0.0326059 -0.000100108 125.063
225885 13 0.01 0.5 32.9 -0.302849 -0.270997 8.529 -0.077921 -0.0670516 125.063
226747 13 0.01 0.5 32.9 0.282033 0.200308 4.15571 0.0344682 0.0273142 125.063
227417 13 0.01 0.5 32.9 0.0250305 0.0707593 6.56692 0.00313874 0.0124633 125.063
232940 13 0.01 0.5 32.9 0.359139 -0.0665149 2.47142 0.0295367 -0.00361807 125.063
233842 13 0.01 0.5 32.9 -0.231832 -0.492196 3.44156 -0.0245349 -0.0496527 125.063
235987 13 0.01 0.5 32.9 0.085514 -0.296804 2.4144 0.00710412 -0.0197713 125.063
236749 13 0.01 0.5 32.9 0.414487 0.360707 7.8091 0.0981628 0.0859278 125.063
238257 13 0.01 0.5 32.9 -0.388467 -0.307647 5.89379 -0.0705465 -0.0538143 125.063
238916 13 0.01 0.5 32.9 -0.412686 0.367262 2.47916 -0.0303659 0.0312999 125.063
239068 13 0.01 0.5 32.9 -0.149184 -0.0731357 11.7737 -0.0542463 -0.0239819 125.063
239445 13 0.01 0.5 32.9 0.136802 0.106208 5.65575 0.0239299 0.015778 125.063
240375 13 0.01 0.5 32.9 -0.362782 0.398737 6.34985 -0.0731296 0.0785544 125.063
248817 13 0.01 0.5 32.9 0.0887529 0.499675 7.71189 0.0224592 0.118544 125.063
249753 13 0.01 0.5 32.9 0.0819647 0.370917 8.31118 0.0201471 0.0920645 125.063
250014 13 0.01 0.5 32.9 -0.282273 0.365452 3.95293 -0.0356091 0.0452498 125.063
252306 13 0.01 0.5 32.9 0.4587 0.202834 7.56781 0.105506 0.0457615 125.063
257981 13 0.01 0.5 32.9 0.270931 -0.281855 6.82164 0.0541192 -0.0567654 125.063
258776 13 0.01 0.5 32.9 0.429402 -0.33308 6.06925 0.0781285 -0.0619947 125.063
258789 13 0.01 0.5 32.9 0.313656 0.439736 2.75774 0.026672 0.0373488 125.063
261046 13 0.01 0.5 32.9 0.291677 0.143883 2.71453 0.0246519 0.0115109 125.063
261314 13 0.01 0.5 32.9 0.258337 -0.254922 2.70282 0.0208084 -0.0173259 125.063
262412 13 0.01 0.5 32.9 -0.298597 -0.311928 5.21491 -0.0471236 -0.0491665 125.063
269824 13 0.01 0.5 32.9 0.211869 0.199868 4.7026 0.0315107 0.0308109 125.063
271153 13 0.01 0.5 32.9 0.293677 -0.0121159 1.16318 0.011598 -0.000967804 125.063
271907 13 0.01 0.5 32.9 0.271187 -0.455223 4.74951 0.0388332 -0.0640721 125.063
278448 13 0.01 0.5 32.9 0.168097 -0.442395 6.13615 0.0306277 -0.080337 125.063
281596 13 0.01 0.5 32.9 -0.0689083 -0.277036 9.90587 -0.0214832 -0.0819124 125.063
283456 13 0.01 0.5 32.9 0.367485 -0.0443412 2.77208 0.0312303 -0.00298512 125.063
283513 13 0.01 0.5 32.9 -0.157575 0.258944 7.44434 -0.0362327 0.0591943 125.063
287091 13 0.01 0.5 32.9 -0.343898 0.153903 7.56017 -0.0791344 0.0333257 125.063
288641 13 0.01 0.5 32.9 0.48923 -0.372697 6.50844 0.0962794 -0.0727082 125.063
289342 13 0.01 0.5 32.9 -0.366837 -0.473393 6.48234 -0.0727578 -0.093426 125.063
291201 13 0.01 0.5 32.9 0.449208 -0.482894 8.53696 0.118143 -0.125075 125.063
291456 13 0.01 0.5 32.9 -0.0653489 -0.4084 2.61007 -0.00545033 -0.0297826 125.063
295840 13 0.01 0.5 32.9 0.36712 -0.347432 3.17734 0.0343243 -0.0375269 125.063
295877 13 0.01 0.5 32.9 0.485921 0.369487 6.94523 0.10229 0.0805853 125.063
295974 13 0.01 0.5 32.9 -0.211398 0.228274 3.44254 -0.0247125 0.0254187 125.063
298216 13 0.01 0.5 32.9 0.121461 -0.114035 8.37893 0.0304365 -0.0293144 125.063
299651 13 0.01 0.5 32.9 -0.0374047 -0.411194 4.56373 -0.00319634 -0.0554368 125.063
300197 13 0.01 0.5 32.9 0.378136 -0.118852 3.15659 0.0344343 -0.0123579 125.063
300716 13 0.01 0.5 32.9 0.282202 0.116578 4.38288 0.0355378 0.0155041 125.063
302322 13 0.01 0.5 32.9 -0.220994 0.171265 2.66065 -0.0176297 0.0138502 125.063
303744 13 0.01 0.5 32.9 -0.247805 0.0551292 5.70678 -0.0430486 0.00940242 125.063
305175 13 0.01 0.5 32.9 0.487176 0.370055 5.09926 0.0761201 0.0588244 125.063
306051 13 0.01 0.5 32.9 -0.263616 0.190751 9.87158 -0.0778531 0.059002 125.063
308565 13 0.01 0.5 32.9 -0.367166 -0.224479 11.6322 -0.127655 -0.0767789 125.063
310963 13 0.01 0.5 32.9 0.358779 -0.0920227 6.32588 0.0700517 -0.0151349 125.063
315354 13 0.01 0.5 32.9 0.156045 -0.317592 3.30784 0.0146553 -0.0325905 125.063
316048 13 0.01 0.5 32.9 -0.429392 -0.168046 15.5886 -0.204366 -0.0781133 125.063
316109 13 0.01 0.5 32.9 0.368135 -0.120325 3.11646 0.03578 -0.0101697 125.063
318622 13 0.01 0.5 32.9 -0.392111 0.0382898 5.62194 -0.0654626 0.0102967 125.063
319270 13 0.01 0.5 32.9 0.405102 -0.122555 6.83591 0.0819782 -0.02363 125.063
323532 13 0.01 0.5 32.9 0.088051 -0.0921259 1.95146 0.00558444 -0.00418269 125.063
328352 13 0.01 0.5 32.9 -0.170439 0.173142 5.94219 -0.0295588 0.0321456 125.063
330526 13 0.01 0.5 32.9 0.250581 -0.273837 3.85972 0.0301398 -0.0345257 125.063
331578 13 0.01 0.5 32.9 0.0482749 0.23636 9.32105 0.0133034 0.0677836 125.063
331901 13 0.01 0.5 32.9 0.287491 0.0341823 20.5585 0.180567 0.0235649 125.063
332446 13 0.01 0.5 32.9 0.110336 -0.100243 3.31523 0.0112203 -0.00804645 125.063
332497 13 0.01 0.5 32.9 -0.143668 0.283727 3.23895 -0.0145432 0.027637 125.063
332719 13 0.01 0.5 32.9 -0.410407 0.423126 3.79041 -0.0477517 0.0489555 125.063
333567 13 0.01 0.5 32.9 -0.0254761 -0.468436 10.3081 -0.00725002 -0.147291 125.063
335946 13 0.01 0.5 32.9 -0.365245 -0.467823 10.6854 -0.119496 -0.151397 125.063
336321 13 0.01 0.5 32.9 -0.141385 0.160229 2.24166 -0.00962197 0.0124006 125.063
337626 13 0.01 0.5 32.9 0.269587 0.296394 3.30287 0.027478 0.0306718 125.063
341399 13 0.01 0.5 32.9 -0.111094 0.185713 9.09862 -0.0318108 0.051956 125.063
347902 13 0.01 0.5 32.9 -0.256344 0.128706 3.55315 -0.0281427 0.0115598 125.063
351211 13 0.01 0.5 32.9 -0.470209 -0.338728 2.6942 -0.0388258 -0.0293288 125.063
355193 13 0.01 0.5 32.9 0.197781 0.344923 10.2027 0.0581101 0.106655 125.063
356847 13 0.01 0.5 32.9 -0.330561 0.106773 9.54328 -0.0948271 0.0310397 125.063
357803 13 0.01 0.5 32.9 -0.317869 -0.0872135 3.17896 -0.0317908 -0.00844251 125.063
358671 13 0.01 0.5 32.9 0.466809 0.137944 2.627 0.0371073 0.0150282 125.063
360285 13 0.01 0.5 32.9 -0.483163 0.175195 4.91615 -0.0735453 0.0272906 125.063
363637 13 0.01 0.5 32.9 0.214433 0.27109 5.37084 0.0335285 0.0433874 125.063
365049 13 0.01 0.5 32.9 0.243766 -0.197744 9.58052 0.0688895 -0.0552997 125.063
367246 13 0.01 0.5 32.9 0.333539 -0.487312 1.30502 0.010412 -0.0181826 125.063
367460 13 0.01 0.5 32.9 -0.303276 -0.363637 7.54237 -0.0707977 -0.0833606 125.063
368418 13 0.01 0.5 32.9 -0.0899566 0.485448 2.26589 -0.00499599 0.0341074 125.063
370100 13 0.01 0.5 32.9 -0.0460138 -0.342404 5.91947 -0.00807368 -0.0599784 125.063
371433 13 0.01 0.5 32.9 -0.250294 -0.334954 2.95855 -0.0223665 -0.0285578 125.063
374166 13 0.01 0.5 32.9 0.022979 0.177625 3.32691 0.00524273 0.0188953 125.063
374655 13 0.01 0.5 32.9 -0.292228 0.125168 8.05573 -0.073631 0.0269518 125.063
375378 13 0.01 0.5 32.9 -0.375026 -0.215857 7.1112 -0.0835386 -0.0460281 125.063
381461 13 0.01 0.5 32.9 0.078604 -0.335917 1.59332 0.00184564 -0.0142714 125.063
382915 13 0.01 0.5 32.9 0.271945 0.140085 2.19815 0.0178778 0.0113462 125.063
384345 13 0.01 0.5 32.9 -0.317425 0.43252 1.35662 -0.0133865 0.0204576 125.063
391044 13 0.01 0.5 32.9 -0.438243 0.193887 8.37658 -0.110868 0.0465945 125.063
394118 13 0.01 0.5 32.9 -0.020418 -0.42481 1.55673 -0.00168883 -0.019631 125.063
394419 13 0.01 0.5 32.9 -0.00179998 -0.402917 2.79466 0.000886371 -0.0328205 125.063
394815 13 0.01 0.5 32.9 -0.0935949 -0.329763 8.65885 -0.0234057 -0.0825936 125.063
398255 13 0.01 0.5 32.9 0.4136 0.149821 6.68281 0.0822218 0.0322084 125.063
398685 13 0.01 0.5 32.9 0.192899 -0.396059 5.49152 0.0329734 -0.0663751 125.063
398956 13 0.01 0.5 32.9 -0.401924 0.137673 4.97639 -0.0620297 0.0228406 125.063
407785 13 0.01 0.5 32.9 0.46113 -0.028226 6.49036 0.0919665 -0.00695297 125.063
409037 13 0.01 0.5 32.9 0.47471 -0.316074 3.61594 0.0531296 -0.0327512 125.063
411226 13 0.01 0.5 32.9 -0.476384 -0.247368 5.94697 -0.0861182 -0.0457645 125.063
416213 13 0.01 0.5 32.9 0.0774896 -0.208457 12.5602 0.0302141 -0.0782834 125.063
416301 13 0.01 0.5 32.9 0.247074 0.16651 5.12997 0.0402948 0.0266203 125.063
418332 13 0.01 0.5 32.9 0.404871 0.358727 3.34989 0.0415411 0.0366684 125.063
420051 13 0.01 0.5 32.9 0.292646 -0.0913657 4.82351 0.0419623 -0.0128678 125.063
420575 13 0.01 0.5 32.9 0.333695 -0.0171236 6.94616 0.0711253 -0.00533905 125.063
422302 13 0.01 0.5 32.9 0.384556 -0.306909 4.12291 0.0486422 -0.037459 125.063
422375 13 0.01 0.5 32.9 -0.481864 -0.288984 6.42265 -0.0938381 -0.0570017 125.063
424431 13 0.01 0.5 32.9 0.330974 0.191242 6.62744 0.0653286 0.0363005 125.063
425571 13 0.01 0.5 32.9 0.197575 0.140052 2.56581 0.0162131 0.00985212 125.063
427066 13 0.01 0.5 32.9 0.488993 -0.431552 1.51562 0.0236006 -0.0192138 125.063
427626 13 0.01 0.5 32.9 0.0200248 0.28633 0.80168 0.00132814 0.00971349 125.063
431656 13 0.01 0.5 32.9 0.285309 -0.25072 6.26851 0.0532271 -0.0466241 125.063
434023 13 0.01 0.5 32.9 0.423721 0.40327 7.96419 0.100618 0.1003 125.063
435776 13 0.01 0.5 32.9 -0.10419 -0.454143 3.53733 -0.00991382 -0.0487077 125.063
436446 13 0.01 0.5 32.9 -0.209607 0.37655 4.85903 -0.0307592 0.0560173 125.063
437294 13 0.01 0.5 32.9 -0.299346 -0.250204 3.14449 -0.0302933 -0.0252535 125.063
437354 13 0.01 0.5 32.9 -0.0918112 -0.412482 4.48448 -0.0117322 -0.0562134 125.063
438738 13 0.01 0.5 32.9 -0.232875 -0.451202 7.19573 -0.0501603 -0.099705 125.063
439819 13 0.01 0.5 32.9 0.386678 0.185685 5.04949 0.0618407 0.0279595 125.063
442388 13 0.01 0.5 32.9 -0.13638 0.313273 17.1777 -0.0700529 0.162956 125.063
444644 13 0.01 0.5 32.9 -0.183525 -0.0195087 1.78002 -0.0111295 -0.00285857 125.063
445340 13 0.01 0.5 32.9 -0.211215 0.470973 0.887556 -0.00638367 0.0149378 125.063
446170 13 0.01 0.5 32.9 -0.248739 -0.318381 18.4938 -0.138628 -0.176346 125.063
446313 13 0.01 0.5 32.9 0.0608751 0.0465183 9.16534 0.016156 0.0148655 125.063
449653 13 0.01 0.5 32.9 0.47196 -0.152006 1.23135 0.0185149 -0.00510928 125.063
454628 13 0.01 0.5 32.9 -0.0847142 -0.0813178 5.94718 -0.0164331 -0.0137695 125.063
455361 13 0.01 0.5 32.9 -0.385404 0.245797 4.19237 -0.0523561 0.0313157 125.063
456381 13 0.01 0.5 32.9 0.413488 0.373995 4.97087 0.0620996 0.0576961 125.063
456446 13 0.01 0.5 32.9 0.22671 0.44986 18.2276 0.125874 0.250679 125.063
456473 13 0.01 0.5 32.9 -0.245906 -0.0610388 6.70741 -0.0506036 -0.0128031 125.063
457394 13 0.01 0.5 32.9 0.123061 0.258187 3.85553 0.0143835 0.0306054 125.063
458052 13 0.01 0.5 32.9 0.151352 -0.393721 3.39511 0.0140584 -0.0420709 125.063
460378 13 0.01 0.5 32.9 0.200151 -0.201578 4.09471 0.0227718 -0.0265532 125.063
460932 13 0.01 0.5 32.9 0.303516 -0.359964 4.39772 0.039754 -0.046326 125.063
461965 13 0.01 0.5 32.9 0.49575 0.395612 3.41115 0.052235 0.041202 125.063
462063 13 0.01 0.5 32.9 0.0183438 -0.457788 4.26346 -0.000926984 -0.0601224 125.063
462632 13 0.01 0.5 32.9 -0.199967 -0.0148495 8.08814 -0.0511631 -0.00222406 125.063
464669 13 0.01 0.5 32.9 -0.130453 -0.0597356 4.12931 -0.0158473 -0.0056336 125.063
465639 13 0.01 0.5 32.9 -0.00725963 0.270555 6.42389 0.00103261 0.0530736 125.063
466210 13 0.01 0.5 32.9 0.447865 0.137257 8.89355 0.120248 0.0398883 125.063
467482 13 0.01 0.5 32.9 -0.111937 -0.131659 1.06527 -0.00305613 -0.00459152 125.063
469968 13 0.01 0.5 32.9 -0.445359 0.413482 4.42871 -0.0626339 0.0564778 125.063
471197 13 0.01 0.5 32.9 0.339338 0.0106993 9.06614 0.091182 0.00325769 125.063
472957 13 0.01 0.5 32.9 0.29168 -0.0765235 7.88999 0.0696709 -0.0190659 125.063
474250 13 0.01 0.5 32.9 0.0414477 0.261198 7.10548 0.00966659 0.0570514 125.063
476541 13 0.01 0.5 32.9 -0.276539 -0.153607 5.80424 -0.0485499 -0.0255587 125.063
476852 13 0.01 0.5 32.9 -0.399325 0.336078 1.03605 -0.0110575 0.0108244 125.063
477733 13 0.01 0.5 32.9 0.366107 -0.0368125 3.27694 0.0365088 -0.0016241 125.063
479624 13 0.01 0.5 32.9 -0.313706 0.344253 16.4139 -0.15902 0.173044 125.063
484364 13 0.01 0.5 32.9 0.293452 -0.469715 3.04405 0.0259817 -0.0430856 125.063
484599 13 0.01 0.5 32.9 -0.046279 0.196394 2.62043 -0.00320701 0.0173843 125.063
485509 13 0.01 0.5 32.9 -0.152982 0.412658 4.65709 -0.0217676 0.0596909 125.063
485876 13 0.01 0.5 32.9 0.283308 0.0272637 2.44992 0.0199366 0.00173045 125.063
489850 13 0.01 0.5 32.9 -0.230655 -0.0394379 5.3773 -0.0364373 -0.00614157 125.063
493471 13 0.01 0.5 32.9 -0.389395 0.250661 4.19888 -0.0504378 0.0311679 125.063
494798 13 0.01 0.5 32.9 0.0359269 0.239445 4.99574 0.00675629 0.0376702 125.063
497537 13 0.01 0.5 32.9 0.0142594 -0.0180677 2.84351 -0.000784334 -0.00109355 125.063
