1002033 8 0.01 0.1 32.9 -0.437467 -0.0045744 0.36432 -0.00276767 0.00212394 8870.64
1002437 8 0.01 0.1 32.9 -0.265587 -0.297778 0.266484 -0.00307203 -0.00148258 8870.64
1003069 8 0.01 0.1 32.9 -0.33288 0.413696 0.743802 -0.00797065 0.012465 8870.64
1003590 8 0.01 0.1 32.9 0.218766 -0.396218 2.47927 0.0154519 -0.0300538 8870.64
1010383 8 0.01 0.1 32.9 -0.333109 -0.0676271 0.299972 -0.00433102 -4.80516e-05 8870.64
1017482 8 0.01 0.1 32.9 0.3027 -0.182433 0.241505 0.00124659 -0.000555832 8870.64
1022184 8 0.01 0.1 32.9 0.0997234 -0.374344 0.516621 0.00110877 -0.00667358 8870.64
1028508 8 0.01 0.1 32.9 -0.218642 0.324223 0.515268 -0.00117919 0.00576807 8870.64
1028621 8 0.01 0.1 32.9 -0.276578 0.329399 0.930863 -0.00700232 0.00877962 8870.64
1028675 8 0.01 0.1 32.9 0.190384 0.343906 0.172658 0.0039361 0.00253555 8870.64
1032369 8 0.01 0.1 32.9 -0.41882 0.307331 0.898129 -0.0140276 0.0106182 8870.64
1034344 8 0.01 0.1 32.9 -0.468229 -0.261974 0.247734 -0.00367454 -0.00223244 8870.64
1035642 8 0.01 0.1 32.9 -0.424279 0.376019 0.403123 -0.00556329 0.00643108 8870.64
1035676 8 0.01 0.1 32.9 0.497632 -0.462642 0.688987 0.0087697 -0.00992322 8870.64
1038412 8 0.01 0.1 32.9 0.0239561 0.246554 0.648354 -0.000859003 0.00696165 8870.64
1038778 8 0.01 0.1 32.9 0.159728 0.393035 0.71689 0.00340838 0.0124123 8870.64
1039207 8 0.01 0.1 32.9 0.17052 -0.322225 0.296033 -0.000623833 -0.000921029 8870.64
1044193 8 0.01 0.1 32.9 0.347498 -0.49865 0.325957 0.00362334 -0.00436345 8870.64
1045614 8 0.01 0.1 32.9 -0.173609 -0.471553 0.647406 -0.00495505 -0.00816998 8870.64
1048772 8 0.01 0.1 32.9 -0.247562 -0.179724 0.253959 -0.00227457 -0.000972698 8870.64
1058918 8 0.01 0.1 32.9 0.480666 0.318534 0.234231 0.00386011 0.00283941 8870.64
1060514 8 0.01 0.1 32.9 0.361875 0.41228 0.125059 0.00491354 0.00475011 8870.64
1063539 8 0.01 0.1 32.9 0.208548 -0.151931 0.0307321 -0.00300538 0.00178291 8870.64
1068908 8 0.01 0.1 32.9 -0.281817 0.310008 0.217716 -0.000455074 0.00585096 8870.64
1072283 8 0.01 0.1 32.9 0.342857 0.403022 1.87311 0.0194231 0.0223231 8870.64
1072821 8 0.01 0.1 32.9 0.122641 -0.280365 0.255496 0.00287243 -0.00150384 8870.64
1073892 8 0.01 0.1 32.9 -0.405552 0.129963 0.622762 -0.00739654 0.00540681 8870.64
1074684 8 0.01 0.1 32.9 -0.251014 0.0852204 0.377594 -0.00412665 1.30937e-05 8870.64
1076723 8 0.01 0.1 32.9 0.35567 0.21698 0.15619 0.00450642 0.00257411 8870.64
1076943 8 0.01 0.1 32.9 -0.143151 -0.14952 0.258878 -0.00234722 0.000617694 8870.64
1077120 8 0.01 0.1 32.9 -0.373963 0.220735 2.21362 -0.0272154 0.0157078 8870.64
1080472 8 0.01 0.1 32.9 0.135879 -4.57585e-05 0.126953 -4.45431e-06 0.000965077 8870.64
1080827 8 0.01 0.1 32.9 -0.378199 -0.218474 0.0790889 -0.0021151 -3.02859e-05 8870.64
1081252 8 0.01 0.1 32.9 -0.487642 0.366051 0.264661 -0.00291791 0.00212258 8870.64
1081932 8 0.01 0.1 32.9 -0.162218 -0.165232 0.334242 -0.00283929 -0.000202729 8870.64
1083963 8 0.01 0.1 32.9 -0.316854 -0.453263 0.825443 -0.00907025 -0.0109989 8870.64
1086220 8 0.01 0.1 32.9 0.410734 -0.444115 0.505451 0.00692425 -0.006382 8870.64
1087599 8 0.01 0.1 32.9 -0.215903 0.328225 0.531883 -0.00543552 0.00612768 8870.64
1088521 8 0.01 0.1 32.9 -0.381291 -0.426406 0.165166 -0.00202049 -0.00203351 8870.64
1089979 8 0.01 0.1 32.9 0.329193 0.0269956 0.315302 0.00260444 0.000400984 8870.64
1090098 8 0.01 0.1 32.9 -0.0123993 0.145813 0.948155 -0.000470297 0.00408974 8870.64
1090853 8 0.01 0.1 32.9 0.101025 -0.260997 0.268495 0.000885633 -0.00279764 8870.64
1092303 8 0.01 0.1 32.9 -0.439358 -0.0858274 0.380705 -0.00443369 0.00472056 8870.64
1094932 8 0.01 0.1 32.9 -0.385969 -0.483999 0.427199 -0.00384261 -0.00546959 8870.64
1096783 8 0.01 0.1 32.9 0.457506 -0.41261 0.64748 0.0113735 -0.00794637 8870.64
1102022 8 0.01 0.1 32.9 -0.0927165 -0.367306 0.247847 7.23747e-05 -0.00216779 8870.64
1104956 8 0.01 0.1 32.9 0.225232 -0.253298 0.554343 0.00624285 -0.00493101 8870.64
1105948 8 0.01 0.1 32.9 -0.184297 0.115478 0.144174 -0.00287131 0.000496426 8870.64
1107520 8 0.01 0.1 32.9 -0.0454919 -0.170425 1.17559 -0.00211313 -0.00439716 8870.64
1108959 8 0.01 0.1 32.9 0.372743 -0.199065 0.125103 0.00382041 -0.00188171 8870.64
1109249 8 0.01 0.1 32.9 0.460043 0.469585 0.678241 0.0107011 0.0117296 8870.64
1113010 8 0.01 0.1 32.9 -0.121557 0.437881 0.615595 -0.00474837 0.00626366 8870.64
1114022 8 0.01 0.1 32.9 0.369275 0.190569 0.282145 0.00499919 0.00336819 8870.64
1116319 8 0.01 0.1 32.9 -0.462136 0.314397 0.0811679 -0.00061446 0.000599324 8870.64
1118460 8 0.01 0.1 32.9 0.106027 -0.242344 0.517056 0.00102091 -0.00605427 8870.64
1125509 8 0.01 0.1 32.9 0.241033 0.39643 0.100813 -0.000986783 0.000270188 8870.64
1126237 8 0.01 0.1 32.9 0.243597 0.269218 0.289279 0.0026682 0.00503546 8870.64
1127550 8 0.01 0.1 32.9 -0.263115 0.324231 0.403195 -0.00382889 0.00423843 8870.64
1129034 8 0.01 0.1 32.9 -0.458092 0.105057 0.230494 -0.00500854 -0.000857016 8870.64
1129509 8 0.01 0.1 32.9 -0.127444 0.064074 0.842832 -0.00170196 0.00124592 8870.64
1131252 8 0.01 0.1 32.9 -0.336284 -0.398052 0.827506 -0.00887127 -0.0111102 8870.64
1133089 8 0.01 0.1 32.9 0.451246 -0.270041 0.75929 0.00987333 -0.00574969 8870.64
1134666 8 0.01 0.1 32.9 -0.4678 0.100327 0.563348 -0.00890206 0.0019824 8870.64
1135626 8 0.01 0.1 32.9 0.0698749 -0.428475 0.537009 0.000501262 -0.00411336 8870.64
1135927 8 0.01 0.1 32.9 -0.400294 0.409566 0.537262 -0.00767035 0.00784571 8870.64
1135988 8 0.01 0.1 32.9 -0.0594642 -0.113391 0.248045 -0.00158737 -0.000748955 8870.64
1139873 8 0.01 0.1 32.9 -0.117137 -0.046343 0.332117 -8.2876e-05 0.00158876 8870.64
1140580 8 0.01 0.1 32.9 0.0281468 -0.201341 0.777042 0.00082396 -0.00435646 8870.64
1141620 8 0.01 0.1 32.9 0.103313 0.190127 0.250257 0.00119055 0.00199074 8870.64
1142342 8 0.01 0.1 32.9 -0.141741 0.0229039 0.336753 -0.00122624 0.000316874 8870.64
1146258 8 0.01 0.1 32.9 -0.181622 0.16421 0.297641 -0.00284302 0.00273663 8870.64
1147469 8 0.01 0.1 32.9 -0.295461 0.284822 0.526129 -0.00540399 0.00487862 8870.64
1150015 8 0.01 0.1 32.9 0.375365 -0.237738 0.133619 0.00169917 -0.00212547 8870.64
1151730 8 0.01 0.1 32.9 0.268251 -0.321216 0.464685 0.00163071 -0.0036204 8870.64
1153596 8 0.01 0.1 32.9 -0.385114 -0.398946 0.569107 -0.00661356 -0.00803843 8870.64
1153932 8 0.01 0.1 32.9 0.433728 0.118872 1.91667 0.026075 0.00736012 8870.64
1154071 8 0.01 0.1 32.9 -0.380614 0.282025 0.2432 0.000226414 0.00237255 8870.64
1154161 8 0.01 0.1 32.9 -0.499759 0.122241 0.450656 -0.00575453 0.000439969 8870.64
1154321 8 0.01 0.1 32.9 0.235812 0.101764 0.757849 0.00649776 0.00269661 8870.64
1154695 8 0.01 0.1 32.9 -0.185762 -0.212664 0.127685 0.000804272 -0.00125109 8870.64
1155437 8 0.01 0.1 32.9 0.243127 0.338878 0.148502 -0.000236129 0.00619597 8870.64
1156269 8 0.01 0.1 32.9 0.202974 0.289711 0.171615 0.00122534 0.000679316 8870.64
1158686 8 0.01 0.1 32.9 0.451642 -0.139531 0.937709 0.0137193 -0.000963314 8870.64
1159300 8 0.01 0.1 32.9 -0.118907 0.138798 0.224718 -0.00153253 0.00176829 8870.64
1159892 8 0.01 0.1 32.9 -0.299777 0.19433 0.335645 -0.00259249 0.00359151 8870.64
1160629 8 0.01 0.1 32.9 -0.383096 0.485125 0.361422 -0.00383871 0.00624751 8870.64
1160842 8 0.01 0.1 32.9 -0.449087 0.387767 0.784472 -0.00952279 0.0100235 8870.64
1161547 8 0.01 0.1 32.9 0.300459 0.417637 0.361041 0.0025892 0.00296333 8870.64
1162797 8 0.01 0.1 32.9 -0.0302621 0.175763 0.0889684 -0.000145694 -2.78252e-05 8870.64
1164509 8 0.01 0.1 32.9 -0.450218 0.058818 1.10181 -0.0131995 0.00264984 8870.64
1167522 8 0.01 0.1 32.9 -0.133209 -0.0330888 0.0497199 0.000485167 -0.00529971 8870.64
1172239 8 0.01 0.1 32.9 0.120616 0.157703 0.458678 0.00301799 0.00371867 8870.64
1173428 8 0.01 0.1 32.9 0.0257143 0.493115 1.21952 0.00247023 0.0178798 8870.64
1178040 8 0.01 0.1 32.9 0.00590913 0.334958 0.415413 -0.000752522 0.00477493 8870.64
1179185 8 0.01 0.1 32.9 0.135734 0.444374 0.394423 0.00110328 0.00597287 8870.64
1179350 8 0.01 0.1 32.9 -0.356734 0.228498 0.0572909 -0.00136751 0.00321027 8870.64
1180497 8 0.01 0.1 32.9 -0.156402 -0.323468 0.704642 -0.00167962 -0.00719413 8870.64
1180963 8 0.01 0.1 32.9 -0.334317 0.461722 0.292102 -0.00313373 0.0072418 8870.64
1181231 8 0.01 0.1 32.9 -0.389735 0.0942107 0.469843 -0.00538842 0.0011672 8870.64
1183345 8 0.01 0.1 32.9 -0.468512 0.418714 0.211439 -0.00230821 0.0029089 8870.64
1183550 8 0.01 0.1 32.9 0.140048 -0.358619 0.226626 0.00192606 -0.00406858 8870.64
1185579 8 0.01 0.1 32.9 0.134696 0.407286 0.324505 0.00224975 0.00286216 8870.64
1187665 8 0.01 0.1 32.9 -0.232076 0.0294258 0.0899833 -0.00286897 0.00306816 8870.64
1188250 8 0.01 0.1 32.9 -0.0319318 -0.21833 0.211935 0.00215326 0.00072128 8870.64
1188993 8 0.01 0.1 32.9 -0.210193 -0.254826 0.0821295 -0.00165645 5.18797e-05 8870.64
1189373 8 0.01 0.1 32.9 -0.0965897 0.236848 0.782099 -0.00313108 0.00666167 8870.64
1197553 8 0.01 0.1 32.9 -0.394609 0.244416 0.1506 -0.00381219 0.00139623 8870.64
1201942 8 0.01 0.1 32.9 -0.418326 -0.0548802 0.256408 -0.00413303 0.00506362 8870.64
1204877 8 0.01 0.1 32.9 0.0933329 -0.183791 0.617531 0.00141293 -0.00358873 8870.64
1209242 8 0.01 0.1 32.9 0.229226 -0.34259 0.578397 0.00213889 -0.00578664 8870.64
1217363 8 0.01 0.1 32.9 -0.446906 0.125767 0.550543 -0.00790974 0.00451905 8870.64
1219193 8 0.01 0.1 32.9 0.102169 -0.461752 0.425756 0.00125832 -0.00544559 8870.64
1219675 8 0.01 0.1 32.9 0.062656 0.154935 0.347277 -0.000795828 -0.000284039 8870.64
1221352 8 0.01 0.1 32.9 0.236652 -0.264116 0.382681 0.00298791 -0.00265128 8870.64
1222157 8 0.01 0.1 32.9 -0.367794 -0.0123588 0.133877 -0.000279892 -0.00190508 8870.64
1230070 8 0.01 0.1 32.9 0.182863 0.332843 0.320641 0.000258023 0.0051615 8870.64
1230737 8 0.01 0.1 32.9 0.135406 0.382434 0.403547 0.00175952 0.00597524 8870.64
1230823 8 0.01 0.1 32.9 -0.165343 0.0682892 0.244889 -0.000953527 0.00119314 8870.64
1232269 8 0.01 0.1 32.9 0.308779 0.0897708 0.113907 -0.00113263 -0.000496274 8870.64
1233683 8 0.01 0.1 32.9 0.321067 -0.392952 0.247155 0.00406917 -0.00301549 8870.64
1233694 8 0.01 0.1 32.9 -0.281713 -0.444823 0.405788 -0.00387891 -0.00411321 8870.64
1236183 8 0.01 0.1 32.9 0.24016 0.0632463 0.247426 0.00133011 1.81278e-05 8870.64
1238211 8 0.01 0.1 32.9 0.389445 -0.280151 0.403946 0.00597335 -0.00329573 8870.64
1241018 8 0.01 0.1 32.9 0.316023 0.450844 0.165891 0.000177395 0.00229242 8870.64
1241260 8 0.01 0.1 32.9 0.205575 0.0543165 0.192458 0.000762511 0.00149126 8870.64
1243053 8 0.01 0.1 32.9 0.315159 0.434665 1.08136 0.0111576 0.0152935 8870.64
1243674 8 0.01 0.1 32.9 -0.426722 -0.216856 0.118295 -0.00132247 -1.66754e-05 8870.64
1243719 8 0.01 0.1 32.9 -0.192227 0.313905 0.467828 -0.00203247 0.00575543 8870.64
1244334 8 0.01 0.1 32.9 0.16877 -0.483164 1.97947 0.0112714 -0.0283144 8870.64
1244503 8 0.01 0.1 32.9 -0.132132 -0.369396 0.313255 -0.000606569 -0.00366436 8870.64
1244562 8 0.01 0.1 32.9 0.129684 -0.301952 0.499739 -0.00157464 -0.00336805 8870.64
1244970 8 0.01 0.1 32.9 0.467684 0.395613 0.217474 0.00137362 0.00332496 8870.64
1245460 8 0.01 0.1 32.9 -0.223526 0.120003 0.383604 -0.00298879 0.00200727 8870.64
1246321 8 0.01 0.1 32.9 0.452156 -0.162048 0.1491 0.00087684 0.00184769 8870.64
1246898 8 0.01 0.1 32.9 0.38199 0.0767034 0.305574 0.00256619 0.00223818 8870.64
1247028 8 0.01 0.1 32.9 0.434847 -0.403269 0.711599 0.00733876 -0.00957125 8870.64
1250172 8 0.01 0.1 32.9 -0.136828 -0.107584 0.647896 -0.00171242 0.000859552 8870.64
1250570 8 0.01 0.1 32.9 -0.239111 0.461234 0.0893331 -0.00295347 0.00165888 8870.64
1256903 8 0.01 0.1 32.9 -0.196048 -0.15603 0.390838 -0.00258048 -0.00371151 8870.64
1258061 8 0.01 0.1 32.9 0.222512 -0.233533 0.440322 0.00319825 -0.00161047 8870.64
1259359 8 0.01 0.1 32.9 -0.21205 -0.325453 0.498558 -0.00307838 -0.00667775 8870.64
1263589 8 0.01 0.1 32.9 -0.266881 0.00623436 0.299868 -0.00626039 -0.000841146 8870.64
1263914 8 0.01 0.1 32.9 0.449619 -0.382137 0.0490039 2.74431e-05 -0.00291144 8870.64
1263969 8 0.01 0.1 32.9 0.111765 0.0722088 0.121283 0.000178333 0.00255007 8870.64
1264029 8 0.01 0.1 32.9 0.123747 -0.0339632 0.261971 0.002526 0.000698933 8870.64
1264182 8 0.01 0.1 32.9 0.282962 -0.323484 0.35859 0.0031798 -0.00458348 8870.64
1264287 8 0.01 0.1 32.9 0.303139 0.0711938 0.734431 0.0055221 0.00212004 8870.64
1264384 8 0.01 0.1 32.9 -0.304607 0.459674 0.431441 -0.00403763 0.00741842 8870.64
1271296 8 0.01 0.1 32.9 -0.45052 -0.364116 0.416469 -0.00486001 -0.00406396 8870.64
1274558 8 0.01 0.1 32.9 0.295524 0.123615 0.314927 0.00086798 0.00203462 8870.64
1277580 8 0.01 0.1 32.9 -0.108207 -0.211641 0.236012 -0.000136079 -0.00115442 8870.64
1278592 8 0.01 0.1 32.9 0.374759 0.260874 0.198498 0.00152351 0.000246288 8870.64
1280990 8 0.01 0.1 32.9 -0.0188247 0.122384 0.318317 -0.00258473 0.000950966 8870.64
1281595 8 0.01 0.1 32.9 0.0940117 0.305872 0.471089 0.0031765 0.00511831 8870.64
1284068 8 0.01 0.1 32.9 -0.0982959 0.261768 0.537072 -0.00122778 0.00557998 8870.64
1284195 8 0.01 0.1 32.9 -0.294124 0.207965 0.388192 -0.00277655 0.00427289 8870.64
1286767 8 0.01 0.1 32.9 0.242779 0.387011 0.242066 0.00140173 0.0017864 8870.64
1287771 8 0.01 0.1 32.9 0.131119 -0.130193 0.103378 0.000765498 0.00320824 8870.64
1291793 8 0.01 0.1 32.9 -0.447346 0.299492 0.757479 -0.0128144 0.00662931 8870.64
1292785 8 0.01 0.1 32.9 -0.329821 0.190713 0.692431 -0.00722867 0.00431859 8870.64
1293395 8 0.01 0.1 32.9 -0.220551 0.484811 0.385448 -0.00228619 0.00535361 8870.64
1293478 8 0.01 0.1 32.9 -0.0454179 -0.109821 1.25291 -0.00229225 -0.00469651 8870.64
1294870 8 0.01 0.1 32.9 -0.174823 0.0229577 0.64038 -0.00588511 0.00228966 8870.64
1295253 8 0.01 0.1 32.9 0.42282 0.0166684 0.16422 0.00386236 0.00101842 8870.64
1296790 8 0.01 0.1 32.9 0.207828 0.302544 0.340021 0.000903144 0.00427553 8870.64
1303605 8 0.01 0.1 32.9 -0.175426 -0.463454 0.311187 -0.00195619 -0.00403305 8870.64
1308907 8 0.01 0.1 32.9 -0.450065 0.333389 0.332765 -0.00318451 0.00426122 8870.64
1310798 8 0.01 0.1 32.9 -0.228857 -0.239228 0.42626 -0.00300244 -0.00355617 8870.64
1311614 8 0.01 0.1 32.9 -0.48827 0.148798 0.824187 -0.0120417 0.00320749 8870.64
1317345 8 0.01 0.1 32.9 0.254942 -0.270264 0.721696 0.00802587 -0.00427057 8870.64
1317915 8 0.01 0.1 32.9 -0.234705 -0.489566 0.129866 0.000833919 -0.000987878 8870.64
1318468 8 0.01 0.1 32.9 0.423524 0.0254058 0.207114 0.00226246 0.00344348 8870.64
1318766 8 0.01 0.1 32.9 0.385888 0.121239 0.600303 0.00919093 0.00338677 8870.64
1320353 8 0.01 0.1 32.9 -0.189133 0.182347 0.244286 0.000610494 0.000979372 8870.64
1321901 8 0.01 0.1 32.9 0.229896 -0.430943 0.27415 -0.000143464 -0.00176352 8870.64
1327691 8 0.01 0.1 32.9 0.248212 0.260353 0.0605415 0.00176454 0.00207583 8870.64
1328218 8 0.01 0.1 32.9 -0.0438332 0.0998339 0.631855 -0.000580856 0.00446278 8870.64
1329141 8 0.01 0.1 32.9 4.35975e-05 0.145985 0.572532 -0.000338094 0.00390091 8870.64
1330641 8 0.01 0.1 32.9 0.0560115 -0.399742 0.341523 0.00173441 -0.00441261 8870.64
1333695 8 0.01 0.1 32.9 -0.260376 -0.104006 0.269339 -0.00100686 -0.000789512 8870.64
1335409 8 0.01 0.1 32.9 -0.128852 0.459178 0.194889 -0.00251627 0.00660038 8870.64
1337228 8 0.01 0.1 32.9 -0.064238 -0.465258 0.277767 4.96657e-06 -0.00139532 8870.64
1341411 8 0.01 0.1 32.9 0.472115 0.478898 1.71599 0.0236384 0.0258685 8870.64
1341634 8 0.01 0.1 32.9 0.276947 0.105232 0.0288794 0.000487503 -0.00271754 8870.64
1341983 8 0.01 0.1 32.9 -0.291647 -0.301241 0.412725 -0.00372489 -0.00542326 8870.64
1343625 8 0.01 0.1 32.9 0.281333 -0.382354 0.735738 0.00687691 -0.00809036 8870.64
1344074 8 0.01 0.1 32.9 -0.49512 -0.339203 0.571574 -0.00974044 -0.00717961 8870.64
1344860 8 0.01 0.1 32.9 0.217914 -0.340434 0.186539 0.00136014 -0.00207436 8870.64
1349769 8 0.01 0.1 32.9 -0.368141 -0.294947 0.498864 -0.00616176 -0.00422015 8870.64
1351078 8 0.01 0.1 32.9 0.327762 0.0539369 0.176372 0.00199534 -0.000864756 8870.64
1351935 8 0.01 0.1 32.9 0.0360681 -0.17374 1.08913 0.00114766 -0.00410312 8870.64
1353979 8 0.01 0.1 32.9 -0.190327 0.279524 0.132075 0.000356151 -0.000248071 8870.64
1354658 8 0.01 0.1 32.9 -0.282499 0.402117 0.350237 -0.00262037 0.00494913 8870.64
1358093 8 0.01 0.1 32.9 -0.0873896 -0.00338746 0.603 -0.0010795 -0.00203254 8870.64
1358134 8 0.01 0.1 32.9 0.357595 -0.314646 0.0689669 0.00125311 0.00110004 8870.64
1358276 8 0.01 0.1 32.9 0.269355 -0.182374 0.216363 0.00142956 -0.00151239 8870.64
1358859 8 0.01 0.1 32.9 -0.117286 -0.103445 0.183412 -0.00189817 -0.00246976 8870.64
1360653 8 0.01 0.1 32.9 0.0786017 0.184498 0.144319 0.00138972 0.00218532 8870.64
1360899 8 0.01 0.1 32.9 -0.266638 0.368422 0.540631 -0.00458638 0.00645389 8870.64
1361440 8 0.01 0.1 32.9 -0.304715 -0.203891 0.450774 -0.00175971 -0.00307388 8870.64
1362532 8 0.01 0.1 32.9 0.127271 0.227454 0.177861 0.00224614 0.00304201 8870.64
1366769 8 0.01 0.1 32.9 0.418898 0.083116 0.577852 0.00720514 0.0028919 8870.64
1367451 8 0.01 0.1 32.9 -0.404497 -0.489996 0.157086 -0.00331158 -0.00141304 8870.64
1367726 8 0.01 0.1 32.9 0.0343859 0.0831243 0.593549 0.00188553 0.000260287 8870.64
1370347 8 0.01 0.1 32.9 -0.0516724 -0.240391 0.41184 0.000236191 -0.000957012 8870.64
1371400 8 0.01 0.1 32.9 -0.129438 0.314226 0.12983 0.00123137 0.0022782 8870.64
1372712 8 0.01 0.1 32.9 -0.18924 0.428881 0.456151 -0.00205155 0.00913605 8870.64
1373189 8 0.01 0.1 32.9 0.115974 0.332403 0.287016 2.28619e-05 0.0054597 8870.64
1373639 8 0.01 0.1 32.9 -0.312612 -0.311899 0.154568 -0.0018174 -0.00133897 8870.64
1378492 8 0.01 0.1 32.9 -0.0114766 -0.102157 0.15787 -0.00151191 -0.000991315 8870.64
1381517 8 0.01 0.1 32.9 0.304182 0.250537 0.278091 0.00043083 0.00438175 8870.64
1381900 8 0.01 0.1 32.9 0.412681 -0.277399 0.303654 0.00552878 -0.00391288 8870.64
1382765 8 0.01 0.1 32.9 0.0348985 0.171365 0.359881 0.00290555 0.0037895 8870.64
1385063 8 0.01 0.1 32.9 0.015188 -0.478288 0.26982 0.00275769 -0.00352833 8870.64
1385592 8 0.01 0.1 32.9 -0.168126 0.453596 0.524949 -0.00335044 0.0072886 8870.64
1386174 8 0.01 0.1 32.9 0.044726 0.268959 0.453228 0.000565329 0.00420585 8870.64
1387082 8 0.01 0.1 32.9 0.0584129 -0.469466 0.542846 -0.000378841 -0.00674019 8870.64
1388471 8 0.01 0.1 32.9 0.254144 -0.463758 1.02556 0.00509805 -0.0145367 8870.64
1389370 8 0.01 0.1 32.9 -0.45673 0.325902 0.110327 -0.00108312 0.00155425 8870.64
1389462 8 0.01 0.1 32.9 0.324296 0.0420079 0.251018 0.000256604 -0.000104331 8870.64
1391191 8 0.01 0.1 32.9 -0.225047 -0.413577 0.25563 -0.0010557 -0.0051296 8870.64
1392407 8 0.01 0.1 32.9 0.495094 -0.425254 0.262662 0.00501906 -0.00272682 8870.64
1396529 8 0.01 0.1 32.9 -0.336399 0.321601 1.40433 -0.0143722 0.0133295 8870.64
1396709 8 0.01 0.1 32.9 -0.269587 -0.187867 0.262093 -0.000623246 -0.000272906 8870.64
1400299 8 0.01 0.1 32.9 0.498966 -0.180477 0.124717 0.00107341 0.00274786 8870.64
1402107 8 0.01 0.1 32.9 0.15733 -0.082481 0.189309 0.0014577 -0.000675411 8870.64
1404703 8 0.01 0.1 32.9 -0.168593 -0.109007 0.114015 0.000892126 -0.00308431 8870.64
1407343 8 0.01 0.1 32.9 0.162151 0.0370867 0.233912 0.000110089 0.00119997 8870.64
1409327 8 0.01 0.1 32.9 -0.0529501 -0.197959 0.794073 0.00152316 -0.00530769 8870.64
1409616 8 0.01 0.1 32.9 -0.324842 -0.0767677 0.23807 -0.00393025 -0.000518217 8870.64
1409779 8 0.01 0.1 32.9 -0.0692145 0.212986 0.505363 -0.00283878 0.000762788 8870.64
1410020 8 0.01 0.1 32.9 0.186311 -0.492356 0.59585 0.000840279 -0.00758658 8870.64
1416826 8 0.01 0.1 32.9 -0.461057 -0.163939 0.1007 -0.000117321 0.000127117 8870.64
1418373 8 0.01 0.1 32.9 0.279793 -0.15758 0.190447 -0.000133844 -0.0023087 8870.64
1418786 8 0.01 0.1 32.9 0.0302161 0.113165 0.214525 -0.000785348 0.000967544 8870.64
1421020 8 0.01 0.1 32.9 0.43614 0.408757 0.461134 0.00657656 0.00764821 8870.64
1421090 8 0.01 0.1 32.9 0.41236 -0.397788 0.830799 0.0105673 -0.00850235 8870.64
1422798 8 0.01 0.1 32.9 -0.407832 0.239673 0.15835 -0.00259771 0.00169563 8870.64
1423105 8 0.01 0.1 32.9 0.263366 0.482446 0.393693 0.00397432 0.00889407 8870.64
1425716 8 0.01 0.1 32.9 -0.416498 0.462768 1.14332 -0.0138809 0.0187553 8870.64
1429016 8 0.01 0.1 32.9 -0.145221 -0.249541 0.352013 -0.00216252 -0.00174335 8870.64
1429668 8 0.01 0.1 32.9 -0.385263 0.152753 0.700095 -0.0073039 0.0048655 8870.64
1434915 8 0.01 0.1 32.9 -0.155882 -0.0767773 0.127657 0.000343928 0.00144821 8870.64
1435563 8 0.01 0.1 32.9 -0.0703019 -0.360458 0.133943 -0.0034603 0.00131627 8870.64
1436826 8 0.01 0.1 32.9 0.0999579 0.174762 1.34309 0.00446281 0.00872489 8870.64
1437678 8 0.01 0.1 32.9 0.164651 0.0697229 0.539375 0.00289078 0.00184289 8870.64
1439509 8 0.01 0.1 32.9 0.434049 0.25218 0.522291 0.00825138 0.00582345 8870.64
1439695 8 0.01 0.1 32.9 -0.224715 -0.244345 0.31062 -0.00425448 -0.00127044 8870.64
1440429 8 0.01 0.1 32.9 0.302566 0.00405962 0.606149 0.00690476 -0.00121683 8870.64
1440467 8 0.01 0.1 32.9 -0.103275 -0.201661 0.830615 -0.00328974 -0.00593078 8870.64
1441282 8 0.01 0.1 32.9 -0.345201 0.142111 0.155734 -0.00359334 0.00439709 8870.64
1444941 8 0.01 0.1 32.9 -0.140443 0.20269 0.55189 -0.00238824 0.00506527 8870.64
1445532 8 0.01 0.1 32.9 -0.383724 0.370871 0.612399 -0.00557211 0.00821066 8870.64
1448485 8 0.01 0.1 32.9 -0.254165 -0.329847 0.265782 -0.00298752 -0.00102012 8870.64
1452237 8 0.01 0.1 32.9 -0.277769 -0.0578732 0.407986 -0.000197838 0.000184973 8870.64
1455620 8 0.01 0.1 32.9 -0.480827 0.0267183 0.331254 -0.00565243 -0.000424564 8870.64
1456440 8 0.01 0.1 32.9 -0.385123 0.324608 0.254424 -0.00392308 0.00463709 8870.64
1457820 8 0.01 0.1 32.9 -0.263579 -0.406669 0.407086 -0.0054366 -0.00241608 8870.64
1460176 8 0.01 0.1 32.9 -0.456433 0.334356 0.238749 -0.00358011 0.00469462 8870.64
1462296 8 0.01 0.1 32.9 -0.387543 -0.337055 0.116365 0.00294214 0.00319587 8870.64
1462921 8 0.01 0.1 32.9 0.0233973 -0.255903 0.0959386 0.00273033 9.41223e-05 8870.64
1468289 8 0.01 0.1 32.9 0.199092 -0.207895 0.363977 0.00278505 -0.0024759 8870.64
1469151 8 0.01 0.1 32.9 0.342309 0.390117 0.429481 0.00416932 0.00507047 8870.64
1473106 8 0.01 0.1 32.9 0.351339 0.000749346 0.20687 0.00485281 0.000962459 8870.64
1473857 8 0.01 0.1 32.9 -0.220287 -0.167087 0.785834 -0.00548239 -0.00389936 8870.64
1474669 8 0.01 0.1 32.9 0.204896 0.160376 0.625001 0.0033355 0.00333512 8870.64
1476930 8 0.01 0.1 32.9 -0.00170749 -0.247147 0.369705 6.74214e-06 -0.00228725 8870.64
1477837 8 0.01 0.1 32.9 -0.225868 0.329001 0.392157 -0.00149475 0.00532767 8870.64
1479170 8 0.01 0.1 32.9 -0.366128 0.354692 0.400617 -0.00315249 0.00624133 8870.64
1480436 8 0.01 0.1 32.9 -0.0073664 -0.0637442 0.20289 0.000538214 0.00114244 8870.64
1482487 8 0.01 0.1 32.9 -0.185095 -0.353549 0.277838 -0.00346222 -0.003205 8870.64
1482743 8 0.01 0.1 32.9 -0.148956 -0.478165 2.60113 -0.0120915 -0.0380033 8870.64
1484042 8 0.01 0.1 32.9 0.0349741 0.355167 0.470911 0.00030259 0.00449516 8870.64
1485344 8 0.01 0.1 32.9 0.0978558 0.468475 0.352883 0.00111302 0.00265509 8870.64
1486401 8 0.01 0.1 32.9 -0.300828 -0.441949 0.321677 -0.00385988 -0.00523982 8870.64
1486643 8 0.01 0.1 32.9 -0.487805 0.269281 0.850697 -0.0143313 0.00819082 8870.64
1487508 8 0.01 0.1 32.9 -0.216618 -0.107264 0.355653 -0.00346231 -0.00180124 8870.64
1487946 8 0.01 0.1 32.9 0.474958 0.219409 0.111433 0.000185635 0.00117444 8870.64
1492589 8 0.01 0.1 32.9 -0.269288 -0.201727 0.196471 -0.000553912 0.000817396 8870.64
1497331 8 0.01 0.1 32.9 0.204346 -0.249897 0.048972 0.00105521 0.00124654 8870.64
1498771 8 0.01 0.1 32.9 0.442631 0.308173 0.0909447 0.000383721 -0.000850505 8870.64
1499046 8 0.01 0.1 32.9 0.151379 0.165246 0.218917 0.000170033 0.00117829 8870.64
500856 8 0.01 0.1 32.9 -0.450193 0.47008 0.384803 -0.00319518 0.00714485 8877.88
500970 8 0.01 0.1 32.9 -0.0977818 0.37893 0.471175 -0.00320538 0.00399675 8877.88
502916 8 0.01 0.1 32.9 -0.16337 -0.174209 0.41568 -0.00014652 -0.000284922 8877.88
503126 8 0.01 0.1 32.9 -0.0321368 -0.340962 0.285302 0.000354012 -0.000120041 8877.88
504589 8 0.01 0.1 32.9 0.163283 -0.419601 0.322308 0.0022565 -0.00364093 8877.88
504992 8 0.01 0.1 32.9 0.442552 -0.462006 0.350609 0.00625949 -0.0033874 8877.88
512607 8 0.01 0.1 32.9 0.16576 0.211534 0.818551 0.00243639 0.00507384 8877.88
513157 8 0.01 0.1 32.9 0.00820229 -0.475266 0.984979 -0.00334392 -0.0164883 8877.88
513318 8 0.01 0.1 32.9 -0.351931 -0.27306 0.575058 -0.00689304 -0.00474527 8877.88
513404 8 0.01 0.1 32.9 0.213966 0.225374 0.438354 0.00237084 0.00233948 8877.88
516046 8 0.01 0.1 32.9 0.464128 0.0725679 0.578635 0.00796323 0.00208766 8877.88
517844 8 0.01 0.1 32.9 -0.283165 0.375831 0.141101 -0.00121174 0.000105407 8877.88
521402 8 0.01 0.1 32.9 -0.375042 0.312425 0.486987 -0.00693137 0.00704305 8877.88
522296 8 0.01 0.1 32.9 -0.0266717 -0.223856 0.414538 0.000273984 -0.00272348 8877.88
528007 8 0.01 0.1 32.9 -0.194661 0.199007 0.0991584 0.00274945 0.0032164 8877.88
528394 8 0.01 0.1 32.9 0.453406 0.0614259 0.413073 0.00639961 -4.59341e-05 8877.88
530197 8 0.01 0.1 32.9 0.329618 0.333405 0.188917 0.00281919 0.00403843 8877.88
531858 8 0.01 0.1 32.9 -0.229019 -0.353808 0.238896 -0.00486772 -0.00105808 8877.88
534443 8 0.01 0.1 32.9 0.183411 -0.495146 0.135469 -0.00131347 -0.00192336 8877.88
534577 8 0.01 0.1 32.9 -0.356325 -0.188106 0.302521 -0.00237712 -0.00137307 8877.88
535554 8 0.01 0.1 32.9 -0.073689 0.110181 0.112564 -0.00233478 0.0021803 8877.88
537226 8 0.01 0.1 32.9 -0.436489 -0.360441 0.381116 -0.00463634 -0.00276732 8877.88
537777 8 0.01 0.1 32.9 -0.376751 0.0479811 0.226873 -0.004066 -0.00173198 8877.88
538419 8 0.01 0.1 32.9 -0.227231 0.449116 0.188934 -0.000301295 0.00620274 8877.88
539734 8 0.01 0.1 32.9 0.0930771 -0.306405 0.426408 0.000501367 -0.00378037 8877.88
539886 8 0.01 0.1 32.9 0.147976 0.176838 0.155178 0.000918121 0.00303451 8877.88
542935 8 0.01 0.1 32.9 -0.14303 0.315623 0.168633 -0.000632293 0.00291474 8877.88
544518 8 0.01 0.1 32.9 -0.199287 -0.461738 0.289517 -0.00478562 -0.00244294 8877.88
545713 8 0.01 0.1 32.9 0.266312 0.0630068 0.489752 0.00154384 0.00275493 8877.88
545854 8 0.01 0.1 32.9 0.458463 0.218902 0.249362 0.00417552 0.00264593 8877.88
547918 8 0.01 0.1 32.9 -0.00332462 -0.485407 0.105832 0.000900628 -0.000620038 8877.88
548258 8 0.01 0.1 32.9 -0.0451992 0.0516272 0.816636 -0.00271628 0.00191459 8877.88
549404 8 0.01 0.1 32.9 0.439619 0.288374 0.349185 0.00454151 0.00702655 8877.88
551016 8 0.01 0.1 32.9 0.0643045 0.38382 0.898325 0.00294269 0.0108585 8877.88
552314 8 0.01 0.1 32.9 0.16465 -0.167587 0.129627 0.00110599 -0.00147513 8877.88
552856 8 0.01 0.1 32.9 -0.0489509 -0.326995 0.439646 -0.000417381 -0.00411232 8877.88
553247 8 0.01 0.1 32.9 -0.107139 0.252747 0.303043 -0.000632636 0.00315371 8877.88
555027 8 0.01 0.1 32.9 0.211175 0.0902638 0.547323 0.00185613 0.00344142 8877.88
556471 8 0.01 0.1 32.9 0.0024266 0.141595 0.735791 -0.00150708 0.00283244 8877.88
557667 8 0.01 0.1 32.9 -0.0856195 0.171475 0.0873621 -0.00365378 0.000845074 8877.88
558295 8 0.01 0.1 32.9 -0.159023 0.218327 0.0983686 0.000273272 9.49194e-05 8877.88
560532 8 0.01 0.1 32.9 0.0988871 0.282156 0.222575 0.00160908 0.00481773 8877.88
563059 8 0.01 0.1 32.9 0.259925 -0.315028 0.404121 0.0033171 -0.00417524 8877.88
564928 8 0.01 0.1 32.9 -0.48389 0.0178457 0.428101 -0.00512939 0.00124059 8877.88
565838 8 0.01 0.1 32.9 0.404755 0.491734 0.410467 0.00586746 0.00641452 8877.88
569053 8 0.01 0.1 32.9 0.401369 0.0576394 0.0766279 6.28662e-05 0.00191573 8877.88
572402 8 0.01 0.1 32.9 -0.262308 0.470703 0.36429 -0.00359258 0.00727301 8877.88
574379 8 0.01 0.1 32.9 0.307644 0.0239356 0.275696 0.000888133 0.000676376 8877.88
576330 8 0.01 0.1 32.9 0.145352 -0.269227 0.964362 0.00601724 -0.00721453 8877.88
579107 8 0.01 0.1 32.9 -0.399439 -0.376802 0.440918 -0.00667788 -0.00575733 8877.88
580083 8 0.01 0.1 32.9 0.0191301 0.050003 0.285949 -0.00187572 0.00163333 8877.88
581988 8 0.01 0.1 32.9 -0.368103 0.0726913 0.237198 -0.00248972 0.00308403 8877.88
584391 8 0.01 0.1 32.9 -0.256926 0.413985 0.538991 -0.00575968 0.00929417 8877.88
585459 8 0.01 0.1 32.9 -0.0111595 0.485364 0.521275 0.000261619 0.00582213 8877.88
585954 8 0.01 0.1 32.9 -0.205574 0.0185856 0.2902 0.000703188 0.0011007 8877.88
587601 8 0.01 0.1 32.9 -0.251676 0.256044 0.50831 -0.00370497 0.00460829 8877.88
591518 8 0.01 0.1 32.9 0.205164 0.479746 0.493187 0.00133059 0.00865908 8877.88
592338 8 0.01 0.1 32.9 -0.315368 -0.365969 0.193508 -0.00212212 -0.00110989 8877.88
594303 8 0.01 0.1 32.9 -0.103292 0.414936 1.50917 -0.00511576 0.0182646 8877.88
599450 8 0.01 0.1 32.9 -0.177141 -0.127927 0.349341 -0.000639358 -0.000723293 8877.88
599974 8 0.01 0.1 32.9 -0.170478 0.327194 0.225163 -0.00242181 0.000497947 8877.88
603462 8 0.01 0.1 32.9 0.101959 -0.445966 0.555628 0.00166701 -0.0104467 8877.88
604377 8 0.01 0.1 32.9 -0.246027 -0.390155 0.569784 -0.0038534 -0.00446685 8877.88
607309 8 0.01 0.1 32.9 0.210284 -0.207436 2.58654 0.0160913 -0.0167766 8877.88
607349 8 0.01 0.1 32.9 0.416532 -0.220338 0.40325 0.00545277 -0.000728718 8877.88
609215 8 0.01 0.1 32.9 -0.205888 0.260474 0.482837 -0.00239613 0.00452667 8877.88
609815 8 0.01 0.1 32.9 0.069016 -0.331154 0.179535 0.00143177 0.00159427 8877.88
612640 8 0.01 0.1 32.9 0.366739 0.0561639 0.649062 0.0057316 0.00111078 8877.88
613414 8 0.01 0.1 32.9 -0.148005 0.139931 0.21757 -0.000665532 0.00238031 8877.88
622973 8 0.01 0.1 32.9 0.467695 0.13182 0.191186 0.00304495 0.000802194 8877.88
623640 8 0.01 0.1 32.9 0.492824 -0.455898 1.12763 0.0155083 -0.0135924 8877.88
623859 8 0.01 0.1 32.9 -0.442124 -0.229371 0.506693 -0.00692844 -0.00145334 8877.88
624517 8 0.01 0.1 32.9 0.0879308 -0.423077 0.356305 0.00182683 -0.00202254 8877.88
625358 8 0.01 0.1 32.9 -0.183221 0.0101465 0.580087 -0.0029644 0.00169702 8877.88
630867 8 0.01 0.1 32.9 0.386502 -0.387398 0.262 -0.000307845 -0.00305963 8877.88
639176 8 0.01 0.1 32.9 -0.133029 -0.0133798 0.581124 -0.00148662 -0.000195494 8877.88
639684 8 0.01 0.1 32.9 0.442395 -0.181231 0.294721 0.00403449 -0.00217532 8877.88
641853 8 0.01 0.1 32.9 -0.0151021 0.178425 0.281848 -5.5015e-05 0.000875154 8877.88
644011 8 0.01 0.1 32.9 -0.433182 0.0136516 0.297577 -0.00400504 -0.000689771 8877.88
644371 8 0.01 0.1 32.9 -0.0257348 0.212171 0.448662 -0.000890372 0.0039404 8877.88
644427 8 0.01 0.1 32.9 -0.0532317 -0.104668 0.509874 -0.0025234 -0.00183811 8877.88
645248 8 0.01 0.1 32.9 -0.0892065 0.252384 1.49154 -0.0033545 0.0126725 8877.88
646887 8 0.01 0.1 32.9 -0.418402 0.0171334 0.0482876 -0.000248549 0.00327732 8877.88
647140 8 0.01 0.1 32.9 0.469693 -0.111164 0.235425 0.00468941 -0.00121526 8877.88
654141 8 0.01 0.1 32.9 0.174899 0.229395 1.15173 0.00289503 0.00979221 8877.88
655857 8 0.01 0.1 32.9 0.040784 -0.101731 0.686812 0.000319485 -0.0022678 8877.88
658406 8 0.01 0.1 32.9 0.241899 -0.375367 0.125238 0.00123556 1.0465e-05 8877.88
658743 8 0.01 0.1 32.9 -0.328849 -0.201052 0.262362 -0.000566737 -0.00132246 8877.88
662404 8 0.01 0.1 32.9 -0.0237513 -0.444127 0.29065 5.34041e-05 -0.00437771 8877.88
664292 8 0.01 0.1 32.9 -0.302985 -0.45561 0.0909259 0.00254165 -0.000153566 8877.88
665063 8 0.01 0.1 32.9 -0.17722 -0.220425 0.413375 -0.00511721 -0.00188672 8877.88
665906 8 0.01 0.1 32.9 0.0859093 0.331002 0.366032 0.00087244 0.00402813 8877.88
668070 8 0.01 0.1 32.9 -0.442026 -0.132761 0.305479 -0.0056981 0.0001906 8877.88
671533 8 0.01 0.1 32.9 0.128512 -0.330343 0.357489 0.00162914 -0.00207398 8877.88
671555 8 0.01 0.1 32.9 0.195971 0.260812 0.390328 0.00180655 0.00370985 8877.88
676180 8 0.01 0.1 32.9 0.342212 -0.238782 0.586606 0.00616294 -0.0030172 8877.88
676690 8 0.01 0.1 32.9 -0.0935141 -0.390614 2.83334 -0.00726336 -0.030521 8877.88
676821 8 0.01 0.1 32.9 0.23516 0.408801 0.456523 0.00242242 0.00585584 8877.88
684577 8 0.01 0.1 32.9 -0.0734026 -0.0358922 0.470698 -0.00292254 -0.000919299 8877.88
687338 8 0.01 0.1 32.9 -0.295933 -0.145555 2.15482 -0.0172238 -0.0106932 8877.88
689653 8 0.01 0.1 32.9 -0.401362 -0.296677 0.498034 -0.00461124 -0.00305221 8877.88
691176 8 0.01 0.1 32.9 -0.221099 0.255994 0.264372 -0.00204677 0.00485393 8877.88
693982 8 0.01 0.1 32.9 -0.366921 0.284834 0.490294 -0.00849989 0.00427404 8877.88
696929 8 0.01 0.1 32.9 -0.247132 -0.133371 0.0931908 -0.00342527 0.0028251 8877.88
701528 8 0.01 0.1 32.9 -0.339181 0.246795 0.0706866 -0.00196141 0.00111565 8877.88
702402 8 0.01 0.1 32.9 0.209824 -0.471976 0.175295 -0.00125546 -0.00214033 8877.88
703458 8 0.01 0.1 32.9 -0.0767937 0.493523 0.180639 -0.00163681 0.00404112 8877.88
703767 8 0.01 0.1 32.9 0.117066 0.198779 0.974907 0.00384726 0.00619221 8877.88
704374 8 0.01 0.1 32.9 0.45061 -0.0947274 0.616341 0.0116609 -0.00152793 8877.88
705199 8 0.01 0.1 32.9 -0.344157 -0.36054 0.277729 -0.00270375 -0.00405674 8877.88
705482 8 0.01 0.1 32.9 -0.0141232 0.133886 0.988798 0.0010553 0.00476696 8877.88
707332 8 0.01 0.1 32.9 -0.450944 -0.255179 0.259159 -0.0046629 0.000135393 8877.88
707826 8 0.01 0.1 32.9 -0.142634 -0.00758739 1.21827 -0.00615899 -0.00231714 8877.88
710602 8 0.01 0.1 32.9 0.0160948 0.128129 0.522505 0.00177034 0.000931281 8877.88
711403 8 0.01 0.1 32.9 0.0678344 -0.276064 0.182422 -0.000463472 0.000193672 8877.88
712059 8 0.01 0.1 32.9 0.45566 -0.395065 0.736265 0.00943212 -0.00611128 8877.88
712162 8 0.01 0.1 32.9 -0.0415019 -0.347404 0.029546 0.000755918 -0.00641681 8877.88
713068 8 0.01 0.1 32.9 -0.406319 0.140519 0.1391 -0.00221922 0.00154163 8877.88
720655 8 0.01 0.1 32.9 -0.213277 -0.129294 0.515077 -0.00295181 -9.24929e-05 8877.88
722077 8 0.01 0.1 32.9 -0.2785 -0.0391852 0.345573 -0.00178288 -0.000856037 8877.88
722720 8 0.01 0.1 32.9 -0.107061 -0.119107 1.01554 -0.00380545 -0.0016527 8877.88
722897 8 0.01 0.1 32.9 0.257322 0.420659 0.191173 -0.0010384 0.00085879 8877.88
722936 8 0.01 0.1 32.9 0.266157 -0.169314 0.0912411 0.00106913 -0.00380384 8877.88
723291 8 0.01 0.1 32.9 0.299596 0.100138 0.444179 0.00487296 0.000992025 8877.88
727557 8 0.01 0.1 32.9 0.491507 -0.24915 0.336693 0.00591486 -0.000139198 8877.88
728320 8 0.01 0.1 32.9 0.472459 -0.0350314 0.501578 0.00775118 -0.000641748 8877.88
732365 8 0.01 0.1 32.9 -0.249957 0.318009 0.135033 -0.00140485 0.00176836 8877.88
735532 8 0.01 0.1 32.9 0.0502238 -0.0391783 0.0792179 -0.00159232 0.000463542 8877.88
737203 8 0.01 0.1 32.9 0.339832 -0.303143 0.788822 0.00825414 -0.00631876 8877.88
737430 8 0.01 0.1 32.9 0.38865 -0.194879 0.276374 0.00278722 -0.00199054 8877.88
737569 8 0.01 0.1 32.9 0.165732 -0.304372 0.914233 0.00502373 -0.00633211 8877.88
737930 8 0.01 0.1 32.9 -0.302054 0.37645 0.105869 -0.00333804 0.00361823 8877.88
738235 8 0.01 0.1 32.9 0.360372 0.246648 0.958558 0.0118265 0.0043093 8877.88
738270 8 0.01 0.1 32.9 0.27995 -0.173765 1.22804 0.00971923 -0.00568061 8877.88
739176 8 0.01 0.1 32.9 0.147258 0.328697 0.168475 0.000551393 0.00159276 8877.88
739232 8 0.01 0.1 32.9 -0.015722 -0.148351 0.715587 -0.000517657 -0.00250527 8877.88
740432 8 0.01 0.1 32.9 -0.200359 0.470659 3.42263 -0.020119 0.0494798 8877.88
741221 8 0.01 0.1 32.9 0.497856 0.358413 1.0174 0.0168897 0.0112723 8877.88
746077 8 0.01 0.1 32.9 -0.0564645 0.369982 1.20342 -0.00288164 0.0138673 8877.88
746347 8 0.01 0.1 32.9 -0.0139742 0.148145 0.211526 -0.00283404 0.00271277 8877.88
746605 8 0.01 0.1 32.9 0.0508225 0.192414 0.583576 0.00111994 0.00575205 8877.88
749732 8 0.01 0.1 32.9 0.111203 -0.161921 0.0834658 0.00334538 -0.000534335 8877.88
749942 8 0.01 0.1 32.9 -0.320786 0.0897776 0.0959984 -0.00108692 -0.00110867 8877.88
757430 8 0.01 0.1 32.9 0.221028 -0.138222 0.543774 0.00361821 -0.0018795 8877.88
760303 8 0.01 0.1 32.9 -0.184681 0.05964 0.220606 -0.00223234 0.00263994 8877.88
763085 8 0.01 0.1 32.9 -0.470649 -0.00169949 0.73356 -0.0105653 0.00126761 8877.88
763778 8 0.01 0.1 32.9 0.0331151 0.251097 0.312179 0.000261246 0.00316932 8877.88
766988 8 0.01 0.1 32.9 0.0498375 0.300813 0.189802 -0.00280389 0.00336685 8877.88
768249 8 0.01 0.1 32.9 -0.465215 0.0209708 0.179705 -0.000401761 1.69198e-05 8877.88
768342 8 0.01 0.1 32.9 0.389122 -0.485931 0.920416 0.0116226 -0.0128513 8877.88
769346 8 0.01 0.1 32.9 -0.0345231 0.199215 0.371997 0.00199531 0.00154677 8877.88
773817 8 0.01 0.1 32.9 0.364212 0.414511 0.270002 0.00330253 0.00386631 8877.88
774356 8 0.01 0.1 32.9 0.498319 -0.0269823 0.218829 0.00493922 -0.00103612 8877.88
774907 8 0.01 0.1 32.9 -0.320564 -0.0994787 0.197201 -0.000782305 0.00128062 8877.88
779130 8 0.01 0.1 32.9 0.160714 0.214662 0.452446 0.00106001 0.00461113 8877.88
782158 8 0.01 0.1 32.9 0.0250987 0.364411 0.30776 0.000575935 0.00441494 8877.88
782171 8 0.01 0.1 32.9 -0.0475519 -0.111208 0.444416 -0.000798772 -0.000562805 8877.88
783294 8 0.01 0.1 32.9 0.386053 0.162233 0.390092 0.00526744 0.00126338 8877.88
785112 8 0.01 0.1 32.9 0.367057 0.143282 0.444184 0.00604937 0.0034884 8877.88
785479 8 0.01 0.1 32.9 0.233432 -0.403932 0.65855 0.00385642 -0.00650436 8877.88
786967 8 0.01 0.1 32.9 0.34051 0.487286 0.434284 0.00476847 0.00617729 8877.88
791348 8 0.01 0.1 32.9 0.199475 -0.0965879 1.05001 0.00543174 -0.00198583 8877.88
799492 8 0.01 0.1 32.9 0.0385002 0.0232892 0.227545 0.0012522 -0.00256747 8877.88
802399 8 0.01 0.1 32.9 0.451597 0.285395 0.343234 0.00191009 0.00541801 8877.88
803297 8 0.01 0.1 32.9 0.133628 -0.344814 0.175071 0.00108424 -0.000989774 8877.88
803589 8 0.01 0.1 32.9 -0.171231 0.168321 0.653734 -0.00315993 0.0020562 8877.88
804192 8 0.01 0.1 32.9 0.0579059 -0.00631177 0.504013 0.000224556 -7.63413e-05 8877.88
809326 8 0.01 0.1 32.9 0.289379 0.293454 0.541182 0.00309566 0.00224851 8877.88
811002 8 0.01 0.1 32.9 -0.151436 -0.3673 0.304871 -0.000541882 -0.00176867 8877.88
812945 8 0.01 0.1 32.9 0.126935 0.499112 0.0601442 -0.0010484 0.00359204 8877.88
814247 8 0.01 0.1 32.9 0.042165 -0.139154 1.10964 0.00273128 -0.00426542 8877.88
815666 8 0.01 0.1 32.9 -0.0811378 0.155892 0.312684 -0.000285248 0.000759024 8877.88
816249 8 0.01 0.1 32.9 0.0197933 0.284402 0.242859 -0.00105059 0.00162319 8877.88
817613 8 0.01 0.1 32.9 -0.174468 0.0985783 0.24658 0.000130405 9.4162e-05 8877.88
821115 8 0.01 0.1 32.9 -0.061605 -0.329927 0.67927 0.000259554 -0.00851671 8877.88
826163 8 0.01 0.1 32.9 -0.0340228 0.272 0.337142 -0.0010594 0.00335879 8877.88
828156 8 0.01 0.1 32.9 -0.429378 -0.196624 0.968455 -0.0134667 -0.00606989 8877.88
831991 8 0.01 0.1 32.9 0.454243 -0.286234 1.04148 0.0134296 -0.00755901 8877.88
834378 8 0.01 0.1 32.9 -0.0199366 0.0515964 0.090782 -0.00215028 -0.000301168 8877.88
834748 8 0.01 0.1 32.9 -0.0187099 -0.427795 0.50821 -0.00104315 -0.00577176 8877.88
835312 8 0.01 0.1 32.9 -0.22627 0.344972 0.292228 0.000271034 0.00425069 8877.88
835791 8 0.01 0.1 32.9 -0.0543173 -0.297442 0.752515 -0.000951506 -0.0063584 8877.88
836504 8 0.01 0.1 32.9 -0.0390084 -0.415506 0.435245 -0.000247279 -0.00399538 8877.88
836715 8 0.01 0.1 32.9 0.296031 -0.0898067 0.287131 0.00274284 0.000208882 8877.88
836915 8 0.01 0.1 32.9 -0.397458 0.0946199 0.0370024 0.000659058 -0.00197165 8877.88
838159 8 0.01 0.1 32.9 0.449862 0.0298373 0.354691 0.00580065 0.000512449 8877.88
839666 8 0.01 0.1 32.9 0.00264527 0.353929 2.05876 -0.00266831 0.0242459 8877.88
841062 8 0.01 0.1 32.9 0.443309 0.33312 1.20889 0.0164079 0.0137437 8877.88
845291 8 0.01 0.1 32.9 -0.090084 0.282554 0.30028 0.000206572 0.000773761 8877.88
847357 8 0.01 0.1 32.9 -0.280793 -0.35404 0.5228 -0.00330942 -0.00387257 8877.88
847448 8 0.01 0.1 32.9 -0.162943 -0.451522 0.100627 0.00125369 -0.00283814 8877.88
847597 8 0.01 0.1 32.9 0.308556 -0.330058 0.275956 0.000653014 -0.00341012 8877.88
847598 8 0.01 0.1 32.9 -0.260535 -0.160158 0.387018 -0.00438021 -0.000662247 8877.88
850720 8 0.01 0.1 32.9 0.125624 -0.00984154 0.853511 0.00488734 -0.000116077 8877.88
853629 8 0.01 0.1 32.9 -0.473835 -0.381646 0.37462 -0.00581818 -0.00609595 8877.88
855777 8 0.01 0.1 32.9 0.180832 0.344362 0.208622 0.00138751 0.00281826 8877.88
856270 8 0.01 0.1 32.9 -0.367007 -0.403999 0.351316 -0.00542819 -0.00480653 8877.88
856832 8 0.01 0.1 32.9 0.18274 0.458292 0.456837 0.00364891 0.00442456 8877.88
859011 8 0.01 0.1 32.9 -0.203286 0.00648018 0.472638 -0.00128528 0.00225861 8877.88
859310 8 0.01 0.1 32.9 0.223804 0.0759649 0.864749 0.00792061 0.00222423 8877.88
862812 8 0.01 0.1 32.9 0.470833 0.048562 0.728712 0.0084579 0.00121501 8877.88
862891 8 0.01 0.1 32.9 -0.448689 -0.163046 0.337518 -0.00317458 -0.00115989 8877.88
863130 8 0.01 0.1 32.9 0.269867 0.384223 0.739259 0.00575733 0.00771945 8877.88
864264 8 0.01 0.1 32.9 -0.0496438 -0.331948 0.780614 -0.00235559 -0.00914238 8877.88
864504 8 0.01 0.1 32.9 -0.173575 0.115444 0.181717 -0.000799029 0.000403178 8877.88
864815 8 0.01 0.1 32.9 0.319726 -0.104358 0.581298 0.00552484 -0.00120527 8877.88
866916 8 0.01 0.1 32.9 0.467968 0.333523 0.172485 0.00117016 6.21798e-05 8877.88
868426 8 0.01 0.1 32.9 0.306496 -0.243406 1.95263 0.0173138 -0.0137927 8877.88
874249 8 0.01 0.1 32.9 0.0118061 0.384571 0.113897 -0.000832247 0.000812167 8877.88
877556 8 0.01 0.1 32.9 0.00218955 -0.0515698 0.484827 0.000874322 0.00112867 8877.88
879634 8 0.01 0.1 32.9 -0.455177 -0.397708 1.19782 -0.0161099 -0.0141421 8877.88
882253 8 0.01 0.1 32.9 -0.474914 -0.479034 0.219824 -0.00265932 0.00045447 8877.88
882898 8 0.01 0.1 32.9 0.383818 0.15603 0.473015 0.00679748 0.00110266 8877.88
883955 8 0.01 0.1 32.9 -0.44864 -0.0866624 0.140394 -0.00197067 0.00212286 8877.88
884329 8 0.01 0.1 32.9 -0.325843 -0.148585 0.259092 -0.00392103 -0.00168451 8877.88
885938 8 0.01 0.1 32.9 0.0919176 -0.192415 0.215806 -3.9646e-05 -0.00258807 8877.88
886925 8 0.01 0.1 32.9 0.337866 -0.0309232 0.0809851 0.000675986 0.00053555 8877.88
887382 8 0.01 0.1 32.9 0.151072 -0.367929 0.157677 0.00151995 -0.00248679 8877.88
888360 8 0.01 0.1 32.9 0.0639749 -0.490116 0.242216 -0.00115114 -0.00257009 8877.88
891796 8 0.01 0.1 32.9 -0.481908 -0.106486 0.838589 -0.0146461 -0.000960459 8877.88
893190 8 0.01 0.1 32.9 0.0874545 -0.0761518 0.15042 0.00301283 0.00170693 8877.88
894964 8 0.01 0.1 32.9 -0.230988 0.300932 0.167854 0.00178417 0.00345806 8877.88
895625 8 0.01 0.1 32.9 0.182145 0.011035 0.164989 0.000210685 -0.00158083 8877.88
897223 8 0.01 0.1 32.9 0.146131 0.274542 0.394256 0.000549075 0.00260957 8877.88
897406 8 0.01 0.1 32.9 0.419428 0.374878 0.371384 0.00468932 0.00483506 8877.88
897740 8 0.01 0.1 32.9 0.30516 0.285888 0.535792 0.00224686 0.00413732 8877.88
898327 8 0.01 0.1 32.9 0.114385 0.214184 0.949464 0.00216181 0.00458291 8877.88
898806 8 0.01 0.1 32.9 0.196231 -0.309796 0.273266 0.0028884 -0.00317191 8877.88
899336 8 0.01 0.1 32.9 -0.0789482 0.274974 0.521509 -0.00251884 0.00224 8877.88
902077 8 0.01 0.1 32.9 -0.240502 -0.341131 0.293217 -0.00341227 -0.00582711 8877.88
903049 8 0.01 0.1 32.9 -0.335901 -0.219233 0.229653 -0.00185238 -0.000948239 8877.88
907116 8 0.01 0.1 32.9 0.281585 0.326427 0.847283 0.00716449 0.00746409 8877.88
909223 8 0.01 0.1 32.9 -0.25503 0.0826458 0.230454 -0.00194174 2.66477e-05 8877.88
910754 8 0.01 0.1 32.9 0.421476 0.220472 0.196229 0.00452823 0.000194209 8877.88
914967 8 0.01 0.1 32.9 0.49763 0.488743 0.142107 0.0011334 0.000775969 8877.88
916951 8 0.01 0.1 32.9 0.211805 -0.259878 0.4347 0.00128742 -0.00102343 8877.88
917437 8 0.01 0.1 32.9 0.217208 0.0802162 0.303136 -5.65286e-05 0.00368203 8877.88
920570 8 0.01 0.1 32.9 0.236611 -0.398269 0.165925 0.00201292 0.000249799 8877.88
921612 8 0.01 0.1 32.9 -0.324074 0.40243 0.556818 -0.00488911 0.00685425 8877.88
930498 8 0.01 0.1 32.9 0.259373 -0.28198 0.118748 0.00228522 0.00220912 8877.88
930603 8 0.01 0.1 32.9 0.410181 0.408151 0.852428 0.00923985 0.0119108 8877.88
931792 8 0.01 0.1 32.9 0.468159 -0.236358 0.312983 0.00640857 -0.00139142 8877.88
934429 8 0.01 0.1 32.9 0.404144 -0.242795 0.227092 0.00288413 -0.00275166 8877.88
934503 8 0.01 0.1 32.9 -0.278983 0.276964 0.164641 -0.00197554 0.00138578 8877.88
934865 8 0.01 0.1 32.9 0.381984 0.17535 0.236437 0.00486638 -0.000188772 8877.88
937710 8 0.01 0.1 32.9 0.0583044 -0.451182 0.23741 0.00295182 -0.0039478 8877.88
937895 8 0.01 0.1 32.9 0.0429481 0.33501 0.0928442 0.000256862 0.00412319 8877.88
938016 8 0.01 0.1 32.9 -0.39552 -0.454513 0.260227 -0.00322964 -0.00219935 8877.88
943946 8 0.01 0.1 32.9 -0.215837 -0.295656 0.473136 -0.00593959 -0.00221064 8877.88
944101 8 0.01 0.1 32.9 -0.0615069 0.0227583 0.278491 -0.00225968 0.00141228 8877.88
947202 8 0.01 0.1 32.9 5.55183e-05 0.192792 0.244539 0.00321093 0.00247167 8877.88
951588 8 0.01 0.1 32.9 -0.346117 -0.447374 0.260381 -0.00411249 -0.000951158 8877.88
954512 8 0.01 0.1 32.9 0.460656 0.284795 0.655771 0.00901654 0.00685786 8877.88
954656 8 0.01 0.1 32.9 -0.00718191 -0.325136 0.167316 -0.00100269 -0.00205847 8877.88
956364 8 0.01 0.1 32.9 0.305762 0.209026 0.284305 0.00370071 0.0025007 8877.88
956579 8 0.01 0.1 32.9 0.293893 -0.427151 0.424099 0.00580886 -0.00276084 8877.88
957779 8 0.01 0.1 32.9 -0.351809 -0.484846 0.409557 -0.00424888 -0.00515851 8877.88
959278 8 0.01 0.1 32.9 -0.493475 -0.0791641 0.136135 -0.000488501 -0.000930676 8877.88
959391 8 0.01 0.1 32.9 0.420357 0.417195 0.744176 0.0103114 0.00818382 8877.88
959519 8 0.01 0.1 32.9 0.0721935 0.105329 0.516853 -0.0015554 0.000938859 8877.88
963211 8 0.01 0.1 32.9 -0.367404 -0.0925166 1.44447 -0.0167614 -0.00337208 8877.88
963464 8 0.01 0.1 32.9 -0.23892 -0.299788 0.546721 -0.0043828 -0.00397775 8877.88
964093 8 0.01 0.1 32.9 0.458064 -0.359445 0.693363 0.008867 -0.00682568 8877.88
967073 8 0.01 0.1 32.9 0.358551 -0.173055 0.575935 0.00493643 -0.00187611 8877.88
967439 8 0.01 0.1 32.9 -0.293001 -0.370323 1.19644 -0.0107271 -0.0127017 8877.88
968027 8 0.01 0.1 32.9 -0.439016 0.0144832 1.21786 -0.0175936 0.00152239 8877.88
970799 8 0.01 0.1 32.9 0.231918 0.383248 0.227938 0.0028779 0.00426014 8877.88
971782 8 0.01 0.1 32.9 0.252882 -0.162629 0.315773 0.00362344 -0.000103875 8877.88
972418 8 0.01 0.1 32.9 -0.364158 -0.452163 0.194952 -0.00176357 0.000495424 8877.88
975178 8 0.01 0.1 32.9 0.450326 0.260324 1.0339 0.0142349 0.00727881 8877.88
987082 8 0.01 0.1 32.9 0.311627 -0.312035 0.26865 0.00128544 -0.00235685 8877.88
987487 8 0.01 0.1 32.9 -0.443303 -0.172014 0.404776 -0.00541826 -0.000562283 8877.88
988111 8 0.01 0.1 32.9 0.362657 0.379814 0.634453 0.00812954 0.00849016 8877.88
991531 8 0.01 0.1 32.9 -0.302493 -0.104274 0.658376 -0.00708778 0.00116414 8877.88
992934 8 0.01 0.1 32.9 0.482472 0.429987 0.21976 0.00448936 0.00395546 8877.88
993570 8 0.01 0.1 32.9 0.166996 -0.488932 0.883873 0.00656345 -0.0116571 8877.88
994284 8 0.01 0.1 32.9 0.223881 0.233107 0.91939 0.0081629 0.00673284 8877.88
996323 8 0.01 0.1 32.9 -0.380803 -0.491915 0.42688 -0.00797467 -0.00626446 8877.88
997292 8 0.01 0.1 32.9 -0.112148 0.00307476 1.80307 -0.00657747 -8.79482e-05 8877.88
998914 8 0.01 0.1 32.9 0.44617 -0.0365165 0.47496 0.00641896 0.00121814 8877.88
27 8 0.01 0.1 32.9 -0.135099 0.354074 0.739128 -0.00344497 0.00891256 8887.81
469 8 0.01 0.1 32.9 0.16719 -0.245954 0.420591 0.00177995 -0.00210909 8887.81
2103 8 0.01 0.1 32.9 0.0106685 0.252962 2.18292 0.000140839 0.0178281 8887.81
2283 8 0.01 0.1 32.9 -0.479077 -0.468831 0.475543 -0.00797993 -0.00700713 8887.81
9551 8 0.01 0.1 32.9 0.137079 -0.393426 0.0415569 -0.00108066 0.00234254 8887.81
10591 8 0.01 0.1 32.9 -0.105407 0.21753 0.200061 -7.54224e-05 0.000673865 8887.81
11475 8 0.01 0.1 32.9 0.295836 -0.0737921 1.33422 0.0104732 -0.000955688 8887.81
12269 8 0.01 0.1 32.9 -0.46229 -0.213468 0.425988 -0.00565691 -0.00650921 8887.81
13598 8 0.01 0.1 32.9 0.262886 0.0926778 0.262656 0.000715376 0.0021094 8887.81
17890 8 0.01 0.1 32.9 0.04162 0.00895611 0.115346 -0.00287739 0.00142885 8887.81
17930 8 0.01 0.1 32.9 0.336368 0.319855 1.22393 0.0122407 0.0115876 8887.81
18636 8 0.01 0.1 32.9 -0.333084 -0.0265475 0.165723 0.00029954 0.00161892 8887.81
20895 8 0.01 0.1 32.9 0.0114538 -0.172262 0.209143 0.000121136 -0.00167508 8887.81
21659 8 0.01 0.1 32.9 -0.19391 0.0353267 0.166928 0.00110171 0.00150988 8887.81
23647 8 0.01 0.1 32.9 -0.441094 -0.354468 0.366291 -0.00515953 -0.00244598 8887.81
24010 8 0.01 0.1 32.9 0.189306 0.201922 0.905023 0.00536071 0.00504817 8887.81
24926 8 0.01 0.1 32.9 -0.100126 0.182544 0.609979 -0.00177076 0.00423697 8887.81
25922 8 0.01 0.1 32.9 0.138924 0.175604 0.557024 0.00178879 0.00201323 8887.81
27895 8 0.01 0.1 32.9 -0.317248 -0.467319 2.26229 -0.0196274 -0.0330288 8887.81
30063 8 0.01 0.1 32.9 0.0154952 -0.331766 0.806202 0.00252582 -0.00848083 8887.81
30356 8 0.01 0.1 32.9 -0.0410986 0.273545 0.272561 -0.000753778 0.00247685 8887.81
34583 8 0.01 0.1 32.9 -0.072184 -0.280426 0.188851 0.00209979 0.000222552 8887.81
34784 8 0.01 0.1 32.9 -0.33294 -0.0330483 0.167201 -0.00302153 -0.000660323 8887.81
36483 8 0.01 0.1 32.9 -0.385781 -0.370504 0.23916 -0.00439352 -0.00479909 8887.81
36555 8 0.01 0.1 32.9 0.309708 -0.386202 0.234121 0.00138385 -0.00315483 8887.81
37022 8 0.01 0.1 32.9 -0.158778 0.180566 0.145141 -0.00487888 0.000868162 8887.81
39052 8 0.01 0.1 32.9 -0.462544 -0.326864 0.225074 -0.00508145 -0.0014645 8887.81
44753 8 0.01 0.1 32.9 -0.183257 -0.0586593 0.0316292 0.00188372 0.00413023 8887.81
45533 8 0.01 0.1 32.9 -0.318009 0.490615 0.232591 -0.0028654 0.00417076 8887.81
46880 8 0.01 0.1 32.9 -0.358131 -0.453237 0.214374 -0.00367596 -0.00219202 8887.81
49635 8 0.01 0.1 32.9 -0.472374 -0.403976 0.0990028 -0.00394649 0.000390282 8887.81
52466 8 0.01 0.1 32.9 0.156299 -0.0195875 0.104497 0.00196903 -0.00091074 8887.81
52899 8 0.01 0.1 32.9 -0.0192329 0.349926 0.508986 -0.00199225 0.00707138 8887.81
52924 8 0.01 0.1 32.9 -0.471006 0.476078 1.11788 -0.0139997 0.017563 8887.81
53655 8 0.01 0.1 32.9 -0.270873 -0.498002 0.312796 0.000190176 -0.0043849 8887.81
54454 8 0.01 0.1 32.9 -0.468064 0.377607 1.48356 -0.0204144 0.0170117 8887.81
54504 8 0.01 0.1 32.9 0.0782566 0.464502 0.783174 0.00302857 0.0130928 8887.81
56130 8 0.01 0.1 32.9 0.0236315 0.46836 0.267021 0.00066404 0.00411403 8887.81
58324 8 0.01 0.1 32.9 0.372788 -0.483824 0.805731 0.00807403 -0.0114356 8887.81
59231 8 0.01 0.1 32.9 0.344365 0.0708699 0.408819 0.00557027 0.00440504 8887.81
61442 8 0.01 0.1 32.9 0.459594 0.311604 0.200579 5.10837e-05 0.00264669 8887.81
61848 8 0.01 0.1 32.9 -0.066525 0.0371841 0.507175 0.000311132 0.000945578 8887.81
62500 8 0.01 0.1 32.9 0.210588 -0.368453 0.215306 0.00259654 -0.00344703 8887.81
62842 8 0.01 0.1 32.9 0.426346 -0.347293 0.376025 0.00619893 -0.0036707 8887.81
65050 8 0.01 0.1 32.9 -0.410845 0.0590653 0.145443 -0.00170561 2.44632e-05 8887.81
65879 8 0.01 0.1 32.9 -0.34727 0.196038 0.16058 -0.000589375 0.00314111 8887.81
67662 8 0.01 0.1 32.9 0.0888581 0.164156 0.0821272 -0.000750283 0.00301554 8887.81
68971 8 0.01 0.1 32.9 -0.130195 0.464077 0.492614 -0.0019805 0.00852063 8887.81
69130 8 0.01 0.1 32.9 -0.276733 0.0583516 0.553796 -0.0035881 0.00238076 8887.81
70800 8 0.01 0.1 32.9 -0.17735 -0.148116 0.605102 -0.00314147 -0.000672922 8887.81
74562 8 0.01 0.1 32.9 -0.242068 0.416501 0.0913046 0.00200127 0.00176873 8887.81
77191 8 0.01 0.1 32.9 -0.044441 0.355459 0.661187 -0.000471659 0.00980161 8887.81
80291 8 0.01 0.1 32.9 0.437114 -0.165107 0.536864 0.00715517 -0.000265636 8887.81
80522 8 0.01 0.1 32.9 -0.137565 -0.377448 0.154548 -0.000601235 -0.00100608 8887.81
83595 8 0.01 0.1 32.9 -0.275644 0.374718 0.823948 -0.00883131 0.0127381 8887.81
84125 8 0.01 0.1 32.9 -0.177423 -0.292603 0.334939 -0.00175561 -0.00461293 8887.81
85392 8 0.01 0.1 32.9 0.0682156 -0.3572 0.21617 0.00218425 -0.00182028 8887.81
86719 8 0.01 0.1 32.9 -0.3771 -0.0819269 0.623989 -0.00722786 0.000127944 8887.81
88136 8 0.01 0.1 32.9 0.320168 -0.0951234 0.791295 0.00855562 -0.00115022 8887.81
90733 8 0.01 0.1 32.9 -0.289935 0.250818 0.255756 -0.00217736 0.00484169 8887.81
91018 8 0.01 0.1 32.9 -0.112048 0.258264 0.0728741 0.00197868 0.00169986 8887.81
91804 8 0.01 0.1 32.9 0.0955397 0.240267 0.300725 1.35409e-06 0.00503642 8887.81
95849 8 0.01 0.1 32.9 0.445613 0.172638 0.665565 0.00929365 0.00204945 8887.81
99643 8 0.01 0.1 32.9 0.19905 0.332925 0.730984 0.00742002 0.00812244 8887.81
99889 8 0.01 0.1 32.9 -0.404437 -0.0954409 0.309075 -0.00117324 0.001083 8887.81
100341 8 0.01 0.1 32.9 0.398784 -0.321133 0.164522 0.00105589 -0.00166891 8887.81
105382 8 0.01 0.1 32.9 0.243575 -0.207917 0.318427 0.00285802 0.000913894 8887.81
106318 8 0.01 0.1 32.9 -0.401718 -0.470327 0.485238 -0.00889948 -0.00776011 8887.81
106490 8 0.01 0.1 32.9 0.062223 -0.198706 0.680814 0.00311506 -0.00497337 8887.81
107478 8 0.01 0.1 32.9 0.200417 0.182425 0.210414 0.000389032 0.00527476 8887.81
112921 8 0.01 0.1 32.9 0.168018 0.48751 0.159315 -4.01587e-05 0.00199242 8887.81
113476 8 0.01 0.1 32.9 0.45723 0.275718 0.185259 0.00334499 0.00618195 8887.81
119356 8 0.01 0.1 32.9 -0.499491 -0.407844 0.105649 0.000229551 -0.00477094 8887.81
119370 8 0.01 0.1 32.9 0.478198 -0.326878 0.586293 0.00924219 -0.00379673 8887.81
122711 8 0.01 0.1 32.9 -0.321464 0.255755 0.640168 -0.00888372 0.00488455 8887.81
122894 8 0.01 0.1 32.9 0.174944 0.495072 0.129284 0.00288544 0.00153408 8887.81
127087 8 0.01 0.1 32.9 -0.0876866 -0.095683 0.266099 0.000739739 -0.00129151 8887.81
128421 8 0.01 0.1 32.9 -0.341048 0.455228 0.132901 0.000419316 -0.00143063 8887.81
129166 8 0.01 0.1 32.9 -0.321528 0.0400721 0.417606 -0.00624687 0.00110978 8887.81
129757 8 0.01 0.1 32.9 0.109883 -0.490231 0.314143 -0.000188177 -0.00443656 8887.81
129887 8 0.01 0.1 32.9 -0.465132 -0.119354 0.437259 -0.0066318 -0.00174119 8887.81
133181 8 0.01 0.1 32.9 0.350609 -0.242951 0.519791 0.00450143 -0.0027265 8887.81
133300 8 0.01 0.1 32.9 0.320804 0.227047 0.442791 0.00284562 0.00276542 8887.81
137643 8 0.01 0.1 32.9 -0.357176 -0.156199 0.443895 -0.00405954 -0.00306378 8887.81
138740 8 0.01 0.1 32.9 -0.0621275 -0.139487 0.446714 -0.00214466 -0.00105476 8887.81
138753 8 0.01 0.1 32.9 0.173625 -0.425169 0.459842 0.00247581 -0.0043794 8887.81
140659 8 0.01 0.1 32.9 0.42382 0.473864 0.225509 -0.00127345 0.00402962 8887.81
141642 8 0.01 0.1 32.9 0.350399 0.497011 0.100214 -0.000226193 0.00181802 8887.81
142879 8 0.01 0.1 32.9 -0.0989419 0.32167 0.431896 -1.64282e-05 0.00136591 8887.81
150382 8 0.01 0.1 32.9 -0.0569438 0.1288 1.60857 -0.00223588 0.00707545 8887.81
150521 8 0.01 0.1 32.9 0.306495 0.159538 0.783949 0.00459915 0.00465403 8887.81
156092 8 0.01 0.1 32.9 -0.199375 -0.0692111 0.215428 -0.00237013 -0.000250775 8887.81
156759 8 0.01 0.1 32.9 -0.244098 -0.279666 0.258882 -0.00282482 -0.00156937 8887.81
157049 8 0.01 0.1 32.9 -0.154336 0.0584517 0.344517 -0.000234138 -8.55185e-05 8887.81
157471 8 0.01 0.1 32.9 0.398528 0.00104399 0.711196 0.00831781 0.0027681 8887.81
158916 8 0.01 0.1 32.9 0.498923 0.462023 0.799537 0.012127 0.0108602 8887.81
160558 8 0.01 0.1 32.9 -0.0380364 0.433609 0.388983 0.00134122 0.00367432 8887.81
161302 8 0.01 0.1 32.9 0.0498437 0.439022 0.827677 -1.82381e-05 0.00954231 8887.81
165522 8 0.01 0.1 32.9 -0.296226 0.0556608 0.493691 -0.00638678 0.00101306 8887.81
166210 8 0.01 0.1 32.9 -0.426622 0.457562 0.210304 0.000432627 0.00521463 8887.81
167047 8 0.01 0.1 32.9 0.421666 0.144041 0.18983 0.00245814 0.00188197 8887.81
167555 8 0.01 0.1 32.9 -0.355058 0.426913 0.28564 -0.00440643 0.00159267 8887.81
167623 8 0.01 0.1 32.9 0.144421 -0.29257 0.731678 0.00440363 -0.00507937 8887.81
168937 8 0.01 0.1 32.9 0.241627 0.292698 0.431227 0.00433698 0.00460996 8887.81
169202 8 0.01 0.1 32.9 0.0234557 0.0328999 0.226056 0.00330683 -0.00116623 8887.81
171459 8 0.01 0.1 32.9 -0.108465 -0.101648 0.512991 -0.000958072 -0.000522623 8887.81
172849 8 0.01 0.1 32.9 -0.158266 -0.48646 0.124125 -0.00025078 -0.000988348 8887.81
173068 8 0.01 0.1 32.9 0.0518643 0.342292 0.227716 -0.000196597 0.00349487 8887.81
179955 8 0.01 0.1 32.9 -0.294407 0.450864 0.368377 -0.000799539 0.00408123 8887.81
180334 8 0.01 0.1 32.9 0.372247 -0.416348 0.283323 0.00510337 -0.00269344 8887.81
181321 8 0.01 0.1 32.9 -0.401859 0.0802528 0.47416 -0.00473894 0.0037332 8887.81
184250 8 0.01 0.1 32.9 0.312804 0.329808 0.571439 0.00182866 0.00457113 8887.81
185827 8 0.01 0.1 32.9 -0.0707463 -0.259236 0.161722 0.00204586 0.000650685 8887.81
186062 8 0.01 0.1 32.9 -0.367415 -0.323834 0.15731 -0.00194706 -0.00143238 8887.81
187816 8 0.01 0.1 32.9 0.303601 0.258472 0.298764 0.0031677 0.00160014 8887.81
190083 8 0.01 0.1 32.9 -0.24417 0.447254 0.339263 -0.00187687 0.00667431 8887.81
193899 8 0.01 0.1 32.9 0.203555 -0.499682 0.874075 0.00664641 -0.011707 8887.81
194690 8 0.01 0.1 32.9 -0.280125 -0.0679291 0.5835 -0.00416448 -0.00461446 8887.81
196867 8 0.01 0.1 32.9 0.31745 -0.36443 0.533681 0.0057903 -0.00478542 8887.81
198726 8 0.01 0.1 32.9 0.131027 -0.0161459 0.721408 0.00435075 -0.000484082 8887.81
202135 8 0.01 0.1 32.9 -0.138048 -0.063705 0.536775 -0.00104631 -0.000973177 8887.81
208242 8 0.01 0.1 32.9 0.0969843 -0.176728 0.156391 -1.58462e-05 -0.00103188 8887.81
210063 8 0.01 0.1 32.9 -0.0615344 0.335181 3.17433 -0.00522173 0.0313084 8887.81
210290 8 0.01 0.1 32.9 0.426769 -0.104152 0.146212 2.49232e-05 0.000371677 8887.81
211928 8 0.01 0.1 32.9 0.356672 0.204042 0.315935 0.00295463 0.00285188 8887.81
214097 8 0.01 0.1 32.9 0.0784213 -0.23747 1.25471 0.00276951 -0.00869248 8887.81
215895 8 0.01 0.1 32.9 -0.1602 -0.44914 0.13539 -0.00144039 -0.00251498 8887.81
217508 8 0.01 0.1 32.9 0.000100075 0.0166915 0.284052 -0.000814024 0.00124968 8887.81
217509 8 0.01 0.1 32.9 0.338158 0.106465 0.427409 0.00451778 0.00223854 8887.81
220733 8 0.01 0.1 32.9 -0.358391 0.42793 0.556701 -0.00524506 0.00632851 8887.81
221912 8 0.01 0.1 32.9 0.316561 0.0366075 0.25859 0.00406236 0.00135437 8887.81
222299 8 0.01 0.1 32.9 -0.16368 0.0425311 0.385751 -0.000788893 0.0038608 8887.81
227498 8 0.01 0.1 32.9 0.120076 0.0890247 0.247947 0.00057344 0.00200369 8887.81
227528 8 0.01 0.1 32.9 -0.389805 0.166756 0.438528 -0.00764253 0.00401156 8887.81
229446 8 0.01 0.1 32.9 -0.481331 -0.024081 0.125948 -0.000365505 0.00079394 8887.81
229665 8 0.01 0.1 32.9 0.348871 0.0877857 0.457716 0.00322035 0.000710446 8887.81
229723 8 0.01 0.1 32.9 -0.0278512 0.380959 0.127737 -0.000960758 0.00514661 8887.81
230451 8 0.01 0.1 32.9 -0.32097 0.0325643 0.0579712 0.00117417 -0.000727824 8887.81
233138 8 0.01 0.1 32.9 -0.120983 0.221913 0.276908 -0.00175829 0.00437986 8887.81
233998 8 0.01 0.1 32.9 -0.252928 -0.30977 0.320797 -0.000731688 -0.00147846 8887.81
235829 8 0.01 0.1 32.9 0.165694 0.369672 0.177543 -9.37996e-05 0.00330871 8887.81
236199 8 0.01 0.1 32.9 0.425622 -0.364912 0.469238 0.006045 -0.00369327 8887.81
237434 8 0.01 0.1 32.9 -0.101585 -0.225418 0.194656 -0.000880426 -0.000424686 8887.81
239402 8 0.01 0.1 32.9 0.443375 -0.0856581 0.222349 0.000751766 0.00285231 8887.81
239934 8 0.01 0.1 32.9 0.269482 0.247541 0.145111 -0.000362659 0.00284268 8887.81
240087 8 0.01 0.1 32.9 -0.0205689 0.427281 1.13459 0.000924663 0.0164315 8887.81
240199 8 0.01 0.1 32.9 0.219326 0.15257 0.122678 -0.000336176 0.00172729 8887.81
240739 8 0.01 0.1 32.9 -0.220917 0.154026 0.0799163 -0.000293273 0.00123135 8887.81
241399 8 0.01 0.1 32.9 0.0431039 0.0233826 0.347114 -0.000192909 -0.000209832 8887.81
242539 8 0.01 0.1 32.9 0.107891 -0.0287421 0.142451 0.00133844 -0.00062474 8887.81
242859 8 0.01 0.1 32.9 0.160112 0.1613 0.236038 -0.000602817 0.00151439 8887.81
245042 8 0.01 0.1 32.9 -0.424038 0.354834 0.157027 -0.000811557 0.00149775 8887.81
245117 8 0.01 0.1 32.9 -0.326272 -0.491039 0.252177 -0.00432817 -0.00556912 8887.81
246948 8 0.01 0.1 32.9 0.471671 -0.306501 0.307432 0.00417365 -0.00158695 8887.81
247075 8 0.01 0.1 32.9 0.244322 0.0527262 0.271404 0.00341882 0.00181644 8887.81
248055 8 0.01 0.1 32.9 -0.365639 0.278308 0.591111 -0.00397308 0.00458389 8887.81
250318 8 0.01 0.1 32.9 -0.387465 -0.132091 0.160702 -0.00303874 -0.000251877 8887.81
250580 8 0.01 0.1 32.9 0.0725778 -0.0819326 0.677558 0.00203046 -0.00104416 8887.81
251496 8 0.01 0.1 32.9 0.269906 0.307202 0.342529 0.00216736 0.00426383 8887.81
252626 8 0.01 0.1 32.9 0.133386 0.269855 0.346778 0.00275266 0.00325314 8887.81
252930 8 0.01 0.1 32.9 0.0647186 0.148397 0.189848 0.0010578 -6.99409e-06 8887.81
254665 8 0.01 0.1 32.9 -0.20591 -0.407586 0.28962 -0.00231368 -0.00270903 8887.81
255656 8 0.01 0.1 32.9 -0.326229 0.454089 0.21635 8.55014e-05 0.00321596 8887.81
256377 8 0.01 0.1 32.9 -0.216377 0.26972 1.25245 -0.00815158 0.010038 8887.81
261000 8 0.01 0.1 32.9 0.225536 0.36953 0.138563 0.0001319 0.00485133 8887.81
261991 8 0.01 0.1 32.9 -0.360486 -0.0328445 0.223307 -0.000419539 7.901e-05 8887.81
262677 8 0.01 0.1 32.9 -0.00828906 -0.145461 0.160968 -0.00137149 -0.000126263 8887.81
262712 8 0.01 0.1 32.9 0.367516 0.330242 0.39575 0.0045426 0.0049389 8887.81
263371 8 0.01 0.1 32.9 -0.152933 -0.0992175 0.225994 0.00108053 -0.00222191 8887.81
263505 8 0.01 0.1 32.9 0.0250128 0.0511403 0.38065 0.000772512 -0.000956872 8887.81
264109 8 0.01 0.1 32.9 0.421268 0.0693086 1.38132 0.0185767 0.00311626 8887.81
264316 8 0.01 0.1 32.9 0.338707 -0.234386 0.0951215 0.00297141 -0.000626461 8887.81
265963 8 0.01 0.1 32.9 -0.319344 0.29148 0.417901 -0.00664888 0.00681806 8887.81
268307 8 0.01 0.1 32.9 0.362762 -0.17837 0.268565 0.00525726 -0.00123343 8887.81
269010 8 0.01 0.1 32.9 0.213226 0.0863089 0.309619 0.0027111 0.00131206 8887.81
269390 8 0.01 0.1 32.9 0.339762 -0.0919584 1.38041 0.0138676 -0.00637845 8887.81
269417 8 0.01 0.1 32.9 0.085846 0.467335 1.05995 0.00037997 0.0162007 8887.81
270305 8 0.01 0.1 32.9 0.15634 -0.216102 0.381501 -0.00060841 -0.00143181 8887.81
275490 8 0.01 0.1 32.9 0.309208 0.0694194 0.891468 0.0088124 0.00189964 8887.81
275649 8 0.01 0.1 32.9 -0.248852 -0.229957 0.209954 -0.0023038 0.0016123 8887.81
275685 8 0.01 0.1 32.9 -0.0268443 -0.330031 0.254069 -0.000483064 -0.00100504 8887.81
280278 8 0.01 0.1 32.9 -0.022381 -0.302522 0.718374 -0.000785352 -0.0044812 8887.81
281744 8 0.01 0.1 32.9 0.0115271 -0.426762 0.299336 0.000655818 -0.002291 8887.81
283872 8 0.01 0.1 32.9 0.43663 0.153035 0.319097 0.00281775 0.00301529 8887.81
285294 8 0.01 0.1 32.9 0.0401415 -0.314004 0.536509 0.00106028 -0.00647881 8887.81
285613 8 0.01 0.1 32.9 -0.12831 0.422836 2.10496 -0.0119135 0.0274107 8887.81
285980 8 0.01 0.1 32.9 0.428442 0.443335 0.255341 0.00375112 0.00370906 8887.81
287945 8 0.01 0.1 32.9 -0.407252 0.419279 1.64084 -0.0187973 0.0202313 8887.81
289605 8 0.01 0.1 32.9 0.199009 -0.498579 0.304053 -0.00011906 -0.00386284 8887.81
290329 8 0.01 0.1 32.9 -0.36087 -0.380339 0.658125 -0.00965853 -0.00817625 8887.81
292693 8 0.01 0.1 32.9 -0.0650358 0.235611 0.344743 -0.00160537 0.00421519 8887.81
292732 8 0.01 0.1 32.9 -0.21992 0.467919 0.39117 -0.0015104 0.00646792 8887.81
295508 8 0.01 0.1 32.9 -0.473165 -0.186034 0.420392 -0.00803001 -0.00192591 8887.81
298019 8 0.01 0.1 32.9 0.363264 0.494543 0.363034 0.00505226 0.00866064 8887.81
298920 8 0.01 0.1 32.9 -0.0688969 0.18036 0.565689 -0.00085916 0.00533706 8887.81
299041 8 0.01 0.1 32.9 -0.0173676 -0.449955 0.558635 -0.000572132 -0.00650745 8887.81
302939 8 0.01 0.1 32.9 0.374993 0.331699 0.932512 0.0113748 0.00861832 8887.81
303099 8 0.01 0.1 32.9 -0.350835 -0.488303 0.300141 -0.00514362 -0.00672292 8887.81
304322 8 0.01 0.1 32.9 0.0426792 -0.288193 0.282262 0.0012295 -0.000918633 8887.81
310184 8 0.01 0.1 32.9 0.491832 -0.0384674 0.486319 0.00517711 -0.00156071 8887.81
311088 8 0.01 0.1 32.9 -0.00248761 -0.389131 0.62652 -0.00284058 -0.00656834 8887.81
313098 8 0.01 0.1 32.9 0.048689 -0.457094 1.55925 -1.9139e-05 -0.0205431 8887.81
315242 8 0.01 0.1 32.9 -0.310597 -0.26319 0.63005 -0.00570361 -0.00651603 8887.81
315409 8 0.01 0.1 32.9 -0.330315 -0.399959 1.6569 -0.0144826 -0.0171793 8887.81
316640 8 0.01 0.1 32.9 -0.269581 -0.328642 0.464755 -0.00404375 -0.00412965 8887.81
317729 8 0.01 0.1 32.9 -0.0109563 0.0857393 0.740468 7.34075e-05 0.00203967 8887.81
318129 8 0.01 0.1 32.9 0.410901 0.0809963 0.238528 0.000958822 0.00288924 8887.81
318921 8 0.01 0.1 32.9 -0.345523 -0.177577 0.393629 -0.00341539 -0.00226975 8887.81
320205 8 0.01 0.1 32.9 0.240397 0.0486087 0.415519 0.00510228 0.00113104 8887.81
321050 8 0.01 0.1 32.9 0.483786 0.217002 0.990573 0.013168 0.00678591 8887.81
321097 8 0.01 0.1 32.9 0.148586 0.44986 2.01455 0.00909707 0.0292011 8887.81
321614 8 0.01 0.1 32.9 -0.00307335 -0.228477 0.315818 -0.00220384 -0.000413137 8887.81
324138 8 0.01 0.1 32.9 0.36708 -0.482796 0.136855 0.00238732 0.0018245 8887.81
324678 8 0.01 0.1 32.9 -0.0339978 0.0362335 0.420115 -0.00109973 -0.00149347 8887.81
329293 8 0.01 0.1 32.9 -0.008154 -0.324358 0.784903 0.00133981 -0.00714643 8887.81
333841 8 0.01 0.1 32.9 0.270985 0.471189 0.3272 0.00477977 0.00580256 8887.81
337766 8 0.01 0.1 32.9 -0.3621 0.208347 1.41037 -0.0145194 0.0110593 8887.81
338485 8 0.01 0.1 32.9 -0.169673 0.0533977 0.349224 -0.00184222 0.00123293 8887.81
341216 8 0.01 0.1 32.9 0.0415664 0.222865 0.449949 -0.000330467 0.0048133 8887.81
345080 8 0.01 0.1 32.9 0.0727666 0.0243135 0.066679 -0.00269883 0.00182313 8887.81
348987 8 0.01 0.1 32.9 -0.320076 0.298413 0.407472 -0.00453176 0.00398798 8887.81
349779 8 0.01 0.1 32.9 -0.140097 0.393129 0.263103 0.000361046 0.00344114 8887.81
350177 8 0.01 0.1 32.9 0.322996 -0.129106 0.535228 0.00605505 -0.0011152 8887.81
352048 8 0.01 0.1 32.9 0.47906 0.181934 0.751938 0.0128692 0.00404456 8887.81
352667 8 0.01 0.1 32.9 -0.432576 -0.238147 0.71516 -0.00980578 -0.00434972 8887.81
352911 8 0.01 0.1 32.9 -0.329541 0.0163722 0.22497 -0.0025028 0.00166374 8887.81
356864 8 0.01 0.1 32.9 0.283242 0.357335 0.429256 0.00316537 0.00471988 8887.81
356907 8 0.01 0.1 32.9 0.421523 -0.0229315 0.654921 0.0095459 0.00068157 8887.81
357569 8 0.01 0.1 32.9 -0.279307 -0.200474 0.328108 -0.00390168 -0.000182947 8887.81
363490 8 0.01 0.1 32.9 -0.0791305 -0.154097 0.207811 -0.000647543 -0.00039284 8887.81
368340 8 0.01 0.1 32.9 -0.240262 -0.34458 0.565794 -0.00336321 -0.00533015 8887.81
372174 8 0.01 0.1 32.9 0.0326095 0.0938258 0.155385 0.000950621 0.00160951 8887.81
373372 8 0.01 0.1 32.9 0.180737 0.449742 0.272706 0.00177256 0.00495894 8887.81
373385 8 0.01 0.1 32.9 0.252395 -0.460038 0.49633 0.00530951 -0.00670155 8887.81
373501 8 0.01 0.1 32.9 -0.0235088 -0.182859 0.196103 0.002189 9.53747e-05 8887.81
374096 8 0.01 0.1 32.9 -0.00779139 -0.472995 0.26685 -0.00105861 -0.00271535 8887.81
377026 8 0.01 0.1 32.9 -0.262304 0.00145409 0.310735 -0.00245743 5.1488e-05 8887.81
378164 8 0.01 0.1 32.9 0.14469 -0.381031 0.203704 0.00399312 -0.00161723 8887.81
378343 8 0.01 0.1 32.9 -0.40347 0.336215 0.224114 -0.00255213 0.00459463 8887.81
378919 8 0.01 0.1 32.9 0.287702 -0.186475 0.741088 0.00582298 -0.00460881 8887.81
382050 8 0.01 0.1 32.9 -0.0518046 -0.355804 0.246783 -0.000831061 -0.00398398 8887.81
382830 8 0.01 0.1 32.9 -0.129044 -0.169528 0.147392 0.000249936 0.000481094 8887.81
385714 8 0.01 0.1 32.9 -0.257461 0.133705 0.1948 -0.00151901 -0.000624899 8887.81
385749 8 0.01 0.1 32.9 0.0508432 0.303963 0.962334 0.0030845 0.00911361 8887.81
388055 8 0.01 0.1 32.9 -0.243651 0.436506 1.31205 -0.0106829 0.0173777 8887.81
389384 8 0.01 0.1 32.9 0.105895 -0.209112 0.3734 0.0016435 -0.00138007 8887.81
390418 8 0.01 0.1 32.9 0.400842 -0.45517 0.206433 0.00490308 -0.00391712 8887.81
390639 8 0.01 0.1 32.9 0.0780829 -0.346173 2.22797 0.00379287 -0.0232866 8887.81
390808 8 0.01 0.1 32.9 0.0964659 0.0674746 0.766753 0.00156748 0.00219794 8887.81
391213 8 0.01 0.1 32.9 -0.226699 -0.303067 1.31051 -0.010577 -0.00985987 8887.81
395273 8 0.01 0.1 32.9 -0.35849 -0.23638 0.759472 -0.00511041 -0.00578114 8887.81
395999 8 0.01 0.1 32.9 -0.256964 0.420303 0.539222 -0.00230589 0.00796979 8887.81
397207 8 0.01 0.1 32.9 0.0906524 0.467668 0.380129 -0.00121976 0.00491746 8887.81
397731 8 0.01 0.1 32.9 0.209361 -0.361839 0.2114 0.000126552 -0.00276987 8887.81
399668 8 0.01 0.1 32.9 -0.475352 -0.106443 0.0632874 -0.00118605 -0.00078732 8887.81
403344 8 0.01 0.1 32.9 0.196182 -0.492751 0.548566 0.00326935 -0.0074033 8887.81
405669 8 0.01 0.1 32.9 0.0490982 -0.105962 0.411586 0.00186586 0.00162252 8887.81
418980 8 0.01 0.1 32.9 0.0419847 -0.306652 0.496434 -0.000546799 -0.00516657 8887.81
419040 8 0.01 0.1 32.9 -0.361181 0.198284 0.730939 -0.00757689 0.00376065 8887.81
419904 8 0.01 0.1 32.9 -0.326178 0.497178 0.775183 -0.00566993 0.012801 8887.81
422756 8 0.01 0.1 32.9 0.460919 -0.415419 0.117166 0.00177576 0.000514792 8887.81
424877 8 0.01 0.1 32.9 -0.0594158 -0.0440305 0.440265 -0.00308934 0.000474775 8887.81
425184 8 0.01 0.1 32.9 -0.396112 0.392339 0.398512 -0.00452663 0.00383866 8887.81
427957 8 0.01 0.1 32.9 0.00445775 0.296872 0.574037 -0.000409259 0.00535526 8887.81
428758 8 0.01 0.1 32.9 -0.228084 -0.237862 0.530505 -0.00433881 -0.0036806 8887.81
430938 8 0.01 0.1 32.9 0.298656 0.375583 0.386574 0.00352404 0.00450098 8887.81
431677 8 0.01 0.1 32.9 0.437618 0.231307 0.224008 0.00243627 0.00217522 8887.81
433204 8 0.01 0.1 32.9 -0.080062 -0.470585 0.0270629 -0.00159192 -0.00144658 8887.81
433227 8 0.01 0.1 32.9 -0.136693 -0.213544 0.443553 -0.00180388 -0.00304836 8887.81
434977 8 0.01 0.1 32.9 0.264234 0.176491 0.142456 0.000333115 -0.00407839 8887.81
437730 8 0.01 0.1 32.9 0.352255 0.122015 0.244116 0.00184839 0.000420055 8887.81
442632 8 0.01 0.1 32.9 -0.262854 0.468514 0.159451 -0.00103693 0.00212878 8887.81
442881 8 0.01 0.1 32.9 0.487135 0.196999 0.360149 0.0038287 0.00228271 8887.81
443458 8 0.01 0.1 32.9 -0.499077 -0.229945 0.477631 -0.0110748 -0.000503163 8887.81
444301 8 0.01 0.1 32.9 0.128205 -0.307161 0.159189 0.00367895 -0.000370742 8887.81
445292 8 0.01 0.1 32.9 0.253593 0.152223 0.155318 -0.000197147 0.000237268 8887.81
447341 8 0.01 0.1 32.9 0.0620739 -0.0903917 0.400364 0.000501075 -0.00062847 8887.81
458100 8 0.01 0.1 32.9 0.0180564 -0.0785394 2.1374 -0.00025677 -0.00778562 8887.81
464274 8 0.01 0.1 32.9 0.226042 0.295935 0.276719 0.000859492 0.00275072 8887.81
465803 8 0.01 0.1 32.9 -0.0580334 -0.250425 0.18436 -0.000937767 -0.00225626 8887.81
466710 8 0.01 0.1 32.9 0.418873 -0.351355 0.306406 0.0042967 -0.00310643 8887.81
468678 8 0.01 0.1 32.9 -0.0265885 -0.262512 0.195568 -0.000263442 -0.00288294 8887.81
469405 8 0.01 0.1 32.9 0.0390231 -0.11114 0.423941 0.000495934 0.000692368 8887.81
470245 8 0.01 0.1 32.9 -0.379543 -0.488327 0.261773 -0.0019969 -0.00571229 8887.81
471813 8 0.01 0.1 32.9 0.456624 -0.00133401 0.100831 0.00475922 -3.33998e-05 8887.81
473535 8 0.01 0.1 32.9 0.3814 -0.191555 0.0838234 0.000170259 -0.0023081 8887.81
474651 8 0.01 0.1 32.9 0.282366 0.323425 0.762219 0.00562471 0.00762015 8887.81
474820 8 0.01 0.1 32.9 0.303224 -0.312028 0.631521 0.0068882 -0.00672121 8887.81
475036 8 0.01 0.1 32.9 0.304095 -0.475849 0.460818 0.00334762 -0.00709771 8887.81
476394 8 0.01 0.1 32.9 -0.480016 0.432719 0.448332 -0.00699 0.00889491 8887.81
477267 8 0.01 0.1 32.9 0.141629 0.24393 0.233117 0.00214738 0.000996251 8887.81
478535 8 0.01 0.1 32.9 -0.251865 0.259512 0.218204 -0.0030981 0.00324557 8887.81
479562 8 0.01 0.1 32.9 0.36333 -0.303972 0.311709 0.00311461 -0.00115739 8887.81
482041 8 0.01 0.1 32.9 0.265364 0.0776926 0.51635 0.00451119 -0.000325336 8887.81
482266 8 0.01 0.1 32.9 -0.20388 0.384588 0.2285 -0.00130786 0.00314852 8887.81
485146 8 0.01 0.1 32.9 -0.314675 0.251598 0.783505 -0.00782136 0.00550474 8887.81
485700 8 0.01 0.1 32.9 0.373344 0.4467 0.643523 0.00693699 0.0119618 8887.81
487084 8 0.01 0.1 32.9 0.317307 -0.118628 0.203524 0.00307618 -0.00110107 8887.81
487816 8 0.01 0.1 32.9 -0.236908 -0.34331 0.205355 -0.00155744 -0.00140126 8887.81
493934 8 0.01 0.1 32.9 -0.318396 0.13966 0.166945 -0.00272338 0.00440583 8887.81
494654 8 0.01 0.1 32.9 0.361728 0.0395194 0.19003 -0.00320021 -0.000520823 8887.81
494803 8 0.01 0.1 32.9 0.443272 0.478392 0.755403 0.0109911 0.0130268 8887.81
495528 8 0.01 0.1 32.9 -0.466066 -0.407483 0.847906 -0.011452 -0.0104567 8887.81
496921 8 0.01 0.1 32.9 -0.0113764 -0.438482 0.0917558 0.000346897 -0.00127967 8887.81
