1501986 12 0.01 0.9 32.9 0.274595 -0.0321321 5.93531 0.0493651 -0.0065497 134.961
1504610 12 0.01 0.9 32.9 0.0827442 0.0351174 1.72937 0.00331147 0.00172841 134.961
1505511 12 0.01 0.9 32.9 -0.0488772 -0.152898 1.67814 -0.00182424 -0.0098207 134.961
1505955 12 0.01 0.9 32.9 -0.253716 0.380868 3.93359 -0.0297869 0.0451632 134.961
1506584 12 0.01 0.9 32.9 0.159729 0.331951 3.14776 0.0162236 0.0332238 134.961
1507270 12 0.01 0.9 32.9 -0.300307 -0.261112 6.49285 -0.0589766 -0.0515541 134.961
1507740 12 0.01 0.9 32.9 -0.434332 0.333486 2.07646 -0.0298698 0.0221165 134.961
1508691 12 0.01 0.9 32.9 -0.488217 -0.361404 1.87168 -0.029535 -0.0212118 134.961
1510381 12 0.01 0.9 32.9 0.461959 -0.312067 2.7479 0.0388752 -0.0267661 134.961
1514037 12 0.01 0.9 32.9 0.0217886 0.142775 2.33585 0.00206389 0.0131341 134.961
1516377 12 0.01 0.9 32.9 -0.30315 0.312531 1.97064 -0.0166771 0.018923 134.961
1516898 12 0.01 0.9 32.9 0.472461 -0.478286 1.9542 0.031808 -0.0291554 134.961
1519217 12 0.01 0.9 32.9 -0.242497 0.329805 1.25215 -0.00397313 0.0133723 134.961
1519294 12 0.01 0.9 32.9 -0.065116 0.0924152 3.67109 -0.0086682 0.00944726 134.961
1527812 12 0.01 0.9 32.9 0.279636 0.213149 4.73669 0.0388842 0.0334188 134.961
1530032 12 0.01 0.9 32.9 0.0284503 -0.43451 1.31675 0.000567506 -0.0166753 134.961
1536790 12 0.01 0.9 32.9 0.149479 -0.0365342 2.18118 0.0106688 -0.00267555 134.961
1538779 12 0.01 0.9 32.9 -0.0814811 0.398564 1.55193 -0.00326784 0.0196023 134.961
1542207 12 0.01 0.9 32.9 0.470702 0.167546 0.905355 0.0128226 0.00736723 134.961
1544073 12 0.01 0.9 32.9 -0.374608 0.015702 3.5489 -0.0395981 0.00234396 134.961
1546130 12 0.01 0.9 32.9 0.199 0.353902 2.83117 0.0170644 0.0334273 134.961
1547630 12 0.01 0.9 32.9 0.264274 0.302674 1.07377 0.0096482 0.0100936 134.961
1548256 12 0.01 0.9 32.9 0.344679 -0.0572081 2.5187 0.0270393 -0.00363426 134.961
1549088 12 0.01 0.9 32.9 0.201762 0.419746 3.83911 0.0218677 0.0490296 134.961
1552363 12 0.01 0.9 32.9 -0.168374 -0.397095 0.893447 -0.00537086 -0.012472 134.961
1552699 12 0.01 0.9 32.9 0.0876236 0.407708 1.00895 0.00330176 0.0125004 134.961
1552730 12 0.01 0.9 32.9 -0.176795 -0.423248 3.12454 -0.0163309 -0.0427133 134.961
1556465 12 0.01 0.9 32.9 -0.469264 -0.0838018 2.77198 -0.0399466 -0.00517992 134.961
1558026 12 0.01 0.9 32.9 0.0271058 0.410066 1.27412 0.000174613 0.0167182 134.961
1558347 12 0.01 0.9 32.9 0.245317 0.28489 3.31532 0.0251068 0.0276391 134.961
1558860 12 0.01 0.9 32.9 -0.384838 0.37298 2.26662 -0.0277831 0.0268142 134.961
1560083 12 0.01 0.9 32.9 -0.0152176 -0.415554 3.24299 -0.00257227 -0.0425888 134.961
1562655 12 0.01 0.9 32.9 -0.133794 0.381598 1.02244 -0.00644128 0.0131764 134.961
1564515 12 0.01 0.9 32.9 -0.340446 -0.345766 1.33094 -0.0120313 -0.00964003 134.961
1565306 12 0.01 0.9 32.9 -0.0579237 0.0769708 4.01122 -0.00884853 0.0102192 134.961
1565998 12 0.01 0.9 32.9 0.261017 0.354059 1.20579 0.00906528 0.0196014 134.961
1568335 12 0.01 0.9 32.9 -0.24543 0.0278877 1.33436 -0.00925152 0.00129915 134.961
1569944 12 0.01 0.9 32.9 0.144085 0.497083 2.94232 0.0131124 0.0466297 134.961
1570680 12 0.01 0.9 32.9 0.450158 -0.0519294 1.20404 0.018856 -0.00241223 134.961
1572149 12 0.01 0.9 32.9 0.0591292 -0.367 1.69442 0.00407149 -0.0197148 134.961
1572622 12 0.01 0.9 32.9 -0.0226278 0.0487755 0.877876 0.000919109 0.00174748 134.961
1573661 12 0.01 0.9 32.9 -0.33149 0.366511 2.08156 -0.0218887 0.0245031 134.961
1575836 12 0.01 0.9 32.9 -0.363576 0.498357 1.51696 -0.0173636 0.0248127 134.961
1575838 12 0.01 0.9 32.9 -0.336864 -0.351684 5.95713 -0.059585 -0.0640141 134.961
1577372 12 0.01 0.9 32.9 0.0243308 0.469705 3.1117 0.00449287 0.0441713 134.961
1577487 12 0.01 0.9 32.9 -0.0979841 -0.400925 2.77992 -0.0099426 -0.0333941 134.961
1578529 12 0.01 0.9 32.9 -0.343391 0.26265 2.69234 -0.0279491 0.0223519 134.961
1578947 12 0.01 0.9 32.9 0.136739 -0.303872 7.57565 0.0316005 -0.068043 134.961
1581757 12 0.01 0.9 32.9 0.307812 -0.130913 0.333937 -0.00126243 -0.00334157 134.961
1583164 12 0.01 0.9 32.9 -0.458884 0.391959 0.95743 -0.0162167 0.0111507 134.961
1583863 12 0.01 0.9 32.9 0.168795 -0.460693 0.988566 0.00431558 -0.0103493 134.961
1584802 12 0.01 0.9 32.9 0.300241 -0.115024 2.06814 0.0198694 -0.00471181 134.961
1585816 12 0.01 0.9 32.9 0.0182944 0.174923 0.667792 -0.00128331 0.00178619 134.961
1589258 12 0.01 0.9 32.9 0.00502185 -0.00798336 5.01005 0.00114139 0.000712153 134.961
1591936 12 0.01 0.9 32.9 0.106698 0.135391 6.96192 0.0203442 0.0298917 134.961
1592961 12 0.01 0.9 32.9 -0.128013 0.480749 0.292239 -0.00518908 0.00140113 134.961
1593105 12 0.01 0.9 32.9 0.234428 -0.302111 1.54981 0.0131585 -0.0141438 134.961
1594978 12 0.01 0.9 32.9 -0.366611 -0.419977 4.66077 -0.0517767 -0.0592719 134.961
1595627 12 0.01 0.9 32.9 -0.00399191 -0.235235 5.48662 -5.62073e-05 -0.0369691 134.961
1597709 12 0.01 0.9 32.9 -0.0279956 -0.351882 4.18362 -0.00336109 -0.0471047 134.961
1598824 12 0.01 0.9 32.9 -0.447884 -0.153575 0.781389 -0.00967242 -0.00478491 134.961
1600008 12 0.01 0.9 32.9 0.0340274 0.0503168 1.95592 0.00460454 0.00230551 134.961
1600783 12 0.01 0.9 32.9 0.480988 -0.00111007 3.60892 0.0514564 0.000160961 134.961
1602151 12 0.01 0.9 32.9 -0.176146 -0.355808 1.74797 -0.0098659 -0.0168843 134.961
1602925 12 0.01 0.9 32.9 -0.109317 -0.270776 2.23404 -0.00734589 -0.0171961 134.961
1604098 12 0.01 0.9 32.9 0.233779 0.437241 0.829734 0.00697983 0.0114762 134.961
1607547 12 0.01 0.9 32.9 0.214329 0.375413 2.92467 0.0191506 0.0353651 134.961
1609292 12 0.01 0.9 32.9 0.321441 -0.487008 2.25949 0.0218218 -0.0333043 134.961
1609955 12 0.01 0.9 32.9 0.313104 0.41446 4.36107 0.0422715 0.055396 134.961
1610421 12 0.01 0.9 32.9 0.327511 0.285183 3.12242 0.0319081 0.0279988 134.961
1615037 12 0.01 0.9 32.9 -0.456502 0.363079 1.21951 -0.0150865 0.0151042 134.961
1617568 12 0.01 0.9 32.9 -0.0480127 0.163643 2.01893 -0.00419307 0.0102091 134.961
1617705 12 0.01 0.9 32.9 0.248585 -0.437836 7.44306 0.0567312 -0.0982767 134.961
1618560 12 0.01 0.9 32.9 -0.378829 0.0125193 1.8052 -0.0200758 0.0034356 134.961
1620807 12 0.01 0.9 32.9 -0.390135 -0.193625 1.60405 -0.0159918 -0.00765932 134.961
1622151 12 0.01 0.9 32.9 0.497596 0.417735 0.914807 0.0151223 0.0132639 134.961
1623750 12 0.01 0.9 32.9 0.435124 0.433948 3.81509 0.05041 0.0514014 134.961
1623924 12 0.01 0.9 32.9 -0.474534 0.247585 3.27405 -0.0456 0.0243541 134.961
1626701 12 0.01 0.9 32.9 -0.122798 0.229682 1.80114 -0.00783509 0.0142436 134.961
1628046 12 0.01 0.9 32.9 -0.102667 0.391502 1.60474 -0.00541777 0.0207792 134.961
1633165 12 0.01 0.9 32.9 -0.415582 0.307783 2.34346 -0.0278797 0.020581 134.961
1635896 12 0.01 0.9 32.9 -0.230116 -0.424428 7.35539 -0.0503773 -0.095587 134.961
1639686 12 0.01 0.9 32.9 -0.388194 -0.204353 6.60198 -0.0777476 -0.0415768 134.961
1641693 12 0.01 0.9 32.9 -0.381812 0.401633 0.642239 -0.0071945 0.0079574 134.961
1643261 12 0.01 0.9 32.9 -0.123752 -0.203234 4.60951 -0.0151915 -0.0282711 134.961
1644814 12 0.01 0.9 32.9 0.391824 0.0464633 0.277938 0.0014801 0.00474901 134.961
1645971 12 0.01 0.9 32.9 0.496776 0.360413 1.24196 0.019747 0.0155444 134.961
1648828 12 0.01 0.9 32.9 -0.309018 -0.483094 3.87928 -0.0374987 -0.0565775 134.961
1653874 12 0.01 0.9 32.9 0.296989 0.024477 4.30378 0.0400115 0.00492553 134.961
1658348 12 0.01 0.9 32.9 -0.257722 -0.400631 2.33889 -0.0194258 -0.0272496 134.961
1661451 12 0.01 0.9 32.9 -0.409658 -0.145573 4.68288 -0.0589161 -0.0190691 134.961
1661591 12 0.01 0.9 32.9 0.0482368 0.426571 2.56606 0.00381549 0.0344173 134.961
1662012 12 0.01 0.9 32.9 -0.0562063 0.345342 1.88295 -0.00378325 0.0221522 134.961
1664593 12 0.01 0.9 32.9 0.485193 -0.264639 4.80832 0.0713973 -0.0370607 134.961
1671087 12 0.01 0.9 32.9 0.211082 0.130873 1.8346 0.00745864 0.00683182 134.961
1673291 12 0.01 0.9 32.9 0.368065 -0.371804 2.71933 0.0302363 -0.0302224 134.961
1675153 12 0.01 0.9 32.9 0.430248 0.0343665 8.11338 0.105092 0.0102571 134.961
1675652 12 0.01 0.9 32.9 -0.0475341 0.265195 7.58702 -0.00929217 0.0640761 134.961
1675741 12 0.01 0.9 32.9 0.206958 0.299358 0.698309 0.00122312 0.010997 134.961
1677859 12 0.01 0.9 32.9 -0.44407 0.221994 3.1635 -0.0447229 0.0217067 134.961
1680487 12 0.01 0.9 32.9 0.489288 -0.0870182 0.990675 0.0160182 -0.00531566 134.961
1682251 12 0.01 0.9 32.9 -0.210226 0.487959 1.49249 -0.00897964 0.0200778 134.961
1683989 12 0.01 0.9 32.9 -0.0438744 -0.470227 3.51036 -0.00477676 -0.0506929 134.961
1685935 12 0.01 0.9 32.9 -0.392661 -0.267605 4.14828 -0.0505115 -0.0351244 134.961
1688187 12 0.01 0.9 32.9 0.249336 0.445093 2.22065 0.0161581 0.0325406 134.961
1689392 12 0.01 0.9 32.9 -0.0626191 -0.445921 2.01474 -0.00761955 -0.0283131 134.961
1689540 12 0.01 0.9 32.9 -0.0534783 -0.198757 0.749222 0.00177675 -0.00537425 134.961
1691366 12 0.01 0.9 32.9 -0.309693 0.339392 4.7236 -0.0435645 0.0477582 134.961
1694248 12 0.01 0.9 32.9 -0.472255 -0.0213725 5.57847 -0.0801455 -0.00177895 134.961
1695877 12 0.01 0.9 32.9 0.148165 -0.446801 8.40225 0.0373618 -0.112658 134.961
1695895 12 0.01 0.9 32.9 0.409435 -0.288713 1.73353 0.021054 -0.0161561 134.961
1697876 12 0.01 0.9 32.9 -0.358019 -0.169006 0.950937 -0.0111366 -0.0018816 134.961
1706237 12 0.01 0.9 32.9 -0.217108 -0.430148 2.21603 -0.0163077 -0.0269181 134.961
1706908 12 0.01 0.9 32.9 0.471073 0.230905 3.62169 0.0533173 0.0256596 134.961
1711884 12 0.01 0.9 32.9 0.477117 0.40227 1.39303 0.0179775 0.0177326 134.961
1714030 12 0.01 0.9 32.9 -0.288878 -0.171422 2.91835 -0.0263208 -0.0156489 134.961
1719198 12 0.01 0.9 32.9 0.289926 0.427188 3.33413 0.0296517 0.0453492 134.961
1721385 12 0.01 0.9 32.9 0.174123 0.357289 3.08527 0.0174776 0.0336122 134.961
1721659 12 0.01 0.9 32.9 -0.390003 -0.491109 3.27119 -0.0391573 -0.0490807 134.961
1722941 12 0.01 0.9 32.9 0.397088 0.0193335 2.483 0.0280036 0.00319512 134.961
1723096 12 0.01 0.9 32.9 -0.174131 -0.43013 3.18823 -0.0151165 -0.0408428 134.961
1726244 12 0.01 0.9 32.9 0.230332 -0.156358 2.71757 0.0189745 -0.0149054 134.961
1726637 12 0.01 0.9 32.9 -0.271227 -0.030544 3.61707 -0.0287088 -0.00151477 134.961
1727237 12 0.01 0.9 32.9 0.166941 -0.155448 3.17427 0.017518 -0.0135456 134.961
1727371 12 0.01 0.9 32.9 0.367812 0.195067 7.41304 0.0846619 0.0459025 134.961
1732251 12 0.01 0.9 32.9 0.214246 0.331799 1.4321 0.0102623 0.013261 134.961
1732437 12 0.01 0.9 32.9 -0.434068 -0.347046 3.24778 -0.042075 -0.0358037 134.961
1732444 12 0.01 0.9 32.9 -0.0914896 -0.488365 0.606686 -0.000963819 -0.00947669 134.961
1734394 12 0.01 0.9 32.9 -0.499866 0.187943 3.09499 -0.0507922 0.0175112 134.961
1734461 12 0.01 0.9 32.9 -0.189463 0.00543477 7.60467 -0.0423945 0.00208398 134.961
1735922 12 0.01 0.9 32.9 0.0378019 0.0507079 1.95567 0.00401008 0.00153194 134.961
1737791 12 0.01 0.9 32.9 0.215606 -0.46403 0.722305 0.00252575 -0.0103408 134.961
1739531 12 0.01 0.9 32.9 0.162927 -0.0551672 2.47786 0.01263 -0.00256367 134.961
1739617 12 0.01 0.9 32.9 0.00886961 0.24103 0.62954 -0.00181609 0.0067125 134.961
1739763 12 0.01 0.9 32.9 -0.0211629 0.202335 2.14799 -0.00207382 0.0163867 134.961
1740504 12 0.01 0.9 32.9 0.118657 0.382087 1.26949 0.00381824 0.0165612 134.961
1741084 12 0.01 0.9 32.9 -0.123254 0.0772071 1.70575 -0.00667486 0.00474852 134.961
1741337 12 0.01 0.9 32.9 0.170073 0.491813 3.57293 0.0173018 0.0529683 134.961
1742830 12 0.01 0.9 32.9 0.209709 -0.150578 2.80326 0.0185087 -0.0104568 134.961
1744387 12 0.01 0.9 32.9 -0.0586804 -0.276604 1.33203 -0.00111022 -0.0103214 134.961
1745627 12 0.01 0.9 32.9 0.0675534 0.171524 4.11821 0.0100864 0.0227716 134.961
1746053 12 0.01 0.9 32.9 -0.331356 -0.04388 1.7451 -0.0152411 -0.0018754 134.961
1748056 12 0.01 0.9 32.9 -0.304143 -0.301615 4.81331 -0.0434022 -0.0451252 134.961
1748113 12 0.01 0.9 32.9 0.290049 0.175528 0.994786 0.00632056 0.00497826 134.961
1749227 12 0.01 0.9 32.9 -0.296738 0.279402 3.14792 -0.0286243 0.0291672 134.961
1752292 12 0.01 0.9 32.9 -0.175638 -0.338493 3.81742 -0.0205156 -0.0415839 134.961
1752909 12 0.01 0.9 32.9 -0.392522 0.335664 3.99847 -0.0486105 0.042615 134.961
1755306 12 0.01 0.9 32.9 -0.393776 -0.165091 5.92804 -0.0702365 -0.0288022 134.961
1756343 12 0.01 0.9 32.9 -0.17942 0.120019 2.56944 -0.0105697 0.00940151 134.961
1756808 12 0.01 0.9 32.9 -0.018214 -0.232816 2.79192 0.000873804 -0.0209273 134.961
1757180 12 0.01 0.9 32.9 -0.177612 0.212844 2.40733 -0.0130446 0.0164146 134.961
1757531 12 0.01 0.9 32.9 0.11228 0.32632 3.47995 0.0127675 0.0369829 134.961
1760321 12 0.01 0.9 32.9 -0.208724 -0.359925 1.06344 -0.00656608 -0.00848575 134.961
1760764 12 0.01 0.9 32.9 0.0671829 -0.32512 1.23611 0.000452401 -0.0109459 134.961
1761509 12 0.01 0.9 32.9 -0.0288968 -0.415635 3.30734 -0.00286933 -0.0387779 134.961
1765301 12 0.01 0.9 32.9 -0.0782853 0.0900528 2.64054 -0.00888344 0.0118905 134.961
1773660 12 0.01 0.9 32.9 0.0269811 0.00155986 2.09152 0.00126685 0.00360189 134.961
1774497 12 0.01 0.9 32.9 0.331045 -0.200581 1.08748 0.0124631 -0.00399398 134.961
1774921 12 0.01 0.9 32.9 0.374773 0.381584 5.46942 0.0622392 0.0612532 134.961
1777923 12 0.01 0.9 32.9 -0.37249 0.350809 1.76061 -0.0205154 0.0193765 134.961
1780128 12 0.01 0.9 32.9 0.251417 0.187853 3.05476 0.0227408 0.0179515 134.961
1780260 12 0.01 0.9 32.9 0.0981152 0.326351 1.50403 0.00624509 0.0149332 134.961
1781904 12 0.01 0.9 32.9 -0.354519 -0.234978 1.20776 -0.0107452 -0.00760806 134.961
1786065 12 0.01 0.9 32.9 0.250336 -0.207374 1.69397 0.0115662 -0.0102562 134.961
1786156 12 0.01 0.9 32.9 0.251951 0.405603 4.41027 0.0335877 0.0545582 134.961
1786714 12 0.01 0.9 32.9 -0.422173 -0.133202 2.06273 -0.0280888 -0.00723125 134.961
1790524 12 0.01 0.9 32.9 0.499915 0.414288 1.19396 0.0176108 0.0132761 134.961
1791524 12 0.01 0.9 32.9 -0.142368 -0.10062 2.07864 -0.00838835 -0.0053677 134.961
1791870 12 0.01 0.9 32.9 -0.302976 0.282999 8.99147 -0.0811341 0.0767147 134.961
1792459 12 0.01 0.9 32.9 -0.263218 0.207774 2.07208 -0.0166852 0.0117866 134.961
1792892 12 0.01 0.9 32.9 -0.124171 0.141701 1.98744 -0.0059465 0.00918012 134.961
1792951 12 0.01 0.9 32.9 -0.28735 0.123513 1.98593 -0.0181536 0.00800855 134.961
1793652 12 0.01 0.9 32.9 0.0364027 -0.346205 2.2595 0.00469863 -0.0252104 134.961
1799528 12 0.01 0.9 32.9 -0.0643802 -0.0797159 2.61584 -0.00641688 -0.00402794 134.961
1799721 12 0.01 0.9 32.9 0.260008 0.440496 3.23685 0.024735 0.0463189 134.961
1801733 12 0.01 0.9 32.9 -0.371136 0.239198 2.58913 -0.0283469 0.0187364 134.961
1801988 12 0.01 0.9 32.9 -0.100653 -0.302393 4.3777 -0.0121936 -0.0397751 134.961
1802972 12 0.01 0.9 32.9 0.49081 -0.205736 3.4914 0.0500887 -0.0210068 134.961
1803155 12 0.01 0.9 32.9 0.494122 -0.429505 2.73188 0.0402665 -0.0326929 134.961
1803606 12 0.01 0.9 32.9 0.325523 0.444305 1.53697 0.0125928 0.0212657 134.961
1804652 12 0.01 0.9 32.9 0.361717 0.424816 2.39037 0.0248787 0.0312311 134.961
1805282 12 0.01 0.9 32.9 0.218084 0.452048 2.57087 0.0162942 0.0371783 134.961
1805652 12 0.01 0.9 32.9 0.33258 0.0940601 2.21568 0.022266 0.00923255 134.961
1808694 12 0.01 0.9 32.9 -0.446944 -0.213122 1.84868 -0.0272295 -0.0116405 134.961
1809614 12 0.01 0.9 32.9 -0.246526 0.283403 1.89431 -0.0153788 0.0170879 134.961
1810912 12 0.01 0.9 32.9 0.345361 0.157166 1.45687 0.0164833 0.00581269 134.961
1811013 12 0.01 0.9 32.9 -0.346098 -0.45235 0.151502 0.0019857 0.00701477 134.961
1811685 12 0.01 0.9 32.9 0.0313071 -0.00844496 3.0629 0.00135055 -0.000192752 134.961
1812703 12 0.01 0.9 32.9 -0.0790034 0.0901628 3.0437 -0.00754882 0.00936875 134.961
1819682 12 0.01 0.9 32.9 0.253983 -0.180842 2.9177 0.0223323 -0.0144279 134.961
1821101 12 0.01 0.9 32.9 -0.385001 -0.0390964 0.831032 -0.0117349 0.00395312 134.961
1821404 12 0.01 0.9 32.9 -0.194154 -0.105557 5.03382 -0.02938 -0.0149755 134.961
1821948 12 0.01 0.9 32.9 -0.0663344 -0.127697 3.21539 -0.00663851 -0.01388 134.961
1822334 12 0.01 0.9 32.9 0.467533 -0.256407 1.66076 0.025541 -0.0110687 134.961
1824238 12 0.01 0.9 32.9 -0.0430411 -0.279291 4.84724 -0.00681895 -0.0395867 134.961
1825529 12 0.01 0.9 32.9 0.244699 -0.438394 1.51934 0.0105425 -0.020945 134.961
1832002 12 0.01 0.9 32.9 0.207566 0.323196 2.04537 0.0136321 0.0194043 134.961
1832998 12 0.01 0.9 32.9 0.0032141 -0.294758 1.16298 0.000566174 -0.00845078 134.961
1834573 12 0.01 0.9 32.9 0.057815 0.256464 4.25285 0.0086995 0.0326646 134.961
1840403 12 0.01 0.9 32.9 -0.306286 -0.0622662 3.13631 -0.0286068 -0.00256023 134.961
1840689 12 0.01 0.9 32.9 0.052845 -0.271054 0.877618 0.00219297 -0.00703747 134.961
1841228 12 0.01 0.9 32.9 0.47743 0.0498936 1.90759 0.0276848 0.00325695 134.961
1841618 12 0.01 0.9 32.9 0.464574 -0.38348 0.81003 0.00975346 -0.0107616 134.961
1843512 12 0.01 0.9 32.9 -0.21045 -0.410298 4.44388 -0.0287033 -0.05474 134.961
1843599 12 0.01 0.9 32.9 0.494938 -0.289895 2.46728 0.0413244 -0.0232981 134.961
1845592 12 0.01 0.9 32.9 0.0550058 -0.168602 0.692614 0.00243248 -0.00510525 134.961
1845872 12 0.01 0.9 32.9 0.0387275 -0.252294 1.85061 0.00116922 -0.014458 134.961
1846129 12 0.01 0.9 32.9 -0.481318 0.113766 3.05029 -0.0441094 0.00913439 134.961
1846450 12 0.01 0.9 32.9 -0.350947 -0.286497 4.67456 -0.050921 -0.0397213 134.961
1851043 12 0.01 0.9 32.9 -0.283767 0.138896 3.70012 -0.0342918 0.0166376 134.961
1851739 12 0.01 0.9 32.9 -0.480965 0.397282 2.10371 -0.0284087 0.0245596 134.961
1853351 12 0.01 0.9 32.9 -0.208634 -0.114506 2.05967 -0.0117015 -0.00451462 134.961
1853575 12 0.01 0.9 32.9 0.295618 -0.470253 1.20514 0.0127002 -0.0174771 134.961
1855654 12 0.01 0.9 32.9 -0.199963 -0.311304 3.27736 -0.0204835 -0.0329841 134.961
1856171 12 0.01 0.9 32.9 -0.256443 -0.250322 3.31153 -0.027003 -0.0259586 134.961
1856642 12 0.01 0.9 32.9 0.448625 -0.0434245 2.71281 0.038459 -0.00189435 134.961
1862833 12 0.01 0.9 32.9 -0.197752 -0.454455 1.13762 -0.00554133 -0.0138898 134.961
1864694 12 0.01 0.9 32.9 -0.253778 -0.260767 2.33228 -0.0190497 -0.0194869 134.961
1865928 12 0.01 0.9 32.9 -0.370493 0.398304 2.74697 -0.0304251 0.0342527 134.961
1868318 12 0.01 0.9 32.9 0.310892 0.452411 0.540426 0.00606475 0.00380463 134.961
1869254 12 0.01 0.9 32.9 -0.00481672 -0.318321 2.36988 -0.00206969 -0.0224102 134.961
1869691 12 0.01 0.9 32.9 0.172748 -0.455572 3.39546 0.0187678 -0.0489079 134.961
1871536 12 0.01 0.9 32.9 0.158927 0.016964 4.12355 0.0188049 0.00269066 134.961
1874621 12 0.01 0.9 32.9 -0.253902 0.406484 1.6778 -0.015598 0.0218156 134.961
1874720 12 0.01 0.9 32.9 0.469984 -0.462095 4.29448 0.0622286 -0.0610865 134.961
1875251 12 0.01 0.9 32.9 0.0915472 0.0115248 0.655583 -0.000283179 0.000126026 134.961
1876456 12 0.01 0.9 32.9 -0.477004 0.0185554 1.14259 -0.0151906 0.00191159 134.961
1878151 12 0.01 0.9 32.9 0.49682 0.363014 3.32999 0.0502491 0.0378905 134.961
1878170 12 0.01 0.9 32.9 0.0756389 -0.379927 3.58343 0.0105107 -0.0398686 134.961
1879135 12 0.01 0.9 32.9 0.161254 0.4415 1.77091 0.011132 0.0242589 134.961
1882433 12 0.01 0.9 32.9 0.474261 -0.0270081 0.510141 0.0120173 0.00425833 134.961
1883159 12 0.01 0.9 32.9 -0.0881403 0.11475 2.58245 -0.00676532 0.0072927 134.961
1885750 12 0.01 0.9 32.9 0.235035 -0.434127 1.44616 0.00883151 -0.0169815 134.961
1885842 12 0.01 0.9 32.9 -0.0477692 0.207648 3.40073 -0.00368446 0.0216269 134.961
1886393 12 0.01 0.9 32.9 -0.356475 0.263481 4.99095 -0.0543574 0.042908 134.961
1889149 12 0.01 0.9 32.9 -0.00588633 -0.00283653 2.65219 0.00128071 -0.000574338 134.961
1896486 12 0.01 0.9 32.9 0.201505 0.485438 1.44601 0.011049 0.0229428 134.961
1897506 12 0.01 0.9 32.9 -0.168624 0.441947 3.60509 -0.0171535 0.0497865 134.961
1901309 12 0.01 0.9 32.9 -0.439692 0.108113 1.95986 -0.0277825 0.00646683 134.961
1902308 12 0.01 0.9 32.9 -0.018893 -0.0558483 5.96598 -0.0041412 -0.0111216 134.961
1902803 12 0.01 0.9 32.9 0.188427 0.408816 1.41476 0.00607967 0.0160927 134.961
1906120 12 0.01 0.9 32.9 0.187975 -0.295088 1.33556 0.00693378 -0.0122383 134.961
1907441 12 0.01 0.9 32.9 0.249065 0.171164 3.03742 0.0236367 0.0183902 134.961
1912738 12 0.01 0.9 32.9 0.446511 0.113723 2.0789 0.0273342 0.00846256 134.961
1912774 12 0.01 0.9 32.9 0.105961 0.316572 1.61915 0.00865453 0.0147411 134.961
1913075 12 0.01 0.9 32.9 -0.160165 0.44207 3.40626 -0.0169206 0.0450493 134.961
1914327 12 0.01 0.9 32.9 -0.098143 0.252527 2.83818 -0.00852106 0.0232456 134.961
1914769 12 0.01 0.9 32.9 -0.071445 -0.474785 2.82189 -0.00603467 -0.0388 134.961
1920273 12 0.01 0.9 32.9 -0.197317 0.407813 2.05893 -0.0110778 0.0261924 134.961
1923836 12 0.01 0.9 32.9 0.0451978 -0.262856 5.81539 0.00619338 -0.0496069 134.961
1923953 12 0.01 0.9 32.9 0.369936 0.141471 2.25299 0.0234074 0.00919315 134.961
1926771 12 0.01 0.9 32.9 0.452295 -0.0720744 0.725989 0.00877953 -0.00299272 134.961
1931132 12 0.01 0.9 32.9 0.0892053 -0.427667 1.97511 0.00593782 -0.0259221 134.961
1932035 12 0.01 0.9 32.9 0.00779842 -0.372215 0.960731 0.000495729 -0.00958583 134.961
1934518 12 0.01 0.9 32.9 -0.181751 -0.412362 2.37288 -0.0143236 -0.0252513 134.961
1934933 12 0.01 0.9 32.9 -0.200535 0.417368 3.63215 -0.0220722 0.0476954 134.961
1938968 12 0.01 0.9 32.9 0.130613 0.164845 0.943664 0.00257637 0.00649177 134.961
1942905 12 0.01 0.9 32.9 -0.0374935 -0.205716 2.17286 -0.00213093 -0.0146059 134.961
1946947 12 0.01 0.9 32.9 0.376123 0.483543 6.26475 0.070468 0.0934341 134.961
1947733 12 0.01 0.9 32.9 -0.447661 -0.473863 3.61438 -0.048661 -0.053168 134.961
1947919 12 0.01 0.9 32.9 0.119567 -0.243639 2.74393 0.00985627 -0.0175837 134.961
1949722 12 0.01 0.9 32.9 -0.063508 0.307356 3.84696 -0.00751099 0.0350582 134.961
1950211 12 0.01 0.9 32.9 0.162378 0.455003 2.68511 0.0122599 0.0387487 134.961
1952954 12 0.01 0.9 32.9 0.440334 -0.398389 2.23836 0.032411 -0.027112 134.961
1953200 12 0.01 0.9 32.9 0.150529 0.0934858 1.81139 0.00919281 0.00344158 134.961
1957959 12 0.01 0.9 32.9 -0.144185 -0.0148973 3.0231 -0.0106559 -0.000979366 134.961
1959588 12 0.01 0.9 32.9 0.209394 0.261837 1.25252 0.00888565 0.0132162 134.961
1960524 12 0.01 0.9 32.9 0.393867 -0.105805 0.711462 0.00684277 -0.00288744 134.961
1965830 12 0.01 0.9 32.9 0.0396778 0.191974 2.56799 0.00367592 0.0160799 134.961
1967389 12 0.01 0.9 32.9 -0.124464 -0.0820994 2.30317 -0.00905928 -0.00343618 134.961
1968133 12 0.01 0.9 32.9 0.0196035 -0.360079 2.726 0.000667646 -0.0293726 134.961
1968746 12 0.01 0.9 32.9 -0.145547 -0.451723 5.32729 -0.0253584 -0.0738031 134.961
1969134 12 0.01 0.9 32.9 0.212388 -0.420487 1.92996 0.0119201 -0.0237413 134.961
1971604 12 0.01 0.9 32.9 -0.450884 -0.405634 0.914177 -0.0107141 -0.0088658 134.961
1972612 12 0.01 0.9 32.9 0.276748 0.306999 4.38939 0.0390374 0.0400718 134.961
1972658 12 0.01 0.9 32.9 -0.0176709 -0.0528101 0.931788 0.000996465 -0.00135548 134.961
1975415 12 0.01 0.9 32.9 0.288897 0.193219 2.15081 0.0205893 0.0143975 134.961
1976042 12 0.01 0.9 32.9 -0.28066 0.310874 2.5969 -0.0209284 0.025375 134.961
1978461 12 0.01 0.9 32.9 -0.215244 0.113834 4.7191 -0.0316056 0.0164808 134.961
1987878 12 0.01 0.9 32.9 -0.470796 -0.0506535 2.75168 -0.0378069 -0.00389581 134.961
1993006 12 0.01 0.9 32.9 -0.101791 0.206749 3.02529 -0.00918775 0.0195567 134.961
1993243 12 0.01 0.9 32.9 0.0802544 0.0976792 1.25028 -9.13121e-05 0.00464021 134.961
1994996 12 0.01 0.9 32.9 0.009491 0.497391 2.38775 -0.000338239 0.0353898 134.961
1996352 12 0.01 0.9 32.9 -0.469327 -0.171864 3.19001 -0.0449887 -0.0154102 134.961
1000125 12 0.01 0.9 32.9 0.140224 -0.285756 4.15729 0.0200483 -0.0357008 134.746
1000232 12 0.01 0.9 32.9 0.203144 -0.128597 8.3921 0.0503837 -0.0331931 134.746
1002914 12 0.01 0.9 32.9 0.359804 0.311961 0.692395 0.0114931 0.00689366 134.746
1004572 12 0.01 0.9 32.9 -0.380506 -0.122786 0.729251 -0.0079761 -0.00294104 134.746
1007454 12 0.01 0.9 32.9 -0.37135 0.144528 3.02084 -0.035845 0.0126462 134.746
1008465 12 0.01 0.9 32.9 0.0650324 0.107605 1.18884 0.0034036 0.00468347 134.746
1010481 12 0.01 0.9 32.9 -0.438461 0.268004 7.39899 -0.0981635 0.0601295 134.746
1011991 12 0.01 0.9 32.9 0.122932 0.0364775 0.780379 0.0015823 0.000656189 134.746
1014488 12 0.01 0.9 32.9 -0.159718 -0.0256133 2.42514 -0.0111764 0.000813362 134.746
1014497 12 0.01 0.9 32.9 -0.131287 0.194402 2.05255 -0.00775287 0.0132445 134.746
1017815 12 0.01 0.9 32.9 0.035353 -0.497978 1.43949 0.00232384 -0.0202498 134.746
1018830 12 0.01 0.9 32.9 0.368413 -0.193077 3.08177 0.034902 -0.0176906 134.746
1020719 12 0.01 0.9 32.9 -0.40169 -0.353486 3.39484 -0.0405868 -0.0351975 134.746
1024649 12 0.01 0.9 32.9 0.283526 0.0717582 3.19149 0.0279696 0.00837834 134.746
1024976 12 0.01 0.9 32.9 0.393177 0.215349 2.49897 0.0318508 0.0179103 134.746
1025329 12 0.01 0.9 32.9 0.167321 0.268758 2.67633 0.0153019 0.0220567 134.746
1026035 12 0.01 0.9 32.9 -0.462167 -0.00752555 1.99246 -0.0251003 0.000654127 134.746
1034649 12 0.01 0.9 32.9 -0.0358743 -0.41707 3.59747 -0.00463771 -0.0440498 134.746
1035328 12 0.01 0.9 32.9 -0.328074 -0.452402 3.04538 -0.0303787 -0.0397878 134.746
1035391 12 0.01 0.9 32.9 -0.159848 0.36 1.59554 -0.00766797 0.0179671 134.746
1035574 12 0.01 0.9 32.9 0.326344 0.162831 2.20883 0.0214845 0.01303 134.746
1035755 12 0.01 0.9 32.9 -0.397418 -0.215313 2.97869 -0.0367299 -0.0186901 134.746
1036694 12 0.01 0.9 32.9 0.0307382 -0.0980049 3.57344 0.00479959 -0.0113086 134.746
1036881 12 0.01 0.9 32.9 0.376156 0.473428 7.23911 0.0815597 0.104034 134.746
1038295 12 0.01 0.9 32.9 -0.314864 0.048748 0.440898 -0.003705 0.00592635 134.746
1039055 12 0.01 0.9 32.9 0.306587 0.3382 4.05023 0.0381146 0.0420569 134.746
1042279 12 0.01 0.9 32.9 0.0513926 0.48089 1.09439 0.00253585 0.0170622 134.746
1042322 12 0.01 0.9 32.9 -0.238684 -0.440394 2.3447 -0.0151295 -0.0296655 134.746
1043110 12 0.01 0.9 32.9 -0.238757 -0.220242 3.37482 -0.0260804 -0.0229012 134.746
1046142 12 0.01 0.9 32.9 -0.454046 -0.246239 1.17815 -0.0177477 -0.00551133 134.746
1046319 12 0.01 0.9 32.9 0.125678 0.374562 2.47441 0.00943733 0.0283633 134.746
1049838 12 0.01 0.9 32.9 -0.0691113 0.437871 3.78956 -0.00654614 0.0510746 134.746
1050887 12 0.01 0.9 32.9 0.424511 0.478503 1.51934 0.0169346 0.0259592 134.746
1052426 12 0.01 0.9 32.9 0.215158 0.463826 3.2634 0.0190472 0.0457016 134.746
1052577 12 0.01 0.9 32.9 -0.360487 0.230645 1.8707 -0.0180785 0.0140312 134.746
1057565 12 0.01 0.9 32.9 -0.176833 0.498245 1.07036 -0.00576708 0.0162143 134.746
1057694 12 0.01 0.9 32.9 -0.163802 0.31071 2.438 -0.00998843 0.0247443 134.746
1059262 12 0.01 0.9 32.9 -0.359643 -0.446626 2.62662 -0.027558 -0.0341663 134.746
1060170 12 0.01 0.9 32.9 0.241354 0.498933 4.57801 0.0321597 0.0708234 134.746
1064337 12 0.01 0.9 32.9 0.351969 -0.224503 0.824037 0.00516725 -0.00845521 134.746
1066382 12 0.01 0.9 32.9 0.432515 -0.275789 3.09321 0.0394993 -0.0250062 134.746
1068310 12 0.01 0.9 32.9 -0.288722 -0.362869 1.23414 -0.013379 -0.0129922 134.746
1072167 12 0.01 0.9 32.9 -0.00272373 -0.348102 1.86812 0.000167216 -0.0189434 134.746
1072405 12 0.01 0.9 32.9 -0.0338392 -0.241713 0.553747 0.00353175 -0.00285093 134.746
1073094 12 0.01 0.9 32.9 0.394255 -0.0824852 0.454733 0.004815 -0.00478206 134.746
1074860 12 0.01 0.9 32.9 -0.00592316 -0.448318 5.01313 -0.000411835 -0.0685593 134.746
1075550 12 0.01 0.9 32.9 -0.302211 -0.474705 0.497399 -0.0014113 -0.00425571 134.746
1078384 12 0.01 0.9 32.9 0.434526 -0.0222553 2.04616 0.028656 -0.00116229 134.746
1086077 12 0.01 0.9 32.9 -0.0712301 0.120089 1.81081 -0.00282565 0.00635558 134.746
1087287 12 0.01 0.9 32.9 0.343249 0.0251976 0.991381 0.0110791 0.00557779 134.746
1087934 12 0.01 0.9 32.9 0.157239 0.149326 2.56354 0.0116118 0.0122257 134.746
1089093 12 0.01 0.9 32.9 0.231725 0.0623202 1.43535 0.0103493 0.00465002 134.746
1089559 12 0.01 0.9 32.9 0.38197 -0.270368 2.65094 0.0293505 -0.0205669 134.746
1092842 12 0.01 0.9 32.9 0.00130981 -0.412014 3.87564 0.000805666 -0.0486205 134.746
1096573 12 0.01 0.9 32.9 -0.297143 -0.20031 2.95675 -0.0274067 -0.0154442 134.746
1103417 12 0.01 0.9 32.9 0.14529 -0.353516 2.41927 0.00867535 -0.0255832 134.746
1103544 12 0.01 0.9 32.9 -0.101756 0.11117 2.20167 -0.00962368 0.00718256 134.746
1106761 12 0.01 0.9 32.9 0.403814 0.141124 0.496799 0.00201402 0.00645119 134.746
1109171 12 0.01 0.9 32.9 -0.131201 0.263479 6.01066 -0.0248864 0.0490287 134.746
1111137 12 0.01 0.9 32.9 0.108054 0.0991549 2.13812 0.00862996 0.00553494 134.746
1112905 12 0.01 0.9 32.9 -0.103619 0.385525 1.18513 -0.00193011 0.0149182 134.746
1113824 12 0.01 0.9 32.9 -0.153671 0.019069 1.655 -0.0078533 -0.000840305 134.746
1114183 12 0.01 0.9 32.9 -0.366925 0.412844 2.20585 -0.0234279 0.0277627 134.746
1114561 12 0.01 0.9 32.9 -0.0108165 -0.439856 0.544655 9.2855e-05 -0.00773475 134.746
1114853 12 0.01 0.9 32.9 0.109818 0.230428 2.64593 0.00804694 0.0187884 134.746
1121497 12 0.01 0.9 32.9 0.421883 0.326684 2.20512 0.0307785 0.0237201 134.746
1124663 12 0.01 0.9 32.9 -0.164156 0.0828023 1.51624 -0.00801194 0.00324224 134.746
1125939 12 0.01 0.9 32.9 -0.060974 -0.172688 2.39198 -0.00575517 -0.0120712 134.746
1127755 12 0.01 0.9 32.9 0.291403 -0.238029 1.58136 0.0123423 -0.0103872 134.746
1129515 12 0.01 0.9 32.9 -0.213802 0.0570205 2.05339 -0.010334 0.00543215 134.746
1132124 12 0.01 0.9 32.9 0.42436 0.177792 1.49942 0.0159291 0.00855129 134.746
1133906 12 0.01 0.9 32.9 -0.173494 -0.497114 1.76309 -0.00905853 -0.0259094 134.746
1134388 12 0.01 0.9 32.9 -0.275478 -0.0739645 3.23723 -0.0267136 -0.00622418 134.746
1136290 12 0.01 0.9 32.9 -0.0811758 0.0779056 1.77189 -0.00446527 0.00833965 134.746
1139697 12 0.01 0.9 32.9 0.109078 -0.421855 2.9864 0.0107123 -0.0386385 134.746
1142403 12 0.01 0.9 32.9 0.270755 -0.377339 7.58548 0.061269 -0.0862428 134.746
1143569 12 0.01 0.9 32.9 0.292007 -0.466403 0.814584 0.00900075 -0.0114439 134.746
1144701 12 0.01 0.9 32.9 0.4044 -0.244883 3.40429 0.0424697 -0.0243109 134.746
1144937 12 0.01 0.9 32.9 0.480108 0.444886 1.67371 0.0250112 0.0227205 134.746
1146869 12 0.01 0.9 32.9 0.294286 0.272445 3.07853 0.0280271 0.0273768 134.746
1148392 12 0.01 0.9 32.9 -0.0143931 0.464456 1.4611 -0.00363747 0.0198094 134.746
1148433 12 0.01 0.9 32.9 0.25444 -0.0212696 3.20805 0.0259517 -0.000646561 134.746
1152117 12 0.01 0.9 32.9 0.199805 -0.321022 2.88446 0.0178784 -0.0266136 134.746
1154003 12 0.01 0.9 32.9 0.207026 0.263373 1.52834 0.00926599 0.0132389 134.746
1158534 12 0.01 0.9 32.9 -0.088004 -0.441803 5.86002 -0.0175551 -0.0792251 134.746
1159679 12 0.01 0.9 32.9 0.212936 -0.0608997 3.76516 0.0254436 -0.00589296 134.746
1160564 12 0.01 0.9 32.9 0.250728 -0.100615 1.17121 0.0111162 -0.00381857 134.746
1161269 12 0.01 0.9 32.9 0.334573 -0.296554 1.15042 0.0127126 -0.00936913 134.746
1161766 12 0.01 0.9 32.9 0.0444525 -0.0953525 3.26861 0.00398887 -0.00723173 134.746
1161966 12 0.01 0.9 32.9 0.475414 0.399191 1.41521 0.0204128 0.0191075 134.746
1166238 12 0.01 0.9 32.9 -0.498571 -0.122096 1.86405 -0.0273624 -0.0057151 134.746
1166422 12 0.01 0.9 32.9 0.202573 -0.191217 5.46615 0.0340069 -0.03215 134.746
1166815 12 0.01 0.9 32.9 -0.28495 -0.470315 4.47988 -0.0403414 -0.0640894 134.746
1167318 12 0.01 0.9 32.9 0.399373 0.104486 3.76045 0.0445035 0.012598 134.746
1167744 12 0.01 0.9 32.9 0.196191 -0.275747 3.3534 0.0174187 -0.0272269 134.746
1168103 12 0.01 0.9 32.9 -0.031073 0.0155869 0.695071 -0.00497677 0.000232642 134.746
1168532 12 0.01 0.9 32.9 -0.211206 -0.0740786 0.935926 -0.00446695 -0.00375386 134.746
1169121 12 0.01 0.9 32.9 -0.232419 -0.158218 3.0397 -0.019459 -0.0140559 134.746
1173277 12 0.01 0.9 32.9 -0.2651 0.427044 3.37159 -0.0252047 0.0435985 134.746
1176021 12 0.01 0.9 32.9 0.485772 -0.392131 1.61608 0.0288361 -0.0198039 134.746
1182449 12 0.01 0.9 32.9 0.442319 -0.188066 3.58525 0.0469968 -0.0191065 134.746
1182900 12 0.01 0.9 32.9 0.249423 0.322959 1.73108 0.0124529 0.0201363 134.746
1184929 12 0.01 0.9 32.9 -0.346515 -0.121069 1.82367 -0.0171696 -0.00681511 134.746
1185238 12 0.01 0.9 32.9 0.0515693 -0.211368 2.37864 0.00239916 -0.0146568 134.746
1187000 12 0.01 0.9 32.9 0.294522 -0.435826 2.07412 0.0186177 -0.0248778 134.746
1189500 12 0.01 0.9 32.9 0.0758106 -0.233697 2.96936 0.00835795 -0.022848 134.746
1189836 12 0.01 0.9 32.9 -0.204478 -0.299429 1.74788 -0.0115225 -0.0156838 134.746
1190714 12 0.01 0.9 32.9 0.49369 0.146778 4.14029 0.0622622 0.0170252 134.746
1190744 12 0.01 0.9 32.9 -0.035356 0.394132 3.20882 -0.0037937 0.038823 134.746
1191601 12 0.01 0.9 32.9 -0.119234 -0.0357524 2.40329 -0.00825657 -0.00301229 134.746
1191937 12 0.01 0.9 32.9 0.323463 0.40102 4.01412 0.0388185 0.049785 134.746
1192971 12 0.01 0.9 32.9 0.426133 0.442094 1.77807 0.0200246 0.0251901 134.746
1193551 12 0.01 0.9 32.9 0.438172 -0.0852401 1.28168 0.0150737 -0.00356614 134.746
1198062 12 0.01 0.9 32.9 -0.0977523 0.435088 3.24055 -0.00857912 0.0437324 134.746
1199212 12 0.01 0.9 32.9 0.151375 -0.0583561 4.18805 0.0207692 -0.00785139 134.746
1203161 12 0.01 0.9 32.9 -0.498773 0.186643 4.5534 -0.0718739 0.0267933 134.746
1204039 12 0.01 0.9 32.9 0.34242 -0.0900837 0.690914 0.00622479 -0.00300543 134.746
1206644 12 0.01 0.9 32.9 0.116504 -0.395271 0.728326 0.00245834 -0.0062573 134.746
1214636 12 0.01 0.9 32.9 0.164986 0.25592 2.88581 0.0140373 0.0234413 134.746
1215097 12 0.01 0.9 32.9 0.284312 0.480285 3.57095 0.0298551 0.0561137 134.746
1215572 12 0.01 0.9 32.9 -0.387327 0.260294 1.43485 -0.0164571 0.0121902 134.746
1216119 12 0.01 0.9 32.9 0.13061 -0.152541 2.42118 0.00860227 -0.012814 134.746
1222046 12 0.01 0.9 32.9 0.0995404 -0.311347 5.47691 0.0156021 -0.0518435 134.746
1225098 12 0.01 0.9 32.9 0.423785 -0.220823 1.27727 0.016599 -0.00719515 134.746
1229245 12 0.01 0.9 32.9 -0.264248 0.335231 3.68295 -0.0281741 0.0377777 134.746
1233723 12 0.01 0.9 32.9 -0.106437 0.0606441 0.66623 -0.00215026 0.00413264 134.746
1234048 12 0.01 0.9 32.9 0.274171 -0.406172 2.47964 0.0234555 -0.0309378 134.746
1234643 12 0.01 0.9 32.9 -0.463599 0.439112 4.82533 -0.0694349 0.0653806 134.746
1237701 12 0.01 0.9 32.9 0.276278 -0.123869 2.67457 0.0235355 -0.00660363 134.746
1237904 12 0.01 0.9 32.9 -0.189376 -0.258173 1.82702 -0.0120623 -0.0124722 134.746
1239132 12 0.01 0.9 32.9 0.24756 0.433421 2.46145 0.0165514 0.033101 134.746
1239478 12 0.01 0.9 32.9 0.397587 -0.450274 4.13692 0.0479352 -0.0559766 134.746
1240084 12 0.01 0.9 32.9 -0.157967 -0.244291 2.15654 -0.0108382 -0.0181268 134.746
1240706 12 0.01 0.9 32.9 -0.129309 0.139033 3.85929 -0.0150826 0.0170227 134.746
1245154 12 0.01 0.9 32.9 0.121379 -0.414606 0.942657 0.00477073 -0.0118082 134.746
1247699 12 0.01 0.9 32.9 0.000752995 0.256108 2.13906 0.000229408 0.0166037 134.746
1248858 12 0.01 0.9 32.9 -0.0782566 -0.492911 5.52716 -0.0154063 -0.0815886 134.746
1249545 12 0.01 0.9 32.9 -0.456535 0.303389 1.45525 -0.021875 0.0125506 134.746
1249936 12 0.01 0.9 32.9 0.347864 -0.0225866 2.34815 0.0247678 -0.00322882 134.746
1250243 12 0.01 0.9 32.9 0.382009 -0.348236 2.36707 0.0278824 -0.0249538 134.746
1251551 12 0.01 0.9 32.9 -0.102546 -0.484724 4.37614 -0.0132694 -0.0672551 134.746
1252154 12 0.01 0.9 32.9 -0.375833 0.286597 4.5989 -0.0557569 0.040995 134.746
1253934 12 0.01 0.9 32.9 -0.0595673 0.425524 2.91273 -0.00506239 0.0368756 134.746
1254594 12 0.01 0.9 32.9 -0.305992 0.470781 2.91854 -0.0272419 0.0421358 134.746
1255112 12 0.01 0.9 32.9 0.111999 0.368364 5.2065 0.0164309 0.0607625 134.746
1256213 12 0.01 0.9 32.9 -0.33446 -0.250189 1.91966 -0.018283 -0.0142799 134.746
1262389 12 0.01 0.9 32.9 -0.0104118 0.0753477 2.23053 3.02443e-05 0.00556961 134.746
1264658 12 0.01 0.9 32.9 -0.435893 0.332577 2.37197 -0.0317936 0.0229063 134.746
1265155 12 0.01 0.9 32.9 -0.115924 0.228376 3.53071 -0.0118666 0.0261912 134.746
1267371 12 0.01 0.9 32.9 -0.137125 0.109111 1.2445 -0.00877741 0.0053917 134.746
1268484 12 0.01 0.9 32.9 0.043837 0.055978 0.889422 0.00256225 -0.000382458 134.746
1268971 12 0.01 0.9 32.9 -0.0929797 0.37245 2.73545 -0.00626514 0.03257 134.746
1273869 12 0.01 0.9 32.9 0.0896207 0.488343 3.3488 0.00971031 0.0480661 134.746
1274762 12 0.01 0.9 32.9 -0.175451 -0.224664 1.6083 -0.00923292 -0.0106961 134.746
1277973 12 0.01 0.9 32.9 0.429402 0.247994 1.94127 0.0217619 0.0155294 134.746
1279658 12 0.01 0.9 32.9 -0.31712 -0.151411 4.69959 -0.0454728 -0.0221549 134.746
1280226 12 0.01 0.9 32.9 -0.123473 0.262083 1.7319 -0.0071469 0.0142327 134.746
1284351 12 0.01 0.9 32.9 -0.0146801 0.234392 5.23354 -0.00383196 0.0400456 134.746
1285055 12 0.01 0.9 32.9 -0.167311 -0.186312 1.86156 -0.0127314 -0.0109654 134.746
1286730 12 0.01 0.9 32.9 0.238263 0.186629 1.81884 0.0109224 0.0122017 134.746
1287927 12 0.01 0.9 32.9 0.288762 0.482502 3.86254 0.0329662 0.0569015 134.746
1291222 12 0.01 0.9 32.9 0.0208067 0.139408 3.16525 0.00340847 0.0165339 134.746
1294628 12 0.01 0.9 32.9 0.0167827 0.224953 5.10433 0.00150031 0.0350494 134.746
1295451 12 0.01 0.9 32.9 -0.306421 0.184175 0.902345 -0.00935055 0.0051877 134.746
1297240 12 0.01 0.9 32.9 -0.409538 -0.174957 2.32153 -0.0275806 -0.0100986 134.746
1297511 12 0.01 0.9 32.9 0.0059173 -0.412232 1.22919 -0.00159473 -0.0128404 134.746
1299267 12 0.01 0.9 32.9 0.471498 0.10379 0.623609 0.00554532 0.00444028 134.746
1299322 12 0.01 0.9 32.9 -0.153669 -0.318444 2.87711 -0.0148264 -0.0270144 134.746
1301345 12 0.01 0.9 32.9 0.255468 -0.398149 1.91673 0.0129504 -0.0229352 134.746
1303068 12 0.01 0.9 32.9 -0.108134 0.00707508 3.73464 -0.0106697 0.00296527 134.746
1306927 12 0.01 0.9 32.9 0.0944499 0.425533 1.82764 0.00359557 0.0242818 134.746
1308279 12 0.01 0.9 32.9 -0.0518128 -0.429479 3.31571 -0.005404 -0.0429052 134.746
1308880 12 0.01 0.9 32.9 0.201078 0.351248 1.87274 0.0137624 0.0200488 134.746
1309215 12 0.01 0.9 32.9 0.339222 0.459171 1.92449 0.0190731 0.0285518 134.746
1314744 12 0.01 0.9 32.9 0.323937 0.241546 2.29321 0.0205914 0.0162168 134.746
1318203 12 0.01 0.9 32.9 0.378032 0.352245 12.1442 0.139404 0.131301 134.746
1318224 12 0.01 0.9 32.9 0.410028 0.499616 2.96442 0.0368295 0.0445401 134.746
1318883 12 0.01 0.9 32.9 0.364378 -0.0572924 1.52432 0.0188613 -0.00330351 134.746
1320122 12 0.01 0.9 32.9 0.485784 -0.0475958 1.84644 0.028308 -0.000891971 134.746
1321510 12 0.01 0.9 32.9 -0.215383 -0.499613 1.76648 -0.0129147 -0.0259623 134.746
1323692 12 0.01 0.9 32.9 -0.32173 -0.295242 4.01243 -0.0404886 -0.0377505 134.746
1324291 12 0.01 0.9 32.9 0.22863 0.0046293 1.49191 0.00702074 -0.000483683 134.746
1324639 12 0.01 0.9 32.9 0.177715 -0.286362 4.12924 0.0217023 -0.0360113 134.746
1328816 12 0.01 0.9 32.9 0.142508 0.380681 1.97744 0.00761589 0.0229715 134.746
1329649 12 0.01 0.9 32.9 -0.100772 0.107336 3.99263 -0.0115677 0.0154432 134.746
1329756 12 0.01 0.9 32.9 0.436079 -0.434422 4.41 0.0582365 -0.0559792 134.746
1331268 12 0.01 0.9 32.9 0.116062 0.191632 2.3814 0.0104528 0.0156449 134.746
1338720 12 0.01 0.9 32.9 0.417341 -0.0518441 5.19391 0.0655189 -0.00610895 134.746
1340689 12 0.01 0.9 32.9 0.350238 -0.0572803 3.74999 0.0429114 -0.00426314 134.746
1342401 12 0.01 0.9 32.9 0.263143 0.0977168 3.56522 0.0292476 0.0113153 134.746
1342759 12 0.01 0.9 32.9 0.372969 -0.0816411 0.0997043 0.000951821 0.0116484 134.746
1343684 12 0.01 0.9 32.9 -0.379528 0.172465 1.14626 -0.0107444 0.00723567 134.746
1346406 12 0.01 0.9 32.9 -0.213137 0.0607463 4.34249 -0.0277022 0.00857095 134.746
1349903 12 0.01 0.9 32.9 -0.392421 -0.197033 2.2646 -0.026572 -0.0127604 134.746
1350459 12 0.01 0.9 32.9 0.358987 0.153576 1.39793 0.0145831 0.00806202 134.746
1352742 12 0.01 0.9 32.9 0.202279 0.279536 3.09168 0.0179695 0.0266927 134.746
1354380 12 0.01 0.9 32.9 -0.0219344 -0.0422155 2.88759 -0.00102037 -0.00244985 134.746
1356153 12 0.01 0.9 32.9 0.133595 -0.435801 2.74894 0.0121751 -0.0343567 134.746
1357746 12 0.01 0.9 32.9 -0.462808 0.278516 2.88874 -0.03847 0.023962 134.746
1358536 12 0.01 0.9 32.9 -0.257838 0.226082 4.02778 -0.0343975 0.0264221 134.746
1358760 12 0.01 0.9 32.9 -0.430596 -0.380163 0.633521 -0.00913814 -0.00161399 134.746
1359654 12 0.01 0.9 32.9 0.0152823 0.282167 8.71043 0.00639138 0.0750612 134.746
1360484 12 0.01 0.9 32.9 -0.276535 -0.292023 3.74598 -0.0322291 -0.0337495 134.746
1361066 12 0.01 0.9 32.9 -0.336651 0.453142 2.69244 -0.0269627 0.0378263 134.746
1361624 12 0.01 0.9 32.9 -0.0557468 0.309957 3.68931 -0.00594082 0.0360461 134.746
1361862 12 0.01 0.9 32.9 -0.310914 0.245266 1.45783 -0.0134122 0.0132806 134.746
1363933 12 0.01 0.9 32.9 -0.396095 0.262815 1.17725 -0.0168064 0.00911587 134.746
1365401 12 0.01 0.9 32.9 0.435564 -0.122604 1.06121 0.0113807 -0.00381202 134.746
1367989 12 0.01 0.9 32.9 -0.117004 -0.354392 4.08754 -0.0135514 -0.0427652 134.746
1368137 12 0.01 0.9 32.9 0.49939 -0.145371 0.750533 0.0112765 -0.0025095 134.746
1369263 12 0.01 0.9 32.9 -0.461844 0.13693 5.07765 -0.0713842 0.0189523 134.746
1370321 12 0.01 0.9 32.9 0.491425 -0.435624 4.6958 0.0693533 -0.0623814 134.746
1370639 12 0.01 0.9 32.9 0.129961 0.174843 1.95586 0.00934826 0.0131684 134.746
1371615 12 0.01 0.9 32.9 0.162807 -0.436903 1.76139 0.011955 -0.0232761 134.746
1372398 12 0.01 0.9 32.9 0.334837 -0.0844885 2.21453 0.0217379 -0.00359433 134.746
1381946 12 0.01 0.9 32.9 -0.330833 -0.394895 1.9609 -0.0231236 -0.0224807 134.746
1382708 12 0.01 0.9 32.9 -0.142706 0.30647 2.80659 -0.0139273 0.0270514 134.746
1385390 12 0.01 0.9 32.9 -0.216187 -0.253292 3.00562 -0.0206296 -0.020738 134.746
1386803 12 0.01 0.9 32.9 -0.00387037 0.477978 2.22945 0.00114678 0.0332658 134.746
1395642 12 0.01 0.9 32.9 -0.0540134 0.00449098 3.73503 -0.00553029 -0.000575498 134.746
1397597 12 0.01 0.9 32.9 0.111916 0.164883 1.30182 0.00499677 0.00506662 134.746
1398853 12 0.01 0.9 32.9 -0.266524 -0.311173 1.67038 -0.0140211 -0.0147315 134.746
1401362 12 0.01 0.9 32.9 0.0279367 -0.044942 5.97321 0.00637377 -0.00453088 134.746
1404067 12 0.01 0.9 32.9 0.0731975 -0.299509 3.08264 0.00707158 -0.0260775 134.746
1404235 12 0.01 0.9 32.9 -0.0100687 -0.201372 4.93128 -0.00276438 -0.0280318 134.746
1404267 12 0.01 0.9 32.9 -0.223203 -0.413808 5.76555 -0.0382747 -0.073055 134.746
1406294 12 0.01 0.9 32.9 0.354041 0.285889 2.19661 0.0245637 0.0204504 134.746
1407938 12 0.01 0.9 32.9 -0.0646979 -0.437622 0.904543 -0.00201235 -0.0124131 134.746
1408126 12 0.01 0.9 32.9 -0.0588826 0.290798 4.29749 -0.0083063 0.0386196 134.746
1410429 12 0.01 0.9 32.9 0.476428 -0.0280015 2.95099 0.0419032 -0.00350171 134.746
1410443 12 0.01 0.9 32.9 0.12242 -0.438538 4.68245 0.0159128 -0.0618232 134.746
1412390 12 0.01 0.9 32.9 -0.0661728 -0.220424 2.01685 -0.00696441 -0.0143547 134.746
1412906 12 0.01 0.9 32.9 -0.190066 -0.0220525 1.49977 -0.012293 -0.00157182 134.746
1414118 12 0.01 0.9 32.9 0.262118 -0.111834 3.07326 0.0241064 -0.0108299 134.746
1414446 12 0.01 0.9 32.9 0.490563 0.312304 0.912291 0.0131616 0.0101954 134.746
1417867 12 0.01 0.9 32.9 -0.465965 -0.0722494 4.23959 -0.0611492 -0.00831627 134.746
1418669 12 0.01 0.9 32.9 0.0948281 0.299837 2.06173 0.00547259 0.0184 134.746
1420036 12 0.01 0.9 32.9 0.368134 0.343496 2.53377 0.0263809 0.0276954 134.746
1420341 12 0.01 0.9 32.9 0.0244249 -0.429141 0.951732 -0.00103552 -0.0107099 134.746
1420534 12 0.01 0.9 32.9 0.137664 0.313472 6.23836 0.0271435 0.0604935 134.746
1421443 12 0.01 0.9 32.9 0.184294 -0.0730534 1.04786 0.00619992 -0.00235085 134.746
1422090 12 0.01 0.9 32.9 -0.0892509 0.292745 1.798 -0.00414125 0.0132734 134.746
1423558 12 0.01 0.9 32.9 -0.369231 -0.169387 1.91726 -0.0248786 -0.00967982 134.746
1423678 12 0.01 0.9 32.9 0.0789615 0.49526 1.56924 0.00438099 0.0257241 134.746
1424173 12 0.01 0.9 32.9 -0.30487 -0.146736 1.92318 -0.017419 -0.00880969 134.746
1429447 12 0.01 0.9 32.9 -0.154244 0.0356171 4.82633 -0.0221497 0.0056198 134.746
1431189 12 0.01 0.9 32.9 -0.263535 -0.127471 1.62082 -0.0121905 -0.00605961 134.746
1431841 12 0.01 0.9 32.9 0.132489 -0.279016 1.6749 0.00786867 -0.0133187 134.746
1433290 12 0.01 0.9 32.9 0.399282 -0.226385 1.80667 0.022081 -0.0145365 134.746
1433728 12 0.01 0.9 32.9 -0.0317236 0.163218 2.40692 -0.00182564 0.0137925 134.746
1434651 12 0.01 0.9 32.9 0.020048 -0.329331 1.10934 0.000173572 -0.00991223 134.746
1434668 12 0.01 0.9 32.9 -0.441964 -0.0291505 5.4756 -0.0744888 -0.00373993 134.746
1435109 12 0.01 0.9 32.9 0.401336 -0.486845 2.9568 0.03667 -0.041466 134.746
1436197 12 0.01 0.9 32.9 0.371653 0.153361 3.52152 0.0387395 0.0170741 134.746
1440654 12 0.01 0.9 32.9 0.136216 0.462493 1.14009 0.00391195 0.0172747 134.746
1440950 12 0.01 0.9 32.9 0.392386 0.25441 3.84433 0.0462133 0.0288507 134.746
1441821 12 0.01 0.9 32.9 -0.026313 0.215115 1.81208 -0.000957902 0.0124158 134.746
1445110 12 0.01 0.9 32.9 0.456297 0.474043 1.85277 0.023669 0.027105 134.746
1445577 12 0.01 0.9 32.9 -0.165278 -0.124272 0.878618 -0.00604486 -0.00656044 134.746
1446382 12 0.01 0.9 32.9 -0.488209 -0.0578018 3.60025 -0.052756 -0.00521642 134.746
1446465 12 0.01 0.9 32.9 0.272113 -0.289206 1.9656 0.0168383 -0.0165286 134.746
1447093 12 0.01 0.9 32.9 -0.271162 0.409313 2.26422 -0.0175587 0.0283214 134.746
1447550 12 0.01 0.9 32.9 -0.268359 -0.0318228 1.89226 -0.0163371 -0.00185266 134.746
1456951 12 0.01 0.9 32.9 0.380384 -0.155082 2.14434 0.02505 -0.010538 134.746
1459423 12 0.01 0.9 32.9 -0.128991 0.296804 3.94178 -0.0167247 0.0361066 134.746
1461492 12 0.01 0.9 32.9 0.0861564 0.141138 1.86557 0.00383082 0.00977559 134.746
1462589 12 0.01 0.9 32.9 -0.112122 -0.364526 3.87899 -0.0110068 -0.0421907 134.746
1465107 12 0.01 0.9 32.9 0.180086 -0.388851 1.09603 0.0079799 -0.0117916 134.746
1465547 12 0.01 0.9 32.9 -0.412684 0.288069 2.21019 -0.0271536 0.0188521 134.746
1467353 12 0.01 0.9 32.9 0.223639 0.328178 2.71807 0.0162092 0.0276548 134.746
1469680 12 0.01 0.9 32.9 0.0154938 0.443172 2.83203 0.00199581 0.0378347 134.746
1474460 12 0.01 0.9 32.9 -0.0243927 -0.235755 0.732718 -0.00128855 -0.00412844 134.746
1475314 12 0.01 0.9 32.9 0.433424 0.297852 2.08607 0.0282666 0.0189246 134.746
1476924 12 0.01 0.9 32.9 0.352275 0.187576 1.27527 0.0102167 0.00605627 134.746
1480721 12 0.01 0.9 32.9 0.426354 -0.245232 3.05086 0.038816 -0.0244703 134.746
1483717 12 0.01 0.9 32.9 -0.0510394 -0.455405 0.600858 -0.00102235 -0.00593691 134.746
1487503 12 0.01 0.9 32.9 -0.173949 -0.0794934 1.63361 -0.00874361 -0.00429538 134.746
1489133 12 0.01 0.9 32.9 -0.109007 0.401355 4.32848 -0.0153114 0.0531867 134.746
1493483 12 0.01 0.9 32.9 0.256262 0.222879 2.22689 0.0183745 0.0157039 134.746
1493980 12 0.01 0.9 32.9 0.224674 -0.124084 2.22235 0.0163047 -0.00624422 134.746
1494001 12 0.01 0.9 32.9 -0.149974 0.248041 1.00012 -0.00127772 0.00940883 134.746
1496895 12 0.01 0.9 32.9 -0.239758 0.454246 0.850564 -0.00645509 0.00969418 134.746
1498144 12 0.01 0.9 32.9 -0.256716 0.27258 7.66745 -0.0601714 0.0641439 134.746
1499053 12 0.01 0.9 32.9 -0.439102 -0.0225017 1.87038 -0.0218735 -0.00117554 134.746
501290 12 0.01 0.9 32.9 -0.410477 0.248247 0.462927 -0.00484293 0.00785136 134.983
503566 12 0.01 0.9 32.9 -0.059002 0.242932 2.63424 -0.00555493 0.0218597 134.983
504585 12 0.01 0.9 32.9 0.139589 0.47805 6.68889 0.0283809 0.0986841 134.983
505534 12 0.01 0.9 32.9 -0.115003 -0.0681785 1.6351 -0.0075699 -0.00219745 134.983
507284 12 0.01 0.9 32.9 -0.421169 -0.244973 8.97834 -0.117247 -0.0668781 134.983
509258 12 0.01 0.9 32.9 0.267248 -0.251215 4.46225 0.0359326 -0.0320417 134.983
509385 12 0.01 0.9 32.9 -0.17873 0.198849 0.986758 -0.0032933 0.00389371 134.983
510435 12 0.01 0.9 32.9 -0.190312 0.270271 5.74691 -0.0347809 0.0492361 134.983
511899 12 0.01 0.9 32.9 -0.137007 0.0947218 3.25577 -0.0146663 0.0101249 134.983
513330 12 0.01 0.9 32.9 0.168458 0.215726 1.24782 0.00647511 0.00724393 134.983
514911 12 0.01 0.9 32.9 0.140829 0.192098 3.07464 0.0159884 0.0185679 134.983
515175 12 0.01 0.9 32.9 0.071874 -0.0230145 4.72414 0.0127342 -0.00278331 134.983
515180 12 0.01 0.9 32.9 0.27878 -0.47585 2.09477 0.0187726 -0.029015 134.983
515642 12 0.01 0.9 32.9 -0.422497 0.000936327 1.81545 -0.0230294 0.00091977 134.983
516335 12 0.01 0.9 32.9 -0.0221516 0.25491 1.74566 -0.00119018 0.0136016 134.983
516573 12 0.01 0.9 32.9 -0.206336 -0.418491 1.52999 -0.0102511 -0.0199039 134.983
517252 12 0.01 0.9 32.9 0.211542 -0.168365 3.21323 0.0203472 -0.0142195 134.983
517622 12 0.01 0.9 32.9 0.0948741 0.132493 5.91735 0.0161661 0.0273044 134.983
519378 12 0.01 0.9 32.9 0.0841722 0.404875 2.82049 0.00685201 0.0354193 134.983
521513 12 0.01 0.9 32.9 -0.242391 -0.117797 0.532297 -0.00630419 -0.00159625 134.983
522429 12 0.01 0.9 32.9 0.398116 0.229824 3.08098 0.0358582 0.0223414 134.983
522504 12 0.01 0.9 32.9 0.239773 0.245299 1.84319 0.0147789 0.0139292 134.983
523699 12 0.01 0.9 32.9 -0.464593 0.273296 1.06155 -0.0165648 0.00948601 134.983
524666 12 0.01 0.9 32.9 0.0449186 0.0499647 3.36392 0.00319989 0.00450315 134.983
534475 12 0.01 0.9 32.9 0.468776 0.383231 4.74214 0.0655236 0.0576629 134.983
534550 12 0.01 0.9 32.9 -0.0897841 0.473073 2.49105 -0.00633401 0.0359215 134.983
535228 12 0.01 0.9 32.9 -0.111364 0.35677 4.16745 -0.0131461 0.0469175 134.983
537914 12 0.01 0.9 32.9 -0.353389 -0.43893 4.01254 -0.043151 -0.0513231 134.983
538370 12 0.01 0.9 32.9 0.0731178 -0.087836 1.88031 0.00450585 -0.0047597 134.983
539315 12 0.01 0.9 32.9 0.464195 -0.0287689 2.14922 0.0294484 0.00160894 134.983
542066 12 0.01 0.9 32.9 0.329896 -0.0525886 1.28959 0.0122979 0.000286435 134.983
543179 12 0.01 0.9 32.9 -0.497607 -0.410964 2.64574 -0.0382428 -0.0317081 134.983
549504 12 0.01 0.9 32.9 -0.0310797 0.272618 1.49911 0.000232299 0.0110013 134.983
550061 12 0.01 0.9 32.9 0.334181 -0.307297 3.73388 0.0370356 -0.031527 134.983
552632 12 0.01 0.9 32.9 -0.336809 -0.0871004 1.61782 -0.0172113 -0.00139593 134.983
554551 12 0.01 0.9 32.9 0.155231 0.242763 4.24545 0.0196444 0.0306903 134.983
555792 12 0.01 0.9 32.9 -6.57014e-05 -0.357847 2.91025 0.000108486 -0.0281003 134.983
557365 12 0.01 0.9 32.9 -0.0796545 0.490629 2.03704 -0.00574651 0.0310412 134.983
558256 12 0.01 0.9 32.9 0.431974 -0.0387278 1.58908 0.0220108 0.00095585 134.983
561689 12 0.01 0.9 32.9 -0.164647 -0.430846 2.16755 -0.0107575 -0.0288753 134.983
567498 12 0.01 0.9 32.9 0.166019 -0.0990817 0.951168 0.00657253 -0.00299874 134.983
567957 12 0.01 0.9 32.9 0.257897 0.371899 2.14938 0.017231 0.0262148 134.983
568377 12 0.01 0.9 32.9 -0.289736 -0.157784 1.10823 -0.0137829 -0.00219325 134.983
571255 12 0.01 0.9 32.9 0.0834823 0.138376 1.56725 0.00430796 0.00624538 134.983
572758 12 0.01 0.9 32.9 -0.258038 0.0539504 0.574033 -0.00270681 0.000344918 134.983
574651 12 0.01 0.9 32.9 0.155254 -0.203335 5.4382 0.0267554 -0.0327566 134.983
578465 12 0.01 0.9 32.9 0.469269 -0.379667 4.91974 0.0718254 -0.0568279 134.983
581047 12 0.01 0.9 32.9 0.260299 -0.299289 4.29315 0.0341721 -0.036765 134.983
583856 12 0.01 0.9 32.9 -0.199465 0.0507888 3.88607 -0.0232358 0.00562531 134.983
587394 12 0.01 0.9 32.9 0.494339 -0.356711 4.55177 0.0676855 -0.0466668 134.983
589725 12 0.01 0.9 32.9 -0.00346248 -0.161552 3.97381 -0.00139545 -0.0169305 134.983
593242 12 0.01 0.9 32.9 0.362563 0.487347 5.53662 0.0593795 0.0838176 134.983
597872 12 0.01 0.9 32.9 -0.173603 0.363278 3.72875 -0.0209872 0.0390807 134.983
603715 12 0.01 0.9 32.9 0.493881 -0.33308 1.11273 0.0170424 -0.0119564 134.983
605415 12 0.01 0.9 32.9 -0.44945 0.197647 4.03991 -0.0552112 0.0255968 134.983
606315 12 0.01 0.9 32.9 -0.0298251 -0.12941 5.29115 -0.00481138 -0.018702 134.983
607186 12 0.01 0.9 32.9 -0.328639 0.169936 1.81676 -0.0209261 0.00852879 134.983
607961 12 0.01 0.9 32.9 -0.261781 -0.290422 3.87123 -0.0304804 -0.0336758 134.983
608865 12 0.01 0.9 32.9 0.207106 -0.062255 5.39955 0.0338891 -0.00796854 134.983
609984 12 0.01 0.9 32.9 -0.34976 0.484148 1.60508 -0.0172238 0.0238022 134.983
613547 12 0.01 0.9 32.9 0.438021 -0.204168 2.64964 0.0372039 -0.0144042 134.983
615466 12 0.01 0.9 32.9 0.11272 -0.154429 0.688231 0.0056422 -0.000590417 134.983
619033 12 0.01 0.9 32.9 0.456945 -0.0167199 2.29136 0.0312465 -0.00222162 134.983
619597 12 0.01 0.9 32.9 0.361774 -0.038548 1.8038 0.0191012 -0.00329138 134.983
620430 12 0.01 0.9 32.9 0.395473 0.155056 1.18396 0.013049 0.00473737 134.983
622634 12 0.01 0.9 32.9 0.349997 0.409162 1.04734 0.0127162 0.0122726 134.983
625692 12 0.01 0.9 32.9 -0.0334515 -0.094307 1.1408 0.00113261 -0.00456112 134.983
626654 12 0.01 0.9 32.9 0.237656 -0.235541 8.39505 0.062098 -0.0596796 134.983
630374 12 0.01 0.9 32.9 -0.416011 -0.133298 2.73915 -0.03473 -0.0119699 134.983
632228 12 0.01 0.9 32.9 0.378738 0.12467 0.370392 0.00506612 -0.000824902 134.983
633635 12 0.01 0.9 32.9 -0.424375 0.238019 3.22174 -0.042523 0.0229639 134.983
634512 12 0.01 0.9 32.9 0.493191 0.116832 2.75218 0.0417882 0.00774992 134.983
635378 12 0.01 0.9 32.9 -0.366633 -0.146635 1.52455 -0.0192351 -0.00416977 134.983
636250 12 0.01 0.9 32.9 -0.0264373 0.351449 1.98457 -0.00141872 0.0216639 134.983
638090 12 0.01 0.9 32.9 -0.397366 0.35849 6.36867 -0.0773685 0.072814 134.983
638259 12 0.01 0.9 32.9 0.191803 0.157394 1.2166 0.00515058 0.00717579 134.983
639754 12 0.01 0.9 32.9 0.34244 0.417282 4.58789 0.0449965 0.0586612 134.983
643007 12 0.01 0.9 32.9 0.241917 -0.274163 1.90115 0.0112493 -0.0130313 134.983
643263 12 0.01 0.9 32.9 -0.42522 0.426887 3.14048 -0.0416308 0.0426254 134.983
647102 12 0.01 0.9 32.9 0.281175 -0.117317 3.35582 0.0266587 -0.00932063 134.983
649949 12 0.01 0.9 32.9 0.0399509 0.224391 0.547236 0.00142312 0.00645934 134.983
651242 12 0.01 0.9 32.9 0.208019 0.142309 1.78213 0.0103134 0.00725063 134.983
652494 12 0.01 0.9 32.9 0.129019 0.481548 1.96244 0.00579208 0.0280331 134.983
653536 12 0.01 0.9 32.9 -0.26767 0.143288 2.49094 -0.0201427 0.0089711 134.983
655427 12 0.01 0.9 32.9 0.0260003 -0.363195 1.82933 -0.00147267 -0.0191185 134.983
657133 12 0.01 0.9 32.9 -0.124811 -0.0157736 1.89716 -0.00792841 0.00209476 134.983
658311 12 0.01 0.9 32.9 -0.306708 -0.0069991 2.84606 -0.0283571 0.0030761 134.983
660249 12 0.01 0.9 32.9 -0.225719 0.461866 1.95505 -0.00940022 0.0285796 134.983
661958 12 0.01 0.9 32.9 0.437596 -0.437229 0.85038 0.0145239 -0.0118927 134.983
663538 12 0.01 0.9 32.9 -0.1295 -0.29869 1.95302 -0.00859413 -0.0169869 134.983
665837 12 0.01 0.9 32.9 -0.464575 -0.26768 1.93358 -0.0301294 -0.0147255 134.983
665891 12 0.01 0.9 32.9 -0.206933 0.28657 0.84468 -0.00454441 0.00651806 134.983
666564 12 0.01 0.9 32.9 0.380433 -0.0470693 5.88628 0.0686209 -0.0106178 134.983
667387 12 0.01 0.9 32.9 -0.0457208 0.000532859 1.98219 -0.00434508 0.000593687 134.983
667388 12 0.01 0.9 32.9 0.376772 0.317356 3.25948 0.0367231 0.0333536 134.983
669485 12 0.01 0.9 32.9 0.382914 0.0673691 1.91407 0.0235326 0.00472865 134.983
672771 12 0.01 0.9 32.9 0.454602 0.0643657 0.694217 0.0110012 0.00123822 134.983
675683 12 0.01 0.9 32.9 0.0824498 -0.00120561 0.556846 0.00253989 -0.00450464 134.983
675992 12 0.01 0.9 32.9 0.462024 0.346326 0.655789 0.0096123 0.00772206 134.983
676334 12 0.01 0.9 32.9 -0.213818 -0.308065 1.77305 -0.0120198 -0.0182964 134.983
680212 12 0.01 0.9 32.9 -0.0676782 -0.333822 2.46939 -0.00626057 -0.0249601 134.983
681823 12 0.01 0.9 32.9 0.369875 0.27854 2.00994 0.0209496 0.0183351 134.983
688472 12 0.01 0.9 32.9 0.348882 -0.448804 1.36083 0.0159847 -0.0164971 134.983
689258 12 0.01 0.9 32.9 0.365211 0.41194 0.789771 0.00688255 0.0114162 134.983
691725 12 0.01 0.9 32.9 0.164293 0.270828 1.70691 0.0115701 0.0142515 134.983
692478 12 0.01 0.9 32.9 -0.34431 -0.328242 3.85183 -0.0395707 -0.0391077 134.983
692530 12 0.01 0.9 32.9 -0.256945 -0.352784 1.36621 -0.0104793 -0.0145316 134.983
694262 12 0.01 0.9 32.9 0.302621 -0.374378 6.37548 0.0587245 -0.0718942 134.983
695382 12 0.01 0.9 32.9 0.333261 -0.432195 1.35542 0.0133281 -0.0194335 134.983
698026 12 0.01 0.9 32.9 0.231079 -0.22886 3.16241 0.0230856 -0.0222045 134.983
700947 12 0.01 0.9 32.9 0.255722 0.491987 1.50117 0.0106924 0.0255405 134.983
701240 12 0.01 0.9 32.9 -0.37552 -0.438895 3.30367 -0.038482 -0.0449935 134.983
704875 12 0.01 0.9 32.9 0.100543 -0.384782 2.67139 0.0100454 -0.0281478 134.983
706733 12 0.01 0.9 32.9 0.269335 -0.152243 5.14736 0.0424507 -0.0255694 134.983
708374 12 0.01 0.9 32.9 0.116635 -0.358252 2.46899 0.00743907 -0.0274261 134.983
708723 12 0.01 0.9 32.9 0.401313 -0.0876994 2.91612 0.0376659 -0.00872556 134.983
711079 12 0.01 0.9 32.9 0.496711 -0.190291 2.45858 0.0357931 -0.0159275 134.983
711895 12 0.01 0.9 32.9 -0.364924 0.116962 2.07165 -0.0236616 0.00792852 134.983
713707 12 0.01 0.9 32.9 0.167394 -0.499722 5.84772 0.0301932 -0.0861446 134.983
714249 12 0.01 0.9 32.9 0.21532 -0.0233181 2.74125 0.0178949 0.00032608 134.983
716237 12 0.01 0.9 32.9 -0.415786 0.0594113 1.14971 -0.0133638 -0.000109175 134.983
717552 12 0.01 0.9 32.9 -0.0657932 -0.385039 0.920223 -0.00105753 -0.00925346 134.983
719458 12 0.01 0.9 32.9 0.245552 0.0251911 3.18252 0.0215413 0.00228699 134.983
724070 12 0.01 0.9 32.9 0.37093 -0.454093 13.0448 0.144245 -0.179416 134.983
727630 12 0.01 0.9 32.9 0.256552 -0.222039 4.8059 0.0372257 -0.034703 134.983
729467 12 0.01 0.9 32.9 -0.306749 -0.1696 5.17402 -0.047226 -0.0266844 134.983
731823 12 0.01 0.9 32.9 0.296261 -0.355862 3.6523 0.0346957 -0.0376658 134.983
734973 12 0.01 0.9 32.9 -0.117875 0.340452 2.91044 -0.0106648 0.0316427 134.983
735103 12 0.01 0.9 32.9 -0.169216 0.0409307 1.71866 -0.00932656 0.00341981 134.983
737455 12 0.01 0.9 32.9 0.313155 0.21917 1.96911 0.0205155 0.0143135 134.983
738544 12 0.01 0.9 32.9 -0.0314287 0.272756 3.08879 -0.00522811 0.0279638 134.983
739116 12 0.01 0.9 32.9 -0.48352 -0.421904 1.66328 -0.0249071 -0.0197316 134.983
740256 12 0.01 0.9 32.9 -0.366377 0.162093 2.34134 -0.0267111 0.0110715 134.983
742868 12 0.01 0.9 32.9 0.492472 0.455339 1.91774 0.0275929 0.02576 134.983
745146 12 0.01 0.9 32.9 0.148292 -0.132098 6.20544 0.0272239 -0.0235217 134.983
746917 12 0.01 0.9 32.9 0.0583484 0.148763 2.29932 0.00366942 0.0104943 134.983
747734 12 0.01 0.9 32.9 -0.463307 -0.244669 0.855054 -0.0165466 -0.00719105 134.983
748242 12 0.01 0.9 32.9 0.32524 0.401365 1.64607 0.0186954 0.021165 134.983
748303 12 0.01 0.9 32.9 -0.267176 -0.22238 2.7176 -0.0192885 -0.0179747 134.983
750154 12 0.01 0.9 32.9 0.446483 -0.394583 1.19184 0.0174522 -0.0160014 134.983
752343 12 0.01 0.9 32.9 -0.40122 -0.431297 1.91917 -0.021564 -0.0274034 134.983
752517 12 0.01 0.9 32.9 0.0506071 0.157917 2.75432 0.00317102 0.0119021 134.983
755653 12 0.01 0.9 32.9 -0.143368 0.4135 1.09351 -0.00478383 0.0181033 134.983
757642 12 0.01 0.9 32.9 -0.213336 -0.295605 2.78743 -0.0189744 -0.0244641 134.983
757895 12 0.01 0.9 32.9 0.0317122 -0.491336 1.98479 0.00176929 -0.0278463 134.983
759487 12 0.01 0.9 32.9 0.299674 0.355831 2.86173 0.0258659 0.0320065 134.983
761906 12 0.01 0.9 32.9 -0.479432 0.106083 2.64879 -0.0391126 0.0106873 134.983
762093 12 0.01 0.9 32.9 -0.0694819 0.354092 0.625047 -0.000594434 0.00967062 134.983
763440 12 0.01 0.9 32.9 -0.12605 0.199955 0.628156 -0.00355662 0.00404552 134.983
764020 12 0.01 0.9 32.9 -0.243065 -0.0723751 0.924997 -0.00712902 -0.00354837 134.983
764208 12 0.01 0.9 32.9 -0.255847 0.170543 6.80156 -0.0532573 0.0372969 134.983
767418 12 0.01 0.9 32.9 -0.0817614 0.465849 2.84591 -0.00594068 0.0413054 134.983
775053 12 0.01 0.9 32.9 -0.338953 0.36682 1.61746 -0.0152182 0.0174704 134.983
775374 12 0.01 0.9 32.9 0.459582 -0.299327 1.83208 0.025964 -0.0131854 134.983
780336 12 0.01 0.9 32.9 -0.356438 0.41919 1.66463 -0.0175364 0.0227687 134.983
785278 12 0.01 0.9 32.9 -0.0372302 -0.075416 1.9882 -0.00129258 -0.00217092 134.983
785942 12 0.01 0.9 32.9 -0.293613 0.010864 1.27694 -0.0104322 0.0014842 134.983
787619 12 0.01 0.9 32.9 0.132235 -0.482933 5.65729 0.0229935 -0.0825314 134.983
793010 12 0.01 0.9 32.9 -0.238569 -0.0969866 3.38493 -0.0254579 -0.0094931 134.983
794844 12 0.01 0.9 32.9 0.313907 -0.191757 0.727105 0.00570201 -0.00143437 134.983
798077 12 0.01 0.9 32.9 -0.146149 -0.186122 2.53631 -0.0128706 -0.0128787 134.983
803417 12 0.01 0.9 32.9 0.37508 0.180274 2.20706 0.0270938 0.0133762 134.983
806824 12 0.01 0.9 32.9 0.158411 0.068025 4.0332 0.0205357 0.00896543 134.983
808415 12 0.01 0.9 32.9 -0.0199816 0.229809 2.22848 -0.00243739 0.0129028 134.983
810162 12 0.01 0.9 32.9 -0.472528 -0.00384767 6.24037 -0.0899419 -0.000234202 134.983
813153 12 0.01 0.9 32.9 0.497358 0.0421707 3.00767 0.0437844 0.00253393 134.983
813339 12 0.01 0.9 32.9 -0.472382 0.36864 3.17179 -0.0435601 0.0340292 134.983
815518 12 0.01 0.9 32.9 0.316958 -0.222014 1.87245 0.0184969 -0.0134355 134.983
821199 12 0.01 0.9 32.9 -0.319015 -0.350551 4.06058 -0.0396502 -0.0430366 134.983
821980 12 0.01 0.9 32.9 0.111692 0.192216 2.59354 0.00598762 0.0168576 134.983
822443 12 0.01 0.9 32.9 0.487847 0.406983 2.87376 0.0421708 0.0348227 134.983
822720 12 0.01 0.9 32.9 -0.11394 0.432878 5.74947 -0.0227887 0.0746232 134.983
826804 12 0.01 0.9 32.9 0.00105143 -0.485634 3.71728 0.00125136 -0.0530793 134.983
827829 12 0.01 0.9 32.9 0.152813 0.0907395 3.87878 0.0192027 0.0120428 134.983
827889 12 0.01 0.9 32.9 0.278669 0.482565 3.4877 0.0282718 0.0528709 134.983
828457 12 0.01 0.9 32.9 0.253766 -0.176156 3.14673 0.025239 -0.016058 134.983
828482 12 0.01 0.9 32.9 -0.389338 -0.123797 1.86544 -0.0238065 -0.00816631 134.983
833526 12 0.01 0.9 32.9 0.18918 -0.153581 3.01231 0.0169594 -0.0112455 134.983
833769 12 0.01 0.9 32.9 -0.274118 -0.42551 1.3856 -0.0133528 -0.0206208 134.983
836501 12 0.01 0.9 32.9 -0.313654 0.443628 5.29547 -0.0496844 0.0711259 134.983
840068 12 0.01 0.9 32.9 -0.326938 0.213127 1.78497 -0.0175888 0.0131293 134.983
841048 12 0.01 0.9 32.9 0.15593 0.413914 1.01147 0.00486986 0.013948 134.983
845449 12 0.01 0.9 32.9 -0.278033 0.287394 3.1323 -0.0268152 0.0297757 134.983
848597 12 0.01 0.9 32.9 -0.346266 0.428357 1.49057 -0.0146048 0.0209226 134.983
849221 12 0.01 0.9 32.9 -0.231972 -0.134611 4.13169 -0.0273206 -0.015493 134.983
849245 12 0.01 0.9 32.9 0.0725732 0.079382 2.68805 0.00537195 0.0066075 134.983
851855 12 0.01 0.9 32.9 -0.387176 0.10429 3.14257 -0.0364987 0.0103137 134.983
852881 12 0.01 0.9 32.9 -0.138531 -0.328795 2.68382 -0.0130748 -0.0267624 134.983
857554 12 0.01 0.9 32.9 -0.265236 0.438552 2.53172 -0.0216157 0.0331905 134.983
857670 12 0.01 0.9 32.9 0.10196 0.337215 5.15439 0.016542 0.0549141 134.983
858009 12 0.01 0.9 32.9 0.478269 -0.343724 2.62807 0.0380832 -0.0278408 134.983
858664 12 0.01 0.9 32.9 0.258111 -0.351107 3.19214 0.0248544 -0.0345148 134.983
860215 12 0.01 0.9 32.9 -0.152672 -0.0635786 3.83987 -0.0163159 -0.00818301 134.983
864155 12 0.01 0.9 32.9 -0.348185 -0.448643 2.85852 -0.0295666 -0.0395372 134.983
865767 12 0.01 0.9 32.9 0.190955 -0.268348 13.7298 0.0798828 -0.111138 134.983
867896 12 0.01 0.9 32.9 0.352375 -0.36501 4.85994 0.0519359 -0.0540998 134.983
870094 12 0.01 0.9 32.9 -0.240648 -0.487074 2.76575 -0.0184147 -0.041047 134.983
871845 12 0.01 0.9 32.9 -0.234313 0.0242823 1.56849 -0.0133852 -0.000568693 134.983
872837 12 0.01 0.9 32.9 0.446881 -0.134412 2.22038 0.0300752 -0.00744651 134.983
874590 12 0.01 0.9 32.9 0.462242 0.201196 2.40505 0.034993 0.0150907 134.983
877863 12 0.01 0.9 32.9 -0.43938 -0.22702 2.30624 -0.0287736 -0.0152929 134.983
878558 12 0.01 0.9 32.9 0.190193 -0.414199 1.66473 0.00739733 -0.0182384 134.983
880606 12 0.01 0.9 32.9 -0.215382 0.00166771 2.26568 -0.0149016 0.000132671 134.983
883754 12 0.01 0.9 32.9 0.135397 -0.434362 3.86543 0.0169346 -0.0505895 134.983
884068 12 0.01 0.9 32.9 -0.297012 0.41315 1.98863 -0.0168468 0.0256836 134.983
885700 12 0.01 0.9 32.9 0.0796808 -0.199213 5.49888 0.0143794 -0.032439 134.983
885842 12 0.01 0.9 32.9 -0.28072 -0.441138 1.58877 -0.0142633 -0.0205061 134.983
886677 12 0.01 0.9 32.9 0.417247 -0.395252 2.64804 0.0327694 -0.0303629 134.983
896696 12 0.01 0.9 32.9 -0.197299 0.182454 2.38683 -0.0135905 0.0142976 134.983
902056 12 0.01 0.9 32.9 0.433405 0.449248 2.13689 0.0283904 0.0303101 134.983
904449 12 0.01 0.9 32.9 0.38601 -0.399377 2.25345 0.0264701 -0.0275093 134.983
907948 12 0.01 0.9 32.9 0.0946167 0.0483855 0.741397 0.00349872 0.00165964 134.983
908488 12 0.01 0.9 32.9 0.354295 0.102605 0.704957 0.0108783 0.00115669 134.983
909590 12 0.01 0.9 32.9 0.342572 -0.0376111 3.34517 0.0370673 -0.00428344 134.983
911068 12 0.01 0.9 32.9 0.0775526 -0.392022 0.724713 0.00438454 -0.00592277 134.983
912865 12 0.01 0.9 32.9 -0.0557447 -0.0613413 1.70432 -0.00298888 -0.00326881 134.983
912870 12 0.01 0.9 32.9 0.091746 -0.0267682 3.88686 0.00833469 -0.00417954 134.983
915312 12 0.01 0.9 32.9 -0.248396 -0.241198 3.17152 -0.0252707 -0.0193523 134.983
915331 12 0.01 0.9 32.9 -0.348256 0.244759 3.03356 -0.0362767 0.0210264 134.983
917785 12 0.01 0.9 32.9 -0.467918 -0.386568 0.990755 -0.0137682 -0.0123722 134.983
918245 12 0.01 0.9 32.9 -0.113573 0.114028 3.85216 -0.0131179 0.0134534 134.983
919290 12 0.01 0.9 32.9 0.230754 -0.237181 6.78531 0.0474266 -0.046104 134.983
921184 12 0.01 0.9 32.9 0.271152 -0.385377 0.617051 0.00520255 -0.00616637 134.983
921257 12 0.01 0.9 32.9 -0.041753 0.430387 2.69119 -0.00152653 0.0366482 134.983
922665 12 0.01 0.9 32.9 0.156336 0.0696851 3.02617 0.0138224 0.00761799 134.983
923997 12 0.01 0.9 32.9 -0.428512 -0.474217 1.01632 -0.0142172 -0.0134192 134.983
924878 12 0.01 0.9 32.9 0.359075 -0.224401 1.77986 0.0178454 -0.0128734 134.983
926837 12 0.01 0.9 32.9 -0.311376 0.438345 2.40965 -0.0239267 0.0333037 134.983
927051 12 0.01 0.9 32.9 0.390367 -0.378683 0.784388 0.00861856 -0.0100822 134.983
927160 12 0.01 0.9 32.9 0.410571 0.317495 1.55255 0.0193782 0.0174464 134.983
927933 12 0.01 0.9 32.9 -0.33771 0.413529 0.954661 -0.0105336 0.0140402 134.983
929658 12 0.01 0.9 32.9 -0.322876 -0.102256 3.52169 -0.034656 -0.0105665 134.983
930103 12 0.01 0.9 32.9 0.231823 -0.48257 0.965508 0.00696256 -0.0148392 134.983
932744 12 0.01 0.9 32.9 -0.446034 -0.241277 5.28225 -0.071588 -0.036724 134.983
935388 12 0.01 0.9 32.9 -0.265538 -0.240185 1.44169 -0.0104833 -0.00765636 134.983
938053 12 0.01 0.9 32.9 -0.0831627 -0.184029 0.915867 -0.0046405 -0.00557058 134.983
940834 12 0.01 0.9 32.9 -0.455205 -0.118411 0.806234 -0.0114174 -0.00420992 134.983
941523 12 0.01 0.9 32.9 0.3224 -0.0987743 2.62517 0.0244584 -0.00683776 134.983
942528 12 0.01 0.9 32.9 0.283237 -0.486333 2.14853 0.0171196 -0.0302482 134.983
946056 12 0.01 0.9 32.9 -0.0753419 -0.106735 2.29152 -0.00562844 -0.00383749 134.983
947698 12 0.01 0.9 32.9 -0.418593 -0.138076 2.68822 -0.0346841 -0.0116403 134.983
947872 12 0.01 0.9 32.9 -0.19762 -0.322834 2.12549 -0.0108818 -0.019258 134.983
949163 12 0.01 0.9 32.9 -0.0258667 -0.355487 1.15368 0.000397653 -0.0105238 134.983
951866 12 0.01 0.9 32.9 -0.367652 -0.362348 5.02337 -0.0552606 -0.0559894 134.983
954793 12 0.01 0.9 32.9 0.376886 -0.2991 1.63626 0.0191755 -0.0141134 134.983
955668 12 0.01 0.9 32.9 -0.237089 -0.42357 0.787348 -0.00224016 -0.00864595 134.983
956763 12 0.01 0.9 32.9 -0.493913 0.251477 0.185503 -0.00543596 0.00613057 134.983
957427 12 0.01 0.9 32.9 0.307439 -0.105787 1.12346 0.0090506 -0.00120342 134.983
959309 12 0.01 0.9 32.9 0.0423404 0.0116703 2.96867 0.00450184 0.00249129 134.983
960052 12 0.01 0.9 32.9 -0.195634 -0.356261 3.33358 -0.0184239 -0.0341248 134.983
961773 12 0.01 0.9 32.9 0.255046 -0.213234 5.11014 0.039722 -0.0321514 134.983
961906 12 0.01 0.9 32.9 0.0427846 -0.433626 1.60937 0.000529045 -0.0212259 134.983
961987 12 0.01 0.9 32.9 -0.259602 0.122341 5.66077 -0.0444189 0.0200445 134.983
962202 12 0.01 0.9 32.9 -0.233348 0.0839416 2.00788 -0.0173161 0.00811076 134.983
967207 12 0.01 0.9 32.9 -0.186039 -0.0475269 1.58924 -0.00948689 -0.00426836 134.983
968173 12 0.01 0.9 32.9 0.4697 0.13376 2.31955 0.0317837 0.00806496 134.983
969877 12 0.01 0.9 32.9 0.364166 -0.194896 1.81306 0.0196545 -0.00929324 134.983
972681 12 0.01 0.9 32.9 -0.0596855 -0.0425338 11.872 -0.0193872 -0.0132898 134.983
974021 12 0.01 0.9 32.9 0.263832 0.283208 1.88639 0.0178856 0.0166949 134.983
974244 12 0.01 0.9 32.9 0.322638 -0.13682 4.3156 0.0413025 -0.0172997 134.983
975570 12 0.01 0.9 32.9 0.486115 0.043483 2.40285 0.0354526 0.0024058 134.983
978411 12 0.01 0.9 32.9 -0.401777 0.257367 0.639038 -0.00529388 0.00797022 134.983
978953 12 0.01 0.9 32.9 -0.0660929 -0.211466 3.60911 -0.00578042 -0.0217184 134.983
983214 12 0.01 0.9 32.9 0.0748283 0.180074 7.3999 0.0165163 0.0407136 134.983
985383 12 0.01 0.9 32.9 0.397029 0.21161 1.54997 0.0181922 0.00968594 134.983
986698 12 0.01 0.9 32.9 0.164138 0.0858 1.62083 0.00844035 0.00756666 134.983
988641 12 0.01 0.9 32.9 -0.412865 -0.117051 3.19603 -0.0396688 -0.0105759 134.983
990658 12 0.01 0.9 32.9 -0.177099 -0.172918 2.85171 -0.0166371 -0.0141851 134.983
990982 12 0.01 0.9 32.9 -0.000315486 0.349697 5.50876 -0.000369203 0.057142 134.983
992752 12 0.01 0.9 32.9 0.246214 0.264556 2.63811 0.019859 0.0234788 134.983
992943 12 0.01 0.9 32.9 0.346966 -0.316154 1.57484 0.0149059 -0.0146375 134.983
993142 12 0.01 0.9 32.9 -0.321737 -0.155495 0.573061 -0.00488404 -0.00141311 134.983
997341 12 0.01 0.9 32.9 0.117738 0.204087 1.8969 0.00809021 0.0127922 134.983
999730 12 0.01 0.9 32.9 0.143127 -0.287558 0.696858 0.00715168 -0.00561506 134.983
1387 12 0.01 0.9 32.9 0.310499 -0.235046 3.81847 0.0334112 -0.028917 134.603
2247 12 0.01 0.9 32.9 0.290453 0.366332 1.84525 0.0185498 0.0252299 134.603
2483 12 0.01 0.9 32.9 0.425392 0.180692 3.19945 0.0420639 0.0180086 134.603
3273 12 0.01 0.9 32.9 -0.25549 0.0289978 2.77016 -0.0233283 0.00182343 134.603
3947 12 0.01 0.9 32.9 0.413561 0.0022208 1.46835 0.0186363 0.00281293 134.603
4186 12 0.01 0.9 32.9 0.101729 -0.0549277 2.02064 0.00655411 -0.00243274 134.603
4998 12 0.01 0.9 32.9 0.484559 -0.245502 2.28847 0.0339377 -0.015722 134.603
8162 12 0.01 0.9 32.9 -0.342004 0.33126 0.328642 -0.00112311 0.00280104 134.603
9979 12 0.01 0.9 32.9 0.0605591 0.166521 1.86294 0.00210132 0.0106987 134.603
11620 12 0.01 0.9 32.9 -0.456989 0.201737 3.51456 -0.0500855 0.0219928 134.603
14977 12 0.01 0.9 32.9 0.251035 -0.461157 1.31056 0.0123363 -0.0184257 134.603
15644 12 0.01 0.9 32.9 -0.443948 0.493272 3.73567 -0.0501837 0.0583078 134.603
16725 12 0.01 0.9 32.9 -0.332637 -0.340966 0.744884 -0.0104395 -0.00873862 134.603
16951 12 0.01 0.9 32.9 -0.0938206 0.172036 1.26134 -0.00623531 0.00662068 134.603
19594 12 0.01 0.9 32.9 -0.1596 -0.231756 1.4762 -0.00848035 -0.00989712 134.603
22309 12 0.01 0.9 32.9 0.320176 -0.326698 1.72612 0.0176072 -0.0171313 134.603
22415 12 0.01 0.9 32.9 -0.107172 -0.319475 1.81384 -0.00656634 -0.0165465 134.603
26893 12 0.01 0.9 32.9 -0.427873 -0.0598915 1.19678 -0.0136701 -0.00288329 134.603
28102 12 0.01 0.9 32.9 -0.252334 -0.40808 3.9326 -0.0322676 -0.0465406 134.603
29033 12 0.01 0.9 32.9 -0.400676 0.0174999 0.640774 -0.00871775 0.00148674 134.603
34237 12 0.01 0.9 32.9 0.348584 0.446488 4.16878 0.0434005 0.0577505 134.603
37436 12 0.01 0.9 32.9 -0.433712 -0.432669 3.75057 -0.0493443 -0.0470034 134.603
38441 12 0.01 0.9 32.9 -0.24692 -0.0346775 2.06523 -0.0133349 -0.0010245 134.603
38547 12 0.01 0.9 32.9 -0.0797555 0.217082 2.86851 -0.00781415 0.0185751 134.603
40920 12 0.01 0.9 32.9 0.238133 -0.403058 3.03829 0.0222199 -0.0392078 134.603
41688 12 0.01 0.9 32.9 0.356576 -0.216151 3.66277 0.0407833 -0.0253787 134.603
41760 12 0.01 0.9 32.9 0.411738 -0.0177677 2.80616 0.0333367 -0.00128605 134.603
42205 12 0.01 0.9 32.9 0.396614 -0.227102 0.594141 0.00539499 -0.000868866 134.603
42797 12 0.01 0.9 32.9 0.250651 -0.0783689 9.49796 0.0705212 -0.0225467 134.603
44453 12 0.01 0.9 32.9 0.0864246 -0.408 2.11798 0.00343917 -0.0239838 134.603
45016 12 0.01 0.9 32.9 0.468179 -0.305747 2.92321 0.0423913 -0.027149 134.603
46585 12 0.01 0.9 32.9 -0.149847 -0.0629599 2.51929 -0.0103981 -0.00301543 134.603
46948 12 0.01 0.9 32.9 0.339192 0.0955974 0.882479 0.00571123 0.000610672 134.603
49296 12 0.01 0.9 32.9 0.187041 0.47642 0.485279 0.00397908 0.00481987 134.603
51471 12 0.01 0.9 32.9 0.189453 -0.404396 1.26966 0.00515474 -0.0125529 134.603
53840 12 0.01 0.9 32.9 0.25641 0.336299 2.74926 0.0215391 0.0281075 134.603
56755 12 0.01 0.9 32.9 -0.33644 -0.312075 2.2039 -0.0226192 -0.0192034 134.603
57859 12 0.01 0.9 32.9 -0.439513 0.130293 1.05325 -0.0121496 0.00612066 134.603
61361 12 0.01 0.9 32.9 -0.465487 -0.140896 0.7516 -0.012909 -0.00469729 134.603
66718 12 0.01 0.9 32.9 0.449036 -0.492347 2.72545 0.0365143 -0.0416244 134.603
72857 12 0.01 0.9 32.9 0.0585807 0.46728 1.53349 0.00230747 0.0248954 134.603
72906 12 0.01 0.9 32.9 -0.156735 0.481555 4.09328 -0.018561 0.0591789 134.603
73147 12 0.01 0.9 32.9 -0.421717 0.0858835 2.07909 -0.0283251 0.00701991 134.603
73432 12 0.01 0.9 32.9 -0.0377257 0.280294 0.606648 -0.00304337 0.00463123 134.603
73592 12 0.01 0.9 32.9 -0.381226 0.39558 2.37698 -0.0281338 0.0308118 134.603
75397 12 0.01 0.9 32.9 -0.401173 0.447096 0.750694 -0.00903134 0.0105793 134.603
82362 12 0.01 0.9 32.9 0.041221 0.00835249 1.50051 0.00143758 0.00493516 134.603
86903 12 0.01 0.9 32.9 -0.151644 -0.0130831 2.71646 -0.0120572 0.00131633 134.603
87627 12 0.01 0.9 32.9 -0.324152 -0.286615 4.45703 -0.042362 -0.03854 134.603
87804 12 0.01 0.9 32.9 0.0681419 -0.435968 0.355635 0.00431208 -0.00921015 134.603
88081 12 0.01 0.9 32.9 0.143317 -0.326316 2.43471 0.00891539 -0.0236546 134.603
89849 12 0.01 0.9 32.9 0.412382 -0.0836384 0.745942 0.00804754 -0.000831425 134.603
90648 12 0.01 0.9 32.9 -0.301487 0.00901998 3.05536 -0.0296119 0.00260843 134.603
96315 12 0.01 0.9 32.9 -0.370844 -0.000403422 2.22862 -0.0246355 -8.75998e-05 134.603
98059 12 0.01 0.9 32.9 0.319678 -0.370584 1.45359 0.0123581 -0.0175761 134.603
100261 12 0.01 0.9 32.9 -0.293287 -0.440463 1.52418 -0.0142137 -0.0218805 134.603
101357 12 0.01 0.9 32.9 -0.462354 -0.014608 1.49932 -0.0191642 0.0021435 134.603
102282 12 0.01 0.9 32.9 0.173028 0.181239 7.80212 0.0422274 0.0437353 134.603
107614 12 0.01 0.9 32.9 0.285292 -0.435501 5.3307 0.044855 -0.0711811 134.603
107718 12 0.01 0.9 32.9 -0.493625 0.0260848 1.27493 -0.015648 0.00132848 134.603
109780 12 0.01 0.9 32.9 0.13578 -0.00776154 0.698647 0.00237131 0.00192797 134.603
112924 12 0.01 0.9 32.9 -0.342488 0.192117 1.27493 -0.0133816 0.0101898 134.603
113682 12 0.01 0.9 32.9 0.43083 0.141038 2.04431 0.0288835 0.00932619 134.603
115917 12 0.01 0.9 32.9 -0.434506 -0.332835 1.14933 -0.0161116 -0.0110648 134.603
119162 12 0.01 0.9 32.9 -0.0264661 -0.322725 2.86499 -0.00227073 -0.0272529 134.603
121718 12 0.01 0.9 32.9 0.284234 -0.310241 3.07101 0.026609 -0.0292513 134.603
123925 12 0.01 0.9 32.9 0.313275 0.18458 0.562869 0.00578529 0.00483067 134.603
124121 12 0.01 0.9 32.9 0.0454539 -0.104292 1.79077 0.00225865 -0.00327968 134.603
126575 12 0.01 0.9 32.9 0.265506 -0.35803 1.86585 0.0136397 -0.0188815 134.603
130229 12 0.01 0.9 32.9 0.396909 0.225181 1.44602 0.015969 0.0118408 134.603
131456 12 0.01 0.9 32.9 -0.384988 -0.334022 1.76196 -0.0224413 -0.0185252 134.603
133133 12 0.01 0.9 32.9 0.00233196 0.292863 3.13999 -0.00147838 0.0283925 134.603
133191 12 0.01 0.9 32.9 0.407904 0.339327 3.01992 0.0368016 0.0309423 134.603
134220 12 0.01 0.9 32.9 0.234868 0.231583 0.837989 0.00364997 0.00959101 134.603
139346 12 0.01 0.9 32.9 -0.20637 0.317386 3.32554 -0.0224078 0.031863 134.603
143553 12 0.01 0.9 32.9 0.0447058 0.0126164 1.24877 0.0016206 -0.000852926 134.603
146400 12 0.01 0.9 32.9 -0.154986 -0.372639 2.78993 -0.0139529 -0.0316244 134.603
147283 12 0.01 0.9 32.9 0.35277 -0.316294 2.19249 0.0236553 -0.0200832 134.603
150033 12 0.01 0.9 32.9 -0.468826 0.49819 2.50428 -0.0346718 0.0379853 134.603
157161 12 0.01 0.9 32.9 -0.204967 0.445125 1.13045 -0.0067384 0.0168482 134.603
159977 12 0.01 0.9 32.9 -0.00905221 -0.23844 1.70116 0.000578177 -0.0111248 134.603
160027 12 0.01 0.9 32.9 0.0176699 0.448403 2.97747 -0.00108429 0.0429069 134.603
161590 12 0.01 0.9 32.9 -0.131457 0.419723 2.02643 -0.0105256 0.0256089 134.603
162171 12 0.01 0.9 32.9 -0.0124048 0.111834 4.26326 -0.00282816 0.0148227 134.603
163400 12 0.01 0.9 32.9 -0.491393 -0.363348 2.03529 -0.0313252 -0.0218867 134.603
166123 12 0.01 0.9 32.9 -0.0772854 0.0509805 3.50955 -0.00899551 0.00581118 134.603
166137 12 0.01 0.9 32.9 -0.311133 -0.282138 3.74192 -0.0344411 -0.0339371 134.603
167459 12 0.01 0.9 32.9 0.291842 0.495913 1.07892 0.0110368 0.0192483 134.603
168305 12 0.01 0.9 32.9 0.21103 -0.13256 8.05753 0.0521345 -0.0327012 134.603
169565 12 0.01 0.9 32.9 0.0870551 0.153266 2.73148 0.00865298 0.0132404 134.603
170995 12 0.01 0.9 32.9 -0.217119 -0.38009 5.03631 -0.034403 -0.0566586 134.603
173363 12 0.01 0.9 32.9 0.416247 0.271975 1.92706 0.0229326 0.0155605 134.603
173734 12 0.01 0.9 32.9 -0.117355 -0.189423 7.37844 -0.0279668 -0.0414893 134.603
176093 12 0.01 0.9 32.9 0.399209 0.270393 2.76922 0.0348711 0.0217089 134.603
177503 12 0.01 0.9 32.9 0.487734 0.191004 7.65358 0.11157 0.0456524 134.603
179400 12 0.01 0.9 32.9 -0.433233 0.157982 4.03966 -0.051526 0.0178225 134.603
182206 12 0.01 0.9 32.9 -0.130019 -0.162001 2.85525 -0.0115521 -0.0135463 134.603
185574 12 0.01 0.9 32.9 -0.0138919 -0.474897 0.976921 0.000423701 -0.0164502 134.603
186200 12 0.01 0.9 32.9 -0.345852 0.272418 1.85593 -0.0201768 0.0184185 134.603
188143 12 0.01 0.9 32.9 0.325432 -0.340851 5.60059 0.0574915 -0.0580054 134.603
188992 12 0.01 0.9 32.9 -0.129971 0.427411 3.59586 -0.0139035 0.0467445 134.603
192177 12 0.01 0.9 32.9 0.406335 -0.305797 1.6422 0.0213318 -0.0156007 134.603
193839 12 0.01 0.9 32.9 -0.410651 0.300888 3.01661 -0.038029 0.0277344 134.603
195529 12 0.01 0.9 32.9 0.18728 -0.0504451 1.77248 0.0104718 -0.000742131 134.603
199461 12 0.01 0.9 32.9 0.189928 -0.193045 1.96321 0.0103508 -0.00990579 134.603
201342 12 0.01 0.9 32.9 0.430232 0.220517 5.49232 0.0715886 0.0351952 134.603
201510 12 0.01 0.9 32.9 -0.188596 0.420579 1.41065 -0.00922451 0.0191212 134.603
203712 12 0.01 0.9 32.9 0.25119 0.337786 1.92067 0.0173827 0.0231882 134.603
207897 12 0.01 0.9 32.9 -0.36587 0.149987 8.87679 -0.100247 0.0412739 134.603
209313 12 0.01 0.9 32.9 -0.385808 -0.407616 0.925898 -0.00718135 -0.00945119 134.603
210766 12 0.01 0.9 32.9 -0.0418704 -0.386526 1.71203 -0.00465938 -0.0188155 134.603
211990 12 0.01 0.9 32.9 0.0253631 0.444334 4.17839 0.000546928 0.0554817 134.603
212873 12 0.01 0.9 32.9 0.373635 -0.212623 2.38943 0.0258088 -0.0133887 134.603
213029 12 0.01 0.9 32.9 -0.266972 0.0687673 2.26522 -0.0194004 0.00732421 134.603
213430 12 0.01 0.9 32.9 0.444517 -0.204216 0.497066 0.00662332 -0.00406463 134.603
216331 12 0.01 0.9 32.9 0.234609 0.435783 2.0114 0.0164673 0.026867 134.603
216361 12 0.01 0.9 32.9 0.15643 -0.24697 0.860864 0.00594473 -0.0094781 134.603
216436 12 0.01 0.9 32.9 -0.138613 0.465898 7.99839 -0.0341886 0.112351 134.603
216440 12 0.01 0.9 32.9 -0.0576053 -0.471704 1.01818 0.00279887 -0.0145112 134.603
217236 12 0.01 0.9 32.9 0.367315 -0.259522 2.92705 0.0323767 -0.0239853 134.603
222200 12 0.01 0.9 32.9 0.373868 -0.266074 2.41072 0.0290642 -0.0187577 134.603
222647 12 0.01 0.9 32.9 -0.38275 0.489211 6.36406 -0.0715413 0.0947759 134.603
224002 12 0.01 0.9 32.9 0.168644 0.311677 0.745391 0.00281382 0.0075077 134.603
230666 12 0.01 0.9 32.9 0.159368 0.23527 3.09414 0.0113547 0.0220424 134.603
231877 12 0.01 0.9 32.9 -0.188911 0.295658 1.95475 -0.0120222 0.0194179 134.603
234438 12 0.01 0.9 32.9 -0.109595 0.322566 4.02196 -0.0134414 0.0400447 134.603
242025 12 0.01 0.9 32.9 -0.295919 -0.231855 3.05476 -0.0283935 -0.021265 134.603
242240 12 0.01 0.9 32.9 0.252034 -0.387541 2.09431 0.01486 -0.025552 134.603
243040 12 0.01 0.9 32.9 0.0576226 0.130998 1.02165 0.00359193 0.00467203 134.603
250114 12 0.01 0.9 32.9 -0.0989678 -0.408615 5.45018 -0.0169237 -0.0686122 134.603
252750 12 0.01 0.9 32.9 0.192788 -0.469701 2.87759 0.0203775 -0.0402892 134.603
254701 12 0.01 0.9 32.9 -0.210409 0.159818 2.65099 -0.0145686 0.0150078 134.603
255728 12 0.01 0.9 32.9 -0.282638 0.260357 3.82416 -0.0349062 0.0292604 134.603
256035 12 0.01 0.9 32.9 -0.130404 0.00270723 0.770195 -0.00257529 0.00141402 134.603
256288 12 0.01 0.9 32.9 -0.0145138 -0.405623 3.28226 -0.00112195 -0.0388894 134.603
259566 12 0.01 0.9 32.9 -0.103695 0.163317 1.61196 -0.0041688 0.0112489 134.603
261965 12 0.01 0.9 32.9 -0.35823 -0.425294 0.890712 -0.00995689 -0.0121947 134.603
265179 12 0.01 0.9 32.9 -0.265635 0.120457 1.73542 -0.0133593 0.00455743 134.603
266220 12 0.01 0.9 32.9 -0.157382 -0.481634 1.74622 -0.00659065 -0.0254373 134.603
267311 12 0.01 0.9 32.9 0.45856 0.307374 2.13055 0.0275278 0.0211375 134.603
267618 12 0.01 0.9 32.9 -0.0929725 -0.306165 1.76193 -0.00606979 -0.0170407 134.603
268381 12 0.01 0.9 32.9 0.497024 0.489519 3.23866 0.0501573 0.0494848 134.603
271054 12 0.01 0.9 32.9 -0.17004 0.183465 4.61907 -0.0224225 0.0260869 134.603
271132 12 0.01 0.9 32.9 0.471788 0.39238 5.48691 0.0773411 0.0686773 134.603
272514 12 0.01 0.9 32.9 0.331414 0.319605 1.53282 0.0173776 0.0145443 134.603
273177 12 0.01 0.9 32.9 -0.270381 0.0876519 4.78118 -0.0403851 0.0128179 134.603
273408 12 0.01 0.9 32.9 0.481414 0.455725 1.87421 0.0297354 0.0241895 134.603
277272 12 0.01 0.9 32.9 0.397873 0.149212 5.73867 0.0686935 0.0287413 134.603
277620 12 0.01 0.9 32.9 -0.419515 -0.08905 3.0079 -0.0384525 -0.00776949 134.603
278496 12 0.01 0.9 32.9 0.475198 0.329579 9.79851 0.139233 0.0994347 134.603
283058 12 0.01 0.9 32.9 -0.0945922 -0.246317 2.78184 -0.00686841 -0.0209985 134.603
283200 12 0.01 0.9 32.9 0.0685489 -0.133909 1.52059 0.00316054 -0.0058409 134.603
283972 12 0.01 0.9 32.9 0.261439 0.263424 3.94854 0.0331252 0.0322623 134.603
285372 12 0.01 0.9 32.9 -0.177595 -0.297536 2.48885 -0.0142811 -0.0230354 134.603
291467 12 0.01 0.9 32.9 -0.0606038 -0.0850135 4.76069 -0.00737299 -0.0123876 134.603
292644 12 0.01 0.9 32.9 -0.0358478 0.450051 0.848087 -0.0021897 0.0113502 134.603
292828 12 0.01 0.9 32.9 -0.355003 0.281971 3.76597 -0.0405921 0.032352 134.603
293142 12 0.01 0.9 32.9 0.0431617 -0.121495 2.28346 0.00267131 -0.00955437 134.603
293242 12 0.01 0.9 32.9 0.350694 0.133149 1.66235 0.0174492 0.00593176 134.603
293664 12 0.01 0.9 32.9 -0.464486 0.256077 3.10329 -0.0437505 0.0232892 134.603
296793 12 0.01 0.9 32.9 0.172518 -0.112405 3.64424 0.0198891 -0.0109043 134.603
298348 12 0.01 0.9 32.9 -0.278473 0.472208 2.62818 -0.0229338 0.0400432 134.603
298727 12 0.01 0.9 32.9 -0.458886 -0.30867 3.39096 -0.0454588 -0.0328277 134.603
299785 12 0.01 0.9 32.9 -0.463177 -0.239852 0.917926 -0.0117389 -0.00610597 134.603
304428 12 0.01 0.9 32.9 0.0554444 -0.425952 1.75512 0.00182007 -0.0231056 134.603
304865 12 0.01 0.9 32.9 0.154736 -0.415644 8.29574 0.0403136 -0.104973 134.603
305330 12 0.01 0.9 32.9 0.331886 0.298941 1.11057 0.0127676 0.0117886 134.603
306923 12 0.01 0.9 32.9 -0.348263 0.173972 2.26074 -0.0221437 0.0114046 134.603
307636 12 0.01 0.9 32.9 0.0393482 0.463698 1.77919 0.00152157 0.0237524 134.603
310940 12 0.01 0.9 32.9 -0.196819 -0.137971 3.62682 -0.0215767 -0.0140582 134.603
312414 12 0.01 0.9 32.9 0.465573 -0.220031 1.15748 0.0157106 -0.00600877 134.603
312559 12 0.01 0.9 32.9 0.337187 0.268285 1.51725 0.0155021 0.013888 134.603
316990 12 0.01 0.9 32.9 -0.149743 -0.289944 3.4629 -0.0165269 -0.0297605 134.603
319025 12 0.01 0.9 32.9 0.0307185 0.0937294 2.54662 -0.000863981 0.00880236 134.603
319778 12 0.01 0.9 32.9 -0.126594 -0.380521 1.72839 -0.00917977 -0.0185525 134.603
322806 12 0.01 0.9 32.9 -0.437764 -0.404897 0.758467 -0.0108469 -0.00384409 134.603
324568 12 0.01 0.9 32.9 0.229218 -0.486207 1.54259 0.0114803 -0.0220513 134.603
325935 12 0.01 0.9 32.9 0.0956279 -0.479661 1.34043 0.00213473 -0.0165193 134.603
326475 12 0.01 0.9 32.9 0.303573 -0.307395 2.64028 0.0236303 -0.0247823 134.603
326701 12 0.01 0.9 32.9 0.162435 0.393908 0.468625 -0.000252032 0.00766651 134.603
330203 12 0.01 0.9 32.9 0.195794 0.0799328 1.51913 0.0110572 0.00501643 134.603
331054 12 0.01 0.9 32.9 -0.345903 -0.161615 2.30361 -0.0257257 -0.0116818 134.603
331164 12 0.01 0.9 32.9 0.070716 -0.134919 2.73063 0.00567572 -0.00863398 134.603
332310 12 0.01 0.9 32.9 -0.360529 0.433445 3.85261 -0.0412591 0.0512317 134.603
333548 12 0.01 0.9 32.9 -0.429242 -0.0919901 1.37187 -0.0187302 -0.00374398 134.603
335243 12 0.01 0.9 32.9 -0.35981 -0.144819 3.11271 -0.0340664 -0.0154635 134.603
339734 12 0.01 0.9 32.9 0.452666 -0.412794 0.968405 0.0111501 -0.0146203 134.603
340080 12 0.01 0.9 32.9 0.238149 -0.228596 1.18689 0.011275 -0.00621847 134.603
340238 12 0.01 0.9 32.9 -0.36649 -0.290262 1.7481 -0.0210676 -0.0141888 134.603
340649 12 0.01 0.9 32.9 -0.00596805 0.0224472 1.94035 -0.000900271 0.00259997 134.603
340710 12 0.01 0.9 32.9 -0.0601526 0.407733 2.54103 -0.00683798 0.0335843 134.603
341426 12 0.01 0.9 32.9 -0.246251 -0.496526 2.17258 -0.0152951 -0.0346916 134.603
342489 12 0.01 0.9 32.9 -0.0838476 0.306129 1.27525 -0.00170362 0.010753 134.603
343352 12 0.01 0.9 32.9 0.00205795 -0.248461 3.27384 -0.00189575 -0.0253421 134.603
346872 12 0.01 0.9 32.9 0.03996 0.224701 1.25868 0.000819039 0.0101978 134.603
347260 12 0.01 0.9 32.9 0.17321 0.433476 1.74094 0.00784563 0.024554 134.603
348353 12 0.01 0.9 32.9 -0.0553216 0.000387358 1.7042 -0.00384741 0.00163292 134.603
348521 12 0.01 0.9 32.9 0.0930441 0.281574 3.90544 0.00988587 0.0338974 134.603
349956 12 0.01 0.9 32.9 -0.133086 -0.394915 1.98199 -0.00945989 -0.0221016 134.603
350349 12 0.01 0.9 32.9 0.429492 0.0699546 2.22175 0.0287837 0.00385438 134.603
350612 12 0.01 0.9 32.9 0.46188 0.151573 1.13458 0.0150874 0.00573838 134.603
352731 12 0.01 0.9 32.9 -0.137996 0.0125777 0.880252 -0.00171197 0.00148407 134.603
353411 12 0.01 0.9 32.9 0.150444 -0.494858 4.65588 0.0221491 -0.0708275 134.603
353756 12 0.01 0.9 32.9 0.414284 -0.0703842 1.07295 0.0149602 -0.00165994 134.603
354000 12 0.01 0.9 32.9 -0.243358 0.0399386 2.63661 -0.0199567 0.00418317 134.603
356310 12 0.01 0.9 32.9 -0.19339 0.0452858 2.29546 -0.0129338 0.00279224 134.603
357158 12 0.01 0.9 32.9 0.149479 -0.329579 3.79425 0.0206635 -0.0376395 134.603
357691 12 0.01 0.9 32.9 -0.048824 -0.330362 1.85326 -0.0053318 -0.0185572 134.603
361814 12 0.01 0.9 32.9 -0.199402 0.119438 6.30897 -0.0401468 0.0219864 134.603
363139 12 0.01 0.9 32.9 0.349629 0.0719433 2.24434 0.0259865 0.00516278 134.603
365234 12 0.01 0.9 32.9 -0.431165 0.280394 2.48246 -0.0332382 0.0230222 134.603
365469 12 0.01 0.9 32.9 -0.318051 0.31743 1.10597 -0.00914829 0.0130921 134.603
366189 12 0.01 0.9 32.9 0.254706 -0.450155 4.48838 0.0342448 -0.0594807 134.603
367299 12 0.01 0.9 32.9 0.0773586 -0.0128909 0.776303 -0.000277822 0.00247442 134.603
367617 12 0.01 0.9 32.9 0.0856937 0.231337 6.67061 0.0183548 0.0471615 134.603
370420 12 0.01 0.9 32.9 -0.190168 -0.124694 1.2104 -0.00866469 -0.00217402 134.603
370777 12 0.01 0.9 32.9 -0.420417 -0.0878272 1.60171 -0.0221618 -0.00222805 134.603
372523 12 0.01 0.9 32.9 0.424399 0.0028395 0.917522 0.010807 -0.00124735 134.603
373285 12 0.01 0.9 32.9 0.363772 0.447773 0.833294 0.0102421 0.011279 134.603
376699 12 0.01 0.9 32.9 0.0352481 -0.0478658 3.64118 0.00459338 -0.00231433 134.603
378619 12 0.01 0.9 32.9 -0.0700491 0.0615341 2.80812 -0.00556068 0.0052637 134.603
378801 12 0.01 0.9 32.9 -0.309583 0.431185 2.91805 -0.0281523 0.0348776 134.603
379213 12 0.01 0.9 32.9 -0.0797694 -0.356934 0.941358 -0.00195911 -0.00802199 134.603
381519 12 0.01 0.9 32.9 0.0527516 0.167767 6.35208 0.00975551 0.03146 134.603
381611 12 0.01 0.9 32.9 0.160491 -0.37516 3.03585 0.0157556 -0.0332517 134.603
383315 12 0.01 0.9 32.9 0.333388 0.34045 3.60575 0.037343 0.0386388 134.603
383979 12 0.01 0.9 32.9 0.310395 -0.36459 1.24195 0.0107439 -0.0122628 134.603
384161 12 0.01 0.9 32.9 -0.281422 0.198499 2.075 -0.0166302 0.0143267 134.603
388743 12 0.01 0.9 32.9 -0.328748 0.357568 7.11377 -0.0698441 0.0774648 134.603
389041 12 0.01 0.9 32.9 -0.0884959 0.18274 1.71125 -0.00263559 0.00994135 134.603
390908 12 0.01 0.9 32.9 -0.25009 0.331041 2.79363 -0.0204939 0.0274637 134.603
391786 12 0.01 0.9 32.9 0.0255929 0.0488087 1.9938 0.00373164 0.00273379 134.603
394084 12 0.01 0.9 32.9 -0.0511824 -0.475048 2.22908 -0.00466162 -0.0318633 134.603
395885 12 0.01 0.9 32.9 -0.207975 0.319375 1.18371 -0.00896602 0.00987432 134.603
396948 12 0.01 0.9 32.9 -0.325388 0.0307186 3.73883 -0.0378156 0.00311479 134.603
397010 12 0.01 0.9 32.9 -0.1492 0.462728 7.4183 -0.0360032 0.106584 134.603
398269 12 0.01 0.9 32.9 0.202127 0.0304619 2.33296 0.0148031 0.00401024 134.603
408260 12 0.01 0.9 32.9 -0.216852 0.297126 3.44951 -0.0203287 0.0332882 134.603
409562 12 0.01 0.9 32.9 0.433621 0.453935 1.85313 0.0250703 0.0255817 134.603
409829 12 0.01 0.9 32.9 -0.0373577 0.14311 3.62258 -0.0028992 0.0175022 134.603
411099 12 0.01 0.9 32.9 0.259357 -0.0582339 1.43397 0.012796 -0.00289169 134.603
411465 12 0.01 0.9 32.9 0.223664 0.0706513 1.42331 0.00880147 0.00505288 134.603
413509 12 0.01 0.9 32.9 0.223042 -0.121118 3.44965 0.0225182 -0.0110391 134.603
417572 12 0.01 0.9 32.9 -0.283912 0.337504 4.31979 -0.0362362 0.0474571 134.603
417588 12 0.01 0.9 32.9 -0.379322 -0.318298 1.28998 -0.0135878 -0.0126363 134.603
418122 12 0.01 0.9 32.9 0.116207 -0.423159 2.6432 0.00498648 -0.0326491 134.603
418394 12 0.01 0.9 32.9 -0.0187527 0.439445 1.83124 -0.000392345 0.0237191 134.603
424688 12 0.01 0.9 32.9 0.289516 -0.471812 1.66802 0.0137061 -0.0226245 134.603
424899 12 0.01 0.9 32.9 -0.235117 -0.414209 6.75243 -0.0461018 -0.08584 134.603
425188 12 0.01 0.9 32.9 -0.0611824 0.316298 2.3898 -0.0025684 0.0245962 134.603
425602 12 0.01 0.9 32.9 0.102698 0.0573966 1.5271 0.00516409 0.00545203 134.603
428067 12 0.01 0.9 32.9 -0.163424 -0.295327 1.97754 -0.0117252 -0.0158969 134.603
428348 12 0.01 0.9 32.9 -0.180744 0.331552 4.57811 -0.0261328 0.0471121 134.603
428853 12 0.01 0.9 32.9 0.381465 0.0594801 1.60126 0.0180085 0.00374665 134.603
433383 12 0.01 0.9 32.9 -0.223093 0.2821 3.60791 -0.0224643 0.029426 134.603
434374 12 0.01 0.9 32.9 -0.309639 0.123705 2.39242 -0.0218475 0.00996003 134.603
436746 12 0.01 0.9 32.9 -0.388567 -0.201275 0.364858 -0.00515086 -0.00371532 134.603
438073 12 0.01 0.9 32.9 -0.380913 0.287667 5.0954 -0.0609851 0.0455284 134.603
443546 12 0.01 0.9 32.9 -0.155364 -0.304669 2.27435 -0.0108727 -0.0212232 134.603
444408 12 0.01 0.9 32.9 0.290099 -0.382592 2.2896 0.023407 -0.0293628 134.603
445548 12 0.01 0.9 32.9 -0.0211601 -0.165537 2.9043 -0.00426504 -0.0136774 134.603
448490 12 0.01 0.9 32.9 0.0943022 0.495661 1.67487 0.00376845 0.0258512 134.603
451252 12 0.01 0.9 32.9 0.0517051 -0.451705 3.2666 0.00353369 -0.0425277 134.603
451669 12 0.01 0.9 32.9 0.136942 -0.434827 1.43974 0.00522274 -0.0168317 134.603
455039 12 0.01 0.9 32.9 0.395654 0.302495 0.824088 0.00798545 0.0115665 134.603
455108 12 0.01 0.9 32.9 -0.0307064 0.105629 4.12809 -0.00334748 0.0157463 134.603
456312 12 0.01 0.9 32.9 -0.478683 -0.383307 3.02195 -0.0430898 -0.0348076 134.603
456958 12 0.01 0.9 32.9 0.498442 -0.0587911 0.888584 0.0131925 0.000912002 134.603
458753 12 0.01 0.9 32.9 0.446482 0.315136 1.79516 0.0282406 0.0152244 134.603
460042 12 0.01 0.9 32.9 -0.180592 -0.265007 1.82886 -0.0115809 -0.0155389 134.603
462503 12 0.01 0.9 32.9 -0.415292 -0.329924 2.18487 -0.0251948 -0.0202855 134.603
466536 12 0.01 0.9 32.9 0.306253 -0.20587 1.99594 0.0197069 -0.0120009 134.603
470375 12 0.01 0.9 32.9 -0.156759 0.219779 1.13034 -0.00685104 0.00749804 134.603
470969 12 0.01 0.9 32.9 0.42526 0.342869 2.44133 0.0281875 0.027607 134.603
474446 12 0.01 0.9 32.9 0.373076 -0.111745 3.94142 0.0430266 -0.011587 134.603
474804 12 0.01 0.9 32.9 -0.180376 0.48552 2.92989 -0.0169991 0.0453007 134.603
475036 12 0.01 0.9 32.9 0.485577 -0.361569 0.987226 0.0142073 -0.0107592 134.603
476051 12 0.01 0.9 32.9 -0.119662 -0.155457 6.80651 -0.0262675 -0.0320598 134.603
480197 12 0.01 0.9 32.9 -0.00285721 0.288341 4.17032 0.000274137 0.0380069 134.603
481581 12 0.01 0.9 32.9 -0.0977425 0.0613771 2.59887 -0.0076919 0.00490694 134.603
482936 12 0.01 0.9 32.9 -0.218672 0.178319 4.20676 -0.0298194 0.022815 134.603
488918 12 0.01 0.9 32.9 -0.418463 0.421539 1.21029 -0.0177036 0.0158165 134.603
489681 12 0.01 0.9 32.9 -0.169038 -0.4128 6.52402 -0.0318879 -0.080302 134.603
490012 12 0.01 0.9 32.9 0.15003 -0.183039 2.49 0.0101982 -0.0140128 134.603
490653 12 0.01 0.9 32.9 0.196621 0.213231 1.60136 0.0109677 0.0102375 134.603
493700 12 0.01 0.9 32.9 0.13539 -0.353376 3.32641 0.0143474 -0.0354167 134.603
493803 12 0.01 0.9 32.9 -0.425902 -0.292203 5.87768 -0.076312 -0.0539578 134.603
493838 12 0.01 0.9 32.9 0.240065 -0.175602 0.963543 0.00430569 -0.00745902 134.603
494696 12 0.01 0.9 32.9 -0.29699 -0.0106648 4.54842 -0.0413583 0.000496694 134.603
496670 12 0.01 0.9 32.9 -0.196738 0.387668 1.20012 -0.0071896 0.0188356 134.603
498751 12 0.01 0.9 32.9 -0.210844 -0.30279 0.927725 -0.0092019 -0.00714917 134.603
