6860 2 0.01 0.7 32.9 -0.32982 0.216335 1.93611 -0.0194571 0.0161227 167.477
11056 2 0.01 0.7 32.9 0.203643 -0.152427 1.06616 0.00691204 -0.00620355 167.477
12259 2 0.01 0.7 32.9 0.211738 -0.442012 2.25376 0.0142997 -0.0287971 167.477
14288 2 0.01 0.7 32.9 0.151458 0.492514 2.08148 0.0104487 0.0330464 167.477
16610 2 0.01 0.7 32.9 -0.114289 0.465525 1.03495 -0.000336472 0.0141427 167.477
17343 2 0.01 0.7 32.9 0.402881 -0.182575 1.59913 0.0229341 -0.00599576 167.477
17419 2 0.01 0.7 32.9 -0.386533 0.15479 4.17372 -0.0508306 0.0206001 167.477
18828 2 0.01 0.7 32.9 -0.197877 -0.166442 3.81971 -0.0237328 -0.0167171 167.477
19712 2 0.01 0.7 32.9 -0.00658679 -0.176665 3.96556 -0.00158347 -0.0201163 167.477
21175 2 0.01 0.7 32.9 0.164437 0.295173 5.12594 0.029193 0.0478342 167.477
21533 2 0.01 0.7 32.9 -0.185436 0.351788 1.27448 -0.00848847 0.0144486 167.477
23770 2 0.01 0.7 32.9 0.426668 -0.241258 1.73333 0.0232694 -0.0114533 167.477
28298 2 0.01 0.7 32.9 -0.107779 0.0309777 2.37719 -0.00886549 0.00360439 167.477
29545 2 0.01 0.7 32.9 -0.0237566 -0.140475 2.23223 -0.00239897 -0.00810873 167.477
29686 2 0.01 0.7 32.9 -0.130826 0.101802 1.41621 -0.00459817 0.0050982 167.477
31154 2 0.01 0.7 32.9 0.259769 0.08337 1.35205 0.0127397 0.00226163 167.477
32483 2 0.01 0.7 32.9 -0.151246 -0.487543 1.39795 -0.00380094 -0.0222526 167.477
45623 2 0.01 0.7 32.9 -0.413758 -0.458956 3.65041 -0.0437088 -0.0476605 167.477
45960 2 0.01 0.7 32.9 0.438368 0.135277 1.45698 0.0178075 0.00893472 167.477
46509 2 0.01 0.7 32.9 -0.496309 0.497774 1.56292 -0.0240113 0.0232877 167.477
46869 2 0.01 0.7 32.9 0.435539 -0.333378 0.838678 0.0130565 -0.00936818 167.477
48855 2 0.01 0.7 32.9 -0.096366 -0.123783 1.65208 -0.00374531 -0.00620093 167.477
48918 2 0.01 0.7 32.9 -0.0763867 0.37951 2.10686 -0.00645282 0.0249702 167.477
49489 2 0.01 0.7 32.9 0.260219 0.438524 0.453945 0.00714801 0.00689387 167.477
49864 2 0.01 0.7 32.9 -0.309878 -0.400707 2.28685 -0.0228419 -0.0265833 167.477
50320 2 0.01 0.7 32.9 -0.47394 0.456663 2.87651 -0.0424113 0.038961 167.477
52346 2 0.01 0.7 32.9 0.380331 0.415434 2.08885 0.0222667 0.0230307 167.477
53590 2 0.01 0.7 32.9 -0.481381 -0.117262 2.2691 -0.0354487 -0.0103609 167.477
54151 2 0.01 0.7 32.9 -0.337124 -0.49445 0.883804 -0.00811171 -0.0122611 167.477
54897 2 0.01 0.7 32.9 0.112219 0.202953 1.84713 0.00861961 0.0134347 167.477
56497 2 0.01 0.7 32.9 0.0839887 -0.356299 1.96341 0.00440946 -0.0212627 167.477
59001 2 0.01 0.7 32.9 0.445903 0.170737 1.92276 0.0252146 0.00915018 167.477
62602 2 0.01 0.7 32.9 0.495846 -0.209053 1.17008 0.0157224 -0.00878308 167.477
63436 2 0.01 0.7 32.9 0.289658 -0.496612 3.20455 0.0251233 -0.0477839 167.477
63657 2 0.01 0.7 32.9 0.122028 -0.0438103 1.91961 0.00855423 -0.00185867 167.477
67213 2 0.01 0.7 32.9 -0.32341 0.441037 5.93959 -0.0584832 0.0805445 167.477
67845 2 0.01 0.7 32.9 -0.406953 0.304924 6.41813 -0.077308 0.0603423 167.477
68469 2 0.01 0.7 32.9 -0.434024 -0.0254251 2.51607 -0.0348105 -0.00200005 167.477
68907 2 0.01 0.7 32.9 -0.395894 0.19947 2.13647 -0.0263042 0.0137113 167.477
72522 2 0.01 0.7 32.9 -0.0949006 0.476008 0.410933 0.00146785 0.00502345 167.477
73471 2 0.01 0.7 32.9 0.181893 0.348604 0.738927 0.00263364 0.00984923 167.477
75127 2 0.01 0.7 32.9 0.26718 -0.173315 1.93498 0.016023 -0.0101029 167.477
76270 2 0.01 0.7 32.9 0.185865 -0.0955071 6.33167 0.0363923 -0.0164525 167.477
77416 2 0.01 0.7 32.9 0.432634 -0.106086 0.249884 0.00315832 0.00181014 167.477
78110 2 0.01 0.7 32.9 0.0229198 0.0665995 7.71488 0.00561229 0.0165726 167.477
78909 2 0.01 0.7 32.9 -0.175273 -0.366265 0.734892 -0.00526058 -0.00835326 167.477
79061 2 0.01 0.7 32.9 -0.360971 -0.0938026 0.396581 -0.00764193 -0.00384312 167.477
80311 2 0.01 0.7 32.9 0.0601888 -0.214828 2.41338 0.00508739 -0.0179467 167.477
83470 2 0.01 0.7 32.9 0.304038 -0.30764 2.07773 0.0181411 -0.0196763 167.477
84890 2 0.01 0.7 32.9 -0.135495 -0.0387922 0.59748 -0.003836 0.000409017 167.477
85753 2 0.01 0.7 32.9 0.245091 -0.173191 2.497 0.0185361 -0.0123666 167.477
87873 2 0.01 0.7 32.9 -0.153131 -0.436612 1.04593 -0.00704286 -0.0132845 167.477
88236 2 0.01 0.7 32.9 -0.207054 -0.29133 2.40512 -0.0159794 -0.0221161 167.477
91464 2 0.01 0.7 32.9 -0.00232549 0.384886 2.94323 0.000264304 0.0345636 167.477
94382 2 0.01 0.7 32.9 0.0347346 0.421187 4.31088 0.00514003 0.0562954 167.477
94726 2 0.01 0.7 32.9 -0.156201 0.282736 1.08043 -0.00401459 0.0102395 167.477
95328 2 0.01 0.7 32.9 -0.0312757 0.220947 0.646949 0.000818748 0.00439916 167.477
95857 2 0.01 0.7 32.9 0.0653453 0.399267 2.5482 0.00445284 0.0326485 167.477
96891 2 0.01 0.7 32.9 0.164236 0.184682 0.766507 0.00334508 0.00687439 167.477
97611 2 0.01 0.7 32.9 0.211914 -0.00871277 1.56394 0.0119565 0.00174246 167.477
99115 2 0.01 0.7 32.9 -0.113839 -0.212055 1.47407 -0.00205909 -0.00805568 167.477
99179 2 0.01 0.7 32.9 0.320855 0.429002 2.49111 0.0231652 0.0329611 167.477
101388 2 0.01 0.7 32.9 -0.111055 -0.363454 2.24483 -0.00836861 -0.0221686 167.477
101673 2 0.01 0.7 32.9 -0.309214 -0.451426 1.72318 -0.0164812 -0.0233459 167.477
103280 2 0.01 0.7 32.9 0.471334 -0.206175 3.67467 0.0513235 -0.0221469 167.477
110376 2 0.01 0.7 32.9 -0.224196 -0.255304 2.34766 -0.0150644 -0.0175882 167.477
111995 2 0.01 0.7 32.9 -0.157402 0.00544977 2.21664 -0.00945361 0.00171199 167.477
117408 2 0.01 0.7 32.9 0.250868 -0.343432 5.55168 0.0413776 -0.0593908 167.477
122585 2 0.01 0.7 32.9 -0.290768 0.466515 1.26774 -0.00922039 0.0220087 167.477
124329 2 0.01 0.7 32.9 0.0955737 -0.118436 1.49763 0.00793863 -0.00313796 167.477
128558 2 0.01 0.7 32.9 -0.167931 -0.421806 4.86202 -0.0266456 -0.0635065 167.477
129329 2 0.01 0.7 32.9 -0.173686 -0.389528 3.30151 -0.0175476 -0.0376153 167.477
129470 2 0.01 0.7 32.9 -0.113762 0.0236877 2.01281 -0.00621941 0.00257485 167.477
131514 2 0.01 0.7 32.9 0.0312648 0.186184 2.19161 0.00148191 0.0149523 167.477
133490 2 0.01 0.7 32.9 -0.263674 0.392445 3.25019 -0.0248855 0.0428564 167.477
134386 2 0.01 0.7 32.9 -0.487987 0.38672 1.35201 -0.0184534 0.0147104 167.477
139225 2 0.01 0.7 32.9 -0.31022 -0.0439175 2.59816 -0.0256963 -0.00140022 167.477
144415 2 0.01 0.7 32.9 0.410685 -0.260992 1.55941 0.0189599 -0.0123988 167.477
144756 2 0.01 0.7 32.9 -0.407543 -0.0689345 1.2011 -0.0157315 -0.00185793 167.477
145190 2 0.01 0.7 32.9 -0.255361 0.480902 3.58395 -0.028028 0.0528044 167.477
145739 2 0.01 0.7 32.9 0.351709 0.468636 4.74129 0.0520821 0.0686414 167.477
145774 2 0.01 0.7 32.9 0.487343 0.325825 4.71927 0.0700749 0.0461645 167.477
146194 2 0.01 0.7 32.9 -0.250068 -0.245152 2.77325 -0.0238515 -0.01734 167.477
148452 2 0.01 0.7 32.9 0.438417 -0.324498 4.49225 0.0593853 -0.0420835 167.477
148802 2 0.01 0.7 32.9 0.469678 0.0757778 5.58669 0.0804304 0.0126225 167.477
151478 2 0.01 0.7 32.9 0.434446 -0.275277 2.38274 0.0315061 -0.0210152 167.477
152541 2 0.01 0.7 32.9 -0.381148 0.348876 6.46546 -0.0771062 0.0714685 167.477
155168 2 0.01 0.7 32.9 0.16904 -0.315453 4.23887 0.0240047 -0.038784 167.477
155780 2 0.01 0.7 32.9 -0.479269 -0.0738869 7.59176 -0.110215 -0.0153836 167.477
157066 2 0.01 0.7 32.9 0.156388 -0.279661 2.1852 0.00900933 -0.0175276 167.477
157651 2 0.01 0.7 32.9 -0.0804759 -0.0247207 0.77011 -0.00216376 -0.0022582 167.477
160209 2 0.01 0.7 32.9 0.154027 -0.242502 2.14645 0.00738246 -0.0163495 167.477
160405 2 0.01 0.7 32.9 -0.485696 0.431922 1.9339 -0.027159 0.0265482 167.477
161415 2 0.01 0.7 32.9 0.0901387 0.490766 1.80298 0.00863595 0.0308886 167.477
162812 2 0.01 0.7 32.9 0.351996 0.337476 2.29678 0.0250404 0.0223721 167.477
165196 2 0.01 0.7 32.9 -0.0324899 0.283718 1.78279 -0.00359835 0.0165169 167.477
166084 2 0.01 0.7 32.9 -0.200682 0.247169 2.98888 -0.018499 0.0232785 167.477
166549 2 0.01 0.7 32.9 -0.479205 0.143109 1.38587 -0.0195416 0.00466984 167.477
166975 2 0.01 0.7 32.9 0.302014 0.44673 1.20647 0.0145007 0.0145436 167.477
170311 2 0.01 0.7 32.9 0.115066 0.273421 3.10203 0.0117131 0.025626 167.477
171610 2 0.01 0.7 32.9 0.445967 -0.0277389 0.715006 0.00812987 -0.000485644 167.477
172329 2 0.01 0.7 32.9 0.00412272 0.226429 4.25028 -9.02075e-05 0.029406 167.477
173448 2 0.01 0.7 32.9 -0.137519 0.211512 1.46915 -0.00530402 0.0104381 167.477
175184 2 0.01 0.7 32.9 0.307746 0.0560214 0.779443 0.00830969 0.000833996 167.477
175770 2 0.01 0.7 32.9 -0.409234 0.045118 2.30128 -0.0286419 0.00329727 167.477
176022 2 0.01 0.7 32.9 -0.388615 -0.287647 2.98848 -0.0319734 -0.0235934 167.477
177136 2 0.01 0.7 32.9 0.457133 -0.362228 5.13454 0.071687 -0.0549689 167.477
177667 2 0.01 0.7 32.9 -0.485671 0.0977504 2.49907 -0.0370223 0.00787876 167.477
178435 2 0.01 0.7 32.9 0.106394 -0.300551 1.14582 0.00290656 -0.00808449 167.477
179371 2 0.01 0.7 32.9 0.408188 -0.29882 0.798402 0.0114361 -0.0101127 167.477
179811 2 0.01 0.7 32.9 -0.239656 -0.182637 1.07176 -0.00735932 -0.00622877 167.477
180272 2 0.01 0.7 32.9 -0.143283 0.308162 1.13496 -0.00301477 0.0111438 167.477
180273 2 0.01 0.7 32.9 -0.0206838 -0.450879 4.96169 -0.00320815 -0.0672771 167.477
181742 2 0.01 0.7 32.9 -0.130214 0.319342 2.32822 -0.00899707 0.0233419 167.477
184062 2 0.01 0.7 32.9 0.264121 -0.381879 3.44608 0.0257711 -0.0385808 167.477
186352 2 0.01 0.7 32.9 -0.257261 0.0071313 6.54551 -0.0500118 0.00347919 167.477
187669 2 0.01 0.7 32.9 0.203564 0.0983197 2.03384 0.0143035 0.00872434 167.477
188115 2 0.01 0.7 32.9 -0.142903 -0.295297 1.18023 -0.00592032 -0.0102834 167.477
188673 2 0.01 0.7 32.9 0.154352 -0.0973017 1.90602 0.00903089 -0.00545871 167.477
189227 2 0.01 0.7 32.9 -0.0294544 0.420569 0.710508 -0.00288736 0.0107668 167.477
191651 2 0.01 0.7 32.9 0.0738755 -0.476557 1.52504 0.00267624 -0.022194 167.477
194008 2 0.01 0.7 32.9 -0.3889 0.226069 3.82543 -0.044336 0.0286009 167.477
197273 2 0.01 0.7 32.9 0.271814 -0.0653018 2.84435 0.0230598 -0.00538394 167.477
198678 2 0.01 0.7 32.9 -0.0664089 0.413348 5.20249 -0.009599 0.0671132 167.477
198899 2 0.01 0.7 32.9 -0.142516 -0.469769 1.66213 -0.00715082 -0.0237769 167.477
200415 2 0.01 0.7 32.9 0.146993 -0.24113 1.90438 0.00830005 -0.0132767 167.477
200466 2 0.01 0.7 32.9 0.441822 0.241993 0.589899 0.0104964 0.00636955 167.477
200654 2 0.01 0.7 32.9 0.26363 0.33834 1.73988 0.0148028 0.0178342 167.477
200904 2 0.01 0.7 32.9 0.29404 -0.356752 1.08242 0.0110804 -0.0136337 167.477
207278 2 0.01 0.7 32.9 -0.469499 0.200102 2.33417 -0.0309426 0.0135657 167.477
209724 2 0.01 0.7 32.9 0.432747 -0.0354751 3.16698 0.0404973 -0.00594789 167.477
211366 2 0.01 0.7 32.9 0.0686278 -0.328117 2.18414 0.00567961 -0.02161 167.477
213346 2 0.01 0.7 32.9 -0.0378843 0.369892 14.298 -0.0162539 0.16165 167.477
213436 2 0.01 0.7 32.9 -0.200505 0.0197321 4.58549 -0.0267861 0.00253346 167.477
217585 2 0.01 0.7 32.9 -0.18585 -0.16757 3.63781 -0.0220813 -0.0189433 167.477
220816 2 0.01 0.7 32.9 -0.151502 -0.435398 2.33092 -0.0106094 -0.0295999 167.477
222998 2 0.01 0.7 32.9 0.431498 0.406406 0.643967 0.0103187 0.0059172 167.477
224574 2 0.01 0.7 32.9 0.0874632 0.322877 1.39228 0.00267335 0.0135363 167.477
226596 2 0.01 0.7 32.9 0.387661 0.191229 11.1512 0.130244 0.066222 167.477
227902 2 0.01 0.7 32.9 -0.0101215 0.0411406 1.81297 -0.000859652 0.00270489 167.477
228212 2 0.01 0.7 32.9 0.192054 0.349633 0.989075 0.00476697 0.00838914 167.477
228991 2 0.01 0.7 32.9 0.329426 -0.485516 3.9087 0.0378817 -0.0561931 167.477
233446 2 0.01 0.7 32.9 -0.00515138 -0.282116 2.67071 2.79805e-05 -0.0202859 167.477
234820 2 0.01 0.7 32.9 -0.200551 -0.110566 3.91778 -0.0232186 -0.0127887 167.477
234901 2 0.01 0.7 32.9 -0.0520907 -0.472417 1.8499 -0.00293359 -0.0277811 167.477
235345 2 0.01 0.7 32.9 0.156115 -0.2535 1.1806 0.00477065 -0.00874616 167.477
236241 2 0.01 0.7 32.9 0.231032 -0.375005 2.04612 0.016747 -0.0235965 167.477
236592 2 0.01 0.7 32.9 -0.437373 -0.338713 3.54218 -0.0454035 -0.035603 167.477
236757 2 0.01 0.7 32.9 -0.339171 -0.274531 4.52953 -0.0487103 -0.035876 167.477
239730 2 0.01 0.7 32.9 0.349602 0.278801 4.22706 0.0445104 0.0371681 167.477
239857 2 0.01 0.7 32.9 0.439502 0.426412 3.15864 0.045051 0.0410202 167.477
240663 2 0.01 0.7 32.9 0.030561 -0.115467 2.91124 0.00412529 -0.00895971 167.477
241706 2 0.01 0.7 32.9 0.291534 0.424996 1.8117 0.0150394 0.025098 167.477
244111 2 0.01 0.7 32.9 0.267429 -0.0826963 4.53823 0.0372738 -0.00992052 167.477
246673 2 0.01 0.7 32.9 -0.429152 -0.459211 3.16032 -0.0390368 -0.0449948 167.477
249539 2 0.01 0.7 32.9 -0.46942 -0.195595 6.91577 -0.0978144 -0.0400469 167.477
250077 2 0.01 0.7 32.9 -0.0286641 -0.0518765 2.64216 -0.000295382 -0.00273582 167.477
250879 2 0.01 0.7 32.9 0.33542 0.126539 1.92279 0.0182629 0.00822021 167.477
253051 2 0.01 0.7 32.9 0.268748 0.482729 0.870338 0.0110506 0.0124962 167.477
254460 2 0.01 0.7 32.9 -0.192365 0.17715 1.56677 -0.010659 0.00797551 167.477
257513 2 0.01 0.7 32.9 0.290718 -0.0291457 6.07861 0.0547094 -0.00495257 167.477
258544 2 0.01 0.7 32.9 0.127532 -0.449925 3.72334 0.0147277 -0.050065 167.477
259232 2 0.01 0.7 32.9 -0.421466 0.474537 1.9429 -0.0254312 0.0292764 167.477
259270 2 0.01 0.7 32.9 0.281954 -0.18169 1.82638 0.0143992 -0.0121044 167.477
259273 2 0.01 0.7 32.9 0.276255 0.144202 1.51689 0.0140602 0.00826152 167.477
260157 2 0.01 0.7 32.9 -0.029674 0.291806 1.81693 -0.00224055 0.0175713 167.477
260393 2 0.01 0.7 32.9 -0.0252856 0.216796 3.80808 -0.00454777 0.0243021 167.477
263238 2 0.01 0.7 32.9 -0.0743101 -0.362307 2.05722 -0.00284181 -0.0233145 167.477
264630 2 0.01 0.7 32.9 -0.253813 0.158773 2.14519 -0.0170718 0.00931611 167.477
265152 2 0.01 0.7 32.9 0.488546 -0.499626 0.604543 0.00766022 -0.00856361 167.477
267341 2 0.01 0.7 32.9 0.21764 0.138949 0.555092 0.00843808 0.00285875 167.477
268301 2 0.01 0.7 32.9 -0.42391 -0.118958 5.11321 -0.0656227 -0.0165121 167.477
271099 2 0.01 0.7 32.9 -0.185026 -0.324044 2.59429 -0.0121459 -0.0261972 167.477
272195 2 0.01 0.7 32.9 0.014263 0.125016 4.83026 0.00156816 0.0191757 167.477
275489 2 0.01 0.7 32.9 0.431001 0.238741 2.67559 0.0356118 0.0214418 167.477
276082 2 0.01 0.7 32.9 0.304522 -0.0383601 1.51607 0.0154424 -0.000918204 167.477
276353 2 0.01 0.7 32.9 -0.118856 -0.459536 1.00611 -0.00159791 -0.01612 167.477
281099 2 0.01 0.7 32.9 -0.218705 0.0118836 1.23791 -0.00964082 0.000659868 167.477
281606 2 0.01 0.7 32.9 -0.305482 0.150198 3.35437 -0.0312467 0.0174101 167.477
283118 2 0.01 0.7 32.9 -0.164224 -0.399362 2.65618 -0.0147276 -0.0307807 167.477
284116 2 0.01 0.7 32.9 -0.488521 0.317175 1.99246 -0.0313622 0.0235063 167.477
286459 2 0.01 0.7 32.9 -0.27159 -0.443414 0.750519 -0.00509804 -0.0100359 167.477
286691 2 0.01 0.7 32.9 0.290217 -0.410859 11.28 0.101629 -0.139792 167.477
288492 2 0.01 0.7 32.9 -0.240938 0.415857 2.51672 -0.0164014 0.0317125 167.477
289158 2 0.01 0.7 32.9 0.492242 0.498123 3.35016 0.0510974 0.0509632 167.477
290135 2 0.01 0.7 32.9 -0.24354 0.360129 1.74576 -0.0142377 0.017726 167.477
297026 2 0.01 0.7 32.9 -0.272248 -0.301758 4.10084 -0.0328985 -0.035597 167.477
297507 2 0.01 0.7 32.9 -0.153811 -0.227013 5.01158 -0.0244401 -0.0329629 167.477
299649 2 0.01 0.7 32.9 -0.247558 -0.426512 0.904582 -0.0064146 -0.013305 167.477
301878 2 0.01 0.7 32.9 0.1925 0.27913 4.3941 0.0246539 0.0373626 167.477
304905 2 0.01 0.7 32.9 0.410127 -0.269077 5.51629 0.0698587 -0.0449592 167.477
307519 2 0.01 0.7 32.9 -0.353173 -0.467203 1.62194 -0.0201993 -0.0230875 167.477
307843 2 0.01 0.7 32.9 -0.379703 -0.00476885 2.55515 -0.0302706 0.0004958 167.477
308896 2 0.01 0.7 32.9 0.432615 0.269788 0.842288 0.0123327 0.00506623 167.477
309648 2 0.01 0.7 32.9 -0.110946 -0.197088 6.99969 -0.0218079 -0.0424993 167.477
310025 2 0.01 0.7 32.9 -0.0182065 -0.291373 1.49681 -0.000736793 -0.0120588 167.477
313748 2 0.01 0.7 32.9 0.132838 0.107477 1.28401 0.00552249 0.00391879 167.477
316413 2 0.01 0.7 32.9 -0.482796 -0.060898 1.92855 -0.0292995 -0.00396121 167.477
318758 2 0.01 0.7 32.9 0.45586 -0.353954 3.21276 0.0434407 -0.0331165 167.477
319236 2 0.01 0.7 32.9 -0.229022 0.296635 3.4393 -0.0238804 0.0296858 167.477
320167 2 0.01 0.7 32.9 0.496573 -0.18321 1.72541 0.0262966 -0.0121601 167.477
323765 2 0.01 0.7 32.9 -0.292853 -0.195281 1.94751 -0.0169989 -0.00928397 167.477
327115 2 0.01 0.7 32.9 0.0795138 0.142329 5.81387 0.0149687 0.0245217 167.477
328827 2 0.01 0.7 32.9 -0.433758 0.311218 3.9769 -0.0543932 0.0386496 167.477
330814 2 0.01 0.7 32.9 -0.115279 0.0539146 1.49531 -0.00605887 0.00353245 167.477
331342 2 0.01 0.7 32.9 0.124329 0.475592 2.54845 0.00988016 0.0364889 167.477
331349 2 0.01 0.7 32.9 -0.0157826 0.311775 3.01819 -0.000746046 0.0285726 167.477
331862 2 0.01 0.7 32.9 0.201214 -0.0453977 1.16537 0.00714132 -0.000940079 167.477
335891 2 0.01 0.7 32.9 0.279153 0.111095 4.03956 0.0317793 0.0131432 167.477
336409 2 0.01 0.7 32.9 0.468519 0.236678 1.70884 0.0234153 0.0127174 167.477
338268 2 0.01 0.7 32.9 -0.215734 0.148628 1.55737 -0.00939894 0.00677573 167.477
340463 2 0.01 0.7 32.9 -0.127529 0.0995167 3.41261 -0.0129861 0.0130043 167.477
340910 2 0.01 0.7 32.9 -0.0440346 -0.267635 1.4394 -0.00126513 -0.0106404 167.477
342449 2 0.01 0.7 32.9 -0.184016 -0.414645 0.864415 -0.0054267 -0.00727318 167.477
343226 2 0.01 0.7 32.9 -0.144971 0.398866 1.33446 -0.00266029 0.0155605 167.477
344497 2 0.01 0.7 32.9 0.0854391 0.129213 1.46092 0.00358158 0.00567551 167.477
345340 2 0.01 0.7 32.9 -0.466318 -0.0946585 0.705516 -0.0149735 -0.000498044 167.477
345756 2 0.01 0.7 32.9 -0.107682 -0.290187 4.58449 -0.0164477 -0.0407904 167.477
348335 2 0.01 0.7 32.9 0.206508 -0.272964 1.21096 0.00926193 -0.00642319 167.477
352697 2 0.01 0.7 32.9 -0.311242 -0.140287 7.9814 -0.0755224 -0.0331627 167.477
353844 2 0.01 0.7 32.9 -0.438282 0.225676 1.52374 -0.0210026 0.0135502 167.477
354735 2 0.01 0.7 32.9 -0.130157 0.20554 1.86266 -0.00740678 0.0136577 167.477
355505 2 0.01 0.7 32.9 -0.217381 0.229165 1.85669 -0.0152791 0.0142661 167.477
357095 2 0.01 0.7 32.9 -0.451891 -0.0919575 0.918276 -0.0126444 0.000940008 167.477
357239 2 0.01 0.7 32.9 -0.37388 -0.224439 1.20299 -0.015349 -0.00775578 167.477
358827 2 0.01 0.7 32.9 -0.249052 -0.00784614 3.54477 -0.0284179 -0.000224303 167.477
361572 2 0.01 0.7 32.9 0.00978406 -0.329789 2.28108 -4.12846e-05 -0.0214871 167.477
364482 2 0.01 0.7 32.9 0.064021 0.0924235 1.25021 0.000366889 0.00608082 167.477
364495 2 0.01 0.7 32.9 -0.134837 -0.442776 3.49906 -0.015938 -0.0477319 167.477
365429 2 0.01 0.7 32.9 -0.267036 -0.218473 3.48758 -0.0297732 -0.0235947 167.477
367456 2 0.01 0.7 32.9 0.263559 0.419625 5.61604 0.0454636 0.0734677 167.477
368974 2 0.01 0.7 32.9 -0.264285 -0.335613 1.47703 -0.0135614 -0.0138951 167.477
371418 2 0.01 0.7 32.9 -0.4794 0.0292494 4.69767 -0.0658007 0.00205639 167.477
373574 2 0.01 0.7 32.9 0.0602837 0.246879 2.98036 0.00545467 0.0247466 167.477
376942 2 0.01 0.7 32.9 -0.14062 0.125629 2.11119 -0.00807522 0.00794297 167.477
377012 2 0.01 0.7 32.9 -0.464121 -0.0523607 1.57395 -0.0241836 -0.00115339 167.477
377767 2 0.01 0.7 32.9 0.203377 -0.179443 1.40131 0.0101174 -0.00658448 167.477
378209 2 0.01 0.7 32.9 0.417784 -0.299188 3.56474 0.0449288 -0.0315801 167.477
383993 2 0.01 0.7 32.9 -0.426952 -0.35075 2.10207 -0.0285385 -0.0218919 167.477
384531 2 0.01 0.7 32.9 -0.289702 0.400815 1.5204 -0.0148483 0.0188479 167.477
385657 2 0.01 0.7 32.9 -0.337689 -0.470105 3.99217 -0.0420146 -0.0577685 167.477
385671 2 0.01 0.7 32.9 -0.0771314 0.482436 5.75002 -0.0130227 0.0851489 167.477
385799 2 0.01 0.7 32.9 -0.0519003 -0.0138784 3.95813 -0.00291921 -0.000675409 167.477
389914 2 0.01 0.7 32.9 0.0129717 0.0400501 2.45287 0.00253556 0.00440993 167.477
393867 2 0.01 0.7 32.9 -0.108028 -0.418127 1.17164 -0.00432128 -0.0144532 167.477
394072 2 0.01 0.7 32.9 -0.263071 -0.381365 2.38196 -0.0197756 -0.0221697 167.477
394766 2 0.01 0.7 32.9 -0.425541 0.180069 0.796392 -0.00876832 0.00595502 167.477
395294 2 0.01 0.7 32.9 0.241758 -0.383172 1.35795 0.00955787 -0.0164528 167.477
396106 2 0.01 0.7 32.9 0.286699 -0.271726 4.0347 0.0344377 -0.0332137 167.477
397829 2 0.01 0.7 32.9 0.181232 0.202421 2.68926 0.0148408 0.0167621 167.477
398284 2 0.01 0.7 32.9 -0.207975 -0.0434987 1.921 -0.0121562 -0.00335271 167.477
402026 2 0.01 0.7 32.9 0.294439 0.0557464 2.18132 0.0192363 0.00588695 167.477
402324 2 0.01 0.7 32.9 -0.0680664 0.0257047 3.65535 -0.00799979 0.00609509 167.477
403623 2 0.01 0.7 32.9 -0.452625 0.0046294 4.29174 -0.0580864 0.00283055 167.477
405360 2 0.01 0.7 32.9 -0.444573 -0.0170757 3.64655 -0.050891 -0.00158213 167.477
405832 2 0.01 0.7 32.9 -0.0486202 -0.278438 1.79717 -0.00259622 -0.0150582 167.477
408106 2 0.01 0.7 32.9 -0.338788 0.398476 1.46147 -0.0145687 0.0189909 167.477
409823 2 0.01 0.7 32.9 0.198695 0.484954 2.56422 0.0155149 0.0363416 167.477
412724 2 0.01 0.7 32.9 0.211609 -0.150046 1.08885 0.00500715 -0.00228715 167.477
415222 2 0.01 0.7 32.9 -0.135514 -0.210077 3.42109 -0.013255 -0.0221854 167.477
415986 2 0.01 0.7 32.9 -0.0858618 0.321241 3.20396 -0.00892952 0.0295357 167.477
416216 2 0.01 0.7 32.9 -0.0514385 -0.164512 1.84765 -0.00111488 -0.00790861 167.477
416301 2 0.01 0.7 32.9 -0.00127699 0.387428 1.2671 0.000737478 0.0149426 167.477
418127 2 0.01 0.7 32.9 0.183523 0.154224 0.795971 0.0050878 0.0037059 167.477
420835 2 0.01 0.7 32.9 -0.191713 -0.115687 4.01607 -0.0217973 -0.0137828 167.477
425713 2 0.01 0.7 32.9 -0.169542 -0.192207 1.95972 -0.0107576 -0.0110973 167.477
428929 2 0.01 0.7 32.9 -0.336405 0.495543 5.79232 -0.0603733 0.086329 167.477
429124 2 0.01 0.7 32.9 0.229289 -0.0532898 1.85788 0.0115698 -0.00229686 167.477
430941 2 0.01 0.7 32.9 -0.110908 0.456903 2.8705 -0.0065894 0.0390399 167.477
431725 2 0.01 0.7 32.9 0.449172 0.202645 2.64585 0.0361018 0.0156768 167.477
432936 2 0.01 0.7 32.9 0.463483 -0.128165 1.59577 0.0218733 -0.00377195 167.477
433349 2 0.01 0.7 32.9 0.376842 0.498978 1.65999 0.0176836 0.0262915 167.477
435251 2 0.01 0.7 32.9 0.18727 0.316224 16.0205 0.0893799 0.153535 167.477
436656 2 0.01 0.7 32.9 -0.190841 0.294921 2.3554 -0.0131506 0.0225237 167.477
440872 2 0.01 0.7 32.9 -0.173915 -0.100531 2.23535 -0.0120059 -0.00762814 167.477
443119 2 0.01 0.7 32.9 0.0524848 -0.288195 1.01767 0.00117067 -0.00734766 167.477
443924 2 0.01 0.7 32.9 0.29064 -0.261401 4.4534 0.0397525 -0.0335266 167.477
444789 2 0.01 0.7 32.9 -0.468232 -0.350687 2.14602 -0.0286482 -0.0232816 167.477
445301 2 0.01 0.7 32.9 0.111592 0.323216 2.57021 0.00845581 0.0269088 167.477
448065 2 0.01 0.7 32.9 0.436322 -0.389286 1.77829 0.0238302 -0.0222558 167.477
449111 2 0.01 0.7 32.9 -0.0258347 0.0125248 3.98235 -0.0024428 0.00232374 167.477
449748 2 0.01 0.7 32.9 0.323245 0.158833 4.28039 0.0437117 0.0213433 167.477
449898 2 0.01 0.7 32.9 -0.140162 -0.377204 2.76636 -0.0110869 -0.0313201 167.477
452167 2 0.01 0.7 32.9 0.342446 -0.00805382 2.12183 0.0214934 -0.00127218 167.477
454641 2 0.01 0.7 32.9 0.446171 -0.225187 6.30033 0.0860929 -0.0419534 167.477
456212 2 0.01 0.7 32.9 0.179632 0.425206 2.25473 0.0123759 0.029624 167.477
458036 2 0.01 0.7 32.9 -0.0264389 0.31748 3.41114 -0.00225428 0.0356249 167.477
458592 2 0.01 0.7 32.9 -0.0209268 -0.186384 1.91168 -0.00188034 -0.0111839 167.477
459701 2 0.01 0.7 32.9 -0.268897 0.499086 3.55187 -0.0276312 0.0549055 167.477
461583 2 0.01 0.7 32.9 -0.00495819 -0.183462 1.99604 -0.00170208 -0.0111113 167.477
465107 2 0.01 0.7 32.9 -0.260587 0.12714 3.7796 -0.0315183 0.0125135 167.477
466336 2 0.01 0.7 32.9 -0.109737 -0.0786878 4.1612 -0.0117468 -0.00930734 167.477
473293 2 0.01 0.7 32.9 -0.251616 0.374056 1.13641 -0.00905287 0.0147556 167.477
474886 2 0.01 0.7 32.9 0.292368 0.0802739 2.41085 0.0206564 0.00887121 167.477
475700 2 0.01 0.7 32.9 -0.269693 0.381179 3.23021 -0.0278172 0.0365478 167.477
477365 2 0.01 0.7 32.9 -0.227313 0.115488 3.73484 -0.0247759 0.0127647 167.477
479534 2 0.01 0.7 32.9 0.0521543 0.192315 1.90235 0.00113737 0.0118995 167.477
482043 2 0.01 0.7 32.9 0.306122 0.283548 2.06101 0.0188546 0.0207532 167.477
484198 2 0.01 0.7 32.9 0.0594672 0.0295383 2.1196 0.00561409 0.00167386 167.477
491365 2 0.01 0.7 32.9 -0.411165 -0.447992 1.83959 -0.0227881 -0.0236416 167.477
491765 2 0.01 0.7 32.9 0.153388 0.0497539 2.3175 0.0120728 0.00517167 167.477
492321 2 0.01 0.7 32.9 -7.43756e-05 -0.0289781 5.38493 0.000237288 -0.00294615 167.477
492669 2 0.01 0.7 32.9 -0.292979 -0.409728 3.10228 -0.0282342 -0.03897 167.477
492969 2 0.01 0.7 32.9 -0.00060218 -0.495604 2.73589 0.000145008 -0.0398803 167.477
496694 2 0.01 0.7 32.9 0.467152 0.428328 3.70947 0.0527437 0.0494296 167.477
497101 2 0.01 0.7 32.9 -0.465574 -0.233826 4.72826 -0.0676065 -0.0336963 167.477
497317 2 0.01 0.7 32.9 0.159178 -0.448829 0.677213 0.00179988 -0.00604138 167.477
497482 2 0.01 0.7 32.9 -0.491131 -0.415451 2.71189 -0.0396331 -0.0332885 167.477
497679 2 0.01 0.7 32.9 -0.439694 -0.307248 4.94197 -0.0670181 -0.0470836 167.477
499261 2 0.01 0.7 32.9 0.124514 0.0441242 2.49672 0.0112406 0.0031652 167.477
499767 2 0.01 0.7 32.9 -0.460902 0.117108 1.14451 -0.0174374 0.00374861 167.477
499791 2 0.01 0.7 32.9 0.480636 0.224694 4.77808 0.0680462 0.0313302 167.477
