211 14 0.01 0.3 32.9 -0.285151 -0.452995 8.51447 -0.072908 -0.118001 34.7064
838 14 0.01 0.3 32.9 -0.236549 0.0450128 4.20385 -0.0293319 0.00470459 38.1503
2300 14 0.01 0.3 32.9 0.379789 0.482548 6.5263 0.0764402 0.0936736 33.5796
2413 14 0.01 0.3 32.9 -0.229018 -0.0232869 1.13881 -0.00804685 0.000878367 32.9831
5655 14 0.01 0.3 32.9 -0.403631 0.376151 4.97787 -0.0614161 0.0581174 37.7904
6259 14 0.01 0.3 32.9 -0.0437928 -0.342603 8.78868 -0.0130514 -0.0929528 32.8465
6760 14 0.01 0.3 32.9 0.494586 0.35643 4.99964 0.0753791 0.0550707 34.5857
7402 14 0.01 0.3 32.9 -0.0433575 0.421076 13.1159 -0.0155404 0.167463 32.8548
8167 14 0.01 0.3 32.9 -0.24971 0.0106204 12.167 -0.0927189 0.00551143 32.4656
8418 14 0.01 0.3 32.9 -0.459939 -0.113827 5.88762 -0.0806625 -0.0206576 37.279
9099 14 0.01 0.3 32.9 -0.462884 0.210235 7.21027 -0.100713 0.0473821 36.3083
11354 14 0.01 0.3 32.9 -0.227487 0.120126 5.37254 -0.0357141 0.0200218 32.9519
13199 14 0.01 0.3 32.9 0.0352658 0.412705 5.84645 0.00742877 0.0744941 36.6656
15031 14 0.01 0.3 32.9 -0.156992 -0.481863 8.09413 -0.0394608 -0.115789 35.6353
15155 14 0.01 0.3 32.9 -0.330244 0.178934 4.50007 -0.0464382 0.0227047 37.5782
16132 14 0.01 0.3 32.9 -0.376669 0.0376804 6.75903 -0.0767122 0.00524437 37.2511
17169 14 0.01 0.3 32.9 0.432794 0.34448 3.25759 0.0422586 0.034435 36.353
17748 14 0.01 0.3 32.9 0.494906 -0.497433 10.8548 0.164735 -0.166016 31.4788
18797 14 0.01 0.3 32.9 0.329229 -0.0698421 5.5281 0.0565064 -0.0112603 36.2333
19266 14 0.01 0.3 32.9 -0.417633 0.437835 2.29554 -0.0303863 0.0308562 34.9498
20375 14 0.01 0.3 32.9 0.0394351 0.134083 2.15101 0.00282568 0.00916971 35.4441
22806 14 0.01 0.3 32.9 -0.224826 0.191243 3.04594 -0.0214638 0.0193879 34.7568
25132 14 0.01 0.3 32.9 0.485043 0.0800259 4.67196 0.0671679 0.011837 34.9813
25343 14 0.01 0.3 32.9 -0.277982 -0.485386 6.90807 -0.0595265 -0.10413 33.6563
26346 14 0.01 0.3 32.9 0.373064 0.417493 4.90212 0.0549195 0.0630657 37.0654
26387 14 0.01 0.3 32.9 -0.187523 -0.203817 6.7723 -0.0383334 -0.040149 36.5866
27053 14 0.01 0.3 32.9 0.333316 0.179796 1.32896 0.0150579 0.00445915 32.5967
30900 14 0.01 0.3 32.9 0.282465 -0.221071 1.93514 0.0195654 -0.0107876 33.7961
32722 14 0.01 0.3 32.9 0.0443962 0.461845 4.96137 0.00586518 0.0682228 35.2261
34845 14 0.01 0.3 32.9 0.305882 0.365609 2.79058 0.0278142 0.032508 33.9037
35242 14 0.01 0.3 32.9 -0.412474 0.486854 4.55806 -0.0555909 0.0684417 35.2492
35416 14 0.01 0.3 32.9 0.262112 -0.0963545 4.62468 0.0359476 -0.0130645 33.822
37123 14 0.01 0.3 32.9 0.0393861 -0.298343 4.2673 0.00544678 -0.0367893 34.7506
38632 14 0.01 0.3 32.9 0.0301245 -0.429678 2.59632 0.00264226 -0.0314654 35.995
39063 14 0.01 0.3 32.9 -0.146574 0.187276 1.99866 -0.00681471 0.0121478 35.2536
39799 14 0.01 0.3 32.9 0.00966454 -0.381549 7.40102 0.000930478 -0.0867567 36.5273
41986 14 0.01 0.3 32.9 0.0770232 0.198009 2.74597 0.00843321 0.0148764 34.8468
42728 14 0.01 0.3 32.9 -0.231046 0.281654 12.0568 -0.0861796 0.103396 33.0957
46780 14 0.01 0.3 32.9 0.0294269 0.374296 8.42626 0.00960696 0.0933651 35.1632
47656 14 0.01 0.3 32.9 -0.169032 -0.404859 3.00815 -0.0158634 -0.0374253 34.4271
47770 14 0.01 0.3 32.9 -0.0970918 0.327329 5.58857 -0.0164802 0.0555361 36.8562
48784 14 0.01 0.3 32.9 -0.0675161 0.291973 6.10825 -0.013134 0.0577735 36.8211
50905 14 0.01 0.3 32.9 -0.313256 0.151545 3.49582 -0.0349285 0.0135315 32.7524
51155 14 0.01 0.3 32.9 -0.411802 -0.321775 3.49492 -0.0430535 -0.03289 36.3864
51458 14 0.01 0.3 32.9 0.331352 0.353184 7.40451 0.0740369 0.0812614 36.3012
51800 14 0.01 0.3 32.9 -0.494826 -0.160629 3.96399 -0.0593163 -0.0171814 38.0687
51922 14 0.01 0.3 32.9 0.228858 -0.349506 5.04914 0.0360797 -0.0537177 36.5811
52435 14 0.01 0.3 32.9 -0.354121 0.038485 3.50344 -0.0376856 0.0026807 36.8174
52579 14 0.01 0.3 32.9 0.369322 0.000953362 4.94205 0.0548966 0.00033463 33.1431
59158 14 0.01 0.3 32.9 -0.24446 0.235563 9.50531 -0.069402 0.0671527 33.3778
60368 14 0.01 0.3 32.9 0.0751975 -0.186826 2.96407 0.00840154 -0.0196007 36.4324
60647 14 0.01 0.3 32.9 -0.229404 -0.0623709 4.33437 -0.032253 -0.00629202 33.7798
60814 14 0.01 0.3 32.9 -0.329581 0.28616 6.41293 -0.0642774 0.0558017 35.0666
61320 14 0.01 0.3 32.9 -0.30093 -0.303109 2.95787 -0.0270081 -0.0284815 32.9089
62241 14 0.01 0.3 32.9 0.160469 0.124972 6.16637 0.030057 0.0248748 34.8965
63335 14 0.01 0.3 32.9 -0.11746 -0.461821 2.37523 -0.00892559 -0.0320778 33.2742
63532 14 0.01 0.3 32.9 0.101594 0.357602 5.97522 0.0211059 0.0657743 37.2503
64101 14 0.01 0.3 32.9 0.067596 0.354696 7.53687 0.015171 0.0824422 31.2814
64720 14 0.01 0.3 32.9 -0.155936 0.481547 6.22329 -0.0283323 0.0895163 37.2688
65391 14 0.01 0.3 32.9 -0.223874 0.135517 6.75337 -0.0450002 0.0273085 37.1215
66500 14 0.01 0.3 32.9 -0.0893811 0.194261 6.40037 -0.0180567 0.0399093 36.403
67157 14 0.01 0.3 32.9 -0.194042 0.264599 1.43658 -0.00847519 0.00968343 33.1508
67402 14 0.01 0.3 32.9 -0.230736 -0.486947 9.47935 -0.0678106 -0.140175 32.3233
67702 14 0.01 0.3 32.9 0.246956 -0.497535 4.409 0.033319 -0.0647062 34.5215
67986 14 0.01 0.3 32.9 -0.243148 0.355276 8.93986 -0.0660478 0.0977763 34.4366
69052 14 0.01 0.3 32.9 -0.173923 -0.130903 8.47208 -0.045728 -0.0327679 33.1017
70103 14 0.01 0.3 32.9 -0.385996 0.116811 9.80434 -0.113965 0.0368042 31.8386
70928 14 0.01 0.3 32.9 0.386034 0.308592 7.75025 0.0901899 0.0721021 34.3604
71615 14 0.01 0.3 32.9 0.432347 -0.197983 9.9238 0.130112 -0.0576108 34.0641
72898 14 0.01 0.3 32.9 -0.360281 -0.19597 1.7536 -0.0182951 -0.0113145 32.8857
76419 14 0.01 0.3 32.9 -0.373368 0.0741656 13.2769 -0.14995 0.029437 33.0822
76590 14 0.01 0.3 32.9 -0.407707 -0.432549 11.1987 -0.137612 -0.14943 32.9463
77079 14 0.01 0.3 32.9 0.155054 0.394161 5.82138 0.0282123 0.0691332 35.8955
77568 14 0.01 0.3 32.9 0.405928 -0.212745 2.07977 0.0237665 -0.0132055 33.8115
78878 14 0.01 0.3 32.9 -0.187882 0.473043 5.47358 -0.0316001 0.0803373 34.8639
79574 14 0.01 0.3 32.9 0.152294 -0.420076 6.8214 0.0291517 -0.0896693 37.005
79588 14 0.01 0.3 32.9 0.281724 0.273844 6.36956 0.0540566 0.0537277 36.9896
79704 14 0.01 0.3 32.9 -0.358628 0.0626127 5.43145 -0.0603716 0.0101442 36.2346
80947 14 0.01 0.3 32.9 -0.344857 0.400001 6.78819 -0.0723864 0.0829046 34.5239
81215 14 0.01 0.3 32.9 -0.31586 -0.0732336 4.88705 -0.0460392 -0.0101821 36.8529
82138 14 0.01 0.3 32.9 -0.402096 0.0838768 7.02635 -0.0852245 0.0180379 36.9179
84397 14 0.01 0.3 32.9 0.451038 0.137713 2.58151 0.0344065 0.00953504 32.5983
85891 14 0.01 0.3 32.9 -0.120317 0.233696 4.34887 -0.0159168 0.0312618 37.9676
86026 14 0.01 0.3 32.9 0.474488 -0.478686 2.42951 0.0353444 -0.033681 35.4879
86103 14 0.01 0.3 32.9 -0.426743 0.0161502 17.061 -0.220132 0.00800737 31.9297
86342 14 0.01 0.3 32.9 0.28254 0.317244 6.86431 0.0601626 0.0642514 35.6735
86577 14 0.01 0.3 32.9 -0.258757 -0.120106 2.89797 -0.0223368 -0.0116186 35.3938
89395 14 0.01 0.3 32.9 -0.292729 0.434824 5.41557 -0.0470931 0.0736407 37.433
89970 14 0.01 0.3 32.9 -0.257251 0.144849 8.39103 -0.0646559 0.0354081 35.6707
90104 14 0.01 0.3 32.9 0.127709 0.326708 3.54775 0.012123 0.0337632 33.1086
90940 14 0.01 0.3 32.9 -0.300984 0.393313 10.1282 -0.0923584 0.118705 33.9726
91763 14 0.01 0.3 32.9 -0.455139 0.0318985 3.30614 -0.0455701 0.00312935 33.6427
92595 14 0.01 0.3 32.9 -0.0674272 -0.421675 4.4822 -0.00868713 -0.0556464 35.8741
93452 14 0.01 0.3 32.9 0.112548 -0.0496714 4.94938 0.0180077 -0.00842036 37.6289
93735 14 0.01 0.3 32.9 0.36102 0.395158 2.8096 0.0317602 0.0334451 33.7969
93839 14 0.01 0.3 32.9 0.214692 -0.125351 3.54998 0.0232559 -0.0127458 31.488
93955 14 0.01 0.3 32.9 -0.181086 0.331174 6.62035 -0.0357873 0.0682094 34.3151
95293 14 0.01 0.3 32.9 -0.25568 0.45596 9.4134 -0.0723039 0.131305 34.5356
96313 14 0.01 0.3 32.9 0.091524 0.0840478 3.20722 0.00985882 0.0100831 34.1608
97231 14 0.01 0.3 32.9 -0.436986 0.317273 11.5753 -0.155106 0.111766 33.3229
97838 14 0.01 0.3 32.9 0.00197339 -0.29199 2.60353 0.000659842 -0.0238109 35.1812
98212 14 0.01 0.3 32.9 0.257779 0.195929 12.0602 0.0937981 0.0704596 32.6938
99595 14 0.01 0.3 32.9 0.312717 -0.309343 6.5291 0.0596588 -0.060701 31.8735
99631 14 0.01 0.3 32.9 0.190041 -0.401026 1.98671 0.0110987 -0.0211548 32.7551
100665 14 0.01 0.3 32.9 0.409613 -0.470874 9.46798 0.118607 -0.135786 34.8353
101658 14 0.01 0.3 32.9 0.183477 0.495593 3.05966 0.0165508 0.0442541 35.4195
101943 14 0.01 0.3 32.9 -0.289397 -0.222211 3.76253 -0.0331131 -0.0259355 36.7039
102439 14 0.01 0.3 32.9 0.328193 -0.432866 3.3211 0.0335874 -0.0454532 36.4733
105760 14 0.01 0.3 32.9 -0.0487037 0.0322509 9.85781 -0.0143229 0.00912381 32.4336
105869 14 0.01 0.3 32.9 -0.407184 -0.346904 7.2204 -0.0889746 -0.076436 34.5603
106119 14 0.01 0.3 32.9 0.138589 -0.375074 1.77242 0.0077372 -0.0203856 35.9281
107111 14 0.01 0.3 32.9 0.164405 0.474067 8.17405 0.0420481 0.118609 31.9622
108736 14 0.01 0.3 32.9 0.0823399 0.425852 2.55714 0.00673854 0.0299608 36.4952
109297 14 0.01 0.3 32.9 -0.204426 0.450718 4.2558 -0.0263817 0.0588488 32.0481
110734 14 0.01 0.3 32.9 0.287829 -0.0657231 10.1551 0.0922771 -0.0208647 32.5191
110887 14 0.01 0.3 32.9 0.495767 0.133122 4.76889 0.0702074 0.0208045 34.9732
112282 14 0.01 0.3 32.9 -0.225143 0.456915 9.19113 -0.0638309 0.127113 33.3844
112474 14 0.01 0.3 32.9 0.447961 0.0565083 4.06583 0.0562854 0.00482454 37.8257
112886 14 0.01 0.3 32.9 0.174358 0.470844 5.49407 0.0280109 0.0771372 38.1514
113582 14 0.01 0.3 32.9 0.19195 -0.325866 6.7584 0.0387706 -0.0659862 34.733
114500 14 0.01 0.3 32.9 -0.442868 -0.0590745 6.21105 -0.0820419 -0.0113744 32.7353
117721 14 0.01 0.3 32.9 0.377563 0.349905 3.03946 0.035681 0.0342511 34.7368
118189 14 0.01 0.3 32.9 -0.072404 -0.237029 7.31045 -0.01525 -0.0543946 36.3776
118223 14 0.01 0.3 32.9 -0.0726773 0.265661 15.3622 -0.0326508 0.124924 32.3
120800 14 0.01 0.3 32.9 0.22026 -0.201204 6.10897 0.0397468 -0.0359664 37.1659
121796 14 0.01 0.3 32.9 -0.382037 -0.349018 1.76186 -0.0204374 -0.0211642 32.7906
126685 14 0.01 0.3 32.9 0.446367 -0.4004 4.04362 0.0543201 -0.0475111 36.7687
127111 14 0.01 0.3 32.9 0.198847 0.302108 5.47439 0.0336489 0.0476202 36.9743
127385 14 0.01 0.3 32.9 0.432777 -0.210266 15.637 0.207663 -0.101913 32.4301
127475 14 0.01 0.3 32.9 0.214897 0.380823 13.5168 0.088523 0.156766 33.0265
127936 14 0.01 0.3 32.9 -0.337115 0.107315 5.15242 -0.0518775 0.0160159 38.2346
131365 14 0.01 0.3 32.9 -0.362913 -0.149688 3.56531 -0.0398432 -0.0185314 36.1427
131623 14 0.01 0.3 32.9 0.08537 -0.324144 10.2223 0.0267904 -0.0994029 32.1066
131985 14 0.01 0.3 32.9 -0.37406 -0.123657 7.70464 -0.0883848 -0.0299957 34.4628
134355 14 0.01 0.3 32.9 -0.418139 -0.107954 2.63424 -0.0330787 -0.0110997 32.6573
135443 14 0.01 0.3 32.9 -0.0896026 -0.313804 4.35087 -0.01381 -0.0417276 33.3043
135977 14 0.01 0.3 32.9 -0.138161 0.0268707 4.26196 -0.0169519 0.00371291 33.3569
136313 14 0.01 0.3 32.9 -0.434202 -0.241027 4.34761 -0.0548535 -0.0330236 36.072
138614 14 0.01 0.3 32.9 -0.108116 -0.449306 8.57854 -0.0277087 -0.116513 34.7554
139350 14 0.01 0.3 32.9 0.445928 0.379051 9.25052 0.124403 0.106618 34.9803
139847 14 0.01 0.3 32.9 -0.378343 0.450689 2.17566 -0.0236579 0.0299437 33.5724
141500 14 0.01 0.3 32.9 0.2039 0.393459 10.0702 0.0633454 0.122127 32.0318
142999 14 0.01 0.3 32.9 -0.492109 0.242543 5.11058 -0.0771578 0.0376172 35.2268
143197 14 0.01 0.3 32.9 0.363317 -0.0411147 1.91205 0.0217564 -0.00233074 36.7057
143930 14 0.01 0.3 32.9 0.475438 -0.328149 1.25551 0.0188705 -0.010288 35.0865
144234 14 0.01 0.3 32.9 -0.311221 -0.459047 2.52037 -0.0239135 -0.0337202 35.2393
145511 14 0.01 0.3 32.9 0.366603 0.0937717 4.64735 0.0523353 0.014799 36.8832
145707 14 0.01 0.3 32.9 -0.343788 0.404524 7.95942 -0.0839887 0.0983276 33.6148
145852 14 0.01 0.3 32.9 0.438286 0.117212 6.09997 0.0817676 0.0208858 37.6118
146612 14 0.01 0.3 32.9 -0.357987 -0.0399495 5.66082 -0.0625457 -0.0071067 36.9744
147230 14 0.01 0.3 32.9 -0.276825 -0.436685 4.58898 -0.0393589 -0.0618222 35.0089
147441 14 0.01 0.3 32.9 0.0863134 0.0542075 4.81256 0.0149683 0.00839193 36.2037
148130 14 0.01 0.3 32.9 0.158735 0.381098 5.65057 0.0256398 0.063597 33.9981
150082 14 0.01 0.3 32.9 0.23315 -0.124137 8.61368 0.0606645 -0.032131 32.5513
150118 14 0.01 0.3 32.9 -0.203095 0.479268 4.60489 -0.028403 0.0668385 37.8659
150224 14 0.01 0.3 32.9 0.0822018 -0.199726 3.9777 0.00806271 -0.0230368 37.5124
150305 14 0.01 0.3 32.9 0.0986657 -0.470738 4.49499 0.0143484 -0.0652215 33.1162
150540 14 0.01 0.3 32.9 -0.204163 -0.468406 10.0102 -0.059676 -0.142884 34.2719
150630 14 0.01 0.3 32.9 0.113772 -0.459156 6.55919 0.0229461 -0.0908522 35.9848
151365 14 0.01 0.3 32.9 0.393761 -0.406752 9.33587 0.113412 -0.114914 35.0114
152681 14 0.01 0.3 32.9 -0.339055 0.0129586 10.0882 -0.105542 0.00581311 33.3958
154215 14 0.01 0.3 32.9 -0.407288 0.405633 2.86593 -0.0360484 0.033816 33.8388
154430 14 0.01 0.3 32.9 -0.329481 -0.398265 3.77661 -0.0348893 -0.0469567 34.8421
154833 14 0.01 0.3 32.9 0.151789 -0.472888 5.99742 0.028649 -0.0862289 37.1841
154986 14 0.01 0.3 32.9 -0.356882 0.466368 3.96336 -0.0437376 0.0558234 38.1267
155426 14 0.01 0.3 32.9 0.192477 0.240244 7.89724 0.0446468 0.0562507 33.3013
155693 14 0.01 0.3 32.9 -0.459893 -0.100097 4.26109 -0.0612418 -0.011856 37.9653
156876 14 0.01 0.3 32.9 0.155299 0.279129 4.59546 0.0220086 0.0370371 35.7645
158063 14 0.01 0.3 32.9 0.185445 0.321223 5.20075 0.0311692 0.0507666 35.1913
158432 14 0.01 0.3 32.9 0.405399 -0.0636844 5.71201 0.0702977 -0.0107212 35.6004
158925 14 0.01 0.3 32.9 -0.439334 -0.420107 9.797 -0.130788 -0.127136 32.0937
159176 14 0.01 0.3 32.9 0.462379 -0.398277 3.5553 0.0478719 -0.0411164 38.1106
159925 14 0.01 0.3 32.9 -0.457847 -0.327225 6.97594 -0.0967772 -0.068478 37.0517
160897 14 0.01 0.3 32.9 -0.00864781 0.199626 9.53484 -0.0030139 0.0573904 32.7575
161620 14 0.01 0.3 32.9 0.0862598 0.225698 5.27459 0.0115043 0.0374305 36.8957
162468 14 0.01 0.3 32.9 -0.204972 0.308383 3.53529 -0.0224623 0.0354441 36.2668
162596 14 0.01 0.3 32.9 -0.083664 -0.0600547 8.11907 -0.0217224 -0.0149643 35.222
162768 14 0.01 0.3 32.9 0.420883 -0.298047 13.8125 0.174389 -0.126361 31.6501
162973 14 0.01 0.3 32.9 -0.0342901 -0.205136 9.08905 -0.00804198 -0.0550867 34.9943
162997 14 0.01 0.3 32.9 0.036187 0.357497 7.73689 0.00951062 0.0857192 33.5915
164283 14 0.01 0.3 32.9 -0.0194459 -0.191463 2.36177 0.00143751 -0.0137707 31.3738
165635 14 0.01 0.3 32.9 -0.0507111 -0.364811 0.994231 -0.000999184 -0.00852783 34.004
165680 14 0.01 0.3 32.9 -0.0310226 0.175356 10.9012 -0.00883854 0.0584594 33.6208
167129 14 0.01 0.3 32.9 0.116915 -0.0522915 8.8976 0.0291413 -0.0150719 33.8956
167228 14 0.01 0.3 32.9 -0.289769 0.0402749 8.83894 -0.0780111 0.0123107 34.039
168457 14 0.01 0.3 32.9 0.151739 -0.0912231 7.83503 0.0372804 -0.0213108 33.6066
169179 14 0.01 0.3 32.9 -0.162508 0.271722 5.93874 -0.0279126 0.0508689 33.0748
170628 14 0.01 0.3 32.9 -0.0884182 -0.370504 7.62478 -0.0208854 -0.0874781 35.9148
171794 14 0.01 0.3 32.9 -0.00818826 -0.126613 5.72939 -0.00101619 -0.0228166 37.0804
172575 14 0.01 0.3 32.9 0.481874 0.219749 11.4495 0.168351 0.0770692 33.4355
173437 14 0.01 0.3 32.9 0.108137 -0.160443 6.14056 0.0192636 -0.0280873 33.2185
173501 14 0.01 0.3 32.9 0.499977 0.192747 11.0548 0.168252 0.0643258 33.6672
174533 14 0.01 0.3 32.9 -0.259759 0.29141 9.96452 -0.0794283 0.0888065 32.0503
175866 14 0.01 0.3 32.9 0.270689 -0.0530144 5.98753 0.0496395 -0.00949704 35.259
176091 14 0.01 0.3 32.9 -0.152983 -0.396748 10.6083 -0.0507928 -0.129929 33.2791
176244 14 0.01 0.3 32.9 -0.48432 0.111112 5.05392 -0.0721078 0.0179774 34.5364
177331 14 0.01 0.3 32.9 -0.402596 -0.14724 11.0973 -0.134214 -0.0510865 33.9747
179983 14 0.01 0.3 32.9 0.0525079 0.492422 2.55364 0.000594511 0.0379583 35.3811
180797 14 0.01 0.3 32.9 -0.128592 -0.485867 3.66875 -0.0144074 -0.0538457 36.3376
184204 14 0.01 0.3 32.9 -0.29263 0.378115 9.94111 -0.0890357 0.112744 31.4458
185317 14 0.01 0.3 32.9 -0.43259 0.229292 5.42921 -0.0699088 0.0394397 33.1956
187677 14 0.01 0.3 32.9 0.302081 0.201352 9.15158 0.0823318 0.0569909 34.3451
187679 14 0.01 0.3 32.9 0.204467 0.457442 4.58339 0.0286087 0.0626897 36.4148
188923 14 0.01 0.3 32.9 0.210708 0.204023 11.1545 0.0709032 0.0684826 31.7209
188943 14 0.01 0.3 32.9 0.246459 -0.286237 4.55569 0.0352474 -0.0376763 34.4212
189002 14 0.01 0.3 32.9 -0.345327 0.15151 0.613716 -0.00748509 0.00231837 33.3636
189397 14 0.01 0.3 32.9 0.201101 0.404835 18.2191 0.111551 0.226942 31.8232
190331 14 0.01 0.3 32.9 0.267982 0.238478 3.49436 0.0310186 0.0244177 35.4922
190486 14 0.01 0.3 32.9 -0.403497 -0.0460588 5.30395 -0.0649025 -0.00866835 38.0025
190626 14 0.01 0.3 32.9 -0.397424 -0.404127 9.25886 -0.111441 -0.114471 33.8807
192023 14 0.01 0.3 32.9 0.20263 -0.34111 4.29213 0.0267771 -0.0438135 37.9982
192984 14 0.01 0.3 32.9 -0.114296 0.395067 6.54131 -0.0236542 0.0746861 33.1603
193305 14 0.01 0.3 32.9 0.390159 -0.152041 2.20503 0.0234152 -0.00981131 32.84
193335 14 0.01 0.3 32.9 -0.470697 0.0683299 6.9042 -0.100048 0.0137208 32.5746
195194 14 0.01 0.3 32.9 0.245259 0.397735 17.1814 0.128939 0.20498 31.7485
195707 14 0.01 0.3 32.9 -0.414 0.387619 5.07358 -0.0657586 0.0590832 36.084
197890 14 0.01 0.3 32.9 0.225872 0.288934 4.06522 0.0271529 0.0363581 34.5464
198642 14 0.01 0.3 32.9 -0.338611 -0.453849 6.31641 -0.0662116 -0.0871541 36.3946
199982 14 0.01 0.3 32.9 -0.268151 0.12159 15.8523 -0.129187 0.0556285 32.1749
200002 14 0.01 0.3 32.9 0.347224 0.0836684 9.83256 0.102573 0.0243877 34.0101
200613 14 0.01 0.3 32.9 0.0550659 -0.484121 4.64787 0.00838644 -0.0671149 38.2544
201987 14 0.01 0.3 32.9 0.219974 -0.45639 10.5786 0.0704085 -0.145907 33.5381
202306 14 0.01 0.3 32.9 -0.046372 -0.349241 5.43447 -0.00822163 -0.0577137 35.1831
202950 14 0.01 0.3 32.9 0.260708 0.219611 6.96513 0.0555681 0.0461611 36.9033
204708 14 0.01 0.3 32.9 -0.0267922 0.339895 1.07896 0.000340491 0.00961521 36.097
204780 14 0.01 0.3 32.9 0.149182 -0.074317 5.31269 0.0244937 -0.0128748 34.0402
205953 14 0.01 0.3 32.9 -0.366105 -0.363324 1.19853 -0.0133948 -0.0140726 33.0309
206871 14 0.01 0.3 32.9 -0.0709572 -0.213829 6.11594 -0.0145093 -0.0399792 35.5622
208120 14 0.01 0.3 32.9 -0.0107446 -0.462684 3.04536 0.000226791 -0.041684 33.9352
208189 14 0.01 0.3 32.9 0.304927 0.431857 3.27058 0.0314516 0.0419013 34.2766
208345 14 0.01 0.3 32.9 -0.00250679 -0.028622 5.6634 -0.000300561 -0.00393673 32.5824
208351 14 0.01 0.3 32.9 -0.455549 -0.269728 10.1063 -0.137342 -0.0820272 34.3637
208520 14 0.01 0.3 32.9 -0.0964209 -0.231814 13.8868 -0.0406873 -0.0967712 31.7064
212148 14 0.01 0.3 32.9 -0.0142956 0.367615 7.76079 -0.00342142 0.0871106 31.949
213246 14 0.01 0.3 32.9 -0.237877 -0.235042 7.71896 -0.0553951 -0.05336 32.0018
214843 14 0.01 0.3 32.9 0.230505 0.181857 12.1076 0.087377 0.0703602 31.479
217175 14 0.01 0.3 32.9 -0.391989 -0.270488 7.91089 -0.0947058 -0.0645727 32.1304
217663 14 0.01 0.3 32.9 -0.411826 0.344446 3.97452 -0.0517441 0.0431083 32.5603
218108 14 0.01 0.3 32.9 -0.0540648 -0.264717 10.146 -0.0165831 -0.0833116 34.1078
218233 14 0.01 0.3 32.9 -0.266706 -0.356832 0.277891 -0.0026344 -0.00329478 31.5168
218633 14 0.01 0.3 32.9 -0.378956 0.117629 6.16014 -0.0733881 0.0209017 35.4853
219478 14 0.01 0.3 32.9 0.45997 -0.163517 4.52975 0.0607025 -0.0241309 38.2839
219844 14 0.01 0.3 32.9 0.336425 -0.341547 9.52581 0.0963428 -0.0994116 33.9155
221421 14 0.01 0.3 32.9 0.287033 -0.233526 2.88335 0.0269396 -0.0210327 34.2265
222130 14 0.01 0.3 32.9 0.00501213 0.203478 7.79528 0.00040765 0.0473701 31.4202
222268 14 0.01 0.3 32.9 -0.112301 -0.0433086 2.73335 -0.00869388 -0.00675489 35.4191
222874 14 0.01 0.3 32.9 -0.233265 0.0520895 3.63955 -0.0265266 0.00402514 37.1227
222921 14 0.01 0.3 32.9 0.234949 0.45785 4.8688 0.0340976 0.0650169 38.0663
223272 14 0.01 0.3 32.9 0.193037 0.381698 0.741522 0.00355951 0.00941554 34.5838
223338 14 0.01 0.3 32.9 0.317889 -0.338775 4.47767 0.0424825 -0.0445304 38.2323
225370 14 0.01 0.3 32.9 0.281003 -0.225048 6.91274 0.055518 -0.0488208 36.7607
225636 14 0.01 0.3 32.9 0.458252 0.226573 4.76322 0.0642125 0.0335556 33.269
225685 14 0.01 0.3 32.9 0.022228 -0.171329 6.28485 0.00325727 -0.0326238 33.4989
227044 14 0.01 0.3 32.9 -0.416036 0.304384 7.1811 -0.0889267 0.0648273 34.8303
227897 14 0.01 0.3 32.9 0.437851 -0.277943 3.56383 0.0494876 -0.0310505 36.5176
228420 14 0.01 0.3 32.9 -0.276134 -0.0972442 2.80517 -0.0254552 -0.0089987 34.006
229109 14 0.01 0.3 32.9 0.177126 0.0444833 8.93535 0.0474427 0.0131218 31.7897
231347 14 0.01 0.3 32.9 0.371142 -0.239755 11.8788 0.134908 -0.0862569 32.6062
232891 14 0.01 0.3 32.9 -0.403188 0.258874 2.6655 -0.0340559 0.0216042 35.8699
232981 14 0.01 0.3 32.9 0.288152 0.253461 9.3415 0.0809341 0.0700797 32.6548
233512 14 0.01 0.3 32.9 -0.275746 0.394318 2.60637 -0.0237675 0.032584 33.2191
233997 14 0.01 0.3 32.9 0.407021 -0.0183529 2.14531 0.0261444 -0.00469997 31.1221
235662 14 0.01 0.3 32.9 -0.2354 -0.433122 10.6002 -0.0784602 -0.140511 33.4111
235667 14 0.01 0.3 32.9 0.371721 -0.447043 7.68508 0.0878757 -0.104285 35.3866
236802 14 0.01 0.3 32.9 0.19552 -0.14104 3.84873 0.0223986 -0.016449 37.4602
238651 14 0.01 0.3 32.9 0.389775 0.467589 2.96927 0.0362804 0.0422191 36.4915
239604 14 0.01 0.3 32.9 -0.0837076 -0.132832 3.94897 -0.0108911 -0.0175724 36.7618
240794 14 0.01 0.3 32.9 -0.0215394 -0.390495 6.64802 -0.00228271 -0.0783739 37.0528
240909 14 0.01 0.3 32.9 -0.134179 -0.410692 8.35332 -0.0342462 -0.10606 31.911
241579 14 0.01 0.3 32.9 0.279908 -0.0465155 8.85877 0.0740411 -0.0112732 35.2702
242109 14 0.01 0.3 32.9 -0.171636 -0.245525 4.96025 -0.0255241 -0.0361138 35.5466
242145 14 0.01 0.3 32.9 -0.264009 -0.0198468 8.83015 -0.0710622 -0.00506102 35.124
242392 14 0.01 0.3 32.9 0.198198 -0.041161 4.02899 0.0255218 -0.00714519 36.9356
242727 14 0.01 0.3 32.9 0.0921631 -0.218886 2.53187 0.00860516 -0.0171791 34.3631
242844 14 0.01 0.3 32.9 -0.338253 -0.44323 8.53116 -0.0872245 -0.116005 35.1633
243108 14 0.01 0.3 32.9 0.40462 -0.186912 4.82292 0.0596662 -0.0262174 37.0206
243432 14 0.01 0.3 32.9 0.401682 0.233547 9.19851 0.112311 0.0647738 32.7647
243468 14 0.01 0.3 32.9 0.402805 0.10606 3.571 0.0445457 0.00935949 36.6217
243969 14 0.01 0.3 32.9 -0.20509 -0.156592 4.97574 -0.0312539 -0.0241092 38.4127
249263 14 0.01 0.3 32.9 0.128242 0.38004 5.62189 0.020267 0.0667841 34.3325
250627 14 0.01 0.3 32.9 0.0951984 -0.308364 10.8012 0.0289119 -0.101887 33.5706
251134 14 0.01 0.3 32.9 -0.403938 0.24839 2.90123 -0.0347605 0.020945 36.642
251949 14 0.01 0.3 32.9 0.0884127 -0.244203 3.66561 0.00850999 -0.0287567 37.5513
252074 14 0.01 0.3 32.9 0.482766 -0.135183 5.35967 0.0791348 -0.0209652 31.092
253823 14 0.01 0.3 32.9 0.323904 -0.151641 4.81485 0.0468687 -0.0211735 37.8091
254431 14 0.01 0.3 32.9 0.26263 -0.0928935 7.37215 0.057647 -0.0207377 35.2012
255230 14 0.01 0.3 32.9 -0.416023 0.10911 5.69436 -0.0696609 0.0185235 33.9073
257351 14 0.01 0.3 32.9 -0.302515 0.187938 4.65796 -0.0420401 0.0274893 35.3893
257670 14 0.01 0.3 32.9 0.074874 -0.498475 9.74098 0.022655 -0.147899 34.3928
258608 14 0.01 0.3 32.9 0.131107 0.280646 8.60153 0.0349128 0.0726419 32.5672
258942 14 0.01 0.3 32.9 0.0783941 -0.305872 11.5981 0.0313845 -0.107409 31.6749
259196 14 0.01 0.3 32.9 -0.415409 -0.00102416 4.71 -0.0594159 -0.000239151 36.5868
259321 14 0.01 0.3 32.9 -0.39077 0.14575 5.3347 -0.0647096 0.0223898 31.2648
259477 14 0.01 0.3 32.9 -0.0771731 -0.00971506 5.4303 -0.0127493 -0.000746868 36.0733
259519 14 0.01 0.3 32.9 0.188689 -0.292073 7.33221 0.0440641 -0.0676146 31.4207
259611 14 0.01 0.3 32.9 0.136704 -0.168676 5.57742 0.0219986 -0.0276005 34.6359
259712 14 0.01 0.3 32.9 -0.245918 -0.42845 2.45191 -0.0203338 -0.0329197 37.1569
260063 14 0.01 0.3 32.9 0.120715 0.0569674 12.1413 0.0467484 0.0217995 32.0076
260245 14 0.01 0.3 32.9 -0.333646 -0.25085 9.17453 -0.091346 -0.0707088 34.6733
264733 14 0.01 0.3 32.9 -0.323567 -0.217865 8.30757 -0.0813471 -0.0586369 31.9083
265061 14 0.01 0.3 32.9 0.321324 0.388809 6.16077 0.0582063 0.071139 35.2368
265151 14 0.01 0.3 32.9 0.0793904 -0.313779 6.16614 0.0159551 -0.0584412 34.6982
267497 14 0.01 0.3 32.9 0.0221538 -0.418052 5.91877 0.00660685 -0.0748003 36.7641
268653 14 0.01 0.3 32.9 -0.396593 0.393663 6.70753 -0.0821205 0.0807569 35.9248
270886 14 0.01 0.3 32.9 0.0897637 -0.203204 5.51472 0.0133257 -0.0370048 32.5184
272470 14 0.01 0.3 32.9 -0.486077 0.342735 3.75444 -0.0540304 0.0387738 34.8069
272856 14 0.01 0.3 32.9 -0.0196039 -0.220811 4.91272 -0.00463335 -0.0318983 37.6156
275019 14 0.01 0.3 32.9 0.311985 0.205083 5.95516 0.0565761 0.0366186 36.0621
277633 14 0.01 0.3 32.9 -0.185275 -0.0406319 4.91004 -0.027809 -0.00660457 35.9528
278494 14 0.01 0.3 32.9 0.255579 -0.0684328 1.58729 0.0137194 -0.00461107 33.0875
278504 14 0.01 0.3 32.9 0.0794121 0.0713577 3.63604 0.010548 0.00695603 38.2529
279872 14 0.01 0.3 32.9 -0.211216 -0.227202 8.19938 -0.0512648 -0.0584699 35.7626
281835 14 0.01 0.3 32.9 0.284854 0.0222003 4.64275 0.0393881 0.00528023 34.7276
281963 14 0.01 0.3 32.9 0.242267 0.402997 7.51796 0.0562116 0.0905356 33.9268
282417 14 0.01 0.3 32.9 -0.0904672 0.0338986 4.44356 -0.0123204 0.00512321 37.6955
282511 14 0.01 0.3 32.9 -0.429825 -0.243443 5.93022 -0.0780393 -0.0437586 35.3617
284553 14 0.01 0.3 32.9 -0.272316 0.0639514 2.458 -0.0198151 0.00632699 35.2299
284747 14 0.01 0.3 32.9 -0.0608804 0.488469 2.9704 -0.00510736 0.0436642 35.5965
284857 14 0.01 0.3 32.9 -0.486264 -0.309516 3.29211 -0.0481629 -0.0307972 34.7551
285228 14 0.01 0.3 32.9 0.414434 -0.333515 9.42345 0.117101 -0.0959272 34.924
286540 14 0.01 0.3 32.9 0.0607733 0.138479 10.7569 0.0218429 0.0460045 31.5762
286641 14 0.01 0.3 32.9 0.264474 0.268393 6.72841 0.0533171 0.0540425 35.1521
287734 14 0.01 0.3 32.9 -0.352621 0.324776 0.92133 -0.0089683 0.0101405 35.0676
289450 14 0.01 0.3 32.9 0.385489 -0.0558681 4.20104 0.0501738 -0.00539737 37.0775
290709 14 0.01 0.3 32.9 0.327149 -0.46769 3.67184 0.0364877 -0.0507782 36.1547
291167 14 0.01 0.3 32.9 0.471895 0.205341 11.0425 0.157607 0.0701233 33.2339
291253 14 0.01 0.3 32.9 0.335097 -0.276439 5.61365 0.058024 -0.0470593 34.6712
293280 14 0.01 0.3 32.9 -0.417483 -0.245815 11.4393 -0.144639 -0.0868492 31.9194
294117 14 0.01 0.3 32.9 -0.207851 -0.49444 6.52509 -0.0418449 -0.0974401 36.3357
294577 14 0.01 0.3 32.9 0.0334481 0.223196 6.7161 0.00786138 0.0443337 32.886
294829 14 0.01 0.3 32.9 -0.156795 -0.0211729 5.09562 -0.0248902 -0.00468305 36.3159
294835 14 0.01 0.3 32.9 0.483885 -0.182341 4.62092 0.0680065 -0.0247128 36.6584
295015 14 0.01 0.3 32.9 -0.180166 -0.285483 4.79616 -0.0283151 -0.0421792 37.484
295906 14 0.01 0.3 32.9 -0.488821 0.227222 15.7748 -0.232701 0.11054 31.3632
296310 14 0.01 0.3 32.9 -0.19621 0.439245 4.66737 -0.0284437 0.0654921 34.7546
296554 14 0.01 0.3 32.9 0.0669677 -0.214558 9.41162 0.0191908 -0.0592041 32.6855
297506 14 0.01 0.3 32.9 0.063566 -0.479704 13.6919 0.0269448 -0.201347 32.4126
298011 14 0.01 0.3 32.9 -0.132798 -0.292548 6.34562 -0.0248001 -0.056835 34.6635
299287 14 0.01 0.3 32.9 0.310187 0.385358 3.62887 0.0331249 0.0424182 36.8361
299295 14 0.01 0.3 32.9 0.0105182 0.167829 5.26292 0.00197467 0.0284429 34.896
303297 14 0.01 0.3 32.9 -0.0222066 -0.155396 4.12402 -0.00140402 -0.0185792 37.8901
303399 14 0.01 0.3 32.9 -0.319415 -0.300762 4.37148 -0.0417703 -0.0376075 37.6748
303630 14 0.01 0.3 32.9 -0.44585 -0.0578508 4.4867 -0.0610279 -0.00533213 37.271
304052 14 0.01 0.3 32.9 0.0608603 -0.403939 12.1159 0.0205573 -0.146529 33.1973
306870 14 0.01 0.3 32.9 0.447899 -0.128277 9.78081 0.133054 -0.0421112 34.4333
307361 14 0.01 0.3 32.9 0.335887 -0.310557 5.10277 0.0544097 -0.0470453 38.4065
307616 14 0.01 0.3 32.9 -0.073193 -0.345372 7.0162 -0.0160746 -0.0738763 32.4243
308136 14 0.01 0.3 32.9 -0.0692266 -0.0762478 4.43292 -0.0121484 -0.0113907 32.3566
308364 14 0.01 0.3 32.9 -0.0129784 0.245859 2.90404 -0.00316131 0.0224728 34.2568
309401 14 0.01 0.3 32.9 -0.151849 0.199571 4.74315 -0.0223403 0.0262253 37.3073
314414 14 0.01 0.3 32.9 -0.30883 0.162758 2.63343 -0.0246356 0.0141844 34.7978
315042 14 0.01 0.3 32.9 0.19111 0.468133 4.34096 0.0247736 0.06093 34.5504
317060 14 0.01 0.3 32.9 -0.225946 -0.099457 6.17226 -0.0417333 -0.0164873 35.2853
317685 14 0.01 0.3 32.9 0.373103 0.467587 5.90627 0.0685777 0.0843389 35.0564
320987 14 0.01 0.3 32.9 -0.176175 0.120249 2.07645 -0.0109425 0.00820176 35.2656
321607 14 0.01 0.3 32.9 0.0702228 -0.478455 1.54707 0.00461473 -0.0215713 34.1871
321783 14 0.01 0.3 32.9 -0.228916 -0.409751 4.69914 -0.0322746 -0.059426 38.141
321792 14 0.01 0.3 32.9 0.313723 -0.121926 5.06619 0.0484563 -0.0183813 37.7418
321916 14 0.01 0.3 32.9 -0.329559 -0.300929 5.38236 -0.0514831 -0.0497996 36.9611
322213 14 0.01 0.3 32.9 0.327222 -0.480689 4.09806 0.0415318 -0.0608007 33.4565
323734 14 0.01 0.3 32.9 0.360362 0.256456 16.9254 0.184792 0.133311 32.2377
323840 14 0.01 0.3 32.9 0.459616 0.0349914 8.44392 0.117456 0.00829565 31.453
325129 14 0.01 0.3 32.9 0.174714 0.096758 5.26407 0.0280912 0.01554 36.9513
325608 14 0.01 0.3 32.9 -0.12385 0.427316 6.1927 -0.0206406 0.0807706 36.3695
325748 14 0.01 0.3 32.9 -0.486729 -0.0175432 8.64844 -0.129621 -0.00433866 33.2115
330661 14 0.01 0.3 32.9 -0.255137 -0.347096 3.77856 -0.0305219 -0.0400109 38.0099
331162 14 0.01 0.3 32.9 -0.387132 0.42916 2.31862 -0.0253826 0.0310027 32.1494
331931 14 0.01 0.3 32.9 0.467108 -0.00573779 4.93379 0.0689982 -0.00208029 33.2046
332498 14 0.01 0.3 32.9 0.285114 -0.0977899 4.14032 0.036163 -0.0144542 37.824
332617 14 0.01 0.3 32.9 0.321997 0.402831 5.26294 0.0522841 0.0637049 38.2428
333467 14 0.01 0.3 32.9 0.0910828 0.0110457 6.91419 0.0179632 0.00539611 34.7582
334268 14 0.01 0.3 32.9 -0.00389407 -0.0129295 3.91184 0.00144338 -0.000682515 33.7477
334396 14 0.01 0.3 32.9 -0.0293654 -0.0995289 1.61339 -0.000159368 -0.00254184 36.1436
334528 14 0.01 0.3 32.9 0.0975095 0.190038 8.85341 0.024137 0.0530229 33.5595
336599 14 0.01 0.3 32.9 -0.368524 0.0422472 6.85222 -0.0739323 0.0103602 33.4844
336974 14 0.01 0.3 32.9 0.31511 0.0828018 3.70522 0.0376471 0.00659375 34.5952
337681 14 0.01 0.3 32.9 -0.265672 0.122964 5.79656 -0.0470395 0.0220127 35.1917
338898 14 0.01 0.3 32.9 -0.479894 -0.408733 6.61345 -0.0965608 -0.0813788 36.1993
339382 14 0.01 0.3 32.9 0.210961 -0.341094 3.29633 0.0214154 -0.0337023 35.9237
339693 14 0.01 0.3 32.9 -0.225073 -0.125018 18.8049 -0.129458 -0.0727789 31.8746
340015 14 0.01 0.3 32.9 -0.449916 -0.41013 9.21421 -0.127182 -0.116417 34.7154
340744 14 0.01 0.3 32.9 0.256422 -0.00220873 4.46646 0.0348561 0.00144476 34.4225
342202 14 0.01 0.3 32.9 0.394815 0.384679 5.94098 0.0695842 0.0695246 36.6796
346160 14 0.01 0.3 32.9 0.0341455 0.164623 7.3648 0.0044145 0.0366172 36.1921
346219 14 0.01 0.3 32.9 -0.433395 0.234335 3.33256 -0.0446362 0.02331 32.7303
347232 14 0.01 0.3 32.9 0.263328 0.290829 1.58128 0.0122434 0.0126084 35.9856
347600 14 0.01 0.3 32.9 0.0180212 -0.0259889 7.55507 0.00263727 -0.00532295 35.9667
349143 14 0.01 0.3 32.9 0.0426307 -0.281696 15.3033 0.0183987 -0.131413 31.859
349293 14 0.01 0.3 32.9 -0.241729 -0.17582 1.46291 -0.0105063 -0.00692173 36.1755
349718 14 0.01 0.3 32.9 -0.480746 -0.464191 17.9647 -0.26327 -0.253616 31.9471
349773 14 0.01 0.3 32.9 -0.0386349 0.146375 3.6465 -0.00420594 0.0136869 34.4558
350927 14 0.01 0.3 32.9 -0.284121 0.243975 9.45199 -0.0808248 0.0691914 33.042
351418 14 0.01 0.3 32.9 0.217559 -0.1402 3.32825 0.020565 -0.0155375 34.2544
352155 14 0.01 0.3 32.9 -0.421422 -0.480032 11.8546 -0.151792 -0.170799 31.7362
352483 14 0.01 0.3 32.9 -0.245075 -0.323488 8.73339 -0.0666906 -0.0857391 34.8204
352649 14 0.01 0.3 32.9 -0.173963 -0.113106 4.30417 -0.0225589 -0.0134702 36.9669
353724 14 0.01 0.3 32.9 -0.368514 -0.337441 6.1827 -0.0693419 -0.0659454 35.9311
355432 14 0.01 0.3 32.9 0.0578024 -0.457287 5.88873 0.010278 -0.0828708 37.1178
355457 14 0.01 0.3 32.9 0.308167 -0.13426 6.55924 0.0612072 -0.026771 36.2245
355765 14 0.01 0.3 32.9 0.349713 -0.0938947 8.70543 0.0919108 -0.0240599 34.35
357309 14 0.01 0.3 32.9 0.261589 0.359823 7.89865 0.0604282 0.0853262 34.2571
358318 14 0.01 0.3 32.9 -0.361565 0.071437 2.14631 -0.0227685 0.00476283 34.43
358368 14 0.01 0.3 32.9 -0.0361342 -0.286183 13.862 -0.0157287 -0.120262 31.7362
359756 14 0.01 0.3 32.9 -0.434804 -0.0523595 14.5057 -0.190889 -0.0223845 32.5985
360235 14 0.01 0.3 32.9 0.297178 -0.135052 9.29732 0.083184 -0.0367209 33.0347
360586 14 0.01 0.3 32.9 0.100395 -0.119748 10.7015 0.0308382 -0.0418465 33.8068
360975 14 0.01 0.3 32.9 -0.317739 -0.166686 3.1032 -0.0275156 -0.0145743 35.886
362707 14 0.01 0.3 32.9 -0.326197 -0.0818666 4.20339 -0.0421414 -0.00942722 34.4999
364052 14 0.01 0.3 32.9 0.0974257 -0.37194 3.45061 0.0140253 -0.0355563 34.6533
364133 14 0.01 0.3 32.9 -0.115888 0.0618072 3.71489 -0.0160646 0.00660886 34.4183
369809 14 0.01 0.3 32.9 -0.221639 -0.205552 13.0973 -0.0886595 -0.0813754 32.5496
370505 14 0.01 0.3 32.9 0.133242 0.0982188 11.1168 0.0474251 0.0303569 32.6325
371684 14 0.01 0.3 32.9 0.434085 -0.100698 0.982335 0.0124515 -0.00284224 35.4591
376610 14 0.01 0.3 32.9 0.0557264 0.422772 6.38879 0.0113199 0.0834216 36.2991
376724 14 0.01 0.3 32.9 -0.280903 -0.258735 5.13201 -0.0447844 -0.0435647 32.9269
376770 14 0.01 0.3 32.9 -0.230558 -0.261508 8.86812 -0.0622131 -0.0706861 33.6704
376900 14 0.01 0.3 32.9 -0.240581 0.373775 2.81518 -0.0213155 0.0330964 37.266
377847 14 0.01 0.3 32.9 -0.0213458 -0.365196 5.31345 -0.00239518 -0.0581052 37.7378
378712 14 0.01 0.3 32.9 -0.196847 0.319041 5.96371 -0.0325788 0.0579691 35.0849
379631 14 0.01 0.3 32.9 -0.383508 0.494431 5.15242 -0.0610838 0.0768944 35.0622
381032 14 0.01 0.3 32.9 -0.122238 0.149329 1.17599 -0.00361565 0.0076653 34.0526
381815 14 0.01 0.3 32.9 0.144657 -0.462915 8.88585 0.0394998 -0.125117 34.6566
383864 14 0.01 0.3 32.9 0.234923 0.217526 0.951438 0.00674718 0.00665795 32.7294
383865 14 0.01 0.3 32.9 0.405329 0.398499 10.6651 0.132443 0.128304 33.9589
384441 14 0.01 0.3 32.9 0.326661 -0.311253 2.59792 0.0263717 -0.0228511 34.1382
384503 14 0.01 0.3 32.9 0.268808 -0.0193688 2.73708 0.0252634 -0.000202612 32.2929
387052 14 0.01 0.3 32.9 -0.307745 -0.257138 5.49832 -0.0511792 -0.0461181 37.3831
387378 14 0.01 0.3 32.9 -0.126565 -0.495934 4.01281 -0.0155607 -0.0615497 36.1612
387391 14 0.01 0.3 32.9 -0.0766456 -0.1436 4.37181 -0.0103292 -0.0199984 36.8217
387573 14 0.01 0.3 32.9 0.340141 -0.327771 4.47471 0.0459136 -0.0456228 32.1011
387805 14 0.01 0.3 32.9 0.315729 0.113102 8.25961 0.0781133 0.0284977 34.0649
388053 14 0.01 0.3 32.9 -0.0227226 -0.447782 6.71378 -0.00500318 -0.0903066 35.2517
388188 14 0.01 0.3 32.9 0.154019 -0.356171 6.00497 0.0279876 -0.0641475 34.3639
388830 14 0.01 0.3 32.9 0.124325 -0.486128 9.92811 0.0380033 -0.147349 32.0605
391617 14 0.01 0.3 32.9 0.31969 -0.254882 2.24682 0.0222551 -0.0162278 35.6115
392873 14 0.01 0.3 32.9 0.388015 0.242953 2.4973 0.0262209 0.0191397 33.3141
393374 14 0.01 0.3 32.9 -0.0905366 0.0659807 9.10811 -0.0244269 0.0169038 34.418
393799 14 0.01 0.3 32.9 0.392246 0.0880684 11.2811 0.13639 0.0310089 32.3004
394746 14 0.01 0.3 32.9 -0.0163486 0.415153 1.66517 -0.00276627 0.0214162 37.0748
397217 14 0.01 0.3 32.9 -0.0475071 -0.191758 6.95302 -0.00974621 -0.0408198 35.3201
397361 14 0.01 0.3 32.9 0.226606 -0.186932 4.37843 0.0295856 -0.025706 37.3612
398437 14 0.01 0.3 32.9 0.278245 0.111935 4.83395 0.0423273 0.0158684 37.7331
399427 14 0.01 0.3 32.9 -0.492287 0.251277 6.9256 -0.103034 0.0546407 36.1629
399949 14 0.01 0.3 32.9 -0.451923 0.34479 5.98111 -0.0825649 0.0619173 37.2889
399999 14 0.01 0.3 32.9 -0.239927 0.238426 8.93502 -0.0628303 0.0638973 34.3614
400200 14 0.01 0.3 32.9 0.259371 -0.037933 6.22303 0.0481202 -0.00695703 37.4014
400212 14 0.01 0.3 32.9 -0.431138 0.335374 8.69957 -0.112098 0.0879372 35.483
400638 14 0.01 0.3 32.9 0.0642896 0.157534 7.87595 0.0141546 0.0388046 35.2714
400935 14 0.01 0.3 32.9 0.262782 0.316272 5.94077 0.0484681 0.058303 32.0614
401153 14 0.01 0.3 32.9 0.140948 -0.358714 10.99 0.0473261 -0.118057 33.8704
401166 14 0.01 0.3 32.9 -0.0174314 0.00249234 6.19323 -0.00215554 0.000406719 36.8784
401954 14 0.01 0.3 32.9 -0.205856 0.170591 4.8821 -0.0268551 0.0251781 38.1289
402719 14 0.01 0.3 32.9 -0.141322 0.473817 5.84602 -0.0241619 0.0829612 36.904
404077 14 0.01 0.3 32.9 0.161833 0.403284 3.41045 0.0158701 0.042611 36.3839
405473 14 0.01 0.3 32.9 -0.252571 -0.423276 3.34642 -0.0280942 -0.0427705 36.0842
405595 14 0.01 0.3 32.9 -0.224689 -0.419734 5.49066 -0.0373145 -0.0701183 35.0093
405674 14 0.01 0.3 32.9 -0.163171 0.0899908 2.03436 -0.00721601 0.00396153 33.4782
408368 14 0.01 0.3 32.9 0.398099 0.396562 4.37683 0.0491679 0.0538897 36.4826
408645 14 0.01 0.3 32.9 -0.0809472 -0.0832075 4.52738 -0.00989138 -0.00963102 34.9438
410529 14 0.01 0.3 32.9 -0.242513 0.428388 1.0839 -0.00665458 0.0145175 34.4041
410893 14 0.01 0.3 32.9 0.0921035 0.222428 3.14041 0.0123378 0.0195519 35.6052
410924 14 0.01 0.3 32.9 0.127831 -0.331685 5.23132 0.0198861 -0.053991 36.9985
411729 14 0.01 0.3 32.9 -0.0584771 0.31786 4.76937 -0.0098897 0.0469966 33.7428
412425 14 0.01 0.3 32.9 0.362987 0.26807 5.52247 0.0606863 0.0454301 38.209
412798 14 0.01 0.3 32.9 -0.426406 0.437701 3.54715 -0.0464544 0.0460331 33.6932
415129 14 0.01 0.3 32.9 -0.4049 -0.410738 5.35328 -0.0662971 -0.0642682 38.0864
416753 14 0.01 0.3 32.9 0.0434517 0.368177 8.97703 0.0111963 0.0988005 35.2669
417216 14 0.01 0.3 32.9 0.304547 -0.421541 6.65613 0.0620962 -0.0846888 32.1554
418264 14 0.01 0.3 32.9 -0.423311 -0.347598 4.26819 -0.0540684 -0.0483624 34.9087
418660 14 0.01 0.3 32.9 -0.279506 -0.0186234 8.55493 -0.0737481 -0.0049881 32.9073
419090 14 0.01 0.3 32.9 0.0600594 0.0598103 4.74172 0.00967129 0.00940372 37.4949
419228 14 0.01 0.3 32.9 0.390842 -0.0419758 4.80522 0.0559197 -0.00756109 36.398
419342 14 0.01 0.3 32.9 0.383618 -0.451986 6.79158 0.0792083 -0.0927595 35.855
421437 14 0.01 0.3 32.9 0.363501 -0.381475 9.30413 0.101922 -0.106348 32.2911
422166 14 0.01 0.3 32.9 0.447191 0.482069 4.42626 0.0618693 0.0672615 35.7527
422524 14 0.01 0.3 32.9 0.279633 0.434643 15.0809 0.126702 0.199697 31.9612
422575 14 0.01 0.3 32.9 0.450735 0.22282 6.20346 0.0845515 0.0404609 37.2034
422595 14 0.01 0.3 32.9 0.231833 -0.39333 7.35869 0.0524015 -0.088987 35.2466
423501 14 0.01 0.3 32.9 -0.359888 0.411492 4.38394 -0.047345 0.0563789 34.0368
426189 14 0.01 0.3 32.9 0.260465 0.29635 2.85857 0.0235982 0.0270949 36.621
426637 14 0.01 0.3 32.9 -0.426039 0.00461326 6.81767 -0.0871184 0.00218205 33.8308
427540 14 0.01 0.3 32.9 -0.0933296 0.183692 2.90254 -0.00593714 0.0160574 35.081
428367 14 0.01 0.3 32.9 0.0783716 0.435243 1.63158 0.00201695 0.0209442 35.8643
428668 14 0.01 0.3 32.9 0.370685 0.263175 2.04487 0.0235815 0.017613 36.0679
429581 14 0.01 0.3 32.9 -0.407483 0.464914 4.03922 -0.0505729 0.0563956 34.9964
430176 14 0.01 0.3 32.9 -0.298011 -0.00310594 5.52137 -0.0473716 -0.000213131 38.2297
430617 14 0.01 0.3 32.9 -0.0363064 -0.409434 4.71885 -0.00532262 -0.056418 36.6533
430697 14 0.01 0.3 32.9 0.282478 -0.0235155 4.05727 0.032275 -0.00452321 36.1323
431166 14 0.01 0.3 32.9 -0.361518 0.243646 7.05862 -0.0808554 0.050665 36.1301
431223 14 0.01 0.3 32.9 0.229975 -0.443791 5.53544 0.0376646 -0.0769997 35.511
431451 14 0.01 0.3 32.9 0.114011 -0.436271 9.60408 0.0338372 -0.130049 32.6988
431830 14 0.01 0.3 32.9 0.421249 -0.222988 8.74801 0.113196 -0.0587408 34.3224
432394 14 0.01 0.3 32.9 -0.0121316 -0.30606 2.76489 -0.00130581 -0.026622 35.4067
434868 14 0.01 0.3 32.9 -0.484381 -0.069231 5.42607 -0.0798281 -0.0117576 35.4797
436443 14 0.01 0.3 32.9 0.158454 -0.224148 6.95752 0.0318745 -0.0457751 36.9647
436749 14 0.01 0.3 32.9 -0.00803907 0.00136453 5.52204 0.000605238 -0.00143903 37.8276
438500 14 0.01 0.3 32.9 0.0381453 -0.43683 3.40889 0.00234173 -0.0456852 36.8399
439243 14 0.01 0.3 32.9 -0.00298727 0.00815441 4.45623 -0.00178891 0.0014697 36.1628
441408 14 0.01 0.3 32.9 -0.296732 -0.476611 4.20905 -0.0390402 -0.0614833 33.0357
441468 14 0.01 0.3 32.9 0.171935 -0.0111299 9.66222 0.0515571 -0.00298418 34.7905
443059 14 0.01 0.3 32.9 -0.0385462 -0.263182 5.50654 -0.00590957 -0.0440357 37.3749
444721 14 0.01 0.3 32.9 0.0610896 0.0747926 4.42098 0.0101907 0.0112253 37.9414
446216 14 0.01 0.3 32.9 0.0193537 -0.410017 5.98734 0.00418213 -0.0737064 32.4453
446767 14 0.01 0.3 32.9 -0.178095 -0.353646 3.95852 -0.0197596 -0.0413366 33.9517
447502 14 0.01 0.3 32.9 0.233205 -0.383303 4.67554 0.0327454 -0.0549171 36.8901
447833 14 0.01 0.3 32.9 -0.0772387 0.122795 4.37728 -0.00971046 0.0148948 35.7812
448242 14 0.01 0.3 32.9 -0.473586 0.102054 6.67424 -0.096945 0.0214567 36.1238
449156 14 0.01 0.3 32.9 0.333945 -0.215317 4.77648 0.0484643 -0.0299938 37.2999
449585 14 0.01 0.3 32.9 -0.430043 0.101352 4.03432 -0.0529301 0.0110249 34.7993
449863 14 0.01 0.3 32.9 0.240358 -0.0298569 8.19056 0.0615318 -0.00767303 33.8308
451706 14 0.01 0.3 32.9 -0.230384 -0.379091 4.29919 -0.0267665 -0.0481817 36.1207
451711 14 0.01 0.3 32.9 -0.444591 0.240321 11.1678 -0.150977 0.0803105 33.1461
453803 14 0.01 0.3 32.9 -0.345677 0.291577 3.92726 -0.0419905 0.0336399 37.1928
454569 14 0.01 0.3 32.9 0.438432 -0.312885 4.62924 0.0618883 -0.0443277 37.1033
455812 14 0.01 0.3 32.9 -0.00832138 0.0129185 5.61695 0.00134362 0.00213926 36.5739
456228 14 0.01 0.3 32.9 -0.447227 0.101149 4.5231 -0.0608442 0.0123311 37.7297
457955 14 0.01 0.3 32.9 0.406695 0.245626 4.08224 0.0518604 0.0305697 37.687
458127 14 0.01 0.3 32.9 -0.137899 0.443674 3.54965 -0.0144026 0.0476311 34.9726
458232 14 0.01 0.3 32.9 -0.0382293 -0.462765 9.18648 -0.0109022 -0.128735 34.6376
460726 14 0.01 0.3 32.9 -0.213071 0.371218 1.032 -0.00620384 0.0121537 35.1866
461683 14 0.01 0.3 32.9 0.368102 0.350929 6.80606 0.0735521 0.0735855 36.9262
462364 14 0.01 0.3 32.9 -0.225683 0.00824682 3.61238 -0.0250313 0.00178588 37.1195
464070 14 0.01 0.3 32.9 -0.454619 0.0891536 5.54103 -0.0741935 0.0159684 37.5947
465662 14 0.01 0.3 32.9 -0.262794 -0.421793 2.62464 -0.0184902 -0.0350889 35.4172
466401 14 0.01 0.3 32.9 0.2871 0.479754 3.81982 0.0333071 0.053186 33.8652
469391 14 0.01 0.3 32.9 -0.298088 0.161698 4.79167 -0.0426713 0.0245499 36.6567
469550 14 0.01 0.3 32.9 0.470289 -0.280771 5.07886 0.072769 -0.0441729 35.8905
470019 14 0.01 0.3 32.9 -0.47564 0.380927 8.8582 -0.126463 0.104602 35.3578
470682 14 0.01 0.3 32.9 -0.448405 -0.0703664 5.89328 -0.0782642 -0.00764676 35.4569
471987 14 0.01 0.3 32.9 -0.20959 -0.287365 5.96365 -0.0351139 -0.0517902 36.5352
474310 14 0.01 0.3 32.9 -0.103958 0.0809277 8.22875 -0.0240956 0.0204674 35.0455
474693 14 0.01 0.3 32.9 -0.098595 -0.0652409 10.557 -0.0326959 -0.0188117 33.1344
476230 14 0.01 0.3 32.9 -0.240425 -0.149221 3.61268 -0.0279927 -0.0148947 32.447
476741 14 0.01 0.3 32.9 -0.345235 0.00246346 3.41256 -0.0327973 0.0011993 34.2829
477143 14 0.01 0.3 32.9 -0.177988 -0.202123 3.57903 -0.0186199 -0.0200405 34.7978
479251 14 0.01 0.3 32.9 -0.26001 0.163097 7.03193 -0.0578898 0.0345206 34.8921
479408 14 0.01 0.3 32.9 -0.066619 -0.100478 4.83384 -0.0106416 -0.0141625 34.1101
480817 14 0.01 0.3 32.9 -0.224875 0.0971331 3.29814 -0.0244965 0.0103981 35.7073
481055 14 0.01 0.3 32.9 0.0227286 0.0773029 8.17509 0.00535231 0.0180632 35.6997
481854 14 0.01 0.3 32.9 -0.218424 -0.325481 8.4071 -0.0557943 -0.0837676 34.2983
482920 14 0.01 0.3 32.9 0.154978 -0.230613 3.81482 0.0168597 -0.0252213 37.4482
483136 14 0.01 0.3 32.9 -0.156868 -0.350606 10.6127 -0.0502643 -0.11259 33.3034
483335 14 0.01 0.3 32.9 0.287838 -0.189887 5.59194 0.0469588 -0.0322176 35.4103
483758 14 0.01 0.3 32.9 0.033573 -0.471327 7.61851 0.0103309 -0.10949 36.0866
484393 14 0.01 0.3 32.9 -0.408241 0.131596 5.15377 -0.0653754 0.0203427 37.04
484479 14 0.01 0.3 32.9 0.432142 -0.00427165 5.1993 0.0687804 -0.00125624 37.2386
485365 14 0.01 0.3 32.9 -0.235302 -0.245971 1.25855 -0.00870831 -0.0103928 32.9542
487130 14 0.01 0.3 32.9 0.40074 -0.143199 3.56584 0.0442769 -0.015415 35.1026
487392 14 0.01 0.3 32.9 0.450969 -0.448639 8.37954 0.11397 -0.117847 34.3466
487555 14 0.01 0.3 32.9 0.347385 -0.126068 3.19535 0.0365094 -0.0117173 35.5844
488412 14 0.01 0.3 32.9 0.0895194 0.2835 23.9032 0.0652478 0.206654 31.4256
488986 14 0.01 0.3 32.9 0.277524 -0.033789 1.66518 0.0127747 -0.00324615 32.8297
489155 14 0.01 0.3 32.9 -0.210731 0.0876166 4.05713 -0.0246481 0.0108552 32.4238
489443 14 0.01 0.3 32.9 0.475057 -0.134799 5.0961 0.0744462 -0.0190761 36.4274
489492 14 0.01 0.3 32.9 0.0347016 0.202016 5.52197 0.00429194 0.0353724 36.3185
491702 14 0.01 0.3 32.9 0.20921 -0.205555 3.96121 0.0240577 -0.0240353 37.9432
492104 14 0.01 0.3 32.9 -0.283235 -0.458412 2.076 -0.019064 -0.0309295 33.0065
493861 14 0.01 0.3 32.9 0.213547 0.283502 2.07043 0.0157388 0.0174759 36.3308
493993 14 0.01 0.3 32.9 -0.243235 0.304413 7.63487 -0.0565306 0.070886 32.9188
496641 14 0.01 0.3 32.9 -0.246903 -0.485178 5.77711 -0.0424027 -0.085437 35.6748
498868 14 0.01 0.3 32.9 0.480959 0.488706 5.24476 0.0764313 0.075186 36.8425
499195 14 0.01 0.3 32.9 -0.379511 -0.460405 3.59363 -0.0415728 -0.0504892 36.0206
