86000887 0 0.01 3.5 32.9 0.473202 -0.0684978 2.56596 0.0397996 -0.00311728 15.4731
86002529 0 0.01 3.5 32.9 0.492034 -0.240015 3.25805 0.0492633 -0.0206191 15.4731
86002931 0 0.01 3.50002 32.9 0.249327 -0.0556036 8.08818 0.0613549 -0.0108354 15.4731
86004033 0 0.01 3.5 32.9 -0.10309 0.193637 1.33028 -0.00391353 0.0164174 15.4731
86006835 0 0.01 3.5 32.9 -0.351599 -0.434286 1.38807 -0.0174163 -0.0185544 15.4731
86007647 0 0.01 3.5 32.9 0.139658 -0.12119 3.61819 0.0155685 -0.0125098 15.4731
86009406 0 0.01 3.5 32.9 -0.213001 0.166181 20.2459 -0.131198 0.104758 15.4731
86009724 0 0.01 3.49997 32.9 0.0752467 0.261756 4.4312 0.00928493 0.0344543 15.4731
86011204 0 0.01 3.5 32.9 -0.289465 -0.465313 2.61102 -0.0220989 -0.0343811 15.4731
86012625 0 0.01 3.5 32.9 -0.0135932 -0.133944 4.02833 -0.00197778 -0.0159464 15.4731
86013441 0 0.01 3.5 32.9 0.371993 0.25127 1.21781 0.0147785 0.00760552 15.4731
86013446 0 0.01 3.5 32.9 0.340325 -0.256123 4.57039 0.047368 -0.0356262 15.4731
86013554 0 0.01 3.5 32.9 0.0401626 -0.380178 4.18154 0.00787555 -0.0470873 15.4731
86015161 0 0.01 3.5 32.9 -0.241236 0.215257 2.89962 -0.0178981 0.018698 15.4731
86015830 0 0.01 3.49993 32.9 -0.20407 -0.467431 55.2503 -0.344475 -0.780726 15.4731
82004876 0 0.01 3.49888 32.9 0.0860653 -0.391781 13.6696 0.0364435 -0.159984 15.4755
82008360 0 0.01 3.5 32.9 -0.219302 0.0847307 15.07 -0.102007 0.0407531 15.4755
82009402 0 0.01 3.5 32.9 -0.0363531 -0.453965 5.77452 -0.00318004 -0.0781123 15.4755
82009670 0 0.01 3.50003 32.9 -0.0740295 0.189305 43.7139 -0.0973784 0.253576 15.4755
82009803 0 0.01 3.5 32.9 0.16757 -0.247208 7.04663 0.0332768 -0.0520497 15.4755
82012795 0 0.01 3.5 32.9 -0.211027 -0.184106 2.54364 -0.01917 -0.0154994 15.4755
81000787 0 0.01 3.5 32.9 0.368173 -0.284726 3.84468 0.0450834 -0.0293263 15.4662
81003048 0 0.01 3.5 32.9 0.00465084 -0.107022 2.8892 0.000796808 -0.0102598 15.4662
81003260 0 0.01 3.5 32.9 -0.262385 0.454954 2.95572 -0.0242386 0.039834 15.4662
81004390 0 0.01 3.5 32.9 -0.00428993 -0.369736 3.91341 -0.000811642 -0.0401981 15.4662
81004636 0 0.01 3.50003 32.9 0.38831 0.321185 44.4069 0.523183 0.432607 15.4662
81005061 0 0.01 3.5 32.9 0.0102534 0.14847 2.11615 -0.000472041 0.0144404 15.4662
81005867 0 0.01 3.49999 32.9 0.310559 -0.428593 3.62389 0.0338576 -0.0465951 15.4662
81007216 0 0.01 3.5 32.9 -0.250674 0.244527 4.84083 -0.0390429 0.0348724 15.4662
81008150 0 0.01 3.5 32.9 -0.213056 0.17565 5.4009 -0.032836 0.029056 15.4662
81013194 0 0.01 3.50003 32.9 0.361253 -0.489299 36.1426 0.399271 -0.537291 15.4662
83000114 0 0.01 3.5 32.9 -0.0320751 -0.0907596 4.19221 -0.00292437 -0.0109075 15.4771
83000884 0 0.01 3.5 32.9 -0.44406 0.327792 3.30389 -0.0466819 0.0313367 15.4771
83001362 0 0.01 3.5 32.9 -0.225386 -0.406346 2.60545 -0.0158148 -0.0318992 15.4771
83002560 0 0.01 3.5 32.9 0.434552 -0.421319 46.3735 0.613702 -0.593353 15.4771
83003441 0 0.01 3.5 32.9 -0.190401 0.457506 2.30271 -0.0101079 0.0352254 15.4771
83003878 0 0.01 3.5 32.9 0.0165278 0.403386 9.24426 0.0055798 0.115026 15.4771
83006245 0 0.01 3.5 32.9 -0.396636 0.266979 2.43415 -0.0305034 0.0192435 15.4771
83008058 0 0.01 3.5 32.9 -0.496942 0.383335 3.8676 -0.0619706 0.0459945 15.4771
83009021 0 0.01 3.5 32.9 0.158495 0.484595 3.11577 0.0142861 0.0490979 15.4771
83009184 0 0.01 3.5 32.9 -0.149973 -0.126717 4.61079 -0.0231071 -0.0185123 15.4771
83009476 0 0.01 3.5 32.9 -0.0839772 -0.0317254 2.3981 -0.00731588 -0.00540705 15.4771
83009872 0 0.01 3.5 32.9 0.084701 -0.406229 3.36789 0.00815441 -0.0453592 15.4771
83010424 0 0.01 3.49999 32.9 -0.359306 0.189389 51.7606 -0.566604 0.299064 15.4771
83012280 0 0.01 3.5 32.9 -0.0738556 -0.375444 7.379 -0.0167963 -0.0830892 15.4771
83013181 0 0.01 3.50002 32.9 -0.191149 -0.356058 54.8747 -0.319934 -0.594341 15.4771
83013479 0 0.01 3.5 32.9 -0.368444 0.285057 2.85925 -0.0346334 0.0284585 15.4771
80000115 0 0.01 3.5 32.9 0.0144777 -0.0959339 5.84039 0.00216763 -0.016451 15.4673
80004479 0 0.01 3.5 32.9 0.484903 0.344998 3.66309 0.0553961 0.0411284 15.4673
80004883 0 0.01 3.5 32.9 -0.495832 -0.197732 4.19301 -0.0640646 -0.025347 15.4673
80010615 0 0.01 3.5 32.9 -0.262985 -0.266354 6.79443 -0.0548745 -0.0532192 15.4673
80011192 0 0.01 3.5 32.9 -0.366729 0.367025 3.23518 -0.037475 0.0415788 15.4673
80013888 0 0.01 3.50001 32.9 -0.293619 0.362927 44.5058 -0.398986 0.491207 15.4673
80016351 0 0.01 3.50003 32.9 -0.326649 0.424956 5.80369 -0.0588166 0.0770807 15.4673
57003836 0 0.01 3.49958 32.9 0.0427403 -0.278847 20.8904 0.0279844 -0.178209 15.467
57004603 0 0.01 3.50007 32.9 0.467186 -0.096482 26.9863 0.383181 -0.0785101 15.467
57006707 0 0.01 3.49997 32.9 0.480275 -0.0645399 36.1726 0.529236 -0.0717343 15.467
57007220 0 0.01 3.5 32.9 -0.209355 0.464432 3.32318 -0.0184044 0.0479421 15.467
57008922 0 0.01 3.5 32.9 0.144064 0.201734 20.2327 0.0888189 0.124849 15.467
57010839 0 0.01 3.49998 32.9 -0.14339 0.118852 44.7072 -0.19502 0.16315 15.467
57013181 0 0.01 3.5 32.9 0.174386 0.458198 2.94159 0.0168494 0.0420422 15.467
57014269 0 0.01 3.5 32.9 0.275201 -0.265777 1.70592 0.0178121 -0.00910101 15.467
57014684 0 0.01 3.50003 32.9 0.286519 0.220692 35.3956 0.310096 0.240367 15.467
57016114 0 0.01 3.50002 32.9 -0.226973 0.248273 42.2886 -0.293966 0.320507 15.467
57016703 0 0.01 3.5 32.9 -0.117892 -0.409961 5.19489 -0.018304 -0.0620285 15.467
57017291 0 0.01 3.5 32.9 -0.0682377 0.382495 2.99178 -0.00628134 0.0358368 15.467
54000716 0 0.01 3.5 32.9 -0.211175 0.499732 4.56766 -0.0288919 0.0682593 15.4213
54003918 0 0.01 3.5 32.9 0.232219 0.286096 5.77478 0.0393589 0.0523907 15.4213
54004425 0 0.01 3.5 32.9 -0.302116 -0.268475 36.1088 -0.332944 -0.292425 15.4213
54005858 0 0.01 3.5 32.9 -0.356475 -0.365053 10.6135 -0.113584 -0.115153 15.4213
54009289 0 0.01 3.49998 32.9 -0.298924 0.108175 46.6845 -0.426065 0.155748 15.4213
54009374 0 0.01 3.5 32.9 -0.231677 0.232702 6.1181 -0.0426292 0.0426889 15.4213
54011874 0 0.01 3.5 32.9 -0.325794 -0.121046 2.5709 -0.0231377 -0.00789401 15.4213
54012872 0 0.01 3.5 32.9 0.111708 -0.290262 4.16218 0.0163173 -0.0360946 15.4213
54013607 0 0.01 3.5 32.9 0.482116 -0.438243 1.89459 0.0278213 -0.0256397 15.4213
54015233 0 0.01 3.5 32.9 -0.164249 0.288333 5.84842 -0.0273803 0.0520585 15.4213
54015269 0 0.01 3.5 32.9 -0.0578695 -0.141536 4.33688 -0.00811706 -0.0167871 15.4213
68001953 0 0.01 3.5 32.9 -0.326742 0.251115 2.86874 -0.0247948 0.0234242 15.4149
68002104 0 0.01 3.5 32.9 -0.24845 0.21047 2.91056 -0.0203799 0.0197076 15.4149
68002548 0 0.01 3.5 32.9 -0.231032 0.413268 29.8047 -0.208173 0.374267 15.4149
68007042 0 0.01 3.5 32.9 -0.394344 -0.357028 3.84948 -0.0430903 -0.0415581 15.4149
68008544 0 0.01 3.49972 32.9 0.316292 -0.146117 24.304 0.231091 -0.108544 15.4149
68010873 0 0.01 3.5 32.9 -0.112492 -0.269512 4.99729 -0.0180125 -0.0404156 15.4149
68011465 0 0.01 3.5 32.9 -0.199126 0.0554609 1.97358 -0.00908616 -0.00555245 15.4149
68012134 0 0.01 3.49993 32.9 -0.0573166 -0.275152 45.8795 -0.0813479 -0.382993 15.4149
68012913 0 0.01 3.50014 32.9 -0.125961 0.314501 2.30078 -0.00909123 0.0261042 15.4149
20001298 0 0.01 3.5 32.9 0.277523 -0.0912423 2.07164 0.0142572 -0.0104382 15.4794
20002518 0 0.01 3.5 32.9 0.354898 -0.124202 3.90414 0.0459178 -0.01215 15.4794
20005878 0 0.01 3.5 32.9 0.0381415 0.0997964 1.26853 0.00190198 0.00872077 15.4794
20008492 0 0.01 3.49999 32.9 0.463 0.0794698 11.876 0.167233 0.0310429 15.4794
20012248 0 0.01 3.5 32.9 0.432865 0.384402 3.30445 0.0432799 0.0364681 15.4794
20012698 0 0.01 3.5 32.9 -0.449809 0.25692 0.687237 -0.0042987 0.0110469 15.4794
20013923 0 0.01 3.5 32.9 0.291115 0.499836 0.479138 0.00681969 0.0110134 15.4794
20014311 0 0.01 3.5 32.9 -0.392581 -0.13204 12.7138 -0.151847 -0.0506631 15.4794
20014668 0 0.01 3.49999 32.9 0.256843 0.374379 44.6081 0.348099 0.508551 15.4794
20014942 0 0.01 3.5 32.9 -0.129147 0.371161 2.20192 -0.0100186 0.0247456 15.4794
20015172 0 0.01 3.49993 32.9 0.179936 0.495779 35.8155 0.193663 0.540817 15.4794
51001565 0 0.01 3.5 32.9 -0.276016 -0.37519 3.67801 -0.0274534 -0.0382005 15.4743
51003421 0 0.01 3.5 32.9 0.020998 -0.0923255 3.49689 -0.00176368 -0.0102316 15.4743
51004310 0 0.01 3.5 32.9 0.198507 0.179848 4.8098 0.028619 0.0269368 15.4743
51004664 0 0.01 3.50014 32.9 -0.49048 0.145527 33.5909 -0.499394 0.150063 15.4743
51005340 0 0.01 3.50001 32.9 0.227469 -0.202698 5.80331 0.03808 -0.034117 15.4743
51007683 0 0.01 3.50001 32.9 0.293158 0.370831 35.9816 0.321904 0.404795 15.4743
51008585 0 0.01 3.5 32.9 -0.110794 0.349275 6.9095 -0.022348 0.0732356 15.4743
51010085 0 0.01 3.5 32.9 -0.295914 0.187019 5.53223 -0.0492337 0.0321047 15.4743
51013638 0 0.01 3.5 32.9 0.213444 0.248694 3.56524 0.0256285 0.0282669 15.4743
51015398 0 0.01 3.5 32.9 0.144244 -0.497095 3.37522 0.0169136 -0.0534274 15.4743
51016384 0 0.01 3.5 32.9 -0.228561 0.222022 4.55433 -0.032069 0.0313702 15.4743
52002441 0 0.01 3.5 32.9 -0.232183 0.319998 10.0049 -0.0714921 0.0993618 15.4588
52002628 0 0.01 3.5 32.9 0.423168 0.406377 8.7568 0.111031 0.108408 15.4588
52006193 0 0.01 3.5 32.9 0.168753 0.159816 1.14588 0.0117295 0.0154448 15.4588
52006985 0 0.01 3.49996 32.9 -0.383722 -0.193916 45.9759 -0.534409 -0.270788 15.4588
52007416 0 0.01 3.5 32.9 -0.114271 -0.30701 4.00469 -0.0125571 -0.0376164 15.4588
52007867 0 0.01 3.49993 32.9 0.205175 0.00772862 49.7776 0.314371 0.0136718 15.4588
52009116 0 0.01 3.50005 32.9 -0.493773 -0.364489 34.4189 -0.515928 -0.380701 15.4588
52011123 0 0.01 3.5 32.9 0.0635728 -0.435351 44.8252 0.0853469 -0.593355 15.4588
52012119 0 0.01 3.5 32.9 0.274406 -0.469555 4.48341 0.0355308 -0.0630956 15.4588
52012790 0 0.01 3.5 32.9 0.348146 -0.105533 4.17761 0.0463567 -0.0165939 15.4588
52013646 0 0.01 3.5 32.9 -0.264994 0.351767 4.29504 -0.0326787 0.04358 15.4588
52014599 0 0.01 3.50007 32.9 0.426746 0.326819 31.9729 0.415189 0.318355 15.4588
52015510 0 0.01 3.49944 32.9 -0.372985 -0.172555 18.8237 -0.21337 -0.098377 15.4588
52015519 0 0.01 3.50007 32.9 -0.0300762 -0.212447 31.3321 -0.027787 -0.203471 15.4588
52015527 0 0.01 3.50002 32.9 0.401074 -0.20338 44.3004 0.539494 -0.275939 15.4588
53001701 0 0.01 3.5 32.9 -0.487885 -0.355303 10.4001 -0.153237 -0.111058 15.4693
53001739 0 0.01 3.5 32.9 0.00894361 -0.343742 4.40387 -0.00220274 -0.0424343 15.4693
53004972 0 0.01 3.5 32.9 -0.283383 0.146546 5.96341 -0.0516828 0.0288061 15.4693
53008467 0 0.01 3.49999 32.9 0.472292 0.20876 9.61766 0.137274 0.059823 15.4693
53008583 0 0.01 3.5 32.9 -0.144243 -0.477345 6.32138 -0.0290656 -0.0921788 15.4693
53011548 0 0.01 3.5 32.9 -0.0696345 0.413123 4.72102 -0.00603941 0.0592848 15.4693
53017083 0 0.01 3.5 32.9 -0.479053 0.0359534 1.42577 -0.0213428 0.0052224 15.4693
50000096 0 0.01 3.49998 32.9 0.229405 -0.0399001 43.1782 0.301908 -0.0534576 15.4746
50001094 0 0.01 3.5 32.9 0.271256 -0.397398 2.3281 0.0251099 -0.0285074 15.4746
50002090 0 0.01 3.5 32.9 -0.154768 -0.248791 5.31573 -0.0271923 -0.0401237 15.4746
50003280 0 0.01 3.5 32.9 0.35567 0.285014 10.1464 0.108467 0.0874629 15.4746
50006178 0 0.01 3.5 32.9 -0.449513 -0.0822687 1.80816 -0.0183284 -0.0025189 15.4746
50007724 0 0.01 3.5 32.9 0.373648 0.481384 6.03577 0.0693736 0.0904653 15.4746
50010645 0 0.01 3.5 32.9 0.494151 -0.0955725 4.95204 0.0702159 -0.0127843 15.4746
50013900 0 0.01 3.5 32.9 -0.0463103 -0.151713 4.29515 -0.00520015 -0.0195484 15.4746
50016347 0 0.01 3.49972 32.9 0.288259 0.335811 22.979 0.199107 0.23283 15.4746
58003168 0 0.01 3.5 32.9 -0.437885 0.217077 5.38828 -0.0729944 0.0366719 15.455
58008763 0 0.01 3.5 32.9 0.321977 0.450402 1.5196 0.0128315 0.0193978 15.455
58009146 0 0.01 3.5 32.9 0.0785346 -0.217611 2.98647 0.00606715 -0.0194675 15.455
58012464 0 0.01 3.5 32.9 -0.119579 0.221154 6.01122 -0.021449 0.0386119 15.455
58012764 0 0.01 3.5 32.9 -0.421349 -0.206915 26.0697 -0.333314 -0.162605 15.455
58016621 0 0.01 3.5 32.9 0.0976304 0.3243 2.5774 0.00768941 0.0257995 15.455
79000231 0 0.01 3.49993 32.9 0.374219 0.0472489 47.3693 0.539389 0.0660375 15.4284
79001385 0 0.01 3.50002 32.9 0.305578 -0.00434069 72.8869 0.677548 -0.0100193 15.4284
79005335 0 0.01 3.50001 32.9 -0.214975 -0.178659 45.1532 -0.297125 -0.247813 15.4284
79008401 0 0.01 3.5 32.9 0.383434 0.123333 2.99861 0.0334277 0.0128092 15.4284
79013518 0 0.01 3.50007 32.9 -0.0752472 0.0566677 34.238 -0.0800521 0.0574585 15.4284
79013685 0 0.01 3.49986 32.9 0.0271176 0.189058 29.8989 0.0257913 0.174485 15.4284
79014555 0 0.01 3.50006 32.9 -0.243102 -0.211332 35.6418 -0.263548 -0.228726 15.4284
79014622 0 0.01 3.5 32.9 -0.389126 -0.158309 2.11467 -0.0261054 -0.00960615 15.4284
79014628 0 0.01 3.5 32.9 0.107612 -0.475597 3.58403 0.0116678 -0.051046 15.4284
48001509 0 0.01 3.50014 32.9 -0.482685 -0.401362 35.5344 -0.525075 -0.432848 15.4639
48004182 0 0.01 3.5 32.9 -0.287135 0.3801 2.08987 -0.0205079 0.025762 15.4639
48004865 0 0.01 3.5 32.9 0.444802 -0.199853 3.31833 0.0450504 -0.016665 15.4639
48006392 0 0.01 3.5 32.9 0.237173 0.453191 7.22383 0.0535701 0.0995933 15.4639
48007036 0 0.01 3.5 32.9 0.0444667 -0.176361 6.66728 0.00798996 -0.0344467 15.4639
48010651 0 0.01 3.5 32.9 -0.424076 -0.345287 4.38976 -0.0565937 -0.0453347 15.4639
48012488 0 0.01 3.5 32.9 0.0873838 -0.152484 3.31753 0.0092356 -0.013651 15.4639
48012971 0 0.01 3.5 32.9 0.414965 0.289208 5.58615 0.0707173 0.0511835 15.4639
48013224 0 0.01 3.5 32.9 0.0720115 0.244641 8.19807 0.0181905 0.0580799 15.4639
48016810 0 0.01 3.49998 32.9 -0.0713993 0.0594635 46.1824 -0.100853 0.0830416 15.4639
3000192 0 0.01 3.5 32.9 -0.0613242 -0.360927 3.57775 -0.0082616 -0.0367412 15.4758
3001649 0 0.01 3.5 32.9 -0.463702 0.143644 1.14324 -0.0206321 0.0107189 15.4758
3001783 0 0.01 3.49993 32.9 0.42219 -0.31916 53.0726 0.682618 -0.512998 15.4758
3001892 0 0.01 3.5 32.9 -0.167565 -0.0177981 10.1723 -0.053071 -0.00467373 15.4758
3002234 0 0.01 3.5 32.9 -0.250734 0.408286 16.58 -0.126523 0.207 15.4758
3003592 0 0.01 3.49998 32.9 -0.0141695 0.212387 41.8081 -0.0199295 0.269349 15.4758
3004211 0 0.01 3.5 32.9 0.447901 -0.206226 20.3249 0.276539 -0.126072 15.4758
3004219 0 0.01 3.49997 32.9 -0.49145 0.302397 35.7496 -0.533121 0.328007 15.4758
3004391 0 0.01 3.5 32.9 -0.401703 -0.296382 4.16308 -0.0478251 -0.0377297 15.4758
3005409 0 0.01 3.49986 32.9 -0.185382 -0.187438 29.9079 -0.166295 -0.169925 15.4758
3007507 0 0.01 3.5 32.9 -0.0102698 0.2054 0.865903 0.0037889 -0.00346705 15.4758
3008338 0 0.01 3.5 32.9 -0.347677 -0.437233 1.76456 -0.0145478 -0.0236081 15.4758
3010672 0 0.01 3.50002 32.9 0.172216 -0.19118 2.0196 0.01243 -0.00769117 15.4758
3014124 0 0.01 3.5 32.9 -0.409149 -0.28895 10.7205 -0.129499 -0.0939207 15.4758
31000601 0 0.01 3.5 32.9 0.358675 -0.374197 2.67367 0.0259329 -0.0280808 15.4793
31001688 0 0.01 3.5 32.9 0.00148839 0.0873807 8.67013 -0.00217341 0.0234193 15.4793
31001853 0 0.01 3.50002 32.9 -0.33769 0.28874 4.77927 -0.0504309 0.0417488 15.4793
31002352 0 0.01 3.5 32.9 -0.496369 -0.285192 2.52293 -0.0371809 -0.0184436 15.4793
31005780 0 0.01 3.5 32.9 0.293181 0.259635 1.9419 0.0161235 0.0156225 15.4793
31006649 0 0.01 3.5 32.9 -0.166675 0.308673 4.03543 -0.0212751 0.0403246 15.4793
31008039 0 0.01 3.49777 32.9 0.341711 -0.451749 8.78296 0.091398 -0.119484 15.4793
31010921 0 0.01 3.5 32.9 -0.446743 -0.0610571 6.51742 -0.0881464 -0.0111063 15.4793
31012292 0 0.01 3.50056 32.9 -0.3224 -0.135833 21.0649 -0.205935 -0.0834678 15.4793
31012793 0 0.01 3.5 32.9 0.026823 -0.196819 26.8 0.0220173 -0.1572 15.4793
31016264 0 0.01 3.5 32.9 -0.124585 -0.197716 4.07423 -0.0167292 -0.0242106 15.4793
31017099 0 0.01 3.5 32.9 0.213798 0.165216 23.7441 0.154737 0.120902 15.4793
25001733 0 0.01 3.49998 32.9 0.0930738 -0.385617 58.5177 0.166191 -0.68508 15.4764
25002190 0 0.01 3.5 32.9 -0.496025 -0.358168 5.83052 -0.0883184 -0.0604408 15.4764
25004276 0 0.01 3.5 32.9 0.232762 0.0813163 4.3416 0.0326879 0.0106505 15.4764
25007073 0 0.01 3.5 32.9 0.0949538 -0.227478 2.31046 0.00178823 -0.0140521 15.4764
25007632 0 0.01 3.5 32.9 -0.280872 0.139993 39.6383 -0.33733 0.167992 15.4764
25007842 0 0.01 3.5 32.9 0.237478 0.251072 7.36629 0.0528952 0.0562409 15.4764
25008395 0 0.01 3.50001 32.9 0.107678 0.349652 46.6153 0.150021 0.497356 15.4764
25008826 0 0.01 3.5 32.9 -0.0524015 -0.344586 6.52543 -0.0116607 -0.0679468 15.4764
25011718 0 0.01 3.5 32.9 -0.483358 -0.29279 4.08 -0.0611091 -0.0377646 15.4764
25012317 0 0.01 3.5 32.9 -0.133894 0.151673 3.89348 -0.0137792 0.0156425 15.4764
25013818 0 0.01 3.5 32.9 -0.492116 -0.199565 1.82069 -0.0324403 -0.00775303 15.4764
25015262 0 0.01 3.5 32.9 0.488145 -0.227484 6.06041 0.092122 -0.041788 15.4764
25015612 0 0.01 3.50001 32.9 -0.200829 -0.453988 32.5332 -0.200338 -0.447734 15.4764
25015809 0 0.01 3.49999 32.9 0.00885295 0.478017 4.87343 0.000518369 0.0703919 15.4764
41003438 0 0.01 3.49998 32.9 -0.402783 0.0963615 45.4487 -0.557344 0.132409 15.4774
41003763 0 0.01 3.5 32.9 0.20929 -0.108851 22.266 0.143143 -0.0723441 15.4774
41003912 0 0.01 3.5 32.9 0.170411 9.86418e-05 5.37702 0.0271276 0.00120189 15.4774
41005654 0 0.01 3.5 32.9 0.311841 0.315789 3.08871 0.029147 0.0294499 15.4774
41007757 0 0.01 3.49106 32.9 0.304224 -0.137892 2.14534 0.0185082 -0.00724478 15.4774
41011424 0 0.01 3.5 32.9 -0.260362 0.0268021 7.31392 -0.0583114 0.00314924 15.4774
41012221 0 0.01 3.5 32.9 0.191699 0.299513 2.46399 0.0161992 0.0268416 15.4774
41012601 0 0.01 3.49997 32.9 -0.451581 0.388692 39.0106 -0.536087 0.461004 15.4774
41015893 0 0.01 3.5 32.9 -0.18638 0.0240051 6.10803 -0.0348909 0.00159097 15.4774
41016379 0 0.01 3.49997 32.9 0.106014 -0.364639 39.5664 0.1243 -0.436015 15.4774
23002613 0 0.01 3.5 32.9 -0.460882 -0.477758 9.62917 -0.135471 -0.138924 15.4861
23002656 0 0.01 3.5 32.9 0.0838018 -0.0650314 23.8741 0.064238 -0.0455813 15.4861
23004029 0 0.01 3.5 32.9 0.438887 -0.0596152 1.80431 0.02283 -0.00213966 15.4861
23005210 0 0.01 3.5 32.9 0.127725 -0.00605273 4.5814 0.0186506 0.000886903 15.4861
23006489 0 0.01 3.5 32.9 -0.0848 -0.459772 41.3981 -0.104984 -0.577939 15.4861
23009909 0 0.01 3.50001 32.9 0.147278 -0.246903 5.25819 0.0279932 -0.0402177 15.4861
23010119 0 0.01 3.5 32.9 0.0356892 -0.310515 4.82234 0.00630867 -0.0450567 15.4861
23010886 0 0.01 3.5 32.9 -0.27239 -0.240572 6.07442 -0.0514889 -0.0434948 15.4861
23012622 0 0.01 3.5 32.9 -0.301878 -0.0569554 9.94313 -0.0883566 -0.0159647 15.4861
23016440 0 0.01 3.5 32.9 0.184643 0.0474877 7.87594 0.0449699 0.0113321 15.4861
23016981 0 0.01 3.5 32.9 -0.267329 0.372941 1.24259 -0.0129554 0.0144275 15.4861
22000694 0 0.01 3.5 32.9 -0.191039 0.221045 11.5184 -0.0659303 0.0798042 15.4663
22006361 0 0.01 3.5 32.9 -0.224169 0.0536071 7.09119 -0.0451917 0.0154761 15.4663
22007737 0 0.01 3.5 32.9 0.360371 -0.283788 3.11715 0.0369802 -0.0277426 15.4663
22008662 0 0.01 3.5 32.9 0.271558 -0.151428 6.91962 0.0562008 -0.0308644 15.4663
22009616 0 0.01 3.50002 32.9 0.153158 -0.151952 40.315 0.189082 -0.184565 15.4663
22009709 0 0.01 3.49986 32.9 -0.410839 0.167541 32.6865 -0.410161 0.166791 15.4663
22012969 0 0.01 3.5 32.9 0.17209 0.126544 3.57567 0.0186606 0.0132372 15.4663
22014703 0 0.01 3.5 32.9 0.217215 -0.0982034 4.8323 0.0322115 -0.0149792 15.4663
22014763 0 0.01 3.5 32.9 0.434238 -0.425044 3.66277 0.0484317 -0.0470166 15.4663
22016569 0 0.01 3.5 32.9 -0.303552 0.135967 2.28469 -0.0182203 0.0114231 15.4663
24000061 0 0.01 3.5 32.9 0.0924541 -0.49925 4.64999 0.0138734 -0.0730502 15.4708
24001620 0 0.01 3.5 32.9 -0.38554 0.481219 2.82709 -0.0303468 0.0430758 15.4708
24002048 0 0.01 3.49944 32.9 -0.367868 0.0545417 16.6868 -0.1881 0.0282389 15.4708
24003177 0 0.01 3.5 32.9 0.115357 0.393306 12.3456 0.0419443 0.14957 15.4708
24003689 0 0.01 3.5 32.9 -0.156106 0.0888991 9.94059 -0.0459739 0.0271283 15.4708
24003928 0 0.01 3.5 32.9 -0.0843106 -0.359727 2.69608 -0.00890872 -0.0289705 15.4708
24005971 0 0.01 3.5 32.9 0.267493 0.09995 14.0392 0.110995 0.0462608 15.4708
24008205 0 0.01 3.5 32.9 0.105367 -0.163702 3.34593 0.0133959 -0.016817 15.4708
24008850 0 0.01 3.5 32.9 0.0493556 -0.430873 4.31739 0.00388474 -0.0534557 15.4708
24012560 0 0.01 3.5 32.9 -0.157684 0.292298 7.81363 -0.0361776 0.0693592 15.4708
24012989 0 0.01 3.5 32.9 -0.00233016 -0.291041 3.37045 -0.000135731 -0.0255943 15.4708
6001081 0 0.01 3.50014 32.9 0.389068 -0.123877 62.1452 0.732791 -0.232344 15.4567
6001638 0 0.01 3.5 32.9 0.23169 -0.235721 4.87844 0.0356864 -0.034081 15.4567
6002201 0 0.01 3.50007 32.9 0.072091 0.396221 35.3036 0.0794515 0.423899 15.4567
6003796 0 0.01 3.5 32.9 -0.227646 -0.403385 2.5713 -0.0161301 -0.0294457 15.4567
6007112 0 0.01 3.50014 32.9 0.178582 -0.231025 45.5204 0.246494 -0.319328 15.4567
6007871 0 0.01 3.5 32.9 -0.28038 0.124448 2.45423 -0.0183597 0.0112255 15.4567
6010434 0 0.01 3.5 32.9 -0.469266 0.437907 3.16343 -0.0409375 0.0446288 15.4567
6011677 0 0.01 3.5 32.9 -0.455813 0.190386 3.63596 -0.0517653 0.0222989 15.4567
6012074 0 0.01 3.5 32.9 0.38731 0.279139 15.1926 0.178099 0.129306 15.4567
6015146 0 0.01 3.5 32.9 0.0286582 0.311965 2.96825 -0.0029198 0.0272948 15.4567
6016466 0 0.01 3.5 32.9 0.422424 0.141912 3.63465 0.0470276 0.0154306 15.4567
19001143 0 0.01 3.50016 32.9 -0.0201602 -0.459567 42.4402 -0.0266396 -0.591394 15.479
19001625 0 0.01 3.5 32.9 -0.386589 0.00727458 2.46771 -0.0266157 -0.000732863 15.479
19001852 0 0.01 3.49998 32.9 0.18344 0.404736 40.9819 0.22828 0.504138 15.479
19002324 0 0.01 3.50001 32.9 0.274111 -0.253908 20.9537 0.174443 -0.158985 15.479
19003058 0 0.01 3.5 32.9 0.232614 -0.163331 7.61514 0.0558197 -0.0374207 15.479
19006190 0 0.01 3.5 32.9 -0.35515 -0.222628 37.4441 -0.404117 -0.253814 15.479
19006707 0 0.01 3.49995 32.9 -0.40808 -0.284956 33.3211 -0.414704 -0.285077 15.479
19013637 0 0.01 3.5 32.9 0.342806 -0.396201 1.92855 0.0203653 -0.020192 15.479
19014987 0 0.01 3.5 32.9 -0.244736 -0.22479 4.89782 -0.0385669 -0.0315418 15.479
19016002 0 0.01 3.5 32.9 0.165495 -0.028014 7.84245 0.039986 -0.00544488 15.479
1374 0 0.01 3.5 32.9 0.196074 -0.109294 1.53329 0.00917159 -0.0024219 15.4783
1523 0 0.01 3.5 32.9 -0.22576 -0.321861 7.66913 -0.0528993 -0.0736418 15.4783
8672 0 0.01 3.5 32.9 -0.163499 -0.126051 1.50163 -0.00284795 -0.00829228 15.4783
9837 0 0.01 3.5 32.9 0.241456 -0.488985 6.45206 0.0463277 -0.0924361 15.4783
10317 0 0.01 3.49986 32.9 -0.422284 -0.152925 22.7468 -0.294049 -0.104918 15.4783
13650 0 0.01 3.5 32.9 -0.382239 -0.342497 41.7737 -0.485932 -0.435336 15.4783
17091 0 0.01 3.5 32.9 0.329566 0.0379583 2.36344 0.0234681 0.00434936 15.4783
28004125 0 0.01 3.5 32.9 -0.111474 0.324626 8.80353 -0.0297525 0.0866768 15.4788
28004175 0 0.01 3.5 32.9 0.0832239 0.332982 5.42459 0.0148038 0.0563994 15.4788
28004762 0 0.01 3.5 32.9 -0.109681 -0.173745 8.22966 -0.0283481 -0.0437292 15.4788
28004889 0 0.01 3.5 32.9 0.103902 0.385052 2.01656 0.00628697 0.0249792 15.4788
28007130 0 0.01 3.50056 32.9 0.305265 -0.278493 23.28 0.213835 -0.194901 15.4788
28007553 0 0.01 3.5 32.9 -0.0917135 -0.305372 45.4584 -0.129691 -0.423225 15.4788
28007648 0 0.01 3.49999 32.9 -0.475367 -0.400189 4.3523 -0.0638927 -0.0552664 15.4788
28009034 0 0.01 3.5 32.9 0.425717 -0.134729 2.18372 0.0296449 -0.00983265 15.4788
28010659 0 0.01 3.50003 32.9 -0.325426 -0.0490786 45.6712 -0.449876 -0.0680105 15.4788
28011965 0 0.01 3.5 32.9 0.097338 0.252507 2.31864 0.00763384 0.024349 15.4788
28013476 0 0.01 3.49993 32.9 -0.475309 -0.0143536 34.9912 -0.506394 -0.0148232 15.4788
28014370 0 0.01 3.49999 32.9 -0.428882 -0.4496 3.49826 -0.0435397 -0.0471495 15.4788
28016745 0 0.01 3.5 32.9 0.493758 0.0713219 8.87957 0.132986 0.0177057 15.4788
17001665 0 0.01 3.50112 32.9 0.304513 -0.286156 18.1527 0.167126 -0.155403 15.4773
17002604 0 0.01 3.5 32.9 -0.226596 0.114011 7.20525 -0.0498953 0.0252945 15.4773
17004662 0 0.01 3.49972 32.9 0.362382 0.443922 17.9252 0.19493 0.243113 15.4773
17005571 0 0.01 3.5 32.9 0.275609 -0.249722 4.06122 0.0347665 -0.0299144 15.4773
17007152 0 0.01 3.5 32.9 0.198629 -0.320678 2.6916 0.0192794 -0.0253557 15.4773
7000572 0 0.01 3.49993 32.9 -0.407336 0.305433 35.6788 -0.441584 0.330781 15.4731
7007585 0 0.01 3.5 32.9 -0.229516 -0.169012 11.8757 -0.0853483 -0.0595398 15.4731
7010715 0 0.01 3.4999 32.9 0.280237 -0.0101068 32.1766 0.273014 -0.00988344 15.4731
7014315 0 0.01 3.5 32.9 -0.479303 0.340599 29.8898 -0.436553 0.309187 15.4731
7014955 0 0.01 3.5 32.9 -0.129374 -0.0892005 2.6776 -0.0125089 -0.00627782 15.4731
93003210 0 0.01 3.5 32.9 0.440237 0.133698 3.1253 0.0406266 0.0104703 15.462
93003214 0 0.01 3.5 32.9 0.355829 -0.247107 3.351 0.0345257 -0.0257903 15.462
93007137 0 0.01 3.5 32.9 0.436054 0.0762229 1.67775 0.0220264 0.00557 15.462
93009962 0 0.01 3.50001 32.9 -0.318126 -0.185479 5.03736 -0.0483712 -0.0252342 15.462
93011295 0 0.01 3.5 32.9 0.249618 0.406939 0.710401 0.000733042 -0.00315971 15.462
93012833 0 0.01 3.5 32.9 -0.264754 0.261207 3.34693 -0.0293031 0.0279869 15.462
93013504 0 0.01 3.5 32.9 -0.109154 0.101517 43.6569 -0.144428 0.135193 15.462
5002080 0 0.01 3.50014 32.9 0.293591 0.0463674 40.8435 0.365044 0.0584418 15.4846
5004527 0 0.01 3.5 32.9 0.293797 0.257104 0.570558 0.000171956 -0.000484918 15.4846
5010334 0 0.01 3.5 32.9 -0.259591 0.394785 26.3871 -0.209179 0.317883 15.4846
5010535 0 0.01 3.5 32.9 0.490103 0.0931883 17.0045 0.255037 0.0491638 15.4846
5016004 0 0.01 3.5 32.9 0.0372517 0.262645 2.87105 0.00154663 0.0262748 15.4846
67000913 0 0.01 3.5 32.9 0.14649 -0.100809 4.34872 0.0204185 -0.0142364 15.4677
67002764 0 0.01 3.5 32.9 -0.0100768 -0.23461 2.76744 0.00461369 -0.017432 15.4677
67004910 0 0.01 3.5 32.9 0.0727757 0.402328 1.61482 0.00210117 0.0242049 15.4677
67006620 0 0.01 3.5 32.9 0.469226 0.260299 2.07325 0.0309746 0.0144454 15.4677
67007240 0 0.01 3.5 32.9 -0.141204 -0.166191 2.51311 -0.00996012 -0.00901049 15.4677
67009042 0 0.01 3.5 32.9 0.290153 -0.419421 2.89208 0.0265802 -0.0348192 15.4677
67009789 0 0.01 3.5 32.9 -0.377643 -0.168888 5.14636 -0.0615614 -0.0253429 15.4677
67012209 0 0.01 3.49997 32.9 -0.0393226 0.190766 60.9714 -0.0729819 0.353215 15.4677
67013137 0 0.01 3.5 32.9 0.232807 -0.28861 11.5692 0.0853341 -0.102302 15.4677
67015693 0 0.01 3.5 32.9 0.208481 -0.00862971 7.42505 0.0473968 -0.00203939 15.4677
91000653 0 0.01 3.50003 32.9 -0.105109 -0.106966 16.5698 -0.0535452 -0.0522577 15.4836
91003165 0 0.01 3.50007 32.9 -0.446756 0.301839 34.9847 -0.474974 0.323029 15.4836
91006979 0 0.01 3.5 32.9 0.122324 0.435735 7.0247 0.0255262 0.0948292 15.4836
91006988 0 0.01 3.50007 32.9 -0.33383 -0.0706467 17.4763 -0.175928 -0.0360835 15.4836
91007389 0 0.01 3.5 32.9 -0.443588 -0.441205 4.07781 -0.0529672 -0.0561324 15.4836
91011029 0 0.01 3.49995 32.9 0.0386782 0.397075 76.3282 0.0910934 0.920395 15.4836
91012176 0 0.01 3.49777 32.9 0.171525 0.212521 11.2103 0.0587965 0.0719463 15.4836
91013402 0 0.01 3.5 32.9 -0.319344 -0.254397 2.93918 -0.0316734 -0.0196072 15.4836
91015652 0 0.01 3.5 32.9 0.174122 0.160973 3.9938 0.0214383 0.0201698 15.4836
91016501 0 0.01 3.5 32.9 0.411791 0.442736 7.21244 0.0878614 0.0983973 15.4836
91017171 0 0.01 3.5 32.9 0.282436 0.343434 34.6904 0.297098 0.363323 15.4836
89000277 0 0.01 3.5 32.9 0.036011 0.0461439 30.9371 0.034176 0.0410372 15.4773
89003821 0 0.01 3.5 32.9 0.445773 0.334258 12.6308 0.170038 0.129657 15.4773
89006655 0 0.01 3.50001 32.9 -0.452066 0.278982 44.9403 -0.618689 0.381826 15.4773
89007576 0 0.01 3.50002 32.9 0.4687 0.480402 41.8211 0.594724 0.612013 15.4773
89007644 0 0.01 3.5 32.9 0.37762 -0.251771 2.56439 0.02452 -0.0183101 15.4773
89011094 0 0.01 3.49997 32.9 0.210948 -0.338084 43.9308 0.280558 -0.450092 15.4773
89012354 0 0.01 3.5 32.9 -0.190041 0.0880131 1.39708 -0.00368562 -0.000219268 15.4773
89012382 0 0.01 3.5 32.9 0.301916 -0.457554 2.29767 0.0190957 -0.0331243 15.4773
89012709 0 0.01 3.5 32.9 0.140081 -0.194037 3.08341 0.0140022 -0.0183203 15.4773
89013867 0 0.01 3.5 32.9 0.129286 0.23399 10.0322 0.0384938 0.0727147 15.4773
89016124 0 0.01 3.5 32.9 -0.351712 0.0810467 3.79526 -0.0400996 0.0113561 15.4773
89016927 0 0.01 3.5 32.9 -0.276006 -0.251629 19.3393 -0.159989 -0.1474 15.4773
90001534 0 0.01 3.5 32.9 -0.142058 -0.390021 39.1931 -0.169754 -0.465099 15.4647
90001900 0 0.01 3.5 32.9 -0.482441 0.0167449 5.29523 -0.082882 0.00250704 15.4647
90003878 0 0.01 3.5 32.9 -0.223571 0.126619 7.02233 -0.047304 0.0294767 15.4647
90007399 0 0.01 3.49993 32.9 0.449922 0.0245236 3.31228 0.0470599 0.00416109 15.4647
90009328 0 0.01 3.5 32.9 0.406758 0.483117 6.56531 0.0804419 0.100778 15.4647
90012651 0 0.01 3.5 32.9 -0.410218 -0.34706 34.2885 -0.42914 -0.361363 15.4647
90012835 0 0.01 3.5 32.9 -0.360956 -0.154706 5.05348 -0.0568123 -0.0240595 15.4647
90013304 0 0.01 3.5 32.9 0.154235 0.148028 8.15293 0.0363703 0.0364833 15.4647
90015888 0 0.01 3.5 32.9 0.182369 -0.145088 2.43368 0.0160914 -0.00923082 15.4647
63001036 0 0.01 3.49998 32.9 -0.205983 -0.243034 43.7187 -0.274307 -0.324282 15.4832
63001747 0 0.01 3.49999 32.9 0.380427 0.30347 42.9812 0.497157 0.39532 15.4832
63003977 0 0.01 3.5 32.9 -0.135684 0.199623 3.67855 -0.0158574 0.023241 15.4832
63004696 0 0.01 3.50002 32.9 -0.361607 -0.258179 40.8165 -0.445896 -0.32019 15.4832
63005618 0 0.01 3.5 32.9 0.143816 0.000740812 15.4556 0.0665703 -0.000358435 15.4832
63005838 0 0.01 3.5 32.9 -0.117452 -0.133715 2.63865 -0.0127373 -0.0108995 15.4832
63009079 0 0.01 3.5 32.9 0.0824312 0.3854 3.78821 0.0101294 0.0447364 15.4832
63009247 0 0.01 3.5 32.9 -0.398777 0.0450854 2.5445 -0.0345257 0.00583339 15.4832
63010109 0 0.01 3.50001 32.9 0.0392944 0.171167 11.8721 0.0134408 0.0615734 15.4832
63011381 0 0.01 3.5 32.9 -0.384552 0.188342 66.9582 -0.783428 0.386177 15.4832
63012033 0 0.01 3.5001 32.9 0.267802 0.427723 39.5256 0.323137 0.511609 15.4832
63012496 0 0.01 3.49999 32.9 -0.157422 -0.0365522 45.8904 -0.219708 -0.0492862 15.4832
63012615 0 0.01 3.5 32.9 -0.240079 -0.360753 6.25749 -0.0435026 -0.0690544 15.4832
63013385 0 0.01 3.5 32.9 0.0457088 -0.426528 4.10943 0.00779994 -0.0509199 15.4832
63015472 0 0.01 3.5 32.9 -0.424453 0.0595906 6.05877 -0.0786277 0.00874689 15.4832
63015545 0 0.01 3.50014 32.9 -0.238942 0.285707 23.0218 -0.168612 0.203416 15.4832
98001481 0 0.01 3.5 32.9 0.0456488 0.20662 2.92955 0.00511133 0.0158139 15.4615
98008008 0 0.01 3.5 32.9 -0.306772 -0.429065 8.83385 -0.0829642 -0.114155 15.4615
98011165 0 0.01 3.5 32.9 -0.0243604 0.417395 2.01047 -0.00107627 0.0267898 15.4615
98011788 0 0.01 3.49777 32.9 -0.0448993 0.201971 5.65006 -0.0103588 0.0355889 15.4615
98012106 0 0.01 3.5 32.9 0.351782 -0.25965 7.74556 0.0808809 -0.0616045 15.4615
98014934 0 0.01 3.5 32.9 0.496912 0.341499 5.55337 0.0831131 0.0599146 15.4615
98016558 0 0.01 3.5 32.9 0.384102 -0.111647 5.50207 0.0644128 -0.0197395 15.4615
61002732 0 0.01 3.5 32.9 0.446297 -0.497205 2.22063 0.0315982 -0.0339623 15.4616
61006474 0 0.01 3.5 32.9 0.202407 0.471462 20.9944 0.128989 0.302301 15.4616
61007808 0 0.01 3.5 32.9 0.0639652 -0.0860485 3.04181 0.00570948 -0.00852957 15.4616
87004054 0 0.01 3.5 32.9 0.239937 -0.149958 27.3715 0.200875 -0.124513 15.4773
87007126 0 0.01 3.5 32.9 0.162922 -0.393385 1.32574 0.00750177 -0.0182587 15.4773
87008914 0 0.01 3.5 32.9 -0.363795 0.450583 5.8035 -0.068565 0.0775049 15.4773
87015138 0 0.01 3.5 32.9 0.0676881 0.298487 6.56069 0.0142043 0.0589267 15.4773
87016539 0 0.01 3.5 32.9 -0.239152 0.371849 23.1909 -0.167024 0.262842 15.4773
59002185 0 0.01 3.50014 32.9 0.359397 -0.112511 31.6865 0.346465 -0.108195 15.4674
59008758 0 0.01 3.5 32.9 0.245405 -0.0844208 45.7476 0.34143 -0.115782 15.4674
59010675 0 0.01 3.5 32.9 0.252235 0.33569 3.22646 0.0250997 0.035067 15.4674
59013015 0 0.01 3.5 32.9 0.496807 -0.21796 7.93458 0.118766 -0.0506165 15.4674
59013682 0 0.01 3.5 32.9 0.370852 0.0194074 3.29415 0.0354866 -0.000297476 15.4674
59014326 0 0.01 3.49999 32.9 -0.358896 0.425006 45.8223 -0.500308 0.592991 15.4674
59015749 0 0.01 3.5 32.9 -0.247148 -0.195455 5.12437 -0.0406712 -0.0310131 15.4674
59016779 0 0.01 3.50446 32.9 -0.083506 0.35378 9.14879 -0.0233408 0.0978885 15.4674
85000214 0 0.01 3.5 32.9 0.0392846 0.373834 35.7746 0.0414753 0.408163 15.4754
85001914 0 0.01 3.50014 32.9 -0.293211 -0.157227 21.0811 -0.188989 -0.0983641 15.4754
85002977 0 0.01 3.49986 32.9 -0.44183 -0.336035 34.5716 -0.463542 -0.351822 15.4754
85003473 0 0.01 3.50001 32.9 -0.448669 -0.142102 56.6555 -0.771613 -0.244836 15.4754
85005435 0 0.01 3.5 32.9 -0.193037 -0.477614 1.6983 -0.00845911 -0.0249649 15.4754
85008534 0 0.01 3.5 32.9 -0.242972 -0.139032 8.95357 -0.064753 -0.0373881 15.4754
85009284 0 0.01 3.5 32.9 0.397871 -0.0441272 3.83191 0.0484294 -0.00312993 15.4754
85011237 0 0.01 3.5 32.9 0.105375 0.439077 3.4849 0.00883618 0.0454085 15.4754
85012965 0 0.01 3.5 32.9 -0.301483 -0.163847 1.787 -0.0185762 -0.0103924 15.4754
85013086 0 0.01 3.5 32.9 0.220321 -0.222333 5.20177 0.0345766 -0.03443 15.4754
85015162 0 0.01 3.5 32.9 0.147318 -0.268662 9.23148 0.0421472 -0.0743108 15.4754
85015450 0 0.01 3.50001 32.9 -0.453673 -0.366742 4.66459 -0.0652882 -0.0519971 15.4754
85016259 0 0.01 3.5 32.9 0.232524 -0.0531596 19.1554 0.133925 -0.0294226 15.4754
85016739 0 0.01 3.5 32.9 0.450472 0.339013 7.19563 0.0979326 0.0728265 15.4754
56000650 0 0.01 3.49986 32.9 0.371401 -0.297254 26.1796 0.293854 -0.2376 15.4802
56001066 0 0.01 3.5 32.9 0.122515 0.247234 11.0006 0.0417752 0.0835518 15.4802
56004205 0 0.01 3.5 32.9 -0.233386 -0.483195 2.38134 -0.015713 -0.0356088 15.4802
56007917 0 0.01 3.5 32.9 -0.38511 0.0646423 7.11301 -0.0836275 0.0151056 15.4802
56011100 0 0.01 3.5 32.9 0.251581 0.370918 2.59993 0.0207782 0.031547 15.4802
56016775 0 0.01 3.5 32.9 0.440552 0.250213 4.91238 0.0678389 0.0373347 15.4802
2003391 0 0.01 3.49998 32.9 0.231754 0.021139 40.6067 0.286453 0.025082 15.4708
2004607 0 0.01 3.5 32.9 0.462575 -0.10585 3.32355 0.0472688 -0.0141054 15.4708
2007585 0 0.01 3.5 32.9 -0.0418422 -0.368384 1.24183 0.000949533 -0.0089358 15.4708
2009514 0 0.01 3.49972 32.9 -0.344107 0.364521 18.8155 -0.197939 0.208136 15.4708
2010827 0 0.01 3.5 32.9 -0.183734 0.126413 7.00283 -0.037685 0.0264878 15.4708
2011716 0 0.01 3.5 32.9 -0.438541 0.027725 2.49273 -0.0327922 0.00020719 15.4708
2013422 0 0.01 3.49996 32.9 0.162571 0.305618 43.9651 0.215723 0.40917 15.4708
2014220 0 0.01 3.49993 32.9 -0.0460021 0.377331 30.4707 -0.0426436 0.349493 15.4708
2015286 0 0.01 3.49986 32.9 0.231177 -0.492695 34.9127 0.24511 -0.522511 15.4708
2016526 0 0.01 3.5 32.9 0.214582 -0.0971061 11.4677 0.0747312 -0.0345755 15.4708
78000484 0 0.01 3.5 32.9 0.322802 -0.453365 2.1345 0.0197657 -0.028721 15.4805
78001543 0 0.01 3.5 32.9 -0.27948 -0.0769244 3.32044 -0.0272503 -0.00689736 15.4805
78001797 0 0.01 3.50001 32.9 -0.26934 0.129614 19.6275 -0.163675 0.0800041 15.4805
78002602 0 0.01 3.5 32.9 -0.393539 0.147487 2.68369 -0.0297619 0.0128331 15.4805
78002606 0 0.01 3.49986 32.9 0.282403 -0.188747 31.3985 0.27097 -0.181035 15.4805
78004215 0 0.01 3.49995 32.9 -0.408934 -0.0900023 45.0302 -0.560183 -0.122612 15.4805
78005819 0 0.01 3.50056 32.9 -0.150172 -0.411371 29.8539 -0.135441 -0.372461 15.4805
78005925 0 0.01 3.5 32.9 -0.486406 -0.314342 3.0592 -0.0473697 -0.0306416 15.4805
78007202 0 0.01 3.5 32.9 -0.0675926 0.105738 4.24937 -0.00852305 0.0146275 15.4805
78008035 0 0.01 3.50056 32.9 0.350122 -0.20877 17.9187 0.191545 -0.114366 15.4805
78013391 0 0.01 3.50003 32.9 -0.29608 0.198979 33.2797 -0.300891 0.202245 15.4805
78013696 0 0.01 3.50003 32.9 0.152119 -0.297054 43.8159 0.202826 -0.395379 15.4805
78014663 0 0.01 3.50001 32.9 -0.235125 -0.388821 47.7768 -0.343735 -0.563791 15.4805
66001954 0 0.01 3.5 32.9 0.10288 0.0890096 3.97126 0.0126004 0.0116638 15.4801
66003272 0 0.01 3.49972 32.9 -0.0506389 0.335776 26.2539 -0.0413828 0.26955 15.4801
66003369 0 0.01 3.49944 32.9 0.112178 0.400701 25.1776 0.0861395 0.306393 15.4801
66007534 0 0.01 3.5 32.9 -0.27863 -0.436043 3.98837 -0.0330123 -0.0525376 15.4801
66009206 0 0.01 3.5 32.9 0.338821 -0.174633 7.17802 0.0733069 -0.0384593 15.4801
66009234 0 0.01 3.5 32.9 -0.309966 -0.313379 2.31313 -0.0205374 -0.0206854 15.4801
65000907 0 0.01 3.49777 32.9 -0.143516 -0.330339 4.58832 -0.0209597 -0.046784 15.4802
65002528 0 0.01 3.5 32.9 0.25719 0.216449 2.80587 0.0238206 0.0177054 15.4802
65005079 0 0.01 3.50001 32.9 -0.490199 0.302544 60.2822 -0.89884 0.554849 15.4802
65005799 0 0.01 3.50007 32.9 -0.251594 0.173018 1.50296 -0.00821682 0.0107077 15.4802
65006899 0 0.01 3.50007 32.9 0.374615 0.378053 33.0595 0.377435 0.381158 15.4802
65007495 0 0.01 3.5 32.9 0.413235 0.379479 1.00688 0.010757 0.0154082 15.4802
65010032 0 0.01 3.5 32.9 0.277064 0.484015 5.56041 0.0473549 0.0855394 15.4802
65010511 0 0.01 3.5 32.9 -0.352056 0.439 9.13827 -0.0969464 0.125847 15.4802
65016574 0 0.01 3.50002 32.9 0.310202 0.315561 34.6432 0.326128 0.333214 15.4802
38000941 0 0.01 3.5 32.9 0.373947 0.171501 4.95363 0.0560438 0.0277297 15.4638
38003227 0 0.01 3.50004 32.9 -0.373253 0.351983 44.1678 -0.50052 0.47289 15.4638
38009075 0 0.01 3.5 32.9 -0.440552 -0.0724132 5.20544 -0.069535 -0.0104246 15.4638
38009677 0 0.01 3.5 32.9 -0.42133 0.0706438 2.90879 -0.0363452 0.00688124 15.4638
38016733 0 0.01 3.49986 32.9 -0.0659319 -0.0769593 32.9024 -0.0660385 -0.0758374 15.4638
14006043 0 0.01 3.5 32.9 0.0528064 -0.471588 4.51636 0.0103965 -0.0640543 15.4771
14006648 0 0.01 3.5 32.9 -0.406567 -0.319828 1.78351 -0.0305453 -0.0186279 15.4771
14008728 0 0.01 3.49997 32.9 0.358699 -0.143197 2.10323 0.0220897 -0.00275943 15.4771
14009457 0 0.01 3.5 32.9 0.310651 0.0473879 2.89731 0.026364 0.00455845 15.4771
14009891 0 0.01 3.49998 32.9 -0.119991 0.387578 47.313 -0.174556 0.557661 15.4771
14009988 0 0.01 3.49997 32.9 -0.211235 0.181817 46.0901 -0.294506 0.256583 15.4771
14011704 0 0.01 3.50007 32.9 -0.134638 0.0792232 35.7576 -0.145801 0.0865122 15.4771
14017339 0 0.01 3.50001 32.9 0.141393 0.226593 44.5204 0.191496 0.308319 15.4771
13000994 0 0.01 3.5 32.9 -0.343192 0.413709 3.9022 -0.0422137 0.0520059 15.504
13004045 0 0.01 3.50003 32.9 -0.38523 -0.322415 47.8033 -0.558441 -0.466697 15.504
13004994 0 0.01 3.50002 32.9 0.0204952 -0.270747 44.612 0.0254908 -0.366133 15.504
13005420 0 0.01 3.5 32.9 0.108049 0.35377 6.58745 0.0225479 0.0696103 15.504
13006864 0 0.01 3.49997 32.9 0.0129005 0.0605774 40.5387 0.0155566 0.0755466 15.504
13007783 0 0.01 3.5 32.9 0.459166 -0.175087 1.07696 0.0155925 -0.00837466 15.504
13007875 0 0.01 3.5 32.9 0.40956 0.110332 1.64815 0.0189205 0.00525966 15.504
13012046 0 0.01 3.5 32.9 0.199474 0.105514 3.14606 0.0185897 0.0091727 15.504
13012207 0 0.01 3.5 32.9 -0.100724 -0.0144018 5.71523 -0.021841 -0.00239865 15.504
13012720 0 0.01 3.5 32.9 -0.187372 -0.0579382 5.59797 -0.0303586 -0.00852603 15.504
13012977 0 0.01 3.49972 32.9 0.192836 -0.130665 28.5837 0.166839 -0.115668 15.504
13015476 0 0.01 3.5 32.9 0.49046 -0.286915 12.5238 0.188436 -0.108025 15.504
10000641 0 0.01 3.5 32.9 0.236838 0.271088 2.88226 0.0218624 0.0238626 15.4659
10004662 0 0.01 3.5 32.9 0.389339 -0.46618 15.1899 0.180507 -0.216858 15.4659
10004864 0 0.01 3.50112 32.9 -0.241149 -0.210266 13.6252 -0.098965 -0.0859672 15.4659
10005279 0 0.01 3.5 32.9 -0.104085 0.456347 45.6435 -0.145413 0.635161 15.4659
10006772 0 0.01 3.5 32.9 -0.499635 0.369653 4.82952 -0.0733832 0.0533119 15.4659
10007158 0 0.01 3.5 32.9 -0.11295 0.332966 13.0651 -0.0443334 0.133401 15.4659
10010339 0 0.01 3.49999 32.9 0.0697973 -0.380422 30.2141 0.0681977 -0.347586 15.4659
10011743 0 0.01 3.5 32.9 0.385758 -0.41095 2.76016 0.0334836 -0.0324467 15.4659
10014215 0 0.01 3.5 32.9 0.0312793 -0.210546 2.8764 0.00284378 -0.0173318 15.4659
10016047 0 0.01 3.5001 32.9 -0.177758 -0.19808 37.8547 -0.203123 -0.226321 15.4659
10016289 0 0.01 3.5 32.9 -0.165977 -0.476523 52.2153 -0.262312 -0.754773 15.4659
10016311 0 0.01 3.49998 32.9 0.24786 0.0765192 44.3081 0.334144 0.105182 15.4659
10017325 0 0.01 3.50001 32.9 0.389484 0.294902 7.40307 0.0854708 0.0666802 15.4659
9000881 0 0.01 3.49999 32.9 0.408874 -0.488767 39.0632 0.486472 -0.579688 15.4658
9003358 0 0.01 3.5 32.9 0.387226 -0.33975 1.16968 0.0174781 -0.0168185 15.4658
9004027 0 0.01 3.5 32.9 -0.185628 0.0250433 10.8306 -0.062512 0.0106792 15.4658
9004447 0 0.01 3.5 32.9 -0.137681 -0.143751 1.03501 -0.00218166 0.00483608 15.4658
9006734 0 0.01 3.5 32.9 -0.484295 0.196162 1.5487 -0.0189434 0.00615751 15.4658
9010439 0 0.01 3.5 32.9 -0.0904918 -0.0669675 1.36448 -0.0061904 -0.00667209 15.4658
9012310 0 0.01 3.5 32.9 0.145294 -0.102799 5.89022 0.0248793 -0.0176884 15.4658
9014576 0 0.01 3.5 32.9 -0.304731 -0.0427177 2.97834 -0.0268906 -0.00459418 15.4658
9016259 0 0.01 3.5 32.9 0.0977681 -0.154155 2.80724 0.00889975 -0.0172284 15.4658
11001039 0 0.01 3.5 32.9 -0.144202 0.298366 3.60936 -0.0165755 0.0307137 15.4721
11001156 0 0.01 3.5 32.9 0.445976 -0.30366 34.5729 0.468438 -0.31994 15.4721
11003380 0 0.01 3.5 32.9 -0.44493 0.330179 3.17261 -0.0417596 0.0381409 15.4721
11003392 0 0.01 3.5 32.9 -0.116428 0.397928 27.4025 -0.0956444 0.331075 15.4721
11005723 0 0.01 3.5 32.9 -0.200542 0.0998874 4.00008 -0.0252523 0.0110961 15.4721
11006430 0 0.01 3.5 32.9 0.311619 0.331276 5.03033 0.0482714 0.0531206 15.4721
11009851 0 0.01 3.5 32.9 0.0788951 -0.416371 6.19299 0.012381 -0.0772164 15.4721
11011945 0 0.01 3.5 32.9 0.114236 0.0860111 8.07844 0.0301329 0.0197441 15.4721
11014023 0 0.01 3.49997 32.9 -0.409734 -0.230576 36.2654 -0.452956 -0.252893 15.4721
11015490 0 0.01 3.5 32.9 0.177379 -0.487387 4.20802 0.0218664 -0.0626947 15.4721
11015558 0 0.01 3.5 32.9 -0.314342 -0.469345 7.59724 -0.073682 -0.10653 15.4721
11016974 0 0.01 3.5 32.9 -0.30675 -0.174867 4.12306 -0.0369583 -0.021926 15.4721
18000586 0 0.01 3.49997 32.9 0.0482518 -0.0160003 6.50584 0.010906 -0.00197101 15.4675
18002816 0 0.01 3.49986 32.9 0.317273 0.488513 29.5006 0.28632 0.439622 15.4675
18002824 0 0.01 3.5 32.9 -0.210706 -0.399728 8.28871 -0.053542 -0.101089 15.4675
18006055 0 0.01 3.5 32.9 -0.45458 0.454602 1.84789 -0.0331734 0.0203343 15.4675
18006602 0 0.01 3.5 32.9 -0.240715 -0.480491 41.1735 -0.302207 -0.60163 15.4675
18007984 0 0.01 3.5 32.9 0.145745 -0.0770785 53.319 0.235916 -0.122678 15.4675
18008177 0 0.01 3.5 32.9 -0.0104478 -0.365422 4.62386 -0.00393307 -0.049185 15.4675
18009135 0 0.01 3.5 32.9 -0.0194978 0.415413 3.44472 -0.00245116 0.0427215 15.4675
18010606 0 0.01 3.50002 32.9 0.299462 0.437181 45.2629 0.411062 0.604209 15.4675
18016565 0 0.01 3.5 32.9 -0.333384 -0.246441 33.3563 -0.335422 -0.249159 15.4675
99000007 0 0.01 3.5 32.9 -0.321056 0.206731 2.65312 -0.0270898 0.0132334 15.4802
99001381 0 0.01 3.5 32.9 -0.470268 0.352994 1.44017 -0.0211191 0.0179529 15.4802
99002969 0 0.01 3.5 32.9 0.0279192 0.276083 7.99308 0.00546364 0.0670213 15.4802
99004307 0 0.01 3.5 32.9 -0.292047 0.346448 6.16945 -0.0539637 0.0687266 15.4802
99005193 0 0.01 3.49999 32.9 -0.0827048 0.489652 66.2679 -0.166065 0.984695 15.4802
99010070 0 0.01 3.50001 32.9 -0.0642539 -0.215235 13.4331 -0.0269045 -0.0867838 15.4802
99012053 0 0.01 3.5 32.9 -0.351371 0.236955 1.35664 -0.0154999 0.0101744 15.4802
99012916 0 0.01 3.5 32.9 0.494814 -0.405968 3.69909 0.0580304 -0.0427243 15.4802
76002732 0 0.01 3.5 32.9 -0.466447 -0.273052 46.0054 -0.653003 -0.380154 15.4697
76003036 0 0.01 3.5 32.9 -0.499663 -0.206246 4.95714 -0.0775832 -0.0279009 15.4697
76005121 0 0.01 3.49998 32.9 0.296983 -0.494785 43.7456 0.395017 -0.657373 15.4697
76006468 0 0.01 3.50112 32.9 -0.385002 -0.466523 13.855 -0.163674 -0.195327 15.4697
76007806 0 0.01 3.5 32.9 0.0719731 0.0857211 43.8371 0.0969342 0.116344 15.4697
76010341 0 0.01 3.5 32.9 0.227799 -0.389922 4.4904 0.0294104 -0.0531544 15.4697
76010463 0 0.01 3.5 32.9 0.309835 0.187057 5.26127 0.0496189 0.0332567 15.4697
76014775 0 0.01 3.5 32.9 -0.00962378 -0.0932131 3.99366 0.000488239 -0.0102441 15.4697
76016400 0 0.01 3.5 32.9 -0.317242 -0.191359 26.4804 -0.256864 -0.153705 15.4697
4000256 0 0.01 3.5 32.9 0.0647202 0.228785 4.76727 0.0107741 0.0345599 15.453
4001094 0 0.01 3.49986 32.9 -0.179257 -0.18883 31.9268 -0.175495 -0.185554 15.453
4002552 0 0.01 3.5 32.9 -0.0963293 -0.117008 4.05554 -0.0108382 -0.0135763 15.453
4002828 0 0.01 3.5 32.9 -0.438178 -0.399223 1.51782 -0.0221414 -0.02019 15.453
4003296 0 0.01 3.5 32.9 -0.21416 0.393526 2.2051 -0.0103892 0.0249909 15.453
4003974 0 0.01 3.50003 32.9 0.247751 -0.366849 41.4695 0.313133 -0.460479 15.453
4005202 0 0.01 3.5 32.9 0.091865 0.311014 2.15406 0.00730553 0.0233489 15.453
4006349 0 0.01 3.50001 32.9 0.492079 0.115896 45.4124 0.679702 0.160292 15.453
4008748 0 0.01 3.5 32.9 0.114297 0.359307 0.944477 0.0114768 0.0193225 15.453
4009548 0 0.01 3.5 32.9 -0.0130857 0.205608 30.5619 -0.0115498 0.1915 15.453
4009859 0 0.01 3.5 32.9 -0.475786 -0.00126209 13.0461 -0.188991 -0.00224853 15.453
4012605 0 0.01 3.5 32.9 0.424738 0.279902 6.16409 0.0814994 0.0553443 15.453
4017234 0 0.01 3.5 32.9 -0.303034 0.0850072 11.467 -0.105506 0.0291864 15.453
49001247 0 0.01 3.50002 32.9 -0.221452 -0.0426207 61.1583 -0.409385 -0.079613 15.4712
49001959 0 0.01 3.5 32.9 0.208327 -0.25071 3.1457 0.0234199 -0.0237403 15.4712
49007291 0 0.01 3.49998 32.9 0.191114 -0.422364 27.837 0.162528 -0.357083 15.4712
49010894 0 0.01 3.5 32.9 -0.113851 -0.221896 6.43482 -0.0230812 -0.0445062 15.4712
49010944 0 0.01 3.5 32.9 -0.0235766 -0.199842 10.653 -0.00726075 -0.06391 15.4712
49012927 0 0.01 3.50004 32.9 -0.380789 0.420227 42.8751 -0.495613 0.550047 15.4712
49014103 0 0.01 3.5 32.9 -0.281843 0.437657 3.2309 -0.0247594 0.0438299 15.4712
75001223 0 0.01 3.5 32.9 0.480379 -0.397098 3.36926 0.0500951 -0.0402745 15.4899
75004081 0 0.01 3.5 32.9 -0.0469231 -0.410105 3.64931 -0.0058851 -0.0457504 15.4899
75004683 0 0.01 3.5 32.9 -0.13975 -0.0153488 3.04536 -0.0139737 -0.00104858 15.4899
75005593 0 0.01 3.50001 32.9 -0.438373 0.0411874 37.4474 -0.499838 0.0468263 15.4899
75007541 0 0.01 3.5 32.9 -0.130656 -0.0503456 4.0594 -0.0158263 -0.00544562 15.4899
75008209 0 0.01 3.5 32.9 0.29736 -0.404134 5.19653 0.0454653 -0.0625549 15.4899
75015547 0 0.01 3.5 32.9 -0.269424 -0.45672 0.59414 -0.00454572 -0.0121446 15.4899
75015756 0 0.01 3.5 32.9 -0.48881 -0.184785 4.49214 -0.0676454 -0.023056 15.4899
75016550 0 0.01 3.5 32.9 -0.327985 -0.215722 47.4052 -0.472801 -0.309162 15.4899
75017411 0 0.01 3.5 32.9 0.309905 -0.374344 2.24825 0.021672 -0.0210355 15.4899
74000168 0 0.01 3.5 32.9 0.106295 0.475136 11.6726 0.0390681 0.170072 15.4858
74001464 0 0.01 3.5 32.9 0.375143 0.0703388 3.94504 0.0425541 0.0100638 15.4858
74004301 0 0.01 3.50002 32.9 0.480547 -0.205052 15.8285 0.2331 -0.0994299 15.4858
74007685 0 0.01 3.5 32.9 0.0661471 -0.251109 21.6435 0.0427725 -0.165458 15.4858
74008049 0 0.01 3.5 32.9 -0.19734 0.0280243 3.72984 -0.0211942 0.00257771 15.4858
74008068 0 0.01 3.5 32.9 -0.218515 -0.491757 1.48117 -0.00853434 -0.0271662 15.4858
74009987 0 0.01 3.5 32.9 0.436545 -0.116833 4.04574 0.0554346 -0.0119604 15.4858
74010046 0 0.01 3.5 32.9 0.0577935 0.111436 4.67108 0.00921002 0.0158164 15.4858
74011980 0 0.01 3.5 32.9 0.498765 0.110037 3.35339 0.0513728 0.0112918 15.4858
74013378 0 0.01 3.5 32.9 0.31515 -0.00864158 3.68997 0.0339545 -0.00062802 15.4858
74013753 0 0.01 3.5 32.9 -0.482874 0.493683 1.54342 -0.0204074 0.0236157 15.4858
74015301 0 0.01 3.5 32.9 -0.329177 0.171214 4.36861 -0.0440655 0.0212344 15.4858
73002468 0 0.01 3.5 32.9 -0.447334 -0.201265 5.70043 -0.0766814 -0.03304 15.4639
73004001 0 0.01 3.49993 32.9 -0.418215 -0.485811 35.3204 -0.45001 -0.518496 15.4639
73004667 0 0.01 3.5 32.9 0.230028 -0.354385 3.21895 0.0203242 -0.0350309 15.4639
73005446 0 0.01 3.50003 32.9 0.392176 -0.34285 31.1016 0.369994 -0.322591 15.4639
73005662 0 0.01 3.5 32.9 -0.271083 -0.00912638 30.0439 -0.248549 -0.00785975 15.4639
73006114 0 0.01 3.5 32.9 0.266878 0.0692698 17.0197 0.137983 0.0344306 15.4639
73006237 0 0.01 3.5 32.9 -0.325353 -0.307981 1.09798 -0.0084011 -0.00764308 15.4639
73006872 0 0.01 3.49999 32.9 0.310338 -0.497138 41.7289 0.393682 -0.629162 15.4639
73011665 0 0.01 3.50223 32.9 0.415404 -0.000424302 8.43843 0.107033 0.0012215 15.4639
73013293 0 0.01 3.5 32.9 0.0380845 -0.288279 4.45921 0.00595939 -0.0383397 15.4639
73015479 0 0.01 3.5 32.9 0.233032 -0.408982 24.4707 0.172758 -0.301955 15.4639
73016137 0 0.01 3.50014 32.9 -0.260854 -0.290471 32.8998 -0.262317 -0.290111 15.4639
72000713 0 0.01 3.50056 32.9 0.469644 -0.122743 16.441 0.232101 -0.0610628 15.4764
72000810 0 0.01 3.50001 32.9 -0.271808 0.282347 46.6846 -0.385691 0.400059 15.4764
72000851 0 0.01 3.5 32.9 0.391234 -0.439742 4.86597 0.0584426 -0.0652938 15.4764
72008138 0 0.01 3.49986 32.9 -0.282243 0.214195 16.4015 -0.141765 0.108769 15.4764
72009903 0 0.01 3.5 32.9 0.0716367 0.11328 6.9213 0.0159804 0.0252068 15.4764
72010081 0 0.01 3.5 32.9 -0.277905 0.0200042 7.55304 -0.0641712 0.00908518 15.4764
72011481 0 0.01 3.49944 32.9 0.0917949 -0.124649 24.1229 0.06814 -0.0924083 15.4764
72012532 0 0.01 3.50002 32.9 -0.250744 0.252429 45.0369 -0.344514 0.345627 15.4764
72013251 0 0.01 3.5 32.9 0.188066 -0.186657 41.0388 0.233707 -0.233958 15.4764
72013316 0 0.01 3.5 32.9 -0.12962 0.298167 3.18017 -0.0107276 0.0296106 15.4764
72013715 0 0.01 3.5 32.9 -0.193098 -0.00669127 45.1396 -0.265539 -0.00824718 15.4764
72015573 0 0.01 3.49999 32.9 0.417792 0.172345 6.27939 0.0810267 0.0308564 15.4764
71002080 0 0.01 3.5 32.9 -0.285146 0.418816 2.74869 -0.0223667 0.0319143 15.4672
71003584 0 0.01 3.50007 32.9 0.350511 -0.296069 47.9197 0.511902 -0.431435 15.4672
71006310 0 0.01 3.5 32.9 -0.186717 -0.0386183 11.8696 -0.0665052 -0.0118335 15.4672
71008522 0 0.01 3.5 32.9 -0.0351768 0.354582 3.92297 -0.0046192 0.0420449 15.4672
71010053 0 0.01 3.49972 32.9 -0.365267 -0.476631 37.6939 -0.419062 -0.545976 15.4672
71012327 0 0.01 3.5 32.9 0.29264 -0.336089 2.37638 0.0221636 -0.024775 15.4672
71013393 0 0.01 3.50002 32.9 0.355246 0.0395606 45.7002 0.493031 0.0550544 15.4672
71017225 0 0.01 3.49997 32.9 -0.423196 0.29877 43.2404 -0.554346 0.392159 15.4672
70000138 0 0.01 3.5 32.9 0.466017 -0.172708 1.3851 0.0172076 -0.00766369 15.4817
70000308 0 0.01 3.5 32.9 -0.155843 0.138763 2.73257 -0.0143103 0.00984879 15.4817
70001633 0 0.01 3.49999 32.9 -0.403525 0.407746 16.8384 -0.207179 0.211296 15.4817
70002145 0 0.01 3.5 32.9 -0.180019 0.300139 43.0145 -0.237091 0.394514 15.4817
70002509 0 0.01 3.5 32.9 0.477323 -0.232951 2.70973 0.0402165 -0.021329 15.4817
70003229 0 0.01 3.5 32.9 -0.337285 -0.49384 3.5645 -0.0366767 -0.0516024 15.4817
70005838 0 0.01 3.5 32.9 -0.25355 -0.40471 3.46761 -0.0266696 -0.0426492 15.4817
70006571 0 0.01 3.5 32.9 0.267084 0.203598 6.64563 0.0544626 0.0413263 15.4817
70006653 0 0.01 3.49999 32.9 -0.168361 -0.423021 17.6272 -0.0885968 -0.224778 15.4817
70013336 0 0.01 3.5 32.9 -0.446151 -0.0913871 15.6128 -0.210939 -0.0430649 15.4817
70015815 0 0.01 3.5 32.9 -0.28216 0.0190515 7.03449 -0.0588011 0.00278369 15.4817
21000836 0 0.01 3.50007 32.9 -0.283836 0.340132 16.358 -0.139972 0.170172 15.4646
21005192 0 0.01 3.5 32.9 0.249893 -0.372006 5.61451 0.0426374 -0.0626382 15.4646
21012465 0 0.01 3.5 32.9 0.0328108 0.367366 1.74298 0.0014729 0.0225157 15.4646
21013106 0 0.01 3.5 32.9 -0.342616 -0.288938 1.16326 -0.00911935 -0.00856794 15.4646
16006341 0 0.01 3.5 32.9 -0.461994 0.391063 2.97073 -0.0411526 0.0378644 15.4738
16006716 0 0.01 3.5 32.9 0.219849 -0.340283 4.79658 0.0356836 -0.050499 15.4738
16009148 0 0.01 3.5 32.9 0.37355 0.431725 2.74383 0.0305239 0.0361745 15.4738
16011422 0 0.01 3.5 32.9 0.363555 0.422657 1.42487 0.0196318 0.0225304 15.4738
16014633 0 0.01 3.5 32.9 0.47256 -0.394443 6.79193 0.0983637 -0.0811573 15.4738
15001805 0 0.01 3.49999 32.9 0.0867268 -0.431094 95.8066 0.253217 -1.25461 15.4564
15012748 0 0.01 3.5 32.9 -0.163504 0.148223 10.213 -0.0500915 0.0499792 15.4564
15014995 0 0.01 3.50014 32.9 0.252214 0.0956753 37.4062 0.287688 0.11048 15.4564
15015523 0 0.01 3.5 32.9 0.180535 -0.0761882 9.25024 0.0497386 -0.0220913 15.4564
15015956 0 0.01 3.5 32.9 -0.22328 -0.440411 61.2874 -0.416714 -0.820452 15.4564
15017040 0 0.01 3.50007 32.9 0.409941 -0.244485 4.2921 0.0531993 -0.030539 15.4564
60000051 0 0.01 3.5 32.9 0.240091 -0.127893 8.99601 0.0649916 -0.0344792 15.4633
60004860 0 0.01 3.5 32.9 0.405635 0.162101 2.98192 0.0385173 0.018187 15.4633
60006238 0 0.01 3.5 32.9 0.224555 -0.427419 31.3839 0.215873 -0.40562 15.4633
60006491 0 0.01 3.5 32.9 -0.00151586 0.0790756 4.04815 0.000523288 0.0122434 15.4633
60008821 0 0.01 3.50223 32.9 -0.241914 0.297851 8.50922 -0.0627605 0.0791516 15.4633
60010630 0 0.01 3.5 32.9 -0.121614 -0.30363 1.14119 -0.00507875 -0.0146499 15.4633
60011124 0 0.01 3.5 32.9 -0.251282 -0.0466604 4.35744 -0.031974 -0.00493145 15.4633
60011978 0 0.01 3.5 32.9 -0.00315749 -0.343838 2.32466 0.00280266 -0.0218983 15.4633
60013490 0 0.01 3.5 32.9 0.0130686 0.0161855 5.68233 0.00422093 0.00326587 15.4633
60014634 0 0.01 3.50001 32.9 -0.222773 -0.18528 41.6483 -0.28141 -0.231848 15.4633
60015624 0 0.01 3.5 32.9 0.263563 0.380008 5.80398 0.0425242 0.0681171 15.4633
40000487 0 0.01 3.5 32.9 0.458418 0.215941 0.687018 0.0107783 0.00215987 15.4586
40001218 0 0.01 3.5 32.9 -0.445634 0.145008 4.29914 -0.0578121 0.0217133 15.4586
40001408 0 0.01 3.5 32.9 0.464763 -0.218984 2.29012 0.0311249 -0.0133385 15.4586
40002602 0 0.01 3.5 32.9 -0.27566 -0.0546733 3.80965 -0.032947 -0.0035491 15.4586
40005263 0 0.01 3.5 32.9 -0.00768877 -0.359642 2.92463 -0.000354789 -0.0311598 15.4586
40008218 0 0.01 3.5 32.9 -0.356716 0.0455534 10.1293 -0.109472 0.0140176 15.4586
40008379 0 0.01 3.5 32.9 -0.286495 -0.37384 3.22282 -0.0238019 -0.035718 15.4586
40008541 0 0.01 3.5 32.9 0.0436611 0.250792 1.40794 0.000872109 0.00568217 15.4586
40008736 0 0.01 3.5 32.9 0.390613 -0.076757 13.8742 0.163943 -0.0300341 15.4586
40010591 0 0.01 3.49972 32.9 -0.098185 -0.216897 43.6296 -0.130499 -0.286885 15.4586
40011021 0 0.01 3.5 32.9 -0.306556 -0.134573 1.68671 -0.0165152 -0.00869176 15.4586
40014089 0 0.01 3.50005 32.9 0.361436 0.0737536 38.345 0.421126 0.088947 15.4586
40014329 0 0.01 3.49999 32.9 0.129032 0.403059 39.9329 0.1574 0.488706 15.4586
40016366 0 0.01 3.5 32.9 0.221965 -0.0480959 2.15691 0.0152424 -0.00210819 15.4586
36000896 0 0.01 3.49993 32.9 -0.165236 0.342081 29.565 -0.150131 0.307828 15.4585
36001159 0 0.01 3.5 32.9 0.189492 0.245929 4.74295 0.0282151 0.0352983 15.4585
36003022 0 0.01 3.5 32.9 0.10267 0.351088 2.15376 0.00789349 0.0252911 15.4585
36003739 0 0.01 3.50002 32.9 -0.125011 -0.0763095 44.2947 -0.16908 -0.0988222 15.4585
36004242 0 0.01 3.50003 32.9 -0.163304 0.467821 2.49394 -0.0128334 0.0331603 15.4585
36005439 0 0.01 3.5 32.9 -0.367044 -0.232492 5.12027 -0.0599445 -0.0341056 15.4585
36009590 0 0.01 3.49972 32.9 -0.257054 -0.199807 27.0735 -0.210633 -0.162671 15.4585
36010614 0 0.01 3.5 32.9 -0.0137403 0.0929347 3.17774 -0.00266112 0.00851016 15.4585
36014154 0 0.01 3.49999 32.9 0.173018 0.0461803 3.26599 0.0137074 0.00342719 15.4585
36016537 0 0.01 3.49998 32.9 -0.230807 0.138671 26.0547 -0.181686 0.110173 15.4585
45000381 0 0.01 3.5 32.9 -0.139629 -0.306881 4.07048 -0.0192419 -0.0356901 15.4729
45001601 0 0.01 3.5 32.9 -0.352267 -0.472101 3.33139 -0.0369148 -0.0439764 15.4729
45003253 0 0.01 3.5 32.9 -0.449416 -0.00395855 9.11837 -0.124268 -0.00179943 15.4729
45005378 0 0.01 3.5 32.9 -0.0428182 0.438672 3.08118 -0.00549114 0.0416376 15.4729
45011789 0 0.01 3.5 32.9 0.135953 -0.050634 14.6454 0.0616586 -0.0209188 15.4729
43001544 0 0.01 3.5 32.9 -0.156809 -0.174346 5.49964 -0.0267286 -0.0282724 15.4719
43003598 0 0.01 3.5 32.9 -0.0537283 -0.123433 3.81323 -0.00392785 -0.0144712 15.4719
43005463 0 0.01 3.49986 32.9 -0.122719 0.285928 37.3894 -0.140108 0.327662 15.4719
43009960 0 0.01 3.50003 32.9 -0.396176 -0.400125 47.8775 -0.580033 -0.579688 15.4719
43010807 0 0.01 3.49986 32.9 0.496799 -0.340308 33.8823 0.512992 -0.350256 15.4719
43014487 0 0.01 3.5 32.9 0.381367 -0.0379621 5.49582 0.066217 -0.00757585 15.4719
43014926 0 0.01 3.50003 32.9 0.403173 -0.406431 48.4942 0.595473 -0.597127 15.4719
43015892 0 0.01 3.50056 32.9 -0.494502 -0.0839447 17.4749 -0.262813 -0.0451492 15.4719
43017277 0 0.01 3.5 32.9 -0.184842 -0.051822 22.7046 -0.126349 -0.034601 15.4719
42001540 0 0.01 3.5 32.9 -0.337931 -0.313422 6.98852 -0.0719449 -0.0649974 15.3927
42001757 0 0.01 3.5 32.9 0.295748 -0.0971125 7.5168 0.0683298 -0.0224514 15.3927
42005152 0 0.01 3.5 32.9 0.0842463 -0.0315569 1.00293 0.00293374 -0.000857731 15.3927
42005208 0 0.01 3.5 32.9 0.370906 -0.386502 9.76183 0.109488 -0.116711 15.3927
42005892 0 0.01 3.5 32.9 0.457884 0.120316 1.37104 0.0221237 0.00678267 15.3927
42008707 0 0.01 3.50028 32.9 0.252251 -0.212047 25.23 0.191579 -0.163532 15.3927
42014278 0 0.01 3.5 32.9 0.0542934 0.366951 1.05219 0.0042515 0.0122702 15.3927
42014292 0 0.01 3.5 32.9 -0.345206 -0.462488 3.13174 -0.0337603 -0.0427839 15.3927
42014637 0 0.01 3.5 32.9 -0.112473 -0.22439 10.9424 -0.0358973 -0.0758973 15.3927
42016820 0 0.01 3.5 32.9 0.15175 0.27584 11.6984 0.0522824 0.0990474 15.3927
47001674 0 0.01 3.5 32.9 0.1891 -0.143727 17.6592 0.101329 -0.0763644 15.4736
47004057 0 0.01 3.5 32.9 0.0914384 0.0625541 3.59524 0.0101793 0.00626551 15.4736
47005931 0 0.01 3.5 32.9 0.110431 0.184856 4.05997 0.0171389 0.0245801 15.4736
47006337 0 0.01 3.5 32.9 -0.489094 -0.49367 129.991 -1.93149 -1.94924 15.4736
47008784 0 0.01 3.5 32.9 -0.380352 0.0386391 5.07831 -0.0578328 0.00895161 15.4736
47008901 0 0.01 3.5 32.9 0.448045 -0.390709 11.6623 0.15905 -0.140527 15.4736
47009039 0 0.01 3.5 32.9 0.0986363 -0.0523951 2.084 0.00727194 -0.00217673 15.4736
47010979 0 0.01 3.5 32.9 -0.32284 0.0354922 4.82021 -0.0471229 0.00732084 15.4736
47012190 0 0.01 3.5 32.9 -0.191628 -0.0971639 8.54233 -0.050225 -0.0248007 15.4736
47013355 0 0.01 3.5 32.9 0.13104 0.193924 41.9525 0.165882 0.249511 15.4736
47017595 0 0.01 3.5 32.9 0.498561 0.289425 24.9407 0.376711 0.219311 15.4736
26002600 0 0.01 3.5 32.9 -0.0893994 0.463999 2.57282 -0.00829922 0.0389028 15.467
26004524 0 0.01 3.50003 32.9 0.131592 0.421021 40.8168 0.165905 0.522518 15.467
26004844 0 0.01 3.5 32.9 -0.0965723 0.422722 9.59875 -0.0285298 0.12467 15.467
26004871 0 0.01 3.5 32.9 0.248069 -0.393351 5.53233 0.0407242 -0.0673074 15.467
26004922 0 0.01 3.5 32.9 0.281139 -0.330603 1.89698 0.0159389 -0.0127708 15.467
26005896 0 0.01 3.5 32.9 0.26066 0.00629122 1.84104 0.0100686 0.00284764 15.467
26014986 0 0.01 3.5 32.9 -0.409599 -0.151955 8.14738 -0.101525 -0.036504 15.467
26015534 0 0.01 3.5 32.9 0.330353 0.439258 39.0266 0.392473 0.522685 15.467
26015646 0 0.01 3.5 32.9 -0.192246 -0.123702 7.38292 -0.042419 -0.0281834 15.467
44000048 0 0.01 3.5 32.9 0.0999914 0.302972 1.58074 0.00779511 0.0113699 15.4695
44000323 0 0.01 3.50014 32.9 -0.143194 -0.0402698 24.5254 -0.107175 -0.0304469 15.4695
44001836 0 0.01 3.5 32.9 -0.246455 0.248936 4.71383 -0.0350254 0.0364616 15.4695
44002656 0 0.01 3.5 32.9 -0.37655 -0.384232 3.16833 -0.0375653 -0.0359967 15.4695
44006178 0 0.01 3.5 32.9 0.384212 0.234054 19.952 0.23238 0.141468 15.4695
44006926 0 0.01 3.5 32.9 0.119849 0.0390336 4.19602 0.0145148 0.00486026 15.4695
44008957 0 0.01 3.5 32.9 -0.0342153 -0.498119 4.02506 -0.00458476 -0.0608852 15.4695
44012621 0 0.01 3.50003 32.9 0.169605 -0.246459 39.0526 0.203476 -0.290305 15.4695
44013876 0 0.01 3.5 32.9 -0.276921 0.267303 8.0355 -0.0664207 0.0659133 15.4695
44015097 0 0.01 3.5 32.9 -0.147764 0.192901 149.068 -0.671958 0.874359 15.4695
44015210 0 0.01 3.5 32.9 0.0795536 -0.286501 4.42017 0.0103767 -0.0382348 15.4695
44015554 0 0.01 3.5 32.9 -0.189661 -0.339375 3.51169 -0.0187849 -0.0369678 15.4695
44016308 0 0.01 3.49994 32.9 -0.320377 -0.264092 44.1049 -0.430323 -0.353688 15.4695
37000370 0 0.01 3.5 32.9 0.348017 0.21491 15.1598 0.159271 0.0998949 15.4642
37000900 0 0.01 3.49999 32.9 0.0229628 0.331268 23.1373 0.0144377 0.237371 15.4642
37002469 0 0.01 3.5 32.9 -0.0491428 0.0295922 1.51977 -0.00409745 0.00312387 15.4642
37003009 0 0.01 3.5 32.9 -0.0232996 -0.44567 24.9247 -0.0168629 -0.337047 15.4642
37006340 0 0.01 3.50002 32.9 0.135943 -0.390634 13.7614 0.0573489 -0.162477 15.4642
37006683 0 0.01 3.50001 32.9 -0.212833 -0.0065785 6.21682 -0.0399322 0.000893911 15.4642
37008811 0 0.01 3.5 32.9 -0.241617 0.168244 7.15951 -0.0513089 0.0378577 15.4642
37009346 0 0.01 3.5 32.9 -0.285243 -0.078398 2.28938 -0.0260419 -0.00335271 15.4642
37010782 0 0.01 3.50002 32.9 -0.257684 -0.453611 45.0348 -0.351431 -0.619495 15.4642
37010830 0 0.01 3.49553 32.9 0.392342 -0.122393 6.79352 0.0795377 -0.0260064 15.4642
37013247 0 0.01 3.50002 32.9 0.315488 -0.25462 44.6909 0.427846 -0.343939 15.4642
37016550 0 0.01 3.5 32.9 -0.143857 -0.264749 2.26102 -0.0164003 -0.0177463 15.4642
37016709 0 0.01 3.50007 32.9 0.161713 -0.258906 33.6993 0.166027 -0.263829 15.4642
84000624 0 0.01 3.5 32.9 0.0339938 0.350778 4.33999 0.00537806 0.0433328 15.4746
84000970 0 0.01 3.5 32.9 -0.472058 0.152428 3.69489 -0.0531983 0.0199422 15.4746
84002993 0 0.01 3.5 32.9 -0.0216175 -0.202204 5.08371 -0.00320283 -0.0303589 15.4746
84003889 0 0.01 3.5 32.9 0.206774 0.170729 2.0447 0.0191099 0.0113507 15.4746
84004921 0 0.01 3.5 32.9 -0.234333 0.0855812 44.359 -0.314885 0.115961 15.4746
84005739 0 0.01 3.5 32.9 -0.495872 0.00541387 5.70845 -0.0848512 0.00120606 15.4746
84011691 0 0.01 3.5 32.9 0.454246 0.213946 10.2802 0.140845 0.0683072 15.4746
84012439 0 0.01 3.50001 32.9 0.181639 0.200756 26.3573 0.148179 0.163196 15.4746
84012768 0 0.01 3.49999 32.9 -0.207763 0.213201 44.929 -0.28634 0.29257 15.4746
84015773 0 0.01 3.5 32.9 0.325261 -0.423373 2.59201 0.0281517 -0.0317834 15.4746
84016384 0 0.01 3.50056 32.9 0.408084 0.100894 20.5237 0.257028 0.0619866 15.4746
55000574 0 0.01 3.5 32.9 -0.399176 -0.147982 6.14475 -0.0731382 -0.0285141 15.482
55001310 0 0.01 3.4999 32.9 0.206627 -0.0282798 5.95779 0.0353986 -0.00335277 15.482
55004940 0 0.01 3.5 32.9 0.2299 0.458827 4.99474 0.037158 0.0693105 15.482
55005062 0 0.01 3.5 32.9 0.380999 0.471889 10.3441 0.117318 0.149296 15.482
55005783 0 0.01 3.5 32.9 -0.33436 0.367313 7.28982 -0.0761839 0.0813449 15.482
55008477 0 0.01 3.50007 32.9 0.376043 0.492459 34.6134 0.398027 0.518701 15.482
55008982 0 0.01 3.5 32.9 0.108841 -0.492122 1.96358 0.0116207 -0.0314672 15.482
55009498 0 0.01 3.5 32.9 0.424794 0.234287 9.03036 0.117298 0.0666005 15.482
55010693 0 0.01 3.5 32.9 0.157952 0.314946 6.1578 0.0315499 0.0612263 15.482
55011659 0 0.01 3.5 32.9 -0.24838 0.273609 13.2513 -0.0983505 0.111399 15.482
55013992 0 0.01 3.5 32.9 -0.124259 -0.312027 21.5062 -0.0782706 -0.202346 15.482
55014313 0 0.01 3.50446 32.9 -0.234625 0.139232 7.37627 -0.0511795 0.0343893 15.482
55014625 0 0.01 3.5 32.9 -0.408768 -0.00287464 13.4123 -0.168225 0.001376 15.482
55015058 0 0.01 3.5 32.9 0.337797 0.0368711 4.21121 0.0405569 0.00624999 15.482
55015322 0 0.01 3.5 32.9 0.472473 -0.143409 13.1215 0.18815 -0.0559574 15.482
46001000 0 0.01 3.5 32.9 -0.0848498 -0.209511 0.907072 -0.00735108 -0.0156853 15.4813
46002163 0 0.01 3.5 32.9 0.121984 -0.315294 3.9039 0.0161409 -0.040544 15.4813
46002538 0 0.01 3.5 32.9 -0.0429835 -0.318891 1.86847 -0.00468119 -0.0137781 15.4813
46004594 0 0.01 3.5 32.9 -0.291042 -0.180776 6.58113 -0.0590799 -0.0351204 15.4813
46005104 0 0.01 3.5 32.9 -0.356686 -0.122732 0.77723 -0.00648522 -0.00795094 15.4813
46007563 0 0.01 3.49944 32.9 0.0309391 0.29056 21.2535 0.0212198 0.190272 15.4813
46008118 0 0.01 3.5 32.9 0.166336 -0.479627 2.76575 0.0128946 -0.0420772 15.4813
46008564 0 0.01 3.50003 32.9 -0.00843519 0.267208 45.7153 -0.0118065 0.371315 15.4813
46010895 0 0.01 3.5 32.9 -0.0403117 0.0858019 3.97728 -0.000673088 0.0121999 15.4813
46015317 0 0.01 3.5 32.9 0.165656 -0.318957 1.98284 0.0126088 -0.020717 15.4813
46015619 0 0.01 3.50002 32.9 0.203191 -0.0886629 12.095 0.0717221 -0.034003 15.4813
91319 0 0.01 3.5 32.9 0.380513 -0.250262 31.655 0.363518 -0.241093 15.4696
91607 0 0.01 3.5 32.9 -0.133408 0.397583 0.975109 9.61005e-05 0.0188957 15.4696
92371 0 0.01 3.5 32.9 -0.485954 0.346732 3.28281 -0.0482421 0.0364542 15.4696
95328 0 0.01 3.5 32.9 0.270788 0.318358 2.68784 0.0238092 0.0259319 15.4696
98989 0 0.01 3.50014 32.9 -0.406456 0.0284207 27.99 -0.345154 0.0264289 15.4696
88000154 0 0.01 3.5 32.9 0.095186 0.457881 8.33467 0.0252959 0.118903 15.4868
88000412 0 0.01 3.49986 32.9 0.421977 -0.473814 25.3968 0.3253 -0.36726 15.4868
88002220 0 0.01 3.50001 32.9 0.0623179 0.197999 10.5697 0.0184761 0.0637746 15.4868
88004185 0 0.01 3.50005 32.9 -0.442158 -0.462101 37.0598 -0.497474 -0.519387 15.4868
88005873 0 0.01 3.5 32.9 -0.352608 0.138844 3.5883 -0.0396996 0.0180669 15.4868
88006079 0 0.01 3.50001 32.9 0.200952 0.0365131 3.9635 0.0229879 0.00715751 15.4868
88008341 0 0.01 3.49888 32.9 0.25506 -0.268398 11.591 0.0915576 -0.093242 15.4868
88009187 0 0.01 3.5 32.9 0.151315 -0.262307 7.23226 0.031376 -0.0588392 15.4868
88009909 0 0.01 3.50001 32.9 -0.410782 -0.418094 44.4457 -0.556314 -0.562824 15.4868
88010048 0 0.01 3.5 32.9 0.43318 0.414298 10.6634 0.142984 0.135013 15.4868
88010546 0 0.01 3.49777 32.9 -0.145466 0.110481 11.1283 -0.0493312 0.0401253 15.4868
88010944 0 0.01 3.5 32.9 0.122215 -0.465929 2.26071 0.0134429 -0.0310074 15.4868
88011520 0 0.01 3.5 32.9 0.323006 0.157351 3.37267 0.0323426 0.0171119 15.4868
88012186 0 0.01 3.49999 32.9 -0.310957 -0.27604 45.8606 -0.432328 -0.380804 15.4868
88329 0 0.01 3.5 32.9 -0.416077 -0.0648748 1.54451 -0.0233776 -0.00562773 15.4112
89480 0 0.01 3.5 32.9 -0.231509 -0.0247658 2.7766 -0.0203014 -0.00486061 15.4112
90219 0 0.01 3.5 32.9 0.10987 -0.365451 2.82294 0.00571487 -0.0327561 15.4112
95959 0 0.01 3.5 32.9 -0.43626 0.385986 21.9478 -0.292887 0.258196 15.4112
96068 0 0.01 3.50112 32.9 0.32251 0.395029 16.6549 0.163104 0.200461 15.4112
69001321 0 0.01 3.50003 32.9 -0.23791 -0.150282 44.5985 -0.324407 -0.203217 15.4697
69005620 0 0.01 3.50056 32.9 -0.462198 0.355214 18.5313 -0.260244 0.199467 15.4697
69006771 0 0.01 3.5 32.9 -0.0295874 0.0640918 8.17213 -0.00669677 0.0173545 15.4697
69007655 0 0.01 3.5 32.9 0.486043 0.037094 15.2338 0.224264 0.0166525 15.4697
69008941 0 0.01 3.5 32.9 -0.275988 -0.126796 9.68648 -0.0816036 -0.0360517 15.4697
69011420 0 0.01 3.50007 32.9 -0.0555814 -0.217283 41.9648 -0.070176 -0.276079 15.4697
69011478 0 0.01 3.5 32.9 0.0764998 -0.479561 35.9135 0.0815471 -0.524882 15.4697
69012852 0 0.01 3.5 32.9 0.213574 0.35627 3.01341 0.0200479 0.0320827 15.4697
69015786 0 0.01 3.5 32.9 -0.425698 -0.032678 9.29263 -0.121084 -0.00716915 15.4697
39004843 0 0.01 3.50002 32.9 0.195352 0.17084 35.071 0.204575 0.182506 15.4776
39005035 0 0.01 3.50007 32.9 0.483695 -0.249192 38.3927 0.564066 -0.29054 15.4776
39005878 0 0.01 3.5 32.9 -0.154688 -0.148114 2.96608 -0.0169944 -0.0123316 15.4776
39011336 0 0.01 3.49999 32.9 -0.39019 0.0425246 45.9551 -0.542925 0.0619855 15.4776
39011932 0 0.01 3.50003 32.9 -0.0222562 0.267286 21.2487 -0.013611 0.170773 15.4776
39012334 0 0.01 3.5 32.9 -0.492789 -0.264873 9.14422 -0.138441 -0.0735184 15.4776
39013858 0 0.01 3.5 32.9 0.389413 0.0756478 2.92226 0.0340272 0.00565534 15.4776
39017346 0 0.01 3.50003 32.9 -0.013641 -0.100655 43.7719 -0.0182323 -0.134482 15.4776
39017405 0 0.01 3.5 32.9 -0.393121 0.43905 2.15451 -0.02605 0.0269453 15.4776
35002508 0 0.01 3.5 32.9 0.22388 0.30928 4.38172 0.0281232 0.0388627 15.4844
35003175 0 0.01 3.5 32.9 0.40696 0.189915 5.98124 0.0749282 0.0343231 15.4844
35003713 0 0.01 3.5 32.9 -0.273158 0.183902 3.73522 -0.0316607 0.0202742 15.4844
35005138 0 0.01 3.5 32.9 -0.239872 0.447756 4.48033 -0.0325116 0.0596743 15.4844
35006292 0 0.01 3.49997 32.9 -0.168505 -0.195428 33.7676 -0.174013 -0.201183 15.4844
35010477 0 0.01 3.5 32.9 0.300201 -0.0638876 1.16794 0.00601691 0.00677476 15.4844
35012023 0 0.01 3.5 32.9 0.381165 0.205017 2.82917 0.0352475 0.0172724 15.4844
35012665 0 0.01 3.5 32.9 -0.287395 -0.0730207 5.32591 -0.0482891 -0.0111857 15.4844
35014013 0 0.01 3.5 32.9 0.244664 0.448622 28.1032 0.20953 0.3838 15.4844
33000029 0 0.01 3.50007 32.9 0.115803 -0.0161957 38.8831 0.139118 -0.0169162 15.4808
33004848 0 0.01 3.5 32.9 -0.434372 0.35766 4.51507 -0.0587625 0.0490565 15.4808
33006436 0 0.01 3.5 32.9 0.446908 0.152206 1.53454 0.0233528 0.00140966 15.4808
33009058 0 0.01 3.49944 32.9 -0.159543 0.113574 13.9148 -0.067087 0.0485148 15.4808
33010833 0 0.01 3.50014 32.9 0.430001 -0.49925 32.5791 0.427231 -0.490354 15.4808
33013715 0 0.01 3.5 32.9 0.223966 -0.428271 3.26116 0.0229684 -0.046371 15.4808
33014624 0 0.01 3.5 32.9 -0.189801 0.0622327 21.1304 -0.123506 0.0410077 15.4808
33015162 0 0.01 3.5 32.9 0.193193 -0.410517 32.7184 0.192174 -0.407522 15.4808
33015610 0 0.01 3.50002 32.9 0.0325757 -0.156603 41.3395 0.0408957 -0.19649 15.4808
33015802 0 0.01 3.5 32.9 -0.476139 -0.380999 15.7952 -0.228344 -0.183261 15.4808
12001300 0 0.01 3.5 32.9 0.411876 0.435405 3.85488 0.0453969 0.0502226 15.4878
12003464 0 0.01 3.5 32.9 0.0718644 -0.207936 41.7455 0.0911617 -0.265499 15.4878
12004130 0 0.01 3.49997 32.9 0.0679697 0.106697 37.9363 0.0785681 0.123878 15.4878
12004801 0 0.01 3.5 32.9 -0.423648 -0.240456 11.9579 -0.152789 -0.0856252 15.4878
12005449 0 0.01 3.5 32.9 0.403366 -0.0925932 34.0229 0.418159 -0.0948843 15.4878
12007050 0 0.01 3.49999 32.9 -0.133606 0.0738213 1.17248 -0.00579608 0.00925623 15.4878
12008534 0 0.01 3.5 32.9 -0.191277 0.326584 1.45335 -0.0109413 0.0153285 15.4878
12008848 0 0.01 3.50003 32.9 -0.015053 0.37172 24.0485 -0.0113528 0.274438 15.4878
12013313 0 0.01 3.50001 32.9 0.413082 0.467723 2.48214 0.0329301 0.0357673 15.4878
12014760 0 0.01 3.5 32.9 0.17387 -0.0135994 2.33007 0.0152918 0.0027862 15.4878
12016477 0 0.01 3.5 32.9 0.0136932 0.292119 4.1402 0.00395808 0.035343 15.4878
12016650 0 0.01 3.5 32.9 0.309768 -0.208832 3.40603 0.0322792 -0.0242758 15.4878
12017486 0 0.01 3.5 32.9 -0.33725 0.433719 49.8983 -0.508148 0.658423 15.4878
32002282 0 0.01 3.5 32.9 0.153394 0.262745 11.7722 0.054918 0.0961065 15.4732
32003362 0 0.01 3.49986 32.9 -0.140307 0.436229 23.5369 -0.102043 0.313933 15.4732
32007024 0 0.01 3.50002 32.9 -0.138849 -0.414687 44.4717 -0.189754 -0.56152 15.4732
32007903 0 0.01 3.49986 32.9 0.0436285 -0.0159467 29.3643 0.0403882 -0.0128889 15.4732
32008346 0 0.01 3.50028 32.9 0.0138404 -0.481364 34.6493 0.0170626 -0.506986 15.4732
32008422 0 0.01 3.5 32.9 -0.0933925 0.271612 5.6827 -0.0158721 0.0477517 15.4732
32008618 0 0.01 3.5 32.9 -0.00513523 0.388694 0.633744 -0.000798266 0.0150042 15.4732
32010757 0 0.01 3.5 32.9 -0.36546 0.370741 4.1329 -0.0471168 0.0442235 15.4732
30000392 0 0.01 3.5 32.9 0.405492 0.122663 6.19842 0.0753036 0.0229482 15.4709
30001330 0 0.01 3.5 32.9 0.0428312 0.138009 4.12784 0.00712129 0.0163184 15.4709
30002417 0 0.01 3.5 32.9 -0.183488 0.0215377 4.19039 -0.0209762 0.00365232 15.4709
30003454 0 0.01 3.5 32.9 -0.492236 -0.39899 2.96889 -0.0454131 -0.0375756 15.4709
30004387 0 0.01 3.5 32.9 0.0835099 0.0670842 1.758 -0.000537941 0.00481116 15.4709
30007208 0 0.01 3.49993 32.9 0.345582 -0.408123 38.9607 0.407692 -0.481746 15.4709
30008274 0 0.01 3.5 32.9 -0.174278 0.476795 1.96446 -0.0120055 0.0248652 15.4709
30008560 0 0.01 3.5 32.9 -0.0126189 0.245926 4.97135 -0.00505948 0.0384976 15.4709
30011634 0 0.01 3.5 32.9 -0.473731 -0.387247 13.7397 -0.198373 -0.159506 15.4709
30012417 0 0.01 3.5 32.9 0.244194 -0.0735903 34.7807 0.256107 -0.0773864 15.4709
30012776 0 0.01 3.5 32.9 0.228097 0.465967 5.52444 0.0364264 0.0799062 15.4709
30012796 0 0.01 3.5 32.9 -0.0117054 -0.413267 4.12386 -0.00132155 -0.0494811 15.4709
30014619 0 0.01 3.5 32.9 0.154623 0.176468 11.9573 0.057082 0.0638774 15.4709
30015807 0 0.01 3.50001 32.9 0.189362 -0.287227 1.23937 0.00525625 -0.0168373 15.4709
30016951 0 0.01 3.49979 32.9 -0.368179 0.376534 27.4292 -0.307068 0.314343 15.4709
30017077 0 0.01 3.5 32.9 0.27613 -0.486571 32.4672 0.273173 -0.47892 15.4709
27001642 0 0.01 3.50014 32.9 -0.45759 -0.149849 31.8184 -0.441503 -0.14543 15.4858
27004060 0 0.01 3.5 32.9 0.0954148 0.199216 2.19858 0.0119922 0.0130949 15.4858
27005225 0 0.01 3.5 32.9 0.144818 0.163827 6.14643 0.0255198 0.0294332 15.4858
27008673 0 0.01 3.50003 32.9 0.00311755 0.0696636 59.9313 0.00518882 0.126528 15.4858
27008680 0 0.01 3.5 32.9 -0.438383 0.335995 3.06933 -0.0370097 0.033731 15.4858
27011096 0 0.01 3.5 32.9 -0.0307493 0.192467 3.57624 -0.00158989 0.0218022 15.4858
27014108 0 0.01 3.49995 32.9 -0.143495 -0.130822 44.784 -0.197029 -0.176063 15.4858
27014137 0 0.01 3.5 32.9 0.00699118 0.469819 11.6599 0.00414058 0.16568 15.4858
27015783 0 0.01 3.5 32.9 -0.0196673 -0.379659 3.24614 -6.7828e-05 -0.0382648 15.4858
29001231 0 0.01 3.49993 32.9 -0.323411 0.353078 30.7961 -0.302248 0.330302 15.4766
29004054 0 0.01 3.49997 32.9 -0.316807 -0.0494655 38.8439 -0.372967 -0.0566444 15.4766
29005077 0 0.01 3.5 32.9 -0.348012 -0.317492 15.3458 -0.16249 -0.147627 15.4766
29010519 0 0.01 3.49998 32.9 0.31974 0.405484 42.3775 0.413821 0.521506 15.4766
29013556 0 0.01 3.5 32.9 -0.406787 0.0883476 7.24899 -0.0920357 0.0217535 15.4766
29014870 0 0.01 3.5 32.9 0.391477 -0.405396 4.79033 0.0575349 -0.0590808 15.4766
29015020 0 0.01 3.50002 32.9 0.209301 0.332558 37.5716 0.237705 0.380107 15.4766
29017403 0 0.01 3.5 32.9 0.00447141 0.331166 7.62065 0.0019489 0.0751706 15.4766
1002902 0 0.01 3.5 32.9 0.438866 0.101745 1.88584 0.0259282 0.00589145 15.4648
1003509 0 0.01 3.50001 32.9 -0.226188 0.135007 32.2158 -0.2193 0.13175 15.4648
1004254 0 0.01 3.50002 32.9 -0.352709 0.10229 57.4675 -0.617322 0.179831 15.4648
1008153 0 0.01 3.5 32.9 0.0621715 -0.0952605 4.83474 0.0111847 -0.0154534 15.4648
1009982 0 0.01 3.5 32.9 -0.170006 0.127762 5.80467 -0.0293068 0.0207943 15.4648
1013785 0 0.01 3.5 32.9 -0.414457 0.427087 19.5183 -0.245902 0.252675 15.4648
1016035 0 0.01 3.5 32.9 -0.171252 0.362179 3.33463 -0.017029 0.0326663 15.4648
34002891 0 0.01 3.5 32.9 0.414738 0.298953 17.5926 0.222196 0.160174 15.4743
34004164 0 0.01 3.5 32.9 -0.309124 0.284431 4.58022 -0.0446116 0.0394639 15.4743
34006486 0 0.01 3.5 32.9 -0.463361 0.44227 2.93472 -0.0406466 0.0419778 15.4743
34006582 0 0.01 3.5 32.9 -0.374878 -0.133282 3.54545 -0.0394501 -0.0143167 15.4743
34008770 0 0.01 3.5 32.9 0.0843906 0.410819 22.7646 0.0597179 0.283694 15.4743
34010754 0 0.01 3.5 32.9 0.236847 0.3291 5.03339 0.0391254 0.0519605 15.4743
34011517 0 0.01 3.5 32.9 -0.361982 -0.195011 30.6205 -0.334645 -0.181734 15.4743
34015064 0 0.01 3.5 32.9 -0.208781 0.305234 7.20925 -0.0429301 0.0656125 15.4743
34015134 0 0.01 3.5 32.9 0.499072 -0.494953 10.3149 0.157536 -0.154676 15.4743
34016127 0 0.01 3.5 32.9 -0.0279601 0.305234 1.34657 -0.00847308 0.0185104 15.4743
77000479 0 0.01 3.5 32.9 -0.230468 -0.26425 3.47867 -0.0244103 -0.0256703 15.4768
77006128 0 0.01 3.49993 32.9 0.1158 0.121198 30.0259 0.106541 0.109946 15.4768
77006515 0 0.01 3.5 32.9 0.346111 -0.0875287 2.10577 0.020001 -0.00478285 15.4768
77008263 0 0.01 3.5 32.9 0.19304 0.376972 8.39893 0.0481505 0.099027 15.4768
77013976 0 0.01 3.5 32.9 -0.325191 0.369966 3.36056 -0.0324387 0.0370324 15.4768
77014141 0 0.01 3.5 32.9 0.278068 -0.386153 4.89146 0.0430052 -0.0577331 15.4768
77015481 0 0.01 3.5 32.9 0.3063 -0.106548 15.2889 0.143052 -0.0509689 15.4768
77016470 0 0.01 3.5 32.9 0.304747 -0.331461 4.51129 0.0379757 -0.0458121 15.4768
97002520 0 0.01 3.5 32.9 -0.201794 0.207701 4.32665 -0.0286648 0.0265493 15.4649
97004686 0 0.01 3.50001 32.9 -0.0476711 0.446644 5.24409 -0.00783858 0.0701988 15.4649
97006227 0 0.01 3.5 32.9 0.43517 -0.239175 4.40248 0.057885 -0.0292364 15.4649
97006525 0 0.01 3.50001 32.9 -0.326422 -0.460622 41.2057 -0.409311 -0.574322 15.4649
97009644 0 0.01 3.50003 32.9 -0.0556058 -0.00910892 39.8059 -0.0679816 -0.00952332 15.4649
97009862 0 0.01 3.5 32.9 -0.300419 0.291419 1.45237 -0.0113623 0.0174153 15.4649
97011238 0 0.01 3.5 32.9 -0.143788 0.192824 1.23195 -0.00450983 0.00749833 15.4649
97012159 0 0.01 3.50028 32.9 -0.0877806 0.00859379 26.4036 -0.0716499 0.00615202 15.4649
97012783 0 0.01 3.5 32.9 0.416245 0.176012 4.65544 0.0593367 0.0247068 15.4649
97015260 0 0.01 3.5 32.9 -0.486896 -0.209697 28.3285 -0.420929 -0.18115 15.4649
97016758 0 0.01 3.50007 32.9 0.30188 0.00478463 43.8371 0.401411 0.00649117 15.4649
96001691 0 0.01 3.49993 32.9 -0.389964 0.0115639 44.5404 -0.528287 0.0176392 15.4731
96003521 0 0.01 3.50003 32.9 -0.06826 -0.195664 36.8241 -0.0772486 -0.217871 15.4731
96003558 0 0.01 3.5 32.9 0.0888411 -0.37234 6.69366 0.0176519 -0.0764978 15.4731
96003721 0 0.01 3.5 32.9 0.147044 0.112083 4.21735 0.0217066 0.0148824 15.4731
96008213 0 0.01 3.5 32.9 0.273324 0.0185082 1.05641 0.00923594 -0.000357411 15.4731
96008466 0 0.01 3.5 32.9 0.10693 -0.16647 1.06593 0.0109448 -0.00921969 15.4731
96011380 0 0.01 3.5 32.9 0.200842 -0.420154 3.82156 0.0223753 -0.0473149 15.4731
96011518 0 0.01 3.5 32.9 0.0320075 -0.314816 2.61267 0.00187299 -0.0242228 15.4731
96014020 0 0.01 3.5 32.9 0.372728 -0.015603 2.03533 0.0204691 0.00338297 15.4731
96014814 0 0.01 3.5 32.9 -0.490329 0.0982369 4.08486 -0.0621486 0.0137684 15.4731
95001474 0 0.01 3.5 32.9 -0.282525 0.495148 2.99025 -0.0256168 0.0469352 15.4713
95003827 0 0.01 3.5 32.9 0.321551 0.0124833 1.47866 0.00720134 0.000212439 15.4713
95004264 0 0.01 3.5 32.9 -0.130306 0.225874 1.98906 -0.00791109 0.014504 15.4713
95006161 0 0.01 3.5 32.9 -0.488755 -0.122261 0.845467 -0.0187494 0.00820785 15.4713
95007951 0 0.01 3.49944 32.9 0.365458 -0.178337 21.4285 0.236778 -0.115802 15.4713
95008602 0 0.01 3.5 32.9 -0.470553 -0.359 1.57566 -0.0236112 -0.0129107 15.4713
95011314 0 0.01 3.49993 32.9 -0.0459824 -0.239013 69.8858 -0.0974786 -0.50667 15.4713
95011649 0 0.01 3.5 32.9 -0.30595 -0.0193821 3.08061 -0.0290421 0.00121817 15.4713
95017007 0 0.01 3.5 32.9 -0.176349 0.0595413 4.5329 -0.023937 0.00792368 15.4713
94000590 0 0.01 3.5 32.9 0.116683 0.370009 2.74701 0.0109029 0.0344217 15.4736
94003482 0 0.01 3.5 32.9 0.260656 -0.0534787 7.94133 0.0643261 -0.0129843 15.4736
94005002 0 0.01 3.5 32.9 0.158792 0.460515 1.9148 0.00592139 0.0264519 15.4736
94005272 0 0.01 3.49993 32.9 -0.376029 0.0659392 70.4886 -0.804896 0.141181 15.4736
94007086 0 0.01 3.5 32.9 0.0903207 0.485301 2.75086 0.00876572 0.0405327 15.4736
94007227 0 0.01 3.5 32.9 -0.296614 -0.113233 1.32899 -0.00810594 -0.00801423 15.4736
94008386 0 0.01 3.5 32.9 -0.13815 -0.398671 4.60479 -0.0225389 -0.0576443 15.4736
94010900 0 0.01 3.5 32.9 0.478064 0.494808 1.77463 0.0254699 0.03325 15.4736
94013724 0 0.01 3.5 32.9 -0.310529 -0.47866 6.84213 -0.0647466 -0.100423 15.4736
94016838 0 0.01 3.5 32.9 -0.045561 -0.375511 3.27149 -0.00553497 -0.0370038 15.4736
92000796 0 0.01 3.5 32.9 -0.307837 -0.0524911 2.98568 -0.0260005 -0.00484534 15.4964
92002707 0 0.01 3.5 32.9 0.343593 0.339721 2.65725 0.0273017 0.0303232 15.4964
92004870 0 0.01 3.5 32.9 0.398439 0.0992708 4.68823 0.0576735 0.0148033 15.4964
92007547 0 0.01 3.5 32.9 -0.252754 0.192984 33.8381 -0.260802 0.200779 15.4964
92010632 0 0.01 3.50028 32.9 -0.386631 -0.445243 22.2622 -0.262573 -0.301211 15.4964
92011310 0 0.01 3.49972 32.9 0.337373 -0.474301 22.4836 0.230451 -0.322609 15.4964
92011957 0 0.01 3.5 32.9 -0.207227 0.487539 3.7117 -0.023544 0.0536472 15.4964
92016171 0 0.01 3.5 32.9 0.487253 -0.145941 40.77 0.602893 -0.17998 15.4964
