1000817 14 0.01 1.7 32.9 -0.392925 0.414525 6.46429 -0.0780085 0.0825383 7.18676
1000909 14 0.01 1.7 32.9 -0.124828 0.102547 4.38999 -0.0187926 0.014344 7.18676
1001075 14 0.01 1.7 32.9 -0.442097 0.0645664 11.8084 -0.157197 0.0229756 7.18676
1001744 14 0.01 1.7 32.9 0.121909 0.0825634 6.26925 0.0228356 0.0161595 7.18676
1006457 14 0.01 1.7 32.9 -0.456168 0.331307 10.1143 -0.142696 0.103546 7.18676
1007444 14 0.01 1.7 32.9 0.456494 0.38459 4.2742 0.0560304 0.0493826 7.18676
1009327 14 0.01 1.7 32.9 -0.355344 -0.433047 7.39754 -0.0799502 -0.0966305 7.18676
1010564 14 0.01 1.7 32.9 -0.214991 0.233908 8.65878 -0.0560568 0.0629968 7.18676
1012861 14 0.01 1.7 32.9 -0.286146 -0.220154 4.30091 -0.0375608 -0.0264187 7.18676
1014805 14 0.01 1.7 32.9 -0.0114303 -0.0783073 3.34821 -0.00390119 -0.00968681 7.18676
1014816 14 0.01 1.7 32.9 -0.415057 0.494125 10.6306 -0.134049 0.161139 7.18676
1016444 14 0.01 1.7 32.9 0.125297 -0.337897 4.84478 0.0178428 -0.0491848 7.18676
1016578 14 0.01 1.7 32.9 0.358097 -0.360702 6.51315 0.0705639 -0.0705919 7.18676
1019801 14 0.01 1.7 32.9 0.270893 0.2967 3.7249 0.031648 0.0339526 7.18676
1020049 14 0.01 1.7 32.9 -0.0660782 -0.0751861 3.02702 -0.00792298 -0.00620237 7.18676
1021558 14 0.01 1.7 32.9 -0.140256 0.275023 6.83391 -0.0317515 0.0565281 7.18676
1030886 14 0.01 1.7 32.9 0.483319 0.0215966 12.5853 0.185446 0.00889605 7.18676
1031042 14 0.01 1.7 32.9 -0.0427412 -0.122546 1.88541 0.0011141 -0.00879845 7.18676
1032118 14 0.01 1.7 32.9 0.0548465 0.234282 2.95094 0.0062828 0.0229303 7.18676
1036454 14 0.01 1.7 32.9 0.238817 0.0874903 3.84901 0.0240002 0.0108311 7.18676
1036838 14 0.01 1.7 32.9 -0.466648 -0.297944 9.6743 -0.135583 -0.0892999 7.18676
1038390 14 0.01 1.7 32.9 -0.456431 -0.310934 7.03177 -0.0992488 -0.0658156 7.18676
1038763 14 0.01 1.7 32.9 -0.10923 -0.325496 6.69411 -0.0228763 -0.0656727 7.18676
1040845 14 0.01 1.7 32.9 0.397723 0.282194 6.3752 0.0770704 0.055515 7.18676
1041902 14 0.01 1.7 32.9 0.497318 -0.0682498 3.96992 0.0595618 -0.0090816 7.18676
1042146 14 0.01 1.7 32.9 0.183533 0.261316 4.98561 0.0294794 0.0396754 7.18676
1044863 14 0.01 1.7 32.9 0.453206 0.466743 8.24235 0.110859 0.117291 7.18676
1045140 14 0.01 1.7 32.9 0.484369 -0.380685 5.66568 0.0832682 -0.0647854 7.18676
1046199 14 0.01 1.7 32.9 0.34405 0.144348 4.40596 0.0443502 0.020717 7.18676
1047064 14 0.01 1.7 32.9 -0.164414 0.221113 5.42223 -0.0258847 0.0353199 7.18676
1048158 14 0.01 1.7 32.9 -0.0925632 -0.198272 4.25283 -0.0143096 -0.0256559 7.18676
1051766 14 0.01 1.7 32.9 0.0841252 -0.0442594 2.53753 0.00619902 -0.00291181 7.18676
1052122 14 0.01 1.7 32.9 0.129926 -0.197658 10.9231 0.0422746 -0.0657812 7.18676
1055122 14 0.01 1.7 32.9 -0.0441424 -0.284055 4.36711 -0.00449251 -0.0389641 7.18676
1058611 14 0.01 1.7 32.9 0.14589 0.0617994 9.50095 0.0425658 0.0189574 7.18676
1060863 14 0.01 1.7 32.9 0.39786 -0.142321 3.19666 0.0362435 -0.0129922 7.18676
1061344 14 0.01 1.7 32.9 0.030731 -0.187385 3.54002 0.00261108 -0.0203917 7.18676
1065229 14 0.01 1.7 32.9 -0.313934 -0.120392 5.14866 -0.0506068 -0.0191146 7.18676
1068199 14 0.01 1.7 32.9 0.47496 0.203451 3.38572 0.0472212 0.0216688 7.18676
1068325 14 0.01 1.7 32.9 0.256384 -0.39624 11.8944 0.0942595 -0.139609 7.18676
1069129 14 0.01 1.7 32.9 0.386725 0.33469 3.21202 0.0376792 0.031301 7.18676
1071726 14 0.01 1.7 32.9 0.4578 -0.460356 4.66586 0.0628805 -0.0625241 7.18676
1072768 14 0.01 1.7 32.9 0.283834 0.465079 5.2582 0.0490081 0.0761163 7.18676
1074955 14 0.01 1.7 32.9 0.379244 0.286206 2.87792 0.0353751 0.022 7.18676
1075993 14 0.01 1.7 32.9 0.193952 -0.366773 6.23465 0.0383913 -0.0674277 7.18676
1083414 14 0.01 1.7 32.9 -0.222097 0.379398 4.18807 -0.031578 0.0477095 7.18676
1089706 14 0.01 1.7 32.9 -0.103121 -0.254355 6.0758 -0.0213029 -0.0467423 7.18676
1092465 14 0.01 1.7 32.9 -0.440945 -0.116548 5.92771 -0.0820711 -0.0195635 7.18676
1095297 14 0.01 1.7 32.9 0.0418611 0.469593 6.27344 0.00815826 0.0872075 7.18676
1096063 14 0.01 1.7 32.9 0.183594 -0.0403383 5.78741 0.0328544 -0.00694123 7.18676
1096843 14 0.01 1.7 32.9 -0.220592 -0.0592819 4.61044 -0.0298916 -0.00980014 7.18676
1097302 14 0.01 1.7 32.9 0.192015 0.456081 7.54214 0.0424321 0.107245 7.18676
1097840 14 0.01 1.7 32.9 -0.406337 0.159993 12.1787 -0.150559 0.0576572 7.18676
1104066 14 0.01 1.7 32.9 0.428295 0.288869 2.00187 0.0286839 0.0188968 7.18676
1106493 14 0.01 1.7 32.9 -0.410621 0.15639 4.22306 -0.0520883 0.0229056 7.18676
1107517 14 0.01 1.7 32.9 -0.299664 0.0222768 1.59703 -0.0172088 0.00386302 7.18676
1109270 14 0.01 1.7 32.9 0.266082 -0.373405 5.35106 0.0438245 -0.0607798 7.18676
1109581 14 0.01 1.7 32.9 0.0615399 -0.304165 4.72913 0.00930784 -0.0421558 7.18676
1113947 14 0.01 1.7 32.9 0.294748 0.0442805 4.26726 0.0389682 0.00839115 7.18676
1117647 14 0.01 1.7 32.9 -0.268235 0.106236 3.23146 -0.0267094 0.0116147 7.18676
1119298 14 0.01 1.7 32.9 0.154533 -0.40227 6.98932 0.0329131 -0.0856542 7.18676
1121390 14 0.01 1.7 32.9 -0.241899 0.189034 14.0358 -0.104787 0.0811242 7.18676
1125135 14 0.01 1.7 32.9 0.0340719 -0.212175 6.32652 0.00552901 -0.0406482 7.18676
1129277 14 0.01 1.7 32.9 0.401942 -0.271587 4.669 0.0570622 -0.0394668 7.18676
1129760 14 0.01 1.7 32.9 0.0156708 -0.281473 3.72397 0.00157635 -0.0315623 7.18676
1129794 14 0.01 1.7 32.9 -0.453036 0.464301 4.04462 -0.0536785 0.0598798 7.18676
1131022 14 0.01 1.7 32.9 0.259523 -0.383029 9.55207 0.0771659 -0.108698 7.18676
1134082 14 0.01 1.7 32.9 0.13129 -0.0113368 2.57848 0.0104428 -0.000233909 7.18676
1134398 14 0.01 1.7 32.9 0.480828 0.221537 4.11554 0.0612224 0.0281707 7.18676
1134514 14 0.01 1.7 32.9 -0.0439894 0.491769 4.41396 -0.00785586 0.068889 7.18676
1135089 14 0.01 1.7 32.9 0.22065 0.447987 10.6297 0.0716868 0.147978 7.18676
1135519 14 0.01 1.7 32.9 0.390781 0.0448731 6.51463 0.0763549 0.00954732 7.18676
1135736 14 0.01 1.7 32.9 0.392977 -0.147765 3.2935 0.0408294 -0.0127121 7.18676
1141279 14 0.01 1.7 32.9 -0.0246837 0.182728 7.29046 -0.00801736 0.0392627 7.18676
1141943 14 0.01 1.7 32.9 -0.243835 0.308975 12.1123 -0.0910736 0.112733 7.18676
1147667 14 0.01 1.7 32.9 0.359706 -0.326454 8.15202 0.0871973 -0.0806345 7.18676
1148109 14 0.01 1.7 32.9 0.234317 0.299553 6.71333 0.047379 0.0610085 7.18676
1152241 14 0.01 1.7 32.9 -0.237605 0.0899544 6.46986 -0.047702 0.01713 7.18676
1152731 14 0.01 1.7 32.9 -0.188474 -0.229119 3.11406 -0.0197248 -0.0213627 7.18676
1154643 14 0.01 1.7 32.9 0.101022 0.239853 3.90046 0.0126392 0.0287796 7.18676
1155036 14 0.01 1.7 32.9 -0.461745 0.136367 4.19183 -0.0589146 0.0167234 7.18676
1156608 14 0.01 1.7 32.9 -0.122193 0.298062 5.68029 -0.0205001 0.050354 7.18676
1158385 14 0.01 1.7 32.9 -0.0113769 -0.386913 1.73105 -3.87653e-05 -0.021695 7.18676
1159464 14 0.01 1.7 32.9 0.353613 0.388536 3.29687 0.036747 0.0410898 7.18676
1166002 14 0.01 1.7 32.9 0.219152 -0.092997 4.22496 0.0296304 -0.0116286 7.18676
1167143 14 0.01 1.7 32.9 0.12964 -0.318846 5.19748 0.0198972 -0.0469503 7.18676
1167845 14 0.01 1.7 32.9 0.0315926 -0.430462 4.16688 0.00575071 -0.0539482 7.18676
1168533 14 0.01 1.7 32.9 -0.305326 0.27225 6.19686 -0.0583921 0.0524416 7.18676
1170871 14 0.01 1.7 32.9 0.239491 -0.194329 1.7041 0.0115546 -0.0097947 7.18676
1171493 14 0.01 1.7 32.9 -0.407018 0.190985 4.40629 -0.0542113 0.0257678 7.18676
1181698 14 0.01 1.7 32.9 0.271499 -0.360891 2.91134 0.0254529 -0.0335415 7.18676
1188349 14 0.01 1.7 32.9 0.163228 -0.274949 8.28959 0.0398166 -0.071785 7.18676
1189048 14 0.01 1.7 32.9 0.14608 0.0985898 4.87145 0.0222082 0.0148639 7.18676
1189513 14 0.01 1.7 32.9 -0.393693 0.457758 3.48618 -0.0401593 0.0468527 7.18676
1190362 14 0.01 1.7 32.9 0.370916 -0.4473 5.48765 0.0564211 -0.0743284 7.18676
1190658 14 0.01 1.7 32.9 -0.217008 0.459704 3.97706 -0.02577 0.0567832 7.18676
1190862 14 0.01 1.7 32.9 -0.208164 -0.101394 6.79137 -0.0433894 -0.0177569 7.18676
1199212 14 0.01 1.7 32.9 -0.131231 0.272768 3.03102 -0.0109874 0.0258282 7.18676
1206631 14 0.01 1.7 32.9 0.438092 -0.33927 4.3617 0.0569157 -0.0441476 7.18676
1208814 14 0.01 1.7 32.9 0.456145 0.127974 1.88781 0.0265684 0.00649358 7.18676
1209328 14 0.01 1.7 32.9 0.0881301 -0.280459 5.0333 0.0130844 -0.0429352 7.18676
1210494 14 0.01 1.7 32.9 -0.230266 -0.271063 2.67332 -0.0164711 -0.021944 7.18676
1212911 14 0.01 1.7 32.9 -0.102436 0.0295987 6.5418 -0.0206922 0.00764619 7.18676
1213184 14 0.01 1.7 32.9 0.290896 -0.0381539 24.4815 0.217492 -0.0290614 7.18676
1213296 14 0.01 1.7 32.9 0.451541 -0.0333783 4.64077 0.0645971 -0.00302963 7.18676
1215969 14 0.01 1.7 32.9 -0.334459 -0.163751 4.99123 -0.0482064 -0.0239718 7.18676
1217323 14 0.01 1.7 32.9 0.245759 0.342672 8.12823 0.0604913 0.0827246 7.18676
1221901 14 0.01 1.7 32.9 -0.0770153 -0.217413 3.74715 -0.00686683 -0.0229389 7.18676
1221931 14 0.01 1.7 32.9 0.497372 -0.299547 3.11814 0.0463957 -0.0285544 7.18676
1222823 14 0.01 1.7 32.9 0.21957 -0.42018 4.21901 0.0289867 -0.0523585 7.18676
1224008 14 0.01 1.7 32.9 0.156452 0.265748 5.19387 0.025642 0.0420412 7.18676
1226911 14 0.01 1.7 32.9 -0.109242 -0.179172 2.64031 -0.00864837 -0.0143637 7.18676
1226992 14 0.01 1.7 32.9 0.0602525 -0.443047 5.96595 0.0118037 -0.079988 7.18676
1228443 14 0.01 1.7 32.9 -0.314152 0.0808482 3.37446 -0.0292017 0.00884148 7.18676
1229321 14 0.01 1.7 32.9 -0.229045 -0.376905 9.04245 -0.0647668 -0.103568 7.18676
1231865 14 0.01 1.7 32.9 0.223177 0.140731 8.73497 0.0592441 0.0373287 7.18676
1232024 14 0.01 1.7 32.9 0.440606 -0.436713 10.5915 0.141177 -0.138731 7.18676
1232273 14 0.01 1.7 32.9 0.129148 0.291815 5.21552 0.0194709 0.0471444 7.18676
1232516 14 0.01 1.7 32.9 0.123208 -0.40423 3.50525 0.0164449 -0.0459669 7.18676
1232883 14 0.01 1.7 32.9 0.452768 0.304595 10.5273 0.144433 0.096441 7.18676
1236422 14 0.01 1.7 32.9 0.198797 -0.486667 5.68176 0.0331336 -0.0817892 7.18676
1240486 14 0.01 1.7 32.9 -0.00724259 -0.207264 7.91108 -0.00234787 -0.0501552 7.18676
1240963 14 0.01 1.7 32.9 0.128699 -0.466272 6.08691 0.0211251 -0.0873241 7.18676
1242858 14 0.01 1.7 32.9 0.290767 0.0125433 4.60145 0.0401448 0.000889534 7.18676
1244331 14 0.01 1.7 32.9 0.133885 0.254564 8.16662 0.0329565 0.0638285 7.18676
1245197 14 0.01 1.7 32.9 0.480627 -0.104102 1.86325 0.0234244 -0.00655895 7.18676
1245208 14 0.01 1.7 32.9 -0.0804863 0.0776034 4.42793 -0.0122336 0.012918 7.18676
1245264 14 0.01 1.7 32.9 -0.403291 -0.102081 4.41751 -0.0554119 -0.0118718 7.18676
1248900 14 0.01 1.7 32.9 0.299073 -0.0642299 12.1602 0.110653 -0.021778 7.18676
1249364 14 0.01 1.7 32.9 -0.415912 -0.247457 4.7781 -0.0596687 -0.0331561 7.18676
1251455 14 0.01 1.7 32.9 0.220647 0.164094 7.81602 0.0532868 0.0391301 7.18676
1253774 14 0.01 1.7 32.9 -0.400763 0.171958 1.90782 -0.0236799 0.00931844 7.18676
1253814 14 0.01 1.7 32.9 0.0611578 -0.279 4.74976 0.00749745 -0.0395275 7.18676
1253895 14 0.01 1.7 32.9 -0.179375 0.188792 1.91321 -0.0107127 0.0121288 7.18676
1261016 14 0.01 1.7 32.9 -0.102258 0.150605 6.26264 -0.0196857 0.0309534 7.18676
1261541 14 0.01 1.7 32.9 -0.0490776 -0.487257 3.47268 -0.00487502 -0.0498613 7.18676
1262769 14 0.01 1.7 32.9 0.183978 0.18729 10.8372 0.0616693 0.0628042 7.18676
1267589 14 0.01 1.7 32.9 0.00963127 0.151933 2.28684 -0.000516132 0.0111981 7.18676
1268350 14 0.01 1.7 32.9 0.252839 0.203744 8.07951 0.0628686 0.0493497 7.18676
1270980 14 0.01 1.7 32.9 -0.131509 -0.208743 3.8965 -0.0147881 -0.0217245 7.18676
1272689 14 0.01 1.7 32.9 -0.238952 -0.42937 10.2955 -0.0769048 -0.133571 7.18676
1274203 14 0.01 1.7 32.9 -0.238992 0.451746 8.74047 -0.0657759 0.118988 7.18676
1274810 14 0.01 1.7 32.9 0.327966 -0.19678 4.00278 0.0383613 -0.0234831 7.18676
1280222 14 0.01 1.7 32.9 0.266209 -0.268152 12.0412 0.0966331 -0.0982898 7.18676
1281266 14 0.01 1.7 32.9 -0.321102 0.212711 4.47501 -0.0449896 0.029751 7.18676
1281741 14 0.01 1.7 32.9 0.266576 -0.281137 4.09258 0.0340231 -0.0334967 7.18676
1283389 14 0.01 1.7 32.9 0.269231 -0.129128 6.52585 0.0554998 -0.0269529 7.18676
1284613 14 0.01 1.7 32.9 -0.0813955 0.198971 7.95946 -0.0176234 0.0490816 7.18676
1285314 14 0.01 1.7 32.9 -0.273504 0.00937294 2.0094 -0.0174496 0.00246817 7.18676
1286638 14 0.01 1.7 32.9 0.292027 -0.216938 4.70061 0.0424713 -0.0313407 7.18676
1287123 14 0.01 1.7 32.9 0.0494991 -0.314785 16.1602 0.0252604 -0.153712 7.18676
1287645 14 0.01 1.7 32.9 -0.449147 0.343823 9.78147 -0.132491 0.101948 7.18676
1290018 14 0.01 1.7 32.9 0.251498 0.149651 5.88582 0.0444497 0.0285615 7.18676
1293105 14 0.01 1.7 32.9 0.312628 0.103329 18.7045 0.179091 0.060793 7.18676
1293703 14 0.01 1.7 32.9 -0.32969 0.174622 5.50252 -0.0556137 0.0267239 7.18676
1296200 14 0.01 1.7 32.9 0.138991 -0.401287 7.7887 0.0326569 -0.0927537 7.18676
1297351 14 0.01 1.7 32.9 -0.106726 -0.190251 3.74936 -0.0111681 -0.0202966 7.18676
1297763 14 0.01 1.7 32.9 -0.0969623 -0.229915 8.66615 -0.0280397 -0.0594527 7.18676
1301730 14 0.01 1.7 32.9 0.0716792 0.144996 3.08319 0.00529542 0.0130367 7.18676
1301865 14 0.01 1.7 32.9 -0.0585601 -0.205886 10.3023 -0.0189999 -0.0626278 7.18676
1302920 14 0.01 1.7 32.9 0.339316 0.220682 2.44009 0.0227948 0.0181041 7.18676
1305098 14 0.01 1.7 32.9 0.042754 -0.268115 5.78589 0.00462888 -0.0474718 7.18676
1305270 14 0.01 1.7 32.9 -0.494773 0.495608 6.13108 -0.0928327 0.0944446 7.18676
1305417 14 0.01 1.7 32.9 0.429175 -0.12255 4.37919 0.0586056 -0.0143136 7.18676
1306631 14 0.01 1.7 32.9 0.405918 0.0680875 10.8207 0.132976 0.0249454 7.18676
1311054 14 0.01 1.7 32.9 -0.392577 0.417265 5.28368 -0.060622 0.0686688 7.18676
1313329 14 0.01 1.7 32.9 -0.251299 -0.134992 5.26541 -0.0410917 -0.0205281 7.18676
1313938 14 0.01 1.7 32.9 0.125316 -0.247712 6.7289 0.0264182 -0.0465927 7.18676
1315345 14 0.01 1.7 32.9 -0.0838587 0.326388 7.15805 -0.018734 0.0709137 7.18676
1316161 14 0.01 1.7 32.9 0.241162 0.170047 6.01558 0.0435324 0.0307513 7.18676
1318160 14 0.01 1.7 32.9 0.453108 -0.331099 8.83736 0.118857 -0.0863357 7.18676
1318218 14 0.01 1.7 32.9 -0.0898475 0.36926 3.2981 -0.00717758 0.0358237 7.18676
1325225 14 0.01 1.7 32.9 0.365118 -0.131422 2.04149 0.0210507 -0.00837442 7.18676
1325338 14 0.01 1.7 32.9 0.24489 0.104161 7.70266 0.0561538 0.0240269 7.18676
1326425 14 0.01 1.7 32.9 0.135111 0.378885 4.75093 0.0190989 0.0555302 7.18676
1327230 14 0.01 1.7 32.9 -0.345712 -0.311229 4.25812 -0.0445113 -0.0407146 7.18676
1327931 14 0.01 1.7 32.9 -0.168513 0.433332 8.82539 -0.0448557 0.116097 7.18676
1332575 14 0.01 1.7 32.9 -0.200881 -0.260954 4.17829 -0.0287237 -0.0297149 7.18676
1333559 14 0.01 1.7 32.9 -0.162784 -0.215706 5.17979 -0.0263807 -0.0340315 7.18676
1335544 14 0.01 1.7 32.9 -0.145987 0.0908216 12.3286 -0.0546376 0.036557 7.18676
1336995 14 0.01 1.7 32.9 0.183391 0.463213 8.84378 0.049229 0.123153 7.18676
1338363 14 0.01 1.7 32.9 -0.318295 0.0354059 10.8772 -0.1063 0.0120238 7.18676
1345117 14 0.01 1.7 32.9 -0.392494 0.237847 4.71517 -0.0555726 0.0370665 7.18676
1346181 14 0.01 1.7 32.9 -0.445795 -0.2767 4.54727 -0.0634882 -0.035363 7.18676
1347273 14 0.01 1.7 32.9 -0.494673 -0.268902 6.18932 -0.0920391 -0.0487403 7.18676
1347727 14 0.01 1.7 32.9 -0.0490942 -0.254497 5.9692 -0.00865833 -0.045521 7.18676
1348880 14 0.01 1.7 32.9 -0.324844 0.493376 7.24441 -0.072042 0.109187 7.18676
1350943 14 0.01 1.7 32.9 -0.479384 -0.170612 7.87392 -0.114997 -0.0418707 7.18676
1352181 14 0.01 1.7 32.9 0.463423 -0.403036 3.06639 0.0440043 -0.039546 7.18676
1353058 14 0.01 1.7 32.9 0.383592 0.404311 5.49202 0.0627269 0.0688833 7.18676
1354317 14 0.01 1.7 32.9 0.170421 -0.174189 4.49309 0.0243509 -0.0221004 7.18676
1354360 14 0.01 1.7 32.9 -0.142486 -0.247323 2.31901 -0.0107768 -0.0149111 7.18676
1355671 14 0.01 1.7 32.9 -0.498321 0.117403 3.49199 -0.0548828 0.0119229 7.18676
1356728 14 0.01 1.7 32.9 0.150878 0.16158 2.98557 0.0128222 0.0144832 7.18676
1364263 14 0.01 1.7 32.9 -0.466261 -0.190996 6.93528 -0.0954599 -0.0397647 7.18676
1364670 14 0.01 1.7 32.9 -0.318018 -0.217556 4.89898 -0.0458139 -0.0316767 7.18676
1365750 14 0.01 1.7 32.9 -0.204814 0.0618105 2.88652 -0.0180331 0.00600343 7.18676
1367065 14 0.01 1.7 32.9 -0.436888 0.406355 6.07807 -0.0803845 0.0747864 7.18676
1372747 14 0.01 1.7 32.9 -0.280193 0.19122 6.83556 -0.0569438 0.038372 7.18676
1374066 14 0.01 1.7 32.9 -0.279798 -0.221339 6.11042 -0.0534974 -0.0370254 7.18676
1375153 14 0.01 1.7 32.9 -0.441392 0.0938944 1.66379 -0.0185086 0.00398051 7.18676
1375605 14 0.01 1.7 32.9 -0.458707 -0.422184 9.29507 -0.129444 -0.121308 7.18676
1376035 14 0.01 1.7 32.9 -0.0366682 -0.451458 6.68582 -0.0087477 -0.089769 7.18676
1376687 14 0.01 1.7 32.9 -0.144561 0.19173 2.32182 -0.00985573 0.0138645 7.18676
1379677 14 0.01 1.7 32.9 -0.485098 0.366294 6.97486 -0.102683 0.0772273 7.18676
1381199 14 0.01 1.7 32.9 0.084095 0.190947 3.89442 0.00993255 0.0220781 7.18676
1383099 14 0.01 1.7 32.9 0.112439 0.100394 10.5499 0.0374167 0.0321061 7.18676
1383555 14 0.01 1.7 32.9 -0.202441 0.0514797 15.8227 -0.0969181 0.0252793 7.18676
1383861 14 0.01 1.7 32.9 0.369671 -0.0125209 2.78236 0.0304395 -0.00139038 7.18676
1386380 14 0.01 1.7 32.9 -0.0694089 -0.23282 1.59475 -0.00199195 -0.00847933 7.18676
1386844 14 0.01 1.7 32.9 0.35012 0.432795 14.0987 0.150894 0.185692 7.18676
1395213 14 0.01 1.7 32.9 -0.239915 0.209077 4.85018 -0.0356477 0.030105 7.18676
1397461 14 0.01 1.7 32.9 0.378396 -0.16247 4.78253 0.0568444 -0.0205072 7.18676
1397720 14 0.01 1.7 32.9 -0.449143 0.0678798 1.92295 -0.0270975 0.00648026 7.18676
1401479 14 0.01 1.7 32.9 -0.43555 0.28235 6.59522 -0.0899476 0.0587098 7.18676
1407877 14 0.01 1.7 32.9 0.355124 0.258334 5.09307 0.0534289 0.0406382 7.18676
1410195 14 0.01 1.7 32.9 0.314229 -0.34325 9.65647 0.0912649 -0.0991924 7.18676
1410268 14 0.01 1.7 32.9 0.492536 -0.136101 4.97995 0.07591 -0.0203117 7.18676
1412731 14 0.01 1.7 32.9 -0.362289 0.155225 9.83461 -0.107736 0.0475459 7.18676
1416123 14 0.01 1.7 32.9 -0.25753 -0.238717 2.34612 -0.0203528 -0.0160086 7.18676
1417588 14 0.01 1.7 32.9 -0.409372 0.222013 5.68729 -0.0717297 0.0377405 7.18676
1418006 14 0.01 1.7 32.9 0.0589229 0.347258 6.34154 0.0104822 0.0689952 7.18676
1423204 14 0.01 1.7 32.9 -0.162019 0.0495711 4.02552 -0.019449 0.00654089 7.18676
1423308 14 0.01 1.7 32.9 0.298565 -0.145852 2.46072 0.0215249 -0.00932552 7.18676
1423729 14 0.01 1.7 32.9 -0.0577187 -0.432064 11.3703 -0.0209291 -0.147427 7.18676
1425804 14 0.01 1.7 32.9 -0.046485 -0.455023 11.378 -0.0180243 -0.156366 7.18676
1427064 14 0.01 1.7 32.9 0.0458541 0.135706 5.77034 0.00647345 0.0261243 7.18676
1427870 14 0.01 1.7 32.9 -0.274306 -0.385309 2.64071 -0.0232444 -0.0293346 7.18676
1428408 14 0.01 1.7 32.9 -0.0369673 -0.042317 5.34591 -0.00529687 -0.00353798 7.18676
1430693 14 0.01 1.7 32.9 0.214874 -0.103428 8.06831 0.0503551 -0.0248058 7.18676
1432082 14 0.01 1.7 32.9 -0.439318 -0.494017 15.5891 -0.210752 -0.231326 7.18676
1434438 14 0.01 1.7 32.9 -0.465909 -0.179922 11.0207 -0.156962 -0.0611484 7.18676
1440379 14 0.01 1.7 32.9 0.411802 -0.255613 6.10185 0.0770052 -0.0466793 7.18676
1440991 14 0.01 1.7 32.9 0.32965 0.0357542 14.1217 0.144144 0.01687 7.18676
1442701 14 0.01 1.7 32.9 0.256144 0.277289 6.85686 0.05363 0.0577354 7.18676
1448290 14 0.01 1.7 32.9 -0.483069 0.0716447 8.28572 -0.121665 0.0172283 7.18676
1449239 14 0.01 1.7 32.9 0.424706 0.220262 1.98185 0.0241656 0.0132838 7.18676
1451293 14 0.01 1.7 32.9 0.400381 -0.347412 9.49323 0.114078 -0.0980717 7.18676
1454563 14 0.01 1.7 32.9 -0.0866783 0.471928 2.27766 -0.0062086 0.0342352 7.18676
1461233 14 0.01 1.7 32.9 -0.128855 0.29591 4.28886 -0.0186675 0.0389108 7.18676
1461320 14 0.01 1.7 32.9 -0.373853 -0.313755 11.9541 -0.135472 -0.115234 7.18676
1462839 14 0.01 1.7 32.9 -0.0973195 -0.449727 2.30866 -0.00426257 -0.0293585 7.18676
1465680 14 0.01 1.7 32.9 -0.364507 -0.278693 3.75915 -0.0427726 -0.0324563 7.18676
1466200 14 0.01 1.7 32.9 -0.0164245 -0.22709 5.26599 -0.00396479 -0.0362472 7.18676
1466297 14 0.01 1.7 32.9 0.365812 0.287937 2.86454 0.0324507 0.0257406 7.18676
1467030 14 0.01 1.7 32.9 -0.11166 0.392781 7.67142 -0.0257567 0.09207 7.18676
1471527 14 0.01 1.7 32.9 -0.087734 0.0657349 4.89265 -0.012957 0.0103178 7.18676
1471619 14 0.01 1.7 32.9 0.0552756 -0.484948 6.54602 0.013533 -0.0972091 7.18676
1478172 14 0.01 1.7 32.9 0.385852 0.308746 7.70131 0.0888808 0.0734371 7.18676
1478347 14 0.01 1.7 32.9 0.0803825 0.363825 7.48034 0.0166066 0.0844101 7.18676
1479917 14 0.01 1.7 32.9 -0.072882 0.0358744 1.5821 -0.00299426 -0.00168465 7.18676
1480184 14 0.01 1.7 32.9 -0.300734 -0.0862955 4.19679 -0.0375283 -0.00932108 7.18676
1480434 14 0.01 1.7 32.9 0.00376883 -0.0905428 4.89694 -0.000990148 -0.0121524 7.18676
1480616 14 0.01 1.7 32.9 0.346838 -0.272854 4.68091 0.0495726 -0.0368163 7.18676
1480860 14 0.01 1.7 32.9 -0.409845 -0.126055 4.00863 -0.0490564 -0.0135795 7.18676
1480916 14 0.01 1.7 32.9 0.380094 -0.206085 3.76994 0.0432144 -0.0204828 7.18676
1483391 14 0.01 1.7 32.9 -0.090301 0.0254443 4.12489 -0.00998163 0.00357088 7.18676
1487758 14 0.01 1.7 32.9 0.490938 0.0588147 2.72328 0.0390399 0.00577934 7.18676
1490691 14 0.01 1.7 32.9 -0.435647 -0.185261 4.72506 -0.0609397 -0.0274443 7.18676
1491228 14 0.01 1.7 32.9 0.381174 -0.0582714 3.41238 0.0407479 -0.00804923 7.18676
1492046 14 0.01 1.7 32.9 0.251859 0.343425 8.90174 0.0692884 0.0942512 7.18676
1492069 14 0.01 1.7 32.9 0.0513382 -0.189117 8.8144 0.0143636 -0.0499251 7.18676
1496852 14 0.01 1.7 32.9 0.328418 0.421327 8.36806 0.0834562 0.106571 7.18676
1496949 14 0.01 1.7 32.9 0.329775 -0.131376 6.34875 0.0630435 -0.0240495 7.18676
2144 14 0.01 1.7 32.9 0.338639 0.069364 15.0416 0.154864 0.0343316 7.18941
3697 14 0.01 1.7 32.9 0.310023 0.385164 6.69366 0.0632911 0.0788586 7.18941
4931 14 0.01 1.7 32.9 0.378347 0.267159 18.376 0.211007 0.14859 7.18941
7596 14 0.01 1.7 32.9 0.362013 -0.449414 6.9578 0.0767177 -0.0938475 7.18941
7862 14 0.01 1.7 32.9 0.00636692 0.140912 3.41454 -0.00126238 0.0184493 7.18941
9686 14 0.01 1.7 32.9 0.331972 0.0426726 4.23245 0.0446428 0.00574854 7.18941
10264 14 0.01 1.7 32.9 0.0439269 -0.440655 3.12508 0.00546154 -0.0420243 7.18941
11694 14 0.01 1.7 32.9 0.181198 -0.0302986 6.36175 0.0332476 -0.00532226 7.18941
12681 14 0.01 1.7 32.9 -0.327829 -0.134477 3.41063 -0.0345739 -0.0136579 7.18941
12963 14 0.01 1.7 32.9 -0.437208 -0.379696 2.74367 -0.0345579 -0.0296364 7.18941
13378 14 0.01 1.7 32.9 -0.218328 -0.0660571 4.87553 -0.0314049 -0.00811792 7.18941
14287 14 0.01 1.7 32.9 -0.35562 0.497824 3.24853 -0.0387648 0.0489061 7.18941
15234 14 0.01 1.7 32.9 0.417734 0.315034 6.32677 0.0811987 0.0612381 7.18941
17352 14 0.01 1.7 32.9 0.0877805 -0.0725056 11.0412 0.0312043 -0.0224501 7.18941
17678 14 0.01 1.7 32.9 0.294392 -0.194778 10.3263 0.0904488 -0.0609752 7.18941
17896 14 0.01 1.7 32.9 0.281753 -0.344004 3.14989 0.027243 -0.0298874 7.18941
19175 14 0.01 1.7 32.9 -0.354224 0.307598 8.37343 -0.0898776 0.0799259 7.18941
19451 14 0.01 1.7 32.9 -0.440252 0.452503 7.0382 -0.091947 0.0967852 7.18941
19876 14 0.01 1.7 32.9 -0.373568 0.404736 3.68562 -0.0419046 0.0454218 7.18941
20229 14 0.01 1.7 32.9 0.177664 -0.0292552 7.44537 0.0402752 -0.00582105 7.18941
22055 14 0.01 1.7 32.9 0.371081 -0.386008 8.95119 0.101836 -0.10528 7.18941
23800 14 0.01 1.7 32.9 -0.395044 0.181411 7.35832 -0.0876804 0.0403977 7.18941
24279 14 0.01 1.7 32.9 0.000196849 -0.325732 11.4846 0.00260649 -0.113048 7.18941
28040 14 0.01 1.7 32.9 0.0915633 0.227695 12.6882 0.0365152 0.090584 7.18941
28190 14 0.01 1.7 32.9 -0.482319 -0.0209006 2.83421 -0.0398755 -0.00141234 7.18941
28530 14 0.01 1.7 32.9 0.351482 -0.0542433 2.89582 0.030741 -0.00531538 7.18941
29388 14 0.01 1.7 32.9 -0.341569 0.280627 8.64051 -0.0919457 0.0730281 7.18941
31606 14 0.01 1.7 32.9 -0.0749078 -0.212246 4.05776 -0.00946416 -0.0257486 7.18941
31957 14 0.01 1.7 32.9 0.470974 -0.109511 5.38647 0.0772555 -0.017916 7.18941
33429 14 0.01 1.7 32.9 -0.296146 0.128622 12.1087 -0.107608 0.047417 7.18941
35064 14 0.01 1.7 32.9 0.488918 -0.13646 2.88683 0.0435979 -0.0122891 7.18941
35709 14 0.01 1.7 32.9 -0.324591 -0.12904 1.42841 -0.0141543 -0.00559568 7.18941
35914 14 0.01 1.7 32.9 0.073323 0.0125939 4.96284 0.0120905 0.00332917 7.18941
37299 14 0.01 1.7 32.9 -0.0350014 -0.460587 6.34552 -0.00870963 -0.08947 7.18941
37416 14 0.01 1.7 32.9 -0.42853 -0.315718 6.10449 -0.0788902 -0.058865 7.18941
37498 14 0.01 1.7 32.9 -0.419394 -0.315333 7.34562 -0.094778 -0.070437 7.18941
39109 14 0.01 1.7 32.9 0.278356 0.303303 2.61612 0.0232473 0.0282066 7.18941
43720 14 0.01 1.7 32.9 0.372804 0.0280056 5.36686 0.0633226 0.00379538 7.18941
44989 14 0.01 1.7 32.9 -0.144837 0.252301 7.02835 -0.0318684 0.0542829 7.18941
45610 14 0.01 1.7 32.9 -0.115438 -0.36973 8.61353 -0.0299046 -0.0976052 7.18941
46066 14 0.01 1.7 32.9 -0.226717 -0.280121 4.54058 -0.0296774 -0.0372692 7.18941
47070 14 0.01 1.7 32.9 0.25206 -0.305742 4.553 0.0359295 -0.0428607 7.18941
48543 14 0.01 1.7 32.9 0.0618356 0.29963 2.36024 0.00521006 0.020414 7.18941
49062 14 0.01 1.7 32.9 -0.41233 -0.21389 15.328 -0.191782 -0.0982041 7.18941
50078 14 0.01 1.7 32.9 -0.421184 -0.225032 1.97732 -0.0244825 -0.015897 7.18941
50450 14 0.01 1.7 32.9 -0.480797 0.397091 4.19625 -0.0601303 0.0504015 7.18941
51457 14 0.01 1.7 32.9 0.0705451 -0.126081 1.50571 0.000961572 -0.00627303 7.18941
54881 14 0.01 1.7 32.9 0.459494 -0.234136 10.7693 0.151321 -0.075681 7.18941
56140 14 0.01 1.7 32.9 0.0508534 0.280166 10.2867 0.0162228 0.0862518 7.18941
61453 14 0.01 1.7 32.9 0.383896 0.3052 4.44132 0.0515572 0.0375891 7.18941
62502 14 0.01 1.7 32.9 -0.0154462 -0.165055 3.05114 -0.00303169 -0.0153538 7.18941
63114 14 0.01 1.7 32.9 0.406333 0.333051 1.71004 0.0208662 0.0194386 7.18941
67615 14 0.01 1.7 32.9 -0.229249 0.127363 10.7553 -0.0764666 0.0431309 7.18941
68681 14 0.01 1.7 32.9 -0.270002 0.30024 7.50443 -0.0612859 0.0676211 7.18941
71998 14 0.01 1.7 32.9 -0.137516 -0.000213866 6.67953 -0.0269731 0.000598642 7.18941
72273 14 0.01 1.7 32.9 0.130859 0.446407 5.72914 0.0223666 0.0796765 7.18941
72396 14 0.01 1.7 32.9 -0.15458 -0.0436368 13.1077 -0.0630241 -0.0180567 7.18941
78479 14 0.01 1.7 32.9 -0.202125 -0.0888773 3.7524 -0.0220518 -0.00872896 7.18941
80176 14 0.01 1.7 32.9 -0.343731 0.213946 5.43666 -0.055765 0.0363488 7.18941
82747 14 0.01 1.7 32.9 0.0318158 -0.176642 10.8536 0.0106377 -0.0610328 7.18941
82813 14 0.01 1.7 32.9 -0.221031 -0.0470299 15.9838 -0.106286 -0.0202313 7.18941
84266 14 0.01 1.7 32.9 0.00213166 -0.345522 3.29152 -0.00128353 -0.0341972 7.18941
85409 14 0.01 1.7 32.9 -0.107794 -0.246752 20.1123 -0.0666582 -0.148111 7.18941
86685 14 0.01 1.7 32.9 -0.281141 0.435915 3.96335 -0.0362552 0.0527845 7.18941
87133 14 0.01 1.7 32.9 -0.0696866 0.0472616 8.25693 -0.0152386 0.0122911 7.18941
88897 14 0.01 1.7 32.9 0.306473 -0.124044 4.41666 0.0393105 -0.0164278 7.18941
89501 14 0.01 1.7 32.9 0.231587 -0.186731 5.21474 0.0385684 -0.0310784 7.18941
90441 14 0.01 1.7 32.9 0.292692 -0.0516721 6.76023 0.0591675 -0.0110354 7.18941
92695 14 0.01 1.7 32.9 0.450821 0.213487 4.0628 0.0568864 0.0285671 7.18941
94021 14 0.01 1.7 32.9 -0.0180938 -0.00740589 6.34834 -0.00373373 0.000835062 7.18941
95633 14 0.01 1.7 32.9 0.465331 0.358367 11.8554 0.166247 0.129623 7.18941
98138 14 0.01 1.7 32.9 0.260753 0.358611 2.61586 0.0200641 0.0313917 7.18941
98709 14 0.01 1.7 32.9 -0.327238 0.415501 14.3 -0.144745 0.180195 7.18941
99247 14 0.01 1.7 32.9 -0.280005 -0.368869 9.57738 -0.0816488 -0.104473 7.18941
103664 14 0.01 1.7 32.9 0.463311 -0.223331 3.72025 0.0542207 -0.0255136 7.18941
104082 14 0.01 1.7 32.9 0.0475425 -0.354178 4.5268 0.00685445 -0.0487213 7.18941
105279 14 0.01 1.7 32.9 0.378583 0.171347 15.5817 0.179297 0.0803183 7.18941
106995 14 0.01 1.7 32.9 0.282567 -0.471897 7.62878 0.0640332 -0.10969 7.18941
107972 14 0.01 1.7 32.9 -0.0799825 0.345248 8.50636 -0.0209811 0.0897892 7.18941
109174 14 0.01 1.7 32.9 -0.442789 -0.28769 8.36559 -0.111973 -0.0734647 7.18941
111083 14 0.01 1.7 32.9 -0.146675 0.00984286 3.36556 -0.0150247 0.00337699 7.18941
111466 14 0.01 1.7 32.9 -0.0684067 0.415227 2.59458 -0.00402742 0.0321675 7.18941
112430 14 0.01 1.7 32.9 -0.0781358 0.242662 4.67116 -0.00997677 0.0401931 7.18941
112973 14 0.01 1.7 32.9 0.123938 0.241744 10.1335 0.0372241 0.074091 7.18941
117187 14 0.01 1.7 32.9 -0.0322697 0.0595741 3.62647 -0.00368834 0.00807029 7.18941
119484 14 0.01 1.7 32.9 -0.193032 -0.146605 8.11927 -0.049307 -0.0368322 7.18941
120013 14 0.01 1.7 32.9 0.420632 0.12331 6.73632 0.0853166 0.024673 7.18941
120714 14 0.01 1.7 32.9 0.43985 -0.304178 4.20778 0.0570957 -0.0377829 7.18941
120881 14 0.01 1.7 32.9 -0.0349138 0.312801 3.59983 -0.00047927 0.0318698 7.18941
126527 14 0.01 1.7 32.9 0.320451 0.397539 6.14405 0.0583561 0.0764451 7.18941
126803 14 0.01 1.7 32.9 0.164048 0.358583 7.2255 0.0354245 0.0812522 7.18941
130289 14 0.01 1.7 32.9 -0.454355 0.329275 9.16332 -0.12543 0.0922205 7.18941
131857 14 0.01 1.7 32.9 -0.356506 0.02126 10.8869 -0.118403 0.00648875 7.18941
133574 14 0.01 1.7 32.9 -0.412146 -0.115533 12.2686 -0.152643 -0.0448095 7.18941
139501 14 0.01 1.7 32.9 0.253757 0.445381 3.97534 0.0325203 0.0512172 7.18941
140232 14 0.01 1.7 32.9 0.483087 -0.391361 11.7906 0.173462 -0.137712 7.18941
140919 14 0.01 1.7 32.9 -0.0710541 -0.199991 7.03249 -0.0137307 -0.0404269 7.18941
143803 14 0.01 1.7 32.9 0.399178 0.281855 3.18576 0.0383989 0.0273998 7.18941
145565 14 0.01 1.7 32.9 0.303998 -0.0636654 3.61481 0.0335413 -0.00771256 7.18941
148236 14 0.01 1.7 32.9 0.410809 0.237192 2.75369 0.0331403 0.0171159 7.18941
149685 14 0.01 1.7 32.9 -0.399058 0.35504 2.65094 -0.0332648 0.0312747 7.18941
151627 14 0.01 1.7 32.9 -0.280736 0.166813 3.49228 -0.0305472 0.0197885 7.18941
153175 14 0.01 1.7 32.9 -0.326726 0.242001 7.28356 -0.0729365 0.0544351 7.18941
154605 14 0.01 1.7 32.9 -0.439479 0.150371 6.9453 -0.0937135 0.0323609 7.18941
163054 14 0.01 1.7 32.9 0.45408 -0.405518 10.9805 0.149931 -0.134451 7.18941
163075 14 0.01 1.7 32.9 -0.300044 -0.135459 6.34738 -0.057693 -0.0239872 7.18941
166369 14 0.01 1.7 32.9 -0.0774077 -0.0954225 1.88168 -0.000122534 -0.00295053 7.18941
167449 14 0.01 1.7 32.9 0.36259 0.0243893 5.74448 0.0641999 0.00548175 7.18941
167763 14 0.01 1.7 32.9 -0.229149 -0.177053 3.68299 -0.0260246 -0.0194096 7.18941
168010 14 0.01 1.7 32.9 -0.0640965 0.000673674 5.14129 -0.0103417 0.00121831 7.18941
169140 14 0.01 1.7 32.9 0.0352724 0.314394 6.59533 0.00536156 0.063185 7.18941
171813 14 0.01 1.7 32.9 -0.155878 0.0156066 12.1277 -0.0581239 0.00417863 7.18941
174050 14 0.01 1.7 32.9 -0.346112 0.362128 5.44198 -0.0568975 0.0616023 7.18941
176341 14 0.01 1.7 32.9 -0.121476 -0.227718 6.11936 -0.0225191 -0.0407991 7.18941
177925 14 0.01 1.7 32.9 -0.348333 -0.0914673 5.63531 -0.0579972 -0.0151692 7.18941
178349 14 0.01 1.7 32.9 -0.212984 0.221063 6.74132 -0.0443408 0.0458678 7.18941
180001 14 0.01 1.7 32.9 -0.46749 -0.287039 6.52417 -0.0935247 -0.0560585 7.18941
180812 14 0.01 1.7 32.9 0.0702878 0.0572031 3.18492 0.0077579 0.00806256 7.18941
184347 14 0.01 1.7 32.9 -0.474705 -0.334373 10.0787 -0.145042 -0.101206 7.18941
185386 14 0.01 1.7 32.9 -0.475839 0.254752 4.75488 -0.0692911 0.0368399 7.18941
186214 14 0.01 1.7 32.9 0.229225 -0.180637 10.7271 0.0744516 -0.0593184 7.18941
188112 14 0.01 1.7 32.9 -0.338088 -0.179422 7.93926 -0.0821003 -0.0413258 7.18941
189103 14 0.01 1.7 32.9 0.0888101 0.26036 7.18604 0.0199871 0.0591007 7.18941
194539 14 0.01 1.7 32.9 -0.385686 -0.309299 3.83053 -0.0452067 -0.0354392 7.18941
195324 14 0.01 1.7 32.9 -0.0331921 -0.452537 7.97797 -0.00811855 -0.109414 7.18941
195530 14 0.01 1.7 32.9 -0.398865 0.394392 2.67082 -0.0321002 0.0304689 7.18941
201381 14 0.01 1.7 32.9 0.237914 -0.137824 3.5493 0.027794 -0.0137289 7.18941
202691 14 0.01 1.7 32.9 0.0215472 0.0820893 11.5076 0.00648017 0.0283136 7.18941
203689 14 0.01 1.7 32.9 -0.263371 -0.250683 6.58857 -0.0509912 -0.0502839 7.18941
203996 14 0.01 1.7 32.9 -0.130888 0.197006 5.19731 -0.0211347 0.0302552 7.18941
208852 14 0.01 1.7 32.9 0.421574 -0.0252159 14.5461 0.187333 -0.012024 7.18941
210177 14 0.01 1.7 32.9 -0.1723 -0.427982 10.4324 -0.0558072 -0.132486 7.18941
210619 14 0.01 1.7 32.9 0.495508 -0.123658 1.7217 0.0260945 -0.00797949 7.18941
210934 14 0.01 1.7 32.9 0.0345141 -0.230393 5.81644 0.0086007 -0.0423828 7.18941
211830 14 0.01 1.7 32.9 0.0461058 0.139174 17.5477 0.0234062 0.0762149 7.18941
213070 14 0.01 1.7 32.9 -0.443868 0.243442 5.43503 -0.0732794 0.0428768 7.18941
213502 14 0.01 1.7 32.9 -0.0282994 0.47144 3.04886 -0.00206325 0.0428193 7.18941
214155 14 0.01 1.7 32.9 -0.419464 0.246372 6.11645 -0.0769686 0.0459459 7.18941
214435 14 0.01 1.7 32.9 -0.357413 -0.230217 5.00793 -0.054365 -0.0332816 7.18941
214674 14 0.01 1.7 32.9 0.363996 0.254895 9.75947 0.108552 0.0753899 7.18941
215237 14 0.01 1.7 32.9 -0.173469 0.345855 2.76894 -0.0145057 0.0277146 7.18941
215467 14 0.01 1.7 32.9 0.0364081 -0.248756 8.03481 0.00644339 -0.0612168 7.18941
217562 14 0.01 1.7 32.9 0.369129 0.253931 4.27381 0.0488367 0.0330833 7.18941
224232 14 0.01 1.7 32.9 -0.402068 -0.38863 6.08183 -0.0738438 -0.0702867 7.18941
228501 14 0.01 1.7 32.9 0.464231 -0.125639 2.13765 0.0303246 -0.00647575 7.18941
228640 14 0.01 1.7 32.9 0.296948 -0.433429 16.2676 0.147298 -0.216082 7.18941
228835 14 0.01 1.7 32.9 -0.230724 -0.258571 8.02662 -0.0548597 -0.0619977 7.18941
230443 14 0.01 1.7 32.9 -0.419974 0.104961 5.08311 -0.0664502 0.0166438 7.18941
231835 14 0.01 1.7 32.9 0.400026 0.241204 3.96404 0.0473865 0.031129 7.18941
232075 14 0.01 1.7 32.9 0.181899 -0.0535344 3.63371 0.0216117 -0.00454518 7.18941
235025 14 0.01 1.7 32.9 0.203161 0.125529 7.06046 0.043416 0.0275725 7.18941
235642 14 0.01 1.7 32.9 0.271146 0.0825919 5.70037 0.0469758 0.0128209 7.18941
237852 14 0.01 1.7 32.9 0.261052 -0.342313 8.64432 0.0693278 -0.0883665 7.18941
238275 14 0.01 1.7 32.9 0.0459384 0.40536 7.88299 0.0128942 0.0964215 7.18941
239233 14 0.01 1.7 32.9 -0.253569 0.173438 3.05768 -0.0227275 0.0176271 7.18941
242088 14 0.01 1.7 32.9 0.204318 0.0303279 5.19585 0.0326307 0.00550059 7.18941
245059 14 0.01 1.7 32.9 -0.13157 -0.21618 11.8079 -0.0464596 -0.0761907 7.18941
249208 14 0.01 1.7 32.9 -0.416806 -0.154549 4.253 -0.0491389 -0.0208881 7.18941
251325 14 0.01 1.7 32.9 -0.222747 -0.0630002 8.48966 -0.0575681 -0.0147414 7.18941
252768 14 0.01 1.7 32.9 -0.077865 0.326048 2.93669 -0.0083246 0.0279699 7.18941
253329 14 0.01 1.7 32.9 -0.116216 0.0419497 2.65455 -0.00956985 0.0035229 7.18941
253803 14 0.01 1.7 32.9 -0.246177 -0.0165639 2.80563 -0.021927 -0.000112787 7.18941
255535 14 0.01 1.7 32.9 -0.29973 -0.0861176 5.43635 -0.0523311 -0.0114295 7.18941
255986 14 0.01 1.7 32.9 0.329569 0.0661734 9.48827 0.096857 0.0211505 7.18941
261948 14 0.01 1.7 32.9 -0.361191 -0.0211413 9.40561 -0.103709 -0.00605387 7.18941
266864 14 0.01 1.7 32.9 -0.156372 -0.254079 3.4512 -0.0185648 -0.0233895 7.18941
273526 14 0.01 1.7 32.9 0.2803 0.47076 8.32856 0.0693723 0.118742 7.18941
274235 14 0.01 1.7 32.9 -0.222871 -0.443966 8.51873 -0.0578589 -0.112464 7.18941
279968 14 0.01 1.7 32.9 0.420435 0.0143376 6.9843 0.0878984 0.00161581 7.18941
285977 14 0.01 1.7 32.9 -0.13645 -0.463847 8.19341 -0.0337049 -0.11481 7.18941
288054 14 0.01 1.7 32.9 -0.311485 0.192791 3.67053 -0.0327227 0.0215343 7.18941
289000 14 0.01 1.7 32.9 -0.31416 -0.312953 6.05251 -0.0608275 -0.0551983 7.18941
289466 14 0.01 1.7 32.9 0.29768 -0.027525 7.60182 0.0687457 -0.00557264 7.18941
297372 14 0.01 1.7 32.9 -0.0605345 0.300876 3.68473 -0.0068642 0.0345958 7.18941
297385 14 0.01 1.7 32.9 -0.344077 0.0118199 4.54193 -0.0454295 0.00320864 7.18941
297628 14 0.01 1.7 32.9 -0.0448088 -0.309978 7.57973 -0.00983775 -0.069755 7.18941
308998 14 0.01 1.7 32.9 0.359697 -0.167806 4.87638 0.0539413 -0.0235027 7.18941
309990 14 0.01 1.7 32.9 -0.107441 -0.0153961 2.60574 -0.00783347 -0.0016063 7.18941
313534 14 0.01 1.7 32.9 0.295069 -0.0339099 2.65972 0.0262141 -0.00138798 7.18941
313620 14 0.01 1.7 32.9 0.400908 0.364443 7.80909 0.0941187 0.0865616 7.18941
314438 14 0.01 1.7 32.9 0.291996 -0.280317 8.9817 0.081474 -0.0754137 7.18941
315182 14 0.01 1.7 32.9 -0.0641682 -0.372903 6.25509 -0.0104323 -0.0703118 7.18941
315280 14 0.01 1.7 32.9 0.160803 0.367753 3.75016 0.0171358 0.0470259 7.18941
317990 14 0.01 1.7 32.9 -0.0256951 -0.00530492 35.2588 -0.0279837 -0.00321046 7.18941
317992 14 0.01 1.7 32.9 -0.368231 0.221668 10.3202 -0.115893 0.0711904 7.18941
318332 14 0.01 1.7 32.9 -0.037295 -0.362128 3.48262 -0.0039367 -0.0375998 7.18941
321244 14 0.01 1.7 32.9 -0.248933 -0.339122 4.48503 -0.0339787 -0.0448709 7.18941
321642 14 0.01 1.7 32.9 -0.334989 0.0518712 3.61557 -0.0382147 0.00700127 7.18941
325081 14 0.01 1.7 32.9 -0.424517 0.365927 6.58018 -0.0843757 0.0750345 7.18941
326448 14 0.01 1.7 32.9 0.350924 -0.236868 5.36829 0.0564488 -0.0406949 7.18941
329006 14 0.01 1.7 32.9 0.138829 -0.477073 15.858 0.0679515 -0.229314 7.18941
331479 14 0.01 1.7 32.9 0.267037 -0.14057 2.83012 0.0217707 -0.011878 7.18941
332010 14 0.01 1.7 32.9 -0.422607 0.0764688 3.37677 -0.0426838 0.00832511 7.18941
332922 14 0.01 1.7 32.9 -0.176093 0.0724169 15.3647 -0.0831217 0.0355153 7.18941
333085 14 0.01 1.7 32.9 -0.328076 -0.101646 9.00829 -0.089637 -0.0283533 7.18941
333500 14 0.01 1.7 32.9 0.18313 -0.45011 1.58562 0.00769814 -0.0187211 7.18941
344155 14 0.01 1.7 32.9 0.427169 0.147893 6.06174 0.0777864 0.0284767 7.18941
344786 14 0.01 1.7 32.9 -0.382125 -0.21104 8.37291 -0.0946808 -0.0521234 7.18941
349191 14 0.01 1.7 32.9 -0.352978 -0.447959 3.92546 -0.0438906 -0.0494012 7.18941
349528 14 0.01 1.7 32.9 -0.111545 -0.486129 3.48182 -0.0106846 -0.0508838 7.18941
352490 14 0.01 1.7 32.9 -0.0201166 -0.415944 11.8312 -0.00632571 -0.150439 7.18941
352859 14 0.01 1.7 32.9 -0.0406703 -0.455631 7.89034 -0.00804326 -0.107936 7.18941
353389 14 0.01 1.7 32.9 0.150362 0.243755 5.87143 0.0275181 0.0438236 7.18941
353422 14 0.01 1.7 32.9 0.45597 -0.242757 3.17213 0.0447022 -0.024081 7.18941
353937 14 0.01 1.7 32.9 0.142991 0.472632 2.52044 0.0116446 0.0366697 7.18941
354169 14 0.01 1.7 32.9 -0.058725 -0.311024 3.84262 -0.00712134 -0.0356843 7.18941
355872 14 0.01 1.7 32.9 -0.0112032 0.124852 5.32588 -0.000564854 0.0205536 7.18941
356455 14 0.01 1.7 32.9 0.02179 0.465079 4.2282 0.00537804 0.0578585 7.18941
361888 14 0.01 1.7 32.9 0.395477 0.0573862 1.74617 0.021576 0.00389667 7.18941
363865 14 0.01 1.7 32.9 0.347964 0.348674 7.72906 0.0815663 0.0825736 7.18941
364511 14 0.01 1.7 32.9 -0.158224 0.4098 1.79899 -0.00990369 0.0234091 7.18941
370304 14 0.01 1.7 32.9 -0.212821 -0.104601 7.78614 -0.0481916 -0.0234943 7.18941
371978 14 0.01 1.7 32.9 0.490618 0.397878 4.39456 0.0645988 0.0545659 7.18941
380445 14 0.01 1.7 32.9 0.388917 -0.133497 3.9606 0.0459139 -0.0157384 7.18941
381462 14 0.01 1.7 32.9 -0.0639581 -0.465836 8.18849 -0.0183337 -0.115768 7.18941
389646 14 0.01 1.7 32.9 0.0762072 0.388139 0.836774 0.00490617 0.0137428 7.18941
390549 14 0.01 1.7 32.9 -0.470499 -0.253797 10.5183 -0.149206 -0.0787994 7.18941
398776 14 0.01 1.7 32.9 0.455907 -0.383817 5.86955 0.0813622 -0.0669252 7.18941
399444 14 0.01 1.7 32.9 -0.330589 0.0150308 6.8514 -0.0680778 0.00352219 7.18941
400615 14 0.01 1.7 32.9 -0.177389 0.174384 1.2613 -0.00434037 0.0100819 7.18941
402268 14 0.01 1.7 32.9 -0.210168 -0.238958 3.19666 -0.0217854 -0.0196324 7.18941
402370 14 0.01 1.7 32.9 -0.399042 -0.432195 8.99943 -0.109207 -0.117621 7.18941
403928 14 0.01 1.7 32.9 -0.145892 0.455318 5.00305 -0.0234961 0.0689036 7.18941
412303 14 0.01 1.7 32.9 0.44987 -0.0614801 7.17061 0.0968382 -0.010395 7.18941
413687 14 0.01 1.7 32.9 -0.467888 -0.423611 5.59482 -0.077961 -0.0697521 7.18941
414891 14 0.01 1.7 32.9 -0.24446 0.101187 4.43311 -0.0340523 0.0142963 7.18941
415005 14 0.01 1.7 32.9 -0.0393587 0.466959 6.72649 -0.00669905 0.0967984 7.18941
419026 14 0.01 1.7 32.9 0.138225 0.291996 2.81824 0.0121875 0.0251512 7.18941
419649 14 0.01 1.7 32.9 -0.379377 -0.458554 6.33686 -0.0712083 -0.0881321 7.18941
421154 14 0.01 1.7 32.9 -0.332139 -0.307437 4.81618 -0.0473227 -0.0451498 7.18941
422130 14 0.01 1.7 32.9 0.391685 0.140508 5.14735 0.0603644 0.0228307 7.18941
425442 14 0.01 1.7 32.9 -0.30425 0.45655 11.5849 -0.106765 0.162172 7.18941
430344 14 0.01 1.7 32.9 -0.0664122 0.0979952 3.57448 -0.00771471 0.0131009 7.18941
433340 14 0.01 1.7 32.9 -0.029085 0.334247 6.38972 -0.00499447 0.0653068 7.18941
437055 14 0.01 1.7 32.9 -0.178979 0.181837 1.35299 -0.00703599 0.00363462 7.18941
441322 14 0.01 1.7 32.9 -0.163233 -0.250894 4.81821 -0.0240768 -0.03745 7.18941
444726 14 0.01 1.7 32.9 -0.434253 -0.445955 3.06734 -0.0399413 -0.0416078 7.18941
445386 14 0.01 1.7 32.9 -0.266675 -0.10987 8.77921 -0.0688158 -0.0303947 7.18941
447284 14 0.01 1.7 32.9 -0.00594419 -0.133397 4.24501 -0.000208614 -0.0159698 7.18941
449446 14 0.01 1.7 32.9 0.177996 -0.157801 7.7682 0.0420554 -0.0351437 7.18941
453403 14 0.01 1.7 32.9 -0.161902 -0.359669 7.50663 -0.0372684 -0.0815037 7.18941
455242 14 0.01 1.7 32.9 0.278811 -0.24581 10.3795 0.0887217 -0.0774773 7.18941
458462 14 0.01 1.7 32.9 0.319699 -0.186666 1.88158 0.0165336 -0.00717926 7.18941
461240 14 0.01 1.7 32.9 0.213252 -0.208007 5.6998 0.0364092 -0.0345298 7.18941
467194 14 0.01 1.7 32.9 -0.339999 0.350503 6.41192 -0.0671737 0.0698712 7.18941
469106 14 0.01 1.7 32.9 0.384289 -0.0622979 1.89575 0.0179157 -0.00040025 7.18941
470058 14 0.01 1.7 32.9 -0.346509 -0.489743 9.57719 -0.0990535 -0.14015 7.18941
473053 14 0.01 1.7 32.9 -0.132532 0.389145 4.02621 -0.0161077 0.0468505 7.18941
473630 14 0.01 1.7 32.9 0.103448 0.323389 6.02979 0.0194975 0.058479 7.18941
475944 14 0.01 1.7 32.9 0.138079 0.109765 5.35052 0.0213093 0.0180181 7.18941
476629 14 0.01 1.7 32.9 0.482206 0.245412 3.76134 0.0533227 0.0299055 7.18941
482315 14 0.01 1.7 32.9 -0.10371 -0.495543 9.24085 -0.0284864 -0.138865 7.18941
483388 14 0.01 1.7 32.9 -0.230019 -0.133284 3.96163 -0.0279507 -0.0144337 7.18941
487285 14 0.01 1.7 32.9 -0.259384 -0.106877 2.55371 -0.0197884 -0.00812358 7.18941
488408 14 0.01 1.7 32.9 -0.479779 -0.104095 3.84946 -0.053237 -0.0155813 7.18941
495261 14 0.01 1.7 32.9 -0.0911213 0.04597 2.56468 -0.00913307 0.00570406 7.18941
496319 14 0.01 1.7 32.9 -0.439612 0.0506381 2.81836 -0.0387896 0.0059692 7.18941
496420 14 0.01 1.7 32.9 -0.0506761 -7.50635e-05 6.08958 -0.00973703 0.00200061 7.18941
498359 14 0.01 1.7 32.9 0.264216 -0.158015 8.48811 0.0691944 -0.0411112 7.18941
499168 14 0.01 1.7 32.9 0.226163 -0.0264049 14.745 0.10088 -0.0133497 7.18941
1501511 14 0.01 1.7 32.9 0.357569 0.461704 8.59219 0.0939992 0.120041 7.18018
1502456 14 0.01 1.7 32.9 0.103068 -0.352138 4.15632 0.0127682 -0.0424152 7.18018
1502630 14 0.01 1.7 32.9 -0.0395156 -0.321746 10.6825 -0.0161732 -0.104242 7.18018
1503226 14 0.01 1.7 32.9 0.219078 -0.124885 3.30669 0.020223 -0.0120433 7.18018
1505049 14 0.01 1.7 32.9 -0.172563 -0.46178 11.2422 -0.0572898 -0.159134 7.18018
1505089 14 0.01 1.7 32.9 0.192927 -0.476876 5.94564 0.0331214 -0.0854121 7.18018
1506304 14 0.01 1.7 32.9 -0.0252762 0.345689 10.7362 -0.00916779 0.113631 7.18018
1506839 14 0.01 1.7 32.9 0.345292 -0.452689 8.34238 0.0868791 -0.112301 7.18018
1506924 14 0.01 1.7 32.9 0.182998 -0.225155 3.39122 0.0214057 -0.0223321 7.18018
1507047 14 0.01 1.7 32.9 0.412512 0.26121 3.99883 0.0478153 0.0322886 7.18018
1509222 14 0.01 1.7 32.9 -0.298231 0.165554 4.81286 -0.0446821 0.024376 7.18018
1509930 14 0.01 1.7 32.9 0.229206 0.164922 4.39852 0.0278127 0.0221793 7.18018
1510939 14 0.01 1.7 32.9 0.0116075 0.186853 3.42248 -0.00088576 0.0201776 7.18018
1511669 14 0.01 1.7 32.9 0.025473 -0.461333 1.45797 0.000385622 -0.0220441 7.18018
1512928 14 0.01 1.7 32.9 0.0530081 -0.145274 6.19906 0.0126272 -0.0250518 7.18018
1514652 14 0.01 1.7 32.9 -0.248702 0.117749 3.08534 -0.0224727 0.011339 7.18018
1516359 14 0.01 1.7 32.9 -0.351113 -0.252746 7.67922 -0.0818225 -0.0589096 7.18018
1517484 14 0.01 1.7 32.9 0.0330261 -0.0586327 5.73962 0.0035716 -0.0145066 7.18018
1521258 14 0.01 1.7 32.9 -0.0925281 -0.466645 8.30486 -0.023749 -0.116173 7.18018
1528714 14 0.01 1.7 32.9 0.162165 0.382889 7.00946 0.0347856 0.0841732 7.18018
1529040 14 0.01 1.7 32.9 -0.171224 0.022543 4.41711 -0.0208719 0.00452358 7.18018
1530437 14 0.01 1.7 32.9 0.372099 -0.438346 2.37746 0.0288512 -0.0316987 7.18018
1530969 14 0.01 1.7 32.9 -0.193193 0.348307 5.3204 -0.0307195 0.0546849 7.18018
1531234 14 0.01 1.7 32.9 -0.273007 -0.199792 11.0389 -0.0934067 -0.0667606 7.18018
1533633 14 0.01 1.7 32.9 0.393594 0.00834141 2.63136 0.0313472 -0.000538975 7.18018
1536191 14 0.01 1.7 32.9 -0.222636 -0.285196 2.172 -0.0156177 -0.0162521 7.18018
1536522 14 0.01 1.7 32.9 0.38069 0.385669 1.66035 0.0169225 0.0206134 7.18018
1536853 14 0.01 1.7 32.9 -0.0296109 0.157945 4.94838 -0.00620701 0.0244248 7.18018
1542450 14 0.01 1.7 32.9 -0.46311 -0.38539 8.30624 -0.115507 -0.0961209 7.18018
1543979 14 0.01 1.7 32.9 -0.290127 0.499041 6.4036 -0.0542999 0.0960238 7.18018
1545383 14 0.01 1.7 32.9 -0.0766955 0.475301 4.96037 -0.013417 0.0745409 7.18018
1546146 14 0.01 1.7 32.9 0.0473678 0.172297 5.8763 0.00759385 0.0334797 7.18018
1546468 14 0.01 1.7 32.9 0.293082 -0.137484 14.1141 0.125927 -0.0585652 7.18018
1549107 14 0.01 1.7 32.9 -0.0309202 -0.0876506 5.9807 -0.0055394 -0.015239 7.18018
1549728 14 0.01 1.7 32.9 0.492443 -0.216712 14.9341 0.224243 -0.0985637 7.18018
1550624 14 0.01 1.7 32.9 -0.231688 0.481545 6.90321 -0.0484875 0.100577 7.18018
1553761 14 0.01 1.7 32.9 0.0199028 -0.0309482 4.8675 0.00217161 -0.00313887 7.18018
1555489 14 0.01 1.7 32.9 -0.331365 -0.384107 2.96499 -0.0298349 -0.0336709 7.18018
1555848 14 0.01 1.7 32.9 -0.0344179 -0.0203262 4.98596 -0.00517983 -0.0033316 7.18018
1560918 14 0.01 1.7 32.9 0.472033 -0.43995 14.1496 0.200396 -0.189886 7.18018
1562862 14 0.01 1.7 32.9 -0.329616 0.29463 8.19323 -0.0791225 0.0736973 7.18018
1567283 14 0.01 1.7 32.9 -0.335855 -0.260044 10.4675 -0.108044 -0.0810077 7.18018
1569968 14 0.01 1.7 32.9 0.157088 0.166866 2.78731 0.0153159 0.0160048 7.18018
1570864 14 0.01 1.7 32.9 0.494107 -0.276459 4.91299 0.0732926 -0.0393441 7.18018
1579359 14 0.01 1.7 32.9 0.0947255 0.212785 2.44987 0.00692455 0.0173525 7.18018
1581023 14 0.01 1.7 32.9 -0.0610122 0.354614 3.3117 -0.00693752 0.0365756 7.18018
1581473 14 0.01 1.7 32.9 -0.0901701 -0.430176 6.36688 -0.0185187 -0.0824795 7.18018
1584036 14 0.01 1.7 32.9 -0.0222312 0.440054 6.17914 -0.00471374 0.0809663 7.18018
1584926 14 0.01 1.7 32.9 0.392367 -0.0155792 10.8324 0.127592 -0.00547617 7.18018
1587253 14 0.01 1.7 32.9 -0.490181 0.173105 9.27221 -0.137981 0.0463712 7.18018
1592054 14 0.01 1.7 32.9 -0.261395 -0.273782 5.36207 -0.0460471 -0.0450297 7.18018
1592733 14 0.01 1.7 32.9 0.49815 -0.212322 1.9005 0.0300003 -0.0149126 7.18018
1596113 14 0.01 1.7 32.9 -0.340178 -0.48187 9.06034 -0.0934975 -0.130561 7.18018
1597971 14 0.01 1.7 32.9 0.374035 0.141496 3.92775 0.045299 0.0186043 7.18018
1600588 14 0.01 1.7 32.9 0.056313 -0.326371 7.41108 0.0101055 -0.0722151 7.18018
1601899 14 0.01 1.7 32.9 0.0103741 0.0742138 3.92544 0.00158502 0.0106044 7.18018
1602321 14 0.01 1.7 32.9 -0.200927 -0.464172 9.09161 -0.0556587 -0.128784 7.18018
1602512 14 0.01 1.7 32.9 0.183627 -0.0667521 7.42205 0.0418109 -0.0130073 7.18018
1602586 14 0.01 1.7 32.9 -0.217759 -0.497592 6.21727 -0.0413776 -0.0938988 7.18018
1603381 14 0.01 1.7 32.9 0.249445 -0.243599 4.2495 0.0328034 -0.030673 7.18018
1605909 14 0.01 1.7 32.9 -0.0845684 -0.0917859 2.71663 -0.00318146 -0.00846394 7.18018
1606443 14 0.01 1.7 32.9 0.297063 -0.216714 3.25944 0.0261166 -0.022098 7.18018
1607009 14 0.01 1.7 32.9 -0.1634 0.210903 2.42551 -0.0102332 0.0129856 7.18018
1610357 14 0.01 1.7 32.9 -0.115131 0.388388 2.38254 -0.0116154 0.0283663 7.18018
1610743 14 0.01 1.7 32.9 -0.0411329 -0.313566 7.43111 -0.0104106 -0.0719629 7.18018
1612764 14 0.01 1.7 32.9 0.189031 -0.299457 3.76287 0.02056 -0.0344441 7.18018
1613316 14 0.01 1.7 32.9 -0.228082 0.237102 9.46622 -0.0668852 0.0674692 7.18018
1618671 14 0.01 1.7 32.9 -0.321407 0.181287 7.29835 -0.0737021 0.0388163 7.18018
1620658 14 0.01 1.7 32.9 -0.0434079 -0.397138 2.9927 -0.00475328 -0.03398 7.18018
1620778 14 0.01 1.7 32.9 -0.198858 0.253926 6.29291 -0.0368031 0.0506671 7.18018
1620872 14 0.01 1.7 32.9 0.470596 0.103798 5.42089 0.0770276 0.016819 7.18018
1622052 14 0.01 1.7 32.9 -0.0132971 0.0569986 12.6505 -0.00620007 0.0243017 7.18018
1626779 14 0.01 1.7 32.9 0.152629 0.348123 4.5257 0.0201493 0.0483077 7.18018
1627770 14 0.01 1.7 32.9 -0.0234368 -0.214871 2.63189 -0.0017733 -0.0191372 7.18018
1629484 14 0.01 1.7 32.9 0.155445 0.386775 6.12944 0.0276968 0.0711119 7.18018
1633388 14 0.01 1.7 32.9 0.0321687 0.448656 14.5765 0.0153736 0.199361 7.18018
1634075 14 0.01 1.7 32.9 0.189158 -0.271677 6.28349 0.0343654 -0.0520486 7.18018
1634518 14 0.01 1.7 32.9 0.336253 0.293793 5.7533 0.0587097 0.0523777 7.18018
1634670 14 0.01 1.7 32.9 -0.176948 -0.193263 5.79161 -0.0295971 -0.0328956 7.18018
1635349 14 0.01 1.7 32.9 0.13153 0.0433382 7.4445 0.0299002 0.0114155 7.18018
1637450 14 0.01 1.7 32.9 -0.24407 0.209116 3.81813 -0.0288 0.0269359 7.18018
1637466 14 0.01 1.7 32.9 -0.144781 -0.174564 6.16468 -0.0260385 -0.0321612 7.18018
1640089 14 0.01 1.7 32.9 0.28134 -0.279231 6.43862 0.0546066 -0.0526001 7.18018
1643287 14 0.01 1.7 32.9 0.318315 0.318107 8.89325 0.0833592 0.0846423 7.18018
1643555 14 0.01 1.7 32.9 -0.147718 0.160532 5.36863 -0.0256116 0.0271261 7.18018
1644376 14 0.01 1.7 32.9 -0.323826 0.361654 1.65633 -0.0172395 0.0164277 7.18018
1644448 14 0.01 1.7 32.9 0.176881 0.160779 1.36476 0.0103204 0.00669712 7.18018
1648959 14 0.01 1.7 32.9 -0.117767 -0.2126 2.47531 -0.00604874 -0.016241 7.18018
1649033 14 0.01 1.7 32.9 -0.460997 0.452915 6.31392 -0.088374 0.0884557 7.18018
1651874 14 0.01 1.7 32.9 0.340393 0.277922 9.02257 0.0930779 0.0761568 7.18018
1654581 14 0.01 1.7 32.9 -0.0235513 0.294722 2.02355 -0.00345196 0.0187446 7.18018
1654920 14 0.01 1.7 32.9 -0.432593 0.152609 5.06799 -0.0650151 0.023158 7.18018
1654948 14 0.01 1.7 32.9 -0.165362 0.109628 3.04745 -0.0146374 0.0106418 7.18018
1655305 14 0.01 1.7 32.9 0.47749 0.362453 4.25575 0.0611393 0.0470574 7.18018
1655774 14 0.01 1.7 32.9 0.0617391 0.0152235 0.690637 0.00131652 0.00500764 7.18018
1662501 14 0.01 1.7 32.9 -0.0712055 -0.0657099 3.19497 -0.00715007 -0.00263447 7.18018
1662625 14 0.01 1.7 32.9 0.353779 -0.153666 6.98702 0.0750474 -0.0287403 7.18018
1663862 14 0.01 1.7 32.9 0.345774 -0.00996383 12.1351 0.12761 -0.00381174 7.18018
1666244 14 0.01 1.7 32.9 0.40572 -0.486639 10.8729 0.13529 -0.159376 7.18018
1666685 14 0.01 1.7 32.9 0.0615786 -0.467706 1.82094 0.00521192 -0.0265187 7.18018
1667442 14 0.01 1.7 32.9 -0.499542 -0.0431796 5.46463 -0.0836808 -0.00659767 7.18018
1667868 14 0.01 1.7 32.9 -0.384733 0.352102 4.75413 -0.0556134 0.0516627 7.18018
1669528 14 0.01 1.7 32.9 -0.397331 0.358074 13.8521 -0.169605 0.15323 7.18018
1673091 14 0.01 1.7 32.9 -0.305435 0.105456 5.93717 -0.0566983 0.0220034 7.18018
1675606 14 0.01 1.7 32.9 0.479428 0.320759 7.05946 0.103221 0.0685303 7.18018
1676400 14 0.01 1.7 32.9 0.134208 -0.367938 2.08304 0.0120026 -0.0226431 7.18018
1676639 14 0.01 1.7 32.9 0.0799726 -0.45689 2.23747 0.00459643 -0.0304312 7.18018
1678082 14 0.01 1.7 32.9 0.089646 -0.355727 4.78923 0.0132401 -0.0521783 7.18018
1682794 14 0.01 1.7 32.9 -0.166383 0.0664164 8.51358 -0.0425218 0.0165801 7.18018
1683367 14 0.01 1.7 32.9 -0.478554 0.492201 6.27436 -0.0918931 0.0964516 7.18018
1685220 14 0.01 1.7 32.9 -0.067453 -0.229189 9.94502 -0.0205052 -0.0691852 7.18018
1690049 14 0.01 1.7 32.9 0.0472265 -0.0760124 3.65899 0.00446828 -0.00754015 7.18018
1691240 14 0.01 1.7 32.9 0.342272 0.160598 5.66968 0.0580297 0.0287814 7.18018
1692819 14 0.01 1.7 32.9 0.379174 -0.235829 3.0166 0.0368042 -0.0230172 7.18018
1697338 14 0.01 1.7 32.9 0.28601 -0.162982 11.5443 0.0995301 -0.0563729 7.18018
1699424 14 0.01 1.7 32.9 -0.404799 0.0370174 13.004 -0.159136 0.0147683 7.18018
1701166 14 0.01 1.7 32.9 0.116013 -0.170208 6.3458 0.0230102 -0.0298874 7.18018
1704856 14 0.01 1.7 32.9 0.328996 0.248567 9.71663 0.0977099 0.0736465 7.18018
1708211 14 0.01 1.7 32.9 0.149146 0.439478 18.2255 0.0830469 0.243484 7.18018
1709122 14 0.01 1.7 32.9 -0.485946 -0.242663 8.19176 -0.12262 -0.0588062 7.18018
1711535 14 0.01 1.7 32.9 0.192204 0.455991 3.30827 0.0163283 0.0465861 7.18018
1714358 14 0.01 1.7 32.9 0.419009 -0.471224 3.07776 0.042241 -0.0437511 7.18018
1715580 14 0.01 1.7 32.9 -0.317174 -0.138658 24.8394 -0.241367 -0.10489 7.18018
1720140 14 0.01 1.7 32.9 -0.236125 -0.0858872 3.99119 -0.0275412 -0.0104906 7.18018
1726942 14 0.01 1.7 32.9 -0.257856 0.29722 6.7056 -0.0551026 0.0625894 7.18018
1726969 14 0.01 1.7 32.9 0.0848751 -0.178423 5.78371 0.0120437 -0.0298961 7.18018
1727926 14 0.01 1.7 32.9 0.041411 -0.0464866 3.76416 0.0033377 -0.00412817 7.18018
1728729 14 0.01 1.7 32.9 0.287045 0.169744 5.96518 0.0493733 0.0315385 7.18018
1731694 14 0.01 1.7 32.9 -0.249036 -0.347777 2.10679 -0.0188117 -0.0221982 7.18018
1733973 14 0.01 1.7 32.9 0.351404 -0.313982 7.49524 0.0802861 -0.0702394 7.18018
1735184 14 0.01 1.7 32.9 0.0871125 0.389882 9.12675 0.0233096 0.109305 7.18018
1736071 14 0.01 1.7 32.9 -0.28604 0.474551 5.27742 -0.0468618 0.0777908 7.18018
1736437 14 0.01 1.7 32.9 0.300303 0.489742 7.29863 0.066113 0.109009 7.18018
1736652 14 0.01 1.7 32.9 -0.378486 -0.393172 7.44684 -0.0854487 -0.0859373 7.18018
1738295 14 0.01 1.7 32.9 0.335896 0.100162 4.56312 0.0450527 0.0151415 7.18018
1738646 14 0.01 1.7 32.9 0.333461 0.0969561 10.093 0.101662 0.0312037 7.18018
1741307 14 0.01 1.7 32.9 -0.230211 0.4572 4.99884 -0.0385794 0.0690761 7.18018
1743181 14 0.01 1.7 32.9 0.457873 -0.364182 5.04538 0.0704576 -0.0545015 7.18018
1746555 14 0.01 1.7 32.9 -0.206024 -0.414468 6.29805 -0.0397516 -0.0773385 7.18018
1746867 14 0.01 1.7 32.9 -0.359839 -0.427948 5.2928 -0.0564738 -0.0705738 7.18018
1746885 14 0.01 1.7 32.9 0.22906 0.129949 5.6343 0.0410049 0.0213726 7.18018
1749983 14 0.01 1.7 32.9 0.231933 0.146656 2.17368 0.0130062 0.00978485 7.18018
1753075 14 0.01 1.7 32.9 0.194691 -0.482182 9.45355 0.0553931 -0.138349 7.18018
1755013 14 0.01 1.7 32.9 -0.182227 0.0848235 9.24019 -0.0513094 0.0266422 7.18018
1756753 14 0.01 1.7 32.9 0.292305 0.196895 2.22144 0.0170116 0.0124254 7.18018
1761181 14 0.01 1.7 32.9 0.258424 -0.374154 6.61461 0.0534037 -0.0735042 7.18018
1761851 14 0.01 1.7 32.9 -0.184272 -0.245656 5.10087 -0.0280408 -0.0369538 7.18018
1762698 14 0.01 1.7 32.9 0.474853 0.08553 7.59615 0.108144 0.0200619 7.18018
1765364 14 0.01 1.7 32.9 0.11877 0.223367 4.29514 0.0150745 0.0311156 7.18018
1768396 14 0.01 1.7 32.9 -0.49705 0.371592 4.14255 -0.0621664 0.0506622 7.18018
1771793 14 0.01 1.7 32.9 0.413469 -0.169619 8.58617 0.107873 -0.0438576 7.18018
1773460 14 0.01 1.7 32.9 0.440068 0.493879 7.61126 0.102936 0.115513 7.18018
1774479 14 0.01 1.7 32.9 -0.339588 0.331179 6.65103 -0.0664748 0.0677874 7.18018
1775000 14 0.01 1.7 32.9 0.184927 0.466454 4.28465 0.0266242 0.0623668 7.18018
1776347 14 0.01 1.7 32.9 0.0107354 0.340686 9.56211 0.00266404 0.0998717 7.18018
1779941 14 0.01 1.7 32.9 -0.0245236 -0.0452011 4.58304 -0.00302661 -0.00383373 7.18018
1782819 14 0.01 1.7 32.9 -0.201656 0.491377 6.06983 -0.0414124 0.0906393 7.18018
1783067 14 0.01 1.7 32.9 -0.214176 -0.118039 9.39049 -0.0620959 -0.0342056 7.18018
1786224 14 0.01 1.7 32.9 -0.41641 0.282749 4.97819 -0.0633723 0.042156 7.18018
1787290 14 0.01 1.7 32.9 0.0987772 -0.084432 2.15591 0.00885306 -0.00614294 7.18018
1788922 14 0.01 1.7 32.9 -0.38875 -0.454231 5.37888 -0.0611349 -0.0733324 7.18018
1789052 14 0.01 1.7 32.9 0.227779 -0.460784 3.05838 0.023598 -0.0447151 7.18018
1789385 14 0.01 1.7 32.9 0.351645 -0.237684 7.35929 0.0792691 -0.0514733 7.18018
1791435 14 0.01 1.7 32.9 0.0399466 0.451111 2.72078 0.00380214 0.0362835 7.18018
1792108 14 0.01 1.7 32.9 -0.0282251 0.460533 4.88875 -0.00436709 0.0705481 7.18018
1793096 14 0.01 1.7 32.9 -0.106218 -0.225069 5.00982 -0.0149215 -0.0333114 7.18018
1795826 14 0.01 1.7 32.9 -0.481864 -0.259215 2.92032 -0.0444446 -0.0232929 7.18018
1798489 14 0.01 1.7 32.9 0.357293 0.0351967 12.4519 0.13544 0.0116062 7.18018
1800480 14 0.01 1.7 32.9 -0.0404098 -0.0578619 12.0604 -0.0158806 -0.019937 7.18018
1806997 14 0.01 1.7 32.9 -0.277683 0.105579 2.86975 -0.0223496 0.0120011 7.18018
1808145 14 0.01 1.7 32.9 -0.0224231 0.34103 9.15277 -0.0053727 0.0964264 7.18018
1808429 14 0.01 1.7 32.9 -0.150515 0.397214 5.97392 -0.0274611 0.0708196 7.18018
1811540 14 0.01 1.7 32.9 0.0113188 0.00995003 8.8119 0.00439439 0.00216552 7.18018
1811810 14 0.01 1.7 32.9 -0.284612 -0.38596 5.37322 -0.0462838 -0.0619075 7.18018
1813839 14 0.01 1.7 32.9 -0.265163 0.461341 8.92741 -0.0717295 0.12697 7.18018
1815862 14 0.01 1.7 32.9 -0.210726 0.245619 4.08953 -0.0259458 0.0319891 7.18018
1818856 14 0.01 1.7 32.9 -0.289497 0.163355 1.94563 -0.0182524 0.0124056 7.18018
1820802 14 0.01 1.7 32.9 -0.482223 -0.392346 6.55024 -0.0959723 -0.0769461 7.18018
1821125 14 0.01 1.7 32.9 -0.143669 0.212691 2.73972 -0.0136883 0.0187597 7.18018
1822426 14 0.01 1.7 32.9 0.419139 -0.150534 9.07458 0.116251 -0.040996 7.18018
1823645 14 0.01 1.7 32.9 0.0330428 -0.138889 6.10577 0.00551144 -0.0255634 7.18018
1823730 14 0.01 1.7 32.9 0.399087 0.25172 10.3463 0.125415 0.0799014 7.18018
1829080 14 0.01 1.7 32.9 -0.369372 0.316032 5.02308 -0.0565201 0.0498248 7.18018
1829208 14 0.01 1.7 32.9 -0.476048 0.361118 4.33141 -0.0626091 0.0476334 7.18018
1830153 14 0.01 1.7 32.9 -0.454482 -0.0781559 7.38585 -0.101735 -0.0186838 7.18018
1832509 14 0.01 1.7 32.9 -0.231676 0.0630698 2.6637 -0.0197268 0.00512985 7.18018
1833770 14 0.01 1.7 32.9 0.226623 0.378481 5.32605 0.0400866 0.0622306 7.18018
1834560 14 0.01 1.7 32.9 -0.123711 0.239654 7.68912 -0.0290799 0.0578884 7.18018
1838989 14 0.01 1.7 32.9 -0.414453 -0.262709 13.401 -0.168048 -0.10471 7.18018
1841092 14 0.01 1.7 32.9 0.112331 -0.00427802 2.32859 0.00914527 -0.00259754 7.18018
1845201 14 0.01 1.7 32.9 0.451582 -0.151368 2.41589 0.034095 -0.0101731 7.18018
1846091 14 0.01 1.7 32.9 -0.250208 -0.00691655 3.39468 -0.0264969 -0.00110202 7.18018
1847153 14 0.01 1.7 32.9 0.355038 0.483267 4.97283 0.0553981 0.0738787 7.18018
1847610 14 0.01 1.7 32.9 -0.218357 -0.462544 3.25578 -0.0231478 -0.0457901 7.18018
1855419 14 0.01 1.7 32.9 -0.480811 0.452405 4.60962 -0.0683499 0.06468 7.18018
1857826 14 0.01 1.7 32.9 -0.320691 -0.209728 8.33944 -0.081467 -0.0539949 7.18018
1858088 14 0.01 1.7 32.9 0.0550398 -0.144845 3.85325 0.00934443 -0.0153805 7.18018
1859715 14 0.01 1.7 32.9 -0.031077 -0.0730931 4.2698 -0.00437069 -0.00884572 7.18018
1859808 14 0.01 1.7 32.9 0.1847 0.397136 8.17866 0.044401 0.0974425 7.18018
1861384 14 0.01 1.7 32.9 -0.204715 -0.450846 5.48426 -0.032679 -0.0748695 7.18018
1867547 14 0.01 1.7 32.9 -0.371276 0.365407 1.82486 -0.0206351 0.0199478 7.18018
1867702 14 0.01 1.7 32.9 -0.0547058 0.229725 12.1492 -0.0242365 0.0856583 7.18018
1868514 14 0.01 1.7 32.9 0.300153 -0.480109 2.88814 0.0257332 -0.0397605 7.18018
1868857 14 0.01 1.7 32.9 0.410197 0.15642 3.61646 0.0464088 0.0168544 7.18018
1869203 14 0.01 1.7 32.9 0.490467 0.358191 3.58461 0.0526105 0.0424166 7.18018
1871212 14 0.01 1.7 32.9 -0.432865 -0.235139 4.60607 -0.0629045 -0.0343213 7.18018
1875608 14 0.01 1.7 32.9 -0.248005 -0.39501 5.10142 -0.0373289 -0.0597831 7.18018
1876295 14 0.01 1.7 32.9 0.414927 -0.0933675 3.59515 0.0463328 -0.00943156 7.18018
1881612 14 0.01 1.7 32.9 0.496555 -0.18321 1.78191 0.0279659 -0.00646213 7.18018
1883577 14 0.01 1.7 32.9 -0.368966 -0.242233 3.38428 -0.0390064 -0.0245171 7.18018
1887096 14 0.01 1.7 32.9 0.226767 -0.155239 11.2851 0.0770217 -0.0519619 7.18018
1891130 14 0.01 1.7 32.9 -0.220323 -0.357998 6.15113 -0.0394135 -0.0674631 7.18018
1895002 14 0.01 1.7 32.9 0.126389 0.216187 19.4113 0.0762698 0.126945 7.18018
1898245 14 0.01 1.7 32.9 0.0937382 0.441728 3.23684 0.00843314 0.0434463 7.18018
1900335 14 0.01 1.7 32.9 -0.382313 0.20258 7.96395 -0.0924064 0.0497521 7.18018
1900717 14 0.01 1.7 32.9 0.0100214 -0.202763 2.95003 0.00180322 -0.0185544 7.18018
1904114 14 0.01 1.7 32.9 -0.245589 0.00106851 9.37708 -0.0698798 0.000902963 7.18018
1904636 14 0.01 1.7 32.9 0.148433 -0.48359 7.89895 0.0337029 -0.116109 7.18018
1906146 14 0.01 1.7 32.9 0.139395 0.455385 2.81047 0.0132528 0.0397274 7.18018
1908247 14 0.01 1.7 32.9 -0.107974 -0.372751 2.86046 -0.00998175 -0.0290649 7.18018
1912087 14 0.01 1.7 32.9 -0.132489 -0.246433 2.65879 -0.0101513 -0.0179364 7.18018
1912860 14 0.01 1.7 32.9 -0.104281 -0.274455 5.90988 -0.0200391 -0.0480208 7.18018
1912946 14 0.01 1.7 32.9 0.204977 -0.219891 5.59068 0.0361357 -0.0388384 7.18018
1917676 14 0.01 1.7 32.9 -0.106167 -0.259315 0.991549 -0.00517826 -0.00504716 7.18018
1920313 14 0.01 1.7 32.9 0.11554 0.263612 5.86903 0.0213381 0.0460704 7.18018
1923339 14 0.01 1.7 32.9 -0.472948 0.271665 3.8425 -0.0566969 0.0339705 7.18018
1924362 14 0.01 1.7 32.9 0.386701 -0.183991 5.13036 0.0597775 -0.0282878 7.18018
1928330 14 0.01 1.7 32.9 0.463804 0.0409726 2.12681 0.0315773 0.00527594 7.18018
1930614 14 0.01 1.7 32.9 0.429115 0.00620096 6.39113 0.0817807 0.00330172 7.18018
1930944 14 0.01 1.7 32.9 -0.454689 0.100395 11.3408 -0.156322 0.032253 7.18018
1931157 14 0.01 1.7 32.9 0.495976 -0.178759 8.4313 0.128056 -0.046221 7.18018
1932137 14 0.01 1.7 32.9 0.478978 0.225201 10.6219 0.155439 0.0754627 7.18018
1933890 14 0.01 1.7 32.9 -0.192903 -0.300733 6.76861 -0.0404958 -0.062686 7.18018
1935724 14 0.01 1.7 32.9 -0.161288 0.234361 3.22859 -0.0158166 0.0249012 7.18018
1939496 14 0.01 1.7 32.9 0.450229 0.112555 5.0119 0.0681967 0.0197684 7.18018
1941015 14 0.01 1.7 32.9 0.358514 0.0587988 6.0094 0.0645267 0.0100761 7.18018
1943188 14 0.01 1.7 32.9 -0.297091 -0.039417 3.80028 -0.0386138 -0.00490391 7.18018
1943806 14 0.01 1.7 32.9 -0.202899 0.276956 10.0432 -0.0612241 0.0854915 7.18018
1943815 14 0.01 1.7 32.9 -0.0136335 -0.152681 6.41747 -0.00352504 -0.0297509 7.18018
1947231 14 0.01 1.7 32.9 -0.179638 -0.226164 20.2155 -0.112142 -0.137738 7.18018
1947411 14 0.01 1.7 32.9 -0.00313632 0.369706 6.24019 -0.000555249 0.0714267 7.18018
1948457 14 0.01 1.7 32.9 -0.160165 0.238104 5.28819 -0.0244055 0.0387461 7.18018
1948659 14 0.01 1.7 32.9 0.338414 -0.440791 7.98938 0.0850679 -0.10631 7.18018
1951491 14 0.01 1.7 32.9 0.115034 -0.439927 5.54276 0.0205668 -0.0764048 7.18018
1951687 14 0.01 1.7 32.9 0.390017 -0.168004 4.10606 0.0486852 -0.0228895 7.18018
1952858 14 0.01 1.7 32.9 -0.405309 0.281963 3.74187 -0.046535 0.0336992 7.18018
1953174 14 0.01 1.7 32.9 -0.116791 -0.406537 8.62325 -0.03139 -0.106133 7.18018
1953431 14 0.01 1.7 32.9 0.295025 0.391266 10.5001 0.094575 0.123335 7.18018
1956427 14 0.01 1.7 32.9 0.433253 0.0633581 3.05993 0.0420135 0.00874524 7.18018
1957009 14 0.01 1.7 32.9 0.0786975 0.309835 12.9625 0.0316395 0.123988 7.18018
1959860 14 0.01 1.7 32.9 -0.000140574 -0.272428 2.87417 -0.000252088 -0.0203946 7.18018
1961923 14 0.01 1.7 32.9 -0.482579 0.254858 3.73867 -0.0542297 0.0287299 7.18018
1963482 14 0.01 1.7 32.9 0.409593 -0.337253 5.01483 0.0643294 -0.0501508 7.18018
1967509 14 0.01 1.7 32.9 0.481724 0.155942 8.92048 0.131565 0.0421216 7.18018
1968316 14 0.01 1.7 32.9 0.233039 0.169402 2.81876 0.0206163 0.0158402 7.18018
1969336 14 0.01 1.7 32.9 -0.0156413 -0.314106 8.68338 -0.00570427 -0.0819723 7.18018
1973343 14 0.01 1.7 32.9 0.241388 0.338735 7.33818 0.0532609 0.0750455 7.18018
1973562 14 0.01 1.7 32.9 0.498834 -0.3769 4.65131 0.0735165 -0.0515057 7.18018
1975696 14 0.01 1.7 32.9 -0.2878 -0.284566 3.84299 -0.0342296 -0.0301571 7.18018
1977789 14 0.01 1.7 32.9 0.0591921 -0.308009 0.2405 -0.00893002 0.003055 7.18018
1979983 14 0.01 1.7 32.9 -0.202721 -0.223297 4.12377 -0.0264155 -0.0254777 7.18018
1982940 14 0.01 1.7 32.9 0.178984 -0.497264 5.39657 0.0308913 -0.0796472 7.18018
1983148 14 0.01 1.7 32.9 0.453029 -0.0300832 3.48555 0.0485341 -0.00354876 7.18018
1983526 14 0.01 1.7 32.9 0.169168 0.397785 6.69206 0.0346955 0.0800156 7.18018
1984831 14 0.01 1.7 32.9 0.0523718 0.256926 6.87846 0.0101837 0.0558957 7.18018
1985648 14 0.01 1.7 32.9 -0.265457 -0.260205 4.15628 -0.0347781 -0.0338773 7.18018
1987275 14 0.01 1.7 32.9 -0.0821268 0.291234 4.42203 -0.0103939 0.0392396 7.18018
1989697 14 0.01 1.7 32.9 0.384449 -0.409147 14.7772 0.174444 -0.1829 7.18018
1992790 14 0.01 1.7 32.9 0.264439 0.0659064 3.97762 0.0319859 0.0068959 7.18018
1994507 14 0.01 1.7 32.9 0.258475 -0.438578 12.1938 0.0964924 -0.162705 7.18018
1999001 14 0.01 1.7 32.9 0.451552 -0.0992658 3.39621 0.0439612 -0.00699928 7.18018
1999576 14 0.01 1.7 32.9 -0.358674 0.271031 2.21518 -0.023501 0.0204288 7.18018
501787 14 0.01 1.7 32.9 -0.442177 -0.0733503 5.5143 -0.0745893 -0.0111542 7.20251
502612 14 0.01 1.7 32.9 -0.439355 -0.206455 8.83727 -0.117072 -0.0552323 7.20251
504559 14 0.01 1.7 32.9 0.414848 0.0869578 8.04513 0.103327 0.0218543 7.20251
516230 14 0.01 1.7 32.9 -0.482626 -0.0280061 6.24774 -0.0934792 -0.00473314 7.20251
519440 14 0.01 1.7 32.9 -0.375302 -0.269409 6.79099 -0.0765899 -0.0530232 7.20251
520500 14 0.01 1.7 32.9 -0.449302 -0.400709 6.62612 -0.0894772 -0.0792731 7.20251
522643 14 0.01 1.7 32.9 -0.253501 -0.189732 7.62753 -0.0580178 -0.0442268 7.20251
522993 14 0.01 1.7 32.9 0.320731 0.293421 3.09071 0.0320677 0.030665 7.20251
524880 14 0.01 1.7 32.9 0.38781 -0.112539 6.34589 0.077063 -0.021912 7.20251
526261 14 0.01 1.7 32.9 0.458044 -0.228552 4.47204 0.0610088 -0.0325517 7.20251
527010 14 0.01 1.7 32.9 0.301682 -0.133429 6.00663 0.0539074 -0.0232825 7.20251
527180 14 0.01 1.7 32.9 0.217014 0.302271 3.61229 0.0233885 0.0333031 7.20251
527531 14 0.01 1.7 32.9 -0.450771 0.14386 16.4768 -0.226824 0.0724541 7.20251
527828 14 0.01 1.7 32.9 -0.00232816 -0.195833 4.24011 -0.00173494 -0.0242118 7.20251
528789 14 0.01 1.7 32.9 -0.338624 -0.227247 3.16879 -0.0330342 -0.0215419 7.20251
528854 14 0.01 1.7 32.9 0.485412 0.335702 3.69751 0.0530079 0.0406315 7.20251
530721 14 0.01 1.7 32.9 0.405955 -0.16675 21.2455 0.26418 -0.107836 7.20251
532566 14 0.01 1.7 32.9 0.0139486 0.316069 5.4288 0.0015986 0.050807 7.20251
532858 14 0.01 1.7 32.9 -0.471251 0.174482 1.97373 -0.0301297 0.011869 7.20251
534088 14 0.01 1.7 32.9 0.153132 -0.388149 4.0913 0.0198345 -0.0464346 7.20251
538239 14 0.01 1.7 32.9 -0.0575401 0.246652 6.36734 -0.010261 0.0470816 7.20251
538386 14 0.01 1.7 32.9 -0.464172 -0.188598 23.2314 -0.328037 -0.131125 7.20251
539059 14 0.01 1.7 32.9 -0.185272 -0.0942155 20.5973 -0.115483 -0.0591408 7.20251
547378 14 0.01 1.7 32.9 0.178446 0.109556 6.89561 0.0396602 0.0234387 7.20251
549431 14 0.01 1.7 32.9 0.356787 0.0749574 14.3189 0.154081 0.0322234 7.20251
549954 14 0.01 1.7 32.9 0.419605 0.0999563 2.76615 0.0355396 0.0101412 7.20251
552603 14 0.01 1.7 32.9 -0.462346 0.25029 4.49116 -0.0645217 0.0344719 7.20251
556163 14 0.01 1.7 32.9 -0.0990567 -0.224606 8.02552 -0.0227975 -0.0553213 7.20251
558050 14 0.01 1.7 32.9 0.215209 -0.335672 7.35231 0.0505952 -0.0747594 7.20251
558657 14 0.01 1.7 32.9 -0.093129 -0.0911929 5.8396 -0.0196808 -0.0145575 7.20251
561688 14 0.01 1.7 32.9 0.254696 -0.101573 3.43685 0.0274117 -0.00931401 7.20251
563409 14 0.01 1.7 32.9 0.208488 0.323704 4.78126 0.0329076 0.0473764 7.20251
563649 14 0.01 1.7 32.9 0.0367422 -0.130405 8.8645 0.0120928 -0.0341473 7.20251
565829 14 0.01 1.7 32.9 0.137887 -0.0252113 9.51707 0.0397978 -0.00534627 7.20251
566002 14 0.01 1.7 32.9 0.0797427 -0.0372612 2.79292 0.00784877 -0.00267761 7.20251
566805 14 0.01 1.7 32.9 -0.0498069 -0.067802 2.05457 -0.00685233 -0.00231554 7.20251
568897 14 0.01 1.7 32.9 -0.13498 0.111126 10.6197 -0.0426148 0.0365196 7.20251
569243 14 0.01 1.7 32.9 -0.400294 0.125649 2.37344 -0.0303879 0.00835275 7.20251
569399 14 0.01 1.7 32.9 -0.409639 0.419499 8.36603 -0.10324 0.10828 7.20251
569955 14 0.01 1.7 32.9 -0.418954 -0.174014 1.08972 -0.0126297 -0.0038221 7.20251
570074 14 0.01 1.7 32.9 0.409022 0.264728 4.49036 0.0528604 0.0360942 7.20251
571223 14 0.01 1.7 32.9 0.405827 0.0492821 3.10389 0.034842 0.00577571 7.20251
572412 14 0.01 1.7 32.9 -0.38985 0.470165 18.8839 -0.224607 0.270952 7.20251
572631 14 0.01 1.7 32.9 -0.188236 0.180202 4.63875 -0.0286219 0.0266286 7.20251
572732 14 0.01 1.7 32.9 -0.374949 0.473636 13.8297 -0.155834 0.201432 7.20251
573912 14 0.01 1.7 32.9 0.0256494 0.278137 1.37406 -0.000142246 0.0101526 7.20251
574729 14 0.01 1.7 32.9 0.243178 -0.219362 3.30295 0.021744 -0.0217043 7.20251
575233 14 0.01 1.7 32.9 -0.0350776 -0.0942208 7.66347 -0.00768529 -0.0220312 7.20251
575485 14 0.01 1.7 32.9 0.091725 -0.363755 8.29331 0.0226138 -0.0939423 7.20251
576694 14 0.01 1.7 32.9 -0.268022 0.063694 5.03333 -0.0421895 0.00942279 7.20251
576993 14 0.01 1.7 32.9 0.143687 0.396989 9.27906 0.0399929 0.112796 7.20251
578460 14 0.01 1.7 32.9 0.148199 0.245293 5.32355 0.0239162 0.0413355 7.20251
578588 14 0.01 1.7 32.9 -0.354221 0.476023 2.86821 -0.0307858 0.0410106 7.20251
578681 14 0.01 1.7 32.9 -0.193644 0.481276 4.90455 -0.0280964 0.0722952 7.20251
582109 14 0.01 1.7 32.9 -0.361065 -0.301443 8.53575 -0.0909462 -0.0770517 7.20251
586578 14 0.01 1.7 32.9 -0.281272 -0.125503 6.87908 -0.0588382 -0.0245454 7.20251
590637 14 0.01 1.7 32.9 -0.471822 0.0498692 2.25388 -0.0345892 0.00514254 7.20251
592273 14 0.01 1.7 32.9 0.469034 -0.339544 2.54207 0.0363759 -0.0274154 7.20251
592605 14 0.01 1.7 32.9 -0.3753 -0.401731 5.70905 -0.065255 -0.0687539 7.20251
594032 14 0.01 1.7 32.9 -0.47482 -0.207408 8.63363 -0.122952 -0.0554121 7.20251
594421 14 0.01 1.7 32.9 0.0986994 0.0947937 3.66222 0.0111975 0.0107518 7.20251
594538 14 0.01 1.7 32.9 -0.38201 -0.255614 4.20255 -0.0475337 -0.032539 7.20251
596460 14 0.01 1.7 32.9 0.293129 0.0256078 3.45161 0.0306374 0.00418494 7.20251
598289 14 0.01 1.7 32.9 0.126703 0.398521 3.0071 0.0111176 0.0385811 7.20251
598880 14 0.01 1.7 32.9 0.494993 -0.223956 7.64372 0.114522 -0.052099 7.20251
598974 14 0.01 1.7 32.9 -0.00363692 0.405052 1.40878 -0.000141105 0.0168633 7.20251
599767 14 0.01 1.7 32.9 -0.0258749 -0.180706 2.51248 -0.00423693 -0.0116753 7.20251
606571 14 0.01 1.7 32.9 0.00940659 0.385264 21.9731 0.00484329 0.256284 7.20251
607948 14 0.01 1.7 32.9 -0.14788 0.128611 4.75365 -0.022026 0.0196512 7.20251
609374 14 0.01 1.7 32.9 0.215899 -0.105779 2.54954 0.0159954 -0.00868433 7.20251
611969 14 0.01 1.7 32.9 0.140105 -0.364045 6.76855 0.0286607 -0.0726715 7.20251
613564 14 0.01 1.7 32.9 -0.451331 0.0964438 3.44554 -0.0461363 0.0129449 7.20251
616112 14 0.01 1.7 32.9 -0.238251 -0.416016 3.65696 -0.0282109 -0.0457123 7.20251
617328 14 0.01 1.7 32.9 -0.246694 0.0671431 3.74056 -0.0268748 0.00597732 7.20251
619410 14 0.01 1.7 32.9 0.373798 0.49471 8.80633 0.10022 0.133041 7.20251
621294 14 0.01 1.7 32.9 0.155667 -0.109448 3.08877 0.0135471 -0.0105167 7.20251
623819 14 0.01 1.7 32.9 -0.240467 -0.283353 14.781 -0.108883 -0.126945 7.20251
626107 14 0.01 1.7 32.9 0.380517 -0.434312 4.21039 0.0485013 -0.054033 7.20251
627457 14 0.01 1.7 32.9 0.146706 -0.0942956 3.93569 0.0127339 -0.0111737 7.20251
632379 14 0.01 1.7 32.9 -0.381157 -0.0435278 5.65285 -0.0658586 -0.00786919 7.20251
639092 14 0.01 1.7 32.9 -0.370401 0.437947 4.28804 -0.0496161 0.0596742 7.20251
640172 14 0.01 1.7 32.9 0.00105473 -0.186879 9.17515 0.00222362 -0.0489757 7.20251
644223 14 0.01 1.7 32.9 -0.0729084 -0.299339 4.43002 -0.0118591 -0.0394687 7.20251
644720 14 0.01 1.7 32.9 -0.0557542 0.334892 8.23661 -0.0145234 0.0848213 7.20251
647057 14 0.01 1.7 32.9 0.21629 0.0801084 3.64468 0.0221181 0.00778963 7.20251
647984 14 0.01 1.7 32.9 0.381276 0.128202 6.64628 0.0764307 0.0255483 7.20251
649346 14 0.01 1.7 32.9 0.378232 0.320005 5.50146 0.0653711 0.0548795 7.20251
650434 14 0.01 1.7 32.9 0.349138 0.116143 4.40474 0.0451462 0.0183228 7.20251
652652 14 0.01 1.7 32.9 0.00217186 0.332036 18.0738 -0.000144 0.184107 7.20251
654136 14 0.01 1.7 32.9 -0.132997 -0.00154626 1.53852 -0.00567402 -0.00352753 7.20251
654524 14 0.01 1.7 32.9 0.0608942 0.0728942 3.04325 0.00405778 0.00813048 7.20251
654728 14 0.01 1.7 32.9 -0.429911 0.436407 5.83233 -0.0757266 0.0771816 7.20251
655406 14 0.01 1.7 32.9 -0.336267 0.34099 3.64548 -0.0357534 0.0373198 7.20251
656033 14 0.01 1.7 32.9 0.160413 0.421464 3.84886 0.0197029 0.0497096 7.20251
659279 14 0.01 1.7 32.9 0.440407 0.493069 3.60061 0.0458087 0.0517797 7.20251
661282 14 0.01 1.7 32.9 0.462263 -0.174683 5.13943 0.0723076 -0.0261266 7.20251
663804 14 0.01 1.7 32.9 0.316688 -0.428961 5.64875 0.0545908 -0.0721979 7.20251
664050 14 0.01 1.7 32.9 -0.137111 0.398755 3.48012 -0.0144865 0.0430327 7.20251
665499 14 0.01 1.7 32.9 -0.231492 -0.396864 7.96211 -0.0562278 -0.0940025 7.20251
668593 14 0.01 1.7 32.9 -0.132524 -0.181758 2.22548 -0.00908644 -0.0142495 7.20251
669033 14 0.01 1.7 32.9 -0.0697151 0.455957 3.74333 -0.00806755 0.0539173 7.20251
671047 14 0.01 1.7 32.9 -0.395787 -0.323452 6.66632 -0.082414 -0.0661614 7.20251
671054 14 0.01 1.7 32.9 -0.0794909 -0.268158 6.06126 -0.0149571 -0.0457713 7.20251
671390 14 0.01 1.7 32.9 -0.115173 -0.408325 5.17866 -0.0173452 -0.0635114 7.20251
678879 14 0.01 1.7 32.9 0.488019 -0.278658 4.61194 0.0687008 -0.037547 7.20251
679461 14 0.01 1.7 32.9 0.43117 -0.104643 7.66191 0.0999093 -0.0233109 7.20251
679543 14 0.01 1.7 32.9 -0.331063 -0.0130478 4.43431 -0.0436292 -0.00224992 7.20251
683532 14 0.01 1.7 32.9 -0.409861 0.22925 5.35591 -0.0682708 0.0383269 7.20251
685627 14 0.01 1.7 32.9 0.418896 0.300755 6.34683 0.0804037 0.0580385 7.20251
686645 14 0.01 1.7 32.9 -0.0728338 0.234495 4.36402 -0.0120948 0.0314131 7.20251
692132 14 0.01 1.7 32.9 -0.476076 0.376269 6.3953 -0.0927221 0.074102 7.20251
693086 14 0.01 1.7 32.9 -0.0156211 -0.411685 4.55551 -0.000899001 -0.0565936 7.20251
693524 14 0.01 1.7 32.9 -0.419377 0.311146 20.89 -0.266389 0.19698 7.20251
693831 14 0.01 1.7 32.9 0.349668 0.43947 5.48072 0.0605363 0.0740984 7.20251
694130 14 0.01 1.7 32.9 -0.351203 -0.491315 3.90669 -0.0450476 -0.0559824 7.20251
702256 14 0.01 1.7 32.9 -0.161551 0.316096 5.70328 -0.0281237 0.0551768 7.20251
703116 14 0.01 1.7 32.9 -0.224017 0.291677 8.749 -0.0601715 0.0777709 7.20251
703177 14 0.01 1.7 32.9 -0.0669213 -0.0949836 5.76199 -0.0110933 -0.0154701 7.20251
703190 14 0.01 1.7 32.9 0.32147 0.344041 1.41724 0.0138442 0.0153046 7.20251
703765 14 0.01 1.7 32.9 -0.357135 0.481871 3.82863 -0.0439978 0.0592728 7.20251
704247 14 0.01 1.7 32.9 -0.171735 -0.0205764 3.53503 -0.0189974 -0.00178991 7.20251
704691 14 0.01 1.7 32.9 -0.315384 0.382416 7.39545 -0.0692539 0.088476 7.20251
705799 14 0.01 1.7 32.9 0.16626 0.234316 13.4224 0.0687744 0.0956957 7.20251
705831 14 0.01 1.7 32.9 -0.242081 0.34022 4.34708 -0.0320553 0.0445526 7.20251
707082 14 0.01 1.7 32.9 -0.05287 0.0655109 7.46877 -0.0108576 0.0145215 7.20251
707386 14 0.01 1.7 32.9 0.172193 0.175356 12.5262 0.0654412 0.067975 7.20251
709457 14 0.01 1.7 32.9 0.329405 0.335379 5.53705 0.0549751 0.0580278 7.20251
711804 14 0.01 1.7 32.9 -0.374567 -0.193168 2.27862 -0.0263203 -0.0099384 7.20251
719056 14 0.01 1.7 32.9 -0.0912952 -0.496762 4.26727 -0.0107801 -0.0644236 7.20251
719979 14 0.01 1.7 32.9 0.163954 0.313338 4.328 0.0209702 0.0427199 7.20251
720998 14 0.01 1.7 32.9 -0.135327 -0.23032 3.45673 -0.0148005 -0.0222174 7.20251
721227 14 0.01 1.7 32.9 -0.0501111 0.430025 2.31419 -0.00467699 0.0339432 7.20251
721486 14 0.01 1.7 32.9 -0.316151 0.417029 2.01165 -0.0181382 0.0259774 7.20251
722182 14 0.01 1.7 32.9 0.279064 -0.232229 10.1994 0.0862873 -0.0712236 7.20251
722638 14 0.01 1.7 32.9 -0.0637186 -0.239076 5.73971 -0.0106085 -0.0400654 7.20251
724268 14 0.01 1.7 32.9 0.229641 -0.232238 14.8352 0.105693 -0.102866 7.20251
725651 14 0.01 1.7 32.9 -0.362622 -0.130064 7.03467 -0.0784787 -0.0257229 7.20251
726184 14 0.01 1.7 32.9 0.0972273 0.174518 4.29286 0.0117801 0.0236637 7.20251
729154 14 0.01 1.7 32.9 0.413941 0.471332 7.28671 0.0903424 0.101651 7.20251
729346 14 0.01 1.7 32.9 0.256593 -0.333696 10.2372 0.0803662 -0.10441 7.20251
729392 14 0.01 1.7 32.9 0.0924221 0.187095 3.62854 0.00991868 0.0223116 7.20251
736165 14 0.01 1.7 32.9 0.174942 -0.0457608 4.84117 0.0272007 -0.00309841 7.20251
741889 14 0.01 1.7 32.9 -0.201249 -0.380243 7.34088 -0.0419901 -0.0856358 7.20251
742353 14 0.01 1.7 32.9 -0.154724 -0.211923 22.5871 -0.106768 -0.146002 7.20251
746365 14 0.01 1.7 32.9 -0.457586 0.159685 7.79973 -0.108316 0.0383336 7.20251
748678 14 0.01 1.7 32.9 0.314621 -0.084964 5.64152 0.053345 -0.0125773 7.20251
748785 14 0.01 1.7 32.9 0.138964 -0.412244 3.01104 0.0146224 -0.0352838 7.20251
749900 14 0.01 1.7 32.9 -0.445084 0.278659 12.2005 -0.165612 0.1043 7.20251
750847 14 0.01 1.7 32.9 -0.424105 0.391465 10.4606 -0.13324 0.123899 7.20251
751436 14 0.01 1.7 32.9 0.0188702 0.119164 7.84337 0.0017872 0.0294603 7.20251
751989 14 0.01 1.7 32.9 -0.422298 -0.113598 5.65405 -0.0749372 -0.0192599 7.20251
755737 14 0.01 1.7 32.9 0.166907 0.465846 5.82323 0.0310059 0.0847994 7.20251
757683 14 0.01 1.7 32.9 0.254254 -0.126946 6.3691 0.0493773 -0.0235214 7.20251
762815 14 0.01 1.7 32.9 0.426452 -0.0314977 3.70722 0.0469829 -0.00238272 7.20251
764242 14 0.01 1.7 32.9 0.228196 -0.480546 5.37933 0.0379088 -0.0768763 7.20251
764623 14 0.01 1.7 32.9 -0.324495 0.11734 10.5411 -0.104149 0.0386025 7.20251
767295 14 0.01 1.7 32.9 0.215917 0.0543806 6.76677 0.0437767 0.0109211 7.20251
769568 14 0.01 1.7 32.9 -0.401749 -0.298335 2.56594 -0.0325076 -0.023543 7.20251
770074 14 0.01 1.7 32.9 -0.322747 -0.127906 8.43354 -0.0836659 -0.0325667 7.20251
770191 14 0.01 1.7 32.9 -0.0975435 -0.418689 5.20566 -0.0133652 -0.0643233 7.20251
780435 14 0.01 1.7 32.9 -0.00418926 -0.041179 4.34286 -9.61595e-05 -0.00422552 7.20251
780666 14 0.01 1.7 32.9 0.154756 -0.163294 2.5773 0.0102874 -0.0107876 7.20251
781286 14 0.01 1.7 32.9 0.490321 -0.241866 8.02481 0.117261 -0.0582374 7.20251
781423 14 0.01 1.7 32.9 -0.126698 -0.43752 3.25534 -0.0130664 -0.0402975 7.20251
783022 14 0.01 1.7 32.9 -0.424411 -0.212356 2.61804 -0.0371114 -0.0162227 7.20251
784918 14 0.01 1.7 32.9 0.326108 0.326251 6.74977 0.0663152 0.0667762 7.20251
790674 14 0.01 1.7 32.9 0.325388 0.203604 4.80456 0.0467634 0.0311279 7.20251
791009 14 0.01 1.7 32.9 0.282052 0.447925 8.60704 0.0744943 0.116441 7.20251
794170 14 0.01 1.7 32.9 -0.236795 -0.217138 10.1028 -0.0737234 -0.0670577 7.20251
795779 14 0.01 1.7 32.9 0.28115 0.38042 8.42072 0.0727803 0.0979228 7.20251
797018 14 0.01 1.7 32.9 0.0304446 -0.11491 10.7531 0.0108963 -0.037925 7.20251
800790 14 0.01 1.7 32.9 -0.138948 0.208228 6.75235 -0.027929 0.0435059 7.20251
801720 14 0.01 1.7 32.9 0.0307902 0.319153 1.34057 0.00181869 0.0148933 7.20251
807528 14 0.01 1.7 32.9 -0.471871 0.173008 5.49582 -0.078583 0.0278055 7.20251
807711 14 0.01 1.7 32.9 0.0290352 -0.280048 4.14443 0.00444341 -0.0339495 7.20251
808495 14 0.01 1.7 32.9 0.426585 0.375455 7.32878 0.0949418 0.0855102 7.20251
808796 14 0.01 1.7 32.9 -0.36502 -0.306807 7.31495 -0.080142 -0.067047 7.20251
809085 14 0.01 1.7 32.9 0.281114 0.344022 5.91825 0.0514365 0.0643935 7.20251
809188 14 0.01 1.7 32.9 -0.257277 0.131784 1.7147 -0.0138266 0.00887156 7.20251
810633 14 0.01 1.7 32.9 -0.155837 -0.131528 6.22669 -0.0268569 -0.0244649 7.20251
814597 14 0.01 1.7 32.9 0.207189 -0.224579 2.91448 0.0166806 -0.019797 7.20251
817602 14 0.01 1.7 32.9 0.380681 0.228072 5.47675 0.0635343 0.0405292 7.20251
818092 14 0.01 1.7 32.9 0.132713 -0.227454 3.94556 0.0189994 -0.0253137 7.20251
818499 14 0.01 1.7 32.9 0.349204 -0.370995 6.83564 0.0749156 -0.0753671 7.20251
820401 14 0.01 1.7 32.9 0.374753 0.314424 3.3337 0.038955 0.0324676 7.20251
820604 14 0.01 1.7 32.9 0.259002 0.452372 1.82823 0.01238 0.0282654 7.20251
821209 14 0.01 1.7 32.9 -0.375148 -0.356855 1.65606 -0.0204487 -0.0199609 7.20251
822508 14 0.01 1.7 32.9 -0.210332 0.173413 6.89847 -0.0442816 0.0365995 7.20251
823228 14 0.01 1.7 32.9 0.0241264 0.0735357 6.54876 0.00410703 0.0157987 7.20251
824868 14 0.01 1.7 32.9 0.497229 0.0941895 6.62574 0.0995855 0.0194228 7.20251
825454 14 0.01 1.7 32.9 -0.384132 -0.478787 10.2907 -0.120928 -0.148069 7.20251
827942 14 0.01 1.7 32.9 0.168016 0.254844 7.95944 0.039601 0.0602278 7.20251
828507 14 0.01 1.7 32.9 0.044077 -0.0726481 3.46451 0.0060041 -0.006076 7.20251
831022 14 0.01 1.7 32.9 0.25732 0.0969154 8.95296 0.0707719 0.0281276 7.20251
833038 14 0.01 1.7 32.9 0.226593 -0.1752 3.26863 0.0221329 -0.0165279 7.20251
833772 14 0.01 1.7 32.9 0.463561 -0.0868327 14.8947 0.210388 -0.0366265 7.20251
834031 14 0.01 1.7 32.9 -0.0164514 -0.434465 11.4329 -0.00461811 -0.149946 7.20251
838043 14 0.01 1.7 32.9 0.130434 0.187744 12.1531 0.047553 0.0702109 7.20251
838618 14 0.01 1.7 32.9 0.28169 -0.385579 8.34681 0.0691851 -0.09445 7.20251
839078 14 0.01 1.7 32.9 0.48945 -0.217814 5.61797 0.083832 -0.0356539 7.20251
839506 14 0.01 1.7 32.9 -0.101827 0.258148 17.3283 -0.0536973 0.137424 7.20251
841028 14 0.01 1.7 32.9 -0.0605136 -0.244673 6.39385 -0.012502 -0.0467409 7.20251
841453 14 0.01 1.7 32.9 0.00987655 0.246641 6.41308 -0.000230654 0.0488703 7.20251
843981 14 0.01 1.7 32.9 -0.350104 0.125736 2.82299 -0.0300987 0.0115588 7.20251
845663 14 0.01 1.7 32.9 -0.444396 -0.18738 1.01796 -0.0134965 -0.00499545 7.20251
845844 14 0.01 1.7 32.9 0.00761932 0.328684 4.97837 0.00118556 0.0493859 7.20251
847861 14 0.01 1.7 32.9 -0.389867 -0.071329 6.58188 -0.07583 -0.0135274 7.20251
848305 14 0.01 1.7 32.9 0.472615 -0.490673 8.73005 0.125503 -0.131127 7.20251
858382 14 0.01 1.7 32.9 -0.273514 0.169027 11.3192 -0.0959481 0.0603412 7.20251
860472 14 0.01 1.7 32.9 -0.392905 -0.0944023 7.26558 -0.0864376 -0.0206361 7.20251
861064 14 0.01 1.7 32.9 -0.176325 -0.321339 4.43891 -0.0257174 -0.0440194 7.20251
861247 14 0.01 1.7 32.9 -0.210352 0.488172 5.11554 -0.0331797 0.078432 7.20251
864431 14 0.01 1.7 32.9 0.491481 -0.0572595 3.4108 0.0499135 -0.00552419 7.20251
865091 14 0.01 1.7 32.9 -0.116983 0.420857 6.44425 -0.0256233 0.0844408 7.20251
866576 14 0.01 1.7 32.9 0.37012 -0.169034 7.78373 0.0874374 -0.0385384 7.20251
867022 14 0.01 1.7 32.9 0.45138 -0.329895 5.78057 0.0809965 -0.0560474 7.20251
867303 14 0.01 1.7 32.9 0.459393 0.495882 8.19551 0.115249 0.121377 7.20251
872930 14 0.01 1.7 32.9 -0.150942 -0.334226 5.99009 -0.0276043 -0.0612178 7.20251
875863 14 0.01 1.7 32.9 -0.163882 0.0425198 8.35474 -0.043127 0.0119737 7.20251
877096 14 0.01 1.7 32.9 0.385587 0.205441 9.15934 0.106441 0.0601288 7.20251
879043 14 0.01 1.7 32.9 0.323703 -0.0681712 7.45675 0.0743834 -0.0151642 7.20251
881605 14 0.01 1.7 32.9 0.310414 -0.421493 5.86686 0.0540421 -0.0761292 7.20251
882626 14 0.01 1.7 32.9 0.299918 0.212994 0.468672 0.00432668 0.00246813 7.20251
885304 14 0.01 1.7 32.9 -0.222567 0.388437 10.1862 -0.0687972 0.12043 7.20251
891014 14 0.01 1.7 32.9 -0.0498888 0.103174 6.01882 -0.0133563 0.0187497 7.20251
891039 14 0.01 1.7 32.9 0.00943024 -0.273766 6.21326 0.00191024 -0.0521582 7.20251
892670 14 0.01 1.7 32.9 0.316185 0.488254 4.75015 0.042549 0.0731691 7.20251
893815 14 0.01 1.7 32.9 -0.234525 -0.360021 3.41722 -0.0262173 -0.0361704 7.20251
894828 14 0.01 1.7 32.9 -0.341726 -0.424027 3.98262 -0.0385817 -0.0510128 7.20251
901431 14 0.01 1.7 32.9 0.0783164 0.138138 5.13823 0.011852 0.0220146 7.20251
902287 14 0.01 1.7 32.9 0.191551 -0.0119384 4.65355 0.0297444 -0.00232207 7.20251
905707 14 0.01 1.7 32.9 0.467748 -0.333834 11.1257 0.158019 -0.112487 7.20251
907729 14 0.01 1.7 32.9 0.076286 -0.184323 7.39128 0.0145963 -0.0410729 7.20251
910760 14 0.01 1.7 32.9 0.45044 0.391521 6.17749 0.0862168 0.0748969 7.20251
911953 14 0.01 1.7 32.9 0.15904 0.198387 7.25866 0.0341946 0.0456273 7.20251
917611 14 0.01 1.7 32.9 -0.452731 0.491003 8.54307 -0.119983 0.127744 7.20251
918794 14 0.01 1.7 32.9 0.352203 0.381898 2.03986 0.0186565 0.0223144 7.20251
923242 14 0.01 1.7 32.9 -0.196488 0.149353 8.54001 -0.0504928 0.0375179 7.20251
923286 14 0.01 1.7 32.9 0.458775 0.125512 12.5574 0.173167 0.0479826 7.20251
926897 14 0.01 1.7 32.9 0.0605829 -0.132455 4.36247 0.00676579 -0.0154295 7.20251
931442 14 0.01 1.7 32.9 -0.196183 -0.14886 5.22567 -0.0318937 -0.021904 7.20251
937097 14 0.01 1.7 32.9 0.0496142 -0.352522 6.48204 0.0103056 -0.0698018 7.20251
937280 14 0.01 1.7 32.9 0.321075 0.432539 8.04651 0.0784078 0.105638 7.20251
940016 14 0.01 1.7 32.9 -0.106814 -0.167892 4.54281 -0.0136193 -0.0210071 7.20251
940122 14 0.01 1.7 32.9 0.274694 0.144707 11.6158 0.0976788 0.0512627 7.20251
941271 14 0.01 1.7 32.9 -0.328563 0.100537 6.5144 -0.0632102 0.0180697 7.20251
943574 14 0.01 1.7 32.9 0.469253 0.294147 3.20766 0.047477 0.0290106 7.20251
943985 14 0.01 1.7 32.9 0.116475 -0.390591 3.33162 0.0139267 -0.0382295 7.20251
945119 14 0.01 1.7 32.9 0.359283 -0.0528027 5.23792 0.0564254 -0.00664603 7.20251
946263 14 0.01 1.7 32.9 -0.0409738 0.385654 4.36174 -0.00613568 0.0530629 7.20251
953199 14 0.01 1.7 32.9 -0.238085 -0.354873 4.25759 -0.0283825 -0.0454045 7.20251
957421 14 0.01 1.7 32.9 -0.299479 -0.415816 7.53137 -0.0692911 -0.093717 7.20251
962816 14 0.01 1.7 32.9 0.279406 -0.450341 10.1769 0.0886167 -0.139875 7.20251
965536 14 0.01 1.7 32.9 -0.174335 -0.424219 3.47326 -0.019648 -0.0405263 7.20251
966513 14 0.01 1.7 32.9 -0.0519273 -0.207313 6.02636 -0.00928594 -0.0368447 7.20251
966982 14 0.01 1.7 32.9 0.201414 -0.389957 2.97218 0.0205543 -0.0358342 7.20251
967283 14 0.01 1.7 32.9 0.153054 -0.0483882 4.9245 0.0244266 -0.00435736 7.20251
969294 14 0.01 1.7 32.9 -0.0161547 0.319913 5.15514 -0.000657131 0.0528962 7.20251
970867 14 0.01 1.7 32.9 0.440671 0.450947 4.49803 0.0612791 0.062491 7.20251
971198 14 0.01 1.7 32.9 -0.318547 -0.072539 6.56497 -0.0622477 -0.0134261 7.20251
971440 14 0.01 1.7 32.9 -0.292299 -0.37388 5.94352 -0.0534001 -0.0682027 7.20251
972172 14 0.01 1.7 32.9 0.223845 -0.0345 6.75947 0.0462774 -0.00781102 7.20251
972220 14 0.01 1.7 32.9 -0.374354 -0.468915 3.38871 -0.0376342 -0.0481352 7.20251
975495 14 0.01 1.7 32.9 -0.213467 -0.126074 7.07033 -0.0451849 -0.0250442 7.20251
978640 14 0.01 1.7 32.9 0.348108 -0.0265364 4.57308 0.0494069 -0.00260384 7.20251
983291 14 0.01 1.7 32.9 0.101814 0.130013 3.87925 0.0148181 0.0175716 7.20251
983642 14 0.01 1.7 32.9 0.128947 0.422825 2.10052 0.00987824 0.0261121 7.20251
984255 14 0.01 1.7 32.9 0.417747 -0.308704 4.14093 0.0535101 -0.0369657 7.20251
985368 14 0.01 1.7 32.9 -0.372096 0.342701 11.9617 -0.134611 0.126644 7.20251
986111 14 0.01 1.7 32.9 -0.361531 -0.446294 4.0577 -0.0468157 -0.0530507 7.20251
989286 14 0.01 1.7 32.9 -0.172194 -0.193473 0.753771 -0.00739478 -0.00109218 7.20251
989312 14 0.01 1.7 32.9 -0.155161 0.0736943 4.47497 -0.0208494 0.0106215 7.20251
989935 14 0.01 1.7 32.9 0.25573 0.0574696 9.61109 0.0735007 0.0189578 7.20251
991782 14 0.01 1.7 32.9 0.425871 -0.190994 3.2305 0.0404733 -0.0160932 7.20251
992017 14 0.01 1.7 32.9 -0.0731057 -0.406939 3.85761 -0.00922501 -0.0451864 7.20251
993147 14 0.01 1.7 32.9 -0.233875 -0.0791118 5.39016 -0.0362593 -0.0129815 7.20251
994201 14 0.01 1.7 32.9 0.141034 0.394956 6.28434 0.0275242 0.0778499 7.20251
995095 14 0.01 1.7 32.9 0.342663 -0.264521 4.30354 0.0485775 -0.0328112 7.20251
996672 14 0.01 1.7 32.9 -0.0426508 -0.498736 5.24352 -0.0103009 -0.0789094 7.20251
998113 14 0.01 1.7 32.9 -0.0410143 0.442598 6.8981 -0.00752345 0.0933646 7.20251
999442 14 0.01 1.7 32.9 -0.230622 0.398878 4.20205 -0.0312099 0.0520713 7.20251
