840 14 0.01 1.5 32.9 0.469631 -0.325406 5.01712 0.072006 -0.0504925 29.2034
1274 14 0.01 1.5 32.9 -0.434929 -0.467913 5.83442 -0.078822 -0.0836772 29.2034
4790 14 0.01 1.5 32.9 -0.266072 0.167156 6.15777 -0.0518515 0.0304661 29.2034
4833 14 0.01 1.5 32.9 -0.251165 0.439343 3.57382 -0.0271677 0.047251 29.2034
5219 14 0.01 1.5 32.9 0.0747156 -0.422054 5.37331 0.012587 -0.0689824 29.2034
6618 14 0.01 1.5 32.9 0.0703734 -0.433357 8.44836 0.0212147 -0.112535 29.2034
8043 14 0.01 1.5 32.9 0.471555 -0.180208 3.52264 0.0491992 -0.0166511 29.2034
10590 14 0.01 1.5 32.9 -0.334425 -0.0523882 8.02572 -0.0811635 -0.0127584 29.2034
11533 14 0.01 1.5 32.9 -0.468858 -0.379625 6.02994 -0.085392 -0.0709319 29.2034
16541 14 0.01 1.5 32.9 0.236546 -0.372475 6.7318 0.0501636 -0.0741508 29.2034
16875 14 0.01 1.5 32.9 -0.42446 -0.0934097 2.04444 -0.0276019 -0.00546928 29.2034
19489 14 0.01 1.5 32.9 -0.239657 0.319794 5.24534 -0.0395254 0.0538395 29.2034
19677 14 0.01 1.5 32.9 -0.0843511 0.27963 7.35582 -0.0205132 0.0646832 29.2034
20317 14 0.01 1.5 32.9 0.0421388 -0.415838 4.53688 0.00535506 -0.056822 29.2034
23081 14 0.01 1.5 32.9 -0.473702 -0.35133 7.43545 -0.105597 -0.0783417 29.2034
26913 14 0.01 1.5 32.9 0.195537 -0.475565 5.29587 0.0306095 -0.0760868 29.2034
30558 14 0.01 1.5 32.9 -0.0766322 0.314854 2.60286 -0.00832595 0.0241648 29.2034
36929 14 0.01 1.5 32.9 -0.0871866 -0.0108556 8.39166 -0.0207786 -0.00245401 29.2034
36988 14 0.01 1.5 32.9 -0.281602 0.0260102 1.226 -0.0105556 0.00375451 29.2034
40465 14 0.01 1.5 32.9 0.44829 -0.112556 4.52163 0.0623147 -0.0149973 29.2034
40561 14 0.01 1.5 32.9 0.199766 -0.326001 6.1249 0.0366947 -0.0600586 29.2034
41977 14 0.01 1.5 32.9 0.0891328 0.342862 5.79287 0.0167556 0.061111 29.2034
42243 14 0.01 1.5 32.9 -0.375913 -0.168914 5.37967 -0.0603978 -0.0296193 29.2034
43668 14 0.01 1.5 32.9 0.412053 -0.462662 7.81243 0.0983871 -0.108555 29.2034
47075 14 0.01 1.5 32.9 -0.452038 0.12219 6.45039 -0.0883558 0.0248144 29.2034
49218 14 0.01 1.5 32.9 0.0694982 0.398293 5.12613 0.0120778 0.0603814 29.2034
51320 14 0.01 1.5 32.9 0.33371 -0.312144 5.09053 0.048943 -0.0474191 29.2034
53149 14 0.01 1.5 32.9 0.350742 0.0342974 4.13046 0.0469322 0.00418533 29.2034
53988 14 0.01 1.5 32.9 0.314247 -0.463502 7.53684 0.0728228 -0.105591 29.2034
54906 14 0.01 1.5 32.9 -0.383472 -0.15723 2.38816 -0.0296691 -0.0137415 29.2034
57855 14 0.01 1.5 32.9 0.222068 0.0109998 3.78285 0.0259981 0.00242327 29.2034
62606 14 0.01 1.5 32.9 -0.466455 0.323914 4.24029 -0.0619619 0.0413764 29.2034
64524 14 0.01 1.5 32.9 0.198573 -0.091413 5.73333 0.0357489 -0.0140241 29.2034
65352 14 0.01 1.5 32.9 0.418222 0.222426 4.00546 0.0509529 0.0284121 29.2034
67750 14 0.01 1.5 32.9 -0.274104 -0.465905 10.6458 -0.087674 -0.148334 29.2034
68191 14 0.01 1.5 32.9 0.351966 -0.148188 11.7226 0.127202 -0.0530692 29.2034
73483 14 0.01 1.5 32.9 -0.230164 0.262765 1.85438 -0.0120499 0.0139328 29.2034
76530 14 0.01 1.5 32.9 -0.146239 0.197065 4.17701 -0.0186691 0.027042 29.2034
78369 14 0.01 1.5 32.9 0.175494 -0.131962 17.3468 0.092897 -0.0675019 29.2034
79007 14 0.01 1.5 32.9 -0.227551 0.249411 6.89165 -0.0499795 0.0537295 29.2034
80096 14 0.01 1.5 32.9 0.124466 0.257715 4.31559 0.0165175 0.0343306 29.2034
80973 14 0.01 1.5 32.9 0.0801221 0.469142 6.36194 0.0172418 0.0913491 29.2034
89059 14 0.01 1.5 32.9 0.202479 0.337351 5.34357 0.0317895 0.0561707 29.2034
93138 14 0.01 1.5 32.9 0.365027 -0.332773 1.94527 0.0211505 -0.0190451 29.2034
93527 14 0.01 1.5 32.9 0.150217 0.210162 4.78314 0.0208191 0.0311272 29.2034
94119 14 0.01 1.5 32.9 0.462888 -0.175717 14.2365 0.199557 -0.075146 29.2034
95524 14 0.01 1.5 32.9 -0.187149 -0.12559 12.5164 -0.0737131 -0.0487255 29.2034
95784 14 0.01 1.5 32.9 0.0477703 0.016819 2.42538 0.0048644 0.00304932 29.2034
96397 14 0.01 1.5 32.9 0.033791 -0.307029 4.49439 0.00570627 -0.0399253 29.2034
98957 14 0.01 1.5 32.9 -0.492331 0.498726 2.81223 -0.0410527 0.0455953 29.2034
101517 14 0.01 1.5 32.9 0.0809468 0.0182188 4.86753 0.011348 0.00455551 29.2034
101715 14 0.01 1.5 32.9 -0.00776821 -0.105369 22.2362 -0.00561425 -0.0719675 29.2034
102169 14 0.01 1.5 32.9 0.249519 -0.458436 2.76632 0.0192998 -0.0377146 29.2034
105353 14 0.01 1.5 32.9 0.00557837 -0.3128 5.95323 0.00283353 -0.0557661 29.2034
106733 14 0.01 1.5 32.9 0.428331 0.331289 7.38886 0.0967477 0.0752663 29.2034
109233 14 0.01 1.5 32.9 -0.0884798 0.399456 2.73668 -0.00672059 0.0349732 29.2034
110597 14 0.01 1.5 32.9 -0.393163 -0.148294 6.10238 -0.0712944 -0.0268448 29.2034
112410 14 0.01 1.5 32.9 -0.0462121 0.29583 15.2047 -0.0226052 0.138021 29.2034
112470 14 0.01 1.5 32.9 0.258364 -0.350751 5.07665 0.0391343 -0.0549217 29.2034
114670 14 0.01 1.5 32.9 0.356878 -0.276335 9.04836 0.096935 -0.0730941 29.2034
115157 14 0.01 1.5 32.9 0.443917 0.445609 4.00376 0.0532201 0.054374 29.2034
115468 14 0.01 1.5 32.9 -0.0714948 -0.0582797 7.78003 -0.0158851 -0.0128868 29.2034
115674 14 0.01 1.5 32.9 0.487157 -0.0666249 6.22439 0.0935792 -0.0114814 29.2034
118504 14 0.01 1.5 32.9 0.297237 -0.280088 6.14678 0.0551109 -0.053138 29.2034
118732 14 0.01 1.5 32.9 0.183265 -0.400441 4.78995 0.0267324 -0.0591212 29.2034
118800 14 0.01 1.5 32.9 -0.435141 -0.141185 4.12698 -0.0539227 -0.0168682 29.2034
119097 14 0.01 1.5 32.9 -0.453392 0.366605 2.46136 -0.0346744 0.0293549 29.2034
122769 14 0.01 1.5 32.9 0.282209 0.0614725 5.12067 0.0414623 0.0120341 29.2034
123801 14 0.01 1.5 32.9 0.0146081 -0.0297819 8.99037 0.00492642 -0.00692068 29.2034
129854 14 0.01 1.5 32.9 0.056777 -0.0614537 4.99993 0.00622225 -0.00951264 29.2034
130068 14 0.01 1.5 32.9 0.356106 -0.490711 5.4897 0.0582343 -0.0802611 29.2034
132198 14 0.01 1.5 32.9 0.0490631 -0.24444 10.1373 0.0156923 -0.0760101 29.2034
134604 14 0.01 1.5 32.9 0.347351 -0.434405 7.5778 0.0814523 -0.100328 29.2034
135614 14 0.01 1.5 32.9 0.0639815 -0.183865 5.07331 0.0080872 -0.0258716 29.2034
136326 14 0.01 1.5 32.9 -0.319188 0.471739 13.8546 -0.132036 0.197211 29.2034
142673 14 0.01 1.5 32.9 -0.390548 -0.36111 5.99156 -0.0697458 -0.0659668 29.2034
143367 14 0.01 1.5 32.9 -0.0381457 0.291638 4.19388 -0.00287993 0.0359633 29.2034
146703 14 0.01 1.5 32.9 -0.153584 0.271224 6.23467 -0.0320906 0.0508062 29.2034
149256 14 0.01 1.5 32.9 -0.46047 0.442506 2.37805 -0.0302283 0.0299753 29.2034
149261 14 0.01 1.5 32.9 0.363215 0.422992 2.85188 0.0309965 0.0387208 29.2034
150164 14 0.01 1.5 32.9 -0.419451 -0.0120705 0.625608 -0.00671354 -0.00501352 29.2034
151518 14 0.01 1.5 32.9 0.455615 0.00253023 6.35712 0.0892683 0.00214207 29.2034
151725 14 0.01 1.5 32.9 -0.146402 0.100505 6.72748 -0.0308696 0.0220379 29.2034
151809 14 0.01 1.5 32.9 0.481064 0.346455 2.98989 0.0452609 0.0316215 29.2034
152195 14 0.01 1.5 32.9 0.274974 0.207328 7.15699 0.060823 0.0463177 29.2034
156878 14 0.01 1.5 32.9 0.206496 -0.176667 1.83948 0.0137455 -0.0107474 29.2034
157043 14 0.01 1.5 32.9 -0.0425906 0.376379 4.66251 -0.00397345 0.0513426 29.2034
157207 14 0.01 1.5 32.9 0.0882474 -0.256116 20.1203 0.0516363 -0.156021 29.2034
157695 14 0.01 1.5 32.9 -0.144201 -0.496817 3.638 -0.0160826 -0.0556579 29.2034
158884 14 0.01 1.5 32.9 0.285677 0.151649 5.45352 0.0494343 0.0232448 29.2034
159170 14 0.01 1.5 32.9 0.479202 0.0105183 3.11452 0.0466813 0.0030878 29.2034
161596 14 0.01 1.5 32.9 -0.366718 0.0150595 9.78269 -0.111521 0.0057709 29.2034
162186 14 0.01 1.5 32.9 -0.053825 -0.345512 5.26047 -0.00956577 -0.0591115 29.2034
164124 14 0.01 1.5 32.9 -0.294699 -0.351098 7.70242 -0.0693732 -0.0844751 29.2034
164179 14 0.01 1.5 32.9 -0.469978 0.41033 14.1728 -0.201991 0.175521 29.2034
167139 14 0.01 1.5 32.9 0.138561 -0.139975 2.17553 0.0114656 -0.0114742 29.2034
168055 14 0.01 1.5 32.9 -0.391242 0.102651 3.47857 -0.0403265 0.0109865 29.2034
168626 14 0.01 1.5 32.9 -0.0320707 -0.00811767 5.92847 -0.00446682 -0.00125034 29.2034
170000 14 0.01 1.5 32.9 0.120356 -0.335036 3.16393 0.0103618 -0.0317109 29.2034
170002 14 0.01 1.5 32.9 -0.238016 -0.154261 2.81825 -0.0207952 -0.0125326 29.2034
172664 14 0.01 1.5 32.9 -0.160267 0.293641 16.5478 -0.0789757 0.147833 29.2034
174063 14 0.01 1.5 32.9 -0.29259 0.204597 2.66757 -0.0225857 0.0169749 29.2034
177277 14 0.01 1.5 32.9 -0.168704 -0.416873 18.1439 -0.0912611 -0.227206 29.2034
178918 14 0.01 1.5 32.9 -0.316777 -0.118106 3.70072 -0.0353538 -0.0140277 29.2034
181868 14 0.01 1.5 32.9 -0.172564 -0.339046 9.51347 -0.0487061 -0.0975492 29.2034
184564 14 0.01 1.5 32.9 0.399746 0.336629 3.01047 0.0355743 0.0311048 29.2034
187106 14 0.01 1.5 32.9 0.475066 -0.431693 7.12692 0.104403 -0.091702 29.2034
192343 14 0.01 1.5 32.9 0.408059 -0.197787 4.58489 0.0570968 -0.0241017 29.2034
193685 14 0.01 1.5 32.9 0.21447 -0.188291 7.29158 0.0471856 -0.0418702 29.2034
196105 14 0.01 1.5 32.9 0.379774 0.140544 3.27188 0.0380906 0.0156391 29.2034
198171 14 0.01 1.5 32.9 -0.480366 0.297967 4.93366 -0.0718465 0.0454811 29.2034
198701 14 0.01 1.5 32.9 -0.153038 -0.208198 3.37009 -0.0154578 -0.0200355 29.2034
199743 14 0.01 1.5 32.9 -0.0402766 -0.459201 2.04997 -0.00118609 -0.0267119 29.2034
201260 14 0.01 1.5 32.9 -0.05739 -0.268813 3.10436 -0.00419345 -0.0246533 29.2034
201690 14 0.01 1.5 32.9 0.0950071 0.17329 5.04393 0.0181188 0.0251988 29.2034
202835 14 0.01 1.5 32.9 0.0271951 0.279043 4.55583 0.00564765 0.0413298 29.2034
202861 14 0.01 1.5 32.9 0.261258 0.287047 3.55614 0.0299137 0.0320976 29.2034
203392 14 0.01 1.5 32.9 0.258622 0.0497297 6.61367 0.0525931 0.0100274 29.2034
208680 14 0.01 1.5 32.9 0.498242 0.419825 1.33402 0.0210357 0.0133793 29.2034
208714 14 0.01 1.5 32.9 0.310693 -0.431176 5.06259 0.0465175 -0.0680577 29.2034
209578 14 0.01 1.5 32.9 0.005224 -0.313903 5.04424 0.000303681 -0.045115 29.2034
209741 14 0.01 1.5 32.9 -0.403883 -0.375348 6.92782 -0.086763 -0.0790839 29.2034
211326 14 0.01 1.5 32.9 0.311562 -0.187755 7.56041 0.0692114 -0.0424941 29.2034
211506 14 0.01 1.5 32.9 -0.429923 0.00720053 0.77816 -0.0151529 0.000737492 29.2034
211877 14 0.01 1.5 32.9 0.465614 -0.123225 5.79507 0.0812981 -0.0231995 29.2034
212481 14 0.01 1.5 32.9 -0.432941 0.376695 14.2993 -0.188419 0.164602 29.2034
212812 14 0.01 1.5 32.9 0.283271 0.0753193 3.89929 0.0314033 0.00833175 29.2034
218550 14 0.01 1.5 32.9 -0.493036 0.152969 8.73595 -0.130589 0.0404793 29.2034
222103 14 0.01 1.5 32.9 0.0505531 -0.286984 5.02905 0.00938734 -0.0434905 29.2034
222530 14 0.01 1.5 32.9 -0.385772 -0.313703 5.81352 -0.0675267 -0.0549155 29.2034
224507 14 0.01 1.5 32.9 0.0235694 0.230411 3.32367 0.00183685 0.0243338 29.2034
225157 14 0.01 1.5 32.9 -0.360227 -0.351119 4.20275 -0.0452671 -0.0448243 29.2034
227425 14 0.01 1.5 32.9 0.212218 0.196334 3.20826 0.0216024 0.0175178 29.2034
227935 14 0.01 1.5 32.9 0.494565 -0.0550975 3.55409 0.0550246 -0.0043216 29.2034
230742 14 0.01 1.5 32.9 0.459376 -0.0626493 10.9344 0.154682 -0.0192685 29.2034
232625 14 0.01 1.5 32.9 -0.0996377 0.318215 3.92 -0.0116705 0.0372928 29.2034
232706 14 0.01 1.5 32.9 0.0216267 0.390075 8.02674 0.00467849 0.0965617 29.2034
234420 14 0.01 1.5 32.9 -0.0638382 -0.119878 4.43014 -0.00951816 -0.0182857 29.2034
236034 14 0.01 1.5 32.9 0.196589 -0.147207 2.2401 0.0133524 -0.00905733 29.2034
237785 14 0.01 1.5 32.9 -0.488306 -0.140316 4.42404 -0.0659468 -0.0198984 29.2034
246115 14 0.01 1.5 32.9 -0.0238661 0.444032 10.2372 -0.0072302 0.140933 29.2034
246333 14 0.01 1.5 32.9 -0.342366 -0.138948 6.96399 -0.0729018 -0.0285256 29.2034
252688 14 0.01 1.5 32.9 -0.481833 0.0396793 3.87563 -0.0555606 0.00819917 29.2034
252761 14 0.01 1.5 32.9 0.465221 0.0532638 2.81302 0.0407565 0.00574707 29.2034
253428 14 0.01 1.5 32.9 0.079702 0.181915 5.74958 0.0139124 0.0319215 29.2034
253691 14 0.01 1.5 32.9 -0.043504 0.262148 1.54394 -0.00183634 0.0145634 29.2034
255414 14 0.01 1.5 32.9 -0.245256 0.0085847 5.81687 -0.0442725 0.00317484 29.2034
260883 14 0.01 1.5 32.9 -0.159719 -0.375988 4.00071 -0.0186503 -0.0416333 29.2034
262659 14 0.01 1.5 32.9 0.0965626 -0.016528 5.29298 0.0185585 -0.00291331 29.2034
264206 14 0.01 1.5 32.9 0.104203 0.0201082 9.09002 0.0302135 0.00447621 29.2034
265326 14 0.01 1.5 32.9 0.330705 0.226485 2.15567 0.0212189 0.0164459 29.2034
265385 14 0.01 1.5 32.9 -0.109241 0.121307 4.96982 -0.0183857 0.0187026 29.2034
268113 14 0.01 1.5 32.9 0.0954462 -0.365016 4.24378 0.0118509 -0.0456034 29.2034
269495 14 0.01 1.5 32.9 0.20099 0.0841438 11.2184 0.0668367 0.029816 29.2034
269898 14 0.01 1.5 32.9 0.297716 -0.131631 4.03481 0.0375551 -0.0168158 29.2034
269982 14 0.01 1.5 32.9 -0.163188 -0.268625 8.53598 -0.0426627 -0.0722075 29.2034
271699 14 0.01 1.5 32.9 0.065026 0.454589 7.37328 0.0141499 0.101754 29.2034
274360 14 0.01 1.5 32.9 -0.0170288 -0.440682 2.70527 -0.000584258 -0.0355351 29.2034
275175 14 0.01 1.5 32.9 -0.424221 -0.237864 9.02952 -0.118037 -0.0643042 29.2034
276001 14 0.01 1.5 32.9 -0.484212 0.0768787 5.52479 -0.0813962 0.011717 29.2034
277152 14 0.01 1.5 32.9 0.394806 0.370869 4.05976 0.0490212 0.0475841 29.2034
278524 14 0.01 1.5 32.9 -0.145098 0.450145 4.64496 -0.0208631 0.0658599 29.2034
278723 14 0.01 1.5 32.9 0.441336 -0.227716 11.0315 0.146464 -0.0765702 29.2034
278998 14 0.01 1.5 32.9 0.242896 -0.102449 3.21278 0.0249518 -0.00884641 29.2034
279933 14 0.01 1.5 32.9 -0.0211864 0.2531 5.8244 -0.00312012 0.0445214 29.2034
280080 14 0.01 1.5 32.9 -0.0547637 0.204376 3.14125 -0.00485123 0.0207879 29.2034
282876 14 0.01 1.5 32.9 0.271781 0.365387 5.59563 0.0470348 0.0626602 29.2034
289484 14 0.01 1.5 32.9 0.259302 0.390553 7.49773 0.055949 0.091672 29.2034
292056 14 0.01 1.5 32.9 -0.394724 -0.46711 8.31923 -0.0992234 -0.116577 29.2034
292831 14 0.01 1.5 32.9 -0.114434 0.0524162 6.0556 -0.0209845 0.0103779 29.2034
295339 14 0.01 1.5 32.9 0.41018 0.0432452 5.80958 0.0750657 0.00875044 29.2034
296099 14 0.01 1.5 32.9 -0.461761 -0.0293607 6.63227 -0.0936905 -0.00548189 29.2034
297371 14 0.01 1.5 32.9 0.082312 -0.0950399 7.55173 0.0162483 -0.0231086 29.2034
297411 14 0.01 1.5 32.9 -0.0558324 -0.474666 5.04171 -0.00850185 -0.0720438 29.2034
298297 14 0.01 1.5 32.9 0.414874 0.0826304 2.95481 0.0408174 0.00617588 29.2034
298389 14 0.01 1.5 32.9 0.0802432 0.0686829 5.83333 0.0145842 0.0118524 29.2034
301277 14 0.01 1.5 32.9 -0.08663 0.00549315 6.95123 -0.0181063 0.00289042 29.2034
304312 14 0.01 1.5 32.9 0.482784 -0.209244 1.07317 0.0125579 -0.00554537 29.2034
305481 14 0.01 1.5 32.9 -0.490005 0.137063 3.90528 -0.0582938 0.0176738 29.2034
310609 14 0.01 1.5 32.9 -0.45544 0.467074 4.7528 -0.0658801 0.0694811 29.2034
315575 14 0.01 1.5 32.9 0.222668 0.0775709 3.87941 0.0254795 0.0094812 29.2034
318965 14 0.01 1.5 32.9 0.348988 -0.128167 5.35116 0.0550452 -0.0201624 29.2034
325324 14 0.01 1.5 32.9 -0.12555 0.274369 5.42345 -0.0203647 0.0448106 29.2034
325954 14 0.01 1.5 32.9 0.308028 0.0761994 22.1185 0.208567 0.0548685 29.2034
327635 14 0.01 1.5 32.9 0.248078 0.428564 3.01027 0.0220929 0.0365559 29.2034
329920 14 0.01 1.5 32.9 -0.281378 -0.283988 3.52945 -0.0322559 -0.0299097 29.2034
332163 14 0.01 1.5 32.9 -0.299491 -0.287863 1.52494 -0.0143894 -0.0122548 29.2034
332385 14 0.01 1.5 32.9 0.396317 0.369504 6.22784 0.0737252 0.0688958 29.2034
334762 14 0.01 1.5 32.9 0.195101 -0.470353 6.26898 0.0348533 -0.0881393 29.2034
335930 14 0.01 1.5 32.9 0.30962 0.320164 4.15323 0.0389334 0.042323 29.2034
336676 14 0.01 1.5 32.9 0.454729 0.113373 4.22179 0.0571716 0.0160784 29.2034
342338 14 0.01 1.5 32.9 0.483101 0.192814 5.48788 0.0801672 0.030701 29.2034
342438 14 0.01 1.5 32.9 0.261917 -0.0629779 4.2617 0.0326146 -0.008481 29.2034
343496 14 0.01 1.5 32.9 -0.376229 0.153118 5.6248 -0.0653525 0.0250029 29.2034
343749 14 0.01 1.5 32.9 0.144092 0.295873 11.4138 0.0477106 0.103854 29.2034
344060 14 0.01 1.5 32.9 -0.296224 -0.22437 1.54676 -0.0119146 -0.00909435 29.2034
345582 14 0.01 1.5 32.9 0.41707 -0.325159 5.29019 0.0659948 -0.0521845 29.2034
345910 14 0.01 1.5 32.9 -0.155515 0.4827 9.21476 -0.0439299 0.135874 29.2034
345988 14 0.01 1.5 32.9 -0.292491 0.378542 2.56859 -0.0234701 0.0288493 29.2034
347266 14 0.01 1.5 32.9 0.0932175 -0.185445 3.28559 0.00866807 -0.0173726 29.2034
347428 14 0.01 1.5 32.9 -0.215559 0.252277 8.19629 -0.0539683 0.0638958 29.2034
350490 14 0.01 1.5 32.9 0.386323 -0.0516003 5.47905 0.0619982 -0.00735864 29.2034
351229 14 0.01 1.5 32.9 -0.0640395 0.362991 8.11502 -0.0183407 0.0887876 29.2034
351529 14 0.01 1.5 32.9 -0.0723385 -0.421425 4.67771 -0.0100643 -0.0605335 29.2034
353404 14 0.01 1.5 32.9 0.488684 0.483012 3.64283 0.0542103 0.0538154 29.2034
355074 14 0.01 1.5 32.9 0.198184 -0.198878 6.77607 0.0411293 -0.0408235 29.2034
355374 14 0.01 1.5 32.9 0.0477301 0.0439072 5.60531 0.00690108 0.00845548 29.2034
355767 14 0.01 1.5 32.9 -0.40429 0.278057 2.73405 -0.0331538 0.0230641 29.2034
358667 14 0.01 1.5 32.9 0.12848 -0.19445 5.92037 0.021101 -0.0334365 29.2034
358789 14 0.01 1.5 32.9 -0.468719 -0.0609547 10.3855 -0.146112 -0.017122 29.2034
359298 14 0.01 1.5 32.9 0.088576 -0.0467887 6.2794 0.0160801 -0.00841259 29.2034
360569 14 0.01 1.5 32.9 0.49244 -0.0558178 10.9004 0.163429 -0.0173377 29.2034
360573 14 0.01 1.5 32.9 0.189856 0.0796008 4.03749 0.0222449 0.00949275 29.2034
361756 14 0.01 1.5 32.9 0.119715 0.0951747 10.4626 0.0381871 0.0319412 29.2034
366063 14 0.01 1.5 32.9 -0.247722 0.464797 8.04963 -0.0588157 0.114617 29.2034
367202 14 0.01 1.5 32.9 0.411248 0.333695 1.30425 0.0167123 0.0164956 29.2034
368420 14 0.01 1.5 32.9 -0.448155 0.471113 6.76449 -0.0930607 0.0981125 29.2034
369162 14 0.01 1.5 32.9 -0.343269 -0.185643 7.80598 -0.0806736 -0.0429674 29.2034
372365 14 0.01 1.5 32.9 -0.0329831 -0.280376 8.02939 -0.00881501 -0.0676701 29.2034
374011 14 0.01 1.5 32.9 0.320801 -0.44332 5.78563 0.0577263 -0.0761468 29.2034
376225 14 0.01 1.5 32.9 -0.142528 -0.463628 14.95 -0.0632062 -0.210345 29.2034
376305 14 0.01 1.5 32.9 -0.232617 0.201854 13.1023 -0.0956368 0.0819493 29.2034
378556 14 0.01 1.5 32.9 -0.219453 0.463762 6.02214 -0.0397101 0.0853315 29.2034
379432 14 0.01 1.5 32.9 0.453144 0.26672 5.61106 0.0762066 0.0454048 29.2034
381007 14 0.01 1.5 32.9 0.0198476 0.252259 6.68488 0.00384371 0.0504207 29.2034
381300 14 0.01 1.5 32.9 0.247154 0.380155 4.08979 0.029469 0.0465669 29.2034
382037 14 0.01 1.5 32.9 -0.468735 -0.288852 4.07635 -0.05745 -0.0374323 29.2034
383349 14 0.01 1.5 32.9 -0.412582 0.0592837 2.76481 -0.0357727 0.0054886 29.2034
383858 14 0.01 1.5 32.9 0.395239 -0.151298 5.66957 0.0672001 -0.0241667 29.2034
384806 14 0.01 1.5 32.9 -0.00513981 -0.0808447 5.13947 -0.00263818 -0.0117194 29.2034
386799 14 0.01 1.5 32.9 -0.212353 -0.287777 6.57084 -0.0448217 -0.057316 29.2034
390272 14 0.01 1.5 32.9 0.0899762 -0.172603 4.99114 0.0124605 -0.0271811 29.2034
390385 14 0.01 1.5 32.9 0.272866 -0.168173 4.41851 0.0371182 -0.0229211 29.2034
392052 14 0.01 1.5 32.9 0.284996 -0.281767 3.59011 0.0305712 -0.0311047 29.2034
392649 14 0.01 1.5 32.9 0.244793 -0.301777 4.89293 0.0376259 -0.0419866 29.2034
392708 14 0.01 1.5 32.9 -0.340259 -0.288488 2.32154 -0.0250369 -0.0180481 29.2034
394523 14 0.01 1.5 32.9 0.0289094 -0.284416 4.60065 0.00601121 -0.0375801 29.2034
394602 14 0.01 1.5 32.9 -0.239181 -0.377441 5.56229 -0.0419602 -0.0640378 29.2034
397380 14 0.01 1.5 32.9 -0.442939 -0.21375 34.3832 -0.463781 -0.222441 29.2034
399452 14 0.01 1.5 32.9 0.00715893 -0.284144 6.87133 0.00194916 -0.0603897 29.2034
402957 14 0.01 1.5 32.9 0.408983 -0.161903 1.97245 0.0278493 -0.00681966 29.2034
403577 14 0.01 1.5 32.9 0.0436818 0.21679 11.4574 0.0141818 0.0759443 29.2034
404860 14 0.01 1.5 32.9 0.00188823 0.337223 9.65761 0.00212175 0.0987168 29.2034
405588 14 0.01 1.5 32.9 -0.229703 -0.45191 5.15992 -0.0393252 -0.0687342 29.2034
406459 14 0.01 1.5 32.9 -0.167511 0.149676 9.20396 -0.0481946 0.0451615 29.2034
406834 14 0.01 1.5 32.9 -0.382531 -0.333233 24.5602 -0.28581 -0.246764 29.2034
407249 14 0.01 1.5 32.9 0.0661159 0.0857078 24.6435 0.0510645 0.0656565 29.2034
409139 14 0.01 1.5 32.9 0.484225 0.0345686 3.05739 0.044917 0.00469092 29.2034
409216 14 0.01 1.5 32.9 0.25771 -0.127637 4.45243 0.0355413 -0.0173073 29.2034
410064 14 0.01 1.5 32.9 0.122462 0.381704 6.20229 0.0225068 0.072967 29.2034
411755 14 0.01 1.5 32.9 -0.103822 -0.117866 9.57285 -0.0318244 -0.0327584 29.2034
415839 14 0.01 1.5 32.9 -0.163018 -0.270842 8.15039 -0.0400504 -0.0646188 29.2034
416672 14 0.01 1.5 32.9 -0.258737 -0.479903 6.36225 -0.0520529 -0.0926756 29.2034
416713 14 0.01 1.5 32.9 0.0011491 0.0732097 6.38689 0.000704451 0.0140135 29.2034
419380 14 0.01 1.5 32.9 -0.229229 0.466258 4.60595 -0.0298238 0.0663568 29.2034
421664 14 0.01 1.5 32.9 -0.0625313 -0.335804 7.76012 -0.01356 -0.0767702 29.2034
422304 14 0.01 1.5 32.9 0.362785 -0.198765 10.1762 0.112727 -0.0612576 29.2034
423618 14 0.01 1.5 32.9 -0.0559345 -0.492051 1.73099 -0.00345083 -0.021817 29.2034
428682 14 0.01 1.5 32.9 0.0398032 -0.187302 3.66656 0.00245913 -0.0188158 29.2034
430435 14 0.01 1.5 32.9 -0.190354 -0.125665 4.98413 -0.0296835 -0.0187815 29.2034
432432 14 0.01 1.5 32.9 -0.37297 0.305463 4.07935 -0.0472509 0.0387668 29.2034
433651 14 0.01 1.5 32.9 -0.422014 -0.0508275 2.02341 -0.0278428 -0.0037735 29.2034
438233 14 0.01 1.5 32.9 -0.383435 0.153925 12.8844 -0.149897 0.0600003 29.2034
440190 14 0.01 1.5 32.9 0.214914 -0.398219 14.862 0.0962967 -0.181712 29.2034
444465 14 0.01 1.5 32.9 -0.243368 0.0287087 7.89586 -0.0570494 0.00819612 29.2034
444815 14 0.01 1.5 32.9 -0.0633949 -0.141388 4.57977 -0.00993829 -0.0181181 29.2034
445299 14 0.01 1.5 32.9 -0.434097 0.328638 3.74934 -0.0491764 0.0378243 29.2034
446882 14 0.01 1.5 32.9 -0.161048 0.343268 13.4554 -0.0666983 0.139941 29.2034
449632 14 0.01 1.5 32.9 -0.402576 0.138637 1.92269 -0.025662 0.00865033 29.2034
452309 14 0.01 1.5 32.9 0.262343 -0.0163934 4.73884 0.0347373 -0.00199848 29.2034
454664 14 0.01 1.5 32.9 -0.246455 0.465271 2.68568 -0.02101 0.0371388 29.2034
455081 14 0.01 1.5 32.9 0.0589882 0.190218 4.388 0.00668184 0.0263425 29.2034
459751 14 0.01 1.5 32.9 0.266958 0.432135 5.073 0.0406449 0.0657019 29.2034
461091 14 0.01 1.5 32.9 0.372011 0.378349 4.76496 0.0554721 0.0552321 29.2034
461548 14 0.01 1.5 32.9 0.368373 -0.362655 5.61626 0.061916 -0.0594139 29.2034
462617 14 0.01 1.5 32.9 -0.342933 -0.0632213 5.8215 -0.0632712 -0.00976886 29.2034
463544 14 0.01 1.5 32.9 -0.0475388 0.147615 4.4133 -0.00917522 0.0203432 29.2034
466116 14 0.01 1.5 32.9 -0.0220216 -0.360709 3.09161 -0.00325098 -0.0329752 29.2034
466150 14 0.01 1.5 32.9 0.408918 -0.351987 9.74652 0.122133 -0.102003 29.2034
472201 14 0.01 1.5 32.9 -0.415799 0.0264377 4.22681 -0.053166 0.00258676 29.2034
477314 14 0.01 1.5 32.9 0.266595 -0.16908 4.77289 0.0381364 -0.0256664 29.2034
478014 14 0.01 1.5 32.9 -0.361953 0.274516 8.87379 -0.0969205 0.0759764 29.2034
478489 14 0.01 1.5 32.9 0.180983 0.471874 4.36773 0.0234839 0.0641016 29.2034
478975 14 0.01 1.5 32.9 -0.470174 -0.259134 12.0162 -0.172191 -0.0925632 29.2034
483679 14 0.01 1.5 32.9 -0.26626 -0.456172 10.9906 -0.088339 -0.153296 29.2034
486255 14 0.01 1.5 32.9 0.12303 -0.216443 7.09483 0.0266112 -0.0454243 29.2034
487463 14 0.01 1.5 32.9 -0.149457 -0.0305494 4.12562 -0.0182751 -0.00381055 29.2034
490000 14 0.01 1.5 32.9 -0.331713 0.127225 4.57356 -0.0461528 0.0184796 29.2034
490525 14 0.01 1.5 32.9 -0.296254 0.439969 3.09245 -0.0282222 0.0443943 29.2034
492939 14 0.01 1.5 32.9 0.438197 -0.335661 2.36076 0.0321471 -0.0230768 29.2034
493342 14 0.01 1.5 32.9 0.170176 0.233177 3.83685 0.0199671 0.0263574 29.2034
498661 14 0.01 1.5 32.9 0.388925 0.359108 8.43726 0.101019 0.0933517 29.2034
498762 14 0.01 1.5 32.9 0.115587 0.128369 12.9994 0.0452643 0.0499498 29.2034
499727 14 0.01 1.5 32.9 -0.175124 0.0627874 19.8575 -0.106205 0.0387876 29.2034
