46 13 0.01 0.1 32.9 0.172175 0.420699 4.67366 0.0223474 0.0572558 126.173
725 13 0.01 0.1 32.9 0.0562317 0.0575506 1.47407 0.00334834 0.00246253 126.173
4429 13 0.01 0.1 32.9 0.314224 -0.198057 3.48501 0.0342253 -0.0217259 126.173
4864 13 0.01 0.1 32.9 0.456247 -0.201737 2.42691 0.033328 -0.0160263 126.173
8219 13 0.01 0.1 32.9 -0.32025 0.18625 9.56863 -0.0943237 0.0570596 126.173
12009 13 0.01 0.1 32.9 0.373522 0.196501 6.12099 0.0719019 0.0383601 126.173
12760 13 0.01 0.1 32.9 -0.344952 0.24403 3.51026 -0.0357711 0.0251896 126.173
14666 13 0.01 0.1 32.9 -0.0949562 0.268694 4.53595 -0.0133128 0.0374549 126.173
14950 13 0.01 0.1 32.9 -0.211539 -0.434828 3.45334 -0.0226196 -0.0456483 126.173
19088 13 0.01 0.1 32.9 0.323883 0.149854 4.9996 0.0489067 0.0227026 126.173
19887 13 0.01 0.1 32.9 0.347969 0.0434196 2.1403 0.0240805 0.00369989 126.173
19994 13 0.01 0.1 32.9 -0.0621863 0.438915 3.31856 -0.007174 0.0448416 126.173
21932 13 0.01 0.1 32.9 0.340462 -0.247324 2.13078 0.0224043 -0.0171357 126.173
25850 13 0.01 0.1 32.9 -0.149048 -0.0924064 14.7721 -0.0655965 -0.0400648 126.173
26255 13 0.01 0.1 32.9 -0.427894 -0.0154977 4.7761 -0.0614591 -0.00263727 126.173
26945 13 0.01 0.1 32.9 0.121709 -0.195664 4.93254 0.0187729 -0.0272262 126.173
30781 13 0.01 0.1 32.9 -0.328361 0.221514 4.15237 -0.0415219 0.028174 126.173
31797 13 0.01 0.1 32.9 0.212407 -0.438715 4.01151 0.0247215 -0.0523715 126.173
32927 13 0.01 0.1 32.9 -0.3735 0.275303 4.14584 -0.0480265 0.0352838 126.173
36468 13 0.01 0.1 32.9 0.133078 -0.109163 2.73047 0.0112988 -0.00587753 126.173
40564 13 0.01 0.1 32.9 0.00357636 0.175315 6.86344 0.000802999 0.035785 126.173
42030 13 0.01 0.1 32.9 0.0471756 -0.438853 6.09381 0.00831869 -0.0804087 126.173
42461 13 0.01 0.1 32.9 0.314597 0.336237 2.38634 0.0214736 0.0244701 126.173
45544 13 0.01 0.1 32.9 -0.120662 0.0923297 13.8374 -0.0505031 0.0392925 126.173
46360 13 0.01 0.1 32.9 -0.35739 0.20411 5.53551 -0.0595896 0.0346941 126.173
48253 13 0.01 0.1 32.9 0.376761 0.448796 5.39617 0.0621358 0.07575 126.173
50922 13 0.01 0.1 32.9 -0.117704 -0.150795 32.501 -0.11661 -0.146937 126.173
51603 13 0.01 0.1 32.9 0.0313274 -0.429891 1.3337 -0.00140026 -0.016102 126.173
51776 13 0.01 0.1 32.9 -0.0101624 0.197961 5.76334 -0.00469076 0.0332099 126.173
52011 13 0.01 0.1 32.9 -0.122004 0.0418087 7.93574 -0.029062 0.0118169 126.173
52133 13 0.01 0.1 32.9 0.278174 -0.303609 7.65759 0.0644737 -0.0701977 126.173
53697 13 0.01 0.1 32.9 0.155967 0.304371 1.26778 0.00702699 0.0113695 126.173
55500 13 0.01 0.1 32.9 0.438664 0.296498 4.1156 0.0556127 0.0363696 126.173
56651 13 0.01 0.1 32.9 0.322431 0.411 3.25657 0.0323606 0.0425564 126.173
56936 13 0.01 0.1 32.9 0.235409 0.080699 5.0118 0.0358801 0.0135958 126.173
62363 13 0.01 0.1 32.9 0.419817 -0.150209 7.95741 0.10081 -0.0370309 126.173
62512 13 0.01 0.1 32.9 0.0427525 -0.0449505 4.19996 0.00424953 -0.00417304 126.173
63755 13 0.01 0.1 32.9 -0.239563 0.144788 3.04808 -0.0224063 0.0136589 126.173
64536 13 0.01 0.1 32.9 0.335234 -0.218434 1.33677 0.0150026 -0.00799271 126.173
66571 13 0.01 0.1 32.9 0.380513 -0.279029 10.4413 0.118274 -0.0882804 126.173
70119 13 0.01 0.1 32.9 -0.206027 0.0809786 1.60239 -0.00834332 0.0019722 126.173
70816 13 0.01 0.1 32.9 0.278092 -0.156058 5.56509 0.0488069 -0.0252107 126.173
71942 13 0.01 0.1 32.9 0.494589 -0.015474 8.02813 0.120422 -0.00401629 126.173
72015 13 0.01 0.1 32.9 -0.171184 -0.042481 4.28957 -0.0213826 -0.00550628 126.173
75644 13 0.01 0.1 32.9 0.107703 -0.201709 5.72973 0.018729 -0.0356959 126.173
77685 13 0.01 0.1 32.9 -0.470927 -0.0817336 3.3839 -0.0482481 -0.00471881 126.173
80008 13 0.01 0.1 32.9 0.114699 0.485279 11.5479 0.0394637 0.169847 126.173
81153 13 0.01 0.1 32.9 -0.287565 0.408123 3.90276 -0.0335991 0.0485922 126.173
81889 13 0.01 0.1 32.9 0.195378 -0.442444 3.66207 0.0211734 -0.0491513 126.173
83506 13 0.01 0.1 32.9 -0.141364 -0.232909 5.78674 -0.0272662 -0.0397388 126.173
84684 13 0.01 0.1 32.9 -0.18477 0.433959 3.16513 -0.0184841 0.0436267 126.173
86368 13 0.01 0.1 32.9 0.426808 0.113577 14.7279 0.190153 0.0530598 126.173
88032 13 0.01 0.1 32.9 0.410719 0.00880859 6.19107 0.0782111 0.00289436 126.173
90268 13 0.01 0.1 32.9 0.113516 -0.174793 8.62203 0.0297198 -0.0442551 126.173
92874 13 0.01 0.1 32.9 0.363341 -0.226179 3.18396 0.0357425 -0.0202155 126.173
102722 13 0.01 0.1 32.9 -0.242161 -0.147375 4.81297 -0.0351165 -0.0188531 126.173
102773 13 0.01 0.1 32.9 -0.174274 -0.277616 8.72104 -0.047881 -0.0721669 126.173
104828 13 0.01 0.1 32.9 -0.469681 -0.376513 7.62309 -0.107118 -0.0894848 126.173
108095 13 0.01 0.1 32.9 0.43863 0.294266 7.27185 0.0986016 0.0635262 126.173
108395 13 0.01 0.1 32.9 -0.189135 0.314917 7.11941 -0.0415012 0.0677576 126.173
108901 13 0.01 0.1 32.9 0.236632 -0.0275458 3.9973 0.0276449 -0.00538714 126.173
110875 13 0.01 0.1 32.9 0.209549 0.294977 9.32769 0.0599685 0.0852628 126.173
111157 13 0.01 0.1 32.9 0.488167 -0.242069 8.99696 0.133931 -0.0653429 126.173
113763 13 0.01 0.1 32.9 -0.324415 -0.327547 7.99088 -0.0783854 -0.0757504 126.173
114217 13 0.01 0.1 32.9 -0.115852 -0.198549 3.78735 -0.0123906 -0.0221321 126.173
114782 13 0.01 0.1 32.9 0.132074 -0.11761 1.50454 0.00639528 -0.0048361 126.173
115930 13 0.01 0.1 32.9 0.25288 -0.495522 6.95597 0.0511088 -0.102311 126.173
116963 13 0.01 0.1 32.9 0.157014 0.00924706 4.82282 0.0229884 0.00303706 126.173
117262 13 0.01 0.1 32.9 -0.157094 0.273473 11.0332 -0.0512957 0.093904 126.173
120811 13 0.01 0.1 32.9 0.45699 -0.189404 10.962 0.151882 -0.0625838 126.173
121027 13 0.01 0.1 32.9 0.0776707 0.474578 0.679171 0.000706315 0.00940169 126.173
122088 13 0.01 0.1 32.9 0.470245 -0.239212 5.49771 0.0756331 -0.0397231 126.173
122400 13 0.01 0.1 32.9 -0.33804 0.404205 3.27566 -0.0342784 0.0406805 126.173
124195 13 0.01 0.1 32.9 -0.377365 -0.178737 4.26632 -0.048557 -0.0218881 126.173
124573 13 0.01 0.1 32.9 -0.350495 -0.496114 5.27822 -0.0568339 -0.0778734 126.173
124847 13 0.01 0.1 32.9 0.494172 -0.0707489 4.7539 0.0716584 -0.0118182 126.173
125451 13 0.01 0.1 32.9 -0.420059 0.400521 2.8099 -0.0380759 0.033682 126.173
128091 13 0.01 0.1 32.9 -0.379511 0.0133948 8.61407 -0.0992225 0.00495831 126.173
128232 13 0.01 0.1 32.9 -0.103007 0.243474 3.34092 -0.0115485 0.023867 126.173
128925 13 0.01 0.1 32.9 -0.313392 -0.189554 4.18257 -0.039154 -0.0242619 126.173
129914 13 0.01 0.1 32.9 -0.462868 -0.32472 3.47808 -0.0487136 -0.0326445 126.173
130746 13 0.01 0.1 32.9 0.0929879 0.433009 3.82574 0.00692109 0.0504191 126.173
131966 13 0.01 0.1 32.9 -0.268034 0.309788 7.82382 -0.0656844 0.0749307 126.173
132816 13 0.01 0.1 32.9 0.350913 -0.361738 7.8127 0.0840978 -0.0851853 126.173
133117 13 0.01 0.1 32.9 -0.426328 0.159702 7.94841 -0.103011 0.0390427 126.173
133386 13 0.01 0.1 32.9 -0.444813 0.270518 3.93275 -0.0544122 0.0336098 126.173
134672 13 0.01 0.1 32.9 0.423052 -0.262445 15.0013 0.192729 -0.11891 126.173
135292 13 0.01 0.1 32.9 -0.374507 0.0368036 5.11749 -0.0591993 0.00605661 126.173
137999 13 0.01 0.1 32.9 0.0395237 0.0367959 7.83143 0.0111236 0.00837728 126.173
138248 13 0.01 0.1 32.9 -0.184613 -0.385245 5.65459 -0.0340574 -0.0652949 126.173
138798 13 0.01 0.1 32.9 -0.376104 0.226192 4.76174 -0.0522824 0.0319524 126.173
140765 13 0.01 0.1 32.9 0.16623 0.157997 2.34605 0.0116544 0.0109828 126.173
143277 13 0.01 0.1 32.9 0.106585 -0.15197 10.0272 0.0308798 -0.0476611 126.173
144076 13 0.01 0.1 32.9 0.218977 0.267084 7.16297 0.051329 0.0589186 126.173
144127 13 0.01 0.1 32.9 0.436874 0.0616082 1.40311 0.0187501 0.00140667 126.173
145142 13 0.01 0.1 32.9 0.369014 0.18137 2.90248 0.0297567 0.015756 126.173
146276 13 0.01 0.1 32.9 0.026738 -0.359795 2.30207 0.00261552 -0.025497 126.173
146738 13 0.01 0.1 32.9 -0.19198 0.323745 3.52338 -0.0202194 0.0340575 126.173
148016 13 0.01 0.1 32.9 -0.442834 0.454211 40.1466 -0.540147 0.553738 126.173
148239 13 0.01 0.1 32.9 0.23696 0.070825 3.91085 0.0264309 0.00979245 126.173
149340 13 0.01 0.1 32.9 0.362034 -0.495712 4.24886 0.0447585 -0.0637526 126.173
151617 13 0.01 0.1 32.9 0.447084 0.452049 3.81539 0.0527414 0.051473 126.173
152116 13 0.01 0.1 32.9 -0.457894 -0.282635 3.54379 -0.0491749 -0.02917 126.173
152508 13 0.01 0.1 32.9 -0.155565 0.35978 1.72069 -0.0081542 0.0201921 126.173
152616 13 0.01 0.1 32.9 0.36968 -0.49768 2.02111 0.0262643 -0.0302336 126.173
153334 13 0.01 0.1 32.9 0.223487 -0.269289 6.11689 0.0410575 -0.0473007 126.173
156374 13 0.01 0.1 32.9 -0.112131 -0.0250239 4.83528 -0.0166284 -0.00304022 126.173
158045 13 0.01 0.1 32.9 0.207247 0.403038 9.76904 0.0599553 0.121104 126.173
159968 13 0.01 0.1 32.9 0.199878 0.185803 6.31304 0.0389435 0.037205 126.173
160084 13 0.01 0.1 32.9 -0.0619395 -0.312523 2.55314 -0.00364095 -0.0221076 126.173
162980 13 0.01 0.1 32.9 -0.166995 0.290423 2.65446 -0.0133465 0.0238034 126.173
164280 13 0.01 0.1 32.9 -0.314135 -0.194046 15.4508 -0.148415 -0.0913615 126.173
165435 13 0.01 0.1 32.9 -0.485636 0.189955 7.42274 -0.108345 0.0442306 126.173
167019 13 0.01 0.1 32.9 -0.35809 -0.260524 5.8512 -0.0627949 -0.0448088 126.173
167923 13 0.01 0.1 32.9 0.465698 -0.0362575 6.70616 0.0953863 -0.00737058 126.173
171991 13 0.01 0.1 32.9 0.0766524 -0.393869 6.35718 0.0156177 -0.0749942 126.173
173995 13 0.01 0.1 32.9 -0.402863 -0.340709 9.579 -0.117769 -0.0978766 126.173
175969 13 0.01 0.1 32.9 -0.470827 -0.138328 4.89108 -0.070074 -0.0199352 126.173
176059 13 0.01 0.1 32.9 0.346969 0.274556 4.94403 0.051881 0.0438833 126.173
177324 13 0.01 0.1 32.9 0.378433 -0.139407 5.40526 0.0630284 -0.022263 126.173
179453 13 0.01 0.1 32.9 0.219381 -0.433336 2.83208 0.0200194 -0.0385574 126.173
180668 13 0.01 0.1 32.9 0.117545 -0.211643 5.55385 0.0197686 -0.0340394 126.173
181622 13 0.01 0.1 32.9 -0.201881 0.488586 2.91878 -0.0174973 0.0443156 126.173
182886 13 0.01 0.1 32.9 -0.356443 -0.203694 4.38567 -0.0463271 -0.0258866 126.173
184389 13 0.01 0.1 32.9 -0.184331 -0.245079 23.1141 -0.128481 -0.169478 126.173
184561 13 0.01 0.1 32.9 -0.344688 0.448589 4.09923 -0.0429034 0.0561906 126.173
187396 13 0.01 0.1 32.9 0.0338378 0.0336768 6.24811 0.00555122 0.00682167 126.173
188894 13 0.01 0.1 32.9 0.46376 -0.0168501 3.97925 0.0595217 -0.00148559 126.173
189523 13 0.01 0.1 32.9 0.415969 0.233117 11.2869 0.140989 0.0799505 126.173
191581 13 0.01 0.1 32.9 0.429184 -0.309785 2.89618 0.0380581 -0.0275716 126.173
195752 13 0.01 0.1 32.9 -0.259497 -0.135087 5.21386 -0.0422562 -0.024273 126.173
195917 13 0.01 0.1 32.9 -0.156631 -0.37075 12.8155 -0.0588849 -0.142281 126.173
197759 13 0.01 0.1 32.9 -0.25868 0.119224 3.48473 -0.0268287 0.0135082 126.173
200389 13 0.01 0.1 32.9 0.0646443 -0.373462 7.08368 0.0131434 -0.0804105 126.173
203525 13 0.01 0.1 32.9 0.0153713 -0.43889 10.949 0.00279387 -0.143925 126.173
205734 13 0.01 0.1 32.9 0.279786 0.0512666 4.66445 0.0398504 0.00980898 126.173
207101 13 0.01 0.1 32.9 0.263467 -0.0678683 8.80888 0.070789 -0.01898 126.173
208683 13 0.01 0.1 32.9 0.376477 -0.0988835 1.62643 0.0195267 -0.00490614 126.173
213142 13 0.01 0.1 32.9 -0.175584 0.365303 4.90915 -0.0257735 0.0553266 126.173
213342 13 0.01 0.1 32.9 -0.111102 0.296183 5.06459 -0.0143519 0.0465084 126.173
219147 13 0.01 0.1 32.9 -0.415506 -0.454724 6.08499 -0.0765835 -0.0855252 126.173
221589 13 0.01 0.1 32.9 0.220035 0.0698692 4.74496 0.0308972 0.0109026 126.173
223190 13 0.01 0.1 32.9 0.106292 -0.0725705 4.02693 0.01134 -0.00811646 126.173
223674 13 0.01 0.1 32.9 0.428418 -0.0220516 4.40637 0.0581943 -0.00367096 126.173
226806 13 0.01 0.1 32.9 -0.0329755 0.12764 8.06823 -0.00742639 0.0330391 126.173
228738 13 0.01 0.1 32.9 0.0895428 -0.142804 13.5654 0.0342049 -0.0548887 126.173
229231 13 0.01 0.1 32.9 -0.2983 0.0447322 5.03189 -0.0454408 0.00803729 126.173
231601 13 0.01 0.1 32.9 -0.0974164 0.0869033 5.75269 -0.0184715 0.016313 126.173
231786 13 0.01 0.1 32.9 0.215335 -0.0933842 10.5448 0.0687146 -0.0274399 126.173
237696 13 0.01 0.1 32.9 -0.186718 0.439342 9.14801 -0.0512242 0.121506 126.173
237706 13 0.01 0.1 32.9 0.307255 -0.320898 4.30289 0.0387044 -0.0424231 126.173
238118 13 0.01 0.1 32.9 -0.00439426 0.109708 3.25477 0.000553595 0.0123315 126.173
240043 13 0.01 0.1 32.9 -0.0264645 0.242744 2.60476 -0.000844695 0.0176417 126.173
240668 13 0.01 0.1 32.9 -0.332348 0.293514 10.404 -0.10742 0.0937226 126.173
243037 13 0.01 0.1 32.9 0.365066 -0.439779 6.85665 0.0746686 -0.0878159 126.173
243988 13 0.01 0.1 32.9 0.360504 0.315121 5.6489 0.061257 0.0550965 126.173
245162 13 0.01 0.1 32.9 -0.478578 0.475508 10.9954 -0.160665 0.158079 126.173
248542 13 0.01 0.1 32.9 0.191239 -0.0795353 2.96643 0.0171293 -0.00601718 126.173
248941 13 0.01 0.1 32.9 -0.146646 -0.453305 3.47915 -0.0152062 -0.0483257 126.173
252272 13 0.01 0.1 32.9 0.467441 0.204055 11.2703 0.158337 0.0677555 126.173
254418 13 0.01 0.1 32.9 0.332782 -0.143458 1.82663 0.0175821 -0.00669065 126.173
255479 13 0.01 0.1 32.9 0.0185224 0.0297039 3.54503 0.00127928 0.00634142 126.173
258166 13 0.01 0.1 32.9 0.280539 -0.330613 1.18491 0.0105314 -0.0119164 126.173
258823 13 0.01 0.1 32.9 -0.101714 -0.0828339 3.39276 -0.00923982 -0.00522815 126.173
260243 13 0.01 0.1 32.9 0.168362 0.14806 6.74916 0.0340277 0.0301256 126.173
260318 13 0.01 0.1 32.9 -0.109214 0.474172 1.65088 -0.00492785 0.0256185 126.173
262899 13 0.01 0.1 32.9 -0.0627455 -0.0961623 5.35043 -0.0100763 -0.0151817 126.173
264683 13 0.01 0.1 32.9 -0.139224 0.294243 3.83174 -0.017043 0.0355859 126.173
265914 13 0.01 0.1 32.9 -0.449694 -0.261556 0.811111 -0.00923169 -0.00491171 126.173
268958 13 0.01 0.1 32.9 -0.0150025 -0.134334 5.23903 -0.000208672 -0.0194318 126.173
271755 13 0.01 0.1 32.9 0.30727 0.402917 6.52175 0.0622367 0.0806939 126.173
271807 13 0.01 0.1 32.9 -0.106174 -0.236933 8.87525 -0.0279252 -0.063209 126.173
274126 13 0.01 0.1 32.9 -0.483773 0.313483 5.91059 -0.0853054 0.056399 126.173
275453 13 0.01 0.1 32.9 -0.438544 -0.0838959 4.24481 -0.058462 -0.00949497 126.173
277804 13 0.01 0.1 32.9 0.27231 -0.488084 4.3821 0.0357504 -0.0645909 126.173
279301 13 0.01 0.1 32.9 -0.128095 0.0256504 2.04626 -0.00771648 0.00246045 126.173
281599 13 0.01 0.1 32.9 0.219083 -0.435887 7.02977 0.0459489 -0.0918997 126.173
283795 13 0.01 0.1 32.9 0.424248 -0.273633 1.80203 0.0233771 -0.0117235 126.173
286248 13 0.01 0.1 32.9 0.475236 0.293831 5.02165 0.0722776 0.0456895 126.173
287875 13 0.01 0.1 32.9 0.0269952 -0.265924 5.81453 0.00663853 -0.0448358 126.173
290943 13 0.01 0.1 32.9 -0.277713 -0.479353 2.2276 -0.0199502 -0.0315135 126.173
291227 13 0.01 0.1 32.9 0.417588 -0.0147153 0.97175 0.0125811 0.000543209 126.173
293068 13 0.01 0.1 32.9 -0.424323 0.0495959 6.94355 -0.0893783 0.0102628 126.173
295993 13 0.01 0.1 32.9 -0.10357 -0.34275 8.97984 -0.0272217 -0.0931649 126.173
299325 13 0.01 0.1 32.9 0.217687 0.180971 14.1417 0.094209 0.0780828 126.173
300901 13 0.01 0.1 32.9 -0.232736 0.255971 6.76473 -0.0486067 0.0547112 126.173
302900 13 0.01 0.1 32.9 0.0771363 0.232502 3.47289 0.00914676 0.0239281 126.173
303300 13 0.01 0.1 32.9 -0.379555 0.100144 2.97986 -0.0346729 0.0116896 126.173
303909 13 0.01 0.1 32.9 -0.200573 -0.302798 1.94227 -0.0100284 -0.0174179 126.173
308317 13 0.01 0.1 32.9 -0.398188 -0.4879 3.27967 -0.0396902 -0.0490523 126.173
308354 13 0.01 0.1 32.9 0.381216 0.168278 3.1233 0.0329518 0.016321 126.173
314513 13 0.01 0.1 32.9 0.264548 0.131548 4.42836 0.0370292 0.0189137 126.173
314569 13 0.01 0.1 32.9 -0.153565 -0.00377751 4.29731 -0.0194563 0.00111693 126.173
315439 13 0.01 0.1 32.9 0.251561 0.213124 6.47752 0.0485968 0.0410093 126.173
317923 13 0.01 0.1 32.9 -0.353821 0.339031 4.17774 -0.0470464 0.0415236 126.173
317999 13 0.01 0.1 32.9 -0.146023 0.262672 10.626 -0.047842 0.085396 126.173
318792 13 0.01 0.1 32.9 0.0920726 -0.192193 6.98255 0.0180647 -0.0416157 126.173
318977 13 0.01 0.1 32.9 0.236879 0.499977 2.73943 0.0203142 0.0419221 126.173
319612 13 0.01 0.1 32.9 0.00397374 0.441544 1.57206 -0.00139998 0.0219445 126.173
321055 13 0.01 0.1 32.9 -0.463824 0.458918 6.70007 -0.0932068 0.0932065 126.173
325799 13 0.01 0.1 32.9 -0.287043 -0.292249 1.08377 -0.00840464 -0.00876607 126.173
327717 13 0.01 0.1 32.9 0.0860152 0.0918257 8.35549 0.0213716 0.0246209 126.173
329501 13 0.01 0.1 32.9 -0.0424818 -0.312675 8.67925 -0.0103584 -0.0818391 126.173
329732 13 0.01 0.1 32.9 -0.0778778 -0.462445 4.2259 -0.011397 -0.0579883 126.173
330176 13 0.01 0.1 32.9 -0.321911 0.391735 3.89053 -0.0380107 0.045856 126.173
330290 13 0.01 0.1 32.9 -0.0577248 -0.020455 2.79094 -0.00414704 -0.00269223 126.173
330867 13 0.01 0.1 32.9 0.431096 -0.448403 4.01892 0.0520214 -0.0544499 126.173
333232 13 0.01 0.1 32.9 0.258211 -0.22232 5.1955 0.0394231 -0.0331209 126.173
334486 13 0.01 0.1 32.9 0.114268 0.008997 4.98253 0.016734 0.00135128 126.173
335326 13 0.01 0.1 32.9 -0.339756 0.48842 3.18478 -0.0328342 0.0482342 126.173
336605 13 0.01 0.1 32.9 0.152413 -0.136261 8.04674 0.0381765 -0.0325503 126.173
341113 13 0.01 0.1 32.9 0.236374 0.150904 4.74408 0.0338415 0.0188428 126.173
344589 13 0.01 0.1 32.9 0.384305 0.324282 12.0874 0.139837 0.121146 126.173
346058 13 0.01 0.1 32.9 0.328889 0.0232287 12.3668 0.12245 0.00660657 126.173
346204 13 0.01 0.1 32.9 -0.185745 -0.260765 6.15037 -0.0354687 -0.0497453 126.173
347564 13 0.01 0.1 32.9 0.251093 0.378443 3.46075 0.0274672 0.0412102 126.173
348763 13 0.01 0.1 32.9 -0.395118 -0.0695382 7.0666 -0.0841649 -0.0136008 126.173
348786 13 0.01 0.1 32.9 -0.00674425 -0.403548 3.57001 -0.00113166 -0.0428688 126.173
349833 13 0.01 0.1 32.9 -0.416119 -0.416897 1.85721 -0.0254381 -0.0223772 126.173
353633 13 0.01 0.1 32.9 0.202977 0.24097 6.09629 0.037927 0.0428765 126.173
356270 13 0.01 0.1 32.9 -0.0544471 -0.331786 5.95448 -0.0108999 -0.0594768 126.173
359870 13 0.01 0.1 32.9 0.0235398 -0.404886 3.26363 -7.19489e-05 -0.0387034 126.173
362418 13 0.01 0.1 32.9 -0.337564 0.114917 1.57519 -0.0158683 0.00607727 126.173
363197 13 0.01 0.1 32.9 0.326765 0.373893 2.63534 0.0259212 0.0308314 126.173
364108 13 0.01 0.1 32.9 -0.392843 0.375574 2.56099 -0.0303462 0.0309853 126.173
365997 13 0.01 0.1 32.9 0.101198 0.32365 3.64643 0.0131771 0.033701 126.173
369426 13 0.01 0.1 32.9 -0.439212 0.33362 3.68034 -0.0503075 0.0373711 126.173
371602 13 0.01 0.1 32.9 -0.0343853 -0.234799 21.5316 -0.0233554 -0.152634 126.173
371947 13 0.01 0.1 32.9 0.478222 -0.205892 8.21123 0.120035 -0.0504004 126.173
373612 13 0.01 0.1 32.9 0.303824 0.0605624 7.7973 0.071164 0.0154212 126.173
374153 13 0.01 0.1 32.9 -0.323793 -0.240189 7.77277 -0.0748365 -0.0576964 126.173
374608 13 0.01 0.1 32.9 0.138514 -0.407853 4.34903 0.0192106 -0.0525106 126.173
375712 13 0.01 0.1 32.9 -0.208357 -0.41568 5.32624 -0.0347809 -0.0662682 126.173
375713 13 0.01 0.1 32.9 -0.0127708 -0.23769 3.76846 -0.00254155 -0.027681 126.173
378370 13 0.01 0.1 32.9 -0.122825 0.160277 8.75975 -0.0319929 0.0438391 126.173
379305 13 0.01 0.1 32.9 0.232146 0.080863 4.23228 0.0311933 0.012507 126.173
381630 13 0.01 0.1 32.9 0.468526 0.0173382 5.00744 0.0716402 0.00198697 126.173
382464 13 0.01 0.1 32.9 0.105575 0.408906 6.52011 0.0222336 0.0824627 126.173
385075 13 0.01 0.1 32.9 -0.235829 -0.0225358 2.81492 -0.0215274 0.000368851 126.173
388996 13 0.01 0.1 32.9 0.498548 -0.215652 1.9962 0.0315323 -0.0132127 126.173
391351 13 0.01 0.1 32.9 0.102916 -0.0662566 4.38066 0.0125969 -0.00605593 126.173
392712 13 0.01 0.1 32.9 -0.323206 -0.203035 2.05779 -0.0213373 -0.00986394 126.173
394886 13 0.01 0.1 32.9 0.452144 -0.21261 10.846 0.149436 -0.06809 126.173
395722 13 0.01 0.1 32.9 -0.0815547 -0.393012 4.53772 -0.0097663 -0.0522501 126.173
396145 13 0.01 0.1 32.9 -0.46109 -0.449118 7.42359 -0.10366 -0.0998793 126.173
397781 13 0.01 0.1 32.9 0.406555 -0.133094 2.99917 0.0398154 -0.0118156 126.173
399269 13 0.01 0.1 32.9 -0.384979 0.422281 10.0401 -0.116316 0.126805 126.173
402580 13 0.01 0.1 32.9 -0.28366 -0.26583 8.62022 -0.0732398 -0.0681536 126.173
404808 13 0.01 0.1 32.9 -0.00216087 0.397598 6.45892 -0.00262276 0.0792557 126.173
405702 13 0.01 0.1 32.9 -0.00728899 0.33879 10.5866 -0.00191864 0.10942 126.173
406742 13 0.01 0.1 32.9 -0.195503 0.0644821 6.04546 -0.0377515 0.0140976 126.173
408279 13 0.01 0.1 32.9 0.21868 -0.0598086 3.36444 0.0245443 -0.00532299 126.173
411466 13 0.01 0.1 32.9 -0.0125254 -0.148266 4.68338 -0.00184331 -0.0189177 126.173
413717 13 0.01 0.1 32.9 -0.124734 -0.350124 7.78114 -0.0287238 -0.0821805 126.173
415229 13 0.01 0.1 32.9 0.0975539 -0.267489 4.98543 0.0136281 -0.0411656 126.173
415604 13 0.01 0.1 32.9 -0.0148935 0.217252 5.63953 -0.00438471 0.0404877 126.173
416978 13 0.01 0.1 32.9 0.18684 0.251163 5.37247 0.0302194 0.0433752 126.173
417369 13 0.01 0.1 32.9 0.253507 -0.141481 4.49557 0.0316762 -0.0171275 126.173
417800 13 0.01 0.1 32.9 -0.0871135 -0.117664 5.36346 -0.0159451 -0.0171129 126.173
419818 13 0.01 0.1 32.9 0.496924 -0.120308 9.77001 0.147689 -0.0352329 126.173
424258 13 0.01 0.1 32.9 -0.305127 0.445759 9.35211 -0.0889029 0.126695 126.173
424730 13 0.01 0.1 32.9 -0.198776 0.234267 3.22336 -0.0202406 0.02323 126.173
424842 13 0.01 0.1 32.9 0.431312 0.458752 13.9629 0.184013 0.195007 126.173
424919 13 0.01 0.1 32.9 -0.496033 -0.0991898 4.28253 -0.0631741 -0.0126275 126.173
425995 13 0.01 0.1 32.9 0.298842 0.388691 5.2481 0.0467936 0.060864 126.173
432948 13 0.01 0.1 32.9 -0.496745 -0.0296476 9.37002 -0.140077 -0.00855677 126.173
436739 13 0.01 0.1 32.9 -0.133862 0.0609312 3.35256 -0.0109717 0.00837699 126.173
436975 13 0.01 0.1 32.9 -0.0741829 -0.0695992 6.87555 -0.0155801 -0.0149709 126.173
437162 13 0.01 0.1 32.9 0.103156 -0.279942 6.85375 0.0220664 -0.0586311 126.173
438127 13 0.01 0.1 32.9 0.263653 -0.0419266 5.53095 0.0453579 -0.00569523 126.173
438169 13 0.01 0.1 32.9 0.231655 -0.101309 10.8186 0.0759106 -0.0337168 126.173
438443 13 0.01 0.1 32.9 -0.355015 0.0786575 3.18556 -0.0324836 0.00413871 126.173
439742 13 0.01 0.1 32.9 -0.440246 -0.197792 5.88612 -0.0796498 -0.0354939 126.173
440139 13 0.01 0.1 32.9 0.0181319 -0.215929 2.15785 0.000655036 -0.0167446 126.173
443462 13 0.01 0.1 32.9 0.25617 -0.255138 8.84459 0.0672931 -0.069785 126.173
445577 13 0.01 0.1 32.9 -0.109239 0.479501 4.59009 -0.0162422 0.0679209 126.173
446108 13 0.01 0.1 32.9 0.0865661 -0.0338104 8.1506 0.0242386 -0.00921311 126.173
447206 13 0.01 0.1 32.9 -0.459596 -0.101446 4.54633 -0.0647883 -0.0122604 126.173
448691 13 0.01 0.1 32.9 0.32827 0.158474 4.33593 0.0455193 0.0220042 126.173
448735 13 0.01 0.1 32.9 0.138329 0.0408935 5.69601 0.0231353 0.00835945 126.173
452300 13 0.01 0.1 32.9 0.162417 -0.0117892 7.34392 0.0376126 -0.000894149 126.173
454967 13 0.01 0.1 32.9 0.491879 0.0122218 3.4211 0.0512848 0.00101011 126.173
456507 13 0.01 0.1 32.9 0.397716 -0.158594 5.65315 0.0669757 -0.0275555 126.173
461633 13 0.01 0.1 32.9 0.156147 -0.0117177 2.96487 0.0136327 0.000564681 126.173
462493 13 0.01 0.1 32.9 -0.499907 0.464847 7.94661 -0.12123 0.112574 126.173
467957 13 0.01 0.1 32.9 -0.455831 0.339436 2.79944 -0.0384389 0.0270899 126.173
470080 13 0.01 0.1 32.9 0.46723 -0.0522687 7.43452 0.105652 -0.0113983 126.173
470953 13 0.01 0.1 32.9 0.106531 -0.123352 4.18183 0.0129547 -0.0157082 126.173
471909 13 0.01 0.1 32.9 0.338298 0.300837 11.6612 0.121219 0.10612 126.173
475800 13 0.01 0.1 32.9 -0.110588 -0.0124446 5.73782 -0.0213904 -0.0023505 126.173
478011 13 0.01 0.1 32.9 -0.28197 0.48689 4.85838 -0.0417599 0.0742056 126.173
478628 13 0.01 0.1 32.9 0.138978 0.220542 2.75889 0.0110055 0.0190276 126.173
479556 13 0.01 0.1 32.9 -0.0457541 0.19455 5.04296 -0.00775289 0.0325358 126.173
480428 13 0.01 0.1 32.9 -0.185523 -0.205101 4.54228 -0.0250623 -0.0292472 126.173
482735 13 0.01 0.1 32.9 0.366796 0.304752 4.79466 0.0508749 0.043673 126.173
484100 13 0.01 0.1 32.9 0.194291 0.144984 2.6824 0.0169962 0.0097745 126.173
485428 13 0.01 0.1 32.9 -0.46064 -0.461212 6.73348 -0.094255 -0.0934032 126.173
485982 13 0.01 0.1 32.9 0.054703 0.130773 4.07181 0.0089767 0.0154644 126.173
487348 13 0.01 0.1 32.9 -0.129874 0.278244 3.59986 -0.0162197 0.0298003 126.173
488702 13 0.01 0.1 32.9 -0.0595384 0.336753 4.23322 -0.00802875 0.0428068 126.173
489113 13 0.01 0.1 32.9 -0.340611 0.228699 3.68292 -0.0397949 0.0247182 126.173
489778 13 0.01 0.1 32.9 0.0609602 -0.189308 10.2577 0.0226706 -0.0612469 126.173
490305 13 0.01 0.1 32.9 -0.106834 -0.340155 1.5774 -0.00321993 -0.0159628 126.173
492608 13 0.01 0.1 32.9 -0.12475 -0.0120833 5.59299 -0.0209667 -0.0010334 126.173
493997 13 0.01 0.1 32.9 -0.0903432 0.2806 8.4171 -0.0237629 0.072192 126.173
494571 13 0.01 0.1 32.9 -0.37923 -0.127216 6.1214 -0.0710798 -0.020801 126.173
496356 13 0.01 0.1 32.9 0.324708 0.471889 15.5111 0.152646 0.221101 126.173
496535 13 0.01 0.1 32.9 0.129902 -0.436025 6.53887 0.024713 -0.0867434 126.173
496710 13 0.01 0.1 32.9 -0.457221 -0.397481 2.66066 -0.0360122 -0.0307549 126.173
