46 13 0.01 0.1 32.9 0.172175 0.420699 4.67366 0.0223474 0.0572558 151.068
725 13 0.01 0.1 32.9 0.0562317 0.0575506 1.47407 0.00334834 0.00246253 135.821
1334 13 0.01 0.1 32.9 0.341229 -0.161151 1.37924 0.0131097 -0.00867316 131.604
1796 13 0.01 0.1 32.9 -0.304204 -0.186202 6.49635 -0.0607806 -0.037314 144.474
2428 13 0.01 0.1 32.9 -0.483805 -0.271941 4.59598 -0.0687846 -0.0400608 153.234
3928 13 0.01 0.1 32.9 -0.217244 0.210523 3.64452 -0.0252617 0.0232845 146.619
4429 13 0.01 0.1 32.9 0.314224 -0.198057 3.48501 0.0342253 -0.0217259 143.879
4864 13 0.01 0.1 32.9 0.456247 -0.201737 2.42691 0.033328 -0.0160263 148.266
5384 13 0.01 0.1 32.9 -0.47812 -0.420316 8.98077 -0.12592 -0.115517 143.318
7576 13 0.01 0.1 32.9 -0.407961 0.380547 5.25865 -0.0656991 0.0607177 149.743
8219 13 0.01 0.1 32.9 -0.32025 0.18625 9.56863 -0.0943237 0.0570596 138.667
8834 13 0.01 0.1 32.9 0.0540904 -0.110309 3.68955 0.00693679 -0.0145227 156.305
9145 13 0.01 0.1 32.9 -0.346572 -0.258934 4.09294 -0.0451511 -0.0343077 137.782
9597 13 0.01 0.1 32.9 -0.118707 0.022067 8.36818 -0.0306037 0.00678169 141.373
9649 13 0.01 0.1 32.9 0.419721 -0.326742 6.69696 0.0847676 -0.0673921 150.539
10607 13 0.01 0.1 32.9 -0.411203 -0.243585 2.22821 -0.0281855 -0.0185828 139.13
12009 13 0.01 0.1 32.9 0.373522 0.196501 6.12099 0.0719019 0.0383601 147.607
12760 13 0.01 0.1 32.9 -0.344952 0.24403 3.51026 -0.0357711 0.0251896 145.675
13523 13 0.01 0.1 32.9 -0.27448 -0.139539 3.86053 -0.0323005 -0.0199109 151.221
13817 13 0.01 0.1 32.9 0.334212 -0.169023 2.34889 0.0238486 -0.0106836 148.675
14666 13 0.01 0.1 32.9 -0.0949562 0.268694 4.53595 -0.0133128 0.0374549 152.971
14950 13 0.01 0.1 32.9 -0.211539 -0.434828 3.45334 -0.0226196 -0.0456483 152.594
16398 13 0.01 0.1 32.9 0.126792 0.351589 2.93795 0.0109957 0.0305916 146.119
16822 13 0.01 0.1 32.9 0.482407 -0.475715 2.9046 0.0417863 -0.0396358 155.09
19088 13 0.01 0.1 32.9 0.323883 0.149854 4.9996 0.0489067 0.0227026 151.147
19887 13 0.01 0.1 32.9 0.347969 0.0434196 2.1403 0.0240805 0.00369989 138.904
19994 13 0.01 0.1 32.9 -0.0621863 0.438915 3.31856 -0.007174 0.0448416 153.651
21283 13 0.01 0.1 32.9 0.420748 0.202567 4.52544 0.0586425 0.0288382 146.746
21932 13 0.01 0.1 32.9 0.340462 -0.247324 2.13078 0.0224043 -0.0171357 149.47
22612 13 0.01 0.1 32.9 0.0299312 0.0974791 4.39789 0.00265271 0.0127911 153.827
22696 13 0.01 0.1 32.9 -0.350519 -0.45106 6.1016 -0.0665254 -0.0837978 140.308
25356 13 0.01 0.1 32.9 0.235936 0.386681 10.0415 0.0721734 0.115729 135.148
25850 13 0.01 0.1 32.9 -0.149048 -0.0924064 14.7721 -0.0655965 -0.0400648 132.484
26255 13 0.01 0.1 32.9 -0.427894 -0.0154977 4.7761 -0.0614591 -0.00263727 155.816
26945 13 0.01 0.1 32.9 0.121709 -0.195664 4.93254 0.0187729 -0.0272262 152.922
29969 13 0.01 0.1 32.9 0.388451 0.404799 3.32974 0.038705 0.0392477 140.266
30615 13 0.01 0.1 32.9 -0.413562 0.0618911 2.07908 -0.0265358 0.00390922 138.055
30781 13 0.01 0.1 32.9 -0.328361 0.221514 4.15237 -0.0415219 0.028174 144.408
31797 13 0.01 0.1 32.9 0.212407 -0.438715 4.01151 0.0247215 -0.0523715 140.85
32927 13 0.01 0.1 32.9 -0.3735 0.275303 4.14584 -0.0480265 0.0352838 153.928
33424 13 0.01 0.1 32.9 -0.417046 0.380134 7.6086 -0.0992847 0.0882071 148.186
34786 13 0.01 0.1 32.9 0.114499 -0.19165 3.92355 0.0115004 -0.0245172 151.459
35495 13 0.01 0.1 32.9 -0.10958 -0.458105 10.9798 -0.0373285 -0.154114 135.42
36468 13 0.01 0.1 32.9 0.133078 -0.109163 2.73047 0.0112988 -0.00587753 139.277
40435 13 0.01 0.1 32.9 -0.131257 0.0170279 5.32253 -0.0203947 0.000738884 143.347
40564 13 0.01 0.1 32.9 0.00357636 0.175315 6.86344 0.000802999 0.035785 146.541
41050 13 0.01 0.1 32.9 0.256939 -0.229962 6.37776 0.0493809 -0.04568 143.853
41782 13 0.01 0.1 32.9 -0.319581 -0.102684 11.2327 -0.10963 -0.0364168 133.559
42030 13 0.01 0.1 32.9 0.0471756 -0.438853 6.09381 0.00831869 -0.0804087 135.801
42461 13 0.01 0.1 32.9 0.314597 0.336237 2.38634 0.0214736 0.0244701 147.011
45544 13 0.01 0.1 32.9 -0.120662 0.0923297 13.8374 -0.0505031 0.0392925 131.394
45846 13 0.01 0.1 32.9 0.373812 -0.350676 2.37135 0.0259693 -0.0254142 145.177
46360 13 0.01 0.1 32.9 -0.35739 0.20411 5.53551 -0.0595896 0.0346941 137.386
47764 13 0.01 0.1 32.9 -0.13924 0.0295688 21.1593 -0.0878623 0.017206 129.6
48253 13 0.01 0.1 32.9 0.376761 0.448796 5.39617 0.0621358 0.07575 151.086
48355 13 0.01 0.1 32.9 -0.0587445 0.197428 5.7431 -0.00933114 0.0321181 152.564
48786 13 0.01 0.1 32.9 -0.377779 0.422909 4.75451 -0.0550083 0.0634951 135.938
50922 13 0.01 0.1 32.9 -0.117704 -0.150795 32.501 -0.11661 -0.146937 127.442
51603 13 0.01 0.1 32.9 0.0313274 -0.429891 1.3337 -0.00140026 -0.016102 147.515
51776 13 0.01 0.1 32.9 -0.0101624 0.197961 5.76334 -0.00469076 0.0332099 135.864
52011 13 0.01 0.1 32.9 -0.122004 0.0418087 7.93574 -0.029062 0.0118169 144.993
52133 13 0.01 0.1 32.9 0.278174 -0.303609 7.65759 0.0644737 -0.0701977 143.591
53697 13 0.01 0.1 32.9 0.155967 0.304371 1.26778 0.00702699 0.0113695 135.137
55500 13 0.01 0.1 32.9 0.438664 0.296498 4.1156 0.0556127 0.0363696 147.41
56306 13 0.01 0.1 32.9 -0.249002 -0.0569835 1.84014 -0.0145024 -0.00145171 137.53
56651 13 0.01 0.1 32.9 0.322431 0.411 3.25657 0.0323606 0.0425564 150.505
56936 13 0.01 0.1 32.9 0.235409 0.080699 5.0118 0.0358801 0.0135958 152.118
57970 13 0.01 0.1 32.9 -0.113709 -0.295302 2.48963 -0.00741244 -0.0208534 134.568
61174 13 0.01 0.1 32.9 0.18387 -0.181754 6.40295 0.037594 -0.0338322 138.285
61287 13 0.01 0.1 32.9 0.495194 0.27432 4.07336 0.0616875 0.0343985 134.793
62138 13 0.01 0.1 32.9 0.270963 -0.112664 7.83318 0.0649246 -0.026969 144.746
62363 13 0.01 0.1 32.9 0.419817 -0.150209 7.95741 0.10081 -0.0370309 142.539
62371 13 0.01 0.1 32.9 0.343103 -0.0759974 5.36252 0.0538829 -0.0112362 152.456
62512 13 0.01 0.1 32.9 0.0427525 -0.0449505 4.19996 0.00424953 -0.00417304 148.04
62642 13 0.01 0.1 32.9 0.381818 -0.192596 4.82676 0.0554767 -0.0296941 145.901
62891 13 0.01 0.1 32.9 0.0209911 0.466821 4.55124 0.00240749 0.0615895 157.57
63755 13 0.01 0.1 32.9 -0.239563 0.144788 3.04808 -0.0224063 0.0136589 143.769
64536 13 0.01 0.1 32.9 0.335234 -0.218434 1.33677 0.0150026 -0.00799271 141.16
65039 13 0.01 0.1 32.9 -0.416471 0.0297414 3.13945 -0.0391012 0.00185063 142.708
66571 13 0.01 0.1 32.9 0.380513 -0.279029 10.4413 0.118274 -0.0882804 134.623
67820 13 0.01 0.1 32.9 0.0867718 -0.206291 1.74627 0.0033091 -0.0126655 144.086
69990 13 0.01 0.1 32.9 -0.0766116 0.478016 4.14384 -0.00831452 0.0568768 152.516
70119 13 0.01 0.1 32.9 -0.206027 0.0809786 1.60239 -0.00834332 0.0019722 136.082
70550 13 0.01 0.1 32.9 -0.0616378 0.196564 9.35643 -0.0183743 0.0565233 134.763
70816 13 0.01 0.1 32.9 0.278092 -0.156058 5.56509 0.0488069 -0.0252107 147.632
71149 13 0.01 0.1 32.9 0.171283 0.22427 2.19917 0.0102845 0.014256 137.147
71380 13 0.01 0.1 32.9 0.278719 0.468927 3.88806 0.0322185 0.054751 139.456
71942 13 0.01 0.1 32.9 0.494589 -0.015474 8.02813 0.120422 -0.00401629 141.078
72015 13 0.01 0.1 32.9 -0.171184 -0.042481 4.28957 -0.0213826 -0.00550628 154.049
72759 13 0.01 0.1 32.9 0.25849 -0.392716 19.5268 0.154495 -0.232964 128.949
73314 13 0.01 0.1 32.9 -0.0403969 0.131659 4.1413 -0.00640145 0.0156169 138.746
75556 13 0.01 0.1 32.9 -0.131266 0.0641751 6.70217 -0.0278468 0.0141593 137.556
75644 13 0.01 0.1 32.9 0.107703 -0.201709 5.72973 0.018729 -0.0356959 149.811
76287 13 0.01 0.1 32.9 -0.0549799 -0.101884 3.06061 -0.00535348 -0.00795618 139.575
77685 13 0.01 0.1 32.9 -0.470927 -0.0817336 3.3839 -0.0482481 -0.00471881 137.177
80008 13 0.01 0.1 32.9 0.114699 0.485279 11.5479 0.0394637 0.169847 134.613
80975 13 0.01 0.1 32.9 0.0464672 0.0278932 2.01859 0.00505211 0.000896983 133.52
81153 13 0.01 0.1 32.9 -0.287565 0.408123 3.90276 -0.0335991 0.0485922 150.078
81889 13 0.01 0.1 32.9 0.195378 -0.442444 3.66207 0.0211734 -0.0491513 153.881
82954 13 0.01 0.1 32.9 -0.416372 0.250472 4.71933 -0.0599199 0.0332609 147.399
83506 13 0.01 0.1 32.9 -0.141364 -0.232909 5.78674 -0.0272662 -0.0397388 155.375
84005 13 0.01 0.1 32.9 0.387373 0.0615337 3.71846 0.0452875 0.00492383 155.915
84684 13 0.01 0.1 32.9 -0.18477 0.433959 3.16513 -0.0184841 0.0436267 153.748
86368 13 0.01 0.1 32.9 0.426808 0.113577 14.7279 0.190153 0.0530598 130.081
86652 13 0.01 0.1 32.9 0.126975 0.17429 3.46273 0.0133572 0.0171513 149.632
87409 13 0.01 0.1 32.9 0.117817 -0.389903 2.42386 0.00972645 -0.0297017 149.538
88032 13 0.01 0.1 32.9 0.410719 0.00880859 6.19107 0.0782111 0.00289436 148.16
89154 13 0.01 0.1 32.9 0.407302 -0.339388 4.85092 0.0614085 -0.0512842 155.513
89705 13 0.01 0.1 32.9 -0.297462 -0.229407 9.12576 -0.0833519 -0.0640148 139.295
90268 13 0.01 0.1 32.9 0.113516 -0.174793 8.62203 0.0297198 -0.0442551 131.559
92874 13 0.01 0.1 32.9 0.363341 -0.226179 3.18396 0.0357425 -0.0202155 139.861
94108 13 0.01 0.1 32.9 -0.0443893 -0.16847 3.71627 -0.00558426 -0.0177259 136.952
94981 13 0.01 0.1 32.9 -0.0309754 -0.401716 7.73444 -0.0076841 -0.0939733 145.758
97242 13 0.01 0.1 32.9 0.499748 0.418882 7.64206 0.116835 0.095817 143.945
97339 13 0.01 0.1 32.9 -0.484341 -0.294069 6.89825 -0.101427 -0.0622633 136.13
97983 13 0.01 0.1 32.9 -0.109748 0.0610067 2.60864 -0.00517373 0.00372288 152.47
98054 13 0.01 0.1 32.9 -0.000376461 -0.351581 4.58865 -0.000506069 -0.0487725 145.482
98784 13 0.01 0.1 32.9 0.356761 -0.253684 6.98076 0.0757286 -0.0545674 143.113
101656 13 0.01 0.1 32.9 -0.131096 -0.305687 5.77425 -0.0216598 -0.0540746 148.506
102653 13 0.01 0.1 32.9 -0.177275 0.429295 1.66097 -0.0111614 0.0217024 147.32
102722 13 0.01 0.1 32.9 -0.242161 -0.147375 4.81297 -0.0351165 -0.0188531 152.408
102773 13 0.01 0.1 32.9 -0.174274 -0.277616 8.72104 -0.047881 -0.0721669 143.631
104828 13 0.01 0.1 32.9 -0.469681 -0.376513 7.62309 -0.107118 -0.0894848 147.509
105015 13 0.01 0.1 32.9 0.243558 -0.184025 3.46403 0.0255995 -0.0211641 143.588
106894 13 0.01 0.1 32.9 -0.0799977 -0.00757837 3.55388 -0.010676 -0.000673125 149.104
107072 13 0.01 0.1 32.9 0.116726 0.174114 2.0933 0.00642934 0.00988691 137.926
107162 13 0.01 0.1 32.9 -0.422726 -0.449259 2.46418 -0.0289515 -0.0345409 141.266
108095 13 0.01 0.1 32.9 0.43863 0.294266 7.27185 0.0986016 0.0635262 149.56
108395 13 0.01 0.1 32.9 -0.189135 0.314917 7.11941 -0.0415012 0.0677576 139.625
108901 13 0.01 0.1 32.9 0.236632 -0.0275458 3.9973 0.0276449 -0.00538714 152.103
109038 13 0.01 0.1 32.9 -0.0650906 -0.499216 11.959 -0.0246934 -0.183587 132.832
109557 13 0.01 0.1 32.9 -0.220214 0.0281755 11.9182 -0.0803579 0.00863877 134.748
110875 13 0.01 0.1 32.9 0.209549 0.294977 9.32769 0.0599685 0.0852628 137.14
111102 13 0.01 0.1 32.9 -0.0148599 0.377201 7.64219 -0.00353349 0.0863184 147.039
111121 13 0.01 0.1 32.9 -0.348747 0.410852 12.2922 -0.127492 0.15317 134.423
111157 13 0.01 0.1 32.9 0.488167 -0.242069 8.99696 0.133931 -0.0653429 136.721
111619 13 0.01 0.1 32.9 -0.140081 0.406438 5.3231 -0.0231697 0.0666369 138.502
113763 13 0.01 0.1 32.9 -0.324415 -0.327547 7.99088 -0.0783854 -0.0757504 140.746
114117 13 0.01 0.1 32.9 -0.335268 0.39616 4.63567 -0.0497303 0.0567605 137.326
114217 13 0.01 0.1 32.9 -0.115852 -0.198549 3.78735 -0.0123906 -0.0221321 151.222
114782 13 0.01 0.1 32.9 0.132074 -0.11761 1.50454 0.00639528 -0.0048361 134.929
115930 13 0.01 0.1 32.9 0.25288 -0.495522 6.95597 0.0511088 -0.102311 148.968
116811 13 0.01 0.1 32.9 -0.00239395 0.492078 5.98199 0.000428226 0.0906756 153.521
116963 13 0.01 0.1 32.9 0.157014 0.00924706 4.82282 0.0229884 0.00303706 147.285
117097 13 0.01 0.1 32.9 0.0899701 -0.206605 8.73768 0.0249452 -0.056065 143.212
117262 13 0.01 0.1 32.9 -0.157094 0.273473 11.0332 -0.0512957 0.093904 133.121
117897 13 0.01 0.1 32.9 -0.460841 0.367449 4.97321 -0.0685677 0.0546302 143.631
118401 13 0.01 0.1 32.9 0.105316 0.380397 4.07613 0.0146995 0.0474632 154.555
118917 13 0.01 0.1 32.9 0.0648568 -0.16366 2.75307 0.00417074 -0.0150695 146.199
119988 13 0.01 0.1 32.9 -0.0218364 0.452515 3.78964 -0.00224491 0.0507783 153.082
120811 13 0.01 0.1 32.9 0.45699 -0.189404 10.962 0.151882 -0.0625838 130.23
121027 13 0.01 0.1 32.9 0.0776707 0.474578 0.679171 0.000706315 0.00940169 129.952
122088 13 0.01 0.1 32.9 0.470245 -0.239212 5.49771 0.0756331 -0.0397231 130.218
122400 13 0.01 0.1 32.9 -0.33804 0.404205 3.27566 -0.0342784 0.0406805 142.002
122847 13 0.01 0.1 32.9 0.394029 -0.475754 5.01403 0.0595936 -0.0730788 142.5
124195 13 0.01 0.1 32.9 -0.377365 -0.178737 4.26632 -0.048557 -0.0218881 141.006
124573 13 0.01 0.1 32.9 -0.350495 -0.496114 5.27822 -0.0568339 -0.0778734 156.413
124847 13 0.01 0.1 32.9 0.494172 -0.0707489 4.7539 0.0716584 -0.0118182 154.526
125286 13 0.01 0.1 32.9 0.101818 -0.00892364 5.45194 0.0177031 -0.00100524 152.551
125451 13 0.01 0.1 32.9 -0.420059 0.400521 2.8099 -0.0380759 0.033682 145.882
125569 13 0.01 0.1 32.9 0.0872091 -0.447297 1.99582 0.00457955 -0.0280621 137.792
126909 13 0.01 0.1 32.9 -0.298156 -0.244421 1.89763 -0.0149523 -0.0138661 140.309
128091 13 0.01 0.1 32.9 -0.379511 0.0133948 8.61407 -0.0992225 0.00495831 141.925
128232 13 0.01 0.1 32.9 -0.103007 0.243474 3.34092 -0.0115485 0.023867 149.195
128925 13 0.01 0.1 32.9 -0.313392 -0.189554 4.18257 -0.039154 -0.0242619 156.826
129914 13 0.01 0.1 32.9 -0.462868 -0.32472 3.47808 -0.0487136 -0.0326445 145.995
130746 13 0.01 0.1 32.9 0.0929879 0.433009 3.82574 0.00692109 0.0504191 148.029
131966 13 0.01 0.1 32.9 -0.268034 0.309788 7.82382 -0.0656844 0.0749307 131.805
132075 13 0.01 0.1 32.9 -0.481422 0.242013 1.73975 -0.0246013 0.0110716 151.855
132276 13 0.01 0.1 32.9 0.0352148 -0.0149275 5.88163 0.00749294 -0.00528835 155.04
132816 13 0.01 0.1 32.9 0.350913 -0.361738 7.8127 0.0840978 -0.0851853 146.2
133117 13 0.01 0.1 32.9 -0.426328 0.159702 7.94841 -0.103011 0.0390427 146.569
133386 13 0.01 0.1 32.9 -0.444813 0.270518 3.93275 -0.0544122 0.0336098 155.284
133687 13 0.01 0.1 32.9 0.139246 0.140351 5.71669 0.0244617 0.0230649 138.147
134430 13 0.01 0.1 32.9 -0.120815 0.145661 8.51185 -0.0314888 0.0328589 136.708
134457 13 0.01 0.1 32.9 -0.35565 0.232052 6.82776 -0.0726683 0.0488492 149.815
134672 13 0.01 0.1 32.9 0.423052 -0.262445 15.0013 0.192729 -0.11891 129.994
135292 13 0.01 0.1 32.9 -0.374507 0.0368036 5.11749 -0.0591993 0.00605661 156.824
137999 13 0.01 0.1 32.9 0.0395237 0.0367959 7.83143 0.0111236 0.00837728 146.158
138248 13 0.01 0.1 32.9 -0.184613 -0.385245 5.65459 -0.0340574 -0.0652949 155.442
138798 13 0.01 0.1 32.9 -0.376104 0.226192 4.76174 -0.0522824 0.0319524 157.753
139902 13 0.01 0.1 32.9 -0.372759 -0.135354 9.6419 -0.108256 -0.0452328 140.054
140712 13 0.01 0.1 32.9 0.394694 -0.0386786 3.22451 0.0406684 -0.00571304 149.789
140765 13 0.01 0.1 32.9 0.16623 0.157997 2.34605 0.0116544 0.0109828 140.817
143277 13 0.01 0.1 32.9 0.106585 -0.15197 10.0272 0.0308798 -0.0476611 134.482
143395 13 0.01 0.1 32.9 0.29833 -0.329041 3.62667 0.0330642 -0.0376405 141.013
143958 13 0.01 0.1 32.9 0.150517 -0.250277 5.64338 0.0263329 -0.0404408 153.21
144076 13 0.01 0.1 32.9 0.218977 0.267084 7.16297 0.051329 0.0589186 140.831
144127 13 0.01 0.1 32.9 0.436874 0.0616082 1.40311 0.0187501 0.00140667 148.27
145142 13 0.01 0.1 32.9 0.369014 0.18137 2.90248 0.0297567 0.015756 148.865
146276 13 0.01 0.1 32.9 0.026738 -0.359795 2.30207 0.00261552 -0.025497 145.732
146738 13 0.01 0.1 32.9 -0.19198 0.323745 3.52338 -0.0202194 0.0340575 154.14
147574 13 0.01 0.1 32.9 -0.143896 0.125005 3.83188 -0.015842 0.0133804 146.877
148016 13 0.01 0.1 32.9 -0.442834 0.454211 40.1466 -0.540147 0.553738 127.119
148239 13 0.01 0.1 32.9 0.23696 0.070825 3.91085 0.0264309 0.00979245 155.082
149340 13 0.01 0.1 32.9 0.362034 -0.495712 4.24886 0.0447585 -0.0637526 156.822
150381 13 0.01 0.1 32.9 0.309819 -0.280965 4.39287 0.0419391 -0.0388989 146.946
151617 13 0.01 0.1 32.9 0.447084 0.452049 3.81539 0.0527414 0.051473 149.533
152116 13 0.01 0.1 32.9 -0.457894 -0.282635 3.54379 -0.0491749 -0.02917 146.211
152502 13 0.01 0.1 32.9 -0.414496 0.248685 5.09463 -0.0645177 0.0382557 149.042
152508 13 0.01 0.1 32.9 -0.155565 0.35978 1.72069 -0.0081542 0.0201921 146.57
152616 13 0.01 0.1 32.9 0.36968 -0.49768 2.02111 0.0262643 -0.0302336 139.387
153334 13 0.01 0.1 32.9 0.223487 -0.269289 6.11689 0.0410575 -0.0473007 138.495
155481 13 0.01 0.1 32.9 -0.263515 -0.0373505 4.31749 -0.0337467 -0.00493712 141.153
156374 13 0.01 0.1 32.9 -0.112131 -0.0250239 4.83528 -0.0166284 -0.00304022 152.91
158045 13 0.01 0.1 32.9 0.207247 0.403038 9.76904 0.0599553 0.121104 139.269
159663 13 0.01 0.1 32.9 -0.124898 0.165643 9.47892 -0.0364239 0.0450989 136.699
159968 13 0.01 0.1 32.9 0.199878 0.185803 6.31304 0.0389435 0.037205 144.733
160084 13 0.01 0.1 32.9 -0.0619395 -0.312523 2.55314 -0.00364095 -0.0221076 148.897
161377 13 0.01 0.1 32.9 0.39475 -0.388687 3.20286 0.0391556 -0.0380054 143.994
161395 13 0.01 0.1 32.9 0.339319 0.290631 3.12402 0.0325117 0.0257752 147.948
162117 13 0.01 0.1 32.9 -0.0757258 -0.462227 11.0069 -0.024911 -0.156199 131.639
162980 13 0.01 0.1 32.9 -0.166995 0.290423 2.65446 -0.0133465 0.0238034 146.772
164280 13 0.01 0.1 32.9 -0.314135 -0.194046 15.4508 -0.148415 -0.0913615 131.389
164529 13 0.01 0.1 32.9 -0.0934314 0.480457 4.935 -0.0155423 0.0678994 154.448
165435 13 0.01 0.1 32.9 -0.485636 0.189955 7.42274 -0.108345 0.0442306 145.321
165670 13 0.01 0.1 32.9 -0.399437 -0.0908703 12.6647 -0.153249 -0.0347727 133.199
167019 13 0.01 0.1 32.9 -0.35809 -0.260524 5.8512 -0.0627949 -0.0448088 142.65
167923 13 0.01 0.1 32.9 0.465698 -0.0362575 6.70616 0.0953863 -0.00737058 131.633
168438 13 0.01 0.1 32.9 -0.331524 0.145065 4.45155 -0.0438596 0.0185701 145.969
169180 13 0.01 0.1 32.9 -0.274031 -0.251884 3.47781 -0.0301317 -0.0274157 154.833
170703 13 0.01 0.1 32.9 0.0526204 -0.476993 10.3564 0.0157246 -0.152608 138.73
171904 13 0.01 0.1 32.9 0.21501 -0.154561 5.10659 0.032693 -0.0258679 141.483
171991 13 0.01 0.1 32.9 0.0766524 -0.393869 6.35718 0.0156177 -0.0749942 150.768
173431 13 0.01 0.1 32.9 -0.062188 0.234901 13.0494 -0.0247181 0.0941913 129.505
173995 13 0.01 0.1 32.9 -0.402863 -0.340709 9.579 -0.117769 -0.0978766 130.882
174342 13 0.01 0.1 32.9 -0.00586976 0.413004 3.35832 -0.000536781 0.0402473 149.042
175969 13 0.01 0.1 32.9 -0.470827 -0.138328 4.89108 -0.070074 -0.0199352 141.122
176059 13 0.01 0.1 32.9 0.346969 0.274556 4.94403 0.051881 0.0438833 153.884
177324 13 0.01 0.1 32.9 0.378433 -0.139407 5.40526 0.0630284 -0.022263 153.984
179081 13 0.01 0.1 32.9 0.092142 0.00118266 4.49919 0.0132413 -0.000906564 139.186
179453 13 0.01 0.1 32.9 0.219381 -0.433336 2.83208 0.0200194 -0.0385574 135.521
180668 13 0.01 0.1 32.9 0.117545 -0.211643 5.55385 0.0197686 -0.0340394 144.836
181622 13 0.01 0.1 32.9 -0.201881 0.488586 2.91878 -0.0174973 0.0443156 141.034
182157 13 0.01 0.1 32.9 -0.0107406 0.17175 4.98277 -0.00197701 0.0264739 146.943
182738 13 0.01 0.1 32.9 0.207363 0.305954 5.99246 0.0378842 0.0524486 147.616
182886 13 0.01 0.1 32.9 -0.356443 -0.203694 4.38567 -0.0463271 -0.0258866 146.952
184389 13 0.01 0.1 32.9 -0.184331 -0.245079 23.1141 -0.128481 -0.169478 128.525
184561 13 0.01 0.1 32.9 -0.344688 0.448589 4.09923 -0.0429034 0.0561906 145.233
185950 13 0.01 0.1 32.9 -0.205323 0.351569 2.4075 -0.0133597 0.0260201 138.162
186165 13 0.01 0.1 32.9 -0.290775 0.355241 4.83503 -0.0417067 0.0522831 152.581
187065 13 0.01 0.1 32.9 -0.231162 -0.425285 8.38517 -0.0574053 -0.10957 139.318
187396 13 0.01 0.1 32.9 0.0338378 0.0336768 6.24811 0.00555122 0.00682167 138.594
188074 13 0.01 0.1 32.9 0.325359 -0.4874 2.72897 0.0241878 -0.040293 142.208
188487 13 0.01 0.1 32.9 0.22528 0.104486 5.97837 0.0415108 0.0188517 154.138
188894 13 0.01 0.1 32.9 0.46376 -0.0168501 3.97925 0.0595217 -0.00148559 151.958
189274 13 0.01 0.1 32.9 -0.149618 0.251229 7.37144 -0.0329678 0.0560755 140.743
189523 13 0.01 0.1 32.9 0.415969 0.233117 11.2869 0.140989 0.0799505 136.913
190801 13 0.01 0.1 32.9 0.405134 -0.290206 7.10938 0.0895 -0.0633943 141.056
191202 13 0.01 0.1 32.9 -0.285024 -0.326619 12.2611 -0.106412 -0.120735 132.798
191581 13 0.01 0.1 32.9 0.429184 -0.309785 2.89618 0.0380581 -0.0275716 140.657
191656 13 0.01 0.1 32.9 0.288706 -0.4031 6.38838 0.0571396 -0.0796038 150.515
193106 13 0.01 0.1 32.9 -0.206464 0.0517134 4.59283 -0.0288765 0.00534059 145.75
193960 13 0.01 0.1 32.9 0.0671008 -0.219524 16.8525 0.0329328 -0.11246 131.614
195704 13 0.01 0.1 32.9 0.478633 0.074731 2.09567 0.0292328 0.0031468 144.239
195752 13 0.01 0.1 32.9 -0.259497 -0.135087 5.21386 -0.0422562 -0.024273 145.706
195917 13 0.01 0.1 32.9 -0.156631 -0.37075 12.8155 -0.0588849 -0.142281 133.718
196186 13 0.01 0.1 32.9 0.217476 -0.395 12.0428 0.079144 -0.145805 132.322
197759 13 0.01 0.1 32.9 -0.25868 0.119224 3.48473 -0.0268287 0.0135082 135.996
198987 13 0.01 0.1 32.9 0.126391 -0.117713 7.44696 0.0293079 -0.0266117 137.608
199838 13 0.01 0.1 32.9 -0.148133 0.121212 2.85716 -0.013182 0.00757683 145.211
200389 13 0.01 0.1 32.9 0.0646443 -0.373462 7.08368 0.0131434 -0.0804105 141.842
200940 13 0.01 0.1 32.9 0.229209 -0.243828 6.9693 0.0498307 -0.0520689 145.597
203412 13 0.01 0.1 32.9 0.266987 0.463514 2.17839 0.0177671 0.0308114 147.636
203525 13 0.01 0.1 32.9 0.0153713 -0.43889 10.949 0.00279387 -0.143925 136.616
203787 13 0.01 0.1 32.9 0.0831617 0.259584 5.9687 0.0154913 0.0454355 130.965
205734 13 0.01 0.1 32.9 0.279786 0.0512666 4.66445 0.0398504 0.00980898 150.107
207101 13 0.01 0.1 32.9 0.263467 -0.0678683 8.80888 0.070789 -0.01898 136.448
207240 13 0.01 0.1 32.9 0.35116 0.115822 4.86079 0.0494399 0.0159897 142.729
207550 13 0.01 0.1 32.9 -0.195991 -0.227853 4.36658 -0.0246732 -0.0304144 147.135
208051 13 0.01 0.1 32.9 -0.294264 0.460201 13.9141 -0.123214 0.191538 133.882
208683 13 0.01 0.1 32.9 0.376477 -0.0988835 1.62643 0.0195267 -0.00490614 145.054
208828 13 0.01 0.1 32.9 -0.25246 -0.289596 8.55282 -0.0656695 -0.0770335 142.773
211454 13 0.01 0.1 32.9 0.413007 -0.353597 16.796 0.208842 -0.184135 129.983
213040 13 0.01 0.1 32.9 -0.0508397 0.380905 11.0559 -0.016597 0.127729 138.349
213142 13 0.01 0.1 32.9 -0.175584 0.365303 4.90915 -0.0257735 0.0553266 157.657
213342 13 0.01 0.1 32.9 -0.111102 0.296183 5.06459 -0.0143519 0.0465084 152.321
214117 13 0.01 0.1 32.9 -0.302075 -0.0669193 11.2534 -0.105771 -0.0245487 131.214
219147 13 0.01 0.1 32.9 -0.415506 -0.454724 6.08499 -0.0765835 -0.0855252 138.541
221589 13 0.01 0.1 32.9 0.220035 0.0698692 4.74496 0.0308972 0.0109026 152.329
223190 13 0.01 0.1 32.9 0.106292 -0.0725705 4.02693 0.01134 -0.00811646 133.084
223668 13 0.01 0.1 32.9 -0.109087 -0.204388 2.35957 -0.00789251 -0.0162812 130.436
223674 13 0.01 0.1 32.9 0.428418 -0.0220516 4.40637 0.0581943 -0.00367096 142.447
223704 13 0.01 0.1 32.9 0.476594 0.126207 5.64097 0.0796618 0.0197237 153.055
224779 13 0.01 0.1 32.9 -0.386371 0.305969 1.09175 -0.0152972 0.0107502 130.161
224876 13 0.01 0.1 32.9 -0.364354 -0.470352 6.78692 -0.0746825 -0.0970372 149.097
225549 13 0.01 0.1 32.9 -0.185457 0.375479 5.65076 -0.0307357 0.0646208 144.351
226143 13 0.01 0.1 32.9 0.407538 -0.0971769 4.80596 0.0600671 -0.014442 152.834
226806 13 0.01 0.1 32.9 -0.0329755 0.12764 8.06823 -0.00742639 0.0330391 135.282
226893 13 0.01 0.1 32.9 0.135068 -0.161274 6.13921 0.0256538 -0.0302675 152.209
227415 13 0.01 0.1 32.9 -0.267001 -0.413269 6.04277 -0.0496794 -0.0759137 141.501
227566 13 0.01 0.1 32.9 -0.0135963 0.347677 9.40913 -0.00415005 0.0987603 137.283
228738 13 0.01 0.1 32.9 0.0895428 -0.142804 13.5654 0.0342049 -0.0548887 129.996
229231 13 0.01 0.1 32.9 -0.2983 0.0447322 5.03189 -0.0454408 0.00803729 141.526
230809 13 0.01 0.1 32.9 0.0875316 0.300826 12.9059 0.0361688 0.11688 129.88
231601 13 0.01 0.1 32.9 -0.0974164 0.0869033 5.75269 -0.0184715 0.016313 139.888
231786 13 0.01 0.1 32.9 0.215335 -0.0933842 10.5448 0.0687146 -0.0274399 135.522
232146 13 0.01 0.1 32.9 0.21586 0.45246 5.24138 0.0346155 0.0721651 148.429
234133 13 0.01 0.1 32.9 0.12215 0.441894 4.38607 0.0157994 0.0587408 143.404
236294 13 0.01 0.1 32.9 0.412095 0.106889 3.96294 0.0481656 0.0105609 149.134
237696 13 0.01 0.1 32.9 -0.186718 0.439342 9.14801 -0.0512242 0.121506 142.458
237706 13 0.01 0.1 32.9 0.307255 -0.320898 4.30289 0.0387044 -0.0424231 156.506
238118 13 0.01 0.1 32.9 -0.00439426 0.109708 3.25477 0.000553595 0.0123315 151.38
238481 13 0.01 0.1 32.9 -0.173209 -0.0753763 2.3749 -0.014279 -0.00726048 134.131
240043 13 0.01 0.1 32.9 -0.0264645 0.242744 2.60476 -0.000844695 0.0176417 149.555
240451 13 0.01 0.1 32.9 -0.458284 -0.160633 3.50847 -0.0483628 -0.0142887 152.385
240668 13 0.01 0.1 32.9 -0.332348 0.293514 10.404 -0.10742 0.0937226 138.147
240870 13 0.01 0.1 32.9 0.379999 0.468967 8.41256 0.0974444 0.119654 142.706
241983 13 0.01 0.1 32.9 0.0731329 -0.437524 5.66328 0.0133894 -0.077683 155.952
242141 13 0.01 0.1 32.9 0.256356 -0.249806 8.22564 0.0635702 -0.0652004 145.921
243037 13 0.01 0.1 32.9 0.365066 -0.439779 6.85665 0.0746686 -0.0878159 150.622
243988 13 0.01 0.1 32.9 0.360504 0.315121 5.6489 0.061257 0.0550965 137.137
244393 13 0.01 0.1 32.9 -0.054675 -0.0761584 8.9535 -0.0148129 -0.0209534 139.158
245162 13 0.01 0.1 32.9 -0.478578 0.475508 10.9954 -0.160665 0.158079 137.419
246906 13 0.01 0.1 32.9 0.288616 0.215809 3.40442 0.0295877 0.0210426 149.581
247403 13 0.01 0.1 32.9 -0.0909529 -0.4164 1.87119 -0.00749482 -0.0244064 133.72
247681 13 0.01 0.1 32.9 -0.333912 0.424127 3.00356 -0.0299122 0.0396367 138.615
248542 13 0.01 0.1 32.9 0.191239 -0.0795353 2.96643 0.0171293 -0.00601718 147.815
248941 13 0.01 0.1 32.9 -0.146646 -0.453305 3.47915 -0.0152062 -0.0483257 155.392
250613 13 0.01 0.1 32.9 0.32754 -0.375952 9.46002 0.0949674 -0.10846 140.506
252148 13 0.01 0.1 32.9 0.0370768 0.0772426 6.66223 0.00738627 0.01637 134.227
252272 13 0.01 0.1 32.9 0.467441 0.204055 11.2703 0.158337 0.0677555 137.683
254418 13 0.01 0.1 32.9 0.332782 -0.143458 1.82663 0.0175821 -0.00669065 151.531
255479 13 0.01 0.1 32.9 0.0185224 0.0297039 3.54503 0.00127928 0.00634142 140.32
255674 13 0.01 0.1 32.9 0.380907 -0.104939 8.39646 0.0972257 -0.0278295 144.63
256359 13 0.01 0.1 32.9 -0.43109 -0.309856 11.437 -0.147943 -0.108857 134.869
258166 13 0.01 0.1 32.9 0.280539 -0.330613 1.18491 0.0105314 -0.0119164 147.945
258823 13 0.01 0.1 32.9 -0.101714 -0.0828339 3.39276 -0.00923982 -0.00522815 154.764
260243 13 0.01 0.1 32.9 0.168362 0.14806 6.74916 0.0340277 0.0301256 149.669
260318 13 0.01 0.1 32.9 -0.109214 0.474172 1.65088 -0.00492785 0.0256185 142.669
261233 13 0.01 0.1 32.9 0.261775 -0.375446 4.54453 0.0357281 -0.0494067 153.783
262899 13 0.01 0.1 32.9 -0.0627455 -0.0961623 5.35043 -0.0100763 -0.0151817 150.363
262950 13 0.01 0.1 32.9 -0.49511 -0.42227 4.78314 -0.0725923 -0.0611901 155.034
264683 13 0.01 0.1 32.9 -0.139224 0.294243 3.83174 -0.017043 0.0355859 152.83
265000 13 0.01 0.1 32.9 -0.368617 0.163114 11.115 -0.124796 0.0545391 135.829
265914 13 0.01 0.1 32.9 -0.449694 -0.261556 0.811111 -0.00923169 -0.00491171 140.803
267881 13 0.01 0.1 32.9 -0.0139889 0.0983776 11.516 -0.0039457 0.031949 132.548
268958 13 0.01 0.1 32.9 -0.0150025 -0.134334 5.23903 -0.000208672 -0.0194318 151.345
269506 13 0.01 0.1 32.9 -0.152358 -0.387642 6.57139 -0.0294093 -0.0780019 151.024
271401 13 0.01 0.1 32.9 -0.380257 0.37755 3.06158 -0.0371277 0.0312738 146.242
271755 13 0.01 0.1 32.9 0.30727 0.402917 6.52175 0.0622367 0.0806939 148.477
271807 13 0.01 0.1 32.9 -0.106174 -0.236933 8.87525 -0.0279252 -0.063209 137.63
274021 13 0.01 0.1 32.9 -0.458623 -0.023371 8.41225 -0.118384 -0.00538552 132.017
274126 13 0.01 0.1 32.9 -0.483773 0.313483 5.91059 -0.0853054 0.056399 138.39
275419 13 0.01 0.1 32.9 0.360039 0.465297 11.0747 0.122816 0.156726 137.529
275453 13 0.01 0.1 32.9 -0.438544 -0.0838959 4.24481 -0.058462 -0.00949497 149.176
277804 13 0.01 0.1 32.9 0.27231 -0.488084 4.3821 0.0357504 -0.0645909 153.565
278244 13 0.01 0.1 32.9 -0.396463 -0.406642 6.30988 -0.0754335 -0.0791996 148.856
279017 13 0.01 0.1 32.9 0.431358 -0.269249 4.9929 0.0634256 -0.0438155 149.342
279301 13 0.01 0.1 32.9 -0.128095 0.0256504 2.04626 -0.00771648 0.00246045 140.23
280556 13 0.01 0.1 32.9 0.482833 0.391731 10.0344 0.146805 0.118721 133.49
281599 13 0.01 0.1 32.9 0.219083 -0.435887 7.02977 0.0459489 -0.0918997 147.982
282379 13 0.01 0.1 32.9 -0.212924 -0.338911 6.16847 -0.0381389 -0.062411 148.109
283795 13 0.01 0.1 32.9 0.424248 -0.273633 1.80203 0.0233771 -0.0117235 136.324
283827 13 0.01 0.1 32.9 -0.416492 0.229937 3.41715 -0.0414698 0.0209701 151.727
286248 13 0.01 0.1 32.9 0.475236 0.293831 5.02165 0.0722776 0.0456895 154.977
287875 13 0.01 0.1 32.9 0.0269952 -0.265924 5.81453 0.00663853 -0.0448358 143.902
289217 13 0.01 0.1 32.9 -0.044192 0.0687399 2.73016 -0.00353751 0.00733444 152.034
289428 13 0.01 0.1 32.9 0.00637588 -0.342471 3.52554 0.000946758 -0.03817 155.652
290864 13 0.01 0.1 32.9 -0.027585 -0.185584 6.73095 -0.0054728 -0.0370944 144.673
290943 13 0.01 0.1 32.9 -0.277713 -0.479353 2.2276 -0.0199502 -0.0315135 147.658
291087 13 0.01 0.1 32.9 0.0881253 0.261325 3.64467 0.00991535 0.0270881 136.208
291227 13 0.01 0.1 32.9 0.417588 -0.0147153 0.97175 0.0125811 0.000543209 138.169
292997 13 0.01 0.1 32.9 -0.0679947 0.098227 2.86297 -0.00560507 0.0088869 150.687
293068 13 0.01 0.1 32.9 -0.424323 0.0495959 6.94355 -0.0893783 0.0102628 144.062
294044 13 0.01 0.1 32.9 0.203413 -0.133296 3.04182 0.018304 -0.0122463 141.79
295993 13 0.01 0.1 32.9 -0.10357 -0.34275 8.97984 -0.0272217 -0.0931649 142.668
297944 13 0.01 0.1 32.9 0.32826 -0.234453 6.64402 0.0660298 -0.0460147 147.903
299325 13 0.01 0.1 32.9 0.217687 0.180971 14.1417 0.094209 0.0780828 133.695
299642 13 0.01 0.1 32.9 0.219818 -0.485651 6.01205 0.0404161 -0.0889998 154.334
300768 13 0.01 0.1 32.9 0.4728 -0.277434 4.87289 0.0706525 -0.0404262 156.194
300901 13 0.01 0.1 32.9 -0.232736 0.255971 6.76473 -0.0486067 0.0547112 144.689
302900 13 0.01 0.1 32.9 0.0771363 0.232502 3.47289 0.00914676 0.0239281 156.76
303300 13 0.01 0.1 32.9 -0.379555 0.100144 2.97986 -0.0346729 0.0116896 154.146
303631 13 0.01 0.1 32.9 0.04279 0.0832116 5.91462 0.00501844 0.014149 142.997
303909 13 0.01 0.1 32.9 -0.200573 -0.302798 1.94227 -0.0100284 -0.0174179 135.919
304310 13 0.01 0.1 32.9 0.332998 -0.0624571 1.96964 0.0186424 -0.00459162 136.687
305657 13 0.01 0.1 32.9 -0.122304 -0.252459 8.43896 -0.03192 -0.0664324 140.554
305738 13 0.01 0.1 32.9 -0.414221 0.318176 7.91676 -0.101928 0.0748842 143.698
308104 13 0.01 0.1 32.9 0.395743 0.339131 2.86617 0.0358216 0.0296034 144.633
308317 13 0.01 0.1 32.9 -0.398188 -0.4879 3.27967 -0.0396902 -0.0490523 144.056
308354 13 0.01 0.1 32.9 0.381216 0.168278 3.1233 0.0329518 0.016321 140.009
308684 13 0.01 0.1 32.9 0.494955 -0.279192 7.41189 0.110645 -0.0626024 145.59
309546 13 0.01 0.1 32.9 0.287873 -0.482711 26.1165 0.226092 -0.385625 127.141
309790 13 0.01 0.1 32.9 -0.273343 -0.189929 6.51209 -0.0553448 -0.0392829 152.525
310084 13 0.01 0.1 32.9 -0.0436234 0.184097 6.56136 -0.00846517 0.0375223 149.794
310121 13 0.01 0.1 32.9 0.0825481 0.426142 2.73089 0.00697207 0.0341034 144.353
310868 13 0.01 0.1 32.9 0.303307 -0.291236 4.71053 0.0436448 -0.0427833 151.8
314513 13 0.01 0.1 32.9 0.264548 0.131548 4.42836 0.0370292 0.0189137 154.516
314569 13 0.01 0.1 32.9 -0.153565 -0.00377751 4.29731 -0.0194563 0.00111693 147.921
314694 13 0.01 0.1 32.9 -0.172542 0.150286 16.1717 -0.0860491 0.0766652 130.9
315439 13 0.01 0.1 32.9 0.251561 0.213124 6.47752 0.0485968 0.0410093 148.398
316706 13 0.01 0.1 32.9 0.454392 0.131808 6.78281 0.0934262 0.0284471 147.979
317091 13 0.01 0.1 32.9 -0.0560124 0.027649 4.6943 -0.00827064 0.00369555 144.124
317923 13 0.01 0.1 32.9 -0.353821 0.339031 4.17774 -0.0470464 0.0415236 155.065
317999 13 0.01 0.1 32.9 -0.146023 0.262672 10.626 -0.047842 0.085396 132.016
318792 13 0.01 0.1 32.9 0.0920726 -0.192193 6.98255 0.0180647 -0.0416157 146.054
318977 13 0.01 0.1 32.9 0.236879 0.499977 2.73943 0.0203142 0.0419221 141.148
319612 13 0.01 0.1 32.9 0.00397374 0.441544 1.57206 -0.00139998 0.0219445 144.126
321055 13 0.01 0.1 32.9 -0.463824 0.458918 6.70007 -0.0932068 0.0932065 149.233
324762 13 0.01 0.1 32.9 0.460059 -0.489953 4.70537 0.0639611 -0.0704241 152.624
325799 13 0.01 0.1 32.9 -0.287043 -0.292249 1.08377 -0.00840464 -0.00876607 140.18
326610 13 0.01 0.1 32.9 -0.210896 0.245425 8.21978 -0.0536962 0.061757 143.049
326721 13 0.01 0.1 32.9 -0.061133 -0.158935 5.96094 -0.0111523 -0.029536 143.527
327717 13 0.01 0.1 32.9 0.0860152 0.0918257 8.35549 0.0213716 0.0246209 140.913
329501 13 0.01 0.1 32.9 -0.0424818 -0.312675 8.67925 -0.0103584 -0.0818391 143.19
329732 13 0.01 0.1 32.9 -0.0778778 -0.462445 4.2259 -0.011397 -0.0579883 152.795
330176 13 0.01 0.1 32.9 -0.321911 0.391735 3.89053 -0.0380107 0.045856 151.051
330290 13 0.01 0.1 32.9 -0.0577248 -0.020455 2.79094 -0.00414704 -0.00269223 146.171
330867 13 0.01 0.1 32.9 0.431096 -0.448403 4.01892 0.0520214 -0.0544499 152.646
330938 13 0.01 0.1 32.9 -0.434988 0.310099 8.72215 -0.114546 0.0791786 141.022
332033 13 0.01 0.1 32.9 -0.285739 0.3342 9.2518 -0.0808793 0.0923475 139.602
332241 13 0.01 0.1 32.9 -0.117754 -0.326169 5.4021 -0.0187476 -0.0527524 152.503
332609 13 0.01 0.1 32.9 -0.370679 -0.0693752 1.60286 -0.0186776 -0.00338742 135.219
333232 13 0.01 0.1 32.9 0.258211 -0.22232 5.1955 0.0394231 -0.0331209 143.161
334190 13 0.01 0.1 32.9 0.01194 -0.109288 7.6128 0.00335616 -0.025658 146.499
334409 13 0.01 0.1 32.9 0.0436585 0.336342 4.37169 0.00811251 0.0437487 145.599
334486 13 0.01 0.1 32.9 0.114268 0.008997 4.98253 0.016734 0.00135128 157.533
335326 13 0.01 0.1 32.9 -0.339756 0.48842 3.18478 -0.0328342 0.0482342 135.111
336605 13 0.01 0.1 32.9 0.152413 -0.136261 8.04674 0.0381765 -0.0325503 135.569
337319 13 0.01 0.1 32.9 0.304652 -0.440518 3.92725 0.0335477 -0.0516043 146.469
337940 13 0.01 0.1 32.9 0.326912 -0.486496 2.06724 0.0206112 -0.031675 140.221
338244 13 0.01 0.1 32.9 -0.49105 0.296195 7.05955 -0.105833 0.0644181 140.488
341113 13 0.01 0.1 32.9 0.236374 0.150904 4.74408 0.0338415 0.0188428 140.482
342612 13 0.01 0.1 32.9 -0.37309 0.332686 4.28887 -0.0509465 0.0449614 157.248
343765 13 0.01 0.1 32.9 0.374626 0.365262 4.05084 0.0470344 0.0455617 133.986
344080 13 0.01 0.1 32.9 0.368381 0.0298297 8.5592 0.0963055 0.00688946 135.025
344589 13 0.01 0.1 32.9 0.384305 0.324282 12.0874 0.139837 0.121146 135.61
345306 13 0.01 0.1 32.9 -0.154999 -0.183857 1.42847 -0.00731058 -0.00807292 138.164
346058 13 0.01 0.1 32.9 0.328889 0.0232287 12.3668 0.12245 0.00660657 133.79
346204 13 0.01 0.1 32.9 -0.185745 -0.260765 6.15037 -0.0354687 -0.0497453 148.776
347564 13 0.01 0.1 32.9 0.251093 0.378443 3.46075 0.0274672 0.0412102 152.147
348763 13 0.01 0.1 32.9 -0.395118 -0.0695382 7.0666 -0.0841649 -0.0136008 147.779
348786 13 0.01 0.1 32.9 -0.00674425 -0.403548 3.57001 -0.00113166 -0.0428688 156.78
349833 13 0.01 0.1 32.9 -0.416119 -0.416897 1.85721 -0.0254381 -0.0223772 142.609
352015 13 0.01 0.1 32.9 0.0471614 -0.480224 6.81738 0.00808347 -0.102805 136.265
352386 13 0.01 0.1 32.9 0.354289 -0.184567 4.97598 0.0557643 -0.02764 147.597
353633 13 0.01 0.1 32.9 0.202977 0.24097 6.09629 0.037927 0.0428765 141.312
354799 13 0.01 0.1 32.9 0.187992 0.282417 2.07816 0.0118155 0.0202677 142.729
355657 13 0.01 0.1 32.9 0.135424 0.477989 5.82877 0.0234525 0.0858123 146.205
356270 13 0.01 0.1 32.9 -0.0544471 -0.331786 5.95448 -0.0108999 -0.0594768 152.799
358096 13 0.01 0.1 32.9 0.0988174 -0.0265053 2.18105 0.00617634 -0.00132712 154.617
358399 13 0.01 0.1 32.9 -0.314512 -0.263342 2.53343 -0.0245141 -0.0216012 154.054
359870 13 0.01 0.1 32.9 0.0235398 -0.404886 3.26363 -7.19489e-05 -0.0387034 133.116
360562 13 0.01 0.1 32.9 -0.149195 -0.448478 4.05948 -0.0174488 -0.0548705 154.66
362418 13 0.01 0.1 32.9 -0.337564 0.114917 1.57519 -0.0158683 0.00607727 137.015
363197 13 0.01 0.1 32.9 0.326765 0.373893 2.63534 0.0259212 0.0308314 141.482
364108 13 0.01 0.1 32.9 -0.392843 0.375574 2.56099 -0.0303462 0.0309853 150.918
364817 13 0.01 0.1 32.9 -0.0299168 0.329247 9.6025 -0.0100004 0.0934445 137.365
365997 13 0.01 0.1 32.9 0.101198 0.32365 3.64643 0.0131771 0.033701 152.064
367055 13 0.01 0.1 32.9 0.47946 -0.0178246 4.49233 0.0651098 -0.00287769 137.034
369426 13 0.01 0.1 32.9 -0.439212 0.33362 3.68034 -0.0503075 0.0373711 146.963
369933 13 0.01 0.1 32.9 -0.161405 0.181247 0.840626 -0.00486154 0.00476897 139.737
370142 13 0.01 0.1 32.9 -0.087798 0.205404 5.65713 -0.0151014 0.0313087 144.111
370311 13 0.01 0.1 32.9 -0.12531 0.476413 4.16442 -0.017353 0.0608508 147.075
371602 13 0.01 0.1 32.9 -0.0343853 -0.234799 21.5316 -0.0233554 -0.152634 129.217
371947 13 0.01 0.1 32.9 0.478222 -0.205892 8.21123 0.120035 -0.0504004 140.865
372928 13 0.01 0.1 32.9 -0.321083 0.127294 5.51453 -0.0552733 0.0206353 138.333
373612 13 0.01 0.1 32.9 0.303824 0.0605624 7.7973 0.071164 0.0154212 143.09
374153 13 0.01 0.1 32.9 -0.323793 -0.240189 7.77277 -0.0748365 -0.0576964 143.391
374608 13 0.01 0.1 32.9 0.138514 -0.407853 4.34903 0.0192106 -0.0525106 153.017
375712 13 0.01 0.1 32.9 -0.208357 -0.41568 5.32624 -0.0347809 -0.0662682 145.381
375713 13 0.01 0.1 32.9 -0.0127708 -0.23769 3.76846 -0.00254155 -0.027681 156.528
377090 13 0.01 0.1 32.9 -0.473915 0.384538 3.83604 -0.0543534 0.0430517 141.637
378370 13 0.01 0.1 32.9 -0.122825 0.160277 8.75975 -0.0319929 0.0438391 140.409
379305 13 0.01 0.1 32.9 0.232146 0.080863 4.23228 0.0311933 0.012507 149.305
381630 13 0.01 0.1 32.9 0.468526 0.0173382 5.00744 0.0716402 0.00198697 148.055
382464 13 0.01 0.1 32.9 0.105575 0.408906 6.52011 0.0222336 0.0824627 148.784
382761 13 0.01 0.1 32.9 -0.382427 0.408643 14.1932 -0.166476 0.175136 131.139
383378 13 0.01 0.1 32.9 0.120775 -0.498445 4.76084 0.0175108 -0.0725298 154.569
384016 13 0.01 0.1 32.9 -0.139528 -0.445305 7.15743 -0.0312655 -0.100115 136.577
385075 13 0.01 0.1 32.9 -0.235829 -0.0225358 2.81492 -0.0215274 0.000368851 156.332
387607 13 0.01 0.1 32.9 0.345537 -0.321619 3.13282 0.0346847 -0.0327698 146.568
388129 13 0.01 0.1 32.9 0.337128 -0.344621 7.31225 0.0747982 -0.0785311 147.322
388996 13 0.01 0.1 32.9 0.498548 -0.215652 1.9962 0.0315323 -0.0132127 145.205
390543 13 0.01 0.1 32.9 -0.259089 -0.00506569 4.59849 -0.0375827 -0.00286399 136.78
391351 13 0.01 0.1 32.9 0.102916 -0.0662566 4.38066 0.0125969 -0.00605593 153.856
391533 13 0.01 0.1 32.9 -0.0878281 -0.303943 7.22078 -0.0202813 -0.0676197 137.077
392712 13 0.01 0.1 32.9 -0.323206 -0.203035 2.05779 -0.0213373 -0.00986394 148.071
392732 13 0.01 0.1 32.9 0.161564 0.111513 6.0576 0.0299233 0.0211317 137.647
394886 13 0.01 0.1 32.9 0.452144 -0.21261 10.846 0.149436 -0.06809 136.916
395055 13 0.01 0.1 32.9 -0.309543 0.380746 13.3746 -0.126717 0.153726 133.157
395722 13 0.01 0.1 32.9 -0.0815547 -0.393012 4.53772 -0.0097663 -0.0522501 156.566
396145 13 0.01 0.1 32.9 -0.46109 -0.449118 7.42359 -0.10366 -0.0998793 143.978
397781 13 0.01 0.1 32.9 0.406555 -0.133094 2.99917 0.0398154 -0.0118156 147.4
399269 13 0.01 0.1 32.9 -0.384979 0.422281 10.0401 -0.116316 0.126805 134.244
400502 13 0.01 0.1 32.9 -0.462881 -0.305789 4.22264 -0.0584292 -0.0378096 154.805
400571 13 0.01 0.1 32.9 0.0100315 -0.208269 3.81669 0.000328586 -0.0258727 153.56
401805 13 0.01 0.1 32.9 0.381202 -0.158552 0.66267 0.00899211 -0.00245373 130.2
402580 13 0.01 0.1 32.9 -0.28366 -0.26583 8.62022 -0.0732398 -0.0681536 142.92
404808 13 0.01 0.1 32.9 -0.00216087 0.397598 6.45892 -0.00262276 0.0792557 141.32
405702 13 0.01 0.1 32.9 -0.00728899 0.33879 10.5866 -0.00191864 0.10942 132.3
405991 13 0.01 0.1 32.9 -0.410688 -0.133375 5.6085 -0.0708942 -0.0240046 138.525
406720 13 0.01 0.1 32.9 -0.0326484 0.0945849 6.36199 -0.00744885 0.0176273 142.628
406742 13 0.01 0.1 32.9 -0.195503 0.0644821 6.04546 -0.0377515 0.0140976 148.474
407123 13 0.01 0.1 32.9 0.464583 -0.270297 2.15199 0.0296235 -0.017731 151.709
408279 13 0.01 0.1 32.9 0.21868 -0.0598086 3.36444 0.0245443 -0.00532299 156.212
409000 13 0.01 0.1 32.9 -0.0700619 -0.372098 3.6297 -0.00810059 -0.0416642 152.037
409342 13 0.01 0.1 32.9 -0.0655777 0.309828 6.73297 -0.0126735 0.0624277 144.383
409444 13 0.01 0.1 32.9 -0.123238 0.415827 2.2766 -0.00789114 0.0264912 147.191
410579 13 0.01 0.1 32.9 -0.288451 -0.172711 0.812738 -0.00834892 -0.00559424 140.389
411120 13 0.01 0.1 32.9 0.00377632 0.22732 2.11064 -0.000883235 0.0134882 136.98
411466 13 0.01 0.1 32.9 -0.0125254 -0.148266 4.68338 -0.00184331 -0.0189177 153.753
413289 13 0.01 0.1 32.9 -0.399038 -0.485193 9.06133 -0.108003 -0.131531 136.823
413717 13 0.01 0.1 32.9 -0.124734 -0.350124 7.78114 -0.0287238 -0.0821805 131.052
415122 13 0.01 0.1 32.9 0.226568 0.249657 7.53708 0.052705 0.05755 148.416
415229 13 0.01 0.1 32.9 0.0975539 -0.267489 4.98543 0.0136281 -0.0411656 156.187
415604 13 0.01 0.1 32.9 -0.0148935 0.217252 5.63953 -0.00438471 0.0404877 153.559
416610 13 0.01 0.1 32.9 -0.386408 -0.214879 3.37348 -0.0405736 -0.0242277 147.318
416978 13 0.01 0.1 32.9 0.18684 0.251163 5.37247 0.0302194 0.0433752 155.296
417369 13 0.01 0.1 32.9 0.253507 -0.141481 4.49557 0.0316762 -0.0171275 136.403
417800 13 0.01 0.1 32.9 -0.0871135 -0.117664 5.36346 -0.0159451 -0.0171129 151.315
419022 13 0.01 0.1 32.9 -0.35351 -0.33833 7.42032 -0.0792829 -0.0773368 135.366
419818 13 0.01 0.1 32.9 0.496924 -0.120308 9.77001 0.147689 -0.0352329 136.701
421644 13 0.01 0.1 32.9 0.271987 0.0431693 5.27839 0.0438679 0.00794195 140.353
424258 13 0.01 0.1 32.9 -0.305127 0.445759 9.35211 -0.0889029 0.126695 134.311
424730 13 0.01 0.1 32.9 -0.198776 0.234267 3.22336 -0.0202406 0.02323 153.678
424767 13 0.01 0.1 32.9 -0.429966 -0.0819337 4.57854 -0.058342 -0.0120099 139.313
424842 13 0.01 0.1 32.9 0.431312 0.458752 13.9629 0.184013 0.195007 133.629
424919 13 0.01 0.1 32.9 -0.496033 -0.0991898 4.28253 -0.0631741 -0.0126275 149.497
425995 13 0.01 0.1 32.9 0.298842 0.388691 5.2481 0.0467936 0.060864 148.971
428045 13 0.01 0.1 32.9 0.100623 -0.155266 3.08497 0.00863509 -0.015004 149.236
429046 13 0.01 0.1 32.9 0.4463 0.237367 5.08388 0.0710658 0.0374415 156.405
429791 13 0.01 0.1 32.9 -0.29952 -0.400552 8.73642 -0.0785861 -0.107328 143.757
429847 13 0.01 0.1 32.9 0.457151 -0.0916696 7.95113 0.111078 -0.023891 132.726
430119 13 0.01 0.1 32.9 0.0747302 -0.314724 6.73789 0.018462 -0.0662484 151.258
432142 13 0.01 0.1 32.9 -0.161632 0.16906 3.90944 -0.0182555 0.0182133 154.686
432948 13 0.01 0.1 32.9 -0.496745 -0.0296476 9.37002 -0.140077 -0.00855677 141.322
436739 13 0.01 0.1 32.9 -0.133862 0.0609312 3.35256 -0.0109717 0.00837699 151.637
436975 13 0.01 0.1 32.9 -0.0741829 -0.0695992 6.87555 -0.0155801 -0.0149709 140.887
437162 13 0.01 0.1 32.9 0.103156 -0.279942 6.85375 0.0220664 -0.0586311 144.364
437218 13 0.01 0.1 32.9 -0.331784 0.377191 16.5543 -0.168976 0.189646 131.529
437502 13 0.01 0.1 32.9 -0.322778 -0.468587 6.39084 -0.0609141 -0.0910003 152.284
438127 13 0.01 0.1 32.9 0.263653 -0.0419266 5.53095 0.0453579 -0.00569523 146.452
438169 13 0.01 0.1 32.9 0.231655 -0.101309 10.8186 0.0759106 -0.0337168 137.203
438443 13 0.01 0.1 32.9 -0.355015 0.0786575 3.18556 -0.0324836 0.00413871 148.845
439742 13 0.01 0.1 32.9 -0.440246 -0.197792 5.88612 -0.0796498 -0.0354939 154.158
440139 13 0.01 0.1 32.9 0.0181319 -0.215929 2.15785 0.000655036 -0.0167446 138.941
441127 13 0.01 0.1 32.9 0.0231762 0.0624192 1.99716 0.00355053 0.001664 146.169
442816 13 0.01 0.1 32.9 0.270916 0.0267598 39.2465 0.32396 0.0301773 126.841
443462 13 0.01 0.1 32.9 0.25617 -0.255138 8.84459 0.0672931 -0.069785 131.111
445577 13 0.01 0.1 32.9 -0.109239 0.479501 4.59009 -0.0162422 0.0679209 150.122
445997 13 0.01 0.1 32.9 0.181186 0.477341 6.6513 0.0369148 0.0946679 134.062
446108 13 0.01 0.1 32.9 0.0865661 -0.0338104 8.1506 0.0242386 -0.00921311 145.834
447206 13 0.01 0.1 32.9 -0.459596 -0.101446 4.54633 -0.0647883 -0.0122604 140.196
448691 13 0.01 0.1 32.9 0.32827 0.158474 4.33593 0.0455193 0.0220042 150.458
448735 13 0.01 0.1 32.9 0.138329 0.0408935 5.69601 0.0231353 0.00835945 148.603
448923 13 0.01 0.1 32.9 -0.0738365 0.174493 3.84588 -0.00549507 0.0201787 147.815
449315 13 0.01 0.1 32.9 -0.170239 0.270546 5.93794 -0.031826 0.0496002 141.934
452300 13 0.01 0.1 32.9 0.162417 -0.0117892 7.34392 0.0376126 -0.000894149 129.276
453793 13 0.01 0.1 32.9 0.350879 -0.10102 2.38831 0.0263419 -0.00901966 140.891
454967 13 0.01 0.1 32.9 0.491879 0.0122218 3.4211 0.0512848 0.00101011 144.182
455550 13 0.01 0.1 32.9 0.234263 -0.461487 2.08699 0.0135156 -0.0275956 137.007
456507 13 0.01 0.1 32.9 0.397716 -0.158594 5.65315 0.0669757 -0.0275555 155.886
456553 13 0.01 0.1 32.9 0.0369084 0.162574 4.60693 0.00576059 0.0224208 144.889
456765 13 0.01 0.1 32.9 0.416956 0.397923 3.67707 0.0469136 0.0430986 127.663
457319 13 0.01 0.1 32.9 -0.298716 0.49905 0.711559 -0.00579708 0.012569 137.692
459152 13 0.01 0.1 32.9 -0.496236 0.246029 4.55842 -0.0656522 0.0303689 150.376
459512 13 0.01 0.1 32.9 0.0596995 -0.35842 7.29046 0.0128949 -0.0816268 146.217
460379 13 0.01 0.1 32.9 0.0143924 0.440024 4.05533 -0.00103039 0.053582 149.805
461633 13 0.01 0.1 32.9 0.156147 -0.0117177 2.96487 0.0136327 0.000564681 134.759
461653 13 0.01 0.1 32.9 0.113822 0.280723 3.27149 0.00999717 0.0260787 147.201
461907 13 0.01 0.1 32.9 -0.428606 -0.348065 5.80882 -0.0745595 -0.0624071 149.729
462493 13 0.01 0.1 32.9 -0.499907 0.464847 7.94661 -0.12123 0.112574 135.27
465072 13 0.01 0.1 32.9 0.0817676 0.470381 4.33729 0.00807512 0.0616888 148.559
466873 13 0.01 0.1 32.9 0.266597 0.384963 4.01872 0.0309258 0.0450987 146.099
466883 13 0.01 0.1 32.9 -0.289221 0.343974 5.85751 -0.051705 0.0586779 153.344
467110 13 0.01 0.1 32.9 0.138192 -0.365904 11.7603 0.0505551 -0.134102 136.741
467957 13 0.01 0.1 32.9 -0.455831 0.339436 2.79944 -0.0384389 0.0270899 153.735
470080 13 0.01 0.1 32.9 0.46723 -0.0522687 7.43452 0.105652 -0.0113983 145.298
470214 13 0.01 0.1 32.9 -0.199515 0.100812 5.16874 -0.0293133 0.0149301 150.512
470953 13 0.01 0.1 32.9 0.106531 -0.123352 4.18183 0.0129547 -0.0157082 154.132
471178 13 0.01 0.1 32.9 -0.047668 0.119352 4.24719 -0.00513583 0.0149289 136.791
471909 13 0.01 0.1 32.9 0.338298 0.300837 11.6612 0.121219 0.10612 133.08
471978 13 0.01 0.1 32.9 0.05332 -0.394648 4.74885 0.00836823 -0.0578967 153.204
472956 13 0.01 0.1 32.9 0.323601 0.0980333 3.30366 0.0335704 0.00836547 131.494
473125 13 0.01 0.1 32.9 -0.215987 -0.137705 2.73525 -0.0191519 -0.0111975 137.136
473257 13 0.01 0.1 32.9 -0.483968 -0.0707336 6.53975 -0.0951796 -0.0144584 137.781
475800 13 0.01 0.1 32.9 -0.110588 -0.0124446 5.73782 -0.0213904 -0.0023505 149.613
478011 13 0.01 0.1 32.9 -0.28197 0.48689 4.85838 -0.0417599 0.0742056 155.184
478628 13 0.01 0.1 32.9 0.138978 0.220542 2.75889 0.0110055 0.0190276 150.15
479556 13 0.01 0.1 32.9 -0.0457541 0.19455 5.04296 -0.00775289 0.0325358 157.262
480428 13 0.01 0.1 32.9 -0.185523 -0.205101 4.54228 -0.0250623 -0.0292472 152.066
480996 13 0.01 0.1 32.9 0.0944809 -0.174139 3.92287 0.0145518 -0.0187618 142.453
482735 13 0.01 0.1 32.9 0.366796 0.304752 4.79466 0.0508749 0.043673 154.48
484100 13 0.01 0.1 32.9 0.194291 0.144984 2.6824 0.0169962 0.0097745 145.216
485428 13 0.01 0.1 32.9 -0.46064 -0.461212 6.73348 -0.094255 -0.0934032 135.529
485982 13 0.01 0.1 32.9 0.054703 0.130773 4.07181 0.0089767 0.0154644 143.253
487348 13 0.01 0.1 32.9 -0.129874 0.278244 3.59986 -0.0162197 0.0298003 138.034
488501 13 0.01 0.1 32.9 0.255222 -0.0555729 5.18222 0.0404939 -0.00995273 155.471
488702 13 0.01 0.1 32.9 -0.0595384 0.336753 4.23322 -0.00802875 0.0428068 151.507
489113 13 0.01 0.1 32.9 -0.340611 0.228699 3.68292 -0.0397949 0.0247182 154.311
489778 13 0.01 0.1 32.9 0.0609602 -0.189308 10.2577 0.0226706 -0.0612469 139.675
490305 13 0.01 0.1 32.9 -0.106834 -0.340155 1.5774 -0.00321993 -0.0159628 142.01
491841 13 0.01 0.1 32.9 0.221758 0.334363 8.04372 0.0540943 0.0812019 142.71
492608 13 0.01 0.1 32.9 -0.12475 -0.0120833 5.59299 -0.0209667 -0.0010334 146.042
492674 13 0.01 0.1 32.9 -0.376156 -0.105594 6.15716 -0.0706769 -0.0207031 140.426
493997 13 0.01 0.1 32.9 -0.0903432 0.2806 8.4171 -0.0237629 0.072192 143.468
494571 13 0.01 0.1 32.9 -0.37923 -0.127216 6.1214 -0.0710798 -0.020801 138.807
494982 13 0.01 0.1 32.9 0.00383769 -0.434449 3.60447 0.00266438 -0.049245 151.475
495687 13 0.01 0.1 32.9 0.0300216 0.21471 12.5371 0.0106144 0.0832767 135.789
496356 13 0.01 0.1 32.9 0.324708 0.471889 15.5111 0.152646 0.221101 130.752
496535 13 0.01 0.1 32.9 0.129902 -0.436025 6.53887 0.024713 -0.0867434 150.074
496710 13 0.01 0.1 32.9 -0.457221 -0.397481 2.66066 -0.0360122 -0.0307549 138.383
496993 13 0.01 0.1 32.9 -0.484679 0.148043 3.75078 -0.0537657 0.0169178 154.36
498872 13 0.01 0.1 32.9 -0.466967 -0.211406 5.00493 -0.0710925 -0.0330752 129.914
