434 15 0.01 1.3 32.9 -0.123075 -0.290422 7.92349 -0.027866 -0.0700174 18.0858
2348 15 0.01 1.3 32.9 -0.0926075 -0.247699 4.14061 -0.0122198 -0.0315807 17.1246
2586 15 0.01 1.3 32.9 0.340824 0.460152 2.71045 0.0280656 0.0357553 18.2501
2840 15 0.01 1.3 32.9 -0.462103 -0.182735 5.86399 -0.0801133 -0.0342157 16.2885
3296 15 0.01 1.3 32.9 0.158655 0.0414817 4.62607 0.0236307 0.00368549 16.6784
4505 15 0.01 1.3 32.9 -0.23345 -0.316058 1.72353 -0.0129925 -0.0163356 18.1653
5791 15 0.01 1.3 32.9 -0.148325 -0.293124 5.4179 -0.0227303 -0.0485859 19.0589
5915 15 0.01 1.3 32.9 0.135056 0.120278 3.76276 0.0152748 0.01355 18.1751
6099 15 0.01 1.3 32.9 -0.458936 -0.135498 4.20189 -0.0604441 -0.0177124 19.2632
8139 15 0.01 1.3 32.9 0.143607 -0.0422425 2.05803 0.00917762 -0.00324591 16.6606
8816 15 0.01 1.3 32.9 0.259092 0.118311 36.4039 0.286695 0.13127 15.7557
10093 15 0.01 1.3 32.9 0.215674 0.120355 1.46418 0.011155 0.00633394 17.6906
12633 15 0.01 1.3 32.9 0.0268585 -0.215893 3.68886 0.00205248 -0.0233951 18.9272
13103 15 0.01 1.3 32.9 0.240966 -0.290407 5.08974 0.0356795 -0.0444852 18.9073
13324 15 0.01 1.3 32.9 0.499155 0.14165 15.1177 0.228837 0.0616334 16.5189
15515 15 0.01 1.3 32.9 -0.232186 -0.0910413 6.38342 -0.0443743 -0.0162305 15.9018
17489 15 0.01 1.3 32.9 0.452777 0.110463 3.96924 0.0520427 0.0123304 18.6025
18869 15 0.01 1.3 32.9 0.149447 -0.115661 5.00015 0.0208994 -0.0142139 19.5677
20729 15 0.01 1.3 32.9 -0.487434 0.136904 2.31355 -0.0338221 0.00574522 17.5434
22105 15 0.01 1.3 32.9 -0.372119 -0.401975 3.78134 -0.0416039 -0.0483744 17.8253
23571 15 0.01 1.3 32.9 -0.305013 0.410137 5.66611 -0.0525548 0.0715526 18.261
24111 15 0.01 1.3 32.9 0.153439 0.0941136 8.15857 0.0373417 0.0225998 18.2011
25145 15 0.01 1.3 32.9 0.0168083 -0.469367 1.69188 0.0012055 -0.0247951 18.5672
25224 15 0.01 1.3 32.9 -0.489591 0.391556 6.2953 -0.0933429 0.0749456 18.1813
25676 15 0.01 1.3 32.9 0.389824 0.2559 4.91346 0.0558425 0.0391885 18.7877
27600 15 0.01 1.3 32.9 -0.225842 -0.367978 4.21854 -0.0267761 -0.0481297 19.0186
27824 15 0.01 1.3 32.9 0.213026 -0.385115 5.58184 0.0370005 -0.0631363 19.4542
27928 15 0.01 1.3 32.9 -0.183574 -0.295051 10.6574 -0.0605187 -0.0945576 16.9746
28596 15 0.01 1.3 32.9 0.102618 0.333278 3.37219 0.00992985 0.0332322 19.269
28655 15 0.01 1.3 32.9 -0.357819 0.321196 3.20653 -0.0327645 0.0330596 18.3843
28868 15 0.01 1.3 32.9 -0.330614 0.350617 6.59511 -0.0636224 0.0685262 19.0291
30393 15 0.01 1.3 32.9 0.442742 -0.0898427 5.87467 0.0791345 -0.0174799 17.6155
31047 15 0.01 1.3 32.9 0.0553639 -0.314476 5.41213 0.00782812 -0.0514416 19.1097
31084 15 0.01 1.3 32.9 -0.482272 0.205964 3.5256 -0.0523222 0.0213661 18.0394
32918 15 0.01 1.3 32.9 0.0399807 0.400392 4.68301 0.0038278 0.0549074 18.1965
33524 15 0.01 1.3 32.9 -0.202798 0.137366 3.96243 -0.0206195 0.0148824 19.4752
33697 15 0.01 1.3 32.9 -0.408637 0.393557 4.83862 -0.0597074 0.0593493 16.7992
34220 15 0.01 1.3 32.9 0.208912 0.294484 15.042 0.0954876 0.1342 16.4159
38982 15 0.01 1.3 32.9 0.301923 0.0746106 14.3492 0.134293 0.0347 16.4985
39490 15 0.01 1.3 32.9 0.197761 -0.0450997 4.86126 0.0291014 -0.00553302 17.9099
40552 15 0.01 1.3 32.9 -0.0858174 -0.457312 7.06947 -0.0155637 -0.0975465 17.5342
42064 15 0.01 1.3 32.9 0.438967 -0.338614 4.95129 0.0639592 -0.0499262 18.639
42549 15 0.01 1.3 32.9 0.312198 -0.373758 10.7682 0.100885 -0.124305 17.1734
43186 15 0.01 1.3 32.9 -0.445037 0.140779 4.20179 -0.0538367 0.0200565 19.1285
44769 15 0.01 1.3 32.9 -0.340323 0.153784 2.05003 -0.022453 0.00911569 16.4438
47805 15 0.01 1.3 32.9 0.0805299 -0.0528629 6.09886 0.0143881 -0.0108011 17.6489
48140 15 0.01 1.3 32.9 -0.284197 0.28338 6.06843 -0.0517812 0.0541346 19.0401
49478 15 0.01 1.3 32.9 -0.45776 0.269668 4.94317 -0.0678656 0.0407228 18.0504
50020 15 0.01 1.3 32.9 0.331808 -0.189005 6.27814 0.0640975 -0.0381764 18.8789
50557 15 0.01 1.3 32.9 -0.474718 -0.00670015 4.009 -0.0579889 -0.0011098 17.0384
50627 15 0.01 1.3 32.9 0.179886 0.364557 2.36348 0.0136552 0.0260345 16.5667
51582 15 0.01 1.3 32.9 -0.00733458 -0.326214 3.12718 0.000186278 -0.0311292 17.2745
52018 15 0.01 1.3 32.9 0.396015 -0.160671 3.01922 0.0374782 -0.0147815 18.5175
52728 15 0.01 1.3 32.9 -0.376803 -0.209803 12.9291 -0.148384 -0.0827815 16.3794
54630 15 0.01 1.3 32.9 -0.243228 -0.223613 11.1465 -0.0839292 -0.0740777 17.0126
57072 15 0.01 1.3 32.9 -0.0479488 0.194475 9.7846 -0.0148579 0.0585335 17.6535
58689 15 0.01 1.3 32.9 -0.239497 -0.334171 5.76522 -0.0418283 -0.0586769 18.9115
58792 15 0.01 1.3 32.9 0.0143404 -0.278289 3.62298 0.00160109 -0.0295411 19.2954
59322 15 0.01 1.3 32.9 -0.0235501 0.0111471 7.49157 -0.00928545 0.00116652 18.431
59956 15 0.01 1.3 32.9 -0.0486198 -0.185223 1.16393 -0.00143322 -0.00512842 17.8007
61015 15 0.01 1.3 32.9 -0.0743377 -0.478283 4.57328 -0.00795262 -0.0676447 19.4696
62240 15 0.01 1.3 32.9 -0.316777 0.387952 5.25614 -0.0507224 0.0638337 18.5446
63612 15 0.01 1.3 32.9 0.0324552 0.228747 4.46552 0.00324413 0.0301575 19.2589
64071 15 0.01 1.3 32.9 0.247241 -0.217214 6.29263 0.0464574 -0.0430886 18.1938
65617 15 0.01 1.3 32.9 -0.379376 0.240368 6.39408 -0.0735324 0.0450336 18.1858
65956 15 0.01 1.3 32.9 -0.0802026 -0.0980541 7.13665 -0.0188188 -0.0216768 16.297
66728 15 0.01 1.3 32.9 -0.181702 -0.140927 0.661222 8.17023e-05 -0.00710531 16.12
66742 15 0.01 1.3 32.9 0.0721989 0.215906 6.41601 0.0166375 0.0417805 18.6904
67743 15 0.01 1.3 32.9 0.424718 -0.248493 3.59774 0.0462389 -0.0268361 17.8242
67804 15 0.01 1.3 32.9 -0.492336 0.114373 4.81994 -0.0700873 0.0164495 19.2503
67900 15 0.01 1.3 32.9 -0.115744 0.0535753 5.48567 -0.0209202 0.00840179 17.626
67902 15 0.01 1.3 32.9 -0.30794 -0.365547 6.24744 -0.0573392 -0.0644946 18.0248
67975 15 0.01 1.3 32.9 -0.101126 0.325906 13.3067 -0.0398697 0.13559 16.7435
69707 15 0.01 1.3 32.9 0.34956 0.00951747 12.46 0.131661 0.00367845 16.049
73316 15 0.01 1.3 32.9 -0.472185 0.310874 2.34669 -0.0331327 0.02102 17.9787
73382 15 0.01 1.3 32.9 -0.296185 -0.321123 9.81666 -0.0877715 -0.0940667 16.0601
73695 15 0.01 1.3 32.9 -0.133215 0.224916 4.61746 -0.0190021 0.0313985 17.3325
73850 15 0.01 1.3 32.9 0.423621 0.0283182 4.1198 0.0552257 0.00170131 16.9664
75047 15 0.01 1.3 32.9 0.243454 0.0281991 3.49 0.026172 0.00256085 19.082
76148 15 0.01 1.3 32.9 0.15484 0.40891 23.5096 0.110632 0.289806 16.0706
76391 15 0.01 1.3 32.9 0.166553 -0.435879 4.49252 0.0212072 -0.0579503 19.5562
77624 15 0.01 1.3 32.9 0.0860861 0.175485 5.56061 0.0129166 0.0298721 19.1608
77942 15 0.01 1.3 32.9 -0.100058 0.31822 13.6982 -0.0414201 0.131965 16.6215
82858 15 0.01 1.3 32.9 0.0679953 -0.313796 31.6169 0.0650851 -0.298779 15.781
83647 15 0.01 1.3 32.9 -0.136601 0.496141 8.80383 -0.0383356 0.129441 17.5992
84071 15 0.01 1.3 32.9 0.318262 -0.261997 2.59087 0.0260135 -0.0228562 18.8325
86182 15 0.01 1.3 32.9 -0.453279 -0.271698 4.03987 -0.0569835 -0.0340113 19.1576
86686 15 0.01 1.3 32.9 -0.158251 0.34184 3.9133 -0.0169995 0.0386017 18.6976
87256 15 0.01 1.3 32.9 -0.166024 0.348953 6.45445 -0.0337167 0.0714273 18.2845
88402 15 0.01 1.3 32.9 -0.318722 0.140816 3.40113 -0.0339238 0.016172 16.599
88726 15 0.01 1.3 32.9 0.131984 -0.347059 4.96876 0.0205005 -0.0542492 19.2679
89385 15 0.01 1.3 32.9 -0.0802331 0.319684 4.24167 -0.0109651 0.0413014 16.9663
89986 15 0.01 1.3 32.9 -0.485479 -0.0188322 4.58636 -0.0702324 -0.00388645 17.0362
90889 15 0.01 1.3 32.9 0.111292 0.355934 5.07239 0.0158498 0.0562225 18.954
92741 15 0.01 1.3 32.9 -0.258492 0.072172 5.77487 -0.0461124 0.0131134 17.2468
93979 15 0.01 1.3 32.9 -0.0570694 -0.169785 2.71354 -0.00376883 -0.0146195 19.059
94332 15 0.01 1.3 32.9 0.0164384 0.475698 5.77613 0.0036342 0.0811708 18.5172
94597 15 0.01 1.3 32.9 -0.303969 -0.499394 5.46174 -0.0523869 -0.082864 18.8679
95990 15 0.01 1.3 32.9 0.137275 -0.0745164 6.26564 0.0278962 -0.0148893 18.3984
96080 15 0.01 1.3 32.9 0.0961617 0.280335 6.97192 0.0205897 0.0588457 16.5402
98407 15 0.01 1.3 32.9 -0.0243549 0.178259 13.5585 -0.0113559 0.071726 16.5869
100870 15 0.01 1.3 32.9 -0.435436 -0.480933 5.68084 -0.0736518 -0.0842094 19.3339
101026 15 0.01 1.3 32.9 0.275091 -0.0915281 7.88854 0.0669983 -0.0249246 17.6887
102296 15 0.01 1.3 32.9 0.369199 -0.317956 6.21861 0.0713197 -0.06051 19.2147
102525 15 0.01 1.3 32.9 0.357103 0.440168 1.5599 0.0178995 0.0200297 17.0331
102646 15 0.01 1.3 32.9 0.222531 0.288483 12.934 0.088942 0.115779 16.3389
103917 15 0.01 1.3 32.9 0.177542 0.351803 5.06471 0.0288401 0.0532395 19.5153
104095 15 0.01 1.3 32.9 0.157486 0.0022899 4.45909 0.0195262 3.30126e-05 19.4319
105041 15 0.01 1.3 32.9 0.485157 -0.388561 5.43803 0.0811034 -0.0659998 19.2316
105187 15 0.01 1.3 32.9 -0.402625 -0.46154 8.74509 -0.1098 -0.124384 17.3151
105590 15 0.01 1.3 32.9 -0.407393 -0.257824 5.99097 -0.0737667 -0.0467532 19.2862
105808 15 0.01 1.3 32.9 -0.0867574 0.231141 4.64549 -0.0123538 0.0314731 19.4041
106137 15 0.01 1.3 32.9 0.140053 -0.35865 3.51471 0.0138207 -0.0361095 18.5602
106229 15 0.01 1.3 32.9 0.115682 0.271268 2.75647 0.0123443 0.022152 16.1009
107551 15 0.01 1.3 32.9 -0.12363 -0.264425 2.98393 -0.01227 -0.0245763 17.536
107863 15 0.01 1.3 32.9 0.119986 0.00155306 8.3831 0.031098 0.000408127 17.4553
108223 15 0.01 1.3 32.9 -0.480634 -0.374977 3.46402 -0.0525417 -0.0379987 18.548
108558 15 0.01 1.3 32.9 0.0515463 0.430017 3.81258 0.0062793 0.0495568 16.5365
109484 15 0.01 1.3 32.9 -0.46068 -0.484291 1.95771 -0.0275756 -0.0313402 18.5899
111297 15 0.01 1.3 32.9 -0.0630477 -0.0111889 14.167 -0.027945 -0.00239025 16.7124
112655 15 0.01 1.3 32.9 0.418562 0.211147 1.43124 0.0222098 0.00960873 17.9416
112908 15 0.01 1.3 32.9 -0.236412 0.158514 3.25367 -0.0243608 0.0163894 16.2383
113099 15 0.01 1.3 32.9 0.154585 -0.384129 4.54555 0.0216133 -0.053919 17.8177
113222 15 0.01 1.3 32.9 -0.19582 -0.468115 6.34271 -0.0388256 -0.0910354 17.4232
113903 15 0.01 1.3 32.9 0.0602097 -0.118294 3.2902 0.00649361 -0.0148652 15.9441
115360 15 0.01 1.3 32.9 0.470484 -0.145248 9.23496 0.132208 -0.040297 16.4665
117089 15 0.01 1.3 32.9 -0.425441 -0.00426371 5.68538 -0.0726375 -0.00080423 17.7943
117650 15 0.01 1.3 32.9 -0.2319 -0.126561 4.3663 -0.0316002 -0.0156528 18.1614
120274 15 0.01 1.3 32.9 0.20484 -0.472219 1.73495 0.00628755 -0.0244349 17.4277
121811 15 0.01 1.3 32.9 -0.374244 0.157593 3.69741 -0.041072 0.0173117 17.409
122070 15 0.01 1.3 32.9 -0.360479 -0.410493 6.977 -0.0767573 -0.088861 17.7658
123068 15 0.01 1.3 32.9 -0.153647 0.17259 6.85561 -0.0342313 0.0349578 18.5657
123481 15 0.01 1.3 32.9 0.427445 -0.110393 2.61 0.0341994 -0.00686683 17.3738
124423 15 0.01 1.3 32.9 -0.32472 -0.0138316 12.9259 -0.130362 -0.00692201 15.7806
125573 15 0.01 1.3 32.9 -0.0872815 0.0450882 5.3597 -0.0143277 0.00774405 17.9081
125728 15 0.01 1.3 32.9 -0.205346 0.156853 4.56364 -0.0291589 0.0226079 19.3623
125993 15 0.01 1.3 32.9 -0.417278 -0.364257 2.58878 -0.0323589 -0.0282767 17.3025
126248 15 0.01 1.3 32.9 0.096468 0.455333 10.2518 0.0295494 0.141446 16.1802
126961 15 0.01 1.3 32.9 0.35591 -0.422999 2.47325 0.0280184 -0.0326507 18.756
127211 15 0.01 1.3 32.9 -0.225522 -0.446371 16.115 -0.11034 -0.220344 16.4592
127230 15 0.01 1.3 32.9 0.488282 0.203757 3.63932 0.0538978 0.0208011 18.8314
129523 15 0.01 1.3 32.9 0.00740249 0.0306589 7.66572 0.00124406 0.00655475 17.4607
130103 15 0.01 1.3 32.9 -0.195411 -0.231249 2.8418 -0.0172884 -0.0182834 17.2433
130123 15 0.01 1.3 32.9 -0.310404 0.0347376 4.92337 -0.0446649 0.00548069 16.7251
131989 15 0.01 1.3 32.9 0.421793 -0.206638 8.4482 0.108044 -0.0534424 16.5908
132114 15 0.01 1.3 32.9 0.00644784 -0.008414 9.57707 0.00104583 -0.00425662 16.5249
132530 15 0.01 1.3 32.9 0.275851 -0.486379 0.603503 0.00566757 -0.0118201 17.6319
132676 15 0.01 1.3 32.9 -0.428729 -0.488274 7.11999 -0.0914388 -0.107996 18.4516
133530 15 0.01 1.3 32.9 0.343965 0.375995 6.80232 0.0713103 0.0782829 18.8392
134096 15 0.01 1.3 32.9 -0.183777 0.212734 6.28346 -0.0342983 0.0417492 17.9834
135057 15 0.01 1.3 32.9 -0.423028 0.109227 4.52782 -0.058548 0.0170354 18.719
135228 15 0.01 1.3 32.9 -0.292233 -0.160629 6.19028 -0.0551019 -0.0299305 17.8297
135525 15 0.01 1.3 32.9 -0.0344346 0.0384624 2.13855 -0.0042849 0.00201694 17.5354
136895 15 0.01 1.3 32.9 -0.136285 0.324821 6.36624 -0.0255872 0.0624121 18.3835
137144 15 0.01 1.3 32.9 -0.0478505 0.492743 5.95454 -0.00859945 0.087566 18.77
137820 15 0.01 1.3 32.9 -0.0960177 0.16786 8.9962 -0.0255971 0.0439661 17.04
138831 15 0.01 1.3 32.9 -0.0982461 -0.0142775 6.93194 -0.0216101 -0.00646064 18.0148
139492 15 0.01 1.3 32.9 0.480837 -0.42416 3.36092 0.0473926 -0.0425944 17.3972
140680 15 0.01 1.3 32.9 0.448514 0.360198 1.68201 0.0221159 0.015546 19.0853
141433 15 0.01 1.3 32.9 -0.238598 0.165047 3.30929 -0.0251323 0.0170895 16.6184
141509 15 0.01 1.3 32.9 0.234016 -0.181563 6.4538 0.0470161 -0.0350763 17.2783
142246 15 0.01 1.3 32.9 0.0496247 0.47714 10.2234 0.0162799 0.147505 17.1674
142659 15 0.01 1.3 32.9 0.339148 -0.365737 11.8221 0.118557 -0.132426 16.8432
143757 15 0.01 1.3 32.9 -0.118438 -0.156856 4.64889 -0.0155571 -0.0213677 18.1751
144218 15 0.01 1.3 32.9 -0.0662867 0.143976 13.6188 -0.0253684 0.0606954 16.6082
144993 15 0.01 1.3 32.9 -0.339216 0.140125 5.36512 -0.0558553 0.0212729 17.4493
145612 15 0.01 1.3 32.9 -0.307532 -0.0830348 5.8536 -0.0545183 -0.0153055 17.8776
145788 15 0.01 1.3 32.9 -0.441535 0.0164004 12.788 -0.170813 0.00734902 16.7791
146213 15 0.01 1.3 32.9 -0.352041 -0.160778 3.61921 -0.0385179 -0.0166412 18.0233
146684 15 0.01 1.3 32.9 -0.120301 0.217566 4.94601 -0.0211011 0.0291153 18.7203
147721 15 0.01 1.3 32.9 0.400677 -0.449803 3.02981 0.0358072 -0.0439071 18.3172
150197 15 0.01 1.3 32.9 -0.417898 -0.0264074 2.30531 -0.028814 -0.00439684 19.17
150595 15 0.01 1.3 32.9 0.0572002 0.369137 5.49586 0.00992438 0.0647545 18.3819
151447 15 0.01 1.3 32.9 -0.231408 -0.459056 1.38654 -0.0119683 -0.0194866 16.5354
151476 15 0.01 1.3 32.9 -0.285047 0.278073 6.56166 -0.0587997 0.0566301 18.5092
152719 15 0.01 1.3 32.9 0.225415 0.102752 6.35769 0.0443092 0.0196807 17.47
154201 15 0.01 1.3 32.9 -0.355578 0.123328 5.4496 -0.0592467 0.0193565 19.2639
154288 15 0.01 1.3 32.9 0.198199 -0.244245 3.13782 0.0190174 -0.0213591 16.7354
154536 15 0.01 1.3 32.9 -0.244249 0.071827 6.6966 -0.0497178 0.0152216 18.2431
154782 15 0.01 1.3 32.9 -0.18799 -0.0860312 2.63771 -0.0150158 -0.00571547 18.2403
156597 15 0.01 1.3 32.9 0.0394719 -0.204319 12.9987 0.0173857 -0.0781816 16.9189
156768 15 0.01 1.3 32.9 0.299478 -0.446899 10.9083 0.100202 -0.147492 17.0015
157847 15 0.01 1.3 32.9 -0.0212199 0.331874 8.74993 -0.00443552 0.0896908 15.7758
157945 15 0.01 1.3 32.9 0.0305171 0.281004 7.4576 0.00596864 0.0625328 17.6969
158095 15 0.01 1.3 32.9 -0.402723 -0.269923 6.5853 -0.079735 -0.0549359 17.5834
158225 15 0.01 1.3 32.9 -0.170782 -0.24598 12.1741 -0.0629508 -0.0911941 17.0915
161914 15 0.01 1.3 32.9 0.487169 -0.374274 6.02012 0.0905348 -0.0689082 17.7769
162512 15 0.01 1.3 32.9 0.22444 -0.278501 3.04813 0.0211778 -0.0261919 16.0206
163768 15 0.01 1.3 32.9 -0.199112 0.280445 7.48757 -0.0434836 0.0627407 17.6944
164028 15 0.01 1.3 32.9 0.462909 -0.044802 4.36134 0.0614983 -0.00828749 19.3873
164115 15 0.01 1.3 32.9 0.300539 0.0990523 6.4817 0.0582777 0.0210607 17.2254
165178 15 0.01 1.3 32.9 0.140205 -0.397141 11.6581 0.0500739 -0.140709 16.3339
165858 15 0.01 1.3 32.9 -0.437613 -0.170379 2.61446 -0.0357598 -0.0131797 18.076
166039 15 0.01 1.3 32.9 0.417726 0.400401 8.31354 0.104082 0.10159 18.279
168283 15 0.01 1.3 32.9 -0.396767 0.062058 21.0097 -0.254306 0.0404325 16.1368
169118 15 0.01 1.3 32.9 -0.436813 0.366731 2.465 -0.0333638 0.0293073 17.5102
170526 15 0.01 1.3 32.9 0.385206 0.295795 5.52734 0.0658486 0.0499649 19.4875
171823 15 0.01 1.3 32.9 -0.13511 0.0399779 4.30809 -0.0176525 0.00430106 19.1726
174296 15 0.01 1.3 32.9 -0.00167678 -0.45558 8.9985 -0.00144856 -0.122839 17.6108
174852 15 0.01 1.3 32.9 -0.381889 -0.226114 11.1665 -0.129199 -0.0753179 17.0474
175120 15 0.01 1.3 32.9 -0.0327417 -0.0160835 6.38203 -0.00643043 -0.00226572 15.982
175984 15 0.01 1.3 32.9 0.447919 0.193804 8.83129 0.12048 0.0547317 17.8324
177089 15 0.01 1.3 32.9 0.0786466 0.223793 9.64628 0.0258856 0.0649013 17.4445
177205 15 0.01 1.3 32.9 -0.159511 0.380973 5.20613 -0.0243342 0.0605608 18.6584
178523 15 0.01 1.3 32.9 -0.345036 -0.236151 8.10149 -0.0846509 -0.0574468 16.7916
179766 15 0.01 1.3 32.9 0.300834 -0.449103 4.33342 0.0415692 -0.0588934 19.0421
180263 15 0.01 1.3 32.9 -0.491741 0.316482 1.23007 -0.0173886 0.0128001 16.7159
181943 15 0.01 1.3 32.9 0.0349265 0.201001 2.11716 0.0014703 0.0138638 19.0962
182227 15 0.01 1.3 32.9 -0.407775 -0.206463 7.07296 -0.0869942 -0.0445781 18.0415
184780 15 0.01 1.3 32.9 0.364412 -0.0100901 3.70971 0.0435007 -0.00192313 18.3231
185078 15 0.01 1.3 32.9 0.202293 -0.128695 4.98018 0.032675 -0.0167338 17.3798
185138 15 0.01 1.3 32.9 0.10433 0.130062 4.68607 0.0144753 0.0153169 19.361
186328 15 0.01 1.3 32.9 -0.308503 0.125603 4.92772 -0.0444305 0.017214 17.3368
186502 15 0.01 1.3 32.9 -0.0521627 -0.448484 3.18028 -0.00359144 -0.0438705 17.8105
186522 15 0.01 1.3 32.9 -0.235597 -0.0810356 9.46917 -0.0696892 -0.0242728 17.7466
187918 15 0.01 1.3 32.9 0.193723 -0.27844 9.74046 0.0567886 -0.0794649 17.2038
188032 15 0.01 1.3 32.9 0.192706 0.104702 2.91734 0.0152125 0.00963862 18.4153
188619 15 0.01 1.3 32.9 0.150744 0.433446 9.21465 0.0386718 0.118998 17.4026
190885 15 0.01 1.3 32.9 -0.147046 -0.125863 1.31707 -0.00562246 -0.00333141 17.5107
192858 15 0.01 1.3 32.9 -0.222771 0.0852907 7.71553 -0.0522564 0.0197509 18.5141
194826 15 0.01 1.3 32.9 -0.411186 -0.473991 8.62095 -0.10634 -0.123514 17.5347
194831 15 0.01 1.3 32.9 0.486175 0.246034 6.83649 0.0995442 0.0530636 17.7612
195868 15 0.01 1.3 32.9 0.0323527 -0.184519 5.35248 0.00579249 -0.0298826 19.0698
197003 15 0.01 1.3 32.9 0.0387488 0.465184 5.9807 0.00832308 0.0845284 19.1192
197370 15 0.01 1.3 32.9 -0.377709 -0.1584 8.63048 -0.100359 -0.0424205 18.0824
197813 15 0.01 1.3 32.9 -0.379831 0.00624151 3.382 -0.037003 0.000889823 18.1963
198204 15 0.01 1.3 32.9 0.253255 -0.156922 7.2795 0.0579819 -0.0331891 18.6435
198473 15 0.01 1.3 32.9 0.170064 0.299756 4.6982 0.0242905 0.0406896 19.1433
199107 15 0.01 1.3 32.9 0.464405 -0.125138 3.13255 0.0456232 -0.0131605 18.3911
199382 15 0.01 1.3 32.9 -0.393207 0.079212 3.68117 -0.044523 0.0107785 19.0211
200124 15 0.01 1.3 32.9 0.385697 0.430894 2.86718 0.0334553 0.0359515 17.9172
202529 15 0.01 1.3 32.9 -0.313971 -0.0950859 5.92992 -0.0561178 -0.0153968 18.0729
202826 15 0.01 1.3 32.9 0.42457 0.136944 5.98147 0.0786671 0.0251923 17.38
203021 15 0.01 1.3 32.9 -0.479508 -0.103068 3.55979 -0.0526946 -0.0100404 18.7126
203065 15 0.01 1.3 32.9 -0.272254 0.386132 4.40327 -0.0383892 0.0528124 16.1138
203575 15 0.01 1.3 32.9 -0.32879 0.0212542 3.14368 -0.0318726 0.00265163 17.8683
204139 15 0.01 1.3 32.9 0.12018 0.309557 5.10899 0.0195661 0.0471228 17.7872
205053 15 0.01 1.3 32.9 -0.263357 -0.11053 14.4754 -0.116989 -0.0498684 16.5897
205691 15 0.01 1.3 32.9 0.461876 0.285013 7.45749 0.104789 0.0635914 18.1419
205963 15 0.01 1.3 32.9 -0.14612 -0.43665 8.61203 -0.038563 -0.114341 16.5615
206639 15 0.01 1.3 32.9 0.346491 -0.196719 3.54009 0.0389589 -0.0214512 19.0697
208038 15 0.01 1.3 32.9 0.410206 0.368717 8.38848 0.104039 0.0948064 18.2196
208137 15 0.01 1.3 32.9 0.426047 -0.0204168 3.6435 0.0481702 -0.00121206 18.9368
209513 15 0.01 1.3 32.9 0.477365 0.498485 6.90211 0.0996171 0.103418 18.9328
210411 15 0.01 1.3 32.9 0.291934 0.219701 11.8243 0.105023 0.0781012 16.5655
211197 15 0.01 1.3 32.9 0.413978 -0.309119 9.52789 0.119323 -0.0911819 17.5446
212028 15 0.01 1.3 32.9 -0.447581 -0.461277 13.7384 -0.183909 -0.192168 16.2988
214136 15 0.01 1.3 32.9 -0.376533 0.415121 6.83061 -0.0778588 0.0869743 17.978
214143 15 0.01 1.3 32.9 0.193494 0.169905 5.08095 0.0316332 0.025577 17.8035
214660 15 0.01 1.3 32.9 0.213148 -0.234506 8.56152 0.0550131 -0.0619845 17.967
215249 15 0.01 1.3 32.9 -0.0665364 0.169586 2.37108 -0.00520316 0.0121535 17.6353
216017 15 0.01 1.3 32.9 -0.420436 -0.0926712 11.694 -0.148674 -0.0346256 16.4171
216836 15 0.01 1.3 32.9 -0.34058 -0.189674 4.12009 -0.0439908 -0.0264308 17.2912
218861 15 0.01 1.3 32.9 0.189551 0.455608 22.2778 0.130064 0.309644 15.965
220103 15 0.01 1.3 32.9 -0.175447 0.44499 11.2702 -0.057758 0.152669 17.0175
221044 15 0.01 1.3 32.9 -0.364576 0.304576 2.91157 -0.0308449 0.0258825 19.1031
222477 15 0.01 1.3 32.9 0.395962 0.133287 2.03358 0.0252506 0.00641291 17.7073
222507 15 0.01 1.3 32.9 0.302674 0.313027 2.07278 0.0177729 0.0206743 15.8227
224297 15 0.01 1.3 32.9 -0.141033 -0.143558 3.49518 -0.015557 -0.0168886 18.9097
224882 15 0.01 1.3 32.9 0.0428752 -0.357353 2.99961 0.00431155 -0.0330215 17.8247
225541 15 0.01 1.3 32.9 0.289673 -0.214036 4.21511 0.0362295 -0.0256033 18.8854
227281 15 0.01 1.3 32.9 -0.355683 0.08948 8.23149 -0.0892125 0.0244111 17.803
228853 15 0.01 1.3 32.9 -0.0682894 0.00645673 12.5884 -0.0264369 -0.000363612 16.1311
229958 15 0.01 1.3 32.9 -0.259657 0.453588 3.65108 -0.0284246 0.0511766 19.4186
231446 15 0.01 1.3 32.9 0.386139 -0.0686435 2.27695 0.0250521 -0.00425529 18.8454
233704 15 0.01 1.3 32.9 -0.27649 0.433606 1.14071 -0.010007 0.0154234 17.847
235536 15 0.01 1.3 32.9 -0.260734 -0.229374 6.55361 -0.0521166 -0.0457096 17.6823
236861 15 0.01 1.3 32.9 0.322583 0.241965 2.42126 0.0214238 0.0175023 18.6063
238012 15 0.01 1.3 32.9 -0.0726983 -0.329616 7.9537 -0.017592 -0.0799586 17.8631
238416 15 0.01 1.3 32.9 0.283933 0.14118 2.29483 0.0197072 0.0086298 17.1951
241047 15 0.01 1.3 32.9 0.0671581 0.452923 5.78176 0.0131891 0.0786608 19.1227
241118 15 0.01 1.3 32.9 0.465429 0.215864 8.25393 0.118725 0.0553404 16.442
243245 15 0.01 1.3 32.9 0.0173169 -0.154786 13.22 0.00790918 -0.060944 16.2185
243422 15 0.01 1.3 32.9 0.276714 -0.417275 5.57278 0.0480845 -0.0714119 18.6797
244199 15 0.01 1.3 32.9 -0.393605 -0.061081 3.10458 -0.0372665 -0.00589033 18.1737
244486 15 0.01 1.3 32.9 -0.400651 0.257372 6.8524 -0.0821697 0.0543544 18.1477
244612 15 0.01 1.3 32.9 0.232913 -0.485459 3.13404 0.0216119 -0.0474265 18.386
244902 15 0.01 1.3 32.9 -0.141492 0.0762658 5.6866 -0.0241529 0.0130004 19.3572
245710 15 0.01 1.3 32.9 -0.355132 -0.190049 8.43903 -0.0893453 -0.0469217 15.9579
246652 15 0.01 1.3 32.9 -0.443546 0.0596747 9.76183 -0.130521 0.0195308 16.6392
248025 15 0.01 1.3 32.9 -0.156124 -0.466855 8.2162 -0.039918 -0.114944 17.6096
248999 15 0.01 1.3 32.9 0.332546 0.0239156 3.18552 0.0309528 0.0026184 18.5278
249423 15 0.01 1.3 32.9 -0.4186 -0.29273 11.1308 -0.141736 -0.100123 16.4471
249959 15 0.01 1.3 32.9 0.0801983 0.0650605 1.99635 0.00285013 0.00591758 18.394
253429 15 0.01 1.3 32.9 0.175397 -0.0525905 6.48801 0.0343392 -0.00934912 18.5756
254356 15 0.01 1.3 32.9 -0.170873 -0.0907887 2.25978 -0.0125634 -0.00520279 17.6339
255219 15 0.01 1.3 32.9 -0.0285964 -0.375418 7.34354 -0.00433863 -0.0831363 16.9896
257347 15 0.01 1.3 32.9 -0.454324 -0.244432 18.883 -0.259372 -0.139347 16.1251
259308 15 0.01 1.3 32.9 -0.0841409 0.29727 5.85834 -0.0139973 0.0535058 15.9527
259658 15 0.01 1.3 32.9 -0.149556 0.309533 5.95503 -0.0264286 0.057027 16.832
260007 15 0.01 1.3 32.9 -0.294618 0.414464 5.81102 -0.0544489 0.072551 18.1474
261204 15 0.01 1.3 32.9 0.129911 0.260183 10.9058 0.0426841 0.0849153 16.245
261489 15 0.01 1.3 32.9 -0.0120694 0.386991 8.18148 -0.000238414 0.0984569 16.563
262547 15 0.01 1.3 32.9 -0.19956 -0.135429 12.4759 -0.0763704 -0.0518472 16.4759
262824 15 0.01 1.3 32.9 -0.173255 0.442185 5.98175 -0.0326246 0.0822127 19.2246
264000 15 0.01 1.3 32.9 0.0935851 -0.161766 5.78981 0.0171824 -0.0319134 16.8349
264353 15 0.01 1.3 32.9 0.105612 -0.059086 6.48171 0.0215773 -0.0111818 16.2266
266099 15 0.01 1.3 32.9 0.400105 0.188838 5.04091 0.0633666 0.0310903 18.4664
266333 15 0.01 1.3 32.9 -0.219361 -0.0657891 5.03192 -0.0352792 -0.00808312 19.5415
267239 15 0.01 1.3 32.9 -0.355576 -0.0542147 18.8673 -0.204445 -0.0309473 16.1177
267294 15 0.01 1.3 32.9 -0.23448 0.07615 2.02054 -0.0156839 0.00268967 16.4284
268734 15 0.01 1.3 32.9 0.377982 -0.238781 10.6125 0.123667 -0.0774248 16.531
269631 15 0.01 1.3 32.9 0.363536 -0.149303 6.17324 0.0683619 -0.0254616 18.49
270069 15 0.01 1.3 32.9 0.40103 0.275685 4.4837 0.05642 0.0377844 19.4415
270647 15 0.01 1.3 32.9 -0.385527 -0.24234 0.855345 -0.00780112 -0.00589515 16.4614
274226 15 0.01 1.3 32.9 0.143406 -0.109002 5.55256 0.0242358 -0.0168753 16.219
274343 15 0.01 1.3 32.9 -0.281033 -0.348847 4.848 -0.0426888 -0.0543141 18.6445
275232 15 0.01 1.3 32.9 0.429205 0.00101828 7.2896 0.0954437 0.000962413 16.4328
276377 15 0.01 1.3 32.9 -0.357545 0.430909 12.9962 -0.143001 0.171634 16.6912
276961 15 0.01 1.3 32.9 -0.262851 -0.284137 5.91586 -0.0476764 -0.051935 18.7482
277323 15 0.01 1.3 32.9 -0.195954 0.118523 6.77159 -0.0390797 0.0220049 17.1775
277363 15 0.01 1.3 32.9 -0.30791 0.0319615 7.83826 -0.0691334 0.00812428 17.9564
277413 15 0.01 1.3 32.9 0.208946 -0.257267 6.98114 0.0448865 -0.0546919 16.3433
279413 15 0.01 1.3 32.9 0.347479 -0.404291 6.13803 0.0632979 -0.0762681 18.7045
280370 15 0.01 1.3 32.9 0.255179 -0.30322 35.6409 0.275228 -0.325086 15.7908
280530 15 0.01 1.3 32.9 0.224082 -0.377208 6.41016 0.0443137 -0.0744306 17.8819
280612 15 0.01 1.3 32.9 0.214913 0.223919 9.89115 0.0641628 0.0691101 16.8727
280725 15 0.01 1.3 32.9 0.287969 -0.0304088 5.76589 0.050461 -0.0039934 18.0098
280739 15 0.01 1.3 32.9 0.150699 -0.144431 9.32624 0.0429656 -0.0405765 16.336
281143 15 0.01 1.3 32.9 0.127921 0.287363 11.643 0.0425341 0.101534 16.5767
281242 15 0.01 1.3 32.9 0.363883 -0.357886 14.342 0.159607 -0.155896 16.6287
283871 15 0.01 1.3 32.9 0.327885 0.424235 5.94848 0.0593016 0.0804187 19.0102
284443 15 0.01 1.3 32.9 0.260925 0.100282 3.90872 0.0306926 0.012959 18.8552
284798 15 0.01 1.3 32.9 -0.177652 -0.141615 5.48844 -0.0299809 -0.0247861 16.6167
284940 15 0.01 1.3 32.9 0.306405 -0.378206 7.12609 0.0660911 -0.0835923 18.5792
285534 15 0.01 1.3 32.9 -0.0235411 -0.280219 10.8104 -0.00726054 -0.0911883 16.0257
289561 15 0.01 1.3 32.9 -0.10902 -0.242742 10.3303 -0.0335161 -0.0753813 15.8405
290776 15 0.01 1.3 32.9 0.26004 0.408834 7.7925 0.0625613 0.09852 18.2483
291534 15 0.01 1.3 32.9 0.105676 0.0800033 7.97101 0.0253093 0.0225079 17.2915
291699 15 0.01 1.3 32.9 0.25111 -0.13907 4.88374 0.0377413 -0.0188598 19.2209
292560 15 0.01 1.3 32.9 0.132751 0.0588583 4.10382 0.0170167 0.00840718 17.8569
292807 15 0.01 1.3 32.9 -0.419653 -0.0674469 13.8463 -0.175257 -0.0290048 16.702
293165 15 0.01 1.3 32.9 -0.124695 -0.376036 10.3525 -0.0396305 -0.117123 16.8027
294753 15 0.01 1.3 32.9 0.160874 -0.0493369 6.43135 0.0317502 -0.00978425 17.1243
294805 15 0.01 1.3 32.9 0.485949 0.392452 8.65148 0.127159 0.102581 17.8003
295875 15 0.01 1.3 32.9 -0.0225676 0.472238 3.1547 -0.00108853 0.0458161 19.2738
297756 15 0.01 1.3 32.9 0.250963 0.249622 7.97888 0.0619442 0.0591162 16.7089
298852 15 0.01 1.3 32.9 -0.0344163 0.284586 4.46336 -0.00419249 0.0359619 19.0251
299561 15 0.01 1.3 32.9 0.272036 0.20666 2.49052 0.0217421 0.0158896 15.9018
299911 15 0.01 1.3 32.9 0.0941979 -0.0919829 3.9153 0.0102802 -0.0110087 18.6026
303689 15 0.01 1.3 32.9 -0.0723165 -0.1002 6.56539 -0.0178009 -0.0196833 17.7707
303738 15 0.01 1.3 32.9 0.156514 0.0284987 7.54789 0.0361403 0.00938343 16.7167
304013 15 0.01 1.3 32.9 -0.0235948 -0.483958 1.01442 -0.00270486 -0.0142971 18.2153
305226 15 0.01 1.3 32.9 -0.0561378 -0.284357 4.73053 -0.0085339 -0.0424094 18.3059
305242 15 0.01 1.3 32.9 0.167853 0.0389215 6.47576 0.0321236 0.0075685 18.4694
305632 15 0.01 1.3 32.9 -0.171548 0.355885 7.67176 -0.0401865 0.0853729 17.7473
306128 15 0.01 1.3 32.9 0.486337 -0.2185 6.27379 0.0925187 -0.0417675 16.708
307909 15 0.01 1.3 32.9 -0.312363 -0.484774 1.97002 -0.0164526 -0.0288168 17.6973
307927 15 0.01 1.3 32.9 0.286561 0.0243455 11.0069 0.0974087 0.0082029 17.0224
307945 15 0.01 1.3 32.9 -0.458429 -0.267733 6.28364 -0.087578 -0.0502043 18.5772
308585 15 0.01 1.3 32.9 -0.344502 -0.461283 5.37472 -0.0545545 -0.0774722 18.4303
309121 15 0.01 1.3 32.9 -0.0591424 0.442344 5.44163 -0.00975403 0.0742512 18.7568
310474 15 0.01 1.3 32.9 0.425296 -0.224797 12.8607 0.168088 -0.0902271 16.4762
313073 15 0.01 1.3 32.9 -0.157983 -0.153555 4.51221 -0.0205736 -0.0188019 18.8376
313245 15 0.01 1.3 32.9 -0.227926 -0.0456084 11.4082 -0.077869 -0.0179671 16.3644
313824 15 0.01 1.3 32.9 -0.389569 0.446654 2.8402 -0.0371327 0.0402191 19.1828
313958 15 0.01 1.3 32.9 -0.0197012 0.458857 5.56984 -0.00350379 0.0782841 19.3534
314842 15 0.01 1.3 32.9 -0.264352 0.0468445 5.23629 -0.0427025 0.00746695 16.4124
315310 15 0.01 1.3 32.9 0.141444 0.191286 4.42065 0.0199839 0.0228558 18.6767
316078 15 0.01 1.3 32.9 -0.33429 -0.283436 7.85671 -0.0807067 -0.06766 16.8486
318328 15 0.01 1.3 32.9 -0.235803 -0.336818 3.42817 -0.0253251 -0.0322772 18.7368
320848 15 0.01 1.3 32.9 0.0668123 0.327931 8.65504 0.0166651 0.084127 16.7694
326141 15 0.01 1.3 32.9 -0.0530497 0.271542 4.4073 -0.00546545 0.0327723 16.0274
326548 15 0.01 1.3 32.9 0.125654 0.0680374 3.331 0.0162286 0.00469124 16.8667
331378 15 0.01 1.3 32.9 0.36307 -0.11082 2.09764 0.0210611 -0.00532222 17.2903
332238 15 0.01 1.3 32.9 0.246956 -0.271669 3.46872 0.0253192 -0.032228 18.7291
334791 15 0.01 1.3 32.9 0.305575 0.000591435 3.11614 0.0293792 -0.00104973 17.0446
334982 15 0.01 1.3 32.9 0.280006 -0.206684 4.69178 0.0412423 -0.0302856 18.3755
335113 15 0.01 1.3 32.9 0.219047 -0.297421 18.6541 0.12593 -0.168053 16.0998
336683 15 0.01 1.3 32.9 -0.182276 0.0561526 4.19829 -0.0235131 0.0100265 19.1298
338388 15 0.01 1.3 32.9 -0.123831 0.182057 4.71554 -0.0164994 0.0273348 16.972
339800 15 0.01 1.3 32.9 0.274451 0.147418 6.44989 0.0550263 0.0286481 17.4866
339821 15 0.01 1.3 32.9 0.0168631 0.1954 30.5626 0.0153284 0.18119 15.8048
339882 15 0.01 1.3 32.9 0.0178794 0.190752 3.40695 0.000569868 0.0202357 18.7442
340873 15 0.01 1.3 32.9 0.102544 -0.0782572 11.5026 0.035434 -0.0255325 16.4519
341185 15 0.01 1.3 32.9 -0.0971208 0.0842421 5.62439 -0.0126488 0.0165531 18.6144
341433 15 0.01 1.3 32.9 -0.395058 -0.480717 7.18887 -0.0866155 -0.104698 17.5382
342693 15 0.01 1.3 32.9 -0.0412887 -7.09931e-05 13.687 -0.0187695 0.00122584 16.2747
345561 15 0.01 1.3 32.9 -0.130306 0.187266 11.9953 -0.0501689 0.0675803 16.8785
346344 15 0.01 1.3 32.9 0.0899191 -0.310454 4.80298 0.0133976 -0.0456088 16.6039
347118 15 0.01 1.3 32.9 0.0884601 0.157429 7.94404 0.0216112 0.0383777 16.7941
347613 15 0.01 1.3 32.9 0.147778 -0.414918 3.21388 0.0131837 -0.0399262 19.2151
348713 15 0.01 1.3 32.9 -0.172017 0.17758 5.28939 -0.0275286 0.0283958 16.455
350585 15 0.01 1.3 32.9 0.192001 0.294864 6.18027 0.0352562 0.0542894 17.0626
353439 15 0.01 1.3 32.9 0.071797 0.194081 2.73473 0.00360176 0.0149843 18.0035
353714 15 0.01 1.3 32.9 -0.372789 0.312988 6.09176 -0.0683884 0.0587523 18.2189
357687 15 0.01 1.3 32.9 -0.295843 -0.176742 1.59702 -0.014486 -0.00864367 17.0488
358494 15 0.01 1.3 32.9 0.242687 -0.370833 4.85029 0.0343653 -0.0538324 17.3458
360833 15 0.01 1.3 32.9 -0.35412 0.420638 5.24554 -0.0551665 0.065815 17.7005
365284 15 0.01 1.3 32.9 -0.0107462 -0.108214 15.7956 -0.00536798 -0.0514343 16.0109
366000 15 0.01 1.3 32.9 -0.339177 0.352541 18.5503 -0.189791 0.199356 15.755
366446 15 0.01 1.3 32.9 -0.29985 0.471733 6.72111 -0.0618928 0.0945669 18.8176
366618 15 0.01 1.3 32.9 0.19512 0.189301 16.7398 0.0993472 0.0940008 16.3974
367309 15 0.01 1.3 32.9 -0.49048 0.444927 7.27211 -0.106483 0.0952536 17.4822
368305 15 0.01 1.3 32.9 -0.0810476 -0.228557 3.58621 -0.0076612 -0.0276905 16.5878
369759 15 0.01 1.3 32.9 0.238594 -0.104732 6.82534 0.0492841 -0.0206111 18.249
371539 15 0.01 1.3 32.9 0.190871 0.431738 8.52672 0.0495241 0.113972 17.8582
371643 15 0.01 1.3 32.9 0.451039 -0.475987 7.01197 0.0974489 -0.103292 17.7325
371976 15 0.01 1.3 32.9 -0.223084 0.346066 1.63004 -0.00960703 0.015987 18.8328
371999 15 0.01 1.3 32.9 0.317892 -0.475293 4.4988 0.043406 -0.0642028 18.2974
375129 15 0.01 1.3 32.9 -0.0735181 0.00197867 2.7585 -0.0072429 -0.00140643 17.9249
375702 15 0.01 1.3 32.9 -0.0934074 0.421829 7.12304 -0.0189393 0.0948603 18.7644
375888 15 0.01 1.3 32.9 -0.421269 0.328544 4.19115 -0.0538561 0.0396737 19.2634
376035 15 0.01 1.3 32.9 0.379092 0.399427 5.68662 0.0663957 0.0667786 16.4863
376245 15 0.01 1.3 32.9 -0.422421 0.377083 5.35006 -0.0668974 0.0632326 16.3606
376375 15 0.01 1.3 32.9 -0.0848904 0.436095 1.61329 -0.00544296 0.019343 17.3467
377047 15 0.01 1.3 32.9 0.364068 0.406881 7.98548 0.088791 0.0980803 16.7858
378314 15 0.01 1.3 32.9 0.292092 -0.463228 7.91938 0.0704717 -0.111049 17.301
378646 15 0.01 1.3 32.9 0.182947 0.100875 3.56037 0.0196699 0.0142191 18.8643
378649 15 0.01 1.3 32.9 -0.408705 -0.104852 3.38243 -0.0396778 -0.0122151 17.992
379730 15 0.01 1.3 32.9 0.0675835 -0.44505 6.6134 0.0147515 -0.0886123 17.8535
380981 15 0.01 1.3 32.9 -0.336505 -0.24432 5.85292 -0.0601875 -0.0434456 17.7063
381028 15 0.01 1.3 32.9 0.0616161 -0.203459 2.22202 0.00317991 -0.0129434 18.2183
381209 15 0.01 1.3 32.9 -0.338552 0.34174 7.62169 -0.0773348 0.0795153 18.1315
381714 15 0.01 1.3 32.9 0.158825 0.242153 11.2377 0.0532376 0.0824189 16.6536
382991 15 0.01 1.3 32.9 -0.420782 -0.341989 7.1046 -0.0898946 -0.0762711 17.9088
383105 15 0.01 1.3 32.9 0.356332 0.311967 7.10216 0.0757542 0.0676844 18.2016
383720 15 0.01 1.3 32.9 0.0158115 0.343882 9.72157 0.00488604 0.103017 17.2942
384113 15 0.01 1.3 32.9 0.0351592 -0.32369 7.36124 0.00865827 -0.0727891 17.762
385555 15 0.01 1.3 32.9 0.493874 -0.161902 1.8658 0.025967 -0.00879171 17.0272
386447 15 0.01 1.3 32.9 0.226929 0.0832305 8.26566 0.0575337 0.0211122 17.0875
388620 15 0.01 1.3 32.9 0.18175 0.432017 7.6072 0.0409072 0.0999522 17.5344
389395 15 0.01 1.3 32.9 0.402536 0.355545 5.73113 0.0683012 0.0642755 17.9368
389532 15 0.01 1.3 32.9 -0.251659 0.348074 11.8258 -0.0910979 0.125883 16.9519
389692 15 0.01 1.3 32.9 0.0268539 0.115315 1.92624 0.00103242 0.00866939 18.8812
392773 15 0.01 1.3 32.9 0.282217 0.179744 2.84838 0.0236505 0.016186 17.7241
393090 15 0.01 1.3 32.9 0.440799 0.375305 5.15968 0.0690216 0.0578876 17.7404
393461 15 0.01 1.3 32.9 -0.359731 -0.378828 3.25817 -0.0361375 -0.03786 19.1071
394037 15 0.01 1.3 32.9 0.365492 0.161791 2.52064 0.0286911 0.00953349 18.3837
394778 15 0.01 1.3 32.9 -0.452023 -0.21065 3.11365 -0.0421446 -0.018522 18.0982
395399 15 0.01 1.3 32.9 0.166456 0.39876 8.11693 0.0401473 0.0985115 16.7546
395853 15 0.01 1.3 32.9 -0.268397 -0.350109 4.51602 -0.0375216 -0.049664 17.0476
395938 15 0.01 1.3 32.9 -0.021722 -0.318609 2.84442 -0.000166009 -0.0320478 17.626
399135 15 0.01 1.3 32.9 -0.475087 -0.00625346 3.80282 -0.0533822 -0.00401739 17.1665
400130 15 0.01 1.3 32.9 0.0857927 -0.355025 3.86835 0.0104645 -0.0437053 17.0007
400376 15 0.01 1.3 32.9 -0.401812 0.310588 8.55297 -0.104746 0.0806893 16.5408
400511 15 0.01 1.3 32.9 -0.468016 -0.345139 7.18466 -0.101146 -0.0768084 17.4004
401343 15 0.01 1.3 32.9 0.257968 -0.0364312 5.76858 0.0445883 -0.00765752 18.3002
401493 15 0.01 1.3 32.9 -0.0809372 -0.266788 2.31295 -0.00422519 -0.0181314 18.0615
401630 15 0.01 1.3 32.9 0.045405 -0.353039 5.12471 0.00760571 -0.0552869 17.4143
401692 15 0.01 1.3 32.9 -0.362303 0.399902 5.69169 -0.0633147 0.0668749 17.1873
401974 15 0.01 1.3 32.9 0.286776 0.141967 8.86968 0.0755946 0.0375236 16.7971
402297 15 0.01 1.3 32.9 -0.290281 -0.0340922 10.548 -0.0948273 -0.0115642 17.4482
403516 15 0.01 1.3 32.9 -0.0305866 0.333642 6.97961 -0.00395115 0.0676724 18.7842
404816 15 0.01 1.3 32.9 0.177959 0.415043 7.44116 0.0400672 0.0932072 18.1874
405472 15 0.01 1.3 32.9 -0.0693331 0.467939 4.93305 -0.01202 0.0717943 18.9863
406474 15 0.01 1.3 32.9 -0.3749 -0.0263302 6.37815 -0.0723949 -0.00687583 16.0696
410942 15 0.01 1.3 32.9 -0.352299 0.215407 5.41442 -0.0589915 0.0363376 18.7243
413010 15 0.01 1.3 32.9 -0.0615468 -0.105615 8.25248 -0.0159136 -0.0268552 16.5062
415096 15 0.01 1.3 32.9 -0.348486 0.400433 3.31257 -0.0352415 0.0414987 18.2211
418645 15 0.01 1.3 32.9 -0.244791 0.0918499 9.69068 -0.0733303 0.0278821 17.1503
419534 15 0.01 1.3 32.9 0.187301 0.224448 6.92215 0.0378764 0.0465178 18.3806
419755 15 0.01 1.3 32.9 -0.0678242 0.115973 1.41472 -0.00190834 0.00394126 17.0616
419845 15 0.01 1.3 32.9 -0.307273 -0.249325 9.77121 -0.0918796 -0.0728109 16.1491
420188 15 0.01 1.3 32.9 0.486996 0.401199 3.18058 0.0489505 0.0388389 17.3318
421456 15 0.01 1.3 32.9 0.148123 -0.00486275 2.96923 0.0132069 -0.000403931 18.2821
422248 15 0.01 1.3 32.9 0.367605 0.445068 9.47453 0.105072 0.131754 17.4338
426303 15 0.01 1.3 32.9 0.275121 0.180774 6.19666 0.0534812 0.0328672 19.0359
426990 15 0.01 1.3 32.9 -0.322257 -0.39119 10.477 -0.10414 -0.125018 15.9813
429279 15 0.01 1.3 32.9 0.0718582 -0.459116 2.38273 0.00562811 -0.0322319 16.5703
429590 15 0.01 1.3 32.9 0.12237 0.343449 9.66577 0.0376616 0.10213 17.3242
430359 15 0.01 1.3 32.9 -0.323104 -0.0658783 3.8784 -0.0371228 -0.0106533 18.5912
430780 15 0.01 1.3 32.9 -0.225029 -0.121234 8.9382 -0.062756 -0.0350234 16.4859
430993 15 0.01 1.3 32.9 0.443371 -0.278607 3.75547 0.0471418 -0.0312089 17.3303
431110 15 0.01 1.3 32.9 0.321553 -0.351659 5.00149 0.0485797 -0.0521286 17.994
433742 15 0.01 1.3 32.9 0.211611 0.0529286 10.99 0.0709582 0.0170782 16.7458
434744 15 0.01 1.3 32.9 0.256269 0.345544 5.81183 0.0461258 0.0611362 15.8613
435202 15 0.01 1.3 32.9 0.471192 0.311848 6.4389 0.0917016 0.0606456 16.183
435489 15 0.01 1.3 32.9 -0.117133 -0.428361 7.99342 -0.0302811 -0.103027 17.8974
435878 15 0.01 1.3 32.9 -0.313548 -0.434099 4.6151 -0.0415019 -0.0603478 18.5506
435976 15 0.01 1.3 32.9 -0.0223889 -0.317353 14.3419 -0.00777127 -0.138526 16.351
436038 15 0.01 1.3 32.9 0.320863 -0.0345631 5.61313 0.0573052 -0.0087379 18.6022
438426 15 0.01 1.3 32.9 0.451535 0.00970644 3.94241 0.0542927 0.0012903 19.1412
439581 15 0.01 1.3 32.9 -0.100561 0.487453 5.19451 -0.0144532 0.0800747 19.501
439623 15 0.01 1.3 32.9 0.0173405 0.162795 13.4568 0.0089951 0.0694955 16.0125
440545 15 0.01 1.3 32.9 0.457003 -0.181808 5.77977 0.0791995 -0.0285306 17.1934
441083 15 0.01 1.3 32.9 -0.443006 -0.477188 8.33575 -0.115095 -0.121166 17.158
441299 15 0.01 1.3 32.9 0.0884715 -0.0432124 3.19075 0.00745911 -0.00327713 19.2444
441813 15 0.01 1.3 32.9 0.070741 -0.206403 4.72272 0.0106783 -0.0289635 19.1579
442968 15 0.01 1.3 32.9 0.184592 -0.43368 6.02648 0.033317 -0.0778332 18.9859
445118 15 0.01 1.3 32.9 0.011813 -0.0223537 8.50475 0.00320108 -0.00586648 17.4512
445298 15 0.01 1.3 32.9 -0.0143336 0.435995 8.5738 -0.00566776 0.114277 18.2001
445428 15 0.01 1.3 32.9 0.240457 0.315108 4.57744 0.0341351 0.0417979 18.4339
445561 15 0.01 1.3 32.9 -0.298039 0.0280837 5.78057 -0.0534119 0.00522234 18.9435
446426 15 0.01 1.3 32.9 -0.143618 0.0870659 12.2274 -0.0544078 0.0314524 16.2041
446967 15 0.01 1.3 32.9 0.249644 -0.153897 3.71704 0.0298426 -0.0168005 18.2947
449179 15 0.01 1.3 32.9 0.26082 -0.307374 8.34424 0.0684035 -0.0808741 16.982
450417 15 0.01 1.3 32.9 0.0622366 0.20708 2.13816 0.00354856 0.012635 17.7976
451099 15 0.01 1.3 32.9 -0.0847099 0.168489 2.80512 -0.00739506 0.0141961 17.4326
451141 15 0.01 1.3 32.9 0.237336 -0.0268414 1.66694 0.0100166 -0.00215595 16.215
451947 15 0.01 1.3 32.9 0.053017 -0.488513 6.20678 0.00918802 -0.0923844 18.0418
452926 15 0.01 1.3 32.9 -0.42413 0.135982 3.49396 -0.0474306 0.0148029 18.385
453768 15 0.01 1.3 32.9 -0.48716 0.381163 5.28121 -0.0778764 0.0593345 17.714
454264 15 0.01 1.3 32.9 0.312201 0.323232 6.85811 0.0637361 0.0673194 17.6095
455475 15 0.01 1.3 32.9 0.233921 -0.0909423 4.84068 0.03343 -0.0127284 17.8649
456958 15 0.01 1.3 32.9 -0.103432 -0.072315 13.2163 -0.0417693 -0.027023 16.0006
458990 15 0.01 1.3 32.9 -0.408943 0.119608 2.49999 -0.0308557 0.0088751 18.5319
459038 15 0.01 1.3 32.9 0.430918 -0.251593 7.04731 0.0890798 -0.0545117 17.6975
459159 15 0.01 1.3 32.9 0.276306 -0.00689467 6.70088 0.0581357 -0.00348714 16.9127
459271 15 0.01 1.3 32.9 -0.386696 0.303052 4.26337 -0.0482959 0.0374876 17.8257
459423 15 0.01 1.3 32.9 -0.435523 0.421346 8.72848 -0.115819 0.109053 17.8327
459768 15 0.01 1.3 32.9 -0.270957 -0.237864 10.2282 -0.0813789 -0.0764172 17.2287
461125 15 0.01 1.3 32.9 0.239612 -0.322176 15.196 0.112341 -0.146412 16.2876
461155 15 0.01 1.3 32.9 0.487693 -0.391587 5.39685 0.0798272 -0.061203 17.3939
462691 15 0.01 1.3 32.9 0.160531 0.0353788 2.37484 0.00710804 0.00226702 17.1161
462903 15 0.01 1.3 32.9 0.393065 0.104611 8.53773 0.102888 0.0287201 17.6319
463284 15 0.01 1.3 32.9 -0.279969 0.3995 5.10171 -0.043589 0.061151 17.5835
463539 15 0.01 1.3 32.9 -0.21714 -0.405198 6.08367 -0.0416196 -0.0763859 18.7244
463991 15 0.01 1.3 32.9 -0.105153 -0.0239753 4.99209 -0.0158893 -0.00418664 17.108
464397 15 0.01 1.3 32.9 0.27029 0.162268 3.56542 0.029674 0.017052 18.4589
464717 15 0.01 1.3 32.9 0.254781 -0.323508 6.70673 0.0523961 -0.0652468 17.6504
465438 15 0.01 1.3 32.9 -0.478831 0.0348896 4.95529 -0.0737309 0.00651963 19.4686
465532 15 0.01 1.3 32.9 0.149657 0.386081 8.37095 0.0387374 0.100563 16.9445
465745 15 0.01 1.3 32.9 -0.101271 0.370189 5.18882 -0.0139952 0.0580695 18.6522
465864 15 0.01 1.3 32.9 -0.103348 -0.494325 5.12533 -0.0157975 -0.0742833 18.2686
467080 15 0.01 1.3 32.9 -0.297342 -0.169714 3.9522 -0.0382883 -0.0197045 18.5326
468218 15 0.01 1.3 32.9 0.121306 -0.499358 14.5836 0.0561781 -0.22205 16.4227
468507 15 0.01 1.3 32.9 -0.105631 0.491248 3.55213 -0.0124737 0.0506112 16.2324
470196 15 0.01 1.3 32.9 -0.0780983 0.0700966 5.23794 -0.010487 0.0128032 16.7176
470359 15 0.01 1.3 32.9 -0.0835838 0.484155 2.60321 -0.0082037 0.0369653 16.6333
470654 15 0.01 1.3 32.9 0.0183404 -0.349467 4.89563 0.000952293 -0.051108 19.0885
471463 15 0.01 1.3 32.9 0.0623967 0.109494 3.67038 0.00627308 0.0143662 17.9078
471781 15 0.01 1.3 32.9 -0.297586 -0.443674 3.14746 -0.0287651 -0.0426077 18.7157
474294 15 0.01 1.3 32.9 0.452532 0.0700257 3.26842 0.0437307 0.00440632 18.8028
474421 15 0.01 1.3 32.9 0.393206 0.15115 8.60163 0.102619 0.0413317 17.7818
475121 15 0.01 1.3 32.9 0.490462 0.0220347 8.9748 0.135519 0.00624363 17.4832
475664 15 0.01 1.3 32.9 -0.353803 0.320098 12.3293 -0.133018 0.122375 16.4681
476584 15 0.01 1.3 32.9 0.465127 -0.365097 6.57916 0.0943533 -0.0711067 18.7985
478583 15 0.01 1.3 32.9 0.0278794 0.438865 3.74822 0.00378724 0.0493743 18.943
479635 15 0.01 1.3 32.9 0.411662 -0.248779 6.03211 0.0759286 -0.0471249 18.8098
482473 15 0.01 1.3 32.9 0.139892 -0.468437 10.3002 0.0449234 -0.144901 17.3664
482515 15 0.01 1.3 32.9 0.341279 -0.253662 5.22434 0.055198 -0.0394627 18.5924
484205 15 0.01 1.3 32.9 -0.307415 -0.156551 12.8467 -0.121408 -0.0595133 16.935
485835 15 0.01 1.3 32.9 -0.138498 0.3316 3.57392 -0.0149421 0.038064 19.1104
486747 15 0.01 1.3 32.9 0.262011 0.333276 22.499 0.176208 0.228497 15.9805
486877 15 0.01 1.3 32.9 0.0116437 -0.309547 5.25014 0.00317614 -0.0476082 17.7683
487772 15 0.01 1.3 32.9 0.241213 0.493657 12.379 0.0914571 0.18372 16.7073
489105 15 0.01 1.3 32.9 -0.140627 -0.412035 9.07757 -0.0394451 -0.113126 17.2355
489695 15 0.01 1.3 32.9 -0.347127 -0.18938 5.95715 -0.0608521 -0.0373856 18.1994
493083 15 0.01 1.3 32.9 0.20407 0.367407 15.464 0.095787 0.172926 16.4371
494921 15 0.01 1.3 32.9 -0.320809 0.307079 11.2071 -0.110856 0.105015 16.4775
495487 15 0.01 1.3 32.9 -0.107588 -0.00258646 5.55371 -0.0163628 -0.00129631 19.3976
496124 15 0.01 1.3 32.9 0.364559 -0.313753 3.8988 0.0412222 -0.0389785 17.1401
496202 15 0.01 1.3 32.9 -0.0858177 0.441666 6.15556 -0.01554 0.0817096 18.3764
496382 15 0.01 1.3 32.9 0.221796 0.102279 7.41662 0.0508725 0.0267707 18.6872
496686 15 0.01 1.3 32.9 -0.0104718 0.19848 5.97912 -0.00317456 0.0362697 19.0239
497816 15 0.01 1.3 32.9 0.138524 0.120107 5.25562 0.0204384 0.0195784 19.4485
498304 15 0.01 1.3 32.9 -0.301841 0.157934 9.23103 -0.0831557 0.0456103 16.081
498315 15 0.01 1.3 32.9 -0.282788 -0.47771 6.53069 -0.0570432 -0.0957109 17.773
