434 15 0.01 1.3 32.9 -0.123075 -0.290422 7.92349 -0.027866 -0.0700174 15.6531
2348 15 0.01 1.3 32.9 -0.0926075 -0.247699 4.14061 -0.0122198 -0.0315807 15.6531
4505 15 0.01 1.3 32.9 -0.23345 -0.316058 1.72353 -0.0129925 -0.0163356 15.6531
5915 15 0.01 1.3 32.9 0.135056 0.120278 3.76276 0.0152748 0.01355 15.6531
12633 15 0.01 1.3 32.9 0.0268585 -0.215893 3.68886 0.00205248 -0.0233951 15.6531
15515 15 0.01 1.3 32.9 -0.232186 -0.0910413 6.38342 -0.0443743 -0.0162305 15.6531
18869 15 0.01 1.3 32.9 0.149447 -0.115661 5.00015 0.0208994 -0.0142139 15.6531
23571 15 0.01 1.3 32.9 -0.305013 0.410137 5.66611 -0.0525548 0.0715526 15.6531
25224 15 0.01 1.3 32.9 -0.489591 0.391556 6.2953 -0.0933429 0.0749456 15.6531
25676 15 0.01 1.3 32.9 0.389824 0.2559 4.91346 0.0558425 0.0391885 15.6531
27824 15 0.01 1.3 32.9 0.213026 -0.385115 5.58184 0.0370005 -0.0631363 15.6531
27928 15 0.01 1.3 32.9 -0.183574 -0.295051 10.6574 -0.0605187 -0.0945576 15.6531
28655 15 0.01 1.3 32.9 -0.357819 0.321196 3.20653 -0.0327645 0.0330596 15.6531
33697 15 0.01 1.3 32.9 -0.408637 0.393557 4.83862 -0.0597074 0.0593493 15.6531
34220 15 0.01 1.3 32.9 0.208912 0.294484 15.042 0.0954876 0.1342 15.6531
39490 15 0.01 1.3 32.9 0.197761 -0.0450997 4.86126 0.0291014 -0.00553302 15.6531
40552 15 0.01 1.3 32.9 -0.0858174 -0.457312 7.06947 -0.0155637 -0.0975465 15.6531
42064 15 0.01 1.3 32.9 0.438967 -0.338614 4.95129 0.0639592 -0.0499262 15.6531
43186 15 0.01 1.3 32.9 -0.445037 0.140779 4.20179 -0.0538367 0.0200565 15.6531
44769 15 0.01 1.3 32.9 -0.340323 0.153784 2.05003 -0.022453 0.00911569 15.6531
47805 15 0.01 1.3 32.9 0.0805299 -0.0528629 6.09886 0.0143881 -0.0108011 15.6531
48140 15 0.01 1.3 32.9 -0.284197 0.28338 6.06843 -0.0517812 0.0541346 15.6531
49478 15 0.01 1.3 32.9 -0.45776 0.269668 4.94317 -0.0678656 0.0407228 15.6531
50557 15 0.01 1.3 32.9 -0.474718 -0.00670015 4.009 -0.0579889 -0.0011098 15.6531
52018 15 0.01 1.3 32.9 0.396015 -0.160671 3.01922 0.0374782 -0.0147815 15.6531
52728 15 0.01 1.3 32.9 -0.376803 -0.209803 12.9291 -0.148384 -0.0827815 15.6531
54630 15 0.01 1.3 32.9 -0.243228 -0.223613 11.1465 -0.0839292 -0.0740777 15.6531
57072 15 0.01 1.3 32.9 -0.0479488 0.194475 9.7846 -0.0148579 0.0585335 15.6531
59322 15 0.01 1.3 32.9 -0.0235501 0.0111471 7.49157 -0.00928545 0.00116652 15.6531
59956 15 0.01 1.3 32.9 -0.0486198 -0.185223 1.16393 -0.00143322 -0.00512842 15.6531
61015 15 0.01 1.3 32.9 -0.0743377 -0.478283 4.57328 -0.00795262 -0.0676447 15.6531
62240 15 0.01 1.3 32.9 -0.316777 0.387952 5.25614 -0.0507224 0.0638337 15.6531
65956 15 0.01 1.3 32.9 -0.0802026 -0.0980541 7.13665 -0.0188188 -0.0216768 15.6531
66742 15 0.01 1.3 32.9 0.0721989 0.215906 6.41601 0.0166375 0.0417805 15.6531
67804 15 0.01 1.3 32.9 -0.492336 0.114373 4.81994 -0.0700873 0.0164495 15.6531
67902 15 0.01 1.3 32.9 -0.30794 -0.365547 6.24744 -0.0573392 -0.0644946 15.6531
67975 15 0.01 1.3 32.9 -0.101126 0.325906 13.3067 -0.0398697 0.13559 15.6531
73316 15 0.01 1.3 32.9 -0.472185 0.310874 2.34669 -0.0331327 0.02102 15.6531
73382 15 0.01 1.3 32.9 -0.296185 -0.321123 9.81666 -0.0877715 -0.0940667 15.6531
76391 15 0.01 1.3 32.9 0.166553 -0.435879 4.49252 0.0212072 -0.0579503 15.6531
77624 15 0.01 1.3 32.9 0.0860861 0.175485 5.56061 0.0129166 0.0298721 15.6531
82858 15 0.01 1.3 32.9 0.0679953 -0.313796 31.6169 0.0650851 -0.298779 15.6531
87256 15 0.01 1.3 32.9 -0.166024 0.348953 6.45445 -0.0337167 0.0714273 15.6531
88402 15 0.01 1.3 32.9 -0.318722 0.140816 3.40113 -0.0339238 0.016172 15.6531
89385 15 0.01 1.3 32.9 -0.0802331 0.319684 4.24167 -0.0109651 0.0413014 15.6531
92741 15 0.01 1.3 32.9 -0.258492 0.072172 5.77487 -0.0461124 0.0131134 15.6531
93979 15 0.01 1.3 32.9 -0.0570694 -0.169785 2.71354 -0.00376883 -0.0146195 15.6531
94597 15 0.01 1.3 32.9 -0.303969 -0.499394 5.46174 -0.0523869 -0.082864 15.6531
95990 15 0.01 1.3 32.9 0.137275 -0.0745164 6.26564 0.0278962 -0.0148893 15.6531
98407 15 0.01 1.3 32.9 -0.0243549 0.178259 13.5585 -0.0113559 0.071726 15.6531
102525 15 0.01 1.3 32.9 0.357103 0.440168 1.5599 0.0178995 0.0200297 15.6531
102646 15 0.01 1.3 32.9 0.222531 0.288483 12.934 0.088942 0.115779 15.6531
106137 15 0.01 1.3 32.9 0.140053 -0.35865 3.51471 0.0138207 -0.0361095 15.6531
106229 15 0.01 1.3 32.9 0.115682 0.271268 2.75647 0.0123443 0.022152 15.6531
107551 15 0.01 1.3 32.9 -0.12363 -0.264425 2.98393 -0.01227 -0.0245763 15.6531
108223 15 0.01 1.3 32.9 -0.480634 -0.374977 3.46402 -0.0525417 -0.0379987 15.6531
111297 15 0.01 1.3 32.9 -0.0630477 -0.0111889 14.167 -0.027945 -0.00239025 15.6531
112655 15 0.01 1.3 32.9 0.418562 0.211147 1.43124 0.0222098 0.00960873 15.6531
112908 15 0.01 1.3 32.9 -0.236412 0.158514 3.25367 -0.0243608 0.0163894 15.6531
113903 15 0.01 1.3 32.9 0.0602097 -0.118294 3.2902 0.00649361 -0.0148652 15.6531
117650 15 0.01 1.3 32.9 -0.2319 -0.126561 4.3663 -0.0316002 -0.0156528 15.6531
123481 15 0.01 1.3 32.9 0.427445 -0.110393 2.61 0.0341994 -0.00686683 15.6531
125573 15 0.01 1.3 32.9 -0.0872815 0.0450882 5.3597 -0.0143277 0.00774405 15.6531
125728 15 0.01 1.3 32.9 -0.205346 0.156853 4.56364 -0.0291589 0.0226079 15.6531
125993 15 0.01 1.3 32.9 -0.417278 -0.364257 2.58878 -0.0323589 -0.0282767 15.6531
130103 15 0.01 1.3 32.9 -0.195411 -0.231249 2.8418 -0.0172884 -0.0182834 15.6531
131989 15 0.01 1.3 32.9 0.421793 -0.206638 8.4482 0.108044 -0.0534424 15.6531
133530 15 0.01 1.3 32.9 0.343965 0.375995 6.80232 0.0713103 0.0782829 15.6531
134096 15 0.01 1.3 32.9 -0.183777 0.212734 6.28346 -0.0342983 0.0417492 15.6531
135057 15 0.01 1.3 32.9 -0.423028 0.109227 4.52782 -0.058548 0.0170354 15.6531
141433 15 0.01 1.3 32.9 -0.238598 0.165047 3.30929 -0.0251323 0.0170895 15.6531
141509 15 0.01 1.3 32.9 0.234016 -0.181563 6.4538 0.0470161 -0.0350763 15.6531
142246 15 0.01 1.3 32.9 0.0496247 0.47714 10.2234 0.0162799 0.147505 15.6531
143757 15 0.01 1.3 32.9 -0.118438 -0.156856 4.64889 -0.0155571 -0.0213677 15.6531
144993 15 0.01 1.3 32.9 -0.339216 0.140125 5.36512 -0.0558553 0.0212729 15.6531
145612 15 0.01 1.3 32.9 -0.307532 -0.0830348 5.8536 -0.0545183 -0.0153055 15.6531
145788 15 0.01 1.3 32.9 -0.441535 0.0164004 12.788 -0.170813 0.00734902 15.6531
146213 15 0.01 1.3 32.9 -0.352041 -0.160778 3.61921 -0.0385179 -0.0166412 15.6531
147721 15 0.01 1.3 32.9 0.400677 -0.449803 3.02981 0.0358072 -0.0439071 15.6531
150595 15 0.01 1.3 32.9 0.0572002 0.369137 5.49586 0.00992438 0.0647545 15.6531
151447 15 0.01 1.3 32.9 -0.231408 -0.459056 1.38654 -0.0119683 -0.0194866 15.6531
152719 15 0.01 1.3 32.9 0.225415 0.102752 6.35769 0.0443092 0.0196807 15.6531
154201 15 0.01 1.3 32.9 -0.355578 0.123328 5.4496 -0.0592467 0.0193565 15.6531
154288 15 0.01 1.3 32.9 0.198199 -0.244245 3.13782 0.0190174 -0.0213591 15.6531
154782 15 0.01 1.3 32.9 -0.18799 -0.0860312 2.63771 -0.0150158 -0.00571547 15.6531
156597 15 0.01 1.3 32.9 0.0394719 -0.204319 12.9987 0.0173857 -0.0781816 15.6531
156768 15 0.01 1.3 32.9 0.299478 -0.446899 10.9083 0.100202 -0.147492 15.6531
157945 15 0.01 1.3 32.9 0.0305171 0.281004 7.4576 0.00596864 0.0625328 15.6531
161914 15 0.01 1.3 32.9 0.487169 -0.374274 6.02012 0.0905348 -0.0689082 15.6531
162512 15 0.01 1.3 32.9 0.22444 -0.278501 3.04813 0.0211778 -0.0261919 15.6531
164115 15 0.01 1.3 32.9 0.300539 0.0990523 6.4817 0.0582777 0.0210607 15.6531
165178 15 0.01 1.3 32.9 0.140205 -0.397141 11.6581 0.0500739 -0.140709 15.6531
165858 15 0.01 1.3 32.9 -0.437613 -0.170379 2.61446 -0.0357598 -0.0131797 15.6531
166039 15 0.01 1.3 32.9 0.417726 0.400401 8.31354 0.104082 0.10159 15.6531
169118 15 0.01 1.3 32.9 -0.436813 0.366731 2.465 -0.0333638 0.0293073 15.6531
174296 15 0.01 1.3 32.9 -0.00167678 -0.45558 8.9985 -0.00144856 -0.122839 15.6531
174852 15 0.01 1.3 32.9 -0.381889 -0.226114 11.1665 -0.129199 -0.0753179 15.6531
175120 15 0.01 1.3 32.9 -0.0327417 -0.0160835 6.38203 -0.00643043 -0.00226572 15.6531
177089 15 0.01 1.3 32.9 0.0786466 0.223793 9.64628 0.0258856 0.0649013 15.6531
178523 15 0.01 1.3 32.9 -0.345036 -0.236151 8.10149 -0.0846509 -0.0574468 15.6531
179766 15 0.01 1.3 32.9 0.300834 -0.449103 4.33342 0.0415692 -0.0588934 15.6531
180263 15 0.01 1.3 32.9 -0.491741 0.316482 1.23007 -0.0173886 0.0128001 15.6531
181943 15 0.01 1.3 32.9 0.0349265 0.201001 2.11716 0.0014703 0.0138638 15.6531
182227 15 0.01 1.3 32.9 -0.407775 -0.206463 7.07296 -0.0869942 -0.0445781 15.6531
184780 15 0.01 1.3 32.9 0.364412 -0.0100901 3.70971 0.0435007 -0.00192313 15.6531
185078 15 0.01 1.3 32.9 0.202293 -0.128695 4.98018 0.032675 -0.0167338 15.6531
187918 15 0.01 1.3 32.9 0.193723 -0.27844 9.74046 0.0567886 -0.0794649 15.6531
188619 15 0.01 1.3 32.9 0.150744 0.433446 9.21465 0.0386718 0.118998 15.6531
190885 15 0.01 1.3 32.9 -0.147046 -0.125863 1.31707 -0.00562246 -0.00333141 15.6531
194826 15 0.01 1.3 32.9 -0.411186 -0.473991 8.62095 -0.10634 -0.123514 15.6531
194831 15 0.01 1.3 32.9 0.486175 0.246034 6.83649 0.0995442 0.0530636 15.6531
195868 15 0.01 1.3 32.9 0.0323527 -0.184519 5.35248 0.00579249 -0.0298826 15.6531
199382 15 0.01 1.3 32.9 -0.393207 0.079212 3.68117 -0.044523 0.0107785 15.6531
200124 15 0.01 1.3 32.9 0.385697 0.430894 2.86718 0.0334553 0.0359515 15.6531
202529 15 0.01 1.3 32.9 -0.313971 -0.0950859 5.92992 -0.0561178 -0.0153968 15.6531
203021 15 0.01 1.3 32.9 -0.479508 -0.103068 3.55979 -0.0526946 -0.0100404 15.6531
203065 15 0.01 1.3 32.9 -0.272254 0.386132 4.40327 -0.0383892 0.0528124 15.6531
203575 15 0.01 1.3 32.9 -0.32879 0.0212542 3.14368 -0.0318726 0.00265163 15.6531
204139 15 0.01 1.3 32.9 0.12018 0.309557 5.10899 0.0195661 0.0471228 15.6531
208038 15 0.01 1.3 32.9 0.410206 0.368717 8.38848 0.104039 0.0948064 15.6531
208137 15 0.01 1.3 32.9 0.426047 -0.0204168 3.6435 0.0481702 -0.00121206 15.6531
212028 15 0.01 1.3 32.9 -0.447581 -0.461277 13.7384 -0.183909 -0.192168 15.6531
214143 15 0.01 1.3 32.9 0.193494 0.169905 5.08095 0.0316332 0.025577 15.6531
215249 15 0.01 1.3 32.9 -0.0665364 0.169586 2.37108 -0.00520316 0.0121535 15.6531
216017 15 0.01 1.3 32.9 -0.420436 -0.0926712 11.694 -0.148674 -0.0346256 15.6531
222507 15 0.01 1.3 32.9 0.302674 0.313027 2.07278 0.0177729 0.0206743 15.6531
224882 15 0.01 1.3 32.9 0.0428752 -0.357353 2.99961 0.00431155 -0.0330215 15.6531
227281 15 0.01 1.3 32.9 -0.355683 0.08948 8.23149 -0.0892125 0.0244111 15.6531
229958 15 0.01 1.3 32.9 -0.259657 0.453588 3.65108 -0.0284246 0.0511766 15.6531
231446 15 0.01 1.3 32.9 0.386139 -0.0686435 2.27695 0.0250521 -0.00425529 15.6531
236861 15 0.01 1.3 32.9 0.322583 0.241965 2.42126 0.0214238 0.0175023 15.6531
238416 15 0.01 1.3 32.9 0.283933 0.14118 2.29483 0.0197072 0.0086298 15.6531
244199 15 0.01 1.3 32.9 -0.393605 -0.061081 3.10458 -0.0372665 -0.00589033 15.6531
244486 15 0.01 1.3 32.9 -0.400651 0.257372 6.8524 -0.0821697 0.0543544 15.6531
244902 15 0.01 1.3 32.9 -0.141492 0.0762658 5.6866 -0.0241529 0.0130004 15.6531
245710 15 0.01 1.3 32.9 -0.355132 -0.190049 8.43903 -0.0893453 -0.0469217 15.6531
248025 15 0.01 1.3 32.9 -0.156124 -0.466855 8.2162 -0.039918 -0.114944 15.6531
248999 15 0.01 1.3 32.9 0.332546 0.0239156 3.18552 0.0309528 0.0026184 15.6531
249959 15 0.01 1.3 32.9 0.0801983 0.0650605 1.99635 0.00285013 0.00591758 15.6531
253429 15 0.01 1.3 32.9 0.175397 -0.0525905 6.48801 0.0343392 -0.00934912 15.6531
259658 15 0.01 1.3 32.9 -0.149556 0.309533 5.95503 -0.0264286 0.057027 15.6531
260007 15 0.01 1.3 32.9 -0.294618 0.414464 5.81102 -0.0544489 0.072551 15.6531
261204 15 0.01 1.3 32.9 0.129911 0.260183 10.9058 0.0426841 0.0849153 15.6531
261489 15 0.01 1.3 32.9 -0.0120694 0.386991 8.18148 -0.000238414 0.0984569 15.6531
264353 15 0.01 1.3 32.9 0.105612 -0.059086 6.48171 0.0215773 -0.0111818 15.6531
266099 15 0.01 1.3 32.9 0.400105 0.188838 5.04091 0.0633666 0.0310903 15.6531
266333 15 0.01 1.3 32.9 -0.219361 -0.0657891 5.03192 -0.0352792 -0.00808312 15.6531
268734 15 0.01 1.3 32.9 0.377982 -0.238781 10.6125 0.123667 -0.0774248 15.6531
269631 15 0.01 1.3 32.9 0.363536 -0.149303 6.17324 0.0683619 -0.0254616 15.6531
276377 15 0.01 1.3 32.9 -0.357545 0.430909 12.9962 -0.143001 0.171634 15.6531
277363 15 0.01 1.3 32.9 -0.30791 0.0319615 7.83826 -0.0691334 0.00812428 15.6531
279413 15 0.01 1.3 32.9 0.347479 -0.404291 6.13803 0.0632979 -0.0762681 15.6531
280370 15 0.01 1.3 32.9 0.255179 -0.30322 35.6409 0.275228 -0.325086 15.6531
280612 15 0.01 1.3 32.9 0.214913 0.223919 9.89115 0.0641628 0.0691101 15.6531
280725 15 0.01 1.3 32.9 0.287969 -0.0304088 5.76589 0.050461 -0.0039934 15.6531
281143 15 0.01 1.3 32.9 0.127921 0.287363 11.643 0.0425341 0.101534 15.6531
281242 15 0.01 1.3 32.9 0.363883 -0.357886 14.342 0.159607 -0.155896 15.6531
283871 15 0.01 1.3 32.9 0.327885 0.424235 5.94848 0.0593016 0.0804187 15.6531
284443 15 0.01 1.3 32.9 0.260925 0.100282 3.90872 0.0306926 0.012959 15.6531
284798 15 0.01 1.3 32.9 -0.177652 -0.141615 5.48844 -0.0299809 -0.0247861 15.6531
290776 15 0.01 1.3 32.9 0.26004 0.408834 7.7925 0.0625613 0.09852 15.6531
291534 15 0.01 1.3 32.9 0.105676 0.0800033 7.97101 0.0253093 0.0225079 15.6531
291699 15 0.01 1.3 32.9 0.25111 -0.13907 4.88374 0.0377413 -0.0188598 15.6531
305226 15 0.01 1.3 32.9 -0.0561378 -0.284357 4.73053 -0.0085339 -0.0424094 15.6531
307909 15 0.01 1.3 32.9 -0.312363 -0.484774 1.97002 -0.0164526 -0.0288168 15.6531
307927 15 0.01 1.3 32.9 0.286561 0.0243455 11.0069 0.0974087 0.0082029 15.6531
307945 15 0.01 1.3 32.9 -0.458429 -0.267733 6.28364 -0.087578 -0.0502043 15.6531
309121 15 0.01 1.3 32.9 -0.0591424 0.442344 5.44163 -0.00975403 0.0742512 15.6531
313073 15 0.01 1.3 32.9 -0.157983 -0.153555 4.51221 -0.0205736 -0.0188019 15.6531
313824 15 0.01 1.3 32.9 -0.389569 0.446654 2.8402 -0.0371327 0.0402191 15.6531
313958 15 0.01 1.3 32.9 -0.0197012 0.458857 5.56984 -0.00350379 0.0782841 15.6531
316078 15 0.01 1.3 32.9 -0.33429 -0.283436 7.85671 -0.0807067 -0.06766 15.6531
318328 15 0.01 1.3 32.9 -0.235803 -0.336818 3.42817 -0.0253251 -0.0322772 15.6531
326548 15 0.01 1.3 32.9 0.125654 0.0680374 3.331 0.0162286 0.00469124 15.6531
331378 15 0.01 1.3 32.9 0.36307 -0.11082 2.09764 0.0210611 -0.00532222 15.6531
335113 15 0.01 1.3 32.9 0.219047 -0.297421 18.6541 0.12593 -0.168053 15.6531
336683 15 0.01 1.3 32.9 -0.182276 0.0561526 4.19829 -0.0235131 0.0100265 15.6531
338388 15 0.01 1.3 32.9 -0.123831 0.182057 4.71554 -0.0164994 0.0273348 15.6531
339800 15 0.01 1.3 32.9 0.274451 0.147418 6.44989 0.0550263 0.0286481 15.6531
339882 15 0.01 1.3 32.9 0.0178794 0.190752 3.40695 0.000569868 0.0202357 15.6531
340873 15 0.01 1.3 32.9 0.102544 -0.0782572 11.5026 0.035434 -0.0255325 15.6531
341185 15 0.01 1.3 32.9 -0.0971208 0.0842421 5.62439 -0.0126488 0.0165531 15.6531
341433 15 0.01 1.3 32.9 -0.395058 -0.480717 7.18887 -0.0866155 -0.104698 15.6531
342693 15 0.01 1.3 32.9 -0.0412887 -7.09931e-05 13.687 -0.0187695 0.00122584 15.6531
345561 15 0.01 1.3 32.9 -0.130306 0.187266 11.9953 -0.0501689 0.0675803 15.6531
346344 15 0.01 1.3 32.9 0.0899191 -0.310454 4.80298 0.0133976 -0.0456088 15.6531
347613 15 0.01 1.3 32.9 0.147778 -0.414918 3.21388 0.0131837 -0.0399262 15.6531
353714 15 0.01 1.3 32.9 -0.372789 0.312988 6.09176 -0.0683884 0.0587523 15.6531
358494 15 0.01 1.3 32.9 0.242687 -0.370833 4.85029 0.0343653 -0.0538324 15.6531
366446 15 0.01 1.3 32.9 -0.29985 0.471733 6.72111 -0.0618928 0.0945669 15.6531
367309 15 0.01 1.3 32.9 -0.49048 0.444927 7.27211 -0.106483 0.0952536 15.6531
371539 15 0.01 1.3 32.9 0.190871 0.431738 8.52672 0.0495241 0.113972 15.6531
375702 15 0.01 1.3 32.9 -0.0934074 0.421829 7.12304 -0.0189393 0.0948603 15.6531
378314 15 0.01 1.3 32.9 0.292092 -0.463228 7.91938 0.0704717 -0.111049 15.6531
378646 15 0.01 1.3 32.9 0.182947 0.100875 3.56037 0.0196699 0.0142191 15.6531
379730 15 0.01 1.3 32.9 0.0675835 -0.44505 6.6134 0.0147515 -0.0886123 15.6531
380981 15 0.01 1.3 32.9 -0.336505 -0.24432 5.85292 -0.0601875 -0.0434456 15.6531
381028 15 0.01 1.3 32.9 0.0616161 -0.203459 2.22202 0.00317991 -0.0129434 15.6531
381209 15 0.01 1.3 32.9 -0.338552 0.34174 7.62169 -0.0773348 0.0795153 15.6531
381714 15 0.01 1.3 32.9 0.158825 0.242153 11.2377 0.0532376 0.0824189 15.6531
385555 15 0.01 1.3 32.9 0.493874 -0.161902 1.8658 0.025967 -0.00879171 15.6531
389692 15 0.01 1.3 32.9 0.0268539 0.115315 1.92624 0.00103242 0.00866939 15.6531
393090 15 0.01 1.3 32.9 0.440799 0.375305 5.15968 0.0690216 0.0578876 15.6531
393461 15 0.01 1.3 32.9 -0.359731 -0.378828 3.25817 -0.0361375 -0.03786 15.6531
394778 15 0.01 1.3 32.9 -0.452023 -0.21065 3.11365 -0.0421446 -0.018522 15.6531
400376 15 0.01 1.3 32.9 -0.401812 0.310588 8.55297 -0.104746 0.0806893 15.6531
400511 15 0.01 1.3 32.9 -0.468016 -0.345139 7.18466 -0.101146 -0.0768084 15.6531
401493 15 0.01 1.3 32.9 -0.0809372 -0.266788 2.31295 -0.00422519 -0.0181314 15.6531
401974 15 0.01 1.3 32.9 0.286776 0.141967 8.86968 0.0755946 0.0375236 15.6531
404816 15 0.01 1.3 32.9 0.177959 0.415043 7.44116 0.0400672 0.0932072 15.6531
405472 15 0.01 1.3 32.9 -0.0693331 0.467939 4.93305 -0.01202 0.0717943 15.6531
415096 15 0.01 1.3 32.9 -0.348486 0.400433 3.31257 -0.0352415 0.0414987 15.6531
419534 15 0.01 1.3 32.9 0.187301 0.224448 6.92215 0.0378764 0.0465178 15.6531
422248 15 0.01 1.3 32.9 0.367605 0.445068 9.47453 0.105072 0.131754 15.6531
426990 15 0.01 1.3 32.9 -0.322257 -0.39119 10.477 -0.10414 -0.125018 15.6531
429590 15 0.01 1.3 32.9 0.12237 0.343449 9.66577 0.0376616 0.10213 15.6531
430780 15 0.01 1.3 32.9 -0.225029 -0.121234 8.9382 -0.062756 -0.0350234 15.6531
430993 15 0.01 1.3 32.9 0.443371 -0.278607 3.75547 0.0471418 -0.0312089 15.6531
431110 15 0.01 1.3 32.9 0.321553 -0.351659 5.00149 0.0485797 -0.0521286 15.6531
435489 15 0.01 1.3 32.9 -0.117133 -0.428361 7.99342 -0.0302811 -0.103027 15.6531
435878 15 0.01 1.3 32.9 -0.313548 -0.434099 4.6151 -0.0415019 -0.0603478 15.6531
435976 15 0.01 1.3 32.9 -0.0223889 -0.317353 14.3419 -0.00777127 -0.138526 15.6531
436038 15 0.01 1.3 32.9 0.320863 -0.0345631 5.61313 0.0573052 -0.0087379 15.6531
438426 15 0.01 1.3 32.9 0.451535 0.00970644 3.94241 0.0542927 0.0012903 15.6531
439581 15 0.01 1.3 32.9 -0.100561 0.487453 5.19451 -0.0144532 0.0800747 15.6531
439623 15 0.01 1.3 32.9 0.0173405 0.162795 13.4568 0.0089951 0.0694955 15.6531
440545 15 0.01 1.3 32.9 0.457003 -0.181808 5.77977 0.0791995 -0.0285306 15.6531
441299 15 0.01 1.3 32.9 0.0884715 -0.0432124 3.19075 0.00745911 -0.00327713 15.6531
441813 15 0.01 1.3 32.9 0.070741 -0.206403 4.72272 0.0106783 -0.0289635 15.6531
442968 15 0.01 1.3 32.9 0.184592 -0.43368 6.02648 0.033317 -0.0778332 15.6531
445118 15 0.01 1.3 32.9 0.011813 -0.0223537 8.50475 0.00320108 -0.00586648 15.6531
445298 15 0.01 1.3 32.9 -0.0143336 0.435995 8.5738 -0.00566776 0.114277 15.6531
445561 15 0.01 1.3 32.9 -0.298039 0.0280837 5.78057 -0.0534119 0.00522234 15.6531
446967 15 0.01 1.3 32.9 0.249644 -0.153897 3.71704 0.0298426 -0.0168005 15.6531
451141 15 0.01 1.3 32.9 0.237336 -0.0268414 1.66694 0.0100166 -0.00215595 15.6531
452926 15 0.01 1.3 32.9 -0.42413 0.135982 3.49396 -0.0474306 0.0148029 15.6531
455475 15 0.01 1.3 32.9 0.233921 -0.0909423 4.84068 0.03343 -0.0127284 15.6531
456958 15 0.01 1.3 32.9 -0.103432 -0.072315 13.2163 -0.0417693 -0.027023 15.6531
459038 15 0.01 1.3 32.9 0.430918 -0.251593 7.04731 0.0890798 -0.0545117 15.6531
461125 15 0.01 1.3 32.9 0.239612 -0.322176 15.196 0.112341 -0.146412 15.6531
461155 15 0.01 1.3 32.9 0.487693 -0.391587 5.39685 0.0798272 -0.061203 15.6531
462691 15 0.01 1.3 32.9 0.160531 0.0353788 2.37484 0.00710804 0.00226702 15.6531
462903 15 0.01 1.3 32.9 0.393065 0.104611 8.53773 0.102888 0.0287201 15.6531
464397 15 0.01 1.3 32.9 0.27029 0.162268 3.56542 0.029674 0.017052 15.6531
465438 15 0.01 1.3 32.9 -0.478831 0.0348896 4.95529 -0.0737309 0.00651963 15.6531
465532 15 0.01 1.3 32.9 0.149657 0.386081 8.37095 0.0387374 0.100563 15.6531
465745 15 0.01 1.3 32.9 -0.101271 0.370189 5.18882 -0.0139952 0.0580695 15.6531
465864 15 0.01 1.3 32.9 -0.103348 -0.494325 5.12533 -0.0157975 -0.0742833 15.6531
467080 15 0.01 1.3 32.9 -0.297342 -0.169714 3.9522 -0.0382883 -0.0197045 15.6531
468507 15 0.01 1.3 32.9 -0.105631 0.491248 3.55213 -0.0124737 0.0506112 15.6531
470196 15 0.01 1.3 32.9 -0.0780983 0.0700966 5.23794 -0.010487 0.0128032 15.6531
474421 15 0.01 1.3 32.9 0.393206 0.15115 8.60163 0.102619 0.0413317 15.6531
475664 15 0.01 1.3 32.9 -0.353803 0.320098 12.3293 -0.133018 0.122375 15.6531
478583 15 0.01 1.3 32.9 0.0278794 0.438865 3.74822 0.00378724 0.0493743 15.6531
479635 15 0.01 1.3 32.9 0.411662 -0.248779 6.03211 0.0759286 -0.0471249 15.6531
484205 15 0.01 1.3 32.9 -0.307415 -0.156551 12.8467 -0.121408 -0.0595133 15.6531
486747 15 0.01 1.3 32.9 0.262011 0.333276 22.499 0.176208 0.228497 15.6531
486877 15 0.01 1.3 32.9 0.0116437 -0.309547 5.25014 0.00317614 -0.0476082 15.6531
489105 15 0.01 1.3 32.9 -0.140627 -0.412035 9.07757 -0.0394451 -0.113126 15.6531
493083 15 0.01 1.3 32.9 0.20407 0.367407 15.464 0.095787 0.172926 15.6531
494921 15 0.01 1.3 32.9 -0.320809 0.307079 11.2071 -0.110856 0.105015 15.6531
495487 15 0.01 1.3 32.9 -0.107588 -0.00258646 5.55371 -0.0163628 -0.00129631 15.6531
496382 15 0.01 1.3 32.9 0.221796 0.102279 7.41662 0.0508725 0.0267707 15.6531
496686 15 0.01 1.3 32.9 -0.0104718 0.19848 5.97912 -0.00317456 0.0362697 15.6531
497816 15 0.01 1.3 32.9 0.138524 0.120107 5.25562 0.0204384 0.0195784 15.6531
498304 15 0.01 1.3 32.9 -0.301841 0.157934 9.23103 -0.0831557 0.0456103 15.6531
498315 15 0.01 1.3 32.9 -0.282788 -0.47771 6.53069 -0.0570432 -0.0957109 15.6531
