869 2 0.01 1 32.9 -0.32524 -0.159113 1.36726 -0.0132336 -0.00521011 155.436
20027 2 0.01 1 32.9 -0.390835 -0.366647 1.6463 -0.0204885 -0.0192345 155.436
20652 2 0.01 1 32.9 -0.455262 0.117362 2.51389 -0.035204 0.00823193 155.436
20965 2 0.01 1 32.9 0.338228 0.39243 2.41007 0.0246015 0.0276629 155.436
26833 2 0.01 1 32.9 -0.171317 0.101743 3.74267 -0.0209605 0.0136767 155.436
28005 2 0.01 1 32.9 0.328388 -0.0333039 2.09563 0.0206387 -0.00411419 155.436
28274 2 0.01 1 32.9 -0.144147 0.115755 2.24804 -0.0107911 0.0073293 155.436
33366 2 0.01 1 32.9 -0.0456761 0.129978 2.4188 -0.0036318 0.00910992 155.436
35942 2 0.01 1 32.9 -0.426236 0.14684 0.310395 0.00347606 0.00931147 155.436
38874 2 0.01 1 32.9 -0.211652 0.211958 0.706519 -0.00365028 0.00443815 155.436
39394 2 0.01 1 32.9 -0.233904 0.429416 2.78111 -0.0212941 0.0376366 155.436
42314 2 0.01 1 32.9 0.412115 0.34032 2.6965 0.0347289 0.030189 155.436
42558 2 0.01 1 32.9 0.352977 -0.291424 0.942949 0.00924083 -0.00569 155.436
44857 2 0.01 1 32.9 0.147702 0.488434 1.58785 0.00736037 0.0240072 155.436
47789 2 0.01 1 32.9 0.292465 -0.424114 6.24963 0.0542258 -0.0803835 155.436
50884 2 0.01 1 32.9 0.429177 0.0324043 0.850142 0.0110055 -0.00063466 155.436
53355 2 0.01 1 32.9 0.119366 0.15172 3.10683 0.0133284 0.0136783 155.436
54271 2 0.01 1 32.9 0.287572 -0.201865 1.58691 0.0141738 -0.00811662 155.436
57621 2 0.01 1 32.9 0.110256 -0.485959 3.16976 0.0118559 -0.0473223 155.436
58781 2 0.01 1 32.9 0.0476528 -0.286669 0.914795 -0.000115293 -0.00884861 155.436
64645 2 0.01 1 32.9 0.336645 0.22373 3.36296 0.0350811 0.0215696 155.436
65891 2 0.01 1 32.9 -0.0934034 0.0134766 2.11471 -0.00862448 0.00161397 155.436
67125 2 0.01 1 32.9 0.372805 -0.212102 2.14753 0.0237672 -0.0125235 155.436
74393 2 0.01 1 32.9 0.108155 -0.0551388 2.39377 0.0106603 -0.00241143 155.436
74427 2 0.01 1 32.9 -0.136001 -0.0543143 1.06846 -0.00423887 0.000238559 155.436
76137 2 0.01 1 32.9 -0.106886 0.00345506 1.5793 -0.00412196 0.00153442 155.436
78401 2 0.01 1 32.9 -0.249502 0.0790666 4.29094 -0.0321981 0.0116321 155.436
78699 2 0.01 1 32.9 0.445963 0.332736 2.41096 0.0343005 0.0246226 155.436
82978 2 0.01 1 32.9 -0.169932 0.240874 5.78774 -0.0302343 0.0440919 155.436
85752 2 0.01 1 32.9 0.134755 0.319265 1.72427 0.0090306 0.0150449 155.436
86616 2 0.01 1 32.9 -0.416903 -0.313644 3.37372 -0.0425555 -0.0319129 155.436
90434 2 0.01 1 32.9 0.306183 -0.398708 2.11457 0.0197379 -0.0253566 155.436
93253 2 0.01 1 32.9 0.186095 -0.218211 0.698168 0.00541542 -0.00495343 155.436
94628 2 0.01 1 32.9 0.436621 -0.0532789 1.53334 0.0195353 0.0021161 155.436
95273 2 0.01 1 32.9 -0.248203 -0.0189659 5.41207 -0.0409665 -0.00174983 155.436
95726 2 0.01 1 32.9 -0.37707 -0.348767 2.92515 -0.0320554 -0.0309702 155.436
98624 2 0.01 1 32.9 -0.114824 -0.0845263 1.41234 -0.0057781 -0.00132522 155.436
99413 2 0.01 1 32.9 -0.417889 0.461662 0.462942 -0.00669272 0.0105844 155.436
100820 2 0.01 1 32.9 -0.00451737 -0.451682 1.25397 -0.00246331 -0.0167961 155.436
103617 2 0.01 1 32.9 0.430022 0.39702 4.24252 0.0557193 0.0517592 155.436
106953 2 0.01 1 32.9 0.49889 0.224985 1.48324 0.023472 0.00828625 155.436
107618 2 0.01 1 32.9 -0.16596 0.457331 3.52285 -0.0184962 0.051089 155.436
113067 2 0.01 1 32.9 0.0488063 -0.328869 3.65508 0.00650803 -0.0355258 155.436
114268 2 0.01 1 32.9 0.174528 0.280146 2.18319 0.0109907 0.0177909 155.436
118411 2 0.01 1 32.9 0.11296 -0.39204 2.65263 0.00871551 -0.0307074 155.436
118545 2 0.01 1 32.9 0.374636 0.418129 1.53772 0.0207445 0.0176801 155.436
119119 2 0.01 1 32.9 -0.0914388 0.201983 6.23238 -0.0176468 0.0402498 155.436
120270 2 0.01 1 32.9 -0.000974245 -0.173453 3.54823 0.000183763 -0.0190655 155.436
120458 2 0.01 1 32.9 -0.209302 0.453239 4.84099 -0.0318733 0.065803 155.436
121463 2 0.01 1 32.9 0.166426 0.0413902 0.566859 0.00932227 0.00209233 155.436
122223 2 0.01 1 32.9 -0.252955 -0.478649 2.99826 -0.022984 -0.0428216 155.436
123562 2 0.01 1 32.9 -0.07859 0.111353 4.79088 -0.014003 0.0166914 155.436
124334 2 0.01 1 32.9 0.389214 -0.0226777 5.93375 0.0700428 -0.00197514 155.436
126434 2 0.01 1 32.9 -0.0995293 -0.192849 2.99806 -0.006447 -0.0168597 155.436
128699 2 0.01 1 32.9 0.0568223 0.179017 1.33117 0.00406392 0.00891412 155.436
129913 2 0.01 1 32.9 -0.0814673 -0.482288 3.70186 -0.0109916 -0.0525554 155.436
135193 2 0.01 1 32.9 0.139574 -0.160056 2.97206 0.0151245 -0.0160119 155.436
137046 2 0.01 1 32.9 -0.18435 0.448117 0.755315 -0.00278142 0.0103403 155.436
140350 2 0.01 1 32.9 0.379855 0.242584 2.06238 0.0246687 0.01581 155.436
141519 2 0.01 1 32.9 0.14868 0.10099 1.63069 0.00952941 0.00572038 155.436
141568 2 0.01 1 32.9 -0.263258 0.120276 3.8185 -0.0308854 0.0155991 155.436
142236 2 0.01 1 32.9 0.366602 0.480438 4.29705 0.0450868 0.0619319 155.436
143502 2 0.01 1 32.9 -0.106482 0.369954 6.07605 -0.0180987 0.0690061 155.436
144602 2 0.01 1 32.9 -0.26698 -0.378479 2.03855 -0.0137044 -0.023641 155.436
144890 2 0.01 1 32.9 -0.203621 0.299219 5.63817 -0.0366419 0.0518764 155.436
147266 2 0.01 1 32.9 -0.208796 0.0668143 1.49372 -0.00779219 0.00428843 155.436
151001 2 0.01 1 32.9 -0.383096 -0.256258 2.93391 -0.0327078 -0.024815 155.436
151862 2 0.01 1 32.9 0.393689 0.379948 2.69718 0.0312387 0.0297731 155.436
153084 2 0.01 1 32.9 -0.21934 0.32673 1.71988 -0.0126021 0.0211824 155.436
154211 2 0.01 1 32.9 0.0609196 0.447389 3.11452 0.00422493 0.0447001 155.436
155333 2 0.01 1 32.9 0.474231 -0.458746 1.97582 0.0312053 -0.0256552 155.436
159263 2 0.01 1 32.9 -0.351084 0.0229691 0.76901 -0.0048372 0.00555883 155.436
160681 2 0.01 1 32.9 0.431647 -0.185653 2.02372 0.0262225 -0.0113074 155.436
161340 2 0.01 1 32.9 -0.290604 0.34605 2.2388 -0.0205769 0.0256573 155.436
161440 2 0.01 1 32.9 0.00946887 0.283373 1.75224 -0.00157139 0.0118931 155.436
161483 2 0.01 1 32.9 0.138548 0.487196 3.70147 0.0173055 0.0544552 155.436
162702 2 0.01 1 32.9 0.219089 0.285726 3.01229 0.018299 0.0280993 155.436
163000 2 0.01 1 32.9 -0.0298422 0.379822 1.67802 -0.00108157 0.0198873 155.436
165565 2 0.01 1 32.9 -0.448433 0.221084 0.257804 0.0037482 -0.00167928 155.436
165856 2 0.01 1 32.9 -0.436219 -0.355176 1.1786 -0.016598 -0.0101841 155.436
167222 2 0.01 1 32.9 -0.485139 -0.23308 1.89945 -0.0261189 -0.0123518 155.436
171181 2 0.01 1 32.9 -0.216069 -0.184236 2.60354 -0.0159584 -0.0139084 155.436
171528 2 0.01 1 32.9 -0.109305 -0.443215 3.25338 -0.0114184 -0.0429942 155.436
172887 2 0.01 1 32.9 0.138322 0.485551 2.44992 0.00983227 0.0363443 155.436
173156 2 0.01 1 32.9 -0.380754 0.374404 2.96934 -0.0341934 0.0325594 155.436
177836 2 0.01 1 32.9 0.342374 0.132706 1.77805 0.016871 0.00983824 155.436
183777 2 0.01 1 32.9 0.259327 -0.376796 2.10513 0.0162702 -0.0271229 155.436
183823 2 0.01 1 32.9 -0.239274 0.406179 2.06064 -0.0168161 0.0253583 155.436
185930 2 0.01 1 32.9 -0.157214 -0.125701 2.72416 -0.0112984 -0.0090616 155.436
186239 2 0.01 1 32.9 0.489063 0.133757 4.00566 0.0600453 0.0166237 155.436
190785 2 0.01 1 32.9 0.0487805 0.276706 13.1475 0.0199687 0.108978 155.436
191578 2 0.01 1 32.9 -0.475961 -0.000528205 3.26693 -0.0450835 -0.00104778 155.436
193116 2 0.01 1 32.9 0.0817643 -0.301747 2.03874 0.00691174 -0.0184579 155.436
198058 2 0.01 1 32.9 -0.373761 -0.111109 5.24105 -0.0584765 -0.0157638 155.436
198743 2 0.01 1 32.9 0.426951 0.422343 5.02135 0.0655452 0.0637498 155.436
199864 2 0.01 1 32.9 0.0688713 -0.13099 2.06274 0.00544809 -0.00904707 155.436
201438 2 0.01 1 32.9 -0.294573 -0.466408 1.89858 -0.0171245 -0.0268263 155.436
202649 2 0.01 1 32.9 -0.487032 -0.446258 2.73747 -0.0391181 -0.0383472 155.436
202721 2 0.01 1 32.9 -0.397486 -0.385989 2.67914 -0.0318486 -0.0314072 155.436
208223 2 0.01 1 32.9 0.079451 -0.0486251 2.91061 0.0095831 -0.00312619 155.436
209174 2 0.01 1 32.9 -0.104099 -0.060996 4.90591 -0.0155647 -0.0100365 155.436
209845 2 0.01 1 32.9 -0.304146 -0.167314 3.72521 -0.0351393 -0.0186154 155.436
213202 2 0.01 1 32.9 0.28565 -0.456586 3.29538 0.0271486 -0.0442391 155.436
217838 2 0.01 1 32.9 -0.182792 -0.242986 2.22987 -0.0153833 -0.0154092 155.436
220549 2 0.01 1 32.9 0.349994 -0.445698 2.07409 0.0218608 -0.0268517 155.436
221461 2 0.01 1 32.9 0.336895 -0.406117 1.08632 0.0126599 -0.0118199 155.436
222117 2 0.01 1 32.9 0.407465 -0.180657 2.45546 0.0293131 -0.0137647 155.436
222734 2 0.01 1 32.9 0.177481 0.194977 6.86262 0.0382965 0.0427204 155.436
222881 2 0.01 1 32.9 0.30015 -0.10083 2.40166 0.0236335 -0.00663664 155.436
223250 2 0.01 1 32.9 0.0280499 0.413248 2.42078 0.00207884 0.0295367 155.436
224533 2 0.01 1 32.9 0.184299 0.159329 3.56616 0.0223289 0.0186401 155.436
229350 2 0.01 1 32.9 0.298594 0.229244 3.03945 0.0273757 0.0186711 155.436
230890 2 0.01 1 32.9 0.456551 0.0624497 2.97117 0.0397649 0.0056318 155.436
231293 2 0.01 1 32.9 0.037152 0.229753 1.06025 0.00112166 0.00858276 155.436
232001 2 0.01 1 32.9 0.044161 0.231966 1.40517 0.0026371 0.0107474 155.436
232281 2 0.01 1 32.9 -0.300809 -0.2937 2.83406 -0.0270907 -0.0240749 155.436
234626 2 0.01 1 32.9 -0.254058 -0.430769 2.58353 -0.0197173 -0.0353847 155.436
235085 2 0.01 1 32.9 -0.367323 0.00270315 1.04976 -0.014788 -0.000406593 155.436
236576 2 0.01 1 32.9 0.242213 0.260712 2.62526 0.0185689 0.0221871 155.436
237653 2 0.01 1 32.9 -0.156422 0.309341 5.63497 -0.0257202 0.0531662 155.436
239606 2 0.01 1 32.9 -0.236361 -0.34833 1.43013 -0.0104113 -0.0132669 155.436
240672 2 0.01 1 32.9 -0.0411258 0.191919 1.46013 0.00142785 0.00966828 155.436
241719 2 0.01 1 32.9 0.242363 -0.218274 0.262442 0.0116641 -0.000900856 155.436
242751 2 0.01 1 32.9 -0.119279 0.379197 2.36505 -0.00869215 0.0306517 155.436
243590 2 0.01 1 32.9 -0.0909734 -0.156331 2.05609 -0.00443311 -0.00925011 155.436
245720 2 0.01 1 32.9 -0.0530766 -0.479586 2.58319 -0.00543669 -0.037336 155.436
247278 2 0.01 1 32.9 -0.43414 -0.0809516 10.0026 -0.130305 -0.0245462 155.436
247923 2 0.01 1 32.9 -0.255871 -0.499965 5.02675 -0.0389734 -0.0769679 155.436
248586 2 0.01 1 32.9 -0.389297 -0.0633505 3.01944 -0.0370017 -0.00396099 155.436
250287 2 0.01 1 32.9 0.379363 -0.153406 2.87033 0.0337833 -0.0142697 155.436
250364 2 0.01 1 32.9 0.0147879 -0.11807 2.54008 0.00293786 -0.0054089 155.436
252394 2 0.01 1 32.9 0.0683769 0.400698 1.36817 0.00285763 0.0179738 155.436
253885 2 0.01 1 32.9 -0.419668 0.0756027 5.23265 -0.0676225 0.0147431 155.436
256247 2 0.01 1 32.9 0.198028 0.465467 4.0105 0.0236835 0.0576172 155.436
257945 2 0.01 1 32.9 -0.0460777 0.0681289 1.36152 -0.00295567 0.00477843 155.436
259929 2 0.01 1 32.9 0.146838 0.328614 3.13384 0.0136152 0.0294945 155.436
261339 2 0.01 1 32.9 -0.319486 0.275583 1.55227 -0.0170419 0.0149141 155.436
262350 2 0.01 1 32.9 0.354984 -0.181564 1.19385 0.0150511 -0.00328911 155.436
262501 2 0.01 1 32.9 -0.321662 -0.422287 1.03715 -0.0132131 -0.0140693 155.436
262998 2 0.01 1 32.9 0.134188 0.356017 3.24337 0.0132773 0.0370158 155.436
263243 2 0.01 1 32.9 0.0754639 0.323256 3.36155 0.00844935 0.0357744 155.436
264259 2 0.01 1 32.9 -0.04637 0.237369 1.49252 -0.000483127 0.0134587 155.436
264964 2 0.01 1 32.9 0.261214 0.0373414 3.11266 0.0245471 0.00684121 155.436
265311 2 0.01 1 32.9 -0.0449041 0.232026 1.28345 -0.000463829 0.00971579 155.436
267288 2 0.01 1 32.9 -0.416164 -0.217033 3.19238 -0.0390215 -0.0248381 155.436
270349 2 0.01 1 32.9 0.278974 0.341161 1.20512 0.0108344 0.0164758 155.436
274776 2 0.01 1 32.9 0.0503413 -0.23075 2.97662 0.00599016 -0.0190629 155.436
275342 2 0.01 1 32.9 0.425737 0.13398 3.40443 0.0439481 0.016855 155.436
279165 2 0.01 1 32.9 -0.478332 0.272594 4.35513 -0.063456 0.0361542 155.436
283560 2 0.01 1 32.9 -0.0392664 -0.467528 1.27211 -0.00260833 -0.0211601 155.436
284593 2 0.01 1 32.9 -0.134258 0.440046 3.21913 -0.0124408 0.0444087 155.436
284653 2 0.01 1 32.9 -0.228052 0.139813 2.0165 -0.0164986 0.00987608 155.436
285487 2 0.01 1 32.9 0.127576 0.288467 2.66158 0.0100502 0.0224986 155.436
286567 2 0.01 1 32.9 -0.011875 -0.395002 2.68548 -0.00129844 -0.0312831 155.436
292043 2 0.01 1 32.9 0.256478 0.000167175 1.98471 0.0134009 0.000170444 155.436
292774 2 0.01 1 32.9 0.483342 0.0155802 1.76766 0.0252127 0.00305218 155.436
295943 2 0.01 1 32.9 -0.317541 -0.309272 2.53705 -0.0228777 -0.0225971 155.436
296055 2 0.01 1 32.9 -0.281862 -0.463435 1.90703 -0.0172241 -0.0266956 155.436
299510 2 0.01 1 32.9 -0.389998 -0.23001 2.81413 -0.0342985 -0.0168468 155.436
299678 2 0.01 1 32.9 0.178981 0.326924 1.81719 0.0106146 0.0173046 155.436
301256 2 0.01 1 32.9 -0.199585 -0.228017 5.32375 -0.0318009 -0.0373952 155.436
302855 2 0.01 1 32.9 -0.278637 -0.441642 2.01037 -0.0202229 -0.0267656 155.436
304161 2 0.01 1 32.9 0.227046 0.385479 4.77031 0.0328447 0.0572185 155.436
307165 2 0.01 1 32.9 -0.478774 0.199337 0.715864 -0.0093231 0.0060976 155.436
310694 2 0.01 1 32.9 -0.166935 -0.0340426 1.24747 -0.007093 -0.00345244 155.436
312299 2 0.01 1 32.9 -0.284252 0.422507 5.3345 -0.045138 0.0682958 155.436
313690 2 0.01 1 32.9 0.416038 0.0498634 1.8971 0.0244967 0.00252938 155.436
314001 2 0.01 1 32.9 0.0300894 0.359501 3.72285 0.00123265 0.0395003 155.436
315392 2 0.01 1 32.9 0.0102981 0.0287577 4.99165 0.00120431 0.00324398 155.436
315660 2 0.01 1 32.9 -0.199998 -0.0883327 3.27067 -0.0194566 -0.00743343 155.436
315839 2 0.01 1 32.9 -0.0251498 0.150189 2.04944 -0.00322809 0.011382 155.436
315960 2 0.01 1 32.9 -0.243382 0.416191 3.15525 -0.0201466 0.0419552 155.436
316030 2 0.01 1 32.9 -0.326307 -0.338723 1.38595 -0.0138745 -0.0151296 155.436
324946 2 0.01 1 32.9 0.0979083 -0.38912 2.20694 0.00493508 -0.0241467 155.436
329933 2 0.01 1 32.9 -0.367985 -0.482688 1.68898 -0.018665 -0.0236307 155.436
330854 2 0.01 1 32.9 -0.291416 -0.316764 3.40166 -0.0293061 -0.0325432 155.436
330935 2 0.01 1 32.9 0.216986 -0.458778 4.9073 0.031635 -0.0681313 155.436
334061 2 0.01 1 32.9 0.47376 0.0294375 2.75591 0.0376733 -0.000250137 155.436
338367 2 0.01 1 32.9 0.156752 0.0489772 5.15081 0.0251918 0.00582117 155.436
338993 2 0.01 1 32.9 -0.213965 0.190788 1.9104 -0.012468 0.00937678 155.436
339299 2 0.01 1 32.9 -0.421644 -0.0944939 1.66875 -0.0230419 -0.00339102 155.436
340819 2 0.01 1 32.9 0.101981 -0.340874 1.87964 0.00614803 -0.0160065 155.436
343855 2 0.01 1 32.9 0.0209389 -0.266756 5.91739 0.0056084 -0.0500729 155.436
344397 2 0.01 1 32.9 0.289838 -0.467565 1.35719 0.0114931 -0.015466 155.436
345560 2 0.01 1 32.9 0.285657 -0.270734 0.356773 -0.0026646 0.000486016 155.436
346707 2 0.01 1 32.9 0.336472 -0.233429 2.41114 0.0258464 -0.0162413 155.436
347303 2 0.01 1 32.9 0.270581 0.011453 6.35683 0.0515718 0.00150267 155.436
347799 2 0.01 1 32.9 0.265858 -0.141292 8.30624 0.0673133 -0.0353144 155.436
348846 2 0.01 1 32.9 0.433797 -0.0844253 1.71194 0.021361 -0.00276296 155.436
349916 2 0.01 1 32.9 0.0453239 -0.185995 0.410152 -0.00199157 -0.00307128 155.436
350399 2 0.01 1 32.9 0.356664 -0.189787 3.71694 0.0415805 -0.0184816 155.436
351099 2 0.01 1 32.9 0.30478 0.0167425 1.88233 0.0176563 0.00369025 155.436
355856 2 0.01 1 32.9 -0.376814 0.141659 2.52445 -0.0283143 0.0115524 155.436
356574 2 0.01 1 32.9 0.00380111 0.382458 1.45239 0.00131402 0.0196238 155.436
357894 2 0.01 1 32.9 -0.169778 0.16656 0.894686 -0.00601754 0.00365125 155.436
358788 2 0.01 1 32.9 0.317767 -0.112414 1.64404 0.0150398 -0.00706689 155.436
359724 2 0.01 1 32.9 -0.276908 -0.233236 1.17627 -0.0102399 -0.00325681 155.436
361271 2 0.01 1 32.9 -0.464033 0.0366023 3.58563 -0.0493369 0.00516599 155.436
362895 2 0.01 1 32.9 0.20312 0.406461 1.35409 0.0110013 0.0185968 155.436
364280 2 0.01 1 32.9 0.212998 -0.494849 1.58908 0.0108915 -0.022818 155.436
370155 2 0.01 1 32.9 -0.0880652 0.469558 2.67726 -0.00781901 0.0366013 155.436
370630 2 0.01 1 32.9 0.275977 0.106331 3.31445 0.0285451 0.00992418 155.436
372166 2 0.01 1 32.9 -0.287421 0.162067 2.55883 -0.0229477 0.012011 155.436
384289 2 0.01 1 32.9 -0.324998 -0.210991 2.62784 -0.0241751 -0.0159407 155.436
384606 2 0.01 1 32.9 -0.313394 0.317465 1.26894 -0.0114298 0.00973468 155.436
390416 2 0.01 1 32.9 -0.0744108 -0.425571 3.95712 -0.00959614 -0.0511999 155.436
391686 2 0.01 1 32.9 -0.133517 -0.348558 1.77964 -0.00602667 -0.0172076 155.436
391938 2 0.01 1 32.9 -0.166978 -0.370241 1.11749 -0.00572108 -0.0108935 155.436
396197 2 0.01 1 32.9 -0.440911 0.227614 1.13695 -0.0142074 0.00539173 155.436
397889 2 0.01 1 32.9 -0.0210897 -0.239716 8.18793 -0.00606896 -0.061855 155.436
402692 2 0.01 1 32.9 0.476216 -0.470479 1.81091 0.0235958 -0.0216841 155.436
405527 2 0.01 1 32.9 -0.452884 -0.0395277 3.14118 -0.0413065 -0.00362382 155.436
411530 2 0.01 1 32.9 0.380411 0.022936 2.37145 0.0282539 0.00248914 155.436
412289 2 0.01 1 32.9 0.328337 0.171264 1.66961 0.0154913 0.00815094 155.436
413389 2 0.01 1 32.9 -0.374891 -0.481661 2.03075 -0.0254147 -0.0290168 155.436
414092 2 0.01 1 32.9 0.491567 -0.339297 1.62342 0.0219807 -0.01521 155.436
414129 2 0.01 1 32.9 -0.318057 -0.154855 1.18511 -0.0113748 -0.00404659 155.436
415030 2 0.01 1 32.9 -0.36032 0.379987 3.1818 -0.0357913 0.038108 155.436
415697 2 0.01 1 32.9 0.00282692 -0.0612985 4.34515 0.000371694 -0.00890418 155.436
416710 2 0.01 1 32.9 0.393112 -0.115507 4.49718 0.053692 -0.0165825 155.436
420116 2 0.01 1 32.9 0.474314 -0.365596 3.68267 0.053409 -0.0397799 155.436
421565 2 0.01 1 32.9 0.123284 0.227774 2.45144 0.00987803 0.0138959 155.436
423074 2 0.01 1 32.9 -0.00711386 -0.396564 2.82842 -0.00111627 -0.0332254 155.436
428875 2 0.01 1 32.9 -0.103918 -0.155946 1.44211 -0.00396279 -0.00693429 155.436
429103 2 0.01 1 32.9 -0.246303 -0.432731 2.31318 -0.0167645 -0.0273996 155.436
429788 2 0.01 1 32.9 0.0528436 0.089452 2.55006 0.00530504 0.00945481 155.436
440232 2 0.01 1 32.9 -0.327247 0.161172 1.25184 -0.0118047 0.00318102 155.436
440423 2 0.01 1 32.9 0.0081112 -0.124113 7.20141 0.00253438 -0.0263626 155.436
441806 2 0.01 1 32.9 -0.0938473 -0.0221476 1.9625 -0.00260671 -0.00135261 155.436
443380 2 0.01 1 32.9 -0.0615562 0.0753373 2.41894 -0.00527801 0.0054024 155.436
443939 2 0.01 1 32.9 0.298326 -0.228048 2.11999 0.0214272 -0.0131849 155.436
447811 2 0.01 1 32.9 -0.0608075 -0.264318 2.51679 -0.00405698 -0.0197745 155.436
452569 2 0.01 1 32.9 -0.461016 0.414877 6.65924 -0.092615 0.0871529 155.436
453756 2 0.01 1 32.9 -0.301555 -0.34608 1.81544 -0.0187093 -0.0190706 155.436
453870 2 0.01 1 32.9 -0.114428 0.120506 1.1904 -0.00508 0.00560743 155.436
456173 2 0.01 1 32.9 -0.0118116 0.435801 8.27187 -0.00408141 0.110926 155.436
463949 2 0.01 1 32.9 -0.463763 -0.0714565 2.80951 -0.0412658 -0.00748246 155.436
464576 2 0.01 1 32.9 0.244463 0.472464 3.49873 0.0261652 0.0499348 155.436
465780 2 0.01 1 32.9 -0.250791 -0.150403 3.42595 -0.0276392 -0.0168865 155.436
466563 2 0.01 1 32.9 -0.213366 -0.236992 2.39552 -0.014053 -0.0174046 155.436
470092 2 0.01 1 32.9 0.422098 0.375003 3.37195 0.0445721 0.0391895 155.436
472215 2 0.01 1 32.9 0.0144959 0.0666538 13.518 0.0047181 0.0275822 155.436
475623 2 0.01 1 32.9 0.457069 -0.301137 2.75444 0.0392664 -0.0245262 155.436
476895 2 0.01 1 32.9 0.441983 0.134943 3.38743 0.0453301 0.0152544 155.436
478445 2 0.01 1 32.9 0.429605 0.389006 9.06356 0.119006 0.106193 155.436
478898 2 0.01 1 32.9 0.4431 0.204855 1.25928 0.0159485 0.00987748 155.436
484017 2 0.01 1 32.9 -0.379202 0.40984 3.25161 -0.0370605 0.0408733 155.436
484851 2 0.01 1 32.9 0.202731 0.303669 0.85596 0.00230194 0.00839625 155.436
489432 2 0.01 1 32.9 0.424243 -0.168787 2.30501 0.029342 -0.0125135 155.436
490357 2 0.01 1 32.9 -0.248748 0.152255 6.83272 -0.0522409 0.0309538 155.436
492939 2 0.01 1 32.9 0.357502 -0.131009 3.02375 0.0336443 -0.0103546 155.436
493837 2 0.01 1 32.9 0.239507 -0.357276 3.28439 0.0241075 -0.0334385 155.436
494097 2 0.01 1 32.9 0.276077 -0.173921 2.95134 0.0245822 -0.0144911 155.436
497092 2 0.01 1 32.9 -0.139206 -0.435427 6.08296 -0.0241177 -0.0769388 155.436
498567 2 0.01 1 32.9 -0.125488 0.241438 2.24826 -0.0075463 0.0161772 155.436
498580 2 0.01 1 32.9 -0.194339 -0.451223 3.13217 -0.0180235 -0.0413981 155.436
499612 2 0.01 1 32.9 0.359521 -0.223507 5.0343 0.0543127 -0.0369746 155.436
499969 2 0.01 1 32.9 -0.338442 0.239839 3.15118 -0.0314247 0.0228503 155.436
