1102 15 0.1 1 32.9 -0.0427934 -0.324826 10.3292 -0.0246106 -0.100202 15.8852
1572 15 0.1 1 32.9 -0.12724 -0.247441 10.6406 -0.0207057 -0.0767522 15.8852
3717 15 0.1 1 32.9 0.316588 -0.487245 8.61223 0.0756282 -0.127647 15.8852
3852 15 0.1 1 32.9 0.00737073 -0.349056 5.93886 0.0109569 -0.0777232 15.8852
4984 15 0.1 1 32.9 -0.351483 0.247737 6.67159 -0.0790137 0.0610226 15.8852
8186 15 0.1 1 32.9 0.205631 0.441789 4.75252 0.0566079 0.0709046 15.8852
8948 15 0.1 1 32.9 -0.39577 -0.0136903 5.39746 -0.0738395 0.00268017 15.8852
10511 15 0.1 1 32.9 -0.263829 -0.143884 2.21733 -0.00647846 -0.0235229 15.8852
11610 15 0.1 1 32.9 -0.188485 -0.0690556 4.48015 -0.0246273 0.00782937 15.8852
14663 15 0.1 1 32.9 0.359022 0.266482 4.41774 0.0282381 0.0384543 15.8852
15760 15 0.1 1 32.9 0.472456 -0.201799 8.5259 0.118141 -0.0621868 15.8852
19312 15 0.1 1 32.9 -0.275769 0.13562 3.95648 -0.0403789 0.0136544 15.8852
20839 15 0.1 1 32.9 -0.38784 0.444738 6.9459 -0.0899667 0.0995944 15.8852
21857 15 0.1 1 32.9 -0.272615 0.150071 3.45718 -0.020861 0.0212361 15.8852
22465 15 0.1 1 32.9 -0.0408681 0.476941 5.36247 -0.0131868 0.0882127 15.8852
22815 15 0.1 1 32.9 0.0481624 0.323227 12.0518 0.028859 0.130643 15.8852
23317 15 0.1 1 32.9 -0.234244 -0.082663 5.30595 -0.037679 -0.01828 15.8852
26933 15 0.1 1 32.9 0.0623621 -0.243735 6.3448 0.00799787 -0.034196 15.8852
27996 15 0.1 1 32.9 -0.305321 0.251145 5.08287 -0.0607696 0.0409835 15.8852
30742 15 0.1 1 32.9 -0.0714739 0.366389 4.20111 -0.0324356 0.0714457 15.8852
31287 15 0.1 1 32.9 0.207199 0.204498 5.14159 0.0328263 0.0467023 15.8852
31390 15 0.1 1 32.9 -0.249588 0.205975 6.77386 -0.0353821 0.0546905 15.8852
32202 15 0.1 1 32.9 -0.37455 -0.157871 11.2323 -0.139624 -0.0523988 15.8852
32593 15 0.1 1 32.9 -0.302387 0.310492 10.8943 -0.101837 0.101833 15.8852
33873 15 0.1 1 32.9 0.133476 -0.348946 11.601 0.0362404 -0.130621 15.8852
35278 15 0.1 1 32.9 0.141274 0.260123 11.5322 0.0636885 0.0736875 15.8852
35452 15 0.1 1 32.9 0.143246 -0.318124 3.62512 0.0365668 -0.0225285 15.8852
35706 15 0.1 1 32.9 -0.314993 0.165266 7.61147 -0.0963309 0.0513188 15.8852
37253 15 0.1 1 32.9 0.497842 0.0449086 8.46401 0.126655 0.0172583 15.8852
37738 15 0.1 1 32.9 0.397437 -0.000356396 12.5589 0.153102 0.00194734 15.8852
38560 15 0.1 1 32.9 0.0127445 0.442147 5.61005 0.0065958 0.0911653 15.8852
39145 15 0.1 1 32.9 -0.151912 -0.440661 14.6418 -0.0730374 -0.17656 15.8852
39211 15 0.1 1 32.9 0.317908 -0.34306 4.30908 0.0595783 -0.0307678 15.8852
40828 15 0.1 1 32.9 -0.424506 -0.135858 3.37315 -0.0233098 0.00685121 15.8852
41178 15 0.1 1 32.9 -0.383545 -0.453165 6.19212 -0.102269 -0.0939861 15.8852
43003 15 0.1 1 32.9 0.115207 0.455821 5.00903 0.0203557 0.0489925 15.8852
43403 15 0.1 1 32.9 -0.00157334 -0.397644 10.8531 -0.00269963 -0.123215 15.8852
47235 15 0.1 1 32.9 0.0247694 -0.111124 7.80138 0.0100346 -0.0307641 15.8852
50265 15 0.1 1 32.9 0.426653 0.266835 6.08743 0.0834259 0.0799262 15.8852
51666 15 0.1 1 32.9 0.0742706 0.150508 5.12231 0.0196102 0.0286435 15.8852
52041 15 0.1 1 32.9 0.233957 -0.155058 8.80998 0.0531804 -0.044868 15.8852
52058 15 0.1 1 32.9 -0.239722 0.27119 4.55237 -0.0080754 0.039563 15.8852
53839 15 0.1 1 32.9 0.456844 -0.00234191 3.78819 0.034552 0.00111002 15.8852
54472 15 0.1 1 32.9 -0.457422 -0.0590021 5.42209 -0.0529486 -0.0136639 15.8852
54876 15 0.1 1 32.9 -0.178872 -0.394711 12.2939 -0.0652225 -0.153682 15.8852
56385 15 0.1 1 32.9 -0.0122215 0.259546 10.5955 -0.0070559 0.0827295 15.8852
60880 15 0.1 1 32.9 -0.0366614 -0.190855 2.61208 -0.0299771 -0.0173492 15.8852
61433 15 0.1 1 32.9 -0.447238 0.0700426 4.01231 -0.0606553 0.00971469 15.8852
62992 15 0.1 1 32.9 -0.460963 -0.187729 2.37474 -0.0236129 -0.0271347 15.8852
63134 15 0.1 1 32.9 0.12108 -0.481467 1.81078 -0.00169061 -0.030903 15.8852
66413 15 0.1 1 32.9 -0.293683 0.430933 2.39154 -0.00746558 0.0315791 15.8852
68079 15 0.1 1 32.9 -0.202522 -0.104315 4.82221 -0.0335738 -0.0131807 15.8852
68102 15 0.1 1 32.9 0.0600634 0.392134 3.35641 0.0240154 0.0547741 15.8852
69859 15 0.1 1 32.9 -0.350272 0.340313 3.50723 -0.0236438 0.0310639 15.8852
74366 15 0.1 1 32.9 -0.12204 0.15139 12.2837 -0.0491025 0.0611686 15.8852
75111 15 0.1 1 32.9 0.18245 0.238885 9.61621 0.060512 0.0562247 15.8852
79487 15 0.1 1 32.9 0.084239 0.151591 2.25963 0.00137452 0.0338623 15.8852
85179 15 0.1 1 32.9 0.271066 0.361923 4.34834 0.0243545 0.054168 15.8852
86617 15 0.1 1 32.9 0.155165 -0.444091 1.94233 0.0182699 -0.00693769 15.8852
86873 15 0.1 1 32.9 0.135644 0.217035 3.93556 0.0131391 0.0211274 15.8852
88096 15 0.1 1 32.9 -0.170978 0.44839 8.27082 -0.0608455 0.114793 15.8852
88290 15 0.1 1 32.9 0.336759 -0.49763 26.2088 0.254809 -0.376638 15.8852
88503 15 0.1 1 32.9 0.406224 -0.264273 5.21259 0.057002 -0.0160252 15.8852
88519 15 0.1 1 32.9 0.452645 0.379824 9.66919 0.137168 0.115301 15.8852
89227 15 0.1 1 32.9 -0.400828 -0.054377 22.4048 -0.26251 -0.0257431 15.8852
92320 15 0.1 1 32.9 0.134217 -0.109546 24.7125 0.101391 -0.0863986 15.8852
92850 15 0.1 1 32.9 0.381261 0.379558 8.93092 0.0952699 0.10439 15.8852
93437 15 0.1 1 32.9 0.372421 0.310324 6.88136 0.0654929 0.0699659 15.8852
96164 15 0.1 1 32.9 -0.0938266 -0.411476 2.91446 -0.00237223 -0.0474678 15.8852
96571 15 0.1 1 32.9 0.126576 -0.387237 1.89182 0.0233431 -0.00416804 15.8852
99039 15 0.1 1 32.9 -0.0223887 0.00450105 6.49498 -0.00216148 -0.0242276 15.8852
99990 15 0.1 1 32.9 0.158255 -0.416997 4.59724 0.0116137 -0.0518516 15.8852
100422 15 0.1 1 32.9 -0.321938 0.405927 7.87351 -0.0949506 0.106623 15.8852
102861 15 0.1 1 32.9 -0.331951 0.314628 7.64688 -0.0654359 0.0650984 15.8852
103148 15 0.1 1 32.9 -0.47583 -0.335271 4.36509 -0.0734024 -0.0411574 15.8852
103579 15 0.1 1 32.9 0.228628 -0.222033 24.3643 0.16207 -0.178885 15.8852
103939 15 0.1 1 32.9 -0.353493 -0.0898055 7.43413 -0.0740646 -0.025309 15.8852
105912 15 0.1 1 32.9 -0.36869 0.209844 8.52712 -0.08316 0.0591814 15.8852
108626 15 0.1 1 32.9 -0.18165 0.0672708 14.5824 -0.0790906 0.0422196 15.8852
120467 15 0.1 1 32.9 0.0670277 0.448279 8.7604 0.0129255 0.141305 15.8852
121899 15 0.1 1 32.9 0.168112 0.449903 3.24101 0.0329883 0.0375603 15.8852
121963 15 0.1 1 32.9 0.0848523 -0.186954 8.131 0.017143 -0.0344344 15.8852
122699 15 0.1 1 32.9 0.451654 -0.0316898 2.4768 0.0231735 -0.0129294 15.8852
124157 15 0.1 1 32.9 0.229641 -0.355541 15.908 0.103161 -0.152614 15.8852
127930 15 0.1 1 32.9 0.0883881 0.299157 2.4651 0.0199649 0.0452684 15.8852
128482 15 0.1 1 32.9 0.200134 -0.00290006 6.53074 0.0302049 -0.000769743 15.8852
129724 15 0.1 1 32.9 -0.161401 0.43913 2.61225 -0.00494982 0.0565041 15.8852
131451 15 0.1 1 32.9 0.270065 0.285401 8.63231 0.0785262 0.0883344 15.8852
138102 15 0.1 1 32.9 -0.305204 0.495162 5.85747 -0.0557549 0.0882744 15.8852
138563 15 0.1 1 32.9 -0.0831087 0.295679 4.94686 -0.0318931 0.0415327 15.8852
139879 15 0.1 1 32.9 0.0837718 -0.154226 3.75628 0.00169911 0.0157836 15.8852
140098 15 0.1 1 32.9 0.347566 -0.336843 4.79509 0.047556 -0.0558587 15.8852
142498 15 0.1 1 32.9 0.472381 0.172173 5.25898 0.0701519 0.0330266 15.8852
143966 15 0.1 1 32.9 0.0918233 0.468035 6.99287 0.0241762 0.0925827 15.8852
152052 15 0.1 1 32.9 0.459431 0.0375485 9.05161 0.113478 -0.00463156 15.8852
152808 15 0.1 1 32.9 0.165473 -0.0598444 10.1222 0.077916 -0.0146028 15.8852
152850 15 0.1 1 32.9 0.0347097 0.442161 6.70337 0.0193196 0.104161 15.8852
152996 15 0.1 1 32.9 0.182903 -0.44535 3.78523 0.0112459 -0.0397839 15.8852
153522 15 0.1 1 32.9 -0.362331 -0.0850453 14.1413 -0.152947 -0.0338555 15.8852
153555 15 0.1 1 32.9 -0.178404 0.228565 6.86018 -0.0183956 0.0604944 15.8852
155286 15 0.1 1 32.9 -0.0760966 0.396534 7.2152 -0.0139526 0.0708237 15.8852
155717 15 0.1 1 32.9 0.336993 0.397505 7.10469 0.0490927 0.119232 15.8852
157799 15 0.1 1 32.9 0.134467 0.0712619 9.40092 0.0168954 0.0452103 15.8852
162142 15 0.1 1 32.9 0.359359 -0.0889073 6.41559 0.0747056 -0.00733567 15.8852
164053 15 0.1 1 32.9 -0.118395 0.23379 2.37691 -0.0167838 0.000129578 15.8852
164232 15 0.1 1 32.9 0.0528493 -0.323538 9.38955 0.0314576 -0.0846257 15.8852
165315 15 0.1 1 32.9 -0.4156 -0.14367 5.36071 -0.0792397 -0.0237278 15.8852
167499 15 0.1 1 32.9 0.0424822 0.0463647 8.45635 0.0355327 0.0276284 15.8852
168843 15 0.1 1 32.9 -0.103083 -0.183879 7.15492 -0.015945 -0.0357358 15.8852
169088 15 0.1 1 32.9 0.0402272 -0.269067 4.65475 -0.00921938 -0.0306459 15.8852
170208 15 0.1 1 32.9 -0.117116 -0.17149 14.8566 -0.0474668 -0.07279 15.8852
170847 15 0.1 1 32.9 0.288552 0.423513 3.84308 0.0360238 0.0518761 15.8852
172266 15 0.1 1 32.9 0.332621 -0.0568233 14.1032 0.148252 -0.00741149 15.8852
172918 15 0.1 1 32.9 -0.322181 0.354452 3.38599 -0.0248337 0.0497192 15.8852
174108 15 0.1 1 32.9 -0.424332 -0.0702767 2.94746 -0.0326279 0.0250874 15.8852
176621 15 0.1 1 32.9 -0.066353 -0.323739 4.07759 -0.00170182 -0.0454679 15.8852
177072 15 0.1 1 32.9 0.151344 0.234724 4.67562 0.0331759 0.041426 15.8852
177876 15 0.1 1 32.9 0.466534 0.0307371 7.06137 0.105848 0.0128671 15.8852
185268 15 0.1 1 32.9 -0.251859 -0.0220774 3.77479 -0.021869 0.00955972 15.8852
185587 15 0.1 1 32.9 0.479449 -0.407038 8.81726 0.118393 -0.119421 15.8852
185629 15 0.1 1 32.9 0.485882 0.468904 0.781358 0.0211686 0.00392847 15.8852
185951 15 0.1 1 32.9 -0.48666 0.190138 7.89846 -0.127431 0.0478048 15.8852
186511 15 0.1 1 32.9 -0.443011 0.361075 7.20499 -0.0913248 0.0708149 15.8852
186996 15 0.1 1 32.9 0.0977297 0.461291 6.02957 0.0142157 0.110514 15.8852
188719 15 0.1 1 32.9 -0.296589 -0.0529835 5.61193 -0.0467239 0.00862859 15.8852
189462 15 0.1 1 32.9 0.313197 0.0136143 11.0745 0.0995912 0.0242048 15.8852
190108 15 0.1 1 32.9 0.263114 0.0528128 3.18563 0.0316417 0.0209706 15.8852
191950 15 0.1 1 32.9 0.153475 0.043732 11.0194 0.0469587 0.0192458 15.8852
193555 15 0.1 1 32.9 -0.0552835 -0.266596 4.02457 -0.00647948 -0.0473755 15.8852
194274 15 0.1 1 32.9 -0.0507873 -0.195676 11.4969 -0.0382838 -0.073427 15.8852
194792 15 0.1 1 32.9 0.131055 -0.375245 1.6844 -0.00787324 -0.0186357 15.8852
195722 15 0.1 1 32.9 0.118287 0.0475958 4.68834 0.015238 0.0026917 15.8852
197649 15 0.1 1 32.9 -0.398307 0.389819 1.52348 -0.0336511 0.0140478 15.8852
209132 15 0.1 1 32.9 -0.348115 -0.289909 1.51764 -0.016308 -0.0159139 15.8852
209181 15 0.1 1 32.9 -0.254157 0.442255 10.494 -0.0696704 0.16624 15.8852
211922 15 0.1 1 32.9 -0.223505 -0.359599 1.40736 -0.000772449 -0.00387217 15.8852
211988 15 0.1 1 32.9 0.128914 0.195419 3.16602 0.020041 0.0430379 15.8852
214757 15 0.1 1 32.9 -0.481578 -0.422649 1.55647 -0.0506213 0.00447311 15.8852
215657 15 0.1 1 32.9 0.0940835 -0.285892 11.6842 0.0523167 -0.102511 15.8852
215658 15 0.1 1 32.9 -0.0209098 -0.0821869 7.58618 -0.0272219 0.0026486 15.8852
215944 15 0.1 1 32.9 0.00939277 0.120406 2.22104 0.00487768 -0.00575643 15.8852
216622 15 0.1 1 32.9 -0.151162 -0.0131045 5.07403 -0.0295214 0.00202583 15.8852
219781 15 0.1 1 32.9 -0.377259 0.393535 16.7099 -0.182043 0.190514 15.8852
223017 15 0.1 1 32.9 -0.220024 0.313614 3.34655 -0.0233046 0.0377106 15.8852
227789 15 0.1 1 32.9 -0.274804 -0.0488419 17.2023 -0.12974 -0.0150644 15.8852
229041 15 0.1 1 32.9 0.332708 0.213223 1.99294 0.0265788 0.0337864 15.8852
230129 15 0.1 1 32.9 0.121514 0.252036 14.8798 0.0516538 0.130441 15.8852
236664 15 0.1 1 32.9 -0.175163 0.0629055 1.93972 -0.0317958 0.0130145 15.8852
237189 15 0.1 1 32.9 -0.0233248 -0.486095 1.46509 -0.0121341 0.021913 15.8852
238810 15 0.1 1 32.9 0.324874 -0.30824 1.25808 0.0117008 0.00245054 15.8852
239087 15 0.1 1 32.9 -0.113826 -0.432113 7.93354 -0.0142129 -0.0805706 15.8852
240164 15 0.1 1 32.9 -0.229882 -0.0554509 1.97248 -0.012454 0.00522813 15.8852
240548 15 0.1 1 32.9 0.00766343 0.378458 8.44852 -0.0120517 0.107872 15.8852
243769 15 0.1 1 32.9 0.0710609 -0.0405997 5.40105 0.0121119 -0.0161164 15.8852
245933 15 0.1 1 32.9 0.040443 0.116077 3.00371 -0.0279359 0.0228541 15.8852
249249 15 0.1 1 32.9 0.225227 0.223989 5.52411 0.0343435 0.0306548 15.8852
249892 15 0.1 1 32.9 -0.357025 -0.0864258 5.24786 -0.0569924 -0.00856932 15.8852
250101 15 0.1 1 32.9 -0.0923017 -0.0349373 5.2163 -0.0208081 0.000403175 15.8852
250629 15 0.1 1 32.9 -0.393587 0.168811 2.71878 -0.0511859 -0.00835687 15.8852
254643 15 0.1 1 32.9 -0.335108 -0.0570596 5.64783 -0.0785604 0.0141545 15.8852
254826 15 0.1 1 32.9 -0.234232 -0.172385 3.12771 -0.010323 -0.0052424 15.8852
256282 15 0.1 1 32.9 0.206073 -0.141523 10.1707 0.0642903 -0.0551067 15.8852
259998 15 0.1 1 32.9 0.116922 0.0268083 3.58182 0.0155206 0.0289368 15.8852
261364 15 0.1 1 32.9 0.328178 -0.416613 4.60192 0.0267226 -0.0555559 15.8852
261807 15 0.1 1 32.9 -0.376925 -0.239144 5.58686 -0.0715227 -0.0254926 15.8852
262967 15 0.1 1 32.9 -0.0760374 -0.02696 1.66872 -0.00770542 0.0161679 15.8852
263435 15 0.1 1 32.9 -0.415933 0.44235 6.92359 -0.087017 0.108444 15.8852
265258 15 0.1 1 32.9 -0.163564 0.466217 5.01475 -0.00985436 0.0854853 15.8852
265903 15 0.1 1 32.9 -0.306258 -0.308288 12.7091 -0.102825 -0.125656 15.8852
272984 15 0.1 1 32.9 -0.457768 0.217304 6.5649 -0.0965326 0.0470252 15.8852
273465 15 0.1 1 32.9 -0.369256 0.226412 4.05819 -0.0397656 0.0460924 15.8852
273665 15 0.1 1 32.9 -0.377534 -0.488901 9.25941 -0.0939165 -0.128515 15.8852
275114 15 0.1 1 32.9 -0.351914 0.414616 3.85093 -0.0357527 0.0340265 15.8852
277114 15 0.1 1 32.9 0.270121 0.499762 5.60117 0.0194693 0.0988422 15.8852
278023 15 0.1 1 32.9 -0.0851977 -0.315868 5.33063 -0.00121206 -0.0350991 15.8852
278538 15 0.1 1 32.9 0.0248312 -0.114763 15.6638 0.00864717 -0.0402186 15.8852
278584 15 0.1 1 32.9 0.0765679 -0.224166 3.31265 -0.0149082 -0.0112142 15.8852
279374 15 0.1 1 32.9 -0.411443 -0.144109 12.7521 -0.17026 -0.0632042 15.8852
280197 15 0.1 1 32.9 -0.172321 0.334482 8.86176 -0.0518841 0.0836632 15.8852
280702 15 0.1 1 32.9 0.441704 0.288897 5.73803 0.0609231 0.04428 15.8852
284689 15 0.1 1 32.9 0.1471 -0.472425 6.08507 0.0266947 -0.0883106 15.8852
285275 15 0.1 1 32.9 0.106426 0.36007 6.65283 0.0457256 0.0695477 15.8852
286114 15 0.1 1 32.9 -0.188507 -0.444741 4.64663 -0.0473903 -0.0708915 15.8852
288909 15 0.1 1 32.9 0.116184 0.232201 5.49483 0.0177014 0.0369017 15.8852
289343 15 0.1 1 32.9 0.472775 -0.283341 5.07402 0.0743891 -0.0446286 15.8852
289473 15 0.1 1 32.9 -0.222031 -0.0305013 7.38404 -0.0419571 -0.00183929 15.8852
290198 15 0.1 1 32.9 -0.415438 -0.19807 5.83475 -0.0903059 -0.0335757 15.8852
291502 15 0.1 1 32.9 0.477718 0.273999 8.16227 0.116546 0.0704182 15.8852
293915 15 0.1 1 32.9 -0.365976 -0.309457 5.65007 -0.0538371 -0.0648195 15.8852
294996 15 0.1 1 32.9 0.33527 -0.0406591 10.8006 0.0931568 -0.00486515 15.8852
297016 15 0.1 1 32.9 -0.222371 0.14045 2.00786 -0.0132314 0.00962672 15.8852
297543 15 0.1 1 32.9 -0.107378 0.0263258 6.60564 -0.022972 0.00331178 15.8852
297639 15 0.1 1 32.9 0.186649 0.137928 5.2503 0.0208533 0.0250306 15.8852
298810 15 0.1 1 32.9 0.468991 0.210194 3.83895 0.0516779 0.0248842 15.8852
300411 15 0.1 1 32.9 -0.366898 0.23626 8.90224 -0.0900389 0.0712715 15.8852
301091 15 0.1 1 32.9 0.0190656 0.235418 3.69253 -0.00968709 0.029978 15.8852
303056 15 0.1 1 32.9 -0.110868 0.400204 5.24994 -0.0265807 0.0756151 15.8852
309492 15 0.1 1 32.9 -0.0285143 0.262467 8.34159 -0.0179481 0.0746722 15.8852
314324 15 0.1 1 32.9 0.480413 0.409545 1.85702 0.00473587 0.0297558 15.8852
316807 15 0.1 1 32.9 0.37127 -0.205357 8.2216 0.110427 -0.0412436 15.8852
316990 15 0.1 1 32.9 0.254509 0.41979 6.62921 0.0568312 0.101961 15.8852
317893 15 0.1 1 32.9 0.47444 -0.158273 7.39514 0.104015 -0.015622 15.8852
318186 15 0.1 1 32.9 0.435113 -0.348335 4.29072 0.0594709 -0.0338013 15.8852
319435 15 0.1 1 32.9 0.403238 -0.251214 8.54104 0.11829 -0.0676774 15.8852
322047 15 0.1 1 32.9 -0.170852 0.0752611 4.0612 -0.026673 0.00994201 15.8852
322362 15 0.1 1 32.9 -0.0247837 0.270947 8.65357 0.00497511 0.0821846 15.8852
324646 15 0.1 1 32.9 -0.389044 0.426754 6.76606 -0.066255 0.0972554 15.8852
325572 15 0.1 1 32.9 0.410643 -0.265128 3.29462 0.0287025 -0.000462234 15.8852
327908 15 0.1 1 32.9 -0.0372624 -0.434708 4.61398 -0.00651231 -0.0823691 15.8852
333491 15 0.1 1 32.9 0.18471 0.122581 3.72551 0.0455197 0.0310647 15.8852
333699 15 0.1 1 32.9 0.114055 -0.308502 13.185 0.0445724 -0.142388 15.8852
333838 15 0.1 1 32.9 0.419802 0.349053 8.18968 0.104973 0.0848159 15.8852
334071 15 0.1 1 32.9 -0.414277 0.18902 9.31354 -0.110582 0.0630947 15.8852
338216 15 0.1 1 32.9 -0.426582 -0.189004 5.57458 -0.0660573 -0.0262037 15.8852
342609 15 0.1 1 32.9 0.194275 -0.485201 7.23062 0.0372811 -0.0957649 15.8852
342945 15 0.1 1 32.9 0.136797 0.461897 2.25302 0.0298691 0.0232737 15.8852
343222 15 0.1 1 32.9 -0.31547 -0.152287 10.1702 -0.100551 -0.0590644 15.8852
344356 15 0.1 1 32.9 -0.0396352 0.211714 10.72 -0.0032736 0.0920007 15.8852
345140 15 0.1 1 32.9 -0.423326 0.0706376 3.18922 -0.0502576 0.0433802 15.8852
346414 15 0.1 1 32.9 -0.12135 -0.278826 7.90073 -0.0256251 -0.0667431 15.8852
351344 15 0.1 1 32.9 -0.490526 -0.0692815 12.2865 -0.195735 -0.0196695 15.8852
351622 15 0.1 1 32.9 -0.363151 0.459738 8.39463 -0.108446 0.120663 15.8852
356217 15 0.1 1 32.9 0.0171013 0.135661 9.50332 0.0154833 0.0295033 15.8852
358184 15 0.1 1 32.9 0.470073 -0.0624517 3.70209 0.051704 -0.00140679 15.8852
360298 15 0.1 1 32.9 0.177185 -0.113114 6.59786 0.0388054 -0.0254728 15.8852
363275 15 0.1 1 32.9 -0.00390435 0.0927321 6.5144 -0.0169151 0.0163552 15.8852
364125 15 0.1 1 32.9 -0.347037 -0.031137 16.0117 -0.160445 0.0195319 15.8852
364509 15 0.1 1 32.9 0.349079 0.0193628 4.52717 0.0699253 -0.0168264 15.8852
365126 15 0.1 1 32.9 -0.254444 0.00111338 4.01531 -0.0483691 0.0297205 15.8852
367555 15 0.1 1 32.9 0.453869 0.161307 5.13145 0.0623167 0.0165421 15.8852
368397 15 0.1 1 32.9 -0.305855 -0.195879 6.95666 -0.0906491 -0.0393945 15.8852
369809 15 0.1 1 32.9 0.167817 -0.113851 6.27945 0.00979191 -0.013917 15.8852
371624 15 0.1 1 32.9 0.180704 -0.276241 7.07457 0.0410238 -0.0478369 15.8852
377904 15 0.1 1 32.9 0.324012 -0.297549 13.6706 0.129833 -0.111037 15.8852
378033 15 0.1 1 32.9 0.106032 0.251901 5.94937 0.030933 0.0318032 15.8852
380783 15 0.1 1 32.9 0.268642 0.470718 4.62984 0.0623971 0.0738546 15.8852
381913 15 0.1 1 32.9 0.0154134 0.466016 1.32277 -0.0161268 0.0243954 15.8852
383101 15 0.1 1 32.9 0.359997 -0.196653 4.33214 0.0423741 -0.0292629 15.8852
384079 15 0.1 1 32.9 -0.00467495 0.177912 3.24639 -0.00794944 0.0259521 15.8852
386777 15 0.1 1 32.9 -0.0491582 -0.16954 10.3414 -0.00761454 -0.0399307 15.8852
387655 15 0.1 1 32.9 -0.324159 0.344366 8.83823 -0.0625865 0.123644 15.8852
389713 15 0.1 1 32.9 0.192543 0.0204284 8.29417 0.068208 -0.00714654 15.8852
392267 15 0.1 1 32.9 0.22012 0.23265 2.83829 0.0315942 0.0281564 15.8852
397543 15 0.1 1 32.9 -0.167094 0.0425942 20.831 -0.082886 0.0335071 15.8852
400064 15 0.1 1 32.9 -0.384868 -0.341258 1.11836 -0.0358915 0.0108737 15.8852
400350 15 0.1 1 32.9 0.128018 0.0780243 13.5226 0.0510755 0.0121239 15.8852
401197 15 0.1 1 32.9 0.251563 -0.486833 3.0044 0.00048902 -0.0392201 15.8852
401892 15 0.1 1 32.9 0.426683 0.278913 0.719068 -0.02806 0.0163357 15.8852
404741 15 0.1 1 32.9 0.320783 -0.387989 5.11369 0.0464941 -0.0566402 15.8852
408512 15 0.1 1 32.9 -0.366554 0.23558 8.22048 -0.0842601 0.0638085 15.8852
413026 15 0.1 1 32.9 -0.164327 0.370412 9.90876 -0.0306309 0.107915 15.8852
415039 15 0.1 1 32.9 -0.0609668 -0.109038 3.55727 -0.00510254 0.0122927 15.8852
415359 15 0.1 1 32.9 -0.24697 -0.130248 3.14968 -0.0349516 0.00573884 15.8852
420541 15 0.1 1 32.9 -0.278191 -0.060579 2.0826 -0.00507281 0.00113073 15.8852
421622 15 0.1 1 32.9 -0.250395 -0.0816961 4.2203 -0.0324489 0.00177418 15.8852
422099 15 0.1 1 32.9 0.461931 0.0941358 8.13518 0.0988309 0.00828412 15.8852
424085 15 0.1 1 32.9 -0.194731 0.387171 11.1314 -0.061273 0.109839 15.8852
425097 15 0.1 1 32.9 -0.110593 0.106093 8.21353 -0.0264017 0.0216061 15.8852
426542 15 0.1 1 32.9 -0.192135 0.07751 7.64268 -0.0426757 -0.00790563 15.8852
428650 15 0.1 1 32.9 0.414236 0.0935914 9.42667 0.120056 0.0374733 15.8852
429872 15 0.1 1 32.9 -0.445528 -0.142813 3.9681 -0.0409719 -0.0311951 15.8852
429892 15 0.1 1 32.9 0.45199 0.0395724 11.4134 0.155083 0.0495726 15.8852
432110 15 0.1 1 32.9 0.449377 0.0656206 2.88197 0.00797732 0.0238986 15.8852
434662 15 0.1 1 32.9 -0.465436 0.245073 5.43564 -0.0606529 0.0241443 15.8852
435747 15 0.1 1 32.9 -0.0949507 0.461503 14.3701 -0.0405417 0.206114 15.8852
436597 15 0.1 1 32.9 0.115387 0.354483 6.26681 0.00779179 0.0762526 15.8852
439597 15 0.1 1 32.9 -0.38876 0.158135 8.8829 -0.103086 0.0442617 15.8852
439844 15 0.1 1 32.9 0.380518 0.363121 5.30569 0.0513634 0.0758944 15.8852
440228 15 0.1 1 32.9 0.107367 0.456077 3.93741 0.0149154 0.0660315 15.8852
443577 15 0.1 1 32.9 0.140601 -0.432689 5.39291 0.00104766 -0.05927 15.8852
443885 15 0.1 1 32.9 -0.0266213 -0.370393 5.74922 -0.00327975 -0.0483303 15.8852
443986 15 0.1 1 32.9 0.350933 -0.198574 2.98915 0.0353942 -0.0139821 15.8852
444631 15 0.1 1 32.9 0.484912 0.0874605 10.7919 0.178854 0.0403033 15.8852
445021 15 0.1 1 32.9 -0.163778 -0.349542 3.84825 -0.00610183 -0.0299415 15.8852
445152 15 0.1 1 32.9 -0.00392971 0.410797 2.01075 0.0113345 0.0267106 15.8852
446536 15 0.1 1 32.9 0.122953 -0.262246 4.11339 0.00316974 -0.0255397 15.8852
448007 15 0.1 1 32.9 -0.248583 0.114975 1.74059 -0.0203354 0.0149377 15.8852
448810 15 0.1 1 32.9 0.0354347 0.416033 5.96751 0.015619 0.0890526 15.8852
451501 15 0.1 1 32.9 0.21051 0.188038 5.53836 0.0271454 0.0433533 15.8852
452529 15 0.1 1 32.9 -0.45417 -0.00526815 3.14932 -0.0544461 0.0203097 15.8852
454579 15 0.1 1 32.9 0.273579 -0.0674104 14.5123 0.101311 -0.0231531 15.8852
454602 15 0.1 1 32.9 0.199878 -0.107468 4.15505 -0.00362814 0.0151894 15.8852
455075 15 0.1 1 32.9 0.00135596 0.263088 6.12562 0.00382599 0.0635658 15.8852
456295 15 0.1 1 32.9 0.277745 0.408989 5.78496 0.0450398 0.0875244 15.8852
466142 15 0.1 1 32.9 0.464044 -0.0641312 5.6451 0.084029 -0.014403 15.8852
468841 15 0.1 1 32.9 -0.493464 -0.299711 9.57387 -0.128411 -0.0905032 15.8852
470774 15 0.1 1 32.9 -0.279476 -0.403056 5.37902 -0.043518 -0.0570983 15.8852
473592 15 0.1 1 32.9 -0.0298248 -0.26194 3.76848 0.0087505 -0.0109289 15.8852
474253 15 0.1 1 32.9 -0.272598 -0.139634 8.20661 -0.0712131 -0.045773 15.8852
475876 15 0.1 1 32.9 -0.343925 0.390173 3.69698 -0.0473115 0.0745826 15.8852
480732 15 0.1 1 32.9 -0.00894159 0.0471637 4.5681 0.00205186 0.00973696 15.8852
481024 15 0.1 1 32.9 -0.478496 -0.349973 3.00534 -0.0499114 -0.0273682 15.8852
484655 15 0.1 1 32.9 -0.473685 -0.353245 15.2739 -0.199296 -0.161978 15.8852
486250 15 0.1 1 32.9 -0.460861 -0.0257779 6.79965 -0.0809833 0.00782846 15.8852
486786 15 0.1 1 32.9 -0.185762 -0.32706 2.6326 -0.0148235 -0.0196165 15.8852
488023 15 0.1 1 32.9 -0.295411 -0.432653 3.64859 -0.0529949 -0.0700466 15.8852
488971 15 0.1 1 32.9 -0.076051 -0.179103 7.05659 -0.0242178 -0.0336903 15.8852
491577 15 0.1 1 32.9 -0.360843 0.274593 12.7955 -0.149773 0.10849 15.8852
495776 15 0.1 1 32.9 0.0670217 -0.446416 3.93025 0.0271845 -0.037523 15.8852
496181 15 0.1 1 32.9 0.149687 -0.41596 6.02992 0.0193481 -0.106627 15.8852
497971 15 0.1 1 32.9 -0.29338 0.254628 4.95087 -0.0178283 0.0501321 15.8852
499491 15 0.1 1 32.9 0.147261 0.456728 3.23506 -0.00411077 0.0344144 15.8852
