1040 15 0.01 0.9 32.9 0.391907 -0.34868 7.82737 0.0943427 -0.0801932 17.4535
3195 15 0.01 0.9 32.9 0.295061 -0.305983 8.63102 0.0761761 -0.0793549 17.582
4258 15 0.01 0.9 32.9 0.0575464 -0.486443 11.2641 0.0204046 -0.167598 16.415
4412 15 0.01 0.9 32.9 -0.00171028 0.102945 8.16592 0.00300184 0.0246332 16.6159
5959 15 0.01 0.9 32.9 0.282268 -0.419243 4.88362 0.0429291 -0.0665005 17.5683
5970 15 0.01 0.9 32.9 -0.403861 0.315047 8.95977 -0.110901 0.0861821 17.9694
6488 15 0.01 0.9 32.9 -0.32601 -0.388613 2.3645 -0.022607 -0.0276542 19.6066
7544 15 0.01 0.9 32.9 0.398675 0.321554 15.7321 0.192492 0.15726 16.2596
7569 15 0.01 0.9 32.9 0.0716401 -0.0670671 3.11055 0.00751658 -0.00849665 17.2038
8108 15 0.01 0.9 32.9 -0.00214483 -0.142092 9.32366 -0.000547489 -0.0418196 18.0801
8295 15 0.01 0.9 32.9 -0.00626468 0.0501137 2.98072 -0.000842727 0.0045874 17.5981
9193 15 0.01 0.9 32.9 -0.163383 -0.356744 4.99662 -0.0238624 -0.0555359 19.1148
9559 15 0.01 0.9 32.9 0.0808333 0.368799 7.03216 0.0192471 0.0784871 19.1764
10210 15 0.01 0.9 32.9 0.390013 0.444999 16.7042 0.196487 0.224104 16.8023
10991 15 0.01 0.9 32.9 0.470891 0.0137891 12.5228 0.177584 0.00350164 17.3291
11252 15 0.01 0.9 32.9 -0.272748 -0.136013 2.07821 -0.017656 -0.00988112 17.3839
11951 15 0.01 0.9 32.9 0.141799 -0.0177866 15.8795 0.0697093 -0.00951109 16.5973
12079 15 0.01 0.9 32.9 -0.307658 -0.433494 19.6412 -0.184338 -0.258611 16.2717
12147 15 0.01 0.9 32.9 -0.436074 0.296598 12.5397 -0.165767 0.112885 17.2842
13916 15 0.01 0.9 32.9 0.188114 -0.290571 5.10604 0.0289184 -0.0457905 19.354
14180 15 0.01 0.9 32.9 0.330226 0.0322066 16.9224 0.170458 0.0163242 16.7172
16182 15 0.01 0.9 32.9 -0.301764 0.128817 6.84946 -0.0622965 0.0295233 18.8632
17312 15 0.01 0.9 32.9 0.103488 0.175562 4.5942 0.0155963 0.0239517 19.1575
18010 15 0.01 0.9 32.9 0.267294 -0.48193 4.04596 0.0314142 -0.0576862 18.349
20159 15 0.01 0.9 32.9 -0.200279 0.31809 8.40838 -0.0527121 0.0797193 17.812
21487 15 0.01 0.9 32.9 -0.151219 -0.00222403 4.44624 -0.0199189 -0.00051266 19.6045
23227 15 0.01 0.9 32.9 0.0376895 -0.487882 5.7235 0.00806393 -0.0828824 18.7866
23578 15 0.01 0.9 32.9 -0.0287396 -0.238299 3.88827 -0.0020036 -0.0275493 19.0049
23769 15 0.01 0.9 32.9 -0.37412 -0.128521 14.1622 -0.161703 -0.0559231 16.8081
25575 15 0.01 0.9 32.9 -0.0173532 -0.272634 1.51656 0.00199055 -0.0171569 17.1582
27217 15 0.01 0.9 32.9 0.464499 -0.313875 8.4874 0.119862 -0.0836834 18.6021
31724 15 0.01 0.9 32.9 0.222602 -0.415325 8.66348 0.0580691 -0.106754 16.7544
32052 15 0.01 0.9 32.9 -0.11661 0.389533 10.4974 -0.0370682 0.124478 16.6525
33699 15 0.01 0.9 32.9 0.269265 0.442853 3.89442 0.0315377 0.0510131 17.3976
35585 15 0.01 0.9 32.9 -0.360264 0.20721 8.47503 -0.0929972 0.0537697 18.0809
38959 15 0.01 0.9 32.9 -0.282465 0.408724 4.83604 -0.0420906 0.0595932 19.4051
39856 15 0.01 0.9 32.9 -0.125202 0.120177 9.31052 -0.0337507 0.0311811 17.4308
40988 15 0.01 0.9 32.9 -0.466697 0.1607 1.53578 -0.0205014 0.0103548 17.6334
42278 15 0.01 0.9 32.9 -0.0990529 0.14137 5.79376 -0.0181527 0.022739 17.3158
44568 15 0.01 0.9 32.9 0.288938 -0.260702 5.08962 0.0438975 -0.0411165 19.7331
45686 15 0.01 0.9 32.9 -0.0382773 0.191899 7.57452 -0.00605526 0.0435574 18.5449
46087 15 0.01 0.9 32.9 0.0384456 0.0440214 8.3451 0.00949467 0.0123721 18.6263
46878 15 0.01 0.9 32.9 0.0854597 -0.434342 6.09876 0.0194196 -0.0797536 19.3666
47757 15 0.01 0.9 32.9 -0.458984 0.0756174 6.45808 -0.0879444 0.0179224 19.1177
48586 15 0.01 0.9 32.9 0.373174 0.4696 10.6794 0.121385 0.153562 17.8117
49595 15 0.01 0.9 32.9 -0.04758 0.451379 0.814635 -0.00307274 0.0135399 17.4852
50442 15 0.01 0.9 32.9 0.0689373 -0.486495 5.24748 0.0112134 -0.0774499 18.499
51504 15 0.01 0.9 32.9 0.39815 -0.432771 2.74857 0.0330607 -0.037642 18.4189
52980 15 0.01 0.9 32.9 -0.181839 -0.493135 4.53684 -0.0249348 -0.0671137 17.9264
53139 15 0.01 0.9 32.9 -0.481355 -0.340112 2.48397 -0.0365282 -0.0272613 16.9762
53588 15 0.01 0.9 32.9 -0.394159 -0.327564 4.70102 -0.0565627 -0.0456658 18.8241
53772 15 0.01 0.9 32.9 -0.33452 -0.257673 2.63534 -0.0273107 -0.0202097 18.1569
54517 15 0.01 0.9 32.9 -0.169569 -0.397466 3.71837 -0.0160109 -0.044696 18.3242
54946 15 0.01 0.9 32.9 0.0890282 -0.0641247 4.50849 0.0126669 -0.00810095 16.9651
56040 15 0.01 0.9 32.9 0.378887 -0.483694 7.04553 0.080144 -0.104167 17.2764
56274 15 0.01 0.9 32.9 -0.0597208 -0.273406 10.7077 -0.0199614 -0.0885798 17.7112
56511 15 0.01 0.9 32.9 0.210004 -0.202027 7.27841 0.0439982 -0.0453505 19.1671
57761 15 0.01 0.9 32.9 9.83164e-05 0.230596 0.653413 -0.000217675 -0.000515652 17.4226
57804 15 0.01 0.9 32.9 0.271676 0.189651 2.85384 0.0240545 0.0170761 18.3203
57928 15 0.01 0.9 32.9 -0.242534 -0.255948 3.71763 -0.0284642 -0.0318652 19.567
58652 15 0.01 0.9 32.9 0.179347 0.463073 2.83523 0.0162232 0.0399569 18.0165
58997 15 0.01 0.9 32.9 0.162949 -0.148149 12.2991 0.0608884 -0.0544366 16.2958
60719 15 0.01 0.9 32.9 -0.061939 0.186173 10.4185 -0.0207095 0.0581195 17.2138
60925 15 0.01 0.9 32.9 0.082683 0.0201905 3.32155 0.00686091 0.00335064 18.6797
64482 15 0.01 0.9 32.9 -0.114355 0.321689 2.51231 -0.0092411 0.0260347 17.0932
64616 15 0.01 0.9 32.9 -0.211873 0.391917 7.73856 -0.0500906 0.0910956 16.4743
64801 15 0.01 0.9 32.9 0.0688167 0.376844 3.86671 0.00640311 0.0453441 19.4068
65217 15 0.01 0.9 32.9 -0.0232126 0.308281 4.45981 -0.0035166 0.0428399 19.7333
66062 15 0.01 0.9 32.9 -0.466878 -0.0833075 3.82255 -0.0551044 -0.0137114 19.4337
66339 15 0.01 0.9 32.9 -0.106188 -0.143281 3.4298 -0.00813538 -0.0133506 18.6609
67415 15 0.01 0.9 32.9 -0.45292 0.0256974 4.539 -0.0593915 0.0040462 19.667
67734 15 0.01 0.9 32.9 0.477707 0.440778 2.08574 0.0303488 0.0285116 18.1874
68224 15 0.01 0.9 32.9 -0.082282 0.335338 5.68792 -0.0156013 0.0588866 19.0396
69125 15 0.01 0.9 32.9 -0.0873892 0.467192 8.12599 -0.0206402 0.11715 17.5979
69488 15 0.01 0.9 32.9 -0.200428 -0.214035 9.45268 -0.0567918 -0.0621305 17.7814
69621 15 0.01 0.9 32.9 0.422828 0.41209 3.09214 0.0405041 0.0383928 18.5579
70865 15 0.01 0.9 32.9 0.11901 0.46384 5.3227 0.0202214 0.0780529 17.3157
72441 15 0.01 0.9 32.9 0.432392 0.30205 0.882116 0.0101919 0.00956198 16.6093
72977 15 0.01 0.9 32.9 0.162806 -0.297685 4.49359 0.0211323 -0.041213 18.2456
73021 15 0.01 0.9 32.9 0.320612 0.444608 2.99005 0.0303617 0.0410795 18.0033
74424 15 0.01 0.9 32.9 -0.326864 -0.185123 9.06038 -0.0898821 -0.051336 17.8505
76073 15 0.01 0.9 32.9 -0.00816398 0.341374 4.15146 4.32586e-05 0.0433261 18.0636
76956 15 0.01 0.9 32.9 -0.039254 0.46231 8.13122 -0.0100021 0.116156 18.0195
77234 15 0.01 0.9 32.9 0.249969 -0.0454195 7.73399 0.0597838 -0.0104252 18.629
79583 15 0.01 0.9 32.9 0.162687 0.0741639 4.32265 0.020135 0.0088699 18.4321
79611 15 0.01 0.9 32.9 0.444841 -0.303741 7.86758 0.107475 -0.0720828 18.7314
81425 15 0.01 0.9 32.9 0.498403 0.332208 14.5076 0.220168 0.147139 16.8065
81987 15 0.01 0.9 32.9 0.407765 0.0034763 6.32401 0.0798024 0.00222321 18.0015
82953 15 0.01 0.9 32.9 -0.134131 0.0783312 10.3294 -0.0423694 0.0216551 17.638
83063 15 0.01 0.9 32.9 0.0884603 0.330088 4.29351 0.0115656 0.0441702 19.8556
83587 15 0.01 0.9 32.9 0.319674 0.0700129 6.41769 0.0647566 0.0140321 19.5487
83724 15 0.01 0.9 32.9 -0.168858 -0.251192 2.86981 -0.0141508 -0.0213792 18.7831
84190 15 0.01 0.9 32.9 0.228793 0.462417 5.67627 0.0407322 0.0792512 17.9107
85473 15 0.01 0.9 32.9 0.203014 -0.237877 8.33629 0.0527884 -0.0609892 18.6023
85587 15 0.01 0.9 32.9 0.243048 -0.10926 5.57703 0.0404838 -0.0169365 19.688
85650 15 0.01 0.9 32.9 0.114051 -0.421054 22.9308 0.0786727 -0.293802 16.2329
85676 15 0.01 0.9 32.9 -0.331988 0.125407 6.28954 -0.0624832 0.0223549 16.6648
85791 15 0.01 0.9 32.9 -0.0859642 -0.153976 4.70891 -0.0141385 -0.023242 16.7537
86085 15 0.01 0.9 32.9 0.441665 0.135559 4.67903 0.0626973 0.0182274 19.6057
86330 15 0.01 0.9 32.9 0.204361 0.277998 7.8446 0.0480915 0.070462 17.1105
87057 15 0.01 0.9 32.9 -0.326132 0.259247 4.43696 -0.0424749 0.0323793 19.5061
87093 15 0.01 0.9 32.9 0.262243 -0.208899 9.03147 0.0741805 -0.0594958 18.2946
88064 15 0.01 0.9 32.9 -0.197787 -0.0471028 11.1404 -0.0654125 -0.015893 17.6644
88733 15 0.01 0.9 32.9 -0.42633 0.0568836 4.38391 -0.0568094 0.00595124 17.373
88736 15 0.01 0.9 32.9 -0.108987 0.350065 5.71869 -0.0181457 0.0602505 19.6014
89257 15 0.01 0.9 32.9 0.420595 0.0703575 0.692622 0.00462554 0.00756397 17.0165
89683 15 0.01 0.9 32.9 0.3778 0.251749 5.64969 0.0639522 0.0419264 18.3884
89729 15 0.01 0.9 32.9 0.30549 -0.0161773 4.37263 0.0379383 -0.00507477 17.1075
90708 15 0.01 0.9 32.9 0.181235 0.362897 9.35854 0.0530247 0.103872 16.9543
92601 15 0.01 0.9 32.9 0.0415582 -0.139558 10.8778 0.0131225 -0.0459394 17.5147
93105 15 0.01 0.9 32.9 0.357549 0.0827877 3.1294 0.0322513 0.00952866 19.1444
95208 15 0.01 0.9 32.9 0.014277 -0.15471 2.31996 0.000641566 -0.0102981 16.6955
96760 15 0.01 0.9 32.9 -0.423092 0.160228 5.51279 -0.0713499 0.0299829 18.9153
97694 15 0.01 0.9 32.9 0.243604 0.187675 6.69605 0.0477906 0.0390784 18.2166
97947 15 0.01 0.9 32.9 0.307953 -0.159119 4.29605 0.0384773 -0.0212558 18.0116
98485 15 0.01 0.9 32.9 0.214821 0.342329 6.70914 0.0424727 0.0713835 17.996
100340 15 0.01 0.9 32.9 -0.0495448 0.30581 7.03535 -0.00987414 0.0641184 19.2117
100512 15 0.01 0.9 32.9 0.345253 0.00126499 6.27626 0.0641878 0.00119243 17.9394
101435 15 0.01 0.9 32.9 0.302488 -0.120022 6.68202 0.0583796 -0.0242164 18.935
102502 15 0.01 0.9 32.9 -0.498965 -0.141617 4.00695 -0.0617807 -0.0156322 17.5526
102527 15 0.01 0.9 32.9 0.397148 -0.155232 4.61596 0.0547556 -0.0199872 17.5365
102539 15 0.01 0.9 32.9 -0.164614 -0.381646 2.67134 -0.0143835 -0.0305699 18.1811
103471 15 0.01 0.9 32.9 0.0803687 -0.0138203 2.75387 0.0079713 -0.00314249 16.9616
103984 15 0.01 0.9 32.9 -0.498118 -0.226057 3.31278 -0.0500083 -0.0232772 19.1771
106265 15 0.01 0.9 32.9 -0.290374 -0.0506211 6.0682 -0.0561789 -0.00851406 18.2008
106672 15 0.01 0.9 32.9 -0.19145 0.107703 2.72287 -0.0153279 0.0113562 16.7861
107831 15 0.01 0.9 32.9 -0.283331 -0.185609 3.43755 -0.0304851 -0.0185432 18.9775
109568 15 0.01 0.9 32.9 0.0601501 -0.412215 4.1716 0.00624946 -0.0538519 17.9462
111352 15 0.01 0.9 32.9 -0.191166 0.102465 4.16469 -0.0229139 0.0136547 19.3638
112468 15 0.01 0.9 32.9 0.40481 0.394037 3.39619 0.0386348 0.0416279 19.5151
112943 15 0.01 0.9 32.9 -0.227979 -0.107721 6.6775 -0.0452875 -0.0222343 19.1931
113284 15 0.01 0.9 32.9 -0.103788 0.221345 24.2651 -0.0736596 0.164372 16.2787
116146 15 0.01 0.9 32.9 0.330582 0.126855 2.93287 0.0275759 0.00981718 17.5966
117286 15 0.01 0.9 32.9 -0.0419654 -0.352744 4.79353 -0.0056208 -0.0497546 19.2809
120353 15 0.01 0.9 32.9 0.458851 0.171426 11.6735 0.163163 0.0624207 17.5494
120485 15 0.01 0.9 32.9 -0.171674 0.23035 3.36145 -0.0173613 0.0230255 17.2759
124106 15 0.01 0.9 32.9 0.211324 0.279106 11.9721 0.076427 0.101092 16.5697
124559 15 0.01 0.9 32.9 -0.178798 -0.292027 3.1286 -0.016171 -0.0277241 17.3752
124775 15 0.01 0.9 32.9 -0.394389 -0.237496 4.72376 -0.055069 -0.0321912 19.4445
124915 15 0.01 0.9 32.9 -0.17554 -0.00624337 3.88591 -0.0194987 -0.00191553 18.3994
125758 15 0.01 0.9 32.9 -0.422742 -0.0537219 1.07444 -0.0123514 -0.00108573 18.9678
126623 15 0.01 0.9 32.9 0.405862 0.0325216 2.78303 0.0325544 0.00356985 16.721
126897 15 0.01 0.9 32.9 0.408021 -0.133654 7.94881 0.0987388 -0.0337097 17.3184
128007 15 0.01 0.9 32.9 0.0237636 -0.306243 7.12892 0.00432159 -0.0651255 18.6499
129624 15 0.01 0.9 32.9 0.238833 0.0667226 16.8362 0.122386 0.034873 16.205
129946 15 0.01 0.9 32.9 0.489448 0.189295 2.7021 0.0414806 0.0135375 18.4389
130061 15 0.01 0.9 32.9 0.0861893 -0.3414 13.5924 0.0345924 -0.142806 17.0116
131234 15 0.01 0.9 32.9 0.0888084 0.198908 6.68168 0.0180363 0.0407466 19.1218
132953 15 0.01 0.9 32.9 -0.196043 0.230843 3.41174 -0.0223464 0.0226268 19.1242
134893 15 0.01 0.9 32.9 0.0649614 -0.145487 5.67232 0.0113424 -0.0256821 19.0874
136644 15 0.01 0.9 32.9 -0.119515 -0.0969828 4.79817 -0.0192523 -0.0125263 18.1264
138495 15 0.01 0.9 32.9 0.227388 0.458924 12.2065 0.0828397 0.169868 16.4366
139850 15 0.01 0.9 32.9 0.285946 -0.24559 3.9452 0.0336276 -0.0280594 18.979
139981 15 0.01 0.9 32.9 0.0328165 0.289986 17.244 0.0163064 0.152596 16.7353
140733 15 0.01 0.9 32.9 -0.365955 0.379201 3.44307 -0.0386683 0.0390347 17.6726
141836 15 0.01 0.9 32.9 0.196726 -0.239718 8.2447 0.0491444 -0.0583278 18.1262
141946 15 0.01 0.9 32.9 0.0550387 0.0520192 4.84564 0.00940784 0.00478827 18.8161
143005 15 0.01 0.9 32.9 0.433083 -0.343237 11.3506 0.15092 -0.118382 17.4086
143769 15 0.01 0.9 32.9 0.263858 0.375196 4.0559 0.0329594 0.0483235 19.6714
146074 15 0.01 0.9 32.9 0.113635 0.0342124 14.5243 0.0495397 0.0144486 16.9096
146546 15 0.01 0.9 32.9 -0.0233163 0.183342 2.82886 -0.000532107 0.0160862 17.6153
147161 15 0.01 0.9 32.9 0.299108 0.367556 8.67634 0.0799843 0.0969385 16.6618
148524 15 0.01 0.9 32.9 -0.322417 -0.243502 5.25455 -0.0509674 -0.0388962 18.0176
149782 15 0.01 0.9 32.9 0.478506 -0.204171 1.767 0.0234768 -0.0139069 17.1635
151910 15 0.01 0.9 32.9 0.0143719 -0.313064 4.39589 0.000262137 -0.0444958 18.6572
155743 15 0.01 0.9 32.9 -0.215458 0.298561 4.57194 -0.0305593 0.041133 18.0961
156215 15 0.01 0.9 32.9 -0.391252 0.4325 4.42379 -0.0522141 0.0588309 19.8273
156552 15 0.01 0.9 32.9 0.415391 -0.114264 3.49599 0.043104 -0.0116694 18.4134
156940 15 0.01 0.9 32.9 0.200562 -0.31257 9.62243 0.0574205 -0.0914662 17.2005
157224 15 0.01 0.9 32.9 0.409075 -0.023097 4.17703 0.0527257 -0.00287141 19.5691
158679 15 0.01 0.9 32.9 -0.195972 -0.448445 5.77167 -0.0329466 -0.0792723 17.6168
161396 15 0.01 0.9 32.9 0.240621 -0.247367 3.25787 0.0249498 -0.0252652 18.8583
161583 15 0.01 0.9 32.9 -0.45422 -0.258867 2.62815 -0.035802 -0.0219824 18.7933
161853 15 0.01 0.9 32.9 0.207182 -0.146133 3.98844 0.0222746 -0.0193159 17.8914
163053 15 0.01 0.9 32.9 -0.466385 -0.426358 9.74596 -0.136582 -0.125149 17.7668
163626 15 0.01 0.9 32.9 -0.365003 -0.360664 5.43344 -0.0626271 -0.0581161 16.3544
164161 15 0.01 0.9 32.9 0.280942 -0.147051 4.97088 0.0422162 -0.0208812 17.6181
164635 15 0.01 0.9 32.9 0.266635 -0.325149 10.7616 0.086019 -0.106971 16.6066
164649 15 0.01 0.9 32.9 -0.0491323 0.0114766 4.82751 -0.00782968 -0.000840275 16.9853
166435 15 0.01 0.9 32.9 -0.303792 -0.0460794 8.69089 -0.0807332 -0.0146113 17.7213
166839 15 0.01 0.9 32.9 0.132407 0.0987467 3.72977 0.0139049 0.011922 18.4787
167244 15 0.01 0.9 32.9 0.223103 0.0974149 2.78441 0.0222143 0.00660103 17.2104
167438 15 0.01 0.9 32.9 -0.177761 -0.472649 2.73964 -0.012522 -0.0396003 18.4024
170600 15 0.01 0.9 32.9 -0.161324 0.443629 9.66324 -0.0478463 0.128785 17.0796
171234 15 0.01 0.9 32.9 -0.161152 0.425917 3.57895 -0.0191644 0.047975 19.1589
171303 15 0.01 0.9 32.9 -0.276724 0.249447 7.22016 -0.0617082 0.053594 16.9838
173456 15 0.01 0.9 32.9 0.131848 0.232529 3.27518 0.0116639 0.0213115 19.0819
174319 15 0.01 0.9 32.9 -0.269373 -0.383326 4.33036 -0.0371449 -0.0482051 18.5809
176298 15 0.01 0.9 32.9 -0.241388 0.354878 6.83145 -0.0518467 0.0728422 18.0619
176684 15 0.01 0.9 32.9 -0.444908 0.300027 3.69051 -0.0505362 0.0323331 18.0512
177115 15 0.01 0.9 32.9 0.381484 -0.093029 1.47181 0.0167163 -0.0029229 18.0464
178228 15 0.01 0.9 32.9 -0.327251 0.261708 5.50874 -0.0560506 0.04593 19.5737
178290 15 0.01 0.9 32.9 0.314553 0.499633 3.65504 0.0373883 0.0542256 19.375
178350 15 0.01 0.9 32.9 0.0215209 -0.363499 6.13732 0.00278554 -0.0658388 19.2447
182139 15 0.01 0.9 32.9 0.238104 0.114881 3.12449 0.0227536 0.0102669 19.1989
182281 15 0.01 0.9 32.9 -0.473679 -0.0381735 5.16862 -0.0748048 -0.00719509 18.9189
182383 15 0.01 0.9 32.9 -0.00996623 -0.192231 4.50789 -0.00105627 -0.0280593 19.6468
182504 15 0.01 0.9 32.9 0.109584 0.385574 5.87441 0.0171488 0.0693762 18.6878
182973 15 0.01 0.9 32.9 -0.435375 -0.401012 7.17286 -0.0959784 -0.0883653 16.708
183887 15 0.01 0.9 32.9 0.479253 -0.270208 6.08541 0.0876101 -0.0507764 17.7762
185848 15 0.01 0.9 32.9 -0.0130702 0.063212 7.73704 -0.00169305 0.0166623 18.9643
185927 15 0.01 0.9 32.9 0.0167048 0.410066 1.1537 -8.30188e-06 0.0126154 17.7081
186663 15 0.01 0.9 32.9 -0.112917 0.382097 3.69459 -0.0153387 0.04593 18.8528
187055 15 0.01 0.9 32.9 -0.159169 0.120591 3.83291 -0.0193937 0.0137018 19.3974
187224 15 0.01 0.9 32.9 0.0833597 -0.00243535 10.7452 0.0295504 -0.000543013 16.8901
187294 15 0.01 0.9 32.9 0.497549 -0.195665 12.5756 0.190155 -0.0767057 16.5047
188977 15 0.01 0.9 32.9 0.0442664 0.0141787 4.05682 0.00427194 0.00300125 19.5817
189031 15 0.01 0.9 32.9 -0.422437 -0.417957 10.2241 -0.130308 -0.128126 17.7068
189212 15 0.01 0.9 32.9 0.0448762 0.0986045 5.2431 0.00549259 0.0154638 19.256
190275 15 0.01 0.9 32.9 -0.421443 0.298914 17.4921 -0.22624 0.159023 16.7286
191592 15 0.01 0.9 32.9 0.0666553 0.363542 9.77925 0.0172483 0.10747 17.8592
191702 15 0.01 0.9 32.9 -0.467024 0.343655 11.6801 -0.164623 0.12133 16.6158
191765 15 0.01 0.9 32.9 0.0306846 -0.223024 6.63533 0.0066887 -0.0460738 16.0551
192712 15 0.01 0.9 32.9 0.38358 0.147518 8.84575 0.102292 0.0375838 16.7383
192870 15 0.01 0.9 32.9 -0.150872 -0.3287 7.12109 -0.0301585 -0.0717321 17.8979
195305 15 0.01 0.9 32.9 0.0899347 0.461418 7.89587 0.0184417 0.111824 18.5241
195769 15 0.01 0.9 32.9 0.421056 0.309478 5.48247 0.0699316 0.0511797 18.0852
198238 15 0.01 0.9 32.9 -0.250132 -0.00134157 6.2091 -0.0466177 -0.0005514 17.6733
199200 15 0.01 0.9 32.9 -0.445516 -0.0195753 7.58411 -0.101695 -0.00381169 18.844
201369 15 0.01 0.9 32.9 0.0120655 0.314853 13.8058 0.00644228 0.131814 16.9011
204485 15 0.01 0.9 32.9 -0.356843 -0.147715 7.28935 -0.0794891 -0.0331568 17.4632
205940 15 0.01 0.9 32.9 0.475448 0.378978 4.79681 0.0704505 0.055659 18.2658
206040 15 0.01 0.9 32.9 -0.127607 -0.19092 4.0492 -0.0162741 -0.0250225 19.09
206173 15 0.01 0.9 32.9 0.0139783 0.0734346 2.87494 0.000746311 0.00217878 18.2642
210477 15 0.01 0.9 32.9 0.419638 -0.172141 2.34167 0.030065 -0.0109152 17.0656
211526 15 0.01 0.9 32.9 0.258868 -0.104633 14.8111 0.118356 -0.0494855 16.828
211601 15 0.01 0.9 32.9 -0.298142 -0.163204 4.76891 -0.0434414 -0.0245238 18.7197
211668 15 0.01 0.9 32.9 0.474942 -0.47775 13.2857 0.191672 -0.193101 16.8243
212527 15 0.01 0.9 32.9 0.0297634 0.0215877 7.87235 0.00884194 0.00482567 17.9667
213002 15 0.01 0.9 32.9 0.209262 -0.443745 5.5804 0.0362257 -0.0738306 18.1366
213596 15 0.01 0.9 32.9 -0.392232 -0.289135 4.73504 -0.0552719 -0.0419293 19.0851
214008 15 0.01 0.9 32.9 0.150366 0.166766 3.34593 0.0164183 0.0167676 18.9125
214397 15 0.01 0.9 32.9 0.0999805 -0.136371 2.04456 0.00413464 -0.0102415 17.4753
216271 15 0.01 0.9 32.9 0.200421 -0.432533 8.68882 0.0545477 -0.11207 18.3544
216884 15 0.01 0.9 32.9 0.2645 0.281057 6.80736 0.0548244 0.0567761 19.335
217074 15 0.01 0.9 32.9 0.448357 0.173006 7.07321 0.0980778 0.0392285 18.9333
217075 15 0.01 0.9 32.9 0.420455 0.335123 7.25127 0.0925775 0.0740386 17.8681
218244 15 0.01 0.9 32.9 0.0373165 -0.158364 4.38703 0.00478245 -0.0190046 18.2408
218693 15 0.01 0.9 32.9 -0.340768 -0.112546 12.758 -0.132356 -0.0438159 16.4145
220298 15 0.01 0.9 32.9 -0.385926 0.0597461 7.83284 -0.0904919 0.0150447 18.2144
221020 15 0.01 0.9 32.9 -0.215435 -0.0409567 8.25291 -0.0554962 -0.010347 17.9223
221980 15 0.01 0.9 32.9 -0.464948 0.0385694 8.62195 -0.123134 0.00997464 17.7066
222823 15 0.01 0.9 32.9 -0.397481 -0.35675 9.28726 -0.111483 -0.098335 16.9989
222918 15 0.01 0.9 32.9 0.198153 0.304567 13.3532 0.0804866 0.123729 16.7714
223536 15 0.01 0.9 32.9 0.280539 -0.000763193 3.91703 0.0329816 -0.00128913 17.342
223949 15 0.01 0.9 32.9 0.431972 0.474167 3.68143 0.0514682 0.0520483 17.8918
224177 15 0.01 0.9 32.9 -0.45882 0.0733612 2.02853 -0.0297782 0.0037555 16.7341
225697 15 0.01 0.9 32.9 -0.0858231 0.250124 8.03238 -0.0202984 0.0621652 18.7395
226760 15 0.01 0.9 32.9 0.111003 0.0990789 6.28836 0.0217135 0.0217187 19.1411
227521 15 0.01 0.9 32.9 0.231338 -0.130783 4.18247 0.0291064 -0.0162662 18.6952
227549 15 0.01 0.9 32.9 0.406158 0.397022 5.0609 0.0601958 0.0602258 19.0296
228399 15 0.01 0.9 32.9 0.209628 0.054248 5.14243 0.0335147 0.0120189 19.2736
229348 15 0.01 0.9 32.9 -0.165701 0.370292 6.94481 -0.0365778 0.079735 18.804
229452 15 0.01 0.9 32.9 0.00493071 0.187662 3.37445 0.00327063 0.0189663 18.0076
230448 15 0.01 0.9 32.9 -0.261968 -0.181175 8.37627 -0.0648343 -0.0473243 16.6286
230826 15 0.01 0.9 32.9 0.410461 0.488858 10.1608 0.128659 0.152337 17.0546
231167 15 0.01 0.9 32.9 -0.111315 -0.243058 3.92816 -0.011224 -0.028849 18.3126
231416 15 0.01 0.9 32.9 0.0815596 0.0388317 5.13992 0.0153761 0.00797943 19.947
231744 15 0.01 0.9 32.9 -0.494083 -0.284528 3.70444 -0.0564758 -0.0329187 18.3354
234490 15 0.01 0.9 32.9 0.314005 0.28683 2.43697 0.024571 0.0234835 17.7946
235215 15 0.01 0.9 32.9 -0.318967 -0.0361005 5.67927 -0.0558268 -0.00525452 18.1251
236047 15 0.01 0.9 32.9 0.0865062 -0.0330676 5.03213 0.0136506 -0.00839459 17.7656
236197 15 0.01 0.9 32.9 -0.205348 -0.136468 5.82258 -0.0355998 -0.0222809 19.5667
236230 15 0.01 0.9 32.9 0.126456 0.0142429 13.6245 0.0525497 0.0049302 16.3474
238400 15 0.01 0.9 32.9 -0.00914049 -0.367084 5.7498 -0.000828419 -0.0652705 19.4399
238461 15 0.01 0.9 32.9 -0.24911 0.413608 6.52376 -0.052035 0.0807091 18.5529
239194 15 0.01 0.9 32.9 0.224788 -0.12937 5.58667 0.0365097 -0.0222681 19.1293
239217 15 0.01 0.9 32.9 -0.28381 0.458449 5.48036 -0.0498499 0.0762861 19.2858
241665 15 0.01 0.9 32.9 -0.120693 0.0628985 5.48996 -0.0223283 0.0108514 19.4599
241783 15 0.01 0.9 32.9 -0.370015 0.264693 9.77099 -0.109608 0.0827925 17.0122
242781 15 0.01 0.9 32.9 0.48398 -0.402659 2.73599 0.0384562 -0.0325968 18.6569
244131 15 0.01 0.9 32.9 -0.422269 -0.416841 3.52563 -0.0459202 -0.046299 18.5071
244249 15 0.01 0.9 32.9 0.199359 0.320587 5.1748 0.0308079 0.0547043 18.8038
244254 15 0.01 0.9 32.9 0.353401 -0.341468 10.8845 0.115457 -0.112302 17.5466
244609 15 0.01 0.9 32.9 -0.116529 -0.249292 5.01912 -0.0189201 -0.039014 17.0502
246632 15 0.01 0.9 32.9 0.302944 -0.135954 4.13084 0.0374467 -0.0167238 17.1443
246767 15 0.01 0.9 32.9 0.31071 0.0748163 4.43779 0.0390581 0.010773 17.7405
249314 15 0.01 0.9 32.9 0.0599544 0.295307 10.9505 0.0191391 0.0979011 17.4817
249940 15 0.01 0.9 32.9 -0.040294 0.231298 4.73293 -0.00618578 0.0313146 18.5311
249999 15 0.01 0.9 32.9 -0.364299 0.339086 2.04335 -0.0230931 0.0210555 18.6644
250314 15 0.01 0.9 32.9 -0.224249 -0.19202 10.3146 -0.0716435 -0.0619446 17.647
251889 15 0.01 0.9 32.9 0.401337 0.0947585 5.34362 0.0646111 0.0169177 16.7715
257421 15 0.01 0.9 32.9 -0.0360944 0.289018 2.18963 -0.00108261 0.0208377 17.3979
258003 15 0.01 0.9 32.9 -0.359736 0.371114 2.59934 -0.0306302 0.0314492 17.017
258643 15 0.01 0.9 32.9 -0.465765 0.373661 8.64268 -0.122129 0.09887 16.9105
259232 15 0.01 0.9 32.9 0.457934 0.189434 3.68624 0.050858 0.0220844 18.997
260137 15 0.01 0.9 32.9 -0.268909 0.00473658 2.02766 -0.0156137 0.00168981 17.1978
263023 15 0.01 0.9 32.9 -0.272104 -0.0984215 3.64066 -0.0300704 -0.0126596 19.0678
263138 15 0.01 0.9 32.9 -0.170227 -0.282137 5.95496 -0.0299722 -0.0484295 17.1776
263933 15 0.01 0.9 32.9 0.0207133 -0.0794643 8.9341 0.00390167 -0.020247 18.3545
264331 15 0.01 0.9 32.9 0.0774138 -0.270614 4.6352 0.00906933 -0.0351506 19.6716
265441 15 0.01 0.9 32.9 0.349025 0.314832 5.16748 0.054672 0.0511872 18.3558
265442 15 0.01 0.9 32.9 0.0763593 -0.232016 5.50538 0.0138632 -0.0382045 17.8223
265619 15 0.01 0.9 32.9 -0.322047 0.481738 7.26959 -0.0704184 0.108279 18.7785
266068 15 0.01 0.9 32.9 -0.0252711 -0.134064 8.79214 -0.00530457 -0.0365512 16.8453
266389 15 0.01 0.9 32.9 0.34356 -0.00220734 1.84492 0.0198423 0.00319117 19.0498
266812 15 0.01 0.9 32.9 0.395157 0.388345 5.50843 0.0651751 0.0637431 17.5708
267588 15 0.01 0.9 32.9 -0.13707 0.473288 5.58938 -0.0240766 0.0801085 19.8566
268478 15 0.01 0.9 32.9 0.0285402 -0.167724 4.79082 0.00296354 -0.0211336 19.8587
269590 15 0.01 0.9 32.9 0.0951606 -0.351775 1.69894 0.00715941 -0.0181486 17.2741
270600 15 0.01 0.9 32.9 -0.275942 0.256278 7.52601 -0.0634598 0.0592674 18.1921
270916 15 0.01 0.9 32.9 -0.00165297 0.197127 5.50694 -0.0019187 0.0320794 19.6187
271293 15 0.01 0.9 32.9 -0.315718 -0.0430118 2.74674 -0.0273402 -0.00390257 18.0594
271667 15 0.01 0.9 32.9 0.099717 -0.342339 3.71492 0.0125041 -0.0396307 17.1935
273380 15 0.01 0.9 32.9 0.0421771 0.031127 13.7493 0.016501 0.0134388 16.4477
275348 15 0.01 0.9 32.9 -0.32006 -0.0278248 3.31736 -0.0303971 0.000125865 18.6913
278953 15 0.01 0.9 32.9 0.0757685 -0.0251174 6.7627 0.0140196 -0.00729328 17.76
281602 15 0.01 0.9 32.9 0.271351 0.427494 4.54372 0.0375026 0.0593285 19.811
281695 15 0.01 0.9 32.9 -0.0640038 -0.127272 8.12984 -0.0174724 -0.0295031 16.9419
282734 15 0.01 0.9 32.9 0.213552 0.421772 7.75138 0.0492425 0.0982612 17.4804
283212 15 0.01 0.9 32.9 0.401263 -0.0280954 4.48101 0.0550785 -0.0048395 19.6786
284476 15 0.01 0.9 32.9 0.264497 -0.200891 5.48814 0.0450079 -0.0343273 18.7281
285373 15 0.01 0.9 32.9 0.0997108 0.0850343 8.71577 0.0262724 0.0213929 17.9586
285497 15 0.01 0.9 32.9 -0.421228 0.216153 5.37609 -0.0680066 0.0356088 16.121
286126 15 0.01 0.9 32.9 -0.00314765 -0.113599 5.39855 -0.00150253 -0.0192308 19.184
287358 15 0.01 0.9 32.9 -0.0459916 -0.452612 9.90309 -0.0118298 -0.133729 16.4971
287396 15 0.01 0.9 32.9 -0.188376 -0.209629 7.50855 -0.0441252 -0.048247 17.6607
289217 15 0.01 0.9 32.9 0.210617 0.00873167 9.41505 0.0603246 0.00419089 17.2277
289330 15 0.01 0.9 32.9 0.390974 0.266141 2.47098 0.0306021 0.0213738 17.3732
290800 15 0.01 0.9 32.9 -0.324903 -0.479004 3.19838 -0.0306626 -0.0483488 18.7825
290906 15 0.01 0.9 32.9 -0.470378 -0.408269 9.08947 -0.129167 -0.11475 17.5883
290938 15 0.01 0.9 32.9 0.274751 -0.0245965 4.65249 0.0377221 -0.0054398 18.7639
291783 15 0.01 0.9 32.9 0.452746 -0.412916 6.27349 0.0857063 -0.0772028 19.2891
292757 15 0.01 0.9 32.9 0.0158578 -0.43963 4.46661 0.00114385 -0.0609353 16.478
295092 15 0.01 0.9 32.9 0.00956912 0.0305329 4.60199 0.00208126 0.0029784 18.8196
297357 15 0.01 0.9 32.9 0.0630135 0.221802 3.35284 0.00548843 0.0235127 18.0286
297715 15 0.01 0.9 32.9 -0.39093 0.244516 6.02256 -0.0713431 0.0437297 18.8515
298037 15 0.01 0.9 32.9 -0.456895 0.443029 1.15949 -0.0149041 0.0158258 18.3244
298814 15 0.01 0.9 32.9 0.0754986 -0.109229 1.97672 0.00513903 -0.00735916 16.7433
299189 15 0.01 0.9 32.9 0.313684 0.245296 3.48755 0.0341412 0.023468 17.7302
299356 15 0.01 0.9 32.9 0.415376 0.139838 2.46823 0.0319374 0.0112486 18.457
299403 15 0.01 0.9 32.9 0.205186 0.0773219 7.3909 0.046084 0.0170276 19.0457
300163 15 0.01 0.9 32.9 -0.188017 -0.498959 8.73858 -0.0508183 -0.132606 17.7478
300877 15 0.01 0.9 32.9 0.257226 -0.273192 9.82191 0.0772609 -0.0811552 17.3333
301503 15 0.01 0.9 32.9 0.162428 0.429048 3.43425 0.0155338 0.0449222 17.8801
301990 15 0.01 0.9 32.9 -0.105321 0.222343 5.60006 -0.0192409 0.0374107 18.6056
302159 15 0.01 0.9 32.9 -0.333614 -0.0364226 8.06717 -0.080879 -0.0110361 17.0045
302903 15 0.01 0.9 32.9 -0.360235 -0.24105 4.4012 -0.0466131 -0.0321652 19.0491
304745 15 0.01 0.9 32.9 -0.150843 -0.366442 5.75001 -0.026455 -0.0648969 17.8204
305851 15 0.01 0.9 32.9 -0.411158 0.105786 7.40759 -0.089413 0.0218354 16.9514
306683 15 0.01 0.9 32.9 0.429394 -0.0631302 7.79266 0.101022 -0.0141341 18.7998
308515 15 0.01 0.9 32.9 -0.364178 -0.275681 3.31756 -0.0379746 -0.0276702 19.688
308670 15 0.01 0.9 32.9 0.166549 -0.207209 2.2557 0.0112031 -0.0145263 17.5449
310021 15 0.01 0.9 32.9 -0.10771 0.0517782 9.31847 -0.0291834 0.0136742 17.5595
310107 15 0.01 0.9 32.9 -0.188025 0.467989 7.29285 -0.0428094 0.102378 18.6705
310214 15 0.01 0.9 32.9 -0.464892 0.294719 6.45804 -0.0900017 0.0587941 17.2257
310641 15 0.01 0.9 32.9 0.394892 0.30183 15.512 0.186496 0.142676 16.5353
311783 15 0.01 0.9 32.9 0.0337272 -0.475733 2.59162 -0.000944318 -0.03726 17.8308
312432 15 0.01 0.9 32.9 0.218184 -0.363964 11.9555 0.0791852 -0.129575 17.2552
313723 15 0.01 0.9 32.9 0.120202 -0.179729 11.6461 0.0385101 -0.0619026 16.9209
314344 15 0.01 0.9 32.9 -0.339193 -0.351951 7.85441 -0.0807054 -0.0833229 17.3081
314659 15 0.01 0.9 32.9 0.221182 -0.147318 7.41131 0.0497752 -0.0352747 18.9956
315034 15 0.01 0.9 32.9 -0.357583 0.462479 6.59407 -0.0727735 0.0919652 17.0326
315391 15 0.01 0.9 32.9 0.34948 0.415448 2.21279 0.0247092 0.0262006 16.3255
315469 15 0.01 0.9 32.9 0.00440085 0.156464 7.10599 0.00197048 0.0325301 19.0708
317038 15 0.01 0.9 32.9 -0.0558776 0.447622 4.65219 -0.00839192 0.0623746 19.1922
317463 15 0.01 0.9 32.9 0.377548 0.225984 3.66323 0.0408598 0.0239081 18.7054
317793 15 0.01 0.9 32.9 -0.0471501 -0.267319 3.30282 -0.00240843 -0.0277327 19.3253
317917 15 0.01 0.9 32.9 -0.257223 0.437304 4.96274 -0.0386 0.0665738 18.2146
318456 15 0.01 0.9 32.9 0.238115 -0.115166 7.40452 0.0559545 -0.0243152 18.425
318697 15 0.01 0.9 32.9 -0.0366254 0.434198 5.02363 -0.00501077 0.0671451 18.8792
319641 15 0.01 0.9 32.9 0.40306 0.346449 2.71514 0.0360948 0.0295835 17.9188
319995 15 0.01 0.9 32.9 -0.220365 0.39987 6.33133 -0.0429082 0.077276 18.5419
320254 15 0.01 0.9 32.9 -0.48845 -0.117673 0.598823 -0.0110963 -0.00115765 17.5294
320798 15 0.01 0.9 32.9 0.438527 -0.162364 1.85809 0.0269156 -0.0103272 17.7147
321447 15 0.01 0.9 32.9 0.196316 -0.236992 12.241 0.0741028 -0.0911719 16.944
323294 15 0.01 0.9 32.9 0.024419 0.442128 5.89674 0.0032891 0.0786008 18.7499
323850 15 0.01 0.9 32.9 -0.496704 -0.299783 5.25286 -0.0789178 -0.0467319 19.7023
324359 15 0.01 0.9 32.9 0.313652 0.0114645 7.72706 0.073185 0.00202442 17.5247
324724 15 0.01 0.9 32.9 0.435745 0.192886 13.1938 0.170778 0.0770411 16.7002
324906 15 0.01 0.9 32.9 0.0864631 0.0360445 12.0449 0.0316305 0.0140642 16.7361
326263 15 0.01 0.9 32.9 -0.240724 0.258107 10.1783 -0.073735 0.0790376 17.9113
326851 15 0.01 0.9 32.9 -0.373419 -0.0868374 5.17751 -0.0593242 -0.0133777 19.2683
327420 15 0.01 0.9 32.9 0.178408 -0.114765 2.9884 0.017402 -0.0128503 17.7861
327915 15 0.01 0.9 32.9 -0.290101 0.000813345 4.57425 -0.0398923 -0.00217895 17.1878
328851 15 0.01 0.9 32.9 0.129296 -0.366078 7.72484 0.0288829 -0.0854743 17.7812
329189 15 0.01 0.9 32.9 -0.163789 0.147817 1.73944 -0.00671858 0.0054612 17.2533
332476 15 0.01 0.9 32.9 0.399144 -0.40429 8.67607 0.106188 -0.106987 16.225
333653 15 0.01 0.9 32.9 -0.302547 -0.325313 12.5133 -0.116015 -0.121929 17.0653
333766 15 0.01 0.9 32.9 -0.373723 0.460975 3.44935 -0.0392394 0.050252 19.1651
334149 15 0.01 0.9 32.9 0.0778652 -0.0831623 3.61892 0.0101291 -0.00824247 18.3666
334730 15 0.01 0.9 32.9 0.264717 0.271235 5.27739 0.0419887 0.0446533 19.9397
334799 15 0.01 0.9 32.9 -0.207617 -0.0678232 8.89462 -0.0570132 -0.01535 18.3436
335534 15 0.01 0.9 32.9 -0.0450821 -0.452148 4.18627 -0.00440189 -0.0569807 19.5855
335663 15 0.01 0.9 32.9 0.236241 -0.344142 3.97802 0.0312641 -0.0445322 18.8808
336610 15 0.01 0.9 32.9 0.120043 -0.0944713 2.49907 0.010323 -0.00539678 18.2485
337118 15 0.01 0.9 32.9 -0.357243 0.327487 3.83355 -0.042723 0.0382247 19.2302
337169 15 0.01 0.9 32.9 0.34206 0.038472 5.29813 0.0553263 0.00425965 19.6647
339153 15 0.01 0.9 32.9 -0.30983 -0.249512 8.06241 -0.0759023 -0.0607957 16.9114
339960 15 0.01 0.9 32.9 0.233192 0.463955 16.4898 0.118183 0.231702 16.4705
340676 15 0.01 0.9 32.9 -0.29904 -0.399414 4.20213 -0.037174 -0.0508853 17.7359
341269 15 0.01 0.9 32.9 -0.499322 0.0209483 4.48606 -0.0691059 0.00323493 19.6747
342637 15 0.01 0.9 32.9 -0.4489 -0.438899 4.84468 -0.0671404 -0.0648445 19.4075
344066 15 0.01 0.9 32.9 -0.465279 0.00750837 4.65758 -0.0658234 9.71803e-05 18.2211
345300 15 0.01 0.9 32.9 0.00446964 -0.358219 7.06551 4.34774e-05 -0.0772331 19.0735
345680 15 0.01 0.9 32.9 -0.280894 0.255868 4.87513 -0.0439162 0.0382401 18.1296
345727 15 0.01 0.9 32.9 0.00205602 -0.43937 5.83535 0.000519354 -0.0789925 19.0917
345729 15 0.01 0.9 32.9 -0.487039 -0.146569 4.60882 -0.0675182 -0.0215769 16.3401
346666 15 0.01 0.9 32.9 -0.167166 -0.38914 8.63344 -0.0439524 -0.101552 18.0465
348457 15 0.01 0.9 32.9 -0.236537 -0.00334485 4.1564 -0.0296952 -0.00140998 18.4367
349338 15 0.01 0.9 32.9 0.241018 -0.313575 3.21615 0.0229438 -0.0325386 18.7355
349768 15 0.01 0.9 32.9 0.040981 0.349872 3.88138 0.00535372 0.0431339 19.566
350939 15 0.01 0.9 32.9 -0.0998626 0.0383535 3.33525 -0.0104956 0.00289132 17.391
351567 15 0.01 0.9 32.9 0.111495 0.472783 15.4062 0.0546836 0.222803 16.1699
354119 15 0.01 0.9 32.9 0.456083 0.0642041 10.2237 0.143197 0.0193675 16.7531
354473 15 0.01 0.9 32.9 0.199886 -0.473019 6.93836 0.0429527 -0.100552 16.5521
355005 15 0.01 0.9 32.9 0.340546 0.0399343 4.41319 0.0478879 0.00519691 17.6617
356317 15 0.01 0.9 32.9 0.136441 0.149167 2.69313 0.013395 0.00941737 16.9824
357387 15 0.01 0.9 32.9 0.345293 0.368064 13.9689 0.144796 0.156189 16.8178
358844 15 0.01 0.9 32.9 -0.246635 0.0608159 14.465 -0.106377 0.0234062 16.8803
359749 15 0.01 0.9 32.9 -0.0532721 -0.23103 3.2144 -0.000430163 -0.0222878 17.119
360001 15 0.01 0.9 32.9 0.26229 0.441675 3.08806 0.0247312 0.0439604 18.9891
360030 15 0.01 0.9 32.9 -0.315934 -0.360076 5.38725 -0.0525417 -0.0588267 18.4373
362554 15 0.01 0.9 32.9 -0.102176 -0.396613 9.81352 -0.0321507 -0.113437 17.6359
362915 15 0.01 0.9 32.9 -0.149716 -0.243916 2.89528 -0.0154051 -0.0205445 18.0641
363142 15 0.01 0.9 32.9 0.028193 -0.213141 2.60341 0.00323099 -0.0160672 18.3423
363482 15 0.01 0.9 32.9 0.419766 -0.45406 4.88227 0.0626646 -0.0670299 19.3863
367516 15 0.01 0.9 32.9 -0.363463 0.237925 6.54723 -0.0737577 0.0444328 18.4837
367555 15 0.01 0.9 32.9 0.259999 0.380298 5.87717 0.0468489 0.0660682 19.6816
367973 15 0.01 0.9 32.9 -0.34987 0.0311642 1.54212 -0.0161523 0.00124347 17.1159
368676 15 0.01 0.9 32.9 -0.442559 -0.351508 9.23041 -0.12276 -0.0992717 18.0594
369771 15 0.01 0.9 32.9 0.44664 -0.301387 9.95881 0.132573 -0.093505 16.89
369889 15 0.01 0.9 32.9 0.387575 -0.38303 8.22968 0.0975417 -0.0947004 16.8385
370178 15 0.01 0.9 32.9 0.413102 0.198221 8.38206 0.1032 0.0492005 18.5102
370182 15 0.01 0.9 32.9 -0.142333 -0.405246 6.04971 -0.0258988 -0.0744778 19.6509
370850 15 0.01 0.9 32.9 -0.136941 0.00825417 10.4927 -0.0412889 0.0019488 17.1561
371119 15 0.01 0.9 32.9 0.272835 -0.279836 6.27462 0.0534591 -0.0527315 19.0097
371462 15 0.01 0.9 32.9 0.233606 0.399561 7.41246 0.0546474 0.0876662 17.5885
373580 15 0.01 0.9 32.9 0.106429 0.279921 4.0341 0.0141277 0.0351466 17.2455
376213 15 0.01 0.9 32.9 0.456131 0.012417 16.4964 0.229562 0.00556257 16.7465
376347 15 0.01 0.9 32.9 0.239783 -0.201131 2.80199 0.0212158 -0.0184447 18.39
376705 15 0.01 0.9 32.9 -0.416106 -0.0626848 15.0256 -0.187775 -0.0263196 16.9584
377221 15 0.01 0.9 32.9 0.230613 0.447011 6.57284 0.0450822 0.0897152 18.6604
377826 15 0.01 0.9 32.9 -0.235436 0.181114 4.87967 -0.034307 0.026985 19.5303
380163 15 0.01 0.9 32.9 -0.23027 0.0322585 10.1591 -0.0698025 0.00872048 17.5297
381048 15 0.01 0.9 32.9 0.340351 0.1249 6.3082 0.0658896 0.0235595 18.3837
381539 15 0.01 0.9 32.9 0.0702995 -0.101661 26.6654 0.0581814 -0.0815471 16.1878
381681 15 0.01 0.9 32.9 0.111316 0.153355 4.88635 0.0145278 0.0232748 19.6829
382358 15 0.01 0.9 32.9 -0.359111 0.427926 2.09373 -0.0240084 0.0276185 18.4936
382693 15 0.01 0.9 32.9 0.1387 0.290202 3.39031 0.0142306 0.0311912 17.7827
382885 15 0.01 0.9 32.9 -0.301471 0.19218 3.08333 -0.0289626 0.0200609 18.5581
386628 15 0.01 0.9 32.9 0.421154 0.48106 6.01978 0.076236 0.0880515 19.0373
387634 15 0.01 0.9 32.9 0.351974 0.410654 3.3584 0.033984 0.0416661 18.0216
387855 15 0.01 0.9 32.9 -0.269335 0.343442 11.807 -0.0959515 0.122135 17.5025
388360 15 0.01 0.9 32.9 0.137709 0.272033 4.04025 0.0169965 0.0327287 17.6591
388527 15 0.01 0.9 32.9 0.00627539 0.124128 8.25464 0.00154989 0.0310714 18.491
388801 15 0.01 0.9 32.9 0.468724 -0.0265089 8.19911 0.117961 -0.0038446 17.6765
389028 15 0.01 0.9 32.9 0.0147217 -0.228631 5.16112 0.00343165 -0.0360882 18.6975
391821 15 0.01 0.9 32.9 -0.18385 -0.355795 9.89446 -0.0544094 -0.106241 18.0134
392637 15 0.01 0.9 32.9 0.199474 0.148095 5.5017 0.0318319 0.0258597 19.8509
393044 15 0.01 0.9 32.9 -0.0932607 0.319719 4.05717 -0.0140389 0.0371124 17.0558
395192 15 0.01 0.9 32.9 0.418274 -0.48729 3.04119 0.0419621 -0.0468552 18.7172
397450 15 0.01 0.9 32.9 0.422752 -0.0579926 9.43127 0.121242 -0.0154839 18.2453
398099 15 0.01 0.9 32.9 0.449777 0.412087 8.62187 0.118816 0.108112 17.8483
398566 15 0.01 0.9 32.9 0.316261 -0.0806888 8.39047 0.0808696 -0.0207428 18.6016
399600 15 0.01 0.9 32.9 0.00801922 -0.37262 5.62535 -1.89916e-05 -0.0642762 18.2201
399784 15 0.01 0.9 32.9 0.0765259 -0.222926 10.8174 0.0227463 -0.075104 16.7903
400288 15 0.01 0.9 32.9 -0.37235 0.450845 4.55619 -0.0514837 0.0630983 19.3386
400499 15 0.01 0.9 32.9 0.311338 -0.144717 2.79591 0.0260435 -0.0151932 18.6527
400603 15 0.01 0.9 32.9 -0.172594 0.388351 3.77953 -0.0183618 0.0451678 19.4129
402227 15 0.01 0.9 32.9 0.447111 0.273095 4.00988 0.0551833 0.0334716 19.8637
402318 15 0.01 0.9 32.9 -0.158823 0.136864 3.8942 -0.0181045 0.0136595 19.2389
402319 15 0.01 0.9 32.9 -0.00936614 0.141022 13.6191 -0.00411601 0.0605119 16.8977
402488 15 0.01 0.9 32.9 0.214079 0.369707 5.01403 0.0346789 0.0572122 19.4143
402960 15 0.01 0.9 32.9 0.433376 -0.452343 3.75519 0.0502242 -0.052018 18.7152
404403 15 0.01 0.9 32.9 0.322031 -0.425786 17.2491 0.1673 -0.224833 16.7397
405398 15 0.01 0.9 32.9 0.0959422 0.176754 4.08624 0.0115977 0.0218234 16.7039
405863 15 0.01 0.9 32.9 0.269267 -0.0941488 11.342 0.0938909 -0.0312998 16.6552
406993 15 0.01 0.9 32.9 -0.27085 -0.497892 43.5304 -0.358182 -0.66028 16.0727
407326 15 0.01 0.9 32.9 0.073733 0.217718 5.88803 0.0139006 0.0381798 19.7823
407680 15 0.01 0.9 32.9 0.00681985 0.284016 14.7013 0.00473461 0.127303 16.8255
407740 15 0.01 0.9 32.9 -0.289846 0.095349 11.1333 -0.0979726 0.0304102 17.6929
408779 15 0.01 0.9 32.9 0.1138 -0.0223873 5.01916 0.018193 -0.005278 18.1687
410156 15 0.01 0.9 32.9 -0.00490719 -0.207625 8.87747 -0.00288087 -0.0577745 18.416
410541 15 0.01 0.9 32.9 0.026572 0.0879606 4.16063 0.00173243 0.0144631 17.9596
412739 15 0.01 0.9 32.9 -0.120764 0.0786646 4.17303 -0.0181219 0.00960988 18.2261
412753 15 0.01 0.9 32.9 -0.222645 0.177284 3.30984 -0.0248093 0.0147863 17.0726
413110 15 0.01 0.9 32.9 0.32318 -0.144537 4.76825 0.046415 -0.0212513 18.7929
413129 15 0.01 0.9 32.9 -0.439986 -0.478981 0.758258 -0.0126302 -0.0142321 17.7507
413507 15 0.01 0.9 32.9 -0.314865 -0.386697 5.78689 -0.0536743 -0.0671125 17.0839
413541 15 0.01 0.9 32.9 -0.488309 -0.113615 7.38143 -0.109291 -0.0228254 18.781
415212 15 0.01 0.9 32.9 -0.0375402 -0.271996 2.72907 -0.00412934 -0.0219302 19.0194
416952 15 0.01 0.9 32.9 -0.14989 0.0683513 9.87663 -0.0458111 0.0210557 17.1667
419127 15 0.01 0.9 32.9 -0.253695 0.214444 2.67052 -0.0226068 0.0161808 16.6581
419643 15 0.01 0.9 32.9 0.231785 0.0645683 5.28818 0.0347673 0.00715435 19.5207
420616 15 0.01 0.9 32.9 -0.236537 -0.0495529 5.73638 -0.0414406 -0.0111523 18.792
421081 15 0.01 0.9 32.9 -0.191002 0.41515 5.04125 -0.0286709 0.0653671 19.6673
421254 15 0.01 0.9 32.9 0.357834 -0.215349 8.98836 0.0970957 -0.0601983 17.1333
421339 15 0.01 0.9 32.9 0.115303 0.13551 2.47648 0.00758906 0.0100115 17.9872
421379 15 0.01 0.9 32.9 -0.146705 -0.265295 6.07047 -0.0253043 -0.0502965 18.4227
422328 15 0.01 0.9 32.9 0.442346 0.203259 3.70085 0.0506258 0.0227937 19.0595
422999 15 0.01 0.9 32.9 0.317908 -0.217575 8.49361 0.0817663 -0.0552985 18.4143
424271 15 0.01 0.9 32.9 -0.265439 0.294019 7.00221 -0.0572968 0.0614729 18.6207
425011 15 0.01 0.9 32.9 0.422949 -0.0123756 9.30487 0.120388 -0.00417587 17.214
425657 15 0.01 0.9 32.9 0.000235776 -0.0853853 4.19993 0.00152951 -0.0113042 17.4353
426852 15 0.01 0.9 32.9 0.0690845 0.180482 3.76577 0.00731832 0.0202214 17.0902
427468 15 0.01 0.9 32.9 0.103571 0.00693355 12.1193 0.0384562 0.00321944 16.481
428639 15 0.01 0.9 32.9 0.3746 -0.276106 3.84653 0.0418033 -0.0313663 19.1816
428882 15 0.01 0.9 32.9 0.496366 -0.309476 12.0946 0.184373 -0.116359 16.76
430460 15 0.01 0.9 32.9 0.479117 0.0443294 3.333 0.0474333 0.00503611 18.7372
431647 15 0.01 0.9 32.9 -0.186884 0.391202 3.84131 -0.0217161 0.0464668 18.498
432801 15 0.01 0.9 32.9 0.228782 0.419383 5.97405 0.0414051 0.0741318 19.2789
433413 15 0.01 0.9 32.9 0.473906 -0.437156 7.52334 0.111545 -0.101092 18.2753
434523 15 0.01 0.9 32.9 0.024522 0.312261 7.49223 0.0034823 0.070012 17.9052
435169 15 0.01 0.9 32.9 -0.209436 0.452578 4.01388 -0.026594 0.0541627 18.2855
435706 15 0.01 0.9 32.9 0.353515 0.13463 5.68308 0.0597396 0.0248425 16.2795
435802 15 0.01 0.9 32.9 0.262619 -0.184643 6.99586 0.0557558 -0.0384189 19.0187
436519 15 0.01 0.9 32.9 -0.138423 -0.307183 2.82426 -0.0122158 -0.0258805 17.1599
436528 15 0.01 0.9 32.9 -0.141913 -0.458179 7.03851 -0.0312741 -0.0996998 17.872
437781 15 0.01 0.9 32.9 0.0943068 0.00564294 3.65367 0.0102535 -0.00222265 17.2656
438196 15 0.01 0.9 32.9 -0.114526 -0.106771 6.98426 -0.0245111 -0.0215576 19.336
438924 15 0.01 0.9 32.9 -0.0497387 0.187869 6.90749 -0.0107688 0.0378843 19.0079
439451 15 0.01 0.9 32.9 0.162124 -0.0236369 4.02026 0.0196652 -0.00239157 18.3222
439556 15 0.01 0.9 32.9 0.220587 -0.31847 5.66635 0.0388391 -0.0510092 17.6906
439620 15 0.01 0.9 32.9 0.466917 -0.146437 7.58245 0.107724 -0.0336591 17.9173
439655 15 0.01 0.9 32.9 -0.346319 0.127223 9.06788 -0.0941716 0.033769 17.2451
439736 15 0.01 0.9 32.9 -0.320942 0.163596 4.04955 -0.0404403 0.0215198 19.1906
442203 15 0.01 0.9 32.9 -0.16392 -0.177647 12.5265 -0.0609829 -0.0664404 16.6439
443023 15 0.01 0.9 32.9 0.380612 0.215729 2.05106 0.0236347 0.0113664 18.4804
443430 15 0.01 0.9 32.9 -0.0891549 0.130243 1.63536 -0.00587271 0.00765257 16.4959
444269 15 0.01 0.9 32.9 0.270496 -0.106165 9.86708 0.0814269 -0.0320644 17.8353
445624 15 0.01 0.9 32.9 0.255828 -0.495198 7.53655 0.0583846 -0.11486 18.0475
446693 15 0.01 0.9 32.9 0.1968 0.394614 11.0731 0.0672168 0.131859 16.952
447347 15 0.01 0.9 32.9 -0.130475 0.111846 4.53118 -0.0189221 0.0158504 16.3734
447493 15 0.01 0.9 32.9 -0.293412 0.11494 7.04006 -0.0638992 0.0243486 18.1001
447789 15 0.01 0.9 32.9 0.132685 0.101489 2.51689 0.00960323 0.00732288 19.0138
448876 15 0.01 0.9 32.9 -0.296727 -0.0331508 2.86501 -0.0257371 -0.0034132 16.5504
448941 15 0.01 0.9 32.9 0.143447 -0.465071 5.067 0.0196665 -0.0731206 18.4591
449241 15 0.01 0.9 32.9 -0.499561 -0.286649 0.763213 -0.00660315 -0.00613505 17.4861
449277 15 0.01 0.9 32.9 0.250208 -0.110745 6.49576 0.0497379 -0.0209287 18.7456
450125 15 0.01 0.9 32.9 0.499833 0.4486 6.22833 0.0933629 0.0861613 19.405
450503 15 0.01 0.9 32.9 -0.28255 -0.098745 5.37069 -0.0429985 -0.0153777 19.9078
450696 15 0.01 0.9 32.9 -0.236126 -0.183011 8.70318 -0.0620695 -0.0473147 18.3963
452831 15 0.01 0.9 32.9 0.370107 0.273107 14.7678 0.166459 0.123706 16.6489
454287 15 0.01 0.9 32.9 -0.459546 0.447448 6.40581 -0.0894805 0.0856626 17.0851
455584 15 0.01 0.9 32.9 -0.319575 -0.146883 6.77638 -0.0648388 -0.0321039 18.8083
456843 15 0.01 0.9 32.9 -0.41615 0.0048091 8.35679 -0.104999 0.00117702 17.5562
457877 15 0.01 0.9 32.9 -0.322723 0.0267032 4.03189 -0.0413255 0.00353811 19.2527
458741 15 0.01 0.9 32.9 0.324276 0.128513 14.8247 0.146353 0.0589132 16.8949
459455 15 0.01 0.9 32.9 0.220391 0.288041 4.41407 0.0277479 0.0397407 18.1836
459759 15 0.01 0.9 32.9 0.139431 -0.393633 3.12423 0.01512 -0.0379475 16.4488
460086 15 0.01 0.9 32.9 -0.0853549 -0.317292 11.8451 -0.0314588 -0.110517 17.1598
460166 15 0.01 0.9 32.9 -0.0486024 -0.419975 3.36009 -0.00475777 -0.042696 18.683
460643 15 0.01 0.9 32.9 0.374062 -0.16308 1.78025 0.0214005 -0.00923781 16.8705
466467 15 0.01 0.9 32.9 -0.177341 -0.263186 3.51574 -0.0220448 -0.0257918 16.5977
466507 15 0.01 0.9 32.9 -0.140472 -0.159868 5.6576 -0.0233818 -0.0283281 18.7533
468109 15 0.01 0.9 32.9 -0.493888 -0.191443 6.23543 -0.09507 -0.037528 18.8119
469246 15 0.01 0.9 32.9 0.0228226 -0.357714 6.18479 0.00749485 -0.0675938 18.4465
469376 15 0.01 0.9 32.9 0.295582 -0.146243 1.5812 0.0149538 -0.00628227 16.7714
472562 15 0.01 0.9 32.9 -0.407947 0.183306 7.13366 -0.0898095 0.0409858 18.263
473118 15 0.01 0.9 32.9 -0.368916 -0.242126 3.50418 -0.0403708 -0.0255182 19.003
473325 15 0.01 0.9 32.9 0.241704 0.280574 3.10073 0.0246539 0.025669 19.3801
474163 15 0.01 0.9 32.9 -0.310962 0.37956 17.9181 -0.168945 0.207467 16.4194
475337 15 0.01 0.9 32.9 -0.300553 0.422811 8.16988 -0.0738578 0.104691 16.9017
476403 15 0.01 0.9 32.9 0.167172 -0.110032 3.39158 0.0162294 -0.0123166 19.1949
476476 15 0.01 0.9 32.9 -0.427939 0.299104 6.14514 -0.0794752 0.0566802 18.6149
476617 15 0.01 0.9 32.9 0.124844 -0.337783 9.991 0.0383444 -0.0996635 17.2375
479721 15 0.01 0.9 32.9 -0.352662 0.213569 6.4234 -0.0678756 0.0421833 16.9443
480029 15 0.01 0.9 32.9 -0.137376 -0.393912 2.11934 -0.00732327 -0.0255614 18.368
480842 15 0.01 0.9 32.9 -0.352858 -0.280524 3.91791 -0.0424971 -0.032781 18.8303
480944 15 0.01 0.9 32.9 -0.223898 -0.127024 12.3193 -0.0841024 -0.0456475 16.8009
481048 15 0.01 0.9 32.9 0.0105115 0.335569 12.229 0.00476888 0.125158 16.5943
481562 15 0.01 0.9 32.9 -0.132146 -0.372893 11.6109 -0.0465164 -0.131353 16.8194
482302 15 0.01 0.9 32.9 -0.0271409 0.199312 1.82252 -0.000937389 0.0107137 17.6996
483592 15 0.01 0.9 32.9 -0.309305 0.146344 6.17993 -0.0588988 0.0264249 17.2154
485693 15 0.01 0.9 32.9 -0.401826 0.117817 5.90448 -0.0745473 0.0195465 17.3415
486120 15 0.01 0.9 32.9 0.0515729 -0.253259 20.56 0.0310846 -0.160618 16.348
487981 15 0.01 0.9 32.9 -0.458521 -0.481336 14.2754 -0.198508 -0.208888 16.483
487996 15 0.01 0.9 32.9 0.326126 0.483776 5.30922 0.0530454 0.0779851 18.108
488376 15 0.01 0.9 32.9 0.273873 -0.264751 11.7164 0.0993034 -0.0970027 17.1072
488965 15 0.01 0.9 32.9 -0.285659 -0.117333 3.0857 -0.0247309 -0.0118372 17.7388
491046 15 0.01 0.9 32.9 0.127094 -0.180502 11.0606 0.041628 -0.0627532 16.8182
491275 15 0.01 0.9 32.9 0.225761 -0.495357 2.80847 0.0200462 -0.0392877 18.823
491915 15 0.01 0.9 32.9 0.270074 0.361131 5.075 0.0425459 0.0552468 19.424
492027 15 0.01 0.9 32.9 -0.271729 -0.20857 3.41019 -0.0280922 -0.0217501 19.4196
492925 15 0.01 0.9 32.9 0.208005 0.00610489 3.81522 0.0230373 0.00260284 18.3913
493461 15 0.01 0.9 32.9 -0.489596 0.0910617 5.16476 -0.0784551 0.015681 19.5721
494013 15 0.01 0.9 32.9 -0.282888 0.383979 14.9382 -0.128566 0.175763 16.1856
495176 15 0.01 0.9 32.9 0.274992 -0.485256 12.3312 0.101462 -0.182833 17.4216
495219 15 0.01 0.9 32.9 -0.259346 0.117934 6.50135 -0.0519269 0.0266494 18.9517
495899 15 0.01 0.9 32.9 -0.163855 -0.271411 2.48388 -0.0119591 -0.0185217 18.0164
496209 15 0.01 0.9 32.9 0.0668932 -0.170425 6.40166 0.0130818 -0.0318468 19.2423
496638 15 0.01 0.9 32.9 -0.0661481 0.252674 5.44513 -0.00983766 0.0422924 19.0463
497028 15 0.01 0.9 32.9 0.375458 -0.242433 4.69584 0.0522922 -0.035099 19.0337
497192 15 0.01 0.9 32.9 0.406546 0.0422923 22.7087 0.279611 0.028211 16.3754
497618 15 0.01 0.9 32.9 0.16796 0.150632 6.11822 0.0312592 0.0297117 19.5294
498512 15 0.01 0.9 32.9 -0.187763 0.465066 15.8892 -0.0900487 0.22537 16.4673
498915 15 0.01 0.9 32.9 0.169908 -0.270764 4.11997 0.0249028 -0.0306271 19.114
499133 15 0.01 0.9 32.9 0.445241 -0.0805319 4.03964 0.0563427 -0.0108635 19.6709
499363 15 0.01 0.9 32.9 -0.48662 0.164844 2.66269 -0.0410328 0.0114009 18.5141
499951 15 0.01 0.9 32.9 0.424858 0.158111 8.55792 0.110314 0.0420148 18.5076
