1040 15 0.01 0.9 32.9 0.391907 -0.34868 7.82737 0.0943427 -0.0801932 15.9563
3195 15 0.01 0.9 32.9 0.295061 -0.305983 8.63102 0.0761761 -0.0793549 15.9563
5970 15 0.01 0.9 32.9 -0.403861 0.315047 8.95977 -0.110901 0.0861821 15.9563
6488 15 0.01 0.9 32.9 -0.32601 -0.388613 2.3645 -0.022607 -0.0276542 15.9563
7544 15 0.01 0.9 32.9 0.398675 0.321554 15.7321 0.192492 0.15726 15.9563
8295 15 0.01 0.9 32.9 -0.00626468 0.0501137 2.98072 -0.000842727 0.0045874 15.9563
16182 15 0.01 0.9 32.9 -0.301764 0.128817 6.84946 -0.0622965 0.0295233 15.9563
17312 15 0.01 0.9 32.9 0.103488 0.175562 4.5942 0.0155963 0.0239517 15.9563
18010 15 0.01 0.9 32.9 0.267294 -0.48193 4.04596 0.0314142 -0.0576862 15.9563
21487 15 0.01 0.9 32.9 -0.151219 -0.00222403 4.44624 -0.0199189 -0.00051266 15.9563
23227 15 0.01 0.9 32.9 0.0376895 -0.487882 5.7235 0.00806393 -0.0828824 15.9563
23578 15 0.01 0.9 32.9 -0.0287396 -0.238299 3.88827 -0.0020036 -0.0275493 15.9563
25575 15 0.01 0.9 32.9 -0.0173532 -0.272634 1.51656 0.00199055 -0.0171569 15.9563
31724 15 0.01 0.9 32.9 0.222602 -0.415325 8.66348 0.0580691 -0.106754 15.9563
33699 15 0.01 0.9 32.9 0.269265 0.442853 3.89442 0.0315377 0.0510131 15.9563
40988 15 0.01 0.9 32.9 -0.466697 0.1607 1.53578 -0.0205014 0.0103548 15.9563
46087 15 0.01 0.9 32.9 0.0384456 0.0440214 8.3451 0.00949467 0.0123721 15.9563
46878 15 0.01 0.9 32.9 0.0854597 -0.434342 6.09876 0.0194196 -0.0797536 15.9563
47757 15 0.01 0.9 32.9 -0.458984 0.0756174 6.45808 -0.0879444 0.0179224 15.9563
48586 15 0.01 0.9 32.9 0.373174 0.4696 10.6794 0.121385 0.153562 15.9563
52980 15 0.01 0.9 32.9 -0.181839 -0.493135 4.53684 -0.0249348 -0.0671137 15.9563
53139 15 0.01 0.9 32.9 -0.481355 -0.340112 2.48397 -0.0365282 -0.0272613 15.9563
53588 15 0.01 0.9 32.9 -0.394159 -0.327564 4.70102 -0.0565627 -0.0456658 15.9563
54517 15 0.01 0.9 32.9 -0.169569 -0.397466 3.71837 -0.0160109 -0.044696 15.9563
54946 15 0.01 0.9 32.9 0.0890282 -0.0641247 4.50849 0.0126669 -0.00810095 15.9563
57804 15 0.01 0.9 32.9 0.271676 0.189651 2.85384 0.0240545 0.0170761 15.9563
58997 15 0.01 0.9 32.9 0.162949 -0.148149 12.2991 0.0608884 -0.0544366 15.9563
60925 15 0.01 0.9 32.9 0.082683 0.0201905 3.32155 0.00686091 0.00335064 15.9563
64482 15 0.01 0.9 32.9 -0.114355 0.321689 2.51231 -0.0092411 0.0260347 15.9563
64616 15 0.01 0.9 32.9 -0.211873 0.391917 7.73856 -0.0500906 0.0910956 15.9563
64801 15 0.01 0.9 32.9 0.0688167 0.376844 3.86671 0.00640311 0.0453441 15.9563
65217 15 0.01 0.9 32.9 -0.0232126 0.308281 4.45981 -0.0035166 0.0428399 15.9563
66339 15 0.01 0.9 32.9 -0.106188 -0.143281 3.4298 -0.00813538 -0.0133506 15.9563
67415 15 0.01 0.9 32.9 -0.45292 0.0256974 4.539 -0.0593915 0.0040462 15.9563
67734 15 0.01 0.9 32.9 0.477707 0.440778 2.08574 0.0303488 0.0285116 15.9563
69125 15 0.01 0.9 32.9 -0.0873892 0.467192 8.12599 -0.0206402 0.11715 15.9563
70865 15 0.01 0.9 32.9 0.11901 0.46384 5.3227 0.0202214 0.0780529 15.9563
72441 15 0.01 0.9 32.9 0.432392 0.30205 0.882116 0.0101919 0.00956198 15.9563
73021 15 0.01 0.9 32.9 0.320612 0.444608 2.99005 0.0303617 0.0410795 15.9563
74424 15 0.01 0.9 32.9 -0.326864 -0.185123 9.06038 -0.0898821 -0.051336 15.9563
76073 15 0.01 0.9 32.9 -0.00816398 0.341374 4.15146 4.32586e-05 0.0433261 15.9563
76956 15 0.01 0.9 32.9 -0.039254 0.46231 8.13122 -0.0100021 0.116156 15.9563
81425 15 0.01 0.9 32.9 0.498403 0.332208 14.5076 0.220168 0.147139 15.9563
81987 15 0.01 0.9 32.9 0.407765 0.0034763 6.32401 0.0798024 0.00222321 15.9563
83724 15 0.01 0.9 32.9 -0.168858 -0.251192 2.86981 -0.0141508 -0.0213792 15.9563
85587 15 0.01 0.9 32.9 0.243048 -0.10926 5.57703 0.0404838 -0.0169365 15.9563
85650 15 0.01 0.9 32.9 0.114051 -0.421054 22.9308 0.0786727 -0.293802 15.9563
85791 15 0.01 0.9 32.9 -0.0859642 -0.153976 4.70891 -0.0141385 -0.023242 15.9563
86085 15 0.01 0.9 32.9 0.441665 0.135559 4.67903 0.0626973 0.0182274 15.9563
86330 15 0.01 0.9 32.9 0.204361 0.277998 7.8446 0.0480915 0.070462 15.9563
88064 15 0.01 0.9 32.9 -0.197787 -0.0471028 11.1404 -0.0654125 -0.015893 15.9563
88733 15 0.01 0.9 32.9 -0.42633 0.0568836 4.38391 -0.0568094 0.00595124 15.9563
88736 15 0.01 0.9 32.9 -0.108987 0.350065 5.71869 -0.0181457 0.0602505 15.9563
89257 15 0.01 0.9 32.9 0.420595 0.0703575 0.692622 0.00462554 0.00756397 15.9563
92601 15 0.01 0.9 32.9 0.0415582 -0.139558 10.8778 0.0131225 -0.0459394 15.9563
96760 15 0.01 0.9 32.9 -0.423092 0.160228 5.51279 -0.0713499 0.0299829 15.9563
97694 15 0.01 0.9 32.9 0.243604 0.187675 6.69605 0.0477906 0.0390784 15.9563
100340 15 0.01 0.9 32.9 -0.0495448 0.30581 7.03535 -0.00987414 0.0641184 15.9563
100512 15 0.01 0.9 32.9 0.345253 0.00126499 6.27626 0.0641878 0.00119243 15.9563
102502 15 0.01 0.9 32.9 -0.498965 -0.141617 4.00695 -0.0617807 -0.0156322 15.9563
102527 15 0.01 0.9 32.9 0.397148 -0.155232 4.61596 0.0547556 -0.0199872 15.9563
102539 15 0.01 0.9 32.9 -0.164614 -0.381646 2.67134 -0.0143835 -0.0305699 15.9563
103984 15 0.01 0.9 32.9 -0.498118 -0.226057 3.31278 -0.0500083 -0.0232772 15.9563
106265 15 0.01 0.9 32.9 -0.290374 -0.0506211 6.0682 -0.0561789 -0.00851406 15.9563
106672 15 0.01 0.9 32.9 -0.19145 0.107703 2.72287 -0.0153279 0.0113562 15.9563
107831 15 0.01 0.9 32.9 -0.283331 -0.185609 3.43755 -0.0304851 -0.0185432 15.9563
109568 15 0.01 0.9 32.9 0.0601501 -0.412215 4.1716 0.00624946 -0.0538519 15.9563
111352 15 0.01 0.9 32.9 -0.191166 0.102465 4.16469 -0.0229139 0.0136547 15.9563
112943 15 0.01 0.9 32.9 -0.227979 -0.107721 6.6775 -0.0452875 -0.0222343 15.9563
113284 15 0.01 0.9 32.9 -0.103788 0.221345 24.2651 -0.0736596 0.164372 15.9563
117286 15 0.01 0.9 32.9 -0.0419654 -0.352744 4.79353 -0.0056208 -0.0497546 15.9563
120353 15 0.01 0.9 32.9 0.458851 0.171426 11.6735 0.163163 0.0624207 15.9563
124106 15 0.01 0.9 32.9 0.211324 0.279106 11.9721 0.076427 0.101092 15.9563
124559 15 0.01 0.9 32.9 -0.178798 -0.292027 3.1286 -0.016171 -0.0277241 15.9563
125758 15 0.01 0.9 32.9 -0.422742 -0.0537219 1.07444 -0.0123514 -0.00108573 15.9563
128007 15 0.01 0.9 32.9 0.0237636 -0.306243 7.12892 0.00432159 -0.0651255 15.9563
129624 15 0.01 0.9 32.9 0.238833 0.0667226 16.8362 0.122386 0.034873 15.9563
136644 15 0.01 0.9 32.9 -0.119515 -0.0969828 4.79817 -0.0192523 -0.0125263 15.9563
138495 15 0.01 0.9 32.9 0.227388 0.458924 12.2065 0.0828397 0.169868 15.9563
139850 15 0.01 0.9 32.9 0.285946 -0.24559 3.9452 0.0336276 -0.0280594 15.9563
139981 15 0.01 0.9 32.9 0.0328165 0.289986 17.244 0.0163064 0.152596 15.9563
141836 15 0.01 0.9 32.9 0.196726 -0.239718 8.2447 0.0491444 -0.0583278 15.9563
143005 15 0.01 0.9 32.9 0.433083 -0.343237 11.3506 0.15092 -0.118382 15.9563
143769 15 0.01 0.9 32.9 0.263858 0.375196 4.0559 0.0329594 0.0483235 15.9563
146074 15 0.01 0.9 32.9 0.113635 0.0342124 14.5243 0.0495397 0.0144486 15.9563
146546 15 0.01 0.9 32.9 -0.0233163 0.183342 2.82886 -0.000532107 0.0160862 15.9563
156215 15 0.01 0.9 32.9 -0.391252 0.4325 4.42379 -0.0522141 0.0588309 15.9563
156940 15 0.01 0.9 32.9 0.200562 -0.31257 9.62243 0.0574205 -0.0914662 15.9563
163626 15 0.01 0.9 32.9 -0.365003 -0.360664 5.43344 -0.0626271 -0.0581161 15.9563
164161 15 0.01 0.9 32.9 0.280942 -0.147051 4.97088 0.0422162 -0.0208812 15.9563
171234 15 0.01 0.9 32.9 -0.161152 0.425917 3.57895 -0.0191644 0.047975 15.9563
174319 15 0.01 0.9 32.9 -0.269373 -0.383326 4.33036 -0.0371449 -0.0482051 15.9563
176684 15 0.01 0.9 32.9 -0.444908 0.300027 3.69051 -0.0505362 0.0323331 15.9563
177115 15 0.01 0.9 32.9 0.381484 -0.093029 1.47181 0.0167163 -0.0029229 15.9563
178350 15 0.01 0.9 32.9 0.0215209 -0.363499 6.13732 0.00278554 -0.0658388 15.9563
182139 15 0.01 0.9 32.9 0.238104 0.114881 3.12449 0.0227536 0.0102669 15.9563
183887 15 0.01 0.9 32.9 0.479253 -0.270208 6.08541 0.0876101 -0.0507764 15.9563
185848 15 0.01 0.9 32.9 -0.0130702 0.063212 7.73704 -0.00169305 0.0166623 15.9563
186663 15 0.01 0.9 32.9 -0.112917 0.382097 3.69459 -0.0153387 0.04593 15.9563
190275 15 0.01 0.9 32.9 -0.421443 0.298914 17.4921 -0.22624 0.159023 15.9563
192712 15 0.01 0.9 32.9 0.38358 0.147518 8.84575 0.102292 0.0375838 15.9563
195305 15 0.01 0.9 32.9 0.0899347 0.461418 7.89587 0.0184417 0.111824 15.9563
199200 15 0.01 0.9 32.9 -0.445516 -0.0195753 7.58411 -0.101695 -0.00381169 15.9563
201369 15 0.01 0.9 32.9 0.0120655 0.314853 13.8058 0.00644228 0.131814 15.9563
204485 15 0.01 0.9 32.9 -0.356843 -0.147715 7.28935 -0.0794891 -0.0331568 15.9563
205940 15 0.01 0.9 32.9 0.475448 0.378978 4.79681 0.0704505 0.055659 15.9563
211668 15 0.01 0.9 32.9 0.474942 -0.47775 13.2857 0.191672 -0.193101 15.9563
213002 15 0.01 0.9 32.9 0.209262 -0.443745 5.5804 0.0362257 -0.0738306 15.9563
213596 15 0.01 0.9 32.9 -0.392232 -0.289135 4.73504 -0.0552719 -0.0419293 15.9563
214008 15 0.01 0.9 32.9 0.150366 0.166766 3.34593 0.0164183 0.0167676 15.9563
217075 15 0.01 0.9 32.9 0.420455 0.335123 7.25127 0.0925775 0.0740386 15.9563
218244 15 0.01 0.9 32.9 0.0373165 -0.158364 4.38703 0.00478245 -0.0190046 15.9563
218693 15 0.01 0.9 32.9 -0.340768 -0.112546 12.758 -0.132356 -0.0438159 15.9563
220298 15 0.01 0.9 32.9 -0.385926 0.0597461 7.83284 -0.0904919 0.0150447 15.9563
221980 15 0.01 0.9 32.9 -0.464948 0.0385694 8.62195 -0.123134 0.00997464 15.9563
222823 15 0.01 0.9 32.9 -0.397481 -0.35675 9.28726 -0.111483 -0.098335 15.9563
222918 15 0.01 0.9 32.9 0.198153 0.304567 13.3532 0.0804866 0.123729 15.9563
223949 15 0.01 0.9 32.9 0.431972 0.474167 3.68143 0.0514682 0.0520483 15.9563
226760 15 0.01 0.9 32.9 0.111003 0.0990789 6.28836 0.0217135 0.0217187 15.9563
228399 15 0.01 0.9 32.9 0.209628 0.054248 5.14243 0.0335147 0.0120189 15.9563
229348 15 0.01 0.9 32.9 -0.165701 0.370292 6.94481 -0.0365778 0.079735 15.9563
230826 15 0.01 0.9 32.9 0.410461 0.488858 10.1608 0.128659 0.152337 15.9563
231167 15 0.01 0.9 32.9 -0.111315 -0.243058 3.92816 -0.011224 -0.028849 15.9563
235215 15 0.01 0.9 32.9 -0.318967 -0.0361005 5.67927 -0.0558268 -0.00525452 15.9563
236197 15 0.01 0.9 32.9 -0.205348 -0.136468 5.82258 -0.0355998 -0.0222809 15.9563
236230 15 0.01 0.9 32.9 0.126456 0.0142429 13.6245 0.0525497 0.0049302 15.9563
239194 15 0.01 0.9 32.9 0.224788 -0.12937 5.58667 0.0365097 -0.0222681 15.9563
239217 15 0.01 0.9 32.9 -0.28381 0.458449 5.48036 -0.0498499 0.0762861 15.9563
241783 15 0.01 0.9 32.9 -0.370015 0.264693 9.77099 -0.109608 0.0827925 15.9563
244249 15 0.01 0.9 32.9 0.199359 0.320587 5.1748 0.0308079 0.0547043 15.9563
251889 15 0.01 0.9 32.9 0.401337 0.0947585 5.34362 0.0646111 0.0169177 15.9563
258003 15 0.01 0.9 32.9 -0.359736 0.371114 2.59934 -0.0306302 0.0314492 15.9563
258643 15 0.01 0.9 32.9 -0.465765 0.373661 8.64268 -0.122129 0.09887 15.9563
259232 15 0.01 0.9 32.9 0.457934 0.189434 3.68624 0.050858 0.0220844 15.9563
260137 15 0.01 0.9 32.9 -0.268909 0.00473658 2.02766 -0.0156137 0.00168981 15.9563
263933 15 0.01 0.9 32.9 0.0207133 -0.0794643 8.9341 0.00390167 -0.020247 15.9563
264331 15 0.01 0.9 32.9 0.0774138 -0.270614 4.6352 0.00906933 -0.0351506 15.9563
265441 15 0.01 0.9 32.9 0.349025 0.314832 5.16748 0.054672 0.0511872 15.9563
265442 15 0.01 0.9 32.9 0.0763593 -0.232016 5.50538 0.0138632 -0.0382045 15.9563
265619 15 0.01 0.9 32.9 -0.322047 0.481738 7.26959 -0.0704184 0.108279 15.9563
266389 15 0.01 0.9 32.9 0.34356 -0.00220734 1.84492 0.0198423 0.00319117 15.9563
267588 15 0.01 0.9 32.9 -0.13707 0.473288 5.58938 -0.0240766 0.0801085 15.9563
268478 15 0.01 0.9 32.9 0.0285402 -0.167724 4.79082 0.00296354 -0.0211336 15.9563
269590 15 0.01 0.9 32.9 0.0951606 -0.351775 1.69894 0.00715941 -0.0181486 15.9563
270600 15 0.01 0.9 32.9 -0.275942 0.256278 7.52601 -0.0634598 0.0592674 15.9563
270916 15 0.01 0.9 32.9 -0.00165297 0.197127 5.50694 -0.0019187 0.0320794 15.9563
273380 15 0.01 0.9 32.9 0.0421771 0.031127 13.7493 0.016501 0.0134388 15.9563
275348 15 0.01 0.9 32.9 -0.32006 -0.0278248 3.31736 -0.0303971 0.000125865 15.9563
281695 15 0.01 0.9 32.9 -0.0640038 -0.127272 8.12984 -0.0174724 -0.0295031 15.9563
282734 15 0.01 0.9 32.9 0.213552 0.421772 7.75138 0.0492425 0.0982612 15.9563
285497 15 0.01 0.9 32.9 -0.421228 0.216153 5.37609 -0.0680066 0.0356088 15.9563
286126 15 0.01 0.9 32.9 -0.00314765 -0.113599 5.39855 -0.00150253 -0.0192308 15.9563
287358 15 0.01 0.9 32.9 -0.0459916 -0.452612 9.90309 -0.0118298 -0.133729 15.9563
287396 15 0.01 0.9 32.9 -0.188376 -0.209629 7.50855 -0.0441252 -0.048247 15.9563
289330 15 0.01 0.9 32.9 0.390974 0.266141 2.47098 0.0306021 0.0213738 15.9563
292757 15 0.01 0.9 32.9 0.0158578 -0.43963 4.46661 0.00114385 -0.0609353 15.9563
298037 15 0.01 0.9 32.9 -0.456895 0.443029 1.15949 -0.0149041 0.0158258 15.9563
299356 15 0.01 0.9 32.9 0.415376 0.139838 2.46823 0.0319374 0.0112486 15.9563
300877 15 0.01 0.9 32.9 0.257226 -0.273192 9.82191 0.0772609 -0.0811552 15.9563
301503 15 0.01 0.9 32.9 0.162428 0.429048 3.43425 0.0155338 0.0449222 15.9563
306683 15 0.01 0.9 32.9 0.429394 -0.0631302 7.79266 0.101022 -0.0141341 15.9563
308515 15 0.01 0.9 32.9 -0.364178 -0.275681 3.31756 -0.0379746 -0.0276702 15.9563
310214 15 0.01 0.9 32.9 -0.464892 0.294719 6.45804 -0.0900017 0.0587941 15.9563
310641 15 0.01 0.9 32.9 0.394892 0.30183 15.512 0.186496 0.142676 15.9563
311783 15 0.01 0.9 32.9 0.0337272 -0.475733 2.59162 -0.000944318 -0.03726 15.9563
312432 15 0.01 0.9 32.9 0.218184 -0.363964 11.9555 0.0791852 -0.129575 15.9563
313723 15 0.01 0.9 32.9 0.120202 -0.179729 11.6461 0.0385101 -0.0619026 15.9563
315034 15 0.01 0.9 32.9 -0.357583 0.462479 6.59407 -0.0727735 0.0919652 15.9563
315469 15 0.01 0.9 32.9 0.00440085 0.156464 7.10599 0.00197048 0.0325301 15.9563
317038 15 0.01 0.9 32.9 -0.0558776 0.447622 4.65219 -0.00839192 0.0623746 15.9563
317463 15 0.01 0.9 32.9 0.377548 0.225984 3.66323 0.0408598 0.0239081 15.9563
317917 15 0.01 0.9 32.9 -0.257223 0.437304 4.96274 -0.0386 0.0665738 15.9563
318697 15 0.01 0.9 32.9 -0.0366254 0.434198 5.02363 -0.00501077 0.0671451 15.9563
320254 15 0.01 0.9 32.9 -0.48845 -0.117673 0.598823 -0.0110963 -0.00115765 15.9563
320798 15 0.01 0.9 32.9 0.438527 -0.162364 1.85809 0.0269156 -0.0103272 15.9563
323850 15 0.01 0.9 32.9 -0.496704 -0.299783 5.25286 -0.0789178 -0.0467319 15.9563
324906 15 0.01 0.9 32.9 0.0864631 0.0360445 12.0449 0.0316305 0.0140642 15.9563
326851 15 0.01 0.9 32.9 -0.373419 -0.0868374 5.17751 -0.0593242 -0.0133777 15.9563
328851 15 0.01 0.9 32.9 0.129296 -0.366078 7.72484 0.0288829 -0.0854743 15.9563
329189 15 0.01 0.9 32.9 -0.163789 0.147817 1.73944 -0.00671858 0.0054612 15.9563
333766 15 0.01 0.9 32.9 -0.373723 0.460975 3.44935 -0.0392394 0.050252 15.9563
334730 15 0.01 0.9 32.9 0.264717 0.271235 5.27739 0.0419887 0.0446533 15.9563
335534 15 0.01 0.9 32.9 -0.0450821 -0.452148 4.18627 -0.00440189 -0.0569807 15.9563
336610 15 0.01 0.9 32.9 0.120043 -0.0944713 2.49907 0.010323 -0.00539678 15.9563
340676 15 0.01 0.9 32.9 -0.29904 -0.399414 4.20213 -0.037174 -0.0508853 15.9563
341269 15 0.01 0.9 32.9 -0.499322 0.0209483 4.48606 -0.0691059 0.00323493 15.9563
342637 15 0.01 0.9 32.9 -0.4489 -0.438899 4.84468 -0.0671404 -0.0648445 15.9563
345300 15 0.01 0.9 32.9 0.00446964 -0.358219 7.06551 4.34774e-05 -0.0772331 15.9563
348457 15 0.01 0.9 32.9 -0.236537 -0.00334485 4.1564 -0.0296952 -0.00140998 15.9563
349338 15 0.01 0.9 32.9 0.241018 -0.313575 3.21615 0.0229438 -0.0325386 15.9563
349768 15 0.01 0.9 32.9 0.040981 0.349872 3.88138 0.00535372 0.0431339 15.9563
351567 15 0.01 0.9 32.9 0.111495 0.472783 15.4062 0.0546836 0.222803 15.9563
354119 15 0.01 0.9 32.9 0.456083 0.0642041 10.2237 0.143197 0.0193675 15.9563
355005 15 0.01 0.9 32.9 0.340546 0.0399343 4.41319 0.0478879 0.00519691 15.9563
357387 15 0.01 0.9 32.9 0.345293 0.368064 13.9689 0.144796 0.156189 15.9563
358844 15 0.01 0.9 32.9 -0.246635 0.0608159 14.465 -0.106377 0.0234062 15.9563
360001 15 0.01 0.9 32.9 0.26229 0.441675 3.08806 0.0247312 0.0439604 15.9563
360030 15 0.01 0.9 32.9 -0.315934 -0.360076 5.38725 -0.0525417 -0.0588267 15.9563
362554 15 0.01 0.9 32.9 -0.102176 -0.396613 9.81352 -0.0321507 -0.113437 15.9563
362915 15 0.01 0.9 32.9 -0.149716 -0.243916 2.89528 -0.0154051 -0.0205445 15.9563
363142 15 0.01 0.9 32.9 0.028193 -0.213141 2.60341 0.00323099 -0.0160672 15.9563
367555 15 0.01 0.9 32.9 0.259999 0.380298 5.87717 0.0468489 0.0660682 15.9563
368676 15 0.01 0.9 32.9 -0.442559 -0.351508 9.23041 -0.12276 -0.0992717 15.9563
369889 15 0.01 0.9 32.9 0.387575 -0.38303 8.22968 0.0975417 -0.0947004 15.9563
370178 15 0.01 0.9 32.9 0.413102 0.198221 8.38206 0.1032 0.0492005 15.9563
371119 15 0.01 0.9 32.9 0.272835 -0.279836 6.27462 0.0534591 -0.0527315 15.9563
373580 15 0.01 0.9 32.9 0.106429 0.279921 4.0341 0.0141277 0.0351466 15.9563
376705 15 0.01 0.9 32.9 -0.416106 -0.0626848 15.0256 -0.187775 -0.0263196 15.9563
380163 15 0.01 0.9 32.9 -0.23027 0.0322585 10.1591 -0.0698025 0.00872048 15.9563
381681 15 0.01 0.9 32.9 0.111316 0.153355 4.88635 0.0145278 0.0232748 15.9563
382358 15 0.01 0.9 32.9 -0.359111 0.427926 2.09373 -0.0240084 0.0276185 15.9563
382693 15 0.01 0.9 32.9 0.1387 0.290202 3.39031 0.0142306 0.0311912 15.9563
382885 15 0.01 0.9 32.9 -0.301471 0.19218 3.08333 -0.0289626 0.0200609 15.9563
388360 15 0.01 0.9 32.9 0.137709 0.272033 4.04025 0.0169965 0.0327287 15.9563
388527 15 0.01 0.9 32.9 0.00627539 0.124128 8.25464 0.00154989 0.0310714 15.9563
388801 15 0.01 0.9 32.9 0.468724 -0.0265089 8.19911 0.117961 -0.0038446 15.9563
392637 15 0.01 0.9 32.9 0.199474 0.148095 5.5017 0.0318319 0.0258597 15.9563
395192 15 0.01 0.9 32.9 0.418274 -0.48729 3.04119 0.0419621 -0.0468552 15.9563
397450 15 0.01 0.9 32.9 0.422752 -0.0579926 9.43127 0.121242 -0.0154839 15.9563
398099 15 0.01 0.9 32.9 0.449777 0.412087 8.62187 0.118816 0.108112 15.9563
398566 15 0.01 0.9 32.9 0.316261 -0.0806888 8.39047 0.0808696 -0.0207428 15.9563
400603 15 0.01 0.9 32.9 -0.172594 0.388351 3.77953 -0.0183618 0.0451678 15.9563
402319 15 0.01 0.9 32.9 -0.00936614 0.141022 13.6191 -0.00411601 0.0605119 15.9563
402488 15 0.01 0.9 32.9 0.214079 0.369707 5.01403 0.0346789 0.0572122 15.9563
407680 15 0.01 0.9 32.9 0.00681985 0.284016 14.7013 0.00473461 0.127303 15.9563
408779 15 0.01 0.9 32.9 0.1138 -0.0223873 5.01916 0.018193 -0.005278 15.9563
410541 15 0.01 0.9 32.9 0.026572 0.0879606 4.16063 0.00173243 0.0144631 15.9563
412739 15 0.01 0.9 32.9 -0.120764 0.0786646 4.17303 -0.0181219 0.00960988 15.9563
413129 15 0.01 0.9 32.9 -0.439986 -0.478981 0.758258 -0.0126302 -0.0142321 15.9563
413541 15 0.01 0.9 32.9 -0.488309 -0.113615 7.38143 -0.109291 -0.0228254 15.9563
421339 15 0.01 0.9 32.9 0.115303 0.13551 2.47648 0.00758906 0.0100115 15.9563
421379 15 0.01 0.9 32.9 -0.146705 -0.265295 6.07047 -0.0253043 -0.0502965 15.9563
422999 15 0.01 0.9 32.9 0.317908 -0.217575 8.49361 0.0817663 -0.0552985 15.9563
424271 15 0.01 0.9 32.9 -0.265439 0.294019 7.00221 -0.0572968 0.0614729 15.9563
425011 15 0.01 0.9 32.9 0.422949 -0.0123756 9.30487 0.120388 -0.00417587 15.9563
427468 15 0.01 0.9 32.9 0.103571 0.00693355 12.1193 0.0384562 0.00321944 15.9563
428639 15 0.01 0.9 32.9 0.3746 -0.276106 3.84653 0.0418033 -0.0313663 15.9563
433413 15 0.01 0.9 32.9 0.473906 -0.437156 7.52334 0.111545 -0.101092 15.9563
435706 15 0.01 0.9 32.9 0.353515 0.13463 5.68308 0.0597396 0.0248425 15.9563
436519 15 0.01 0.9 32.9 -0.138423 -0.307183 2.82426 -0.0122158 -0.0258805 15.9563
439736 15 0.01 0.9 32.9 -0.320942 0.163596 4.04955 -0.0404403 0.0215198 15.9563
442203 15 0.01 0.9 32.9 -0.16392 -0.177647 12.5265 -0.0609829 -0.0664404 15.9563
443023 15 0.01 0.9 32.9 0.380612 0.215729 2.05106 0.0236347 0.0113664 15.9563
447347 15 0.01 0.9 32.9 -0.130475 0.111846 4.53118 -0.0189221 0.0158504 15.9563
447493 15 0.01 0.9 32.9 -0.293412 0.11494 7.04006 -0.0638992 0.0243486 15.9563
449241 15 0.01 0.9 32.9 -0.499561 -0.286649 0.763213 -0.00660315 -0.00613505 15.9563
450125 15 0.01 0.9 32.9 0.499833 0.4486 6.22833 0.0933629 0.0861613 15.9563
450503 15 0.01 0.9 32.9 -0.28255 -0.098745 5.37069 -0.0429985 -0.0153777 15.9563
452831 15 0.01 0.9 32.9 0.370107 0.273107 14.7678 0.166459 0.123706 15.9563
456843 15 0.01 0.9 32.9 -0.41615 0.0048091 8.35679 -0.104999 0.00117702 15.9563
458741 15 0.01 0.9 32.9 0.324276 0.128513 14.8247 0.146353 0.0589132 15.9563
459455 15 0.01 0.9 32.9 0.220391 0.288041 4.41407 0.0277479 0.0397407 15.9563
466467 15 0.01 0.9 32.9 -0.177341 -0.263186 3.51574 -0.0220448 -0.0257918 15.9563
466507 15 0.01 0.9 32.9 -0.140472 -0.159868 5.6576 -0.0233818 -0.0283281 15.9563
468109 15 0.01 0.9 32.9 -0.493888 -0.191443 6.23543 -0.09507 -0.037528 15.9563
472562 15 0.01 0.9 32.9 -0.407947 0.183306 7.13366 -0.0898095 0.0409858 15.9563
474163 15 0.01 0.9 32.9 -0.310962 0.37956 17.9181 -0.168945 0.207467 15.9563
476476 15 0.01 0.9 32.9 -0.427939 0.299104 6.14514 -0.0794752 0.0566802 15.9563
476617 15 0.01 0.9 32.9 0.124844 -0.337783 9.991 0.0383444 -0.0996635 15.9563
479721 15 0.01 0.9 32.9 -0.352662 0.213569 6.4234 -0.0678756 0.0421833 15.9563
480842 15 0.01 0.9 32.9 -0.352858 -0.280524 3.91791 -0.0424971 -0.032781 15.9563
480944 15 0.01 0.9 32.9 -0.223898 -0.127024 12.3193 -0.0841024 -0.0456475 15.9563
481048 15 0.01 0.9 32.9 0.0105115 0.335569 12.229 0.00476888 0.125158 15.9563
482302 15 0.01 0.9 32.9 -0.0271409 0.199312 1.82252 -0.000937389 0.0107137 15.9563
483592 15 0.01 0.9 32.9 -0.309305 0.146344 6.17993 -0.0588988 0.0264249 15.9563
486120 15 0.01 0.9 32.9 0.0515729 -0.253259 20.56 0.0310846 -0.160618 15.9563
487981 15 0.01 0.9 32.9 -0.458521 -0.481336 14.2754 -0.198508 -0.208888 15.9563
487996 15 0.01 0.9 32.9 0.326126 0.483776 5.30922 0.0530454 0.0779851 15.9563
491275 15 0.01 0.9 32.9 0.225761 -0.495357 2.80847 0.0200462 -0.0392877 15.9563
491915 15 0.01 0.9 32.9 0.270074 0.361131 5.075 0.0425459 0.0552468 15.9563
492925 15 0.01 0.9 32.9 0.208005 0.00610489 3.81522 0.0230373 0.00260284 15.9563
493461 15 0.01 0.9 32.9 -0.489596 0.0910617 5.16476 -0.0784551 0.015681 15.9563
494013 15 0.01 0.9 32.9 -0.282888 0.383979 14.9382 -0.128566 0.175763 15.9563
495176 15 0.01 0.9 32.9 0.274992 -0.485256 12.3312 0.101462 -0.182833 15.9563
495219 15 0.01 0.9 32.9 -0.259346 0.117934 6.50135 -0.0519269 0.0266494 15.9563
495899 15 0.01 0.9 32.9 -0.163855 -0.271411 2.48388 -0.0119591 -0.0185217 15.9563
496638 15 0.01 0.9 32.9 -0.0661481 0.252674 5.44513 -0.00983766 0.0422924 15.9563
497192 15 0.01 0.9 32.9 0.406546 0.0422923 22.7087 0.279611 0.028211 15.9563
497618 15 0.01 0.9 32.9 0.16796 0.150632 6.11822 0.0312592 0.0297117 15.9563
498512 15 0.01 0.9 32.9 -0.187763 0.465066 15.8892 -0.0900487 0.22537 15.9563
498915 15 0.01 0.9 32.9 0.169908 -0.270764 4.11997 0.0249028 -0.0306271 15.9563
499133 15 0.01 0.9 32.9 0.445241 -0.0805319 4.03964 0.0563427 -0.0108635 15.9563
