1759 13 0.01 0.7 32.9 0.0461704 -0.203799 6.61391 0.00723423 -0.0432674 149.256
1946 13 0.01 0.7 32.9 0.0843064 -0.244859 27.964 0.0713669 -0.206566 125.64
3597 13 0.01 0.7 32.9 0.369811 -0.149239 13.8002 0.154144 -0.0619756 130.1
4084 13 0.01 0.7 32.9 -0.158032 0.458489 7.50834 -0.0347028 0.104116 141.791
4321 13 0.01 0.7 32.9 0.293148 0.454136 5.82402 0.0506219 0.081521 150.141
4711 13 0.01 0.7 32.9 -0.313671 -0.21486 7.71052 -0.073436 -0.049755 130.457
5381 13 0.01 0.7 32.9 -0.172215 -0.397323 3.8567 -0.0224171 -0.0457172 153.168
6433 13 0.01 0.7 32.9 0.129353 0.156472 3.61795 0.0149031 0.0205863 145.593
6702 13 0.01 0.7 32.9 -0.0845864 -0.485034 4.10571 -0.00992867 -0.0612995 153.549
9180 13 0.01 0.7 32.9 0.496057 0.0991227 9.40073 0.142589 0.0272303 134.295
9520 13 0.01 0.7 32.9 0.343928 0.0788123 5.14123 0.0537554 0.0121129 154.783
10754 13 0.01 0.7 32.9 0.431314 -0.292289 6.35957 0.0844263 -0.0577732 140.955
10957 13 0.01 0.7 32.9 -0.247049 0.424001 8.61909 -0.0635433 0.111434 137.156
11005 13 0.01 0.7 32.9 -0.402558 -0.43525 2.00763 -0.0248914 -0.0257839 150.655
11351 13 0.01 0.7 32.9 -0.33135 0.291344 8.74705 -0.0876849 0.076896 140.503
12062 13 0.01 0.7 32.9 0.29697 0.143388 4.62916 0.0411175 0.0192174 136.17
12609 13 0.01 0.7 32.9 0.415263 0.35925 5.85181 0.0740785 0.0664793 141.039
14461 13 0.01 0.7 32.9 -0.206312 -0.0540929 5.90348 -0.0381562 -0.00868227 150.036
16889 13 0.01 0.7 32.9 -0.417219 0.295499 1.10748 -0.0167314 0.0112707 134.964
18581 13 0.01 0.7 32.9 -0.0998724 -0.037793 3.70544 -0.0117914 -0.0058308 140.076
18637 13 0.01 0.7 32.9 0.379892 -0.375898 4.30242 0.0490044 -0.0466904 136.711
19468 13 0.01 0.7 32.9 0.145556 0.219435 3.80727 0.0147114 0.0251307 146.154
19867 13 0.01 0.7 32.9 -0.320405 0.1758 4.5684 -0.0449294 0.0236595 147.051
20070 13 0.01 0.7 32.9 -0.0662548 -0.114874 3.97814 -0.00888289 -0.0129016 147.337
20404 13 0.01 0.7 32.9 -0.0762088 -0.0385298 2.96344 -0.00799772 -0.0045165 137.242
22054 13 0.01 0.7 32.9 -0.0152623 0.257076 5.31902 -0.00252146 0.0426424 140.372
23463 13 0.01 0.7 32.9 -0.375486 0.00964166 7.96589 -0.0890206 0.0012504 139.997
24116 13 0.01 0.7 32.9 0.313211 0.0132514 2.00467 0.022375 0.000276711 147.915
24399 13 0.01 0.7 32.9 0.0758995 0.49425 1.9026 0.00307466 0.0275777 137.355
24520 13 0.01 0.7 32.9 0.198865 -0.391536 4.58316 0.0278104 -0.052535 150.966
25982 13 0.01 0.7 32.9 -0.0295476 -0.155696 2.00798 -0.00328627 -0.00928655 136.342
27553 13 0.01 0.7 32.9 0.337931 0.253025 1.85922 0.0200981 0.0139526 133.665
28039 13 0.01 0.7 32.9 0.0202671 0.0228197 3.41247 0.00339026 0.00578993 147.01
28204 13 0.01 0.7 32.9 0.357217 0.0706912 11.7436 0.129219 0.0218332 133.763
28743 13 0.01 0.7 32.9 -0.31655 -0.497128 16.0875 -0.153919 -0.243502 127.3
29803 13 0.01 0.7 32.9 0.142529 -0.330804 10.9374 0.0480481 -0.110796 129.061
32480 13 0.01 0.7 32.9 0.123726 0.181386 6.93622 0.0240292 0.0381077 143.994
33768 13 0.01 0.7 32.9 0.389153 0.413356 6.31329 0.0728573 0.0787389 144.394
34335 13 0.01 0.7 32.9 0.450629 0.348874 1.96716 0.0291957 0.0189975 138.163
34672 13 0.01 0.7 32.9 -0.0731108 -0.099773 10.4823 -0.0249453 -0.0308838 130.443
34724 13 0.01 0.7 32.9 0.0765031 -0.212229 2.72992 0.00540306 -0.0184041 145.405
37425 13 0.01 0.7 32.9 -0.0283055 0.353146 6.92423 -0.00603758 0.0744575 138.98
39320 13 0.01 0.7 32.9 0.177927 -0.110033 3.87376 0.0207923 -0.0149552 149.77
43774 13 0.01 0.7 32.9 0.0916091 0.378073 9.39442 0.0270839 0.107945 138.556
44840 13 0.01 0.7 32.9 0.498379 0.114384 2.26696 0.0331624 0.00712734 146.4
45410 13 0.01 0.7 32.9 0.336054 0.48684 3.38071 0.0335093 0.0474504 139.467
48964 13 0.01 0.7 32.9 -0.283968 0.0677973 5.62254 -0.0493342 0.0113973 147.492
50758 13 0.01 0.7 32.9 -0.158053 0.229181 7.30818 -0.0350461 0.0488938 139.296
51038 13 0.01 0.7 32.9 0.205117 0.399886 4.66593 0.0276564 0.0577592 150.554
52261 13 0.01 0.7 32.9 0.195048 -0.165972 7.5428 0.044183 -0.0373367 144.739
52445 13 0.01 0.7 32.9 -0.407776 0.0237435 6.02238 -0.0727207 0.00259796 151.252
54443 13 0.01 0.7 32.9 -0.0785688 -0.448493 6.35226 -0.0159489 -0.0887675 147.296
55087 13 0.01 0.7 32.9 -0.349007 0.228306 3.45779 -0.0374543 0.0231929 142.356
56372 13 0.01 0.7 32.9 0.41951 -0.463248 2.87714 0.0356281 -0.0409709 135.548
57077 13 0.01 0.7 32.9 -0.232217 -0.481123 10.1248 -0.0742447 -0.148599 127.274
57321 13 0.01 0.7 32.9 0.452699 0.165931 7.35921 0.100756 0.0365029 145.082
59959 13 0.01 0.7 32.9 0.148362 -0.31304 4.83478 0.0204572 -0.0457366 137.518
60990 13 0.01 0.7 32.9 0.353862 0.238097 4.87979 0.0532564 0.0349514 138.162
62001 13 0.01 0.7 32.9 0.436788 0.101562 8.96328 0.118207 0.0268009 131.429
63469 13 0.01 0.7 32.9 -0.479677 0.00318691 3.87865 -0.0576559 0.0024239 134.975
63686 13 0.01 0.7 32.9 -0.175852 0.328291 12.6567 -0.0676334 0.129145 131.331
64299 13 0.01 0.7 32.9 0.25916 -0.0314439 4.73872 0.0361353 -0.00484267 151.487
64612 13 0.01 0.7 32.9 0.399281 0.109676 3.93463 0.0471222 0.0134005 144.652
65031 13 0.01 0.7 32.9 -0.304356 -0.152735 8.04242 -0.0750723 -0.0403787 134.653
65124 13 0.01 0.7 32.9 -0.407027 -0.206264 0.210842 -0.00395225 0.000132357 138.328
66035 13 0.01 0.7 32.9 0.0279462 -0.384058 5.88308 0.00384066 -0.0694118 141.576
66891 13 0.01 0.7 32.9 0.125985 0.294654 7.72425 0.0277664 0.0699382 144.802
68950 13 0.01 0.7 32.9 0.296081 -0.20148 4.04355 0.0348407 -0.0249085 128.626
69443 13 0.01 0.7 32.9 -0.25851 0.49895 4.34155 -0.0347905 0.0657022 143.207
69998 13 0.01 0.7 32.9 0.035077 -0.0303598 16.1314 0.0154215 -0.0144764 129.149
70128 13 0.01 0.7 32.9 0.261482 -0.193715 6.46425 0.0530168 -0.0362633 144.805
71423 13 0.01 0.7 32.9 0.0897236 0.359976 11.8484 0.0307127 0.128762 131.003
74847 13 0.01 0.7 32.9 -0.338711 -0.19947 4.70188 -0.0466765 -0.0275316 135.705
75096 13 0.01 0.7 32.9 -0.317694 -0.159162 2.77097 -0.0279882 -0.0124269 139.869
77051 13 0.01 0.7 32.9 0.357416 0.247368 4.0269 0.0454678 0.0280011 154.295
77632 13 0.01 0.7 32.9 0.0313421 -0.0805289 2.7279 0.00514651 -0.0108351 137.567
78170 13 0.01 0.7 32.9 0.418221 0.0499427 1.83252 0.0237094 0.000696725 129.871
78280 13 0.01 0.7 32.9 -0.045731 0.419109 4.95865 -0.00671247 0.0628721 153.05
80672 13 0.01 0.7 32.9 0.205442 0.326112 7.78472 0.0485957 0.0782142 144.741
81178 13 0.01 0.7 32.9 0.222322 -0.462636 4.59358 0.0305332 -0.0687911 142.598
81734 13 0.01 0.7 32.9 -0.265978 -0.283352 3.09456 -0.0244022 -0.0276553 139.64
81742 13 0.01 0.7 32.9 -0.0360443 0.0414452 10.8869 -0.0108629 0.0135011 134.494
82698 13 0.01 0.7 32.9 -0.208496 0.46109 8.25857 -0.0535821 0.116449 141.412
83144 13 0.01 0.7 32.9 -0.115243 -0.112884 5.22694 -0.0187071 -0.0182053 142.71
84603 13 0.01 0.7 32.9 -0.312731 0.133538 4.90994 -0.0457238 0.0177429 147.49
85288 13 0.01 0.7 32.9 0.0735648 0.0561559 5.08136 0.0115754 0.00762275 134.921
86303 13 0.01 0.7 32.9 0.485807 -0.181945 5.45872 0.0831023 -0.032421 141.302
88579 13 0.01 0.7 32.9 0.256094 0.0586256 4.76049 0.0381684 0.00762167 142.868
88746 13 0.01 0.7 32.9 -0.49051 0.186276 2.7813 -0.0438549 0.0168715 137.679
89440 13 0.01 0.7 32.9 0.270997 -0.409649 4.95503 0.0399543 -0.061665 152.549
90177 13 0.01 0.7 32.9 0.211485 -0.415415 4.86536 0.030692 -0.0627613 153.806
92079 13 0.01 0.7 32.9 -0.390833 -0.0951881 3.90988 -0.0469831 -0.0118929 142.344
93663 13 0.01 0.7 32.9 0.265086 -0.148009 6.75052 0.0563904 -0.032302 129.892
94436 13 0.01 0.7 32.9 -0.0291914 0.278776 8.59293 -0.00816588 0.0738761 140.025
95328 13 0.01 0.7 32.9 -0.148958 -0.41808 3.04779 -0.0130909 -0.0382119 151.415
95700 13 0.01 0.7 32.9 0.325751 -0.215024 3.23821 0.0335337 -0.0211862 144.912
96190 13 0.01 0.7 32.9 0.0579081 0.0178872 3.9329 0.0057637 0.00127652 145.74
96192 13 0.01 0.7 32.9 -0.357275 -0.367342 3.29081 -0.0377688 -0.0364724 143.431
96327 13 0.01 0.7 32.9 -0.357712 0.272399 3.11147 -0.0347415 0.0264169 137.858
100094 13 0.01 0.7 32.9 0.0494076 -0.358638 3.63938 0.00733325 -0.0395277 151.016
100469 13 0.01 0.7 32.9 -0.224617 0.0324862 9.31535 -0.0635526 0.00759496 139.324
100931 13 0.01 0.7 32.9 -0.313428 0.169448 4.7552 -0.0457983 0.0254254 155.377
101056 13 0.01 0.7 32.9 0.16689 0.467923 2.04442 0.0115089 0.0287859 143.641
101506 13 0.01 0.7 32.9 -0.114225 0.452946 8.22219 -0.0276633 0.114447 143.43
103709 13 0.01 0.7 32.9 -0.441865 -0.26861 3.19809 -0.0442332 -0.027173 146.211
106300 13 0.01 0.7 32.9 0.287261 0.259147 1.93628 0.0166481 0.0137388 137.84
106889 13 0.01 0.7 32.9 -0.462283 -0.317243 2.99948 -0.0454854 -0.0302377 140.902
107943 13 0.01 0.7 32.9 -0.461783 0.285178 3.21399 -0.0417333 0.028657 149.827
108744 13 0.01 0.7 32.9 -0.487792 -0.128596 4.23186 -0.0625197 -0.0172133 149.454
109169 13 0.01 0.7 32.9 -0.0334043 -0.32582 5.1584 -0.00550953 -0.0491927 152.056
109239 13 0.01 0.7 32.9 -0.0617739 -0.179206 3.12539 -0.00828303 -0.0176302 130.834
109804 13 0.01 0.7 32.9 0.310929 0.0248416 7.76548 0.0722471 0.00796847 141.082
113164 13 0.01 0.7 32.9 0.0406973 0.23611 6.60717 0.00876186 0.0466321 137.632
113907 13 0.01 0.7 32.9 0.392162 0.418883 1.44366 0.0183072 0.0165205 138.191
114320 13 0.01 0.7 32.9 -0.232364 -0.284219 9.31031 -0.0660362 -0.0796971 136.33
114830 13 0.01 0.7 32.9 -0.322584 0.083655 4.18695 -0.0395148 0.010838 125.727
115721 13 0.01 0.7 32.9 0.350233 0.17831 11.3524 0.120747 0.0615779 135.575
115730 13 0.01 0.7 32.9 -0.0329337 0.28633 1.57291 -0.000410876 0.0130115 135.271
117287 13 0.01 0.7 32.9 -0.10187 0.321537 9.46059 -0.0299107 0.0929257 135.071
119763 13 0.01 0.7 32.9 0.303308 -0.467893 12.0285 0.113294 -0.169218 130.404
121589 13 0.01 0.7 32.9 0.446122 0.482065 8.76136 0.11912 0.126449 134.687
122141 13 0.01 0.7 32.9 -0.303549 -0.457268 7.28724 -0.0675351 -0.101365 136.108
123316 13 0.01 0.7 32.9 0.149976 -0.0768542 3.22928 0.014753 -0.0081846 139.465
124224 13 0.01 0.7 32.9 0.394466 -0.323175 10.5862 0.124105 -0.103277 130.892
124491 13 0.01 0.7 32.9 -0.310172 0.401809 3.21241 -0.0286483 0.0396222 150.053
124630 13 0.01 0.7 32.9 -0.00118106 0.260765 5.32214 -0.00280241 0.0409509 148.672
124679 13 0.01 0.7 32.9 0.0270554 -0.371871 8.17706 0.0061228 -0.0923207 143.714
125179 13 0.01 0.7 32.9 -0.0268765 -0.138314 10.1799 -0.00793265 -0.041993 137.447
126046 13 0.01 0.7 32.9 0.449373 0.322282 7.4243 0.100416 0.0716152 138.605
127062 13 0.01 0.7 32.9 -0.411962 -0.456878 8.56978 -0.107637 -0.119895 128.133
127399 13 0.01 0.7 32.9 0.347444 0.0823934 3.64671 0.0384328 0.0104837 150.81
127485 13 0.01 0.7 32.9 -0.128523 0.19065 11.062 -0.0434089 0.0649141 130.324
128146 13 0.01 0.7 32.9 -0.0400772 -0.214335 4.8955 -0.00309654 -0.0334729 144.022
128151 13 0.01 0.7 32.9 -0.212498 -0.412182 3.80279 -0.0255776 -0.0480491 141.735
130050 13 0.01 0.7 32.9 0.220606 0.253767 2.73487 0.0190504 0.0219081 148.232
130150 13 0.01 0.7 32.9 0.481504 -0.499208 11.285 0.165107 -0.17294 132.62
131080 13 0.01 0.7 32.9 0.419141 -0.429782 5.65578 0.0729876 -0.0732622 141.852
131969 13 0.01 0.7 32.9 -0.179425 -0.010782 2.9828 -0.0168771 -0.000225133 142.073
132607 13 0.01 0.7 32.9 -0.205861 0.3956 2.22341 -0.0146433 0.0273635 150.348
133499 13 0.01 0.7 32.9 0.0248503 -0.376812 1.96318 0.000933219 -0.0234308 135.842
133790 13 0.01 0.7 32.9 -0.299391 0.469494 1.88478 -0.0161735 0.0240448 141.397
134258 13 0.01 0.7 32.9 0.215028 -0.264749 6.00698 0.0395483 -0.0466616 139.665
134453 13 0.01 0.7 32.9 0.495411 -0.276187 2.82425 0.041868 -0.0235269 130.835
134966 13 0.01 0.7 32.9 0.164378 0.205678 8.05461 0.0410046 0.0502402 139.488
135703 13 0.01 0.7 32.9 0.120694 0.0487029 2.02555 0.0069736 0.00462161 133.416
136194 13 0.01 0.7 32.9 -0.195621 -0.439902 1.50701 -0.0105731 -0.0193438 137.99
136590 13 0.01 0.7 32.9 -0.133205 -0.175892 6.38646 -0.0260264 -0.0330928 144.145
136690 13 0.01 0.7 32.9 0.310279 0.062942 5.85548 0.0561684 0.0116675 141.137
138215 13 0.01 0.7 32.9 0.343549 -0.149803 6.05249 0.0633463 -0.0271705 141.419
139424 13 0.01 0.7 32.9 -0.398185 -0.260178 1.48212 -0.014109 -0.0126482 147.652
140194 13 0.01 0.7 32.9 0.329161 0.31126 2.06632 0.0184275 0.0190513 136.555
140434 13 0.01 0.7 32.9 0.26006 -0.431283 7.70048 0.0592042 -0.100403 137.303
141501 13 0.01 0.7 32.9 -0.111518 -0.309699 2.26929 -0.00779423 -0.0215863 134.939
142574 13 0.01 0.7 32.9 0.219918 -0.212343 3.95807 0.0267312 -0.0247449 153.741
144527 13 0.01 0.7 32.9 -0.412088 0.444602 7.62451 -0.0974684 0.101862 145.202
144572 13 0.01 0.7 32.9 -0.110599 0.010703 11.8453 -0.0406773 0.00584797 129.555
145231 13 0.01 0.7 32.9 0.237433 -0.387148 2.73215 0.0200133 -0.03359 136.614
145273 13 0.01 0.7 32.9 -0.254818 0.283143 3.71774 -0.0318225 0.0312696 147.001
146976 13 0.01 0.7 32.9 0.0897514 -0.0909775 5.18085 0.0146089 -0.0160355 150.214
148059 13 0.01 0.7 32.9 -0.435431 -0.359892 6.81094 -0.0907261 -0.0780527 144.227
148233 13 0.01 0.7 32.9 0.160061 -0.0747167 3.73132 0.0203526 -0.00761023 151.276
148790 13 0.01 0.7 32.9 0.186459 -0.256374 6.87974 0.0379752 -0.0541777 137.714
148963 13 0.01 0.7 32.9 0.186252 0.226682 9.99112 0.0543628 0.0715815 136.507
149367 13 0.01 0.7 32.9 -0.43278 -0.0964801 5.31144 -0.0685125 -0.0154879 151.151
150419 13 0.01 0.7 32.9 0.0420338 -0.0395684 10.0916 0.0110089 -0.0122531 134.418
153053 13 0.01 0.7 32.9 0.386055 0.334379 3.53153 0.0425029 0.0367249 126.11
155144 13 0.01 0.7 32.9 -0.289235 -0.389293 6.17113 -0.0525476 -0.0727645 143.084
156631 13 0.01 0.7 32.9 0.0526217 -0.310302 3.56139 0.00612244 -0.0338955 143.098
156882 13 0.01 0.7 32.9 0.183344 0.0882572 2.15652 0.011557 0.00549974 141.782
157345 13 0.01 0.7 32.9 0.0467842 0.095724 4.28133 0.00548001 0.0116305 153.627
157890 13 0.01 0.7 32.9 0.257035 0.101072 7.54713 0.0582377 0.0209516 139.254
161473 13 0.01 0.7 32.9 0.0954751 -0.146378 2.53085 0.00787371 -0.0109728 151.288
163531 13 0.01 0.7 32.9 -0.205625 0.0811547 5.46151 -0.0343313 0.0136229 151.971
163602 13 0.01 0.7 32.9 -0.0985727 -0.190437 7.85385 -0.0221623 -0.0446689 143.074
165096 13 0.01 0.7 32.9 -0.00491367 -0.134937 5.61331 -0.0016515 -0.0230423 151.02
165860 13 0.01 0.7 32.9 -0.146652 -0.255809 11.5259 -0.052196 -0.0906338 134.961
166633 13 0.01 0.7 32.9 0.492804 0.375723 6.51062 0.0976626 0.0736482 148.144
167130 13 0.01 0.7 32.9 0.0992564 0.475352 3.84157 0.0118612 0.0573947 143.318
168517 13 0.01 0.7 32.9 0.324129 0.466664 6.15425 0.0607111 0.0866134 141.033
169715 13 0.01 0.7 32.9 -0.256435 0.27856 7.569 -0.0585538 0.0636602 144.984
169796 13 0.01 0.7 32.9 -0.273158 0.0177387 2.33474 -0.01976 0.00166012 136.694
170194 13 0.01 0.7 32.9 0.155556 -0.483193 7.10078 0.0345355 -0.105621 133.957
171554 13 0.01 0.7 32.9 -0.234203 -0.314 6.05765 -0.0418196 -0.0595621 140.743
171941 13 0.01 0.7 32.9 -0.0470024 -0.223216 4.63074 -0.00723927 -0.0303707 146.105
172402 13 0.01 0.7 32.9 -0.293421 0.490872 7.00013 -0.061477 0.103525 138.631
174738 13 0.01 0.7 32.9 0.180774 -0.250868 8.75277 0.0476639 -0.0668874 137.061
176073 13 0.01 0.7 32.9 -0.468441 -0.169208 4.86017 -0.0695176 -0.0248152 149.687
176695 13 0.01 0.7 32.9 -0.231947 -0.218828 3.76424 -0.0270553 -0.0263136 136.631
177869 13 0.01 0.7 32.9 -0.33109 0.0839671 2.53783 -0.0264189 0.00563972 143.682
180669 13 0.01 0.7 32.9 0.334667 0.0459452 5.92288 0.0603636 0.00896007 144.654
182110 13 0.01 0.7 32.9 0.129087 0.40124 4.28435 0.0166248 0.0521748 149.278
184706 13 0.01 0.7 32.9 -0.319766 0.000833314 2.12617 -0.021187 0.00164595 135.687
184710 13 0.01 0.7 32.9 -0.037347 0.168986 4.27478 -0.00552007 0.0238977 138.528
185205 13 0.01 0.7 32.9 -0.15975 0.460155 2.30372 -0.0103928 0.0329596 136.659
185967 13 0.01 0.7 32.9 -0.462922 0.498829 5.13421 -0.0732434 0.0796588 154.797
186492 13 0.01 0.7 32.9 0.113298 -0.14771 7.25922 0.0271688 -0.0339755 140.924
187060 13 0.01 0.7 32.9 0.0191878 0.479922 4.62134 0.00377765 0.0667834 131.898
187676 13 0.01 0.7 32.9 -0.451787 0.243112 6.78803 -0.094206 0.0490311 145.557
188013 13 0.01 0.7 32.9 0.296902 -0.110897 2.60979 0.0231863 -0.00999299 152.861
190442 13 0.01 0.7 32.9 0.00985376 -0.309901 1.80918 0.00269507 -0.0171039 134.351
190517 13 0.01 0.7 32.9 0.200334 0.186759 7.91346 0.0481401 0.0479095 143.052
190762 13 0.01 0.7 32.9 -0.315612 -0.34375 5.09946 -0.0478267 -0.0517733 125.048
191017 13 0.01 0.7 32.9 -0.339715 -0.402614 11.0113 -0.115113 -0.135943 131.223
191345 13 0.01 0.7 32.9 -0.0029145 -0.370297 3.16931 0.00129286 -0.0354579 138.006
191773 13 0.01 0.7 32.9 0.0527666 0.26363 3.36699 0.00444805 0.0261023 138.022
191972 13 0.01 0.7 32.9 -0.206324 0.37169 5.90967 -0.0365177 0.065992 149.674
195344 13 0.01 0.7 32.9 -0.348599 -0.315979 1.46308 -0.0154433 -0.0126666 144.254
196351 13 0.01 0.7 32.9 -0.483357 -0.392979 12.5523 -0.184224 -0.150699 132.681
197797 13 0.01 0.7 32.9 -0.446671 -0.243191 2.11397 -0.0288261 -0.0162569 141.416
198067 13 0.01 0.7 32.9 -0.251228 -0.139724 5.25276 -0.0405008 -0.0213159 154.56
198574 13 0.01 0.7 32.9 0.0699916 -0.0559064 3.24642 0.00705409 -0.0058429 149.87
198720 13 0.01 0.7 32.9 0.279672 -0.448145 1.69443 0.0129327 -0.0254862 131.49
199464 13 0.01 0.7 32.9 -0.473249 -0.0894457 1.6171 -0.0247835 -0.00536733 143.66
200704 13 0.01 0.7 32.9 0.35056 0.0593821 5.57287 0.0600766 0.0101402 141.418
201828 13 0.01 0.7 32.9 -0.0551725 -0.318688 5.09737 -0.0071544 -0.0504923 138.158
202741 13 0.01 0.7 32.9 0.0410714 -0.0760641 7.3745 0.00937555 -0.015405 142.605
203970 13 0.01 0.7 32.9 -0.184947 0.32054 5.12947 -0.0280915 0.0488067 147.916
204117 13 0.01 0.7 32.9 0.133851 0.135026 3.95588 0.0147439 0.0156991 138.268
204792 13 0.01 0.7 32.9 0.124816 -0.191332 4.4989 0.0163491 -0.0253597 152.229
204888 13 0.01 0.7 32.9 -0.117035 -0.0842331 7.95739 -0.0261382 -0.0205209 136.818
210409 13 0.01 0.7 32.9 0.364798 0.437366 8.17615 0.0932221 0.108226 141.333
210495 13 0.01 0.7 32.9 -0.255139 0.403154 4.25451 -0.0311497 0.050968 152.945
210631 13 0.01 0.7 32.9 -0.428961 0.290125 6.06366 -0.0790964 0.0541651 144.288
213333 13 0.01 0.7 32.9 0.344133 0.0706173 5.91911 0.059964 0.0126402 149.25
213534 13 0.01 0.7 32.9 -0.353032 0.265657 5.92202 -0.0635702 0.0475992 145.334
214307 13 0.01 0.7 32.9 -0.308154 0.0776005 5.09147 -0.0480841 0.0111393 154.856
214599 13 0.01 0.7 32.9 0.173301 0.0222595 2.59034 0.0108023 0.00154863 134.017
214664 13 0.01 0.7 32.9 -0.247511 -0.306528 9.75262 -0.0753015 -0.0913528 138.861
214770 13 0.01 0.7 32.9 -0.451473 0.097285 10.0407 -0.138243 0.0301537 133.897
214773 13 0.01 0.7 32.9 0.348 0.101324 5.62022 0.0596256 0.0157514 137.945
215484 13 0.01 0.7 32.9 0.38373 0.425554 9.12939 0.105484 0.118058 138.516
215516 13 0.01 0.7 32.9 -0.475268 0.453444 3.75032 -0.054976 0.0504742 152.671
215900 13 0.01 0.7 32.9 0.294619 -0.282293 7.28798 0.0638164 -0.0599518 142.601
215932 13 0.01 0.7 32.9 -0.379057 0.423777 3.95314 -0.0443068 0.05065 154.112
217047 13 0.01 0.7 32.9 0.439217 0.293079 10.2432 0.137151 0.0910593 137.006
217420 13 0.01 0.7 32.9 0.220566 -0.450326 5.87025 0.0403007 -0.0798131 147.601
218081 13 0.01 0.7 32.9 0.181279 -0.070501 3.51707 0.0205061 -0.00764263 140.186
218888 13 0.01 0.7 32.9 0.453039 0.0720525 6.94341 0.0969032 0.0155014 134.671
221651 13 0.01 0.7 32.9 0.0434655 -0.480634 3.46408 0.00701564 -0.0498831 149.11
222340 13 0.01 0.7 32.9 -0.119357 -0.154718 6.13585 -0.0221028 -0.0303331 141.716
223951 13 0.01 0.7 32.9 0.105184 0.28554 5.6785 0.0212265 0.0470235 153.083
226103 13 0.01 0.7 32.9 0.293406 -0.0945084 5.28038 0.0464411 -0.0152692 131.255
226750 13 0.01 0.7 32.9 -0.260093 0.161087 3.32802 -0.0247383 0.0166338 134.771
226766 13 0.01 0.7 32.9 -0.203719 0.0987967 4.88761 -0.0315656 0.0112042 139.098
226909 13 0.01 0.7 32.9 -0.264471 -0.433896 4.34466 -0.0340691 -0.0564098 146.415
227153 13 0.01 0.7 32.9 0.26683 0.0999609 2.61847 0.0219614 0.00874904 146.135
227708 13 0.01 0.7 32.9 -0.152588 0.380266 7.34368 -0.0333564 0.0826999 142.646
228090 13 0.01 0.7 32.9 -0.464753 -0.167603 10.7414 -0.149313 -0.0529746 135.862
228157 13 0.01 0.7 32.9 0.386972 -0.0833437 1.03333 0.0103371 -0.00170085 131.867
228569 13 0.01 0.7 32.9 0.283043 -0.100911 1.69066 0.0162637 -0.00763902 136.477
228578 13 0.01 0.7 32.9 -0.483703 0.188345 3.68906 -0.0567633 0.0206974 151.701
230162 13 0.01 0.7 32.9 -0.00155208 0.152585 2.06067 0.000590999 0.00783519 136.445
230493 13 0.01 0.7 32.9 -0.414073 -0.127732 2.81095 -0.0350921 -0.0130675 143.863
231293 13 0.01 0.7 32.9 0.21539 0.493796 8.16296 0.0538546 0.122895 131.034
231356 13 0.01 0.7 32.9 0.0258924 -0.347101 3.53857 0.00137198 -0.0374022 152.445
232545 13 0.01 0.7 32.9 0.143559 0.354339 1.32187 0.00753269 0.0153654 134.343
233874 13 0.01 0.7 32.9 0.123887 -0.238495 5.65301 0.0236262 -0.0416519 149.863
234379 13 0.01 0.7 32.9 0.277508 0.356143 4.42412 0.0351201 0.0485407 135.916
234519 13 0.01 0.7 32.9 -0.230931 -0.283365 4.14399 -0.0301439 -0.034845 144.116
235019 13 0.01 0.7 32.9 0.372711 -0.37358 2.81002 0.0325211 -0.0334557 144.082
237713 13 0.01 0.7 32.9 -0.431507 -0.417067 2.90747 -0.0382324 -0.0372704 144.622
238495 13 0.01 0.7 32.9 0.338746 -0.0212047 4.09868 0.0443334 -0.00151404 150.301
239184 13 0.01 0.7 32.9 0.484016 -0.11762 4.7232 0.0683679 -0.0187264 151.15
239794 13 0.01 0.7 32.9 -0.171077 0.307723 4.23037 -0.0197431 0.0369229 134.059
241750 13 0.01 0.7 32.9 -0.0183773 0.0670142 3.27161 -0.00387394 0.00806759 148.118
242386 13 0.01 0.7 32.9 -0.455368 0.296593 3.71854 -0.0486475 0.0321127 128.99
243013 13 0.01 0.7 32.9 -0.128133 0.456029 3.3509 -0.0155882 0.0467815 147.8
244671 13 0.01 0.7 32.9 -0.447543 0.366182 5.6103 -0.0765264 0.0615845 136.198
244901 13 0.01 0.7 32.9 0.199033 0.207907 7.83396 0.0450022 0.050322 139.664
245574 13 0.01 0.7 32.9 -0.0403384 -0.465274 8.55792 -0.0114335 -0.121015 141.08
245921 13 0.01 0.7 32.9 -0.45778 -0.248636 12.5486 -0.175609 -0.0966682 126.218
246237 13 0.01 0.7 32.9 -0.102595 -0.334576 3.64625 -0.0110942 -0.0362087 145.775
246270 13 0.01 0.7 32.9 0.0162528 -0.0769746 3.41784 0.00242875 -0.00733016 145.696
247185 13 0.01 0.7 32.9 -0.193671 0.185166 5.05452 -0.031125 0.0294001 141.345
249174 13 0.01 0.7 32.9 -0.259311 0.109933 2.87119 -0.0224065 0.00918374 146.477
249744 13 0.01 0.7 32.9 0.164763 0.44676 11.8694 0.0578416 0.162112 133.81
249957 13 0.01 0.7 32.9 0.475929 0.44417 4.66545 0.0673169 0.0620867 131.763
250235 13 0.01 0.7 32.9 -0.149075 -0.301235 6.94881 -0.0321875 -0.0673085 139.467
250440 13 0.01 0.7 32.9 -0.29813 -0.143246 2.03586 -0.0188579 -0.0107711 139.435
250915 13 0.01 0.7 32.9 -0.265775 -0.393461 6.97034 -0.0539543 -0.0820135 148.353
251538 13 0.01 0.7 32.9 -0.190088 0.208379 4.73596 -0.0262226 0.0324983 151.752
252411 13 0.01 0.7 32.9 -0.187977 0.165773 6.01382 -0.034498 0.0288719 151.461
253087 13 0.01 0.7 32.9 0.314777 -0.494433 7.6307 0.0749711 -0.114254 128.8
253879 13 0.01 0.7 32.9 -0.0225626 -0.313049 2.41131 0.000159791 -0.0206793 142.369
260001 13 0.01 0.7 32.9 0.193893 -0.149898 4.5762 0.0268293 -0.0199547 154.379
261352 13 0.01 0.7 32.9 0.167274 0.301104 8.99623 0.0464629 0.0812118 140.874
262159 13 0.01 0.7 32.9 -0.140876 0.272462 3.17488 -0.0145241 0.0290266 147.666
262198 13 0.01 0.7 32.9 0.414102 -0.366434 22.0315 0.277666 -0.248171 127.227
262515 13 0.01 0.7 32.9 0.444822 -0.144248 4.54644 0.0602452 -0.0198712 148.568
263648 13 0.01 0.7 32.9 0.0106797 0.137995 7.02621 0.00444899 0.0313679 147.36
264078 13 0.01 0.7 32.9 -0.379361 -0.125912 8.64102 -0.101441 -0.0344521 137.772
265434 13 0.01 0.7 32.9 0.162019 -0.127955 4.92082 0.0232541 -0.0192505 140.54
265875 13 0.01 0.7 32.9 0.486747 -0.223264 6.27336 0.0937181 -0.0425781 140.928
265923 13 0.01 0.7 32.9 0.232801 -0.431492 8.00186 0.05625 -0.102731 143.093
267131 13 0.01 0.7 32.9 0.400135 -0.00186005 3.96844 0.0463004 0.000844318 139.159
268925 13 0.01 0.7 32.9 0.0466477 -0.484287 4.08491 0.00617912 -0.0613389 153.443
269168 13 0.01 0.7 32.9 -0.34481 0.407354 1.62385 -0.0185198 0.0188656 141.271
269331 13 0.01 0.7 32.9 -0.193663 -0.0544493 5.70492 -0.029418 -0.0103014 141.299
269871 13 0.01 0.7 32.9 -0.279182 -0.138137 3.51879 -0.032849 -0.0137416 133.135
273206 13 0.01 0.7 32.9 -0.150339 -0.368733 5.16056 -0.0251932 -0.0582593 150.234
273729 13 0.01 0.7 32.9 0.0537012 0.377588 4.57856 0.0059903 0.0530168 146.166
274831 13 0.01 0.7 32.9 0.052012 -0.126314 11.7405 0.0190311 -0.0440498 133.153
275885 13 0.01 0.7 32.9 -0.0368002 0.0974087 8.80246 -0.0112761 0.0267916 132.216
277585 13 0.01 0.7 32.9 -0.390629 0.051064 7.25775 -0.0855756 0.0106183 133.419
277906 13 0.01 0.7 32.9 0.171313 -0.193333 8.51355 0.0454129 -0.0511244 131.9
278620 13 0.01 0.7 32.9 0.352025 0.232636 3.68616 0.042159 0.0272578 149.842
280580 13 0.01 0.7 32.9 -0.487974 -0.0821266 3.5644 -0.0529325 -0.00593533 151.589
283277 13 0.01 0.7 32.9 -0.168805 0.335334 11.6844 -0.0605973 0.11887 134.424
283365 13 0.01 0.7 32.9 -0.0814071 -0.0040264 3.48693 -0.00884119 -0.00123277 133.835
284520 13 0.01 0.7 32.9 -0.258726 -0.222028 5.80755 -0.0440572 -0.0414853 149.38
286299 13 0.01 0.7 32.9 0.263004 -0.165015 5.77912 0.0457703 -0.0265624 144.325
287341 13 0.01 0.7 32.9 -0.0287433 -0.143355 2.82918 -0.000980815 -0.0140573 140.623
287904 13 0.01 0.7 32.9 0.0631842 0.347646 5.46486 0.01094 0.0560298 152.681
288320 13 0.01 0.7 32.9 0.388584 0.14274 3.11527 0.0348501 0.0155489 144.93
289598 13 0.01 0.7 32.9 -0.434592 0.483044 8.41709 -0.111044 0.124842 142.357
289719 13 0.01 0.7 32.9 -0.257638 0.242126 10.4928 -0.0842172 0.0770484 132.385
289722 13 0.01 0.7 32.9 -0.336395 0.454497 8.01753 -0.0817454 0.113726 142.498
289923 13 0.01 0.7 32.9 -0.298012 -0.218361 6.9488 -0.0605661 -0.0464985 144.713
292277 13 0.01 0.7 32.9 0.459562 -0.450101 6.10284 0.0851243 -0.0848154 143.113
292308 13 0.01 0.7 32.9 -0.0346113 -0.230145 3.55461 -0.00432317 -0.026156 150.466
294068 13 0.01 0.7 32.9 -0.110393 0.267431 8.04753 -0.0262988 0.065642 139.785
294935 13 0.01 0.7 32.9 0.00430758 -0.491595 3.42014 -0.00095481 -0.0503891 142.06
296422 13 0.01 0.7 32.9 -0.360739 0.387854 1.72149 -0.0187738 0.0212252 139.712
297919 13 0.01 0.7 32.9 0.127919 0.448694 2.11712 0.00769635 0.028295 131.4
297956 13 0.01 0.7 32.9 -0.00941899 0.365916 3.50626 0.00171597 0.0380002 150.983
298131 13 0.01 0.7 32.9 -0.373726 0.406285 4.03251 -0.0454728 0.0508665 154.399
298245 13 0.01 0.7 32.9 -0.456279 0.208335 2.92483 -0.0391446 0.0168176 150.324
298395 13 0.01 0.7 32.9 0.468135 0.0948511 2.11106 0.0311106 0.00689758 142.037
299124 13 0.01 0.7 32.9 0.229559 0.0109454 6.96904 0.0470718 0.00122632 132.993
300060 13 0.01 0.7 32.9 0.497604 -0.278175 15.5149 0.234136 -0.132302 129.713
302436 13 0.01 0.7 32.9 0.336732 0.476843 4.62662 0.0486384 0.0666261 152.733
304503 13 0.01 0.7 32.9 -0.379667 -0.0688659 3.62767 -0.0410811 -0.00600464 150
304555 13 0.01 0.7 32.9 -0.183064 0.414374 2.19328 -0.0136336 0.0248152 150.051
304830 13 0.01 0.7 32.9 0.440853 -0.170409 7.49772 0.100622 -0.0392964 140.133
306149 13 0.01 0.7 32.9 0.316058 -0.107535 8.3663 0.0810924 -0.0282037 142.212
306327 13 0.01 0.7 32.9 -0.0362221 0.475756 3.76232 -0.000351054 0.0531792 137.781
306743 13 0.01 0.7 32.9 0.443797 0.206721 3.45335 0.043719 0.0214549 137.17
307331 13 0.01 0.7 32.9 -0.252166 0.0133416 2.89333 -0.0230956 -0.000890682 146.767
309531 13 0.01 0.7 32.9 -0.432063 0.205674 5.24968 -0.068382 0.0348694 134.449
311038 13 0.01 0.7 32.9 0.146472 0.0918432 8.8707 0.0395754 0.0245597 137.442
311785 13 0.01 0.7 32.9 -0.415824 0.284867 5.0264 -0.0666702 0.0423347 136.403
312648 13 0.01 0.7 32.9 0.105632 -0.00443162 5.80303 0.0206939 -0.00137098 142.999
313516 13 0.01 0.7 32.9 0.39174 -0.174233 3.83571 0.0461244 -0.0216925 151.309
313520 13 0.01 0.7 32.9 0.405553 -0.0235934 5.84752 0.0701516 -0.00364407 152.883
313936 13 0.01 0.7 32.9 0.0295184 -0.470181 5.20392 0.00489439 -0.0752079 141.244
314621 13 0.01 0.7 32.9 0.394834 0.151124 3.52199 0.0409794 0.0173513 152.826
315761 13 0.01 0.7 32.9 -0.286372 -0.320278 3.51635 -0.0312932 -0.0334291 147.849
316065 13 0.01 0.7 32.9 -0.425275 0.277226 3.27674 -0.0430045 0.0311972 151.555
316350 13 0.01 0.7 32.9 -0.0104532 -0.010064 10.1996 -0.00295369 -0.00417356 136.921
319310 13 0.01 0.7 32.9 0.0381715 -0.400802 9.29402 0.00848507 -0.113704 131.283
320636 13 0.01 0.7 32.9 0.0780145 -0.247681 4.75223 0.0106507 -0.0335742 144.719
322797 13 0.01 0.7 32.9 -0.375798 0.318414 4.52726 -0.0513021 0.0443339 150.324
323034 13 0.01 0.7 32.9 -0.397445 0.0847977 3.62842 -0.0438007 0.0107087 146.514
325040 13 0.01 0.7 32.9 -0.45573 0.139729 2.21262 -0.0277587 0.00723071 146.548
325173 13 0.01 0.7 32.9 -0.0770438 0.0488414 2.30721 -0.00607657 0.00372511 147.205
325178 13 0.01 0.7 32.9 0.0984943 0.317868 5.7455 0.0148378 0.0549129 148.013
326300 13 0.01 0.7 32.9 0.0699735 0.0827754 8.25367 0.0165927 0.0191528 132.98
327219 13 0.01 0.7 32.9 0.417355 0.411446 5.19411 0.0660067 0.0634671 152.386
329154 13 0.01 0.7 32.9 -0.366645 0.106861 5.0809 -0.0581993 0.0169122 142.873
329784 13 0.01 0.7 32.9 0.02898 0.490433 5.01982 0.00406378 0.075292 154.405
332638 13 0.01 0.7 32.9 0.125066 -0.100515 5.50386 0.0216446 -0.0190361 133.114
334622 13 0.01 0.7 32.9 0.125119 0.00896553 5.96677 0.0214734 0.00296418 130.747
335088 13 0.01 0.7 32.9 0.257232 -0.132476 4.06269 0.0312149 -0.0206719 148.243
338296 13 0.01 0.7 32.9 0.417223 0.00978802 5.53491 0.0688596 0.00095001 146.573
340007 13 0.01 0.7 32.9 0.0145386 -0.0358489 6.49163 0.00251802 -0.00649063 147.038
340681 13 0.01 0.7 32.9 -0.225735 -0.497317 5.93391 -0.0400596 -0.0888888 144.713
342718 13 0.01 0.7 32.9 0.26086 0.459833 5.7653 0.0460384 0.0809801 141.377
343734 13 0.01 0.7 32.9 0.466686 -0.167553 7.56696 0.104879 -0.0385137 130.73
344526 13 0.01 0.7 32.9 0.345683 0.0460306 1.37641 0.0132551 0.00135406 136.037
345580 13 0.01 0.7 32.9 0.426325 -0.152954 2.77269 0.0370291 -0.0132379 138.854
347583 13 0.01 0.7 32.9 0.234367 -0.46345 4.85853 0.0353798 -0.0701249 150.507
347642 13 0.01 0.7 32.9 -0.237304 -0.0231698 3.51782 -0.0240158 -0.00106501 153.257
347690 13 0.01 0.7 32.9 0.0643605 -0.445274 3.46464 0.00641604 -0.046786 138.786
348378 13 0.01 0.7 32.9 -0.0796411 0.0216724 4.52856 -0.00950812 0.0058273 133.768
350152 13 0.01 0.7 32.9 0.186093 0.418246 8.81694 0.0508806 0.112148 130.51
350157 13 0.01 0.7 32.9 0.370135 0.305809 7.12651 0.0807116 0.0683981 143.629
351892 13 0.01 0.7 32.9 -0.416515 -0.437297 2.9462 -0.0358786 -0.0393776 146.482
352509 13 0.01 0.7 32.9 -0.245503 -0.381996 6.21225 -0.0440669 -0.0712483 146.67
355482 13 0.01 0.7 32.9 0.49143 0.33522 4.39559 0.0658472 0.0463619 155.125
357010 13 0.01 0.7 32.9 0.266461 -0.343105 4.3585 0.0338509 -0.0440381 146.51
358637 13 0.01 0.7 32.9 0.400673 0.451239 2.52141 0.0308706 0.0348403 143.391
359331 13 0.01 0.7 32.9 -0.0846349 0.110645 5.70575 -0.0130798 0.0195792 148.233
359678 13 0.01 0.7 32.9 0.189857 -0.231907 5.91814 0.0331027 -0.0392748 151.34
360264 13 0.01 0.7 32.9 0.0950495 -0.464804 6.57339 0.0202559 -0.0944925 141.497
361359 13 0.01 0.7 32.9 0.138209 -0.136635 5.50239 0.0226917 -0.0217174 146.931
361578 13 0.01 0.7 32.9 -0.465466 0.473707 8.44344 -0.117995 0.12097 137.331
362383 13 0.01 0.7 32.9 0.111042 -0.336135 7.36043 0.0247648 -0.0732396 139.128
364603 13 0.01 0.7 32.9 0.424682 -0.158879 5.9098 0.0773813 -0.0272918 147.451
366531 13 0.01 0.7 32.9 -0.0848874 -0.158767 5.2111 -0.0112696 -0.0254859 150.968
366681 13 0.01 0.7 32.9 -0.404931 0.468096 5.41596 -0.0678965 0.0744041 147.193
367992 13 0.01 0.7 32.9 0.142005 -0.0455048 5.19958 0.0222352 -0.0081532 152.892
369032 13 0.01 0.7 32.9 -0.254552 -0.106993 4.70767 -0.038269 -0.0168162 134.902
369504 13 0.01 0.7 32.9 0.00204563 -0.484201 8.00254 0.000911226 -0.116963 133.3
370419 13 0.01 0.7 32.9 0.339634 0.0652027 1.02689 0.012055 0.00215248 140.034
370628 13 0.01 0.7 32.9 0.19129 -0.0139944 13.7939 0.0804643 -0.00375612 130.474
371862 13 0.01 0.7 32.9 -0.030527 0.154176 8.43579 -0.00641785 0.0385282 142.632
373564 13 0.01 0.7 32.9 -0.42911 0.428078 5.13447 -0.0673783 0.0658798 139.373
374356 13 0.01 0.7 32.9 0.185297 0.407746 4.62484 0.0279433 0.0600908 147.933
375112 13 0.01 0.7 32.9 -0.0834909 0.359137 5.2514 -0.0128035 0.0601278 133.988
375530 13 0.01 0.7 32.9 0.0077504 0.0183715 5.40482 0.00117471 0.00276971 144.07
375603 13 0.01 0.7 32.9 0.0289327 0.117981 1.86092 0.0019047 0.00580967 140.239
375734 13 0.01 0.7 32.9 -0.366487 -0.252876 6.01185 -0.0673072 -0.0468567 142.504
376530 13 0.01 0.7 32.9 0.454771 0.109493 4.3292 0.0600268 0.013167 139.397
376805 13 0.01 0.7 32.9 -0.0982699 -0.130204 3.84898 -0.0109817 -0.0156672 153.13
376887 13 0.01 0.7 32.9 -0.0698056 0.174909 10.1796 -0.0208555 0.0559198 135.421
377882 13 0.01 0.7 32.9 0.12444 0.0494022 4.93204 0.0191146 0.00783571 145.633
378033 13 0.01 0.7 32.9 -0.336298 -0.422431 3.34851 -0.0351101 -0.0412312 146.633
378489 13 0.01 0.7 32.9 0.0724022 0.078486 8.09038 0.0182056 0.0191245 135.157
378952 13 0.01 0.7 32.9 0.263644 -0.3975 3.63345 0.0321153 -0.0436008 150.241
379045 13 0.01 0.7 32.9 0.422099 0.410608 4.50294 0.0582543 0.0553272 131.704
379465 13 0.01 0.7 32.9 -0.0421798 -0.432575 4.91032 -0.00637607 -0.0623 131.289
379736 13 0.01 0.7 32.9 0.0167298 -0.102636 3.26045 0.00221769 -0.0107876 149.643
380241 13 0.01 0.7 32.9 -0.248904 -0.293452 2.37815 -0.0183711 -0.0209021 146.135
380276 13 0.01 0.7 32.9 -0.296536 0.400648 7.96938 -0.0724862 0.0988498 129.988
380418 13 0.01 0.7 32.9 0.255784 -0.198519 4.65185 0.0358033 -0.0278913 137.425
381204 13 0.01 0.7 32.9 -0.139234 -0.387027 7.77091 -0.0329562 -0.0914423 132.354
381288 13 0.01 0.7 32.9 -0.200789 0.0665332 4.60811 -0.0306803 0.0105576 142.299
381320 13 0.01 0.7 32.9 -0.177006 -0.395759 2.82729 -0.0152998 -0.0320905 144.256
386587 13 0.01 0.7 32.9 0.306351 0.246517 9.68415 0.0934206 0.0738205 134.53
387034 13 0.01 0.7 32.9 0.454518 -0.277102 3.41786 0.0471793 -0.0287502 148.869
389546 13 0.01 0.7 32.9 -0.188212 -0.492919 2.83417 -0.0161166 -0.0426992 143.255
390265 13 0.01 0.7 32.9 0.0732768 -0.0777442 3.28516 0.00605885 -0.00691646 140.938
392553 13 0.01 0.7 32.9 -0.103409 0.211522 12.0554 -0.0379986 0.079999 132.195
396982 13 0.01 0.7 32.9 0.490457 0.474109 1.56937 0.0275866 0.0256751 138.42
398138 13 0.01 0.7 32.9 -0.37595 0.212468 5.6286 -0.0620324 0.0347198 143.091
398337 13 0.01 0.7 32.9 0.355794 0.356518 5.49227 0.0607111 0.0619346 140.33
398615 13 0.01 0.7 32.9 0.305753 -0.409124 7.03086 0.064596 -0.0887909 141.901
399101 13 0.01 0.7 32.9 0.261974 0.0908802 6.05739 0.0464713 0.0164657 150.626
399308 13 0.01 0.7 32.9 0.37762 0.140597 5.15632 0.0622638 0.0248818 136.125
399510 13 0.01 0.7 32.9 0.0617205 -0.219395 5.55366 0.00911741 -0.0361612 132.841
399514 13 0.01 0.7 32.9 0.381192 0.334848 5.97602 0.0695413 0.0599647 142.674
400323 13 0.01 0.7 32.9 -0.0443812 0.0811693 8.72669 -0.0130022 0.0230762 139.481
401188 13 0.01 0.7 32.9 0.0413322 0.0608362 1.97638 0.00354604 0.00189368 147.868
401757 13 0.01 0.7 32.9 -0.0472877 0.327915 5.71183 -0.00701596 0.059095 149.437
402863 13 0.01 0.7 32.9 0.450087 -0.372468 4.84234 0.0651912 -0.054956 139.744
405844 13 0.01 0.7 32.9 0.132356 -0.363186 5.32891 0.0203688 -0.0572399 146.615
407211 13 0.01 0.7 32.9 -0.152051 0.0104784 6.67077 -0.0281017 0.00323703 139.63
409019 13 0.01 0.7 32.9 -0.315977 -0.36954 5.89674 -0.0574292 -0.0654584 152.583
409831 13 0.01 0.7 32.9 -0.000227469 0.45646 4.92969 0.00138972 0.0686929 141.467
409942 13 0.01 0.7 32.9 0.185583 -0.413821 6.46653 0.0366475 -0.081203 144.442
410776 13 0.01 0.7 32.9 0.47645 -0.388596 3.87052 0.0568246 -0.0462066 153.435
411470 13 0.01 0.7 32.9 -0.300658 -0.309118 6.25738 -0.0585233 -0.0595813 144.892
412431 13 0.01 0.7 32.9 -0.388306 -0.181728 4.7706 -0.0570071 -0.0269817 146.126
412626 13 0.01 0.7 32.9 0.491844 -0.0558082 4.90294 0.0732409 -0.0079658 142.579
414556 13 0.01 0.7 32.9 -0.206515 -0.281818 8.6487 -0.0538239 -0.0755237 137.424
414870 13 0.01 0.7 32.9 0.0844233 0.312629 4.05138 0.0105826 0.0399064 141.97
414904 13 0.01 0.7 32.9 0.254465 -0.402965 2.82495 0.0211483 -0.0329322 137.034
415362 13 0.01 0.7 32.9 0.473766 0.44855 2.89694 0.0422222 0.0387409 144.072
416384 13 0.01 0.7 32.9 0.318065 0.277196 2.82112 0.0268856 0.0238029 145.305
416775 13 0.01 0.7 32.9 -0.381944 -0.361562 4.53008 -0.050879 -0.0484017 143.779
417204 13 0.01 0.7 32.9 0.488759 -0.474176 7.29031 0.108553 -0.101572 134.654
417865 13 0.01 0.7 32.9 -0.102274 -0.483979 3.8941 -0.0106006 -0.0540513 145.436
417908 13 0.01 0.7 32.9 -0.148066 0.303568 3.63557 -0.0156238 0.0348046 153.169
419281 13 0.01 0.7 32.9 0.110812 0.322222 4.5237 0.0172396 0.0397468 149.986
419579 13 0.01 0.7 32.9 -0.352662 -0.386102 18.7784 -0.202345 -0.220596 125.994
419802 13 0.01 0.7 32.9 0.422538 0.474324 3.77312 0.0485548 0.053232 145.807
420248 13 0.01 0.7 32.9 0.11074 0.273574 7.57459 0.025401 0.0671971 140.086
420395 13 0.01 0.7 32.9 -0.24986 0.253622 3.08603 -0.0221996 0.0233667 149.823
423247 13 0.01 0.7 32.9 0.410374 -0.203929 6.59585 0.0819161 -0.0403157 137.651
423257 13 0.01 0.7 32.9 -0.222734 0.0512147 3.4845 -0.0249702 0.00752412 140.164
423860 13 0.01 0.7 32.9 -0.206323 -0.41505 4.50361 -0.02728 -0.058753 151.425
424034 13 0.01 0.7 32.9 -0.016621 -0.485407 4.11716 -0.00122543 -0.0611078 145.275
424048 13 0.01 0.7 32.9 -0.349852 -0.360901 5.08717 -0.0558533 -0.0565363 153.417
424050 13 0.01 0.7 32.9 0.436965 0.271455 6.99301 0.0901614 0.0581754 144.448
424401 13 0.01 0.7 32.9 0.242699 0.00911774 7.02683 0.050868 0.000953569 137.25
424958 13 0.01 0.7 32.9 -0.367662 0.371662 6.47932 -0.0722104 0.0709734 149.81
425807 13 0.01 0.7 32.9 0.125782 -0.430078 5.16517 0.0202586 -0.0695792 151.549
426236 13 0.01 0.7 32.9 0.343725 0.0575365 4.18372 0.0447101 0.00812419 149.797
427051 13 0.01 0.7 32.9 0.0939514 0.379109 2.98365 0.00831846 0.0323508 149.163
427547 13 0.01 0.7 32.9 -0.0725881 0.135219 1.5667 -0.00137246 0.00891106 138.634
428550 13 0.01 0.7 32.9 0.0890678 0.39974 1.30626 0.00165902 0.0148513 146.601
429089 13 0.01 0.7 32.9 0.378756 -0.430128 9.48775 0.11061 -0.122735 137.06
431336 13 0.01 0.7 32.9 -0.315148 0.059304 3.37471 -0.0325116 0.00517105 146.385
431841 13 0.01 0.7 32.9 -0.187537 0.435237 6.1403 -0.0343188 0.079364 149.722
431894 13 0.01 0.7 32.9 -0.464567 -0.0877912 3.18715 -0.0459003 -0.00863376 137.547
431996 13 0.01 0.7 32.9 0.335618 0.391076 4.95283 0.0478386 0.057347 145.742
432201 13 0.01 0.7 32.9 0.346142 -0.238152 3.22629 0.0327383 -0.0262015 149.009
433142 13 0.01 0.7 32.9 0.116244 -0.194294 7.37253 0.0252207 -0.0453391 142.85
434374 13 0.01 0.7 32.9 0.410322 0.330047 2.33567 0.0299591 0.0220914 125.881
434710 13 0.01 0.7 32.9 0.460567 0.255618 3.79384 0.054551 0.028108 152.561
435774 13 0.01 0.7 32.9 0.375567 -0.498982 3.12056 0.0345063 -0.0468455 140.272
435803 13 0.01 0.7 32.9 0.439053 0.409631 9.34758 0.122189 0.116299 133.279
436363 13 0.01 0.7 32.9 0.0412425 -0.288142 8.54001 0.0107947 -0.0780216 138.384
436613 13 0.01 0.7 32.9 -0.43457 -0.135887 5.60158 -0.0736473 -0.0238757 149.904
438523 13 0.01 0.7 32.9 -0.210797 -0.223996 4.86592 -0.0301109 -0.0339116 137.802
440833 13 0.01 0.7 32.9 0.0869686 0.031093 9.66362 0.0265842 0.00781655 136.855
440879 13 0.01 0.7 32.9 0.346631 0.047314 5.70632 0.0596469 0.00958607 152.995
440922 13 0.01 0.7 32.9 0.445751 0.237192 2.2407 0.0297004 0.0152874 137.222
441514 13 0.01 0.7 32.9 -0.165785 0.0682408 7.21466 -0.0349031 0.0145509 135.375
443421 13 0.01 0.7 32.9 -0.0763405 -0.438828 11.0174 -0.0250699 -0.145973 134.026
443586 13 0.01 0.7 32.9 0.460788 -0.393855 4.77594 0.0690551 -0.0593093 150.347
443785 13 0.01 0.7 32.9 -0.0370777 0.0126498 8.67305 -0.00973448 0.00422249 137.421
444677 13 0.01 0.7 32.9 -0.170284 0.179669 7.73375 -0.0394581 0.0427497 130.982
445262 13 0.01 0.7 32.9 -0.0446364 -0.432652 7.59096 -0.00883911 -0.0996934 144.797
445499 13 0.01 0.7 32.9 0.0967621 0.471336 8.10331 0.0236169 0.115861 141.987
445719 13 0.01 0.7 32.9 -0.481914 -0.386981 2.60619 -0.0400198 -0.0327787 133.389
446496 13 0.01 0.7 32.9 -0.0427797 0.47069 5.47007 -0.00857316 0.0766771 153.038
447122 13 0.01 0.7 32.9 -0.10238 -0.448777 5.18066 -0.0177752 -0.0717906 139.261
447619 13 0.01 0.7 32.9 0.225156 -0.283797 2.97753 0.0188632 -0.0260152 147.307
449305 13 0.01 0.7 32.9 -0.0707343 0.0110836 6.53046 -0.0136549 0.00098991 138.404
453654 13 0.01 0.7 32.9 -0.00539599 -0.146373 2.91022 -0.000495334 -0.012619 146.002
453809 13 0.01 0.7 32.9 -0.345377 0.0953804 11.2465 -0.117322 0.03161 135.154
453893 13 0.01 0.7 32.9 -0.218343 0.199004 8.76481 -0.0559714 0.0533793 133.296
453920 13 0.01 0.7 32.9 0.28519 0.450317 14.2975 0.124872 0.197151 126.669
454096 13 0.01 0.7 32.9 0.105317 0.348012 16.6137 0.052504 0.176408 128.486
454861 13 0.01 0.7 32.9 -0.011593 0.0632296 1.48793 0.00131858 0.00459553 144.546
455451 13 0.01 0.7 32.9 -0.449615 -0.424864 2.31019 -0.0303661 -0.0312506 146.455
456266 13 0.01 0.7 32.9 0.182872 -0.331345 10.2585 0.0569206 -0.105084 133.161
456593 13 0.01 0.7 32.9 -0.471055 -0.346607 10.7529 -0.151722 -0.112459 136.514
456596 13 0.01 0.7 32.9 0.247869 -0.362044 4.80455 0.03437 -0.0564013 153.141
457907 13 0.01 0.7 32.9 0.333208 0.215521 5.48991 0.0552386 0.034329 134.143
458371 13 0.01 0.7 32.9 -0.111103 0.461263 7.32199 -0.0245556 0.104664 132.872
459909 13 0.01 0.7 32.9 0.48506 0.138032 3.39871 0.049435 0.0156289 150.39
460092 13 0.01 0.7 32.9 0.0169933 0.266111 15.001 0.00807921 0.122021 127.392
460808 13 0.01 0.7 32.9 -0.237077 -0.290318 4.15279 -0.0279921 -0.0358807 147.685
461263 13 0.01 0.7 32.9 0.0539819 0.481593 1.94441 0.00425397 0.0300793 134.804
462257 13 0.01 0.7 32.9 0.216862 -0.226172 2.82175 0.017799 -0.0189135 149.802
462463 13 0.01 0.7 32.9 0.256681 0.0460488 6.2998 0.0504888 0.00786298 139.414
465942 13 0.01 0.7 32.9 0.0871026 -0.0134972 2.1179 0.00508367 0.00138768 150.222
466078 13 0.01 0.7 32.9 -0.094754 -0.433013 5.41841 -0.0170098 -0.0706266 152.918
466386 13 0.01 0.7 32.9 -0.0250499 0.41237 19.6661 -0.0148988 0.245649 126.365
467182 13 0.01 0.7 32.9 0.00654397 0.0726026 7.02268 0.0014974 0.0170671 145.136
467713 13 0.01 0.7 32.9 0.253714 -0.199485 2.04405 0.0171798 -0.0118945 146.569
468750 13 0.01 0.7 32.9 -0.131375 0.253844 6.06317 -0.0255535 0.0491587 150.408
471460 13 0.01 0.7 32.9 0.0305439 -0.219827 12.5674 0.0106903 -0.0833892 128.757
473302 13 0.01 0.7 32.9 -0.175633 -0.0786381 5.61436 -0.0292101 -0.0131902 140.832
473347 13 0.01 0.7 32.9 -0.405453 0.473199 9.49596 -0.116645 0.137205 132.778
477462 13 0.01 0.7 32.9 -0.246497 0.293798 4.37017 -0.0327393 0.0379197 148.945
477869 13 0.01 0.7 32.9 -0.417977 -0.0458051 1.48202 -0.0144902 -0.00220798 142.801
479880 13 0.01 0.7 32.9 -0.394721 0.328838 7.9459 -0.0976408 0.0786125 136.45
480296 13 0.01 0.7 32.9 0.265543 -0.399344 3.50838 0.0289008 -0.0416719 151.217
480435 13 0.01 0.7 32.9 -0.378805 -0.287657 4.38117 -0.0496622 -0.0389216 134.515
481330 13 0.01 0.7 32.9 0.375913 -0.332032 9.15203 0.106599 -0.0919377 133.781
481554 13 0.01 0.7 32.9 -0.0332646 0.49149 6.37923 -0.00640433 0.0953663 145.225
481818 13 0.01 0.7 32.9 -0.42912 -0.456052 4.65899 -0.0622697 -0.0647013 148.208
481902 13 0.01 0.7 32.9 0.179177 -0.327846 4.76821 0.0261456 -0.0467348 147.03
482532 13 0.01 0.7 32.9 0.0633553 0.0442456 4.10072 0.00955238 0.00429914 152.468
482632 13 0.01 0.7 32.9 0.43596 -0.475633 4.51409 0.0589048 -0.0675213 134.405
483147 13 0.01 0.7 32.9 0.0796343 -0.298317 7.16652 0.0153003 -0.0648029 129.795
483208 13 0.01 0.7 32.9 -0.324254 -0.401252 5.91892 -0.056695 -0.0745383 140.307
484951 13 0.01 0.7 32.9 0.422964 0.0335097 2.50018 0.0312263 0.00243508 145.478
487625 13 0.01 0.7 32.9 0.0335648 -0.1401 6.63338 0.00752765 -0.0271467 148.783
488018 13 0.01 0.7 32.9 0.0900351 -0.35825 3.79418 0.0105809 -0.042069 151.911
489272 13 0.01 0.7 32.9 -0.450957 -0.251463 5.57583 -0.0782411 -0.0408168 146.329
490250 13 0.01 0.7 32.9 -0.481761 0.444684 7.42161 -0.106843 0.0978634 144.792
491817 13 0.01 0.7 32.9 -0.461756 0.126419 6.12015 -0.0856984 0.0241709 146.765
492106 13 0.01 0.7 32.9 0.200853 0.419485 2.42695 0.0152198 0.0298823 140.317
492358 13 0.01 0.7 32.9 -0.0282156 -0.120829 2.31961 -0.00137948 -0.00820632 144.473
493215 13 0.01 0.7 32.9 0.33357 0.00390081 15.9199 0.161448 0.00271519 129.018
493842 13 0.01 0.7 32.9 -0.480085 -0.472112 14.1566 -0.20496 -0.205211 131.013
494405 13 0.01 0.7 32.9 -0.309741 -0.400626 4.63527 -0.0421084 -0.056931 146.285
495716 13 0.01 0.7 32.9 -0.0542416 -0.324881 10.7092 -0.0163379 -0.105897 131.387
496338 13 0.01 0.7 32.9 0.00455086 -0.496943 4.46996 0.00262798 -0.0681814 154.639
497081 13 0.01 0.7 32.9 -0.126471 -0.00478644 2.1436 -0.00748447 -0.000189847 144.09
497424 13 0.01 0.7 32.9 -0.287157 0.0565514 7.99801 -0.0694824 0.0126632 141.105
497837 13 0.01 0.7 32.9 -0.327623 0.352139 4.65407 -0.0458148 0.0488202 131.556
497928 13 0.01 0.7 32.9 0.262304 0.463902 4.95618 0.0385965 0.0674989 153.625
498978 13 0.01 0.7 32.9 0.224853 0.133215 19.0095 0.128131 0.0737847 127.304
499008 13 0.01 0.7 32.9 0.056053 -0.344201 4.42065 0.00916745 -0.0472651 154.535
499356 13 0.01 0.7 32.9 -0.116087 -0.00373848 3.22932 -0.0105814 0.000111182 139.542
499401 13 0.01 0.7 32.9 -0.283025 -0.317953 9.12253 -0.0787261 -0.0887017 138.226
