1946 13 0.01 0.7 32.9 0.0843064 -0.244859 27.964 0.0713669 -0.206566 124.306
3597 13 0.01 0.7 32.9 0.369811 -0.149239 13.8002 0.154144 -0.0619756 124.306
4084 13 0.01 0.7 32.9 -0.158032 0.458489 7.50834 -0.0347028 0.104116 124.306
4321 13 0.01 0.7 32.9 0.293148 0.454136 5.82402 0.0506219 0.081521 124.306
4711 13 0.01 0.7 32.9 -0.313671 -0.21486 7.71052 -0.073436 -0.049755 124.306
9180 13 0.01 0.7 32.9 0.496057 0.0991227 9.40073 0.142589 0.0272303 124.306
9520 13 0.01 0.7 32.9 0.343928 0.0788123 5.14123 0.0537554 0.0121129 124.306
10957 13 0.01 0.7 32.9 -0.247049 0.424001 8.61909 -0.0635433 0.111434 124.306
11005 13 0.01 0.7 32.9 -0.402558 -0.43525 2.00763 -0.0248914 -0.0257839 124.306
12609 13 0.01 0.7 32.9 0.415263 0.35925 5.85181 0.0740785 0.0664793 124.306
14461 13 0.01 0.7 32.9 -0.206312 -0.0540929 5.90348 -0.0381562 -0.00868227 124.306
16889 13 0.01 0.7 32.9 -0.417219 0.295499 1.10748 -0.0167314 0.0112707 124.306
18637 13 0.01 0.7 32.9 0.379892 -0.375898 4.30242 0.0490044 -0.0466904 124.306
19867 13 0.01 0.7 32.9 -0.320405 0.1758 4.5684 -0.0449294 0.0236595 124.306
24399 13 0.01 0.7 32.9 0.0758995 0.49425 1.9026 0.00307466 0.0275777 124.306
24520 13 0.01 0.7 32.9 0.198865 -0.391536 4.58316 0.0278104 -0.052535 124.306
25982 13 0.01 0.7 32.9 -0.0295476 -0.155696 2.00798 -0.00328627 -0.00928655 124.306
27553 13 0.01 0.7 32.9 0.337931 0.253025 1.85922 0.0200981 0.0139526 124.306
28039 13 0.01 0.7 32.9 0.0202671 0.0228197 3.41247 0.00339026 0.00578993 124.306
32480 13 0.01 0.7 32.9 0.123726 0.181386 6.93622 0.0240292 0.0381077 124.306
33768 13 0.01 0.7 32.9 0.389153 0.413356 6.31329 0.0728573 0.0787389 124.306
34672 13 0.01 0.7 32.9 -0.0731108 -0.099773 10.4823 -0.0249453 -0.0308838 124.306
37425 13 0.01 0.7 32.9 -0.0283055 0.353146 6.92423 -0.00603758 0.0744575 124.306
51038 13 0.01 0.7 32.9 0.205117 0.399886 4.66593 0.0276564 0.0577592 124.306
52261 13 0.01 0.7 32.9 0.195048 -0.165972 7.5428 0.044183 -0.0373367 124.306
52445 13 0.01 0.7 32.9 -0.407776 0.0237435 6.02238 -0.0727207 0.00259796 124.306
56372 13 0.01 0.7 32.9 0.41951 -0.463248 2.87714 0.0356281 -0.0409709 124.306
59959 13 0.01 0.7 32.9 0.148362 -0.31304 4.83478 0.0204572 -0.0457366 124.306
63469 13 0.01 0.7 32.9 -0.479677 0.00318691 3.87865 -0.0576559 0.0024239 124.306
63686 13 0.01 0.7 32.9 -0.175852 0.328291 12.6567 -0.0676334 0.129145 124.306
65124 13 0.01 0.7 32.9 -0.407027 -0.206264 0.210842 -0.00395225 0.000132357 124.306
66035 13 0.01 0.7 32.9 0.0279462 -0.384058 5.88308 0.00384066 -0.0694118 124.306
66891 13 0.01 0.7 32.9 0.125985 0.294654 7.72425 0.0277664 0.0699382 124.306
68950 13 0.01 0.7 32.9 0.296081 -0.20148 4.04355 0.0348407 -0.0249085 124.306
69443 13 0.01 0.7 32.9 -0.25851 0.49895 4.34155 -0.0347905 0.0657022 124.306
75096 13 0.01 0.7 32.9 -0.317694 -0.159162 2.77097 -0.0279882 -0.0124269 124.306
77051 13 0.01 0.7 32.9 0.357416 0.247368 4.0269 0.0454678 0.0280011 124.306
80672 13 0.01 0.7 32.9 0.205442 0.326112 7.78472 0.0485957 0.0782142 124.306
82698 13 0.01 0.7 32.9 -0.208496 0.46109 8.25857 -0.0535821 0.116449 124.306
88579 13 0.01 0.7 32.9 0.256094 0.0586256 4.76049 0.0381684 0.00762167 124.306
94436 13 0.01 0.7 32.9 -0.0291914 0.278776 8.59293 -0.00816588 0.0738761 124.306
95328 13 0.01 0.7 32.9 -0.148958 -0.41808 3.04779 -0.0130909 -0.0382119 124.306
95700 13 0.01 0.7 32.9 0.325751 -0.215024 3.23821 0.0335337 -0.0211862 124.306
96190 13 0.01 0.7 32.9 0.0579081 0.0178872 3.9329 0.0057637 0.00127652 124.306
96192 13 0.01 0.7 32.9 -0.357275 -0.367342 3.29081 -0.0377688 -0.0364724 124.306
96327 13 0.01 0.7 32.9 -0.357712 0.272399 3.11147 -0.0347415 0.0264169 124.306
100094 13 0.01 0.7 32.9 0.0494076 -0.358638 3.63938 0.00733325 -0.0395277 124.306
100469 13 0.01 0.7 32.9 -0.224617 0.0324862 9.31535 -0.0635526 0.00759496 124.306
100931 13 0.01 0.7 32.9 -0.313428 0.169448 4.7552 -0.0457983 0.0254254 124.306
107943 13 0.01 0.7 32.9 -0.461783 0.285178 3.21399 -0.0417333 0.028657 124.306
109169 13 0.01 0.7 32.9 -0.0334043 -0.32582 5.1584 -0.00550953 -0.0491927 124.306
109239 13 0.01 0.7 32.9 -0.0617739 -0.179206 3.12539 -0.00828303 -0.0176302 124.306
114320 13 0.01 0.7 32.9 -0.232364 -0.284219 9.31031 -0.0660362 -0.0796971 124.306
114830 13 0.01 0.7 32.9 -0.322584 0.083655 4.18695 -0.0395148 0.010838 124.306
117287 13 0.01 0.7 32.9 -0.10187 0.321537 9.46059 -0.0299107 0.0929257 124.306
122141 13 0.01 0.7 32.9 -0.303549 -0.457268 7.28724 -0.0675351 -0.101365 124.306
123316 13 0.01 0.7 32.9 0.149976 -0.0768542 3.22928 0.014753 -0.0081846 124.306
124224 13 0.01 0.7 32.9 0.394466 -0.323175 10.5862 0.124105 -0.103277 124.306
127485 13 0.01 0.7 32.9 -0.128523 0.19065 11.062 -0.0434089 0.0649141 124.306
131080 13 0.01 0.7 32.9 0.419141 -0.429782 5.65578 0.0729876 -0.0732622 124.306
131969 13 0.01 0.7 32.9 -0.179425 -0.010782 2.9828 -0.0168771 -0.000225133 124.306
132607 13 0.01 0.7 32.9 -0.205861 0.3956 2.22341 -0.0146433 0.0273635 124.306
133499 13 0.01 0.7 32.9 0.0248503 -0.376812 1.96318 0.000933219 -0.0234308 124.306
134258 13 0.01 0.7 32.9 0.215028 -0.264749 6.00698 0.0395483 -0.0466616 124.306
135703 13 0.01 0.7 32.9 0.120694 0.0487029 2.02555 0.0069736 0.00462161 124.306
136194 13 0.01 0.7 32.9 -0.195621 -0.439902 1.50701 -0.0105731 -0.0193438 124.306
136590 13 0.01 0.7 32.9 -0.133205 -0.175892 6.38646 -0.0260264 -0.0330928 124.306
136690 13 0.01 0.7 32.9 0.310279 0.062942 5.85548 0.0561684 0.0116675 124.306
138215 13 0.01 0.7 32.9 0.343549 -0.149803 6.05249 0.0633463 -0.0271705 124.306
140434 13 0.01 0.7 32.9 0.26006 -0.431283 7.70048 0.0592042 -0.100403 124.306
141501 13 0.01 0.7 32.9 -0.111518 -0.309699 2.26929 -0.00779423 -0.0215863 124.306
144572 13 0.01 0.7 32.9 -0.110599 0.010703 11.8453 -0.0406773 0.00584797 124.306
145273 13 0.01 0.7 32.9 -0.254818 0.283143 3.71774 -0.0318225 0.0312696 124.306
148963 13 0.01 0.7 32.9 0.186252 0.226682 9.99112 0.0543628 0.0715815 124.306
149367 13 0.01 0.7 32.9 -0.43278 -0.0964801 5.31144 -0.0685125 -0.0154879 124.306
150419 13 0.01 0.7 32.9 0.0420338 -0.0395684 10.0916 0.0110089 -0.0122531 124.306
157345 13 0.01 0.7 32.9 0.0467842 0.095724 4.28133 0.00548001 0.0116305 124.306
163531 13 0.01 0.7 32.9 -0.205625 0.0811547 5.46151 -0.0343313 0.0136229 124.306
163602 13 0.01 0.7 32.9 -0.0985727 -0.190437 7.85385 -0.0221623 -0.0446689 124.306
171554 13 0.01 0.7 32.9 -0.234203 -0.314 6.05765 -0.0418196 -0.0595621 124.306
171941 13 0.01 0.7 32.9 -0.0470024 -0.223216 4.63074 -0.00723927 -0.0303707 124.306
172402 13 0.01 0.7 32.9 -0.293421 0.490872 7.00013 -0.061477 0.103525 124.306
180669 13 0.01 0.7 32.9 0.334667 0.0459452 5.92288 0.0603636 0.00896007 124.306
182110 13 0.01 0.7 32.9 0.129087 0.40124 4.28435 0.0166248 0.0521748 124.306
184706 13 0.01 0.7 32.9 -0.319766 0.000833314 2.12617 -0.021187 0.00164595 124.306
185967 13 0.01 0.7 32.9 -0.462922 0.498829 5.13421 -0.0732434 0.0796588 124.306
190442 13 0.01 0.7 32.9 0.00985376 -0.309901 1.80918 0.00269507 -0.0171039 124.306
190517 13 0.01 0.7 32.9 0.200334 0.186759 7.91346 0.0481401 0.0479095 124.306
190762 13 0.01 0.7 32.9 -0.315612 -0.34375 5.09946 -0.0478267 -0.0517733 124.306
191345 13 0.01 0.7 32.9 -0.0029145 -0.370297 3.16931 0.00129286 -0.0354579 124.306
195344 13 0.01 0.7 32.9 -0.348599 -0.315979 1.46308 -0.0154433 -0.0126666 124.306
196351 13 0.01 0.7 32.9 -0.483357 -0.392979 12.5523 -0.184224 -0.150699 124.306
197797 13 0.01 0.7 32.9 -0.446671 -0.243191 2.11397 -0.0288261 -0.0162569 124.306
198067 13 0.01 0.7 32.9 -0.251228 -0.139724 5.25276 -0.0405008 -0.0213159 124.306
198574 13 0.01 0.7 32.9 0.0699916 -0.0559064 3.24642 0.00705409 -0.0058429 124.306
200704 13 0.01 0.7 32.9 0.35056 0.0593821 5.57287 0.0600766 0.0101402 124.306
202741 13 0.01 0.7 32.9 0.0410714 -0.0760641 7.3745 0.00937555 -0.015405 124.306
203970 13 0.01 0.7 32.9 -0.184947 0.32054 5.12947 -0.0280915 0.0488067 124.306
204792 13 0.01 0.7 32.9 0.124816 -0.191332 4.4989 0.0163491 -0.0253597 124.306
210631 13 0.01 0.7 32.9 -0.428961 0.290125 6.06366 -0.0790964 0.0541651 124.306
214770 13 0.01 0.7 32.9 -0.451473 0.097285 10.0407 -0.138243 0.0301537 124.306
215900 13 0.01 0.7 32.9 0.294619 -0.282293 7.28798 0.0638164 -0.0599518 124.306
217047 13 0.01 0.7 32.9 0.439217 0.293079 10.2432 0.137151 0.0910593 124.306
218081 13 0.01 0.7 32.9 0.181279 -0.070501 3.51707 0.0205061 -0.00764263 124.306
218888 13 0.01 0.7 32.9 0.453039 0.0720525 6.94341 0.0969032 0.0155014 124.306
221651 13 0.01 0.7 32.9 0.0434655 -0.480634 3.46408 0.00701564 -0.0498831 124.306
226103 13 0.01 0.7 32.9 0.293406 -0.0945084 5.28038 0.0464411 -0.0152692 124.306
226750 13 0.01 0.7 32.9 -0.260093 0.161087 3.32802 -0.0247383 0.0166338 124.306
226909 13 0.01 0.7 32.9 -0.264471 -0.433896 4.34466 -0.0340691 -0.0564098 124.306
228090 13 0.01 0.7 32.9 -0.464753 -0.167603 10.7414 -0.149313 -0.0529746 124.306
228578 13 0.01 0.7 32.9 -0.483703 0.188345 3.68906 -0.0567633 0.0206974 124.306
230162 13 0.01 0.7 32.9 -0.00155208 0.152585 2.06067 0.000590999 0.00783519 124.306
230493 13 0.01 0.7 32.9 -0.414073 -0.127732 2.81095 -0.0350921 -0.0130675 124.306
232545 13 0.01 0.7 32.9 0.143559 0.354339 1.32187 0.00753269 0.0153654 124.306
233874 13 0.01 0.7 32.9 0.123887 -0.238495 5.65301 0.0236262 -0.0416519 124.306
234379 13 0.01 0.7 32.9 0.277508 0.356143 4.42412 0.0351201 0.0485407 124.306
237713 13 0.01 0.7 32.9 -0.431507 -0.417067 2.90747 -0.0382324 -0.0372704 124.306
238495 13 0.01 0.7 32.9 0.338746 -0.0212047 4.09868 0.0443334 -0.00151404 124.306
241750 13 0.01 0.7 32.9 -0.0183773 0.0670142 3.27161 -0.00387394 0.00806759 124.306
244671 13 0.01 0.7 32.9 -0.447543 0.366182 5.6103 -0.0765264 0.0615845 124.306
244901 13 0.01 0.7 32.9 0.199033 0.207907 7.83396 0.0450022 0.050322 124.306
246237 13 0.01 0.7 32.9 -0.102595 -0.334576 3.64625 -0.0110942 -0.0362087 124.306
246270 13 0.01 0.7 32.9 0.0162528 -0.0769746 3.41784 0.00242875 -0.00733016 124.306
247185 13 0.01 0.7 32.9 -0.193671 0.185166 5.05452 -0.031125 0.0294001 124.306
251538 13 0.01 0.7 32.9 -0.190088 0.208379 4.73596 -0.0262226 0.0324983 124.306
252411 13 0.01 0.7 32.9 -0.187977 0.165773 6.01382 -0.034498 0.0288719 124.306
253087 13 0.01 0.7 32.9 0.314777 -0.494433 7.6307 0.0749711 -0.114254 124.306
253879 13 0.01 0.7 32.9 -0.0225626 -0.313049 2.41131 0.000159791 -0.0206793 124.306
260001 13 0.01 0.7 32.9 0.193893 -0.149898 4.5762 0.0268293 -0.0199547 124.306
262159 13 0.01 0.7 32.9 -0.140876 0.272462 3.17488 -0.0145241 0.0290266 124.306
262515 13 0.01 0.7 32.9 0.444822 -0.144248 4.54644 0.0602452 -0.0198712 124.306
263648 13 0.01 0.7 32.9 0.0106797 0.137995 7.02621 0.00444899 0.0313679 124.306
264078 13 0.01 0.7 32.9 -0.379361 -0.125912 8.64102 -0.101441 -0.0344521 124.306
267131 13 0.01 0.7 32.9 0.400135 -0.00186005 3.96844 0.0463004 0.000844318 124.306
269871 13 0.01 0.7 32.9 -0.279182 -0.138137 3.51879 -0.032849 -0.0137416 124.306
273729 13 0.01 0.7 32.9 0.0537012 0.377588 4.57856 0.0059903 0.0530168 124.306
278620 13 0.01 0.7 32.9 0.352025 0.232636 3.68616 0.042159 0.0272578 124.306
280580 13 0.01 0.7 32.9 -0.487974 -0.0821266 3.5644 -0.0529325 -0.00593533 124.306
286299 13 0.01 0.7 32.9 0.263004 -0.165015 5.77912 0.0457703 -0.0265624 124.306
288320 13 0.01 0.7 32.9 0.388584 0.14274 3.11527 0.0348501 0.0155489 124.306
289598 13 0.01 0.7 32.9 -0.434592 0.483044 8.41709 -0.111044 0.124842 124.306
289722 13 0.01 0.7 32.9 -0.336395 0.454497 8.01753 -0.0817454 0.113726 124.306
289923 13 0.01 0.7 32.9 -0.298012 -0.218361 6.9488 -0.0605661 -0.0464985 124.306
296422 13 0.01 0.7 32.9 -0.360739 0.387854 1.72149 -0.0187738 0.0212252 124.306
297919 13 0.01 0.7 32.9 0.127919 0.448694 2.11712 0.00769635 0.028295 124.306
298131 13 0.01 0.7 32.9 -0.373726 0.406285 4.03251 -0.0454728 0.0508665 124.306
298395 13 0.01 0.7 32.9 0.468135 0.0948511 2.11106 0.0311106 0.00689758 124.306
304503 13 0.01 0.7 32.9 -0.379667 -0.0688659 3.62767 -0.0410811 -0.00600464 124.306
304830 13 0.01 0.7 32.9 0.440853 -0.170409 7.49772 0.100622 -0.0392964 124.306
306327 13 0.01 0.7 32.9 -0.0362221 0.475756 3.76232 -0.000351054 0.0531792 124.306
306743 13 0.01 0.7 32.9 0.443797 0.206721 3.45335 0.043719 0.0214549 124.306
309531 13 0.01 0.7 32.9 -0.432063 0.205674 5.24968 -0.068382 0.0348694 124.306
311038 13 0.01 0.7 32.9 0.146472 0.0918432 8.8707 0.0395754 0.0245597 124.306
312648 13 0.01 0.7 32.9 0.105632 -0.00443162 5.80303 0.0206939 -0.00137098 124.306
313516 13 0.01 0.7 32.9 0.39174 -0.174233 3.83571 0.0461244 -0.0216925 124.306
313936 13 0.01 0.7 32.9 0.0295184 -0.470181 5.20392 0.00489439 -0.0752079 124.306
314621 13 0.01 0.7 32.9 0.394834 0.151124 3.52199 0.0409794 0.0173513 124.306
316065 13 0.01 0.7 32.9 -0.425275 0.277226 3.27674 -0.0430045 0.0311972 124.306
319310 13 0.01 0.7 32.9 0.0381715 -0.400802 9.29402 0.00848507 -0.113704 124.306
320636 13 0.01 0.7 32.9 0.0780145 -0.247681 4.75223 0.0106507 -0.0335742 124.306
322797 13 0.01 0.7 32.9 -0.375798 0.318414 4.52726 -0.0513021 0.0443339 124.306
325040 13 0.01 0.7 32.9 -0.45573 0.139729 2.21262 -0.0277587 0.00723071 124.306
329784 13 0.01 0.7 32.9 0.02898 0.490433 5.01982 0.00406378 0.075292 124.306
334622 13 0.01 0.7 32.9 0.125119 0.00896553 5.96677 0.0214734 0.00296418 124.306
340007 13 0.01 0.7 32.9 0.0145386 -0.0358489 6.49163 0.00251802 -0.00649063 124.306
340681 13 0.01 0.7 32.9 -0.225735 -0.497317 5.93391 -0.0400596 -0.0888888 124.306
343734 13 0.01 0.7 32.9 0.466686 -0.167553 7.56696 0.104879 -0.0385137 124.306
347583 13 0.01 0.7 32.9 0.234367 -0.46345 4.85853 0.0353798 -0.0701249 124.306
347642 13 0.01 0.7 32.9 -0.237304 -0.0231698 3.51782 -0.0240158 -0.00106501 124.306
348378 13 0.01 0.7 32.9 -0.0796411 0.0216724 4.52856 -0.00950812 0.0058273 124.306
350152 13 0.01 0.7 32.9 0.186093 0.418246 8.81694 0.0508806 0.112148 124.306
350157 13 0.01 0.7 32.9 0.370135 0.305809 7.12651 0.0807116 0.0683981 124.306
357010 13 0.01 0.7 32.9 0.266461 -0.343105 4.3585 0.0338509 -0.0440381 124.306
359678 13 0.01 0.7 32.9 0.189857 -0.231907 5.91814 0.0331027 -0.0392748 124.306
361359 13 0.01 0.7 32.9 0.138209 -0.136635 5.50239 0.0226917 -0.0217174 124.306
362383 13 0.01 0.7 32.9 0.111042 -0.336135 7.36043 0.0247648 -0.0732396 124.306
364603 13 0.01 0.7 32.9 0.424682 -0.158879 5.9098 0.0773813 -0.0272918 124.306
366531 13 0.01 0.7 32.9 -0.0848874 -0.158767 5.2111 -0.0112696 -0.0254859 124.306
369504 13 0.01 0.7 32.9 0.00204563 -0.484201 8.00254 0.000911226 -0.116963 124.306
371862 13 0.01 0.7 32.9 -0.030527 0.154176 8.43579 -0.00641785 0.0385282 124.306
374356 13 0.01 0.7 32.9 0.185297 0.407746 4.62484 0.0279433 0.0600908 124.306
375112 13 0.01 0.7 32.9 -0.0834909 0.359137 5.2514 -0.0128035 0.0601278 124.306
375603 13 0.01 0.7 32.9 0.0289327 0.117981 1.86092 0.0019047 0.00580967 124.306
376887 13 0.01 0.7 32.9 -0.0698056 0.174909 10.1796 -0.0208555 0.0559198 124.306
377882 13 0.01 0.7 32.9 0.12444 0.0494022 4.93204 0.0191146 0.00783571 124.306
378033 13 0.01 0.7 32.9 -0.336298 -0.422431 3.34851 -0.0351101 -0.0412312 124.306
378952 13 0.01 0.7 32.9 0.263644 -0.3975 3.63345 0.0321153 -0.0436008 124.306
379045 13 0.01 0.7 32.9 0.422099 0.410608 4.50294 0.0582543 0.0553272 124.306
379465 13 0.01 0.7 32.9 -0.0421798 -0.432575 4.91032 -0.00637607 -0.0623 124.306
379736 13 0.01 0.7 32.9 0.0167298 -0.102636 3.26045 0.00221769 -0.0107876 124.306
380276 13 0.01 0.7 32.9 -0.296536 0.400648 7.96938 -0.0724862 0.0988498 124.306
380418 13 0.01 0.7 32.9 0.255784 -0.198519 4.65185 0.0358033 -0.0278913 124.306
381204 13 0.01 0.7 32.9 -0.139234 -0.387027 7.77091 -0.0329562 -0.0914423 124.306
381320 13 0.01 0.7 32.9 -0.177006 -0.395759 2.82729 -0.0152998 -0.0320905 124.306
386587 13 0.01 0.7 32.9 0.306351 0.246517 9.68415 0.0934206 0.0738205 124.306
390265 13 0.01 0.7 32.9 0.0732768 -0.0777442 3.28516 0.00605885 -0.00691646 124.306
392553 13 0.01 0.7 32.9 -0.103409 0.211522 12.0554 -0.0379986 0.079999 124.306
396982 13 0.01 0.7 32.9 0.490457 0.474109 1.56937 0.0275866 0.0256751 124.306
398337 13 0.01 0.7 32.9 0.355794 0.356518 5.49227 0.0607111 0.0619346 124.306
399308 13 0.01 0.7 32.9 0.37762 0.140597 5.15632 0.0622638 0.0248818 124.306
399510 13 0.01 0.7 32.9 0.0617205 -0.219395 5.55366 0.00911741 -0.0361612 124.306
399514 13 0.01 0.7 32.9 0.381192 0.334848 5.97602 0.0695413 0.0599647 124.306
400323 13 0.01 0.7 32.9 -0.0443812 0.0811693 8.72669 -0.0130022 0.0230762 124.306
402863 13 0.01 0.7 32.9 0.450087 -0.372468 4.84234 0.0651912 -0.054956 124.306
405844 13 0.01 0.7 32.9 0.132356 -0.363186 5.32891 0.0203688 -0.0572399 124.306
412626 13 0.01 0.7 32.9 0.491844 -0.0558082 4.90294 0.0732409 -0.0079658 124.306
414904 13 0.01 0.7 32.9 0.254465 -0.402965 2.82495 0.0211483 -0.0329322 124.306
415362 13 0.01 0.7 32.9 0.473766 0.44855 2.89694 0.0422222 0.0387409 124.306
416384 13 0.01 0.7 32.9 0.318065 0.277196 2.82112 0.0268856 0.0238029 124.306
416775 13 0.01 0.7 32.9 -0.381944 -0.361562 4.53008 -0.050879 -0.0484017 124.306
417204 13 0.01 0.7 32.9 0.488759 -0.474176 7.29031 0.108553 -0.101572 124.306
417908 13 0.01 0.7 32.9 -0.148066 0.303568 3.63557 -0.0156238 0.0348046 124.306
420248 13 0.01 0.7 32.9 0.11074 0.273574 7.57459 0.025401 0.0671971 124.306
423247 13 0.01 0.7 32.9 0.410374 -0.203929 6.59585 0.0819161 -0.0403157 124.306
423257 13 0.01 0.7 32.9 -0.222734 0.0512147 3.4845 -0.0249702 0.00752412 124.306
424034 13 0.01 0.7 32.9 -0.016621 -0.485407 4.11716 -0.00122543 -0.0611078 124.306
426236 13 0.01 0.7 32.9 0.343725 0.0575365 4.18372 0.0447101 0.00812419 124.306
429089 13 0.01 0.7 32.9 0.378756 -0.430128 9.48775 0.11061 -0.122735 124.306
431894 13 0.01 0.7 32.9 -0.464567 -0.0877912 3.18715 -0.0459003 -0.00863376 124.306
435774 13 0.01 0.7 32.9 0.375567 -0.498982 3.12056 0.0345063 -0.0468455 124.306
436613 13 0.01 0.7 32.9 -0.43457 -0.135887 5.60158 -0.0736473 -0.0238757 124.306
440879 13 0.01 0.7 32.9 0.346631 0.047314 5.70632 0.0596469 0.00958607 124.306
443421 13 0.01 0.7 32.9 -0.0763405 -0.438828 11.0174 -0.0250699 -0.145973 124.306
443785 13 0.01 0.7 32.9 -0.0370777 0.0126498 8.67305 -0.00973448 0.00422249 124.306
444677 13 0.01 0.7 32.9 -0.170284 0.179669 7.73375 -0.0394581 0.0427497 124.306
447122 13 0.01 0.7 32.9 -0.10238 -0.448777 5.18066 -0.0177752 -0.0717906 124.306
453920 13 0.01 0.7 32.9 0.28519 0.450317 14.2975 0.124872 0.197151 124.306
454096 13 0.01 0.7 32.9 0.105317 0.348012 16.6137 0.052504 0.176408 124.306
454861 13 0.01 0.7 32.9 -0.011593 0.0632296 1.48793 0.00131858 0.00459553 124.306
456593 13 0.01 0.7 32.9 -0.471055 -0.346607 10.7529 -0.151722 -0.112459 124.306
458371 13 0.01 0.7 32.9 -0.111103 0.461263 7.32199 -0.0245556 0.104664 124.306
459909 13 0.01 0.7 32.9 0.48506 0.138032 3.39871 0.049435 0.0156289 124.306
460808 13 0.01 0.7 32.9 -0.237077 -0.290318 4.15279 -0.0279921 -0.0358807 124.306
462463 13 0.01 0.7 32.9 0.256681 0.0460488 6.2998 0.0504888 0.00786298 124.306
465942 13 0.01 0.7 32.9 0.0871026 -0.0134972 2.1179 0.00508367 0.00138768 124.306
466386 13 0.01 0.7 32.9 -0.0250499 0.41237 19.6661 -0.0148988 0.245649 124.306
467182 13 0.01 0.7 32.9 0.00654397 0.0726026 7.02268 0.0014974 0.0170671 124.306
468750 13 0.01 0.7 32.9 -0.131375 0.253844 6.06317 -0.0255535 0.0491587 124.306
471460 13 0.01 0.7 32.9 0.0305439 -0.219827 12.5674 0.0106903 -0.0833892 124.306
473302 13 0.01 0.7 32.9 -0.175633 -0.0786381 5.61436 -0.0292101 -0.0131902 124.306
473347 13 0.01 0.7 32.9 -0.405453 0.473199 9.49596 -0.116645 0.137205 124.306
477462 13 0.01 0.7 32.9 -0.246497 0.293798 4.37017 -0.0327393 0.0379197 124.306
480296 13 0.01 0.7 32.9 0.265543 -0.399344 3.50838 0.0289008 -0.0416719 124.306
480435 13 0.01 0.7 32.9 -0.378805 -0.287657 4.38117 -0.0496622 -0.0389216 124.306
481818 13 0.01 0.7 32.9 -0.42912 -0.456052 4.65899 -0.0622697 -0.0647013 124.306
481902 13 0.01 0.7 32.9 0.179177 -0.327846 4.76821 0.0261456 -0.0467348 124.306
483147 13 0.01 0.7 32.9 0.0796343 -0.298317 7.16652 0.0153003 -0.0648029 124.306
487625 13 0.01 0.7 32.9 0.0335648 -0.1401 6.63338 0.00752765 -0.0271467 124.306
488018 13 0.01 0.7 32.9 0.0900351 -0.35825 3.79418 0.0105809 -0.042069 124.306
489272 13 0.01 0.7 32.9 -0.450957 -0.251463 5.57583 -0.0782411 -0.0408168 124.306
491817 13 0.01 0.7 32.9 -0.461756 0.126419 6.12015 -0.0856984 0.0241709 124.306
492106 13 0.01 0.7 32.9 0.200853 0.419485 2.42695 0.0152198 0.0298823 124.306
492358 13 0.01 0.7 32.9 -0.0282156 -0.120829 2.31961 -0.00137948 -0.00820632 124.306
493215 13 0.01 0.7 32.9 0.33357 0.00390081 15.9199 0.161448 0.00271519 124.306
495716 13 0.01 0.7 32.9 -0.0542416 -0.324881 10.7092 -0.0163379 -0.105897 124.306
496338 13 0.01 0.7 32.9 0.00455086 -0.496943 4.46996 0.00262798 -0.0681814 124.306
497081 13 0.01 0.7 32.9 -0.126471 -0.00478644 2.1436 -0.00748447 -0.000189847 124.306
499356 13 0.01 0.7 32.9 -0.116087 -0.00373848 3.22932 -0.0105814 0.000111182 124.306
