2148 8 0.01 0.3 32.9 -0.249694 0.361803 0.67593 -0.00392631 0.00830742 2207.72
4329 8 0.01 0.3 32.9 -0.360216 0.282202 0.189599 -0.00192594 0.00286394 2207.72
5030 8 0.01 0.3 32.9 -0.0564062 0.322824 0.6615 -0.00214244 0.00543054 2207.72
7316 8 0.01 0.3 32.9 0.0811583 0.255466 1.44951 0.00661202 0.0129981 2207.72
7647 8 0.01 0.3 32.9 -0.199752 -0.4992 0.158376 -0.000620581 -0.00617247 2207.72
12641 8 0.01 0.3 32.9 0.067668 -0.164206 0.525079 -0.000589623 -0.00223116 2207.72
12893 8 0.01 0.3 32.9 0.234318 0.326456 0.285319 0.00172345 0.00318736 2207.72
13020 8 0.01 0.3 32.9 0.0103168 0.150979 0.804555 -0.00123424 0.00681639 2207.72
15191 8 0.01 0.3 32.9 -0.467355 -0.252097 0.889689 -0.0106704 -0.00573729 2207.72
17913 8 0.01 0.3 32.9 0.210023 0.212741 0.976584 0.00642579 0.0071562 2207.72
19466 8 0.01 0.3 32.9 -0.166178 0.0185518 0.090966 -0.00813424 0.00297088 2207.72
20092 8 0.01 0.3 32.9 -0.416206 -0.053676 0.551707 -0.00639516 0.00147509 2207.72
21846 8 0.01 0.3 32.9 0.325833 0.131937 0.588063 0.00697778 0.00450139 2207.72
25269 8 0.01 0.3 32.9 0.0775135 -0.0832322 0.181896 -0.000720077 -0.000858131 2207.72
25737 8 0.01 0.3 32.9 -0.380292 -0.0437184 0.754645 -0.0103346 -0.00282461 2207.72
27199 8 0.01 0.3 32.9 -0.00235875 -0.014885 0.26806 0.000680479 0.00330207 2207.72
32329 8 0.01 0.3 32.9 0.364548 0.370954 0.153128 0.00579677 -0.000954662 2207.72
32683 8 0.01 0.3 32.9 -0.23451 0.24378 0.477999 -0.00447242 0.00328403 2207.72
34718 8 0.01 0.3 32.9 -0.0115409 0.330146 0.359664 -0.000409381 0.00288665 2207.72
35328 8 0.01 0.3 32.9 -0.17612 -0.43405 1.07922 -0.00769062 -0.0130266 2207.72
35976 8 0.01 0.3 32.9 -0.199094 -0.35702 0.941604 -0.00498108 -0.0097031 2207.72
38809 8 0.01 0.3 32.9 -0.448877 0.283058 0.54487 -0.00775802 0.00435925 2207.72
41883 8 0.01 0.3 32.9 0.0220768 -0.473051 0.764079 0.000732726 -0.0120418 2207.72
44864 8 0.01 0.3 32.9 0.10392 -0.0658678 0.242414 0.000495288 0.00011788 2207.72
45804 8 0.01 0.3 32.9 0.0276983 0.146155 0.977386 3.48446e-05 0.00604783 2207.72
46054 8 0.01 0.3 32.9 0.42826 0.0934815 0.44935 0.00715808 0.00292633 2207.72
46156 8 0.01 0.3 32.9 0.306605 -0.201605 0.383227 0.00486596 -0.00400912 2207.72
53340 8 0.01 0.3 32.9 -0.248352 0.107599 1.93161 -0.0155492 0.00721644 2207.72
53387 8 0.01 0.3 32.9 -0.394169 -0.36874 0.30938 -0.00385834 -0.00349091 2207.72
54734 8 0.01 0.3 32.9 -0.0944294 -0.492261 0.553187 -0.0031297 -0.0108329 2207.72
55965 8 0.01 0.3 32.9 -0.382968 0.460328 0.526787 -0.00567806 0.00697205 2207.72
59763 8 0.01 0.3 32.9 -0.453164 -0.220196 0.411411 -0.00443275 -0.00112599 2207.72
60847 8 0.01 0.3 32.9 -0.446876 0.321439 0.980344 -0.0122324 0.00972032 2207.72
61135 8 0.01 0.3 32.9 -0.109061 -0.421341 0.601951 -0.0027592 -0.00927286 2207.72
62326 8 0.01 0.3 32.9 -0.0201072 0.132911 0.0874966 0.00516127 0.00281598 2207.72
64157 8 0.01 0.3 32.9 -0.270028 0.0249904 1.16049 -0.00749164 -0.000957451 2207.72
67505 8 0.01 0.3 32.9 0.163715 -0.149079 0.830925 0.00577776 -0.00486875 2207.72
69670 8 0.01 0.3 32.9 -0.197158 0.318984 0.188637 -0.00308359 0.001056 2207.72
70079 8 0.01 0.3 32.9 -0.388645 -0.474079 0.303464 -0.0057886 -0.00536077 2207.72
70206 8 0.01 0.3 32.9 0.24866 0.435453 0.371236 -0.000528627 0.00498595 2207.72
71469 8 0.01 0.3 32.9 0.410959 -0.0295324 0.561752 0.00861334 0.00136931 2207.72
72718 8 0.01 0.3 32.9 -0.369843 -0.215281 1.19596 -0.0138852 -0.00688902 2207.72
72986 8 0.01 0.3 32.9 0.06132 0.478601 0.233001 -0.00211899 0.00588326 2207.72
73231 8 0.01 0.3 32.9 0.485653 -0.160159 0.0832813 -0.000363595 -0.00252821 2207.72
74616 8 0.01 0.3 32.9 0.456668 0.145382 0.701107 0.0100414 0.00349866 2207.72
74720 8 0.01 0.3 32.9 -0.245861 -0.287623 0.461536 -0.00469081 -0.000690498 2207.72
75261 8 0.01 0.3 32.9 -0.241487 -0.391751 0.601493 -0.00502547 -0.0082195 2207.72
75633 8 0.01 0.3 32.9 0.18082 0.363229 0.170836 0.00550248 0.00389149 2207.72
75957 8 0.01 0.3 32.9 0.0248049 -0.4942 0.195381 0.00234707 -0.00119306 2207.72
79046 8 0.01 0.3 32.9 0.237605 0.0984661 1.04589 0.00906661 0.00256052 2207.72
79185 8 0.01 0.3 32.9 0.0437107 -0.342779 0.187683 -0.000143115 -0.00248074 2207.72
79527 8 0.01 0.3 32.9 -0.41831 0.0957718 0.543138 -0.00983297 0.00142803 2207.72
79686 8 0.01 0.3 32.9 0.0328147 0.238553 0.480448 -0.000722939 0.00271276 2207.72
80745 8 0.01 0.3 32.9 -0.471156 -0.257208 0.306657 -0.00555414 -0.00163605 2207.72
81991 8 0.01 0.3 32.9 0.433199 0.114041 0.18732 0.000471535 -0.00167912 2207.72
82075 8 0.01 0.3 32.9 -0.215236 0.442094 0.454176 -0.00240459 0.00772992 2207.72
82413 8 0.01 0.3 32.9 0.233713 -0.285124 0.310844 -0.00164672 -0.001223 2207.72
84851 8 0.01 0.3 32.9 0.379214 -0.0639003 0.169203 0.00294093 -0.00309083 2207.72
88299 8 0.01 0.3 32.9 0.114649 0.22949 0.810208 0.00284879 0.00393156 2207.72
92553 8 0.01 0.3 32.9 0.107715 0.24894 1.24863 0.00552549 0.00758551 2207.72
93152 8 0.01 0.3 32.9 -0.283504 -0.293646 0.532303 -0.00321839 -0.00220612 2207.72
93163 8 0.01 0.3 32.9 -0.125935 -0.0834373 0.0851165 3.86729e-05 -0.000457783 2207.72
96607 8 0.01 0.3 32.9 -0.112306 -0.387912 0.274706 5.06533e-05 -0.00398617 2207.72
97240 8 0.01 0.3 32.9 0.186608 0.18497 0.2276 0.00214113 0.00065161 2207.72
98049 8 0.01 0.3 32.9 0.139397 0.200828 0.914396 0.00399314 0.0094016 2207.72
98650 8 0.01 0.3 32.9 -0.00496597 0.0663451 0.222921 0.0016917 0.00108255 2207.72
98762 8 0.01 0.3 32.9 0.00545149 0.425226 0.224824 0.00258814 0.00125386 2207.72
99205 8 0.01 0.3 32.9 0.178457 -0.0703467 0.488549 0.00199982 -0.00098359 2207.72
99498 8 0.01 0.3 32.9 0.427326 0.106263 0.261789 0.00454335 -0.00218615 2207.72
103220 8 0.01 0.3 32.9 0.406623 -0.355875 0.28636 0.0027763 -0.00272006 2207.72
106173 8 0.01 0.3 32.9 -0.0562419 -0.00867918 0.404068 -0.00475262 0.00401838 2207.72
106311 8 0.01 0.3 32.9 0.239399 -0.392945 0.756991 0.00518494 -0.00667386 2207.72
106559 8 0.01 0.3 32.9 -0.32802 -0.345444 0.954906 -0.0111168 -0.00939291 2207.72
107055 8 0.01 0.3 32.9 0.119309 -0.325447 0.390571 0.00239484 -0.00567329 2207.72
107652 8 0.01 0.3 32.9 0.471279 -0.210176 0.371469 0.00803959 -0.00111006 2207.72
109258 8 0.01 0.3 32.9 0.485149 0.268721 0.283983 0.0081192 0.00375757 2207.72
110087 8 0.01 0.3 32.9 -0.473168 0.0683588 0.311754 -0.00156507 0.000286718 2207.72
110888 8 0.01 0.3 32.9 0.423187 0.158049 0.407607 0.00851542 0.0044386 2207.72
112136 8 0.01 0.3 32.9 -0.228497 0.184243 0.180045 0.00036043 0.00668364 2207.72
115079 8 0.01 0.3 32.9 -0.259125 0.0621647 0.590559 -0.00347151 0.00336609 2207.72
117364 8 0.01 0.3 32.9 0.125242 0.4157 1.01091 0.00152144 0.0131487 2207.72
117415 8 0.01 0.3 32.9 0.10485 -0.200439 0.435418 0.00026938 -0.00383091 2207.72
121809 8 0.01 0.3 32.9 -0.236735 -0.154059 1.44002 -0.00942671 -0.00595569 2207.72
122484 8 0.01 0.3 32.9 -0.196719 0.297134 0.177493 -0.00374493 0.0014558 2207.72
123945 8 0.01 0.3 32.9 0.30039 0.391699 0.834051 0.00787382 0.0120437 2207.72
126340 8 0.01 0.3 32.9 -0.402211 0.146194 0.449715 -0.00535769 0.00559774 2207.72
126877 8 0.01 0.3 32.9 -0.431139 -0.169701 0.303919 -0.00179781 -2.22631e-05 2207.72
130361 8 0.01 0.3 32.9 0.278221 0.124547 0.556683 0.00479922 0.00137636 2207.72
131585 8 0.01 0.3 32.9 0.134823 -0.310255 0.200682 0.00306649 0.000472822 2207.72
133036 8 0.01 0.3 32.9 0.0729492 0.0481317 1.18006 0.00345475 0.00334564 2207.72
133675 8 0.01 0.3 32.9 0.0868744 -0.219154 0.157639 -0.00228393 -0.00584085 2207.72
133842 8 0.01 0.3 32.9 -0.428523 0.353843 0.412885 -0.00461078 0.00454294 2207.72
133968 8 0.01 0.3 32.9 0.459213 0.265431 0.26571 -0.000220207 0.00080118 2207.72
134183 8 0.01 0.3 32.9 0.31833 0.395711 0.171185 0.000502152 0.000120737 2207.72
135204 8 0.01 0.3 32.9 0.0234289 -0.157434 0.364242 0.000115623 0.00106849 2207.72
136772 8 0.01 0.3 32.9 0.488577 -0.204291 0.347827 0.00356133 -0.00110898 2207.72
138124 8 0.01 0.3 32.9 -0.135076 -0.0287209 0.326614 -0.00164601 -5.70451e-05 2207.72
138722 8 0.01 0.3 32.9 -0.248749 0.305703 0.462355 -0.00293444 0.00566381 2207.72
140829 8 0.01 0.3 32.9 -0.32663 -0.0584365 0.65902 -0.00662447 -0.00311883 2207.72
140854 8 0.01 0.3 32.9 -0.104978 0.103157 0.277198 -0.00416041 0.00170032 2207.72
141233 8 0.01 0.3 32.9 -0.290271 -0.400982 0.4097 -0.00548051 -0.00455735 2207.72
143063 8 0.01 0.3 32.9 -0.485558 -0.0759766 0.401136 -0.00536297 -0.00183623 2207.72
146021 8 0.01 0.3 32.9 -0.13854 -0.128086 0.751239 -0.0034557 -0.00255238 2207.72
148839 8 0.01 0.3 32.9 0.150322 0.198609 0.61254 0.00157301 0.00561578 2207.72
150766 8 0.01 0.3 32.9 0.0584607 -0.146831 0.785111 0.00209526 -0.00203034 2207.72
151348 8 0.01 0.3 32.9 -0.299004 -0.171759 0.865759 -0.0067548 -0.00427113 2207.72
152150 8 0.01 0.3 32.9 -0.279804 -0.39372 0.355513 -0.00320099 -0.00224888 2207.72
157350 8 0.01 0.3 32.9 -0.256431 -0.160601 0.48927 -0.00321709 -0.00134758 2207.72
157392 8 0.01 0.3 32.9 -0.468539 0.337402 0.417089 -0.00512563 0.00596937 2207.72
158390 8 0.01 0.3 32.9 0.178978 -0.260497 0.284748 0.000147999 -0.00806552 2207.72
159072 8 0.01 0.3 32.9 0.313871 -0.12924 0.659237 0.00482859 -0.00250969 2207.72
159405 8 0.01 0.3 32.9 0.238719 -0.462009 0.134637 -0.00203551 0.00301788 2207.72
160197 8 0.01 0.3 32.9 0.286892 0.0763138 0.307182 0.00175206 0.000133553 2207.72
165375 8 0.01 0.3 32.9 -0.160671 -0.397414 0.332747 -0.00283223 -0.00311464 2207.72
167001 8 0.01 0.3 32.9 -0.0100582 0.494742 0.15633 0.00135558 0.00408799 2207.72
171536 8 0.01 0.3 32.9 0.0218284 -0.0483052 0.373621 -0.00101144 0.00211368 2207.72
171569 8 0.01 0.3 32.9 -0.489045 0.123277 0.684993 -0.0104896 0.00579922 2207.72
177281 8 0.01 0.3 32.9 0.0500708 -0.126315 0.335435 0.00266718 -0.000959147 2207.72
180015 8 0.01 0.3 32.9 -0.133643 0.255387 0.368759 -0.00213885 0.00662883 2207.72
180020 8 0.01 0.3 32.9 -0.396518 0.0322328 0.495153 -0.00595297 -0.00375559 2207.72
182770 8 0.01 0.3 32.9 0.199962 -0.235713 0.513906 0.00476789 -0.00494732 2207.72
183034 8 0.01 0.3 32.9 0.026819 -0.0768953 1.69164 0.00101069 -0.00263368 2207.72
183447 8 0.01 0.3 32.9 0.139086 0.128182 0.352269 0.00169687 0.00339642 2207.72
188598 8 0.01 0.3 32.9 -0.144771 0.456631 0.417689 -0.00229859 0.00454213 2207.72
189114 8 0.01 0.3 32.9 0.311838 -0.386326 0.177843 0.00237752 0.00176707 2207.72
189177 8 0.01 0.3 32.9 0.24513 0.189474 0.405086 0.00181265 0.00181351 2207.72
190168 8 0.01 0.3 32.9 0.191608 -0.0335857 0.310741 0.00272548 -0.000207355 2207.72
191045 8 0.01 0.3 32.9 -0.424306 0.0834855 0.557413 -0.00695296 0.0012557 2207.72
192168 8 0.01 0.3 32.9 0.157738 -0.39711 1.38123 0.0077695 -0.0170554 2207.72
192380 8 0.01 0.3 32.9 -0.291649 0.0690032 0.53348 -0.00538706 0.00220346 2207.72
196153 8 0.01 0.3 32.9 0.458844 -0.158181 0.532893 0.00808664 0.00224228 2207.72
197716 8 0.01 0.3 32.9 -0.245876 0.419441 0.933846 -0.00736167 0.0137946 2207.72
199978 8 0.01 0.3 32.9 0.274069 0.0344323 0.215585 -0.000385227 0.00227377 2207.72
200027 8 0.01 0.3 32.9 -0.0342389 -0.340143 0.307467 -0.0015429 -0.00207745 2207.72
200420 8 0.01 0.3 32.9 0.217645 -0.367087 0.226875 0.00161293 -0.00117726 2207.72
201229 8 0.01 0.3 32.9 -0.170403 -0.129633 1.38053 -0.00742292 -0.00403131 2207.72
201298 8 0.01 0.3 32.9 -0.0747509 -0.044365 0.923821 -0.00254209 0.00120417 2207.72
203136 8 0.01 0.3 32.9 -0.434245 -0.166697 0.328683 -0.00322959 -0.00339014 2207.72
204620 8 0.01 0.3 32.9 0.259804 -0.145585 0.559269 0.00657965 0.000868727 2207.72
206571 8 0.01 0.3 32.9 0.0331196 0.22634 0.376632 0.00190324 0.00609237 2207.72
206582 8 0.01 0.3 32.9 0.402534 0.157783 0.321442 0.00266782 -0.000218317 2207.72
207410 8 0.01 0.3 32.9 -0.393965 0.0141425 0.277007 -0.00349382 0.00286576 2207.72
212463 8 0.01 0.3 32.9 -0.0320312 -0.388237 0.429699 -0.00137205 -0.00695608 2207.72
212554 8 0.01 0.3 32.9 0.485745 0.130764 1.09435 0.0159864 0.0056152 2207.72
213817 8 0.01 0.3 32.9 0.201317 0.0493879 0.26447 -0.000327617 -0.000234332 2207.72
214511 8 0.01 0.3 32.9 0.259698 -0.291951 0.503439 0.00584139 -0.00442679 2207.72
215448 8 0.01 0.3 32.9 -0.407215 -0.440124 0.465788 -0.00562552 -0.00668051 2207.72
217167 8 0.01 0.3 32.9 0.108191 0.0784438 0.220759 0.00282821 -0.00326406 2207.72
217623 8 0.01 0.3 32.9 0.294194 -0.221305 1.12549 0.00990083 -0.00738364 2207.72
217811 8 0.01 0.3 32.9 0.426269 0.0989886 0.316625 0.00391231 0.00355566 2207.72
219084 8 0.01 0.3 32.9 0.276653 -0.13735 0.638377 0.00552228 -0.00267454 2207.72
224947 8 0.01 0.3 32.9 0.430596 -0.293567 0.217467 0.00288711 -0.00149227 2207.72
225635 8 0.01 0.3 32.9 0.122048 0.333572 2.0028 0.00742689 0.0214945 2207.72
226232 8 0.01 0.3 32.9 -0.451211 0.300642 0.197632 -0.00627405 0.00223682 2207.72
226247 8 0.01 0.3 32.9 -0.0922072 -0.411233 0.537597 -0.00433203 -0.00735354 2207.72
226634 8 0.01 0.3 32.9 -0.427825 -0.276208 0.343015 -0.00227206 -0.00590569 2207.72
227160 8 0.01 0.3 32.9 -0.0270952 -0.0741513 0.569228 0.002135 -0.00140591 2207.72
230751 8 0.01 0.3 32.9 0.443416 -0.0130198 0.541263 0.00739182 0.00226285 2207.72
230825 8 0.01 0.3 32.9 0.0639893 -0.279441 0.958396 0.00253764 -0.0059393 2207.72
232099 8 0.01 0.3 32.9 -0.246756 -0.408284 0.321508 -0.000248034 -0.00319041 2207.72
232122 8 0.01 0.3 32.9 -0.266159 0.0048325 0.374856 0.000653457 0.0038555 2207.72
232760 8 0.01 0.3 32.9 -0.253972 0.376375 0.934239 -0.00717119 0.00804209 2207.72
236313 8 0.01 0.3 32.9 -0.0750599 0.404006 0.478282 -0.00338149 0.00617634 2207.72
236996 8 0.01 0.3 32.9 -0.36792 -0.408462 0.593816 -0.00668441 -0.00668265 2207.72
240535 8 0.01 0.3 32.9 0.178294 -0.128748 0.219134 0.00440284 -0.00192717 2207.72
243776 8 0.01 0.3 32.9 0.403242 0.179694 0.314508 0.00336073 0.00229785 2207.72
243832 8 0.01 0.3 32.9 -0.0721654 0.253041 0.35161 -0.000656807 0.00278548 2207.72
244297 8 0.01 0.3 32.9 -0.144638 0.274434 0.344263 -0.00264153 0.00254542 2207.72
248740 8 0.01 0.3 32.9 -0.161334 0.305579 0.195464 -0.00118104 0.00341059 2207.72
249185 8 0.01 0.3 32.9 0.312485 0.248306 1.70431 0.0173566 0.0113812 2207.72
249815 8 0.01 0.3 32.9 -0.35624 -0.129858 1.93901 -0.0191058 -0.00594312 2207.72
252730 8 0.01 0.3 32.9 0.301547 0.323454 0.930179 0.00929817 0.011144 2207.72
254650 8 0.01 0.3 32.9 0.146607 -0.10022 0.508384 -0.000599708 -0.00181371 2207.72
256374 8 0.01 0.3 32.9 -0.018386 -0.450377 0.180551 0.0024051 -0.00105447 2207.72
259266 8 0.01 0.3 32.9 -0.342878 -0.0249253 0.681178 -0.00722137 0.00156977 2207.72
263726 8 0.01 0.3 32.9 0.00696282 0.228035 0.465162 -0.000367012 0.00519468 2207.72
265939 8 0.01 0.3 32.9 0.419142 0.125313 0.773177 0.00922809 0.0017775 2207.72
267508 8 0.01 0.3 32.9 -0.258335 -0.28716 0.925715 -0.00760218 -0.00660305 2207.72
267925 8 0.01 0.3 32.9 -0.146424 -0.092558 0.488311 -0.00254066 -0.00162579 2207.72
271905 8 0.01 0.3 32.9 0.221754 0.449127 0.457251 0.00490992 0.00785888 2207.72
272835 8 0.01 0.3 32.9 -0.235106 0.426947 0.871232 -0.00470938 0.0150181 2207.72
275733 8 0.01 0.3 32.9 -0.105702 0.457594 0.268165 -0.00376621 0.00774085 2207.72
277713 8 0.01 0.3 32.9 -0.239751 -0.108591 0.235842 -0.00468907 -0.00177789 2207.72
280333 8 0.01 0.3 32.9 -0.0846874 -0.0637487 0.204261 0.00264753 -0.000508448 2207.72
280372 8 0.01 0.3 32.9 -0.285193 -0.460442 0.378525 -0.00327892 -0.00527053 2207.72
281284 8 0.01 0.3 32.9 -0.34617 -0.104234 1.5219 -0.0154826 -0.00211488 2207.72
282914 8 0.01 0.3 32.9 -0.0209289 0.00607085 2.08759 -0.00143592 0.00187888 2207.72
282916 8 0.01 0.3 32.9 -0.348862 -0.213042 1.27324 -0.0142631 -0.00727554 2207.72
285560 8 0.01 0.3 32.9 -0.0279264 -0.162192 0.321275 -0.000574206 -0.00141829 2207.72
285866 8 0.01 0.3 32.9 0.247913 0.171023 0.163254 0.00276173 0.000715703 2207.72
288723 8 0.01 0.3 32.9 0.160421 0.422335 0.179844 0.00010463 0.00342088 2207.72
289333 8 0.01 0.3 32.9 0.396938 -0.0588219 0.302195 0.0052966 0.0010129 2207.72
289618 8 0.01 0.3 32.9 -0.0664324 0.449491 0.494712 -0.000677188 0.00491546 2207.72
289795 8 0.01 0.3 32.9 0.485039 0.187053 0.218765 0.00199832 0.000954587 2207.72
296168 8 0.01 0.3 32.9 -0.19545 -0.34065 0.154624 -0.00399229 0.000387657 2207.72
301481 8 0.01 0.3 32.9 0.427582 0.127412 0.671696 0.00969554 -0.000196264 2207.72
313827 8 0.01 0.3 32.9 -0.474202 -0.496805 0.538852 -0.00793082 -0.00595966 2207.72
316534 8 0.01 0.3 32.9 0.279756 0.122904 0.328528 0.00321228 0.00304675 2207.72
316956 8 0.01 0.3 32.9 0.433827 -0.329525 0.879292 0.0115327 -0.0074949 2207.72
321042 8 0.01 0.3 32.9 0.180612 0.404448 0.400904 0.00370124 0.00530814 2207.72
322834 8 0.01 0.3 32.9 -0.439587 -0.476037 0.349985 -0.00706574 -0.00530787 2207.72
325628 8 0.01 0.3 32.9 0.297578 0.46204 0.516368 0.00336384 0.00820265 2207.72
328182 8 0.01 0.3 32.9 0.427695 0.342608 0.306444 0.000963455 0.00263905 2207.72
330217 8 0.01 0.3 32.9 0.0676767 -0.470871 0.4392 0.00425508 -0.00364665 2207.72
332023 8 0.01 0.3 32.9 0.245601 0.358443 0.45362 0.00293923 0.0062634 2207.72
334597 8 0.01 0.3 32.9 -0.392857 -0.0930267 0.230786 -0.00402273 0.00149123 2207.72
336226 8 0.01 0.3 32.9 -0.405406 0.337525 0.645538 -0.00661129 0.00848333 2207.72
340085 8 0.01 0.3 32.9 -0.206793 0.486897 0.335058 -0.000912663 0.00576916 2207.72
340861 8 0.01 0.3 32.9 -0.0681212 0.38735 0.0674091 -0.00208183 -0.00269457 2207.72
341358 8 0.01 0.3 32.9 -0.298951 -0.171015 0.831582 -0.00507604 -0.00394793 2207.72
341643 8 0.01 0.3 32.9 0.212819 0.291139 0.454962 0.00472448 0.00546523 2207.72
342818 8 0.01 0.3 32.9 -0.0435355 -0.17298 1.19786 -0.000677465 -0.00567434 2207.72
343197 8 0.01 0.3 32.9 0.412357 0.334964 0.478949 0.00592125 0.00706675 2207.72
345054 8 0.01 0.3 32.9 0.413606 -0.0263718 0.795238 0.00886188 0.000239946 2207.72
347377 8 0.01 0.3 32.9 0.133111 -0.10426 0.438211 0.00266119 -0.000125029 2207.72
348886 8 0.01 0.3 32.9 0.365166 0.274288 0.714184 0.00483171 0.00718086 2207.72
352534 8 0.01 0.3 32.9 0.285847 0.297947 0.484947 0.00514215 0.00645434 2207.72
352729 8 0.01 0.3 32.9 -0.0256881 -0.200186 0.340338 -0.00140038 -0.00479266 2207.72
352839 8 0.01 0.3 32.9 0.476006 -0.215402 0.21821 0.00307911 0.00258428 2207.72
353461 8 0.01 0.3 32.9 0.0786821 -0.218059 0.384598 -0.000649417 -0.000303979 2207.72
354797 8 0.01 0.3 32.9 -0.353166 0.157414 0.462743 -0.00659674 0.00612846 2207.72
354822 8 0.01 0.3 32.9 -0.40692 0.325635 0.158258 -0.000975113 0.00265752 2207.72
356231 8 0.01 0.3 32.9 -0.213497 0.0721112 0.364155 -0.00106216 0.00151973 2207.72
356676 8 0.01 0.3 32.9 -0.0554348 -0.352132 0.274152 -0.00344389 -0.00424364 2207.72
357853 8 0.01 0.3 32.9 0.163026 0.121909 0.339367 -0.000506672 0.00184134 2207.72
360555 8 0.01 0.3 32.9 -0.128132 -0.260984 0.634944 -0.00455084 -0.00647822 2207.72
363111 8 0.01 0.3 32.9 -0.326955 -0.476747 0.288223 -0.00116178 -0.003831 2207.72
364102 8 0.01 0.3 32.9 0.221108 0.453666 0.280848 0.00182865 0.0071225 2207.72
368266 8 0.01 0.3 32.9 0.347514 0.406854 0.74426 0.00621501 0.00853305 2207.72
369105 8 0.01 0.3 32.9 -0.047584 -0.368021 0.312309 -0.0015081 -0.00465889 2207.72
371702 8 0.01 0.3 32.9 -0.488258 0.0866466 0.516753 -0.00774983 0.00329788 2207.72
374756 8 0.01 0.3 32.9 0.48027 -0.397428 0.186007 0.0019439 -0.00419549 2207.72
376114 8 0.01 0.3 32.9 0.284932 0.302584 0.577141 0.00516769 0.00836752 2207.72
379022 8 0.01 0.3 32.9 -0.236631 -0.193028 0.262484 -0.00115876 -0.00157341 2207.72
380874 8 0.01 0.3 32.9 0.479985 0.310279 0.551807 0.0090096 0.0039815 2207.72
381065 8 0.01 0.3 32.9 0.277069 -0.0749313 0.236949 0.00194798 -0.00146116 2207.72
382160 8 0.01 0.3 32.9 -0.464028 -0.171826 0.360653 -0.00788037 6.74866e-05 2207.72
382178 8 0.01 0.3 32.9 -0.42377 -0.27475 0.210092 -0.00329574 -0.000394336 2207.72
385925 8 0.01 0.3 32.9 0.267167 0.0683403 0.101702 -0.00215321 0.00680271 2207.72
385942 8 0.01 0.3 32.9 0.00802722 0.324226 1.05706 9.12669e-05 0.0124814 2207.72
386190 8 0.01 0.3 32.9 -0.174958 -0.0657737 1.05778 -0.00632157 -0.000968485 2207.72
387392 8 0.01 0.3 32.9 -0.302671 -0.0195589 0.238851 -0.00224408 -0.00131447 2207.72
388711 8 0.01 0.3 32.9 0.141781 0.36772 1.0342 0.00207701 0.0122362 2207.72
389684 8 0.01 0.3 32.9 0.269137 -0.0179718 0.236592 0.000504049 0.000140014 2207.72
389841 8 0.01 0.3 32.9 -0.381339 -0.28391 1.1456 -0.0154933 -0.00821806 2207.72
390772 8 0.01 0.3 32.9 -0.386423 0.0377751 0.717732 -0.0085463 -0.000725912 2207.72
390919 8 0.01 0.3 32.9 0.360025 0.169063 0.466501 0.0045568 0.0035476 2207.72
393867 8 0.01 0.3 32.9 0.188994 0.124096 0.953702 0.00465918 0.00479135 2207.72
396795 8 0.01 0.3 32.9 -0.0987395 -0.0400731 0.23553 -0.00232554 0.00138895 2207.72
397397 8 0.01 0.3 32.9 -0.0731112 -0.396383 2.11314 -0.00341045 -0.0240625 2207.72
402513 8 0.01 0.3 32.9 0.151976 0.140186 0.679215 0.00305619 0.00379803 2207.72
403627 8 0.01 0.3 32.9 -0.276672 0.192015 0.389027 -0.0046109 0.00315424 2207.72
406328 8 0.01 0.3 32.9 0.375976 0.121827 0.398418 0.00312324 0.0015831 2207.72
406526 8 0.01 0.3 32.9 0.235568 0.057803 0.147852 -0.00295761 0.000198589 2207.72
407528 8 0.01 0.3 32.9 -0.105892 -0.0507663 0.463349 -0.00286621 0.00102546 2207.72
409010 8 0.01 0.3 32.9 -0.251389 0.304702 0.411517 -0.00613923 0.00276101 2207.72
415964 8 0.01 0.3 32.9 -0.277058 0.434849 0.257625 -0.00573581 0.00495295 2207.72
416653 8 0.01 0.3 32.9 -0.468649 0.223206 1.00291 -0.0129934 0.00880722 2207.72
423229 8 0.01 0.3 32.9 -0.0307531 0.477347 0.405861 -0.00116589 0.0062944 2207.72
425171 8 0.01 0.3 32.9 -0.00924946 0.223106 0.233996 0.00221361 0.00144146 2207.72
426441 8 0.01 0.3 32.9 -0.361012 0.152662 0.331281 -0.00473311 0.00374669 2207.72
426580 8 0.01 0.3 32.9 0.338923 -0.401879 1.19073 0.0134328 -0.0149289 2207.72
428975 8 0.01 0.3 32.9 0.0266746 -0.480636 0.32258 0.000129297 -0.00399564 2207.72
429391 8 0.01 0.3 32.9 -0.0791148 0.139455 0.212619 0.00104314 0.00268351 2207.72
430983 8 0.01 0.3 32.9 -0.129939 0.107572 0.235199 -0.0035574 0.00216918 2207.72
431866 8 0.01 0.3 32.9 -0.233145 -0.112139 0.368292 -0.00102655 0.000610739 2207.72
433305 8 0.01 0.3 32.9 0.401046 -0.221341 0.131219 -0.00214114 -0.0031662 2207.72
436334 8 0.01 0.3 32.9 -0.197057 0.0690733 0.278128 -0.00251823 0.00170898 2207.72
438136 8 0.01 0.3 32.9 -0.0329962 -0.384194 0.556014 -0.00343963 -0.00564263 2207.72
441333 8 0.01 0.3 32.9 -0.026718 0.274978 0.299343 0.000532477 0.00341661 2207.72
442821 8 0.01 0.3 32.9 -0.368935 0.405228 0.148485 0.00342857 0.00601227 2207.72
449219 8 0.01 0.3 32.9 0.243918 -0.489136 1.68602 0.0119779 -0.0261182 2207.72
451058 8 0.01 0.3 32.9 -0.480876 0.0197783 0.357166 -0.00660046 0.00151901 2207.72
454513 8 0.01 0.3 32.9 -0.140903 0.443514 0.559189 -0.00160861 0.00975813 2207.72
455034 8 0.01 0.3 32.9 -0.442489 0.167363 0.31814 -0.00369261 0.00190367 2207.72
455776 8 0.01 0.3 32.9 -0.015939 0.373499 0.322851 0.000135503 0.0059521 2207.72
458239 8 0.01 0.3 32.9 -0.277633 0.228543 0.379477 -0.00317052 0.00413688 2207.72
460722 8 0.01 0.3 32.9 0.352181 0.4132 0.241043 0.00694871 0.000711505 2207.72
463792 8 0.01 0.3 32.9 -0.126158 -0.324714 0.126875 -0.000375479 0.00453584 2207.72
463899 8 0.01 0.3 32.9 -0.208056 0.318844 0.493784 -0.00091856 0.0072407 2207.72
466967 8 0.01 0.3 32.9 0.171569 -0.479218 0.396711 0.0016523 -0.00607668 2207.72
468607 8 0.01 0.3 32.9 0.322851 -0.00876705 0.434594 0.00435675 -0.000378879 2207.72
470219 8 0.01 0.3 32.9 0.0428951 -0.236222 0.300911 0.00104221 -0.000478708 2207.72
470804 8 0.01 0.3 32.9 0.464505 -0.16748 0.570722 0.00768888 -0.000584009 2207.72
474859 8 0.01 0.3 32.9 0.208135 0.255401 0.280524 0.000246529 0.00464505 2207.72
475072 8 0.01 0.3 32.9 -0.250449 0.329546 0.564762 -0.0056131 0.00696345 2207.72
475441 8 0.01 0.3 32.9 0.00983935 -0.0511866 0.781807 0.00056459 0.00197177 2207.72
480997 8 0.01 0.3 32.9 -0.39429 0.490505 0.151494 -0.00769004 0.0031676 2207.72
487575 8 0.01 0.3 32.9 -0.00431194 0.0598353 0.425363 -0.00419686 7.05301e-05 2207.72
490695 8 0.01 0.3 32.9 -0.082602 0.241066 0.71331 -0.00140086 0.00500528 2207.72
491453 8 0.01 0.3 32.9 0.370062 0.0426535 0.962891 0.0106033 0.00253174 2207.72
491490 8 0.01 0.3 32.9 -0.159518 -0.253209 0.267735 0.00269199 -0.000117867 2207.72
491929 8 0.01 0.3 32.9 0.0896601 0.11464 0.41085 0.00273758 0.00185085 2207.72
496947 8 0.01 0.3 32.9 0.43953 -0.0731667 0.495675 0.00449883 0.000578803 2207.72
498714 8 0.01 0.3 32.9 0.404688 0.400218 0.353262 0.00578787 0.00899979 2207.72
498948 8 0.01 0.3 32.9 0.333854 -0.0987668 0.106595 -0.00553531 -0.000290806 2207.72
499036 8 0.01 0.3 32.9 0.327188 0.0725913 0.336304 -1.0435e-05 0.00417923 2207.72
501157 8 0.01 0.3 32.9 -0.183033 0.0546915 1.19897 -0.00735585 0.00197721 2199.83
501264 8 0.01 0.3 32.9 -0.222151 0.459568 0.262663 -0.00258706 0.00256781 2199.83
501660 8 0.01 0.3 32.9 -0.00119266 0.119116 0.300779 0.000696708 0.00136625 2199.83
502141 8 0.01 0.3 32.9 0.312594 0.315516 0.549968 0.00768074 0.00178878 2199.83
503776 8 0.01 0.3 32.9 0.374025 0.332433 0.309355 0.00389451 0.00503293 2199.83
506011 8 0.01 0.3 32.9 0.0531957 0.0434361 1.41159 0.00183208 0.00373582 2199.83
514534 8 0.01 0.3 32.9 0.459198 -0.133979 0.296385 0.00298721 -0.00044468 2199.83
515778 8 0.01 0.3 32.9 0.394417 0.110336 0.111594 0.00129984 -0.00160603 2199.83
517148 8 0.01 0.3 32.9 0.360754 0.327737 0.392075 0.00811711 0.00357831 2199.83
519520 8 0.01 0.3 32.9 -0.484326 -0.331117 0.428775 -0.00688385 -0.00221775 2199.83
519901 8 0.01 0.3 32.9 -0.201084 0.223767 0.487376 -0.0053338 0.00384342 2199.83
524256 8 0.01 0.3 32.9 0.0890924 -0.144645 0.409518 0.00301843 -0.00510927 2199.83
526602 8 0.01 0.3 32.9 -0.249528 -0.31485 0.751689 -0.00573748 -0.00852393 2199.83
527990 8 0.01 0.3 32.9 0.1945 -0.461012 0.770919 0.0065379 -0.0120593 2199.83
528830 8 0.01 0.3 32.9 -0.409794 -0.303722 1.11156 -0.0153745 -0.00728747 2199.83
530696 8 0.01 0.3 32.9 0.393766 -0.364848 0.594876 0.00727583 -0.00591718 2199.83
531248 8 0.01 0.3 32.9 0.459913 -0.0360026 0.385744 0.00496745 0.000329967 2199.83
533122 8 0.01 0.3 32.9 0.468044 -0.172509 0.793605 0.0107402 -0.00158673 2199.83
533565 8 0.01 0.3 32.9 -0.143147 -0.278999 0.551911 -0.00327906 -0.00435648 2199.83
536003 8 0.01 0.3 32.9 0.162102 -0.208962 0.59315 0.00254986 -0.00168403 2199.83
536104 8 0.01 0.3 32.9 0.00980632 -0.474495 0.38859 -0.00132043 -0.0075766 2199.83
536726 8 0.01 0.3 32.9 0.168938 0.442365 0.524469 0.000782465 0.00610629 2199.83
536844 8 0.01 0.3 32.9 -0.0877761 0.299387 0.298398 -0.00175571 0.00423164 2199.83
536982 8 0.01 0.3 32.9 0.39099 -0.188722 0.180931 0.00114077 -0.000369862 2199.83
537678 8 0.01 0.3 32.9 0.461002 -0.34409 1.12072 0.015929 -0.0121404 2199.83
538871 8 0.01 0.3 32.9 -0.266507 0.226435 0.549092 -0.00457858 0.00582184 2199.83
541041 8 0.01 0.3 32.9 -0.350231 0.398388 1.03923 -0.0117411 0.0116879 2199.83
542641 8 0.01 0.3 32.9 -0.219547 -0.329654 0.257928 -0.0016314 -0.00129209 2199.83
542715 8 0.01 0.3 32.9 -0.0584871 0.336613 1.4423 -0.00410331 0.0170377 2199.83
543752 8 0.01 0.3 32.9 -0.19066 -0.17596 0.534871 -0.00398958 -0.00402986 2199.83
545086 8 0.01 0.3 32.9 0.357214 0.164294 0.302454 0.00360105 0.000793368 2199.83
545225 8 0.01 0.3 32.9 0.237805 -0.267246 0.584804 0.00443382 -0.00605489 2199.83
545796 8 0.01 0.3 32.9 0.355082 0.215366 0.293127 0.00340741 0.00237666 2199.83
552710 8 0.01 0.3 32.9 -0.205492 -0.134612 0.563561 -0.00537953 -0.00326699 2199.83
553908 8 0.01 0.3 32.9 0.00167468 -0.45598 0.188531 0.00246236 -0.00246258 2199.83
554158 8 0.01 0.3 32.9 -0.0232587 0.0213978 0.155465 -0.0019666 -0.00123516 2199.83
554162 8 0.01 0.3 32.9 -0.106613 -0.350023 0.506961 -0.00194639 -0.00338704 2199.83
560245 8 0.01 0.3 32.9 0.427609 -0.11773 0.450981 0.00388106 -0.00114828 2199.83
563653 8 0.01 0.3 32.9 -0.306596 0.456406 0.603747 -0.00713552 0.00977095 2199.83
564915 8 0.01 0.3 32.9 -0.248772 0.480716 0.193225 -0.00503767 0.00403237 2199.83
566791 8 0.01 0.3 32.9 0.13547 0.302783 0.273694 0.0011572 0.00686268 2199.83
568583 8 0.01 0.3 32.9 -0.309521 -0.299445 0.383106 -0.000984209 -0.00306988 2199.83
571076 8 0.01 0.3 32.9 -0.210713 -0.357739 0.597622 -0.00267536 -0.00481175 2199.83
572862 8 0.01 0.3 32.9 0.413407 -0.066504 0.200273 0.00244164 0.00189817 2199.83
574282 8 0.01 0.3 32.9 0.114743 0.124936 0.507171 0.00149627 0.00332425 2199.83
576057 8 0.01 0.3 32.9 0.0112643 -0.114782 0.235405 -0.0016142 0.000122359 2199.83
577372 8 0.01 0.3 32.9 -0.010793 -0.0551279 1.15421 0.00100661 -0.00129624 2199.83
578055 8 0.01 0.3 32.9 0.41046 -0.000229916 0.22829 0.00328876 -0.000615278 2199.83
584308 8 0.01 0.3 32.9 0.280646 -0.158917 0.684239 0.00613838 -0.00475093 2199.83
584582 8 0.01 0.3 32.9 0.442492 -0.486911 0.348026 0.00384474 -0.00228923 2199.83
589571 8 0.01 0.3 32.9 -0.265295 -0.248747 0.249203 0.000614859 -0.000863673 2199.83
589871 8 0.01 0.3 32.9 0.316013 -0.25914 0.575412 0.00325069 -0.00367216 2199.83
589943 8 0.01 0.3 32.9 0.0248081 -0.217426 1.0643 0.00102263 -0.00665394 2199.83
592952 8 0.01 0.3 32.9 -0.107399 -0.0379099 0.322916 0.00147307 0.00428585 2199.83
594880 8 0.01 0.3 32.9 0.0982665 0.145604 0.504695 0.000917392 0.00454806 2199.83
595212 8 0.01 0.3 32.9 -0.338328 0.233004 0.366499 -0.00258882 0.000797911 2199.83
598813 8 0.01 0.3 32.9 0.362963 -0.00810537 0.611756 0.0055905 0.00185424 2199.83
599347 8 0.01 0.3 32.9 0.292296 0.250065 1.28492 0.013645 0.00839188 2199.83
601273 8 0.01 0.3 32.9 -0.160564 -0.00898645 0.19766 6.933e-05 -0.00167356 2199.83
603208 8 0.01 0.3 32.9 -0.0162935 -0.321334 0.129251 -0.00586239 -0.00207148 2199.83
604500 8 0.01 0.3 32.9 -0.299431 0.464686 0.46492 -0.00430065 0.00937264 2199.83
604605 8 0.01 0.3 32.9 -0.249463 0.319765 1.20348 -0.00935952 0.0138587 2199.83
606023 8 0.01 0.3 32.9 0.493897 -0.244074 0.538256 0.00730415 -0.00348056 2199.83
609540 8 0.01 0.3 32.9 -0.340606 0.294937 0.447081 -0.0054067 0.00492848 2199.83
610118 8 0.01 0.3 32.9 0.322877 0.379651 0.492443 0.00334878 0.00605115 2199.83
612046 8 0.01 0.3 32.9 0.0412573 0.319947 0.681822 -0.00124442 0.00724197 2199.83
613926 8 0.01 0.3 32.9 -0.243042 0.134492 0.437456 -0.00432368 0.000567606 2199.83
614353 8 0.01 0.3 32.9 0.466022 -0.311956 0.227476 0.00618069 0.00149451 2199.83
615812 8 0.01 0.3 32.9 -0.00064297 -0.198428 0.250352 0.000393517 -0.00159199 2199.83
615932 8 0.01 0.3 32.9 -0.190904 0.313623 0.465382 -0.00406277 0.00492637 2199.83
616064 8 0.01 0.3 32.9 -0.0506825 0.117457 0.26222 -0.000495219 0.00138964 2199.83
616074 8 0.01 0.3 32.9 0.234599 0.475148 0.207833 0.00343795 0.00311876 2199.83
619696 8 0.01 0.3 32.9 -0.254052 0.413524 0.351611 -0.00258682 0.00302637 2199.83
621083 8 0.01 0.3 32.9 0.00693035 0.337414 0.421307 -0.00162566 0.00630483 2199.83
621595 8 0.01 0.3 32.9 0.281128 0.0975234 0.285765 0.00316056 0.00175715 2199.83
622583 8 0.01 0.3 32.9 0.323327 0.117748 0.717488 0.00569158 0.00146192 2199.83
625305 8 0.01 0.3 32.9 0.137963 -0.438899 0.637558 0.00192881 -0.00793561 2199.83
627669 8 0.01 0.3 32.9 0.0513916 0.445741 0.281928 -0.00198968 0.00955381 2199.83
628480 8 0.01 0.3 32.9 0.153891 -0.428212 0.952416 0.00613678 -0.0121418 2199.83
628690 8 0.01 0.3 32.9 0.454076 0.441626 0.136787 0.00223785 0.00496472 2199.83
628743 8 0.01 0.3 32.9 0.376004 -0.101798 0.519386 0.00619091 0.000463545 2199.83
629296 8 0.01 0.3 32.9 0.260775 0.477938 0.35176 0.00497138 0.00299706 2199.83
629555 8 0.01 0.3 32.9 -0.30176 0.0648423 0.509621 -0.00423473 0.00230804 2199.83
631044 8 0.01 0.3 32.9 -0.136811 -0.260201 0.855286 -0.00517527 -0.00788248 2199.83
632746 8 0.01 0.3 32.9 -0.286056 -0.299113 0.0962156 -0.00298841 0.00421616 2199.83
636140 8 0.01 0.3 32.9 0.130087 -0.31651 0.275954 -3.45e-07 -0.00220308 2199.83
636683 8 0.01 0.3 32.9 0.182258 -0.212194 1.06055 0.00573787 -0.00391185 2199.83
636931 8 0.01 0.3 32.9 -0.0205519 -0.110127 0.339525 -0.00247162 0.000374641 2199.83
637132 8 0.01 0.3 32.9 0.205277 0.44751 0.483886 0.00276777 0.00509616 2199.83
637717 8 0.01 0.3 32.9 0.0515008 0.173798 0.817796 0.00103635 0.00472001 2199.83
637954 8 0.01 0.3 32.9 -0.340269 -0.190834 0.711586 -0.00782972 -0.00486056 2199.83
643730 8 0.01 0.3 32.9 -0.209816 0.00933822 0.276247 -0.00255124 0.00462806 2199.83
644723 8 0.01 0.3 32.9 -0.0704523 -0.00668838 0.190787 0.00066814 0.00255703 2199.83
644834 8 0.01 0.3 32.9 -0.286126 0.142851 1.08906 -0.00976283 0.00690575 2199.83
649312 8 0.01 0.3 32.9 0.0227987 -0.308081 0.486439 0.000472597 -0.00396839 2199.83
650772 8 0.01 0.3 32.9 0.0887792 0.323823 0.462223 -0.000156533 0.00312957 2199.83
651224 8 0.01 0.3 32.9 0.0626625 0.344957 0.21898 -7.38097e-05 0.00470183 2199.83
652611 8 0.01 0.3 32.9 -0.299528 0.434831 0.495133 -0.00705647 0.00922598 2199.83
652737 8 0.01 0.3 32.9 0.343127 -0.252782 0.560885 0.00616192 -0.00166974 2199.83
655786 8 0.01 0.3 32.9 -0.00306537 0.0963544 0.210567 -0.00514778 0.000724775 2199.83
655960 8 0.01 0.3 32.9 -0.417731 0.212494 0.205966 -0.00575128 0.00291842 2199.83
656564 8 0.01 0.3 32.9 0.409297 0.260071 0.609568 0.0100919 0.00608285 2199.83
660131 8 0.01 0.3 32.9 -0.262256 -0.200032 0.33497 -0.00409209 -0.00322373 2199.83
661750 8 0.01 0.3 32.9 0.0844881 -0.348265 0.51664 -0.0012109 -0.00648302 2199.83
661921 8 0.01 0.3 32.9 -0.378057 0.199441 0.860321 -0.0125793 0.00641855 2199.83
662362 8 0.01 0.3 32.9 0.351427 0.0732226 1.07504 0.0123665 0.00268139 2199.83
666956 8 0.01 0.3 32.9 0.496845 -0.253396 0.212448 0.00651127 0.000248433 2199.83
676217 8 0.01 0.3 32.9 0.486452 -0.291228 0.19294 0.00370668 -0.00202492 2199.83
678671 8 0.01 0.3 32.9 -0.111935 -0.313563 0.577332 -0.00307219 -0.00400158 2199.83
680431 8 0.01 0.3 32.9 0.121268 0.379433 0.987274 0.00373712 0.0115067 2199.83
681527 8 0.01 0.3 32.9 -0.386984 -0.17997 0.893329 -0.00813521 -0.00554734 2199.83
684663 8 0.01 0.3 32.9 -0.0740362 -0.488462 0.380271 -0.00155433 -0.00351677 2199.83
687199 8 0.01 0.3 32.9 0.445808 0.317256 0.21684 0.00304221 0.000450792 2199.83
688764 8 0.01 0.3 32.9 0.459115 -0.0855452 0.134661 0.00417835 -6.53823e-05 2199.83
690517 8 0.01 0.3 32.9 0.331726 0.465198 1.07521 0.0116279 0.0160515 2199.83
690606 8 0.01 0.3 32.9 0.137405 0.449066 0.148596 0.00275401 0.00381213 2199.83
691654 8 0.01 0.3 32.9 -0.0584242 0.193938 0.556491 -0.000287093 0.00584913 2199.83
692039 8 0.01 0.3 32.9 -0.121886 0.0775882 0.844137 -0.00315065 0.000446134 2199.83
695557 8 0.01 0.3 32.9 -0.454894 0.294232 0.523652 -0.00773318 0.00255814 2199.83
696771 8 0.01 0.3 32.9 -0.210536 -0.344546 0.403745 -0.000239614 -0.00495852 2199.83
700923 8 0.01 0.3 32.9 -0.164613 0.208776 1.47616 -0.00744313 0.0106228 2199.83
701015 8 0.01 0.3 32.9 0.0825569 -0.155156 0.214382 0.000301805 -0.00359547 2199.83
701677 8 0.01 0.3 32.9 0.25006 -0.446542 0.192744 0.00245771 -0.00242388 2199.83
703034 8 0.01 0.3 32.9 0.0241629 -0.116561 0.21687 0.000384645 0.000602333 2199.83
705452 8 0.01 0.3 32.9 0.0857142 0.0358682 0.82275 0.00222337 0.00141752 2199.83
708809 8 0.01 0.3 32.9 -0.373634 0.260983 0.203124 -0.00444867 -0.000217139 2199.83
709041 8 0.01 0.3 32.9 -0.384132 -0.344498 0.327852 -0.00492729 -0.00291025 2199.83
709064 8 0.01 0.3 32.9 -0.382814 0.459073 0.294066 -0.00427473 0.00535839 2199.83
712552 8 0.01 0.3 32.9 -0.427769 -0.018076 0.471936 -0.00564526 -9.05517e-05 2199.83
715333 8 0.01 0.3 32.9 0.098518 -0.192647 0.344476 0.00262664 -0.00128111 2199.83
716505 8 0.01 0.3 32.9 0.288412 -0.239114 0.612372 0.00346195 -0.00300908 2199.83
718677 8 0.01 0.3 32.9 0.259895 0.165373 0.497164 0.00522274 0.00223635 2199.83
719038 8 0.01 0.3 32.9 0.147656 0.250993 0.896794 0.00573997 0.00785059 2199.83
719301 8 0.01 0.3 32.9 0.0033288 0.129881 0.315069 0.000914319 -2.23309e-05 2199.83
719982 8 0.01 0.3 32.9 0.154232 -0.0475894 0.987595 0.0080056 -0.000448992 2199.83
721579 8 0.01 0.3 32.9 -0.0801263 -0.0775878 0.355735 0.00110605 -0.0020597 2199.83
723347 8 0.01 0.3 32.9 0.0336178 0.314037 0.346699 -0.00246542 0.00599252 2199.83
726458 8 0.01 0.3 32.9 -0.418535 0.0986661 0.289915 -0.00442176 0.00342592 2199.83
727138 8 0.01 0.3 32.9 0.496368 0.0230229 0.225766 0.00363505 0.00112953 2199.83
736850 8 0.01 0.3 32.9 0.0350651 0.239989 0.636618 -0.00036035 0.00697785 2199.83
736893 8 0.01 0.3 32.9 -0.177497 -0.257879 0.23087 -0.000423739 -0.00494607 2199.83
740453 8 0.01 0.3 32.9 -0.368728 -0.118681 0.815805 -0.00738242 -0.00248732 2199.83
741095 8 0.01 0.3 32.9 -0.172123 0.477895 0.219066 -0.00533383 0.00175315 2199.83
742920 8 0.01 0.3 32.9 0.288983 -0.405425 0.0983492 0.00684576 0.00277399 2199.83
745620 8 0.01 0.3 32.9 0.0791147 -0.295019 0.212206 0.00232785 -0.000834303 2199.83
747379 8 0.01 0.3 32.9 -0.279704 -0.440802 0.153796 0.00159225 -0.00230355 2199.83
750138 8 0.01 0.3 32.9 -0.472745 -0.305795 0.735618 -0.0085004 -0.00560931 2199.83
750422 8 0.01 0.3 32.9 -0.112179 0.292203 1.15287 -0.00513491 0.0116062 2199.83
751172 8 0.01 0.3 32.9 0.0307982 0.243317 0.32984 0.00316412 0.00566784 2199.83
758568 8 0.01 0.3 32.9 -0.480513 0.315615 0.319709 -0.00546524 0.00707362 2199.83
758830 8 0.01 0.3 32.9 -0.300936 -0.290008 0.228804 -0.0021792 -0.00458196 2199.83
761219 8 0.01 0.3 32.9 0.109664 0.331633 0.297482 -0.00011159 0.00451379 2199.83
761330 8 0.01 0.3 32.9 -0.323479 -0.0418919 0.397731 -0.00428833 0.000783503 2199.83
761601 8 0.01 0.3 32.9 -0.078754 -0.159857 0.177733 0.00012932 0.000222623 2199.83
762325 8 0.01 0.3 32.9 0.0639829 0.38997 0.298723 0.00300458 0.00398898 2199.83
764238 8 0.01 0.3 32.9 0.107889 0.102681 0.41967 0.00595716 0.00206646 2199.83
768197 8 0.01 0.3 32.9 0.397011 -0.0379786 0.258641 -0.00124792 -0.0021403 2199.83
770537 8 0.01 0.3 32.9 -0.497003 0.248462 0.317358 -0.00624669 0.00357151 2199.83
770581 8 0.01 0.3 32.9 -0.282124 -0.0203698 0.69197 -0.0066701 0.00168602 2199.83
774484 8 0.01 0.3 32.9 -0.0777439 0.47667 0.287288 -0.00300437 0.00370824 2199.83
775308 8 0.01 0.3 32.9 -0.0854831 -0.409429 0.515467 -0.000527501 -0.0056423 2199.83
777490 8 0.01 0.3 32.9 0.00277946 -0.168338 0.585257 0.000473218 -0.00311444 2199.83
786970 8 0.01 0.3 32.9 -0.32297 -0.294782 0.711525 -0.0071077 -0.00673833 2199.83
787087 8 0.01 0.3 32.9 0.146221 0.409586 0.166042 -0.00058466 -0.00126309 2199.83
791273 8 0.01 0.3 32.9 -0.411249 0.142553 0.277176 1.57746e-05 0.00181636 2199.83
791850 8 0.01 0.3 32.9 -0.442814 0.45589 0.55007 -0.00286409 0.00779808 2199.83
792311 8 0.01 0.3 32.9 -0.219112 0.142564 0.479176 -0.00317283 5.59345e-05 2199.83
792694 8 0.01 0.3 32.9 -0.201339 -0.192142 0.590418 -0.00280896 -0.00398339 2199.83
792993 8 0.01 0.3 32.9 -0.0481478 -0.376825 0.42799 -0.00125077 -0.00281091 2199.83
794008 8 0.01 0.3 32.9 -0.132926 -0.0616606 0.406721 -0.00150687 0.00100857 2199.83
794166 8 0.01 0.3 32.9 -0.272205 0.178522 0.680661 -0.00418184 0.00475333 2199.83
794567 8 0.01 0.3 32.9 0.312312 -0.19372 0.327934 0.0026647 0.000292044 2199.83
801452 8 0.01 0.3 32.9 -0.184192 0.312142 0.332326 -0.000208305 0.00113712 2199.83
802412 8 0.01 0.3 32.9 -0.0663933 0.0346913 0.354425 -0.000621076 0.00198565 2199.83
803268 8 0.01 0.3 32.9 0.0872574 0.101464 1.25618 0.00225229 0.00435559 2199.83
803479 8 0.01 0.3 32.9 0.404798 -0.225459 0.376549 0.00361469 -0.00243506 2199.83
804588 8 0.01 0.3 32.9 -0.109604 -0.0381602 0.0759336 -0.00232036 0.00034647 2199.83
805875 8 0.01 0.3 32.9 -0.070938 0.0792639 0.189461 -0.00113459 0.000427396 2199.83
806205 8 0.01 0.3 32.9 -0.347224 -0.438841 0.177108 -0.00165198 -0.000855894 2199.83
807259 8 0.01 0.3 32.9 -0.11679 0.314233 0.446014 -0.00164593 0.00656504 2199.83
807773 8 0.01 0.3 32.9 0.315857 0.376026 0.0983473 0.00819793 0.00538672 2199.83
809817 8 0.01 0.3 32.9 0.0752301 -0.457609 0.296912 0.000217247 -0.00610983 2199.83
811529 8 0.01 0.3 32.9 0.168535 0.230008 0.405256 0.00188303 0.00298809 2199.83
812838 8 0.01 0.3 32.9 0.382096 -0.498009 0.233612 0.00389638 0.00076291 2199.83
814254 8 0.01 0.3 32.9 -0.483658 0.291738 0.693604 -0.0103249 0.00985595 2199.83
816707 8 0.01 0.3 32.9 0.286997 0.280666 0.585302 0.00581477 0.00650543 2199.83
818879 8 0.01 0.3 32.9 -0.0278271 -0.287616 0.230657 0.00365687 0.00227091 2199.83
820698 8 0.01 0.3 32.9 0.0455426 -0.464143 0.322877 0.00307073 -0.00195148 2199.83
822005 8 0.01 0.3 32.9 -0.193036 -0.172911 0.128877 0.000708886 0.00200925 2199.83
824126 8 0.01 0.3 32.9 -0.0826968 -0.442255 0.28763 0.00263574 0.000633398 2199.83
825829 8 0.01 0.3 32.9 -0.320829 0.0858566 0.306705 -0.000197741 0.00142594 2199.83
827148 8 0.01 0.3 32.9 -0.443468 -0.446203 0.601891 -0.011509 -0.00694649 2199.83
827742 8 0.01 0.3 32.9 0.0703586 0.39946 0.435881 0.000913841 0.00693116 2199.83
828465 8 0.01 0.3 32.9 -0.36634 0.44416 0.503946 -0.00541277 0.00828157 2199.83
838673 8 0.01 0.3 32.9 0.242897 -0.168914 0.261574 0.00494604 -0.00358548 2199.83
838984 8 0.01 0.3 32.9 0.494857 0.226317 0.265308 0.00486156 0.00354556 2199.83
840058 8 0.01 0.3 32.9 -0.295496 -0.34235 0.559317 -0.00442369 -0.00643107 2199.83
840071 8 0.01 0.3 32.9 -0.488747 -0.45167 1.16295 -0.0174347 -0.0175473 2199.83
840641 8 0.01 0.3 32.9 0.0337754 -0.204308 0.478165 0.0014874 -0.000934213 2199.83
842432 8 0.01 0.3 32.9 -0.413278 -0.0954976 1.28699 -0.0167082 -0.0036545 2199.83
843326 8 0.01 0.3 32.9 0.400911 -0.0600888 0.155215 -0.000157487 0.000275623 2199.83
844762 8 0.01 0.3 32.9 0.356304 0.133762 0.326198 0.00547746 0.000200392 2199.83
846572 8 0.01 0.3 32.9 0.43849 0.262122 0.244444 0.00272771 0.00679927 2199.83
848372 8 0.01 0.3 32.9 0.231514 -0.391402 0.206569 0.0011976 -0.00533132 2199.83
849417 8 0.01 0.3 32.9 -0.271594 0.324117 0.19817 -0.00493451 0.00305052 2199.83
851460 8 0.01 0.3 32.9 0.221417 0.234737 1.12614 0.00845323 0.00757303 2199.83
852005 8 0.01 0.3 32.9 0.465049 -0.0166024 0.4263 0.00572977 -0.00295196 2199.83
855623 8 0.01 0.3 32.9 -0.151487 0.0455174 0.22896 -0.00347663 -0.00086817 2199.83
859379 8 0.01 0.3 32.9 -0.209754 0.435202 0.475928 -0.00375908 0.00543505 2199.83
863317 8 0.01 0.3 32.9 -0.161096 0.208172 0.240927 -0.00286173 0.00292368 2199.83
863589 8 0.01 0.3 32.9 -0.15087 -0.487663 0.186893 -0.0026055 -0.00694872 2199.83
863880 8 0.01 0.3 32.9 0.265128 0.0915655 0.375519 0.00289068 0.00305656 2199.83
869247 8 0.01 0.3 32.9 -0.32079 -0.202218 0.189651 -4.32444e-05 -0.00380692 2199.83
869388 8 0.01 0.3 32.9 -0.220799 0.446135 0.21486 0.000318125 0.00551422 2199.83
870083 8 0.01 0.3 32.9 -0.433972 -0.024893 0.163267 -0.00318338 0.00176384 2199.83
870132 8 0.01 0.3 32.9 0.0815892 -0.35769 0.360949 0.00103289 -0.00232396 2199.83
870298 8 0.01 0.3 32.9 0.103963 0.36091 0.883665 0.00224861 0.00837231 2199.83
872865 8 0.01 0.3 32.9 0.136812 -0.189898 0.446931 0.00135846 -0.0021808 2199.83
873527 8 0.01 0.3 32.9 0.162097 -0.355659 0.297362 0.000688308 -0.00143022 2199.83
873824 8 0.01 0.3 32.9 -0.433581 0.174319 0.324344 -0.00224777 0.00300826 2199.83
875142 8 0.01 0.3 32.9 -0.107732 0.0505832 0.233821 0.00136816 0.00639144 2199.83
875733 8 0.01 0.3 32.9 0.1861 -0.0838036 0.293249 0.00127189 -0.000224704 2199.83
876964 8 0.01 0.3 32.9 -0.153466 -0.23439 0.126362 -0.00483726 0.00620415 2199.83
880768 8 0.01 0.3 32.9 -0.091999 0.130979 0.1714 -0.00262371 -0.00115953 2199.83
881637 8 0.01 0.3 32.9 -0.474547 -0.385941 0.124622 0.00140162 -0.00321929 2199.83
883526 8 0.01 0.3 32.9 0.32785 -0.362697 0.430696 0.00351624 -0.00486631 2199.83
884287 8 0.01 0.3 32.9 0.000194871 -0.296953 0.0837797 0.00476857 -0.000675341 2199.83
887380 8 0.01 0.3 32.9 -0.0145371 -0.17267 0.590623 0.000864636 -0.00131347 2199.83
893388 8 0.01 0.3 32.9 0.468629 -0.123783 0.233872 0.00684936 -0.000667736 2199.83
897516 8 0.01 0.3 32.9 -0.305547 0.230554 0.677803 -0.00588867 0.00498562 2199.83
898175 8 0.01 0.3 32.9 -0.451837 -0.421057 0.646231 -0.0116342 -0.0102956 2199.83
899984 8 0.01 0.3 32.9 -0.0613463 -0.278142 0.179345 -0.00414252 -0.00104382 2199.83
904294 8 0.01 0.3 32.9 -0.055867 -0.171354 0.995789 -0.0036929 -0.00476831 2199.83
905632 8 0.01 0.3 32.9 -0.144988 0.396737 0.712474 -0.00284929 0.0111434 2199.83
905862 8 0.01 0.3 32.9 -0.297139 0.399111 0.351763 -0.00308976 0.00614852 2199.83
906065 8 0.01 0.3 32.9 -0.0286597 -0.261248 0.326183 0.00243061 0.00107447 2199.83
906260 8 0.01 0.3 32.9 -0.138061 0.465425 4.32934 -0.0168917 0.0647976 2199.83
906350 8 0.01 0.3 32.9 0.242353 0.0736612 0.224174 0.0012503 0.00286208 2199.83
909986 8 0.01 0.3 32.9 -0.18867 -0.181619 0.409536 -0.00370515 -0.000631648 2199.83
912005 8 0.01 0.3 32.9 0.00231119 -0.188354 0.714457 -0.000598929 -0.000680004 2199.83
912339 8 0.01 0.3 32.9 -0.260674 0.249045 0.408398 -0.00272665 0.000373123 2199.83
913446 8 0.01 0.3 32.9 -0.307741 0.122471 0.180843 -0.000179989 -0.00085555 2199.83
913688 8 0.01 0.3 32.9 -0.124554 0.451206 0.470795 -0.00433717 0.00560164 2199.83
915654 8 0.01 0.3 32.9 0.16951 0.384942 1.35139 0.00509165 0.0166385 2199.83
915839 8 0.01 0.3 32.9 0.0608862 0.0103203 0.961495 0.0026738 0.00336515 2199.83
917949 8 0.01 0.3 32.9 0.0720224 0.169715 0.358682 -0.000981832 0.00183886 2199.83
920981 8 0.01 0.3 32.9 -0.333967 0.2734 0.411438 -0.00435555 0.00494438 2199.83
921858 8 0.01 0.3 32.9 0.409447 0.344501 0.242325 0.00176317 0.0028313 2199.83
922849 8 0.01 0.3 32.9 0.125388 0.410508 0.462489 0.000420762 0.00492265 2199.83
923916 8 0.01 0.3 32.9 0.279896 0.0691358 1.53218 0.0133605 0.00231279 2199.83
927248 8 0.01 0.3 32.9 0.417995 0.372303 0.112328 -0.00089358 0.00983449 2199.83
928901 8 0.01 0.3 32.9 0.144246 0.25758 0.374833 0.00163428 0.00083068 2199.83
930577 8 0.01 0.3 32.9 -0.449981 0.307539 0.514903 -0.00964816 0.00549919 2199.83
932752 8 0.01 0.3 32.9 0.131632 0.198086 0.848513 0.00200864 0.00551492 2199.83
934282 8 0.01 0.3 32.9 0.0694406 -0.443437 1.21785 0.00214631 -0.0170358 2199.83
936008 8 0.01 0.3 32.9 0.336268 0.21601 0.180162 -0.000415312 0.0011058 2199.83
937389 8 0.01 0.3 32.9 -0.179261 0.287699 0.933321 -0.00479889 0.0094327 2199.83
938659 8 0.01 0.3 32.9 -0.15284 0.1551 0.511658 -0.00213274 0.00387153 2199.83
940172 8 0.01 0.3 32.9 0.301774 -0.380245 0.566894 0.00296426 -0.00802559 2199.83
942981 8 0.01 0.3 32.9 0.0525684 -0.0408799 0.502619 -0.000802686 -0.000362349 2199.83
943369 8 0.01 0.3 32.9 0.398005 -0.143365 0.797158 0.0084607 -6.0739e-05 2199.83
945353 8 0.01 0.3 32.9 0.0370985 0.27504 0.640796 -0.00303274 0.00645961 2199.83
948313 8 0.01 0.3 32.9 0.19634 -0.413452 0.437622 0.002134 -0.00701578 2199.83
952398 8 0.01 0.3 32.9 -0.16931 -0.408992 1.24397 -0.00831821 -0.0148744 2199.83
953382 8 0.01 0.3 32.9 -0.162587 -0.18359 0.315237 -0.0027153 9.89007e-05 2199.83
960991 8 0.01 0.3 32.9 -0.156946 0.103539 0.319203 -0.000105406 0.004183 2199.83
962716 8 0.01 0.3 32.9 0.242528 -0.163092 0.290069 0.0043555 5.97902e-05 2199.83
964397 8 0.01 0.3 32.9 -0.265774 0.480141 0.157601 0.00093929 -0.000814995 2199.83
964732 8 0.01 0.3 32.9 0.128596 0.0978686 0.971845 0.0044215 0.00346752 2199.83
965392 8 0.01 0.3 32.9 -0.209171 0.377547 0.260533 0.000414358 0.00115573 2199.83
975142 8 0.01 0.3 32.9 0.00611396 0.277021 0.243861 0.00187673 0.00775081 2199.83
975180 8 0.01 0.3 32.9 -0.252983 0.233665 0.31358 0.00120072 0.00347404 2199.83
975868 8 0.01 0.3 32.9 -0.194288 0.390553 0.636578 -0.00179715 0.00980699 2199.83
978772 8 0.01 0.3 32.9 -0.444259 -0.105906 0.444553 -0.00759089 -0.00361952 2199.83
980044 8 0.01 0.3 32.9 -0.275998 -0.177544 0.952488 -0.00749933 -0.00555858 2199.83
982133 8 0.01 0.3 32.9 0.274251 0.203708 0.510191 0.00248192 0.00528744 2199.83
984455 8 0.01 0.3 32.9 0.252945 0.267297 0.838506 0.00830826 0.00918232 2199.83
985630 8 0.01 0.3 32.9 0.399904 -0.100001 0.379881 0.00153229 0.00042913 2199.83
985981 8 0.01 0.3 32.9 -0.391973 0.495864 1.40372 -0.0162559 0.0219324 2199.83
988172 8 0.01 0.3 32.9 -0.11207 0.439522 0.53639 -0.00209236 0.00757981 2199.83
993073 8 0.01 0.3 32.9 0.492318 0.00727237 0.300593 0.00569747 0.000130752 2199.83
995500 8 0.01 0.3 32.9 -0.316473 -0.306968 0.26703 -0.000120707 -0.00157951 2199.83
996327 8 0.01 0.3 32.9 -0.221686 0.471319 0.259236 -0.002154 0.00444996 2199.83
997373 8 0.01 0.3 32.9 -0.371072 -0.0513375 1.14884 -0.0121056 -0.00148707 2199.83
999338 8 0.01 0.3 32.9 0.427878 -0.213596 0.266637 0.00188653 -0.00185906 2199.83
