3105 13 0.01 0.3 32.9 0.485025 0.220537 6.19905 0.0928821 0.0428213 125.571
3598 13 0.01 0.3 32.9 0.408822 -0.256508 3.33097 0.0392949 -0.0246385 125.571
5767 13 0.01 0.3 32.9 0.469297 -0.446652 4.43226 0.0634478 -0.0581878 125.571
5945 13 0.01 0.3 32.9 0.0617226 -0.305222 1.94219 0.0026483 -0.0183699 125.571
6506 13 0.01 0.3 32.9 0.235178 0.364193 2.86107 0.0194806 0.0332331 125.571
9486 13 0.01 0.3 32.9 0.192389 -0.0216007 7.5883 0.0445025 -0.00619339 125.571
11968 13 0.01 0.3 32.9 -0.106881 -0.112182 7.19274 -0.0231656 -0.0263131 125.571
15060 13 0.01 0.3 32.9 0.00752101 0.477234 3.04017 -0.00214575 0.044261 125.571
17843 13 0.01 0.3 32.9 -0.342932 0.0837506 1.30816 -0.0154565 0.00429106 125.571
21202 13 0.01 0.3 32.9 -0.42908 0.220389 3.05296 -0.0381851 0.0208224 125.571
21222 13 0.01 0.3 32.9 -0.425131 0.409909 4.53367 -0.0593778 0.0579676 125.571
22053 13 0.01 0.3 32.9 0.259212 -0.0881396 5.90533 0.0491939 -0.0135762 125.571
23299 13 0.01 0.3 32.9 -0.323311 0.419134 6.05017 -0.0585973 0.0771656 125.571
27530 13 0.01 0.3 32.9 0.466044 0.103486 4.5936 0.0647416 0.0151022 125.571
27987 13 0.01 0.3 32.9 -0.31691 -0.400769 6.35319 -0.0627475 -0.0753156 125.571
28205 13 0.01 0.3 32.9 -0.458697 -0.384635 4.48779 -0.0606524 -0.050428 125.571
29124 13 0.01 0.3 32.9 -0.184637 0.187278 2.14348 -0.0136391 0.0130642 125.571
32732 13 0.01 0.3 32.9 -0.44456 -0.425669 1.24466 -0.0174625 -0.0175588 125.571
32821 13 0.01 0.3 32.9 0.235448 0.324291 8.47995 0.0595982 0.0853077 125.571
33578 13 0.01 0.3 32.9 -0.344937 -0.0143203 3.40453 -0.0358335 -0.00372995 125.571
33848 13 0.01 0.3 32.9 0.414291 0.174352 10.3761 0.130633 0.0562602 125.571
34258 13 0.01 0.3 32.9 -0.136702 -0.118205 1.97959 -0.00654557 -0.00803836 125.571
36662 13 0.01 0.3 32.9 0.428768 -0.27062 5.18273 0.0668701 -0.0408169 125.571
37341 13 0.01 0.3 32.9 0.317452 0.350469 4.96644 0.049306 0.0538229 125.571
37777 13 0.01 0.3 32.9 -0.408955 -0.304955 4.69895 -0.0578873 -0.0439119 125.571
42036 13 0.01 0.3 32.9 -0.159087 -0.478639 5.93646 -0.0290233 -0.0858964 125.571
42384 13 0.01 0.3 32.9 -0.220596 0.0679719 5.0497 -0.0336564 0.00943443 125.571
43609 13 0.01 0.3 32.9 -0.434024 -0.382856 7.87672 -0.102477 -0.0922358 125.571
44223 13 0.01 0.3 32.9 0.121742 -0.348692 0.803472 0.00449956 -0.00762641 125.571
46049 13 0.01 0.3 32.9 -0.432737 -0.0667143 6.51333 -0.0878757 -0.0131503 125.571
46669 13 0.01 0.3 32.9 -0.483803 -0.229834 6.39495 -0.0943433 -0.0421042 125.571
46760 13 0.01 0.3 32.9 -0.324152 0.164281 3.78067 -0.0371686 0.0238581 125.571
48178 13 0.01 0.3 32.9 -0.480518 0.25314 5.1314 -0.0739137 0.0414252 125.571
50019 13 0.01 0.3 32.9 -0.13689 0.215264 2.54546 -0.00945517 0.0162693 125.571
50701 13 0.01 0.3 32.9 -0.169915 0.30771 3.2662 -0.0172651 0.0298558 125.571
52631 13 0.01 0.3 32.9 -0.0335292 -0.438411 1.79833 -0.00113998 -0.0230031 125.571
55700 13 0.01 0.3 32.9 -0.214252 -0.0191637 6.90575 -0.0454889 -0.00152449 125.571
56661 13 0.01 0.3 32.9 0.452432 0.121083 0.531781 0.00738108 0.00342845 125.571
56855 13 0.01 0.3 32.9 -0.115337 0.207627 6.18579 -0.0218335 0.0384415 125.571
59516 13 0.01 0.3 32.9 0.0949712 0.195913 3.12866 0.00816362 0.0201352 125.571
59687 13 0.01 0.3 32.9 -0.155531 0.486162 4.60128 -0.0236169 0.0674311 125.571
59879 13 0.01 0.3 32.9 0.338547 -0.329892 4.54168 0.0482141 -0.044077 125.571
66707 13 0.01 0.3 32.9 0.339511 -0.48966 7.99131 0.078151 -0.116375 125.571
70026 13 0.01 0.3 32.9 0.282197 0.416036 9.34125 0.0803743 0.119178 125.571
72342 13 0.01 0.3 32.9 0.11161 -0.489895 2.70726 0.00880054 -0.0393332 125.571
74993 13 0.01 0.3 32.9 0.369435 -0.292875 2.16756 0.0249765 -0.01755 125.571
76607 13 0.01 0.3 32.9 -0.291043 -0.323056 20.0989 -0.181265 -0.196068 125.571
77708 13 0.01 0.3 32.9 0.342721 0.296876 7.73578 0.0807695 0.0718482 125.571
78742 13 0.01 0.3 32.9 -0.454706 0.171974 1.67106 -0.0228864 0.00769783 125.571
82070 13 0.01 0.3 32.9 0.261683 -0.176857 5.92349 0.0467904 -0.0313221 125.571
83318 13 0.01 0.3 32.9 -0.177412 0.223025 3.21377 -0.0196929 0.0212968 125.571
83987 13 0.01 0.3 32.9 -0.230471 -0.1854 7.12509 -0.0499112 -0.0394141 125.571
84861 13 0.01 0.3 32.9 0.489413 -0.011278 6.47913 0.0949398 -0.00114974 125.571
87297 13 0.01 0.3 32.9 0.132393 0.359269 3.32561 0.0150871 0.0376281 125.571
90327 13 0.01 0.3 32.9 -0.206122 -0.497592 3.04994 -0.0210744 -0.0434217 125.571
90612 13 0.01 0.3 32.9 -0.196181 -0.206777 5.012 -0.0295385 -0.0292456 125.571
90861 13 0.01 0.3 32.9 -0.401518 -0.209409 3.99041 -0.0460638 -0.0266342 125.571
91052 13 0.01 0.3 32.9 0.0224301 -0.0143004 10.1607 0.00868793 -0.0059531 125.571
91469 13 0.01 0.3 32.9 0.365219 -0.479756 7.86412 0.0865198 -0.113559 125.571
93808 13 0.01 0.3 32.9 -0.335689 0.338206 4.94368 -0.0506621 0.051885 125.571
98348 13 0.01 0.3 32.9 -0.34761 0.427743 6.9192 -0.0698078 0.0917277 125.571
101099 13 0.01 0.3 32.9 -0.0383705 0.239868 10.6371 -0.0118098 0.0766242 125.571
102657 13 0.01 0.3 32.9 -0.492694 -0.0572092 4.55404 -0.0697749 -0.00812925 125.571
103175 13 0.01 0.3 32.9 -0.0457394 -0.163944 5.54684 -0.00852775 -0.025254 125.571
104681 13 0.01 0.3 32.9 0.493311 0.15641 4.24932 0.0625963 0.019822 125.571
104988 13 0.01 0.3 32.9 -0.349435 -0.0624691 1.76193 -0.0212486 -0.00185437 125.571
107001 13 0.01 0.3 32.9 -0.373317 0.237953 5.10689 -0.0587032 0.0378816 125.571
109012 13 0.01 0.3 32.9 -0.377174 -0.108855 3.67602 -0.0424902 -0.0100975 125.571
111603 13 0.01 0.3 32.9 -0.258092 0.0963196 9.25839 -0.0722914 0.0279171 125.571
118529 13 0.01 0.3 32.9 -0.0473651 0.495253 3.72141 -0.00599712 0.0559061 125.571
118659 13 0.01 0.3 32.9 0.217088 -0.386357 3.78111 0.0245859 -0.0410638 125.571
123740 13 0.01 0.3 32.9 -0.377505 0.105449 8.57066 -0.0977519 0.0295739 125.571
129240 13 0.01 0.3 32.9 -0.418646 -0.370656 5.68447 -0.0718545 -0.0634362 125.571
129716 13 0.01 0.3 32.9 -0.218759 0.134235 10.3965 -0.0682929 0.0414665 125.571
130752 13 0.01 0.3 32.9 -0.454832 0.475026 4.10847 -0.0567923 0.0598788 125.571
132008 13 0.01 0.3 32.9 0.0302934 0.221136 2.82499 0.00264072 0.018875 125.571
132208 13 0.01 0.3 32.9 0.362643 -0.450828 5.08399 0.0548802 -0.0686891 125.571
133443 13 0.01 0.3 32.9 0.139542 0.29149 2.95865 0.0123292 0.0235224 125.571
135032 13 0.01 0.3 32.9 -0.0371283 0.258205 2.73597 -0.00245676 0.0216614 125.571
135635 13 0.01 0.3 32.9 0.152702 0.364488 2.73142 0.0129085 0.030552 125.571
135717 13 0.01 0.3 32.9 0.0175813 0.0423109 3.64755 0.00172212 0.00484746 125.571
138346 13 0.01 0.3 32.9 -0.433676 -0.251953 6.00873 -0.0795729 -0.0429669 125.571
138364 13 0.01 0.3 32.9 0.080112 0.166433 3.06032 0.00802383 0.0159568 125.571
141246 13 0.01 0.3 32.9 0.409572 -0.124049 4.10007 0.0485582 -0.0143278 125.571
143614 13 0.01 0.3 32.9 0.267256 -0.387056 6.39335 0.048279 -0.074758 125.571
144590 13 0.01 0.3 32.9 0.0991793 0.0429326 6.74375 0.0218086 0.0127101 125.571
145193 13 0.01 0.3 32.9 -0.450051 -0.18254 6.09209 -0.0807332 -0.0329001 125.571
145403 13 0.01 0.3 32.9 0.0862061 -0.385557 4.11832 0.0092644 -0.0465376 125.571
146630 13 0.01 0.3 32.9 -0.370818 0.310446 3.31047 -0.038014 0.0306356 125.571
147819 13 0.01 0.3 32.9 -0.384708 0.325371 13.0054 -0.154513 0.127938 125.571
148103 13 0.01 0.3 32.9 -0.430541 0.196493 5.703 -0.0751276 0.035135 125.571
149590 13 0.01 0.3 32.9 0.306496 -0.381079 1.56689 0.0157072 -0.017168 125.571
149641 13 0.01 0.3 32.9 -0.339239 0.1053 7.74208 -0.0805218 0.0241773 125.571
150399 13 0.01 0.3 32.9 -0.431296 0.3116 3.33133 -0.0428793 0.0318931 125.571
150437 13 0.01 0.3 32.9 -0.296865 -0.411089 4.46036 -0.0412271 -0.0569652 125.571
151916 13 0.01 0.3 32.9 0.0349966 0.0993505 6.25526 0.00798843 0.0200482 125.571
153211 13 0.01 0.3 32.9 0.154534 0.373291 3.76265 0.0197852 0.0438135 125.571
158219 13 0.01 0.3 32.9 -0.300033 0.472786 11.8413 -0.107627 0.170276 125.571
158673 13 0.01 0.3 32.9 0.00101622 -0.249193 6.21498 -0.000174727 -0.0451405 125.571
163157 13 0.01 0.3 32.9 0.46152 0.13012 6.02336 0.0848921 0.0241686 125.571
163893 13 0.01 0.3 32.9 0.499465 0.401247 2.42842 0.0379808 0.0313476 125.571
166603 13 0.01 0.3 32.9 -0.469571 0.383424 0.634427 -0.00693985 0.00828773 125.571
167849 13 0.01 0.3 32.9 0.0450439 0.126935 2.6407 0.00427132 0.0112618 125.571
168224 13 0.01 0.3 32.9 0.42231 0.294575 4.57676 0.0597623 0.0400097 125.571
170167 13 0.01 0.3 32.9 0.254929 -0.176756 5.97959 0.0465801 -0.030978 125.571
171745 13 0.01 0.3 32.9 -0.188792 -0.28593 7.03678 -0.0398798 -0.061029 125.571
171787 13 0.01 0.3 32.9 0.385198 -0.479284 5.32044 0.060827 -0.0762344 125.571
172924 13 0.01 0.3 32.9 -0.215328 0.436556 7.99015 -0.0495796 0.105724 125.571
173456 13 0.01 0.3 32.9 -0.335042 -0.0188703 6.95896 -0.0716587 -0.00542747 125.571
174922 13 0.01 0.3 32.9 0.282337 0.317871 6.31469 0.0544898 0.0621684 125.571
177111 13 0.01 0.3 32.9 0.348074 -0.144453 5.46718 0.0572709 -0.0195278 125.571
178643 13 0.01 0.3 32.9 0.189701 -0.389503 8.35264 0.0468035 -0.0986114 125.571
182778 13 0.01 0.3 32.9 0.470236 -0.00263529 5.18087 0.0754323 0.000758824 125.571
186513 13 0.01 0.3 32.9 0.437019 0.316952 3.93832 0.0531832 0.0390697 125.571
187078 13 0.01 0.3 32.9 -0.200067 -0.206894 3.68673 -0.0232151 -0.023744 125.571
189304 13 0.01 0.3 32.9 -0.351619 0.33841 4.02946 -0.0421256 0.0416194 125.571
190328 13 0.01 0.3 32.9 -0.270096 -0.103121 3.1647 -0.0248944 -0.00908185 125.571
190516 13 0.01 0.3 32.9 -0.0474122 0.103072 4.39759 -0.0064707 0.013298 125.571
191981 13 0.01 0.3 32.9 0.208746 -0.235117 2.69181 0.015531 -0.0204291 125.571
192703 13 0.01 0.3 32.9 -0.160605 0.284453 1.42824 -0.00740974 0.0128358 125.571
194118 13 0.01 0.3 32.9 -0.46112 -0.286217 10.4011 -0.145922 -0.0912687 125.571
198090 13 0.01 0.3 32.9 0.44001 0.0232343 5.62418 0.0754964 0.00456863 125.571
201839 13 0.01 0.3 32.9 0.261948 0.353367 2.4641 0.0208096 0.0261656 125.571
202075 13 0.01 0.3 32.9 -0.218791 0.360724 2.54216 -0.016563 0.0290298 125.571
204904 13 0.01 0.3 32.9 -0.368847 0.00145017 4.34258 -0.0489205 0.00348509 125.571
211964 13 0.01 0.3 32.9 -0.114242 -0.309237 3.83321 -0.0143241 -0.0330888 125.571
214578 13 0.01 0.3 32.9 0.268189 0.442338 3.74463 0.0334383 0.0514319 125.571
214782 13 0.01 0.3 32.9 0.16504 -0.031086 3.24872 0.0155609 -0.00090619 125.571
217448 13 0.01 0.3 32.9 -0.370577 0.478029 3.20865 -0.03775 0.0489531 125.571
217680 13 0.01 0.3 32.9 -0.423468 0.333106 5.03504 -0.0650097 0.0517644 125.571
218132 13 0.01 0.3 32.9 0.22261 -0.454562 2.55556 0.0156689 -0.0346909 125.571
219363 13 0.01 0.3 32.9 -0.242642 0.397731 6.1025 -0.0461198 0.0738 125.571
224296 13 0.01 0.3 32.9 0.0528694 0.483476 1.61929 0.000359213 0.0259529 125.571
224399 13 0.01 0.3 32.9 -0.0942969 -0.181404 2.63372 -0.00955775 -0.012268 125.571
225769 13 0.01 0.3 32.9 0.372065 0.273356 7.05782 0.0778637 0.059297 125.571
227278 13 0.01 0.3 32.9 -0.478797 -0.338434 6.36719 -0.0968692 -0.0654836 125.571
227751 13 0.01 0.3 32.9 0.094708 0.101641 2.24545 0.00481911 0.00957415 125.571
228086 13 0.01 0.3 32.9 0.111168 0.131069 2.52403 0.00829469 0.00976746 125.571
231072 13 0.01 0.3 32.9 -0.475538 -0.0432454 3.61329 -0.0531453 -0.00327367 125.571
235185 13 0.01 0.3 32.9 0.267683 0.387698 6.03458 0.0471458 0.0715624 125.571
237164 13 0.01 0.3 32.9 -0.131592 -0.418473 8.65972 -0.0337979 -0.110793 125.571
237589 13 0.01 0.3 32.9 0.4344 -0.304882 3.70438 0.0461865 -0.0336802 125.571
238826 13 0.01 0.3 32.9 0.227112 -0.051021 11.7236 0.078991 -0.0183983 125.571
244902 13 0.01 0.3 32.9 0.0640247 -0.0548986 3.84187 0.00729458 -0.00662538 125.571
245399 13 0.01 0.3 32.9 -0.376158 0.343861 5.7949 -0.0675162 0.0592205 125.571
249361 13 0.01 0.3 32.9 -0.320484 -0.242023 5.68727 -0.0537576 -0.0395936 125.571
251976 13 0.01 0.3 32.9 0.332577 -0.333553 3.9367 0.040369 -0.0392847 125.571
255552 13 0.01 0.3 32.9 0.46738 -0.457795 5.75154 0.0800273 -0.0767065 125.571
255589 13 0.01 0.3 32.9 0.20206 -0.150414 6.93754 0.0445168 -0.0325787 125.571
256078 13 0.01 0.3 32.9 -0.0804412 -0.441489 6.34462 -0.0154727 -0.0844429 125.571
256685 13 0.01 0.3 32.9 0.14324 0.0992371 4.96346 0.022977 0.0137095 125.571
257157 13 0.01 0.3 32.9 -0.14452 0.353054 3.0364 -0.0160363 0.0333235 125.571
261957 13 0.01 0.3 32.9 0.397545 0.0281566 3.37253 0.0400313 0.0044869 125.571
262529 13 0.01 0.3 32.9 0.3887 -0.140391 6.92722 0.0821005 -0.029294 125.571
263252 13 0.01 0.3 32.9 -0.14201 0.102706 8.13357 -0.0368528 0.0260877 125.571
265861 13 0.01 0.3 32.9 0.146643 0.387798 10.2189 0.0478366 0.123083 125.571
268654 13 0.01 0.3 32.9 -0.382466 0.00216049 7.15499 -0.0836494 0.0025071 125.571
272803 13 0.01 0.3 32.9 -0.25089 -0.432082 5.73499 -0.0422945 -0.0730888 125.571
278273 13 0.01 0.3 32.9 -0.485337 -0.177615 5.31458 -0.0777025 -0.0291388 125.571
278917 13 0.01 0.3 32.9 0.424898 0.33854 4.32424 0.0573551 0.0478299 125.571
282965 13 0.01 0.3 32.9 0.285257 -0.163476 4.41211 0.038308 -0.0213874 125.571
290005 13 0.01 0.3 32.9 -0.0972647 0.407668 4.67516 -0.0140132 0.0585022 125.571
294102 13 0.01 0.3 32.9 -0.00268652 -0.318511 5.06254 0.000370967 -0.0503931 125.571
294203 13 0.01 0.3 32.9 0.492196 0.433904 4.09032 0.061358 0.0566428 125.571
296661 13 0.01 0.3 32.9 0.257876 0.380253 3.76107 0.0300377 0.047383 125.571
298941 13 0.01 0.3 32.9 -0.206614 0.111171 2.03169 -0.0112632 0.0087649 125.571
303888 13 0.01 0.3 32.9 -0.271664 0.0284908 4.27851 -0.033332 0.00297088 125.571
305695 13 0.01 0.3 32.9 0.476693 0.187616 4.71185 0.0673848 0.0291087 125.571
306626 13 0.01 0.3 32.9 0.055753 -0.22537 3.76481 0.0081955 -0.0263044 125.571
307197 13 0.01 0.3 32.9 -0.172875 -0.0895328 6.89927 -0.0390615 -0.0179189 125.571
307931 13 0.01 0.3 32.9 0.178912 0.406601 13.1104 0.0709691 0.162793 125.571
310096 13 0.01 0.3 32.9 0.331462 0.376657 7.7051 0.0783412 0.0872202 125.571
311754 13 0.01 0.3 32.9 -0.174913 0.315922 4.79476 -0.0231423 0.0456641 125.571
314421 13 0.01 0.3 32.9 0.0448043 -0.461408 5.50655 0.00596965 -0.0778496 125.571
314905 13 0.01 0.3 32.9 0.236246 -0.411623 5.84082 0.0446992 -0.0735539 125.571
315813 13 0.01 0.3 32.9 -0.453717 -0.417858 1.45855 -0.0208885 -0.0192106 125.571
317029 13 0.01 0.3 32.9 0.44096 -0.230044 5.05679 0.0693373 -0.0356675 125.571
319420 13 0.01 0.3 32.9 -0.0481875 0.0153601 20.0874 -0.0296557 0.0099449 125.571
320817 13 0.01 0.3 32.9 0.489588 0.39491 5.53314 0.0797508 0.0662431 125.571
323415 13 0.01 0.3 32.9 0.404621 0.0703673 3.19457 0.03867 0.00738105 125.571
324887 13 0.01 0.3 32.9 0.109591 0.0345358 4.53535 0.0135129 0.00720245 125.571
325759 13 0.01 0.3 32.9 -0.30732 0.298953 6.62786 -0.0635142 0.0630667 125.571
326496 13 0.01 0.3 32.9 -0.230025 -0.188411 5.27409 -0.0357494 -0.0324616 125.571
326748 13 0.01 0.3 32.9 -0.177139 -0.00672445 4.30467 -0.0229277 5.49752e-05 125.571
328803 13 0.01 0.3 32.9 -0.384469 -0.131219 5.65219 -0.0683766 -0.020064 125.571
330166 13 0.01 0.3 32.9 0.112127 -0.383765 3.04606 0.0121866 -0.0334695 125.571
331167 13 0.01 0.3 32.9 0.0408183 -0.476157 5.22617 0.00663636 -0.0753971 125.571
331976 13 0.01 0.3 32.9 0.1225 0.0198473 2.18673 0.00924133 -0.000534807 125.571
332149 13 0.01 0.3 32.9 0.401666 0.127668 1.89317 0.0232837 0.00708472 125.571
332631 13 0.01 0.3 32.9 0.458064 -0.00200843 5.0886 0.0722537 -0.00119602 125.571
334963 13 0.01 0.3 32.9 0.302112 -0.310309 2.81392 0.0247173 -0.0265608 125.571
335856 13 0.01 0.3 32.9 -0.188684 -0.0957412 2.45403 -0.0163895 -0.00485555 125.571
336466 13 0.01 0.3 32.9 0.195818 -0.214651 4.87586 0.0297332 -0.028966 125.571
336815 13 0.01 0.3 32.9 -0.186257 0.33837 12.8189 -0.0727707 0.131271 125.571
339773 13 0.01 0.3 32.9 0.0354933 -0.0730829 5.17501 0.00302487 -0.00964376 125.571
340085 13 0.01 0.3 32.9 -0.0739118 -0.00912087 1.94144 -0.00363508 0.000747294 125.571
341644 13 0.01 0.3 32.9 0.386991 0.165655 2.83708 0.0324903 0.0157695 125.571
341781 13 0.01 0.3 32.9 -0.189831 0.041806 2.06779 -0.0138966 0.00306763 125.571
343572 13 0.01 0.3 32.9 -0.18999 0.33043 7.77063 -0.0421652 0.0800046 125.571
343893 13 0.01 0.3 32.9 0.434541 -0.416682 6.80925 0.0880512 -0.0852992 125.571
345264 13 0.01 0.3 32.9 -0.424272 -0.306826 5.0613 -0.0649353 -0.0482164 125.571
345399 13 0.01 0.3 32.9 0.251671 0.0586267 1.34734 0.0102341 0.00298226 125.571
345688 13 0.01 0.3 32.9 -0.122134 0.45869 7.99034 -0.0293472 0.111519 125.571
347571 13 0.01 0.3 32.9 -0.176118 -0.488376 7.09208 -0.0390411 -0.104323 125.571
349820 13 0.01 0.3 32.9 0.225271 -0.463438 10.9848 0.0754788 -0.152163 125.571
351365 13 0.01 0.3 32.9 -0.395464 -0.0553821 5.13335 -0.0617003 -0.00807816 125.571
353203 13 0.01 0.3 32.9 0.417817 0.176657 5.52112 0.0694947 0.03014 125.571
356137 13 0.01 0.3 32.9 -0.389324 -0.138862 5.35917 -0.0639155 -0.0225731 125.571
356250 13 0.01 0.3 32.9 0.0954801 0.194981 2.53471 0.00822167 0.0160503 125.571
363493 13 0.01 0.3 32.9 0.378504 -0.236619 5.96788 0.0703038 -0.041982 125.571
366532 13 0.01 0.3 32.9 0.202112 -0.127903 2.14485 0.013006 -0.00726374 125.571
366896 13 0.01 0.3 32.9 0.447368 0.153308 5.77692 0.0762666 0.0271773 125.571
368232 13 0.01 0.3 32.9 -0.0337983 0.184995 8.42273 -0.00818222 0.0467622 125.571
370412 13 0.01 0.3 32.9 0.14555 -0.163889 5.22091 0.0227581 -0.0257421 125.571
371433 13 0.01 0.3 32.9 0.198283 0.205077 4.81663 0.0291881 0.0309967 125.571
372992 13 0.01 0.3 32.9 -0.351314 0.122135 23.4211 -0.248369 0.0864972 125.571
373406 13 0.01 0.3 32.9 -0.394884 0.32531 4.91147 -0.0589397 0.0488803 125.571
373517 13 0.01 0.3 32.9 -0.113682 0.0979461 4.66517 -0.0160394 0.0143262 125.571
378837 13 0.01 0.3 32.9 -0.124376 0.405267 7.29074 -0.0264682 0.0889802 125.571
379410 13 0.01 0.3 32.9 -0.380734 -0.309403 3.52204 -0.0411758 -0.0319785 125.571
386199 13 0.01 0.3 32.9 0.491125 0.368423 4.44218 0.0669915 0.0498161 125.571
386718 13 0.01 0.3 32.9 0.369408 0.464123 15.2591 0.171439 0.216236 125.571
387404 13 0.01 0.3 32.9 -0.134903 -0.0540216 3.22324 -0.0101366 -0.00376621 125.571
389636 13 0.01 0.3 32.9 0.328898 -0.304564 2.85651 0.0257831 -0.0257936 125.571
390025 13 0.01 0.3 32.9 0.141551 -0.133904 5.37889 0.0223963 -0.0198689 125.571
392905 13 0.01 0.3 32.9 -0.431919 -0.47645 4.6121 -0.0588015 -0.0644689 125.571
393170 13 0.01 0.3 32.9 -0.466869 0.342184 2.42886 -0.0353198 0.0240508 125.571
397324 13 0.01 0.3 32.9 -0.212875 -0.332967 4.06802 -0.0281434 -0.0379779 125.571
398565 13 0.01 0.3 32.9 -0.322575 0.284971 5.35794 -0.0528412 0.0468567 125.571
400502 13 0.01 0.3 32.9 0.341853 0.0884731 5.14524 0.055401 0.0149194 125.571
401711 13 0.01 0.3 32.9 0.287127 -0.364235 1.079 0.0104284 -0.0125864 125.571
401712 13 0.01 0.3 32.9 -0.483687 0.248455 5.98821 -0.0880357 0.0457726 125.571
402172 13 0.01 0.3 32.9 0.393279 0.139157 6.89705 0.0829314 0.0290009 125.571
403736 13 0.01 0.3 32.9 0.491165 0.12533 6.98325 0.105632 0.0298529 125.571
405470 13 0.01 0.3 32.9 -0.170655 -0.263486 6.67815 -0.0335978 -0.0528997 125.571
407336 13 0.01 0.3 32.9 -0.298069 -0.438892 2.99051 -0.0269485 -0.0407522 125.571
408044 13 0.01 0.3 32.9 -0.163828 -0.227909 15.353 -0.0781757 -0.10271 125.571
408109 13 0.01 0.3 32.9 0.0983769 -0.477824 6.43495 0.022161 -0.089801 125.571
410803 13 0.01 0.3 32.9 0.388255 -0.496981 0.80046 0.00561236 -0.0121452 125.571
411305 13 0.01 0.3 32.9 -0.327326 0.422902 5.54248 -0.0561858 0.0739714 125.571
411697 13 0.01 0.3 32.9 0.324868 -0.497518 7.6601 0.0748144 -0.114464 125.571
411840 13 0.01 0.3 32.9 0.188946 -0.0896956 2.86797 0.0151878 -0.0074798 125.571
412045 13 0.01 0.3 32.9 0.322968 0.264159 1.95569 0.0188331 0.018268 125.571
412914 13 0.01 0.3 32.9 0.0992027 0.107296 8.92312 0.0260651 0.027983 125.571
414188 13 0.01 0.3 32.9 -0.203048 0.303271 5.41647 -0.0333361 0.0487178 125.571
414374 13 0.01 0.3 32.9 0.373923 0.0558937 5.47703 0.0612302 0.0116809 125.571
414670 13 0.01 0.3 32.9 0.194607 -0.42735 6.90642 0.039834 -0.0930304 125.571
414822 13 0.01 0.3 32.9 0.0405609 -0.0476468 3.66022 0.00721026 -0.00403036 125.571
415556 13 0.01 0.3 32.9 0.227665 0.499761 5.0428 0.0358801 0.078041 125.571
417662 13 0.01 0.3 32.9 -0.186938 -0.213986 3.1506 -0.017939 -0.0194556 125.571
424926 13 0.01 0.3 32.9 -0.308156 0.174019 5.5307 -0.0527039 0.0277747 125.571
425141 13 0.01 0.3 32.9 -0.30728 -0.0587645 4.09761 -0.0387474 -0.00573898 125.571
426835 13 0.01 0.3 32.9 -0.42004 0.133791 4.56897 -0.056817 0.0221927 125.571
430282 13 0.01 0.3 32.9 0.482985 0.414104 3.51326 0.0524172 0.0444352 125.571
432117 13 0.01 0.3 32.9 -0.350872 0.4537 9.32659 -0.101896 0.12851 125.571
441813 13 0.01 0.3 32.9 0.188442 0.202401 4.57344 0.0270973 0.028882 125.571
445389 13 0.01 0.3 32.9 -0.123467 -0.0571567 3.00297 -0.0121673 -0.00574345 125.571
445955 13 0.01 0.3 32.9 0.0123035 -0.479145 4.11279 0.000608718 -0.0591668 125.571
446085 13 0.01 0.3 32.9 -0.205627 0.456242 1.14544 -0.0052644 0.0159662 125.571
446388 13 0.01 0.3 32.9 -0.0696338 -0.192106 4.95934 -0.00939795 -0.0271509 125.571
446490 13 0.01 0.3 32.9 0.319755 -0.140343 12.9219 0.125928 -0.0549077 125.571
446783 13 0.01 0.3 32.9 -0.374996 0.0264609 4.62526 -0.0522858 0.00273796 125.571
448421 13 0.01 0.3 32.9 0.300403 -0.29185 4.54785 0.0435098 -0.0412927 125.571
449267 13 0.01 0.3 32.9 0.0575991 0.393338 4.28743 0.00892667 0.0506922 125.571
450102 13 0.01 0.3 32.9 -0.399565 -0.348003 4.84483 -0.0588178 -0.0532965 125.571
450559 13 0.01 0.3 32.9 0.458922 -0.290378 8.7569 0.121329 -0.0756898 125.571
451209 13 0.01 0.3 32.9 -0.273739 0.304499 6.82946 -0.0551496 0.0656152 125.571
453554 13 0.01 0.3 32.9 -0.274895 -0.0219184 5.93867 -0.0488869 -0.00550823 125.571
454270 13 0.01 0.3 32.9 0.0697915 -0.206922 5.65616 0.0136894 -0.0345909 125.571
455275 13 0.01 0.3 32.9 0.322806 0.339976 4.68701 0.0464993 0.0471584 125.571
457012 13 0.01 0.3 32.9 0.0953048 0.441771 4.94651 0.0154614 0.0652308 125.571
461261 13 0.01 0.3 32.9 0.293698 -0.0185128 3.96378 0.036914 0.00108641 125.571
462421 13 0.01 0.3 32.9 0.0606262 0.260155 6.27322 0.0131296 0.0505693 125.571
463682 13 0.01 0.3 32.9 -0.312781 0.184445 2.44715 -0.022954 0.0137254 125.571
463928 13 0.01 0.3 32.9 0.331265 -0.479939 5.52105 0.0543695 -0.0794107 125.571
466652 13 0.01 0.3 32.9 -0.169181 -0.48825 12.2568 -0.0622852 -0.181217 125.571
468127 13 0.01 0.3 32.9 -0.488985 -0.00443391 9.61793 -0.142294 -0.00290307 125.571
468496 13 0.01 0.3 32.9 0.288252 0.484557 5.18927 0.0460809 0.0770678 125.571
469539 13 0.01 0.3 32.9 0.281471 -0.136845 8.51976 0.0736821 -0.0344355 125.571
469870 13 0.01 0.3 32.9 -0.345319 0.388672 2.99979 -0.0292821 0.0348935 125.571
471895 13 0.01 0.3 32.9 -0.279941 -0.147469 3.06865 -0.0258384 -0.0150253 125.571
477229 13 0.01 0.3 32.9 -0.445498 -0.231841 4.08334 -0.0545134 -0.0283927 125.571
478773 13 0.01 0.3 32.9 0.340911 0.172427 16.3335 0.168596 0.0894376 125.571
483979 13 0.01 0.3 32.9 0.196387 0.257415 9.553 0.0543162 0.0758472 125.571
483989 13 0.01 0.3 32.9 -0.264371 -0.416852 7.98374 -0.0661757 -0.100656 125.571
484755 13 0.01 0.3 32.9 0.385968 -0.0972094 7.00328 0.080903 -0.0197849 125.571
486471 13 0.01 0.3 32.9 -0.352221 -0.252689 7.62135 -0.08082 -0.057566 125.571
490108 13 0.01 0.3 32.9 0.221303 -0.10329 4.51989 0.029116 -0.0143099 125.571
490802 13 0.01 0.3 32.9 -0.454623 -0.142873 4.72254 -0.065942 -0.0204764 125.571
491549 13 0.01 0.3 32.9 0.287716 0.222823 4.98441 0.0440357 0.0357337 125.571
492313 13 0.01 0.3 32.9 -0.410432 0.381167 8.1231 -0.100017 0.0970114 125.571
493075 13 0.01 0.3 32.9 -0.23835 0.486287 2.85822 -0.0225266 0.0422492 125.571
495617 13 0.01 0.3 32.9 -0.176116 -0.386909 10.8109 -0.0569324 -0.127918 125.571
498349 13 0.01 0.3 32.9 -0.289863 -0.160796 9.84732 -0.0857815 -0.0485575 125.571
498388 13 0.01 0.3 32.9 -0.297404 0.337501 7.78559 -0.0714683 0.0806829 125.571
