1605 2 0.01 0.1 32.9 -0.225709 0.0996295 3.77267 -0.0279751 0.0133059 176.624
1649 2 0.01 0.1 32.9 -0.410602 0.30866 2.24109 -0.0246687 0.0219799 176.624
2466 2 0.01 0.1 32.9 -0.333671 0.0113585 1.73938 -0.0150971 0.00243202 176.624
3068 2 0.01 0.1 32.9 -0.294931 0.447248 3.19884 -0.0288643 0.0444736 176.624
3708 2 0.01 0.1 32.9 -0.18062 0.404916 3.20354 -0.0176618 0.0372495 176.624
4426 2 0.01 0.1 32.9 -0.148958 0.283824 1.18663 -0.00514126 0.0109194 176.624
5201 2 0.01 0.1 32.9 0.369971 -0.405235 4.61876 0.0520231 -0.0556041 176.624
5245 2 0.01 0.1 32.9 -0.168979 -0.497029 1.21119 -0.0062109 -0.0179363 176.624
6861 2 0.01 0.1 32.9 0.496733 -0.355382 2.27736 0.0336145 -0.0226342 176.624
9720 2 0.01 0.1 32.9 -0.338515 -0.292341 1.88131 -0.0177067 -0.0156123 176.624
12382 2 0.01 0.1 32.9 -0.113478 -0.100485 1.69502 -0.00452332 -0.00248049 176.624
13593 2 0.01 0.1 32.9 -0.33253 0.0151519 1.64172 -0.0142734 0.00395309 176.624
14657 2 0.01 0.1 32.9 0.478487 0.487997 6.66624 0.0961111 0.100859 176.624
15245 2 0.01 0.1 32.9 -0.190202 0.437505 4.67462 -0.0281852 0.0629227 176.624
17550 2 0.01 0.1 32.9 0.19009 0.0625592 4.45213 0.0263592 0.0101701 176.624
18393 2 0.01 0.1 32.9 0.127713 -0.0666004 2.25541 0.00434969 -0.00324108 176.624
20036 2 0.01 0.1 32.9 -0.216422 0.473047 2.69757 -0.0185156 0.0401613 176.624
23805 2 0.01 0.1 32.9 0.0252819 -0.277298 3.86773 0.00140042 -0.0338901 176.624
25436 2 0.01 0.1 32.9 -0.485114 -0.0101909 1.05743 -0.01815 0.000534717 176.624
26726 2 0.01 0.1 32.9 -0.203314 0.244965 2.13642 -0.0142441 0.0133017 176.624
26787 2 0.01 0.1 32.9 -0.333501 -0.479675 2.47605 -0.0258208 -0.0342278 176.624
27417 2 0.01 0.1 32.9 -0.154993 -0.0968803 0.825043 -0.00411841 -0.00314688 176.624
28099 2 0.01 0.1 32.9 -0.451013 0.370515 2.87213 -0.0389818 0.0311891 176.624
30408 2 0.01 0.1 32.9 0.252193 0.260809 2.72209 0.0195038 0.0222363 176.624
32166 2 0.01 0.1 32.9 0.240565 0.168862 3.35866 0.0233327 0.0190849 176.624
34022 2 0.01 0.1 32.9 -0.453631 -0.180509 4.67758 -0.0642719 -0.0258906 176.624
34248 2 0.01 0.1 32.9 0.380697 0.322569 1.87247 0.0232951 0.0172929 176.624
34781 2 0.01 0.1 32.9 -0.436547 -0.0387051 4.12405 -0.0531327 -0.00338344 176.624
38345 2 0.01 0.1 32.9 0.119264 -0.306412 1.46224 0.00453067 -0.0121278 176.624
38796 2 0.01 0.1 32.9 0.451298 -0.407524 1.59311 0.0198164 -0.0191947 176.624
41181 2 0.01 0.1 32.9 0.396953 0.140933 1.93504 0.0236943 0.00841627 176.624
48186 2 0.01 0.1 32.9 -0.442168 0.411707 4.85005 -0.0656159 0.0600591 176.624
49880 2 0.01 0.1 32.9 -0.183086 -0.326901 4.01955 -0.0239286 -0.037419 176.624
50107 2 0.01 0.1 32.9 0.464536 -0.4326 1.35138 0.02008 -0.0175582 176.624
51596 2 0.01 0.1 32.9 0.488634 0.209593 0.972618 0.0130189 0.00706649 176.624
52198 2 0.01 0.1 32.9 0.318014 0.349399 2.18798 0.0220017 0.0241286 176.624
53531 2 0.01 0.1 32.9 -0.399745 -0.3244 5.51566 -0.0663083 -0.053511 176.624
53863 2 0.01 0.1 32.9 -0.287817 0.402316 2.88234 -0.0274011 0.0366722 176.624
56808 2 0.01 0.1 32.9 0.339911 0.413519 2.69918 0.0294779 0.0352358 176.624
65490 2 0.01 0.1 32.9 0.450906 0.2976 2.90391 0.0398678 0.0282536 176.624
70929 2 0.01 0.1 32.9 -0.343774 -0.434686 9.77521 -0.10283 -0.130212 176.624
75606 2 0.01 0.1 32.9 0.187479 0.203533 2.61041 0.0156795 0.0177971 176.624
75801 2 0.01 0.1 32.9 -0.19436 0.291524 2.16954 -0.0117779 0.0203217 176.624
75929 2 0.01 0.1 32.9 0.292955 0.1305 1.87966 0.0172615 0.00874406 176.624
76892 2 0.01 0.1 32.9 0.0359918 -0.154003 1.17315 0.000447324 -0.00404772 176.624
78910 2 0.01 0.1 32.9 0.498052 -0.108416 4.22595 0.0643311 -0.0131842 176.624
80221 2 0.01 0.1 32.9 0.468985 0.0683952 3.01778 0.0438713 0.00672984 176.624
81096 2 0.01 0.1 32.9 -0.474234 -0.262576 2.58092 -0.0374111 -0.0199627 176.624
83395 2 0.01 0.1 32.9 0.442068 -0.412133 2.27155 0.0312794 -0.0287392 176.624
87496 2 0.01 0.1 32.9 0.440655 -0.00156819 2.9411 0.038525 0.00158416 176.624
88135 2 0.01 0.1 32.9 0.126214 -0.257213 4.45318 0.0179073 -0.034841 176.624
91657 2 0.01 0.1 32.9 0.016506 -0.0820965 2.86044 0.00299154 -0.00545343 176.624
91963 2 0.01 0.1 32.9 -0.466047 -0.0976668 3.5071 -0.0503593 -0.0091414 176.624
94706 2 0.01 0.1 32.9 0.0485142 0.475166 2.33959 0.00380527 0.0347043 176.624
98739 2 0.01 0.1 32.9 -0.264736 -0.21552 2.80751 -0.0196212 -0.0195802 176.624
99973 2 0.01 0.1 32.9 -0.117541 0.37282 1.22196 -0.00516274 0.0133899 176.624
101793 2 0.01 0.1 32.9 -0.381854 0.2357 0.556048 -0.00656917 0.00548718 176.624
105778 2 0.01 0.1 32.9 0.383332 0.128235 2.61395 0.0323177 0.0112487 176.624
106470 2 0.01 0.1 32.9 -0.199327 -0.13726 2.40313 -0.0121308 -0.00819715 176.624
107839 2 0.01 0.1 32.9 -0.234901 0.390715 1.27815 -0.0104236 0.0153049 176.624
108864 2 0.01 0.1 32.9 0.0605148 0.128386 4.2561 0.00791777 0.0179831 176.624
110667 2 0.01 0.1 32.9 0.336367 0.0591305 5.43071 0.0551777 0.0111627 176.624
114619 2 0.01 0.1 32.9 -0.231568 -5.18944e-05 1.74689 -0.0116886 0.00186879 176.624
116047 2 0.01 0.1 32.9 -0.12599 0.411215 3.78921 -0.0142806 0.0487609 176.624
118731 2 0.01 0.1 32.9 -0.113654 -0.244653 1.83214 -0.00757957 -0.0137302 176.624
120404 2 0.01 0.1 32.9 0.0929274 0.261824 1.62989 0.00440423 0.0114529 176.624
120445 2 0.01 0.1 32.9 0.252942 -0.315827 1.44806 0.0114865 -0.016043 176.624
121348 2 0.01 0.1 32.9 0.331057 -0.158283 1.76274 0.0178618 -0.00983402 176.624
124606 2 0.01 0.1 32.9 -0.187859 0.0368943 2.92054 -0.0176172 0.00254751 176.624
124975 2 0.01 0.1 32.9 -0.36728 0.209235 3.15828 -0.0351033 0.0211596 176.624
125544 2 0.01 0.1 32.9 0.440677 -0.260512 0.801492 0.0121101 -0.00487885 176.624
126065 2 0.01 0.1 32.9 -0.114428 -0.203095 3.73888 -0.0115972 -0.0231197 176.624
129987 2 0.01 0.1 32.9 -0.239306 -0.42663 0.915934 -0.00616733 -0.0112569 176.624
132283 2 0.01 0.1 32.9 -0.0226176 -0.306597 11.5552 -0.00568509 -0.107973 176.624
133544 2 0.01 0.1 32.9 -0.19913 0.167235 7.01391 -0.0405931 0.0349891 176.624
135559 2 0.01 0.1 32.9 0.124649 -0.329338 2.79413 0.0131752 -0.0259883 176.624
137399 2 0.01 0.1 32.9 0.0986699 0.332993 5.82315 0.0175272 0.0582236 176.624
139649 2 0.01 0.1 32.9 0.13018 0.423359 2.62783 0.0104416 0.0331237 176.624
143987 2 0.01 0.1 32.9 -0.0569501 -0.237533 1.53903 -0.00159417 -0.0113897 176.624
145419 2 0.01 0.1 32.9 -0.0411718 -0.0947347 1.54198 -0.00378225 -0.00445837 176.624
145912 2 0.01 0.1 32.9 0.479183 -0.0723999 2.52963 0.035669 -0.00424182 176.624
146950 2 0.01 0.1 32.9 -0.279303 -0.423142 2.17904 -0.0203245 -0.0268016 176.624
147967 2 0.01 0.1 32.9 -0.157247 -0.270773 2.25611 -0.0122528 -0.0177399 176.624
150710 2 0.01 0.1 32.9 -0.084742 0.253432 2.48051 -0.00527755 0.0174796 176.624
150984 2 0.01 0.1 32.9 0.0879987 -0.339362 3.05712 0.00581889 -0.0301044 176.624
151979 2 0.01 0.1 32.9 -0.0881951 -0.16337 2.53596 -0.00878397 -0.0113499 176.624
154949 2 0.01 0.1 32.9 0.088647 0.0208196 4.00911 0.0116291 0.00317699 176.624
157858 2 0.01 0.1 32.9 0.317886 0.37668 3.64766 0.0348963 0.0417554 176.624
158224 2 0.01 0.1 32.9 0.396265 0.186661 2.32709 0.0279483 0.0153165 176.624
161515 2 0.01 0.1 32.9 -0.215735 0.353039 3.07342 -0.0178967 0.0344081 176.624
165263 2 0.01 0.1 32.9 -0.4243 0.0634833 2.55734 -0.031342 0.00545037 176.624
167157 2 0.01 0.1 32.9 0.414916 -0.419821 0.714923 0.00736079 -0.00727675 176.624
168665 2 0.01 0.1 32.9 0.172727 -0.0506621 2.69374 0.0133848 -0.000922205 176.624
176158 2 0.01 0.1 32.9 -0.481383 0.112416 3.88429 -0.0569013 0.0131775 176.624
176659 2 0.01 0.1 32.9 -0.427506 0.0172205 1.32432 -0.0183458 0.00285397 176.624
176903 2 0.01 0.1 32.9 0.458276 0.226292 2.86396 0.0422914 0.0181184 176.624
178156 2 0.01 0.1 32.9 0.0769071 0.362439 2.0306 0.00349875 0.0213118 176.624
180783 2 0.01 0.1 32.9 0.433126 0.462336 1.75155 0.0223587 0.0241807 176.624
182959 2 0.01 0.1 32.9 0.339977 -0.19122 3.79966 0.03692 -0.022257 176.624
184302 2 0.01 0.1 32.9 0.0957694 -0.299238 2.31931 0.00570145 -0.0212798 176.624
184436 2 0.01 0.1 32.9 -0.274042 -0.00677148 1.17164 -0.0129665 -0.00100533 176.624
189056 2 0.01 0.1 32.9 -0.119812 -0.379951 4.82832 -0.0184345 -0.0551031 176.624
190223 2 0.01 0.1 32.9 -0.389614 0.00218486 2.65204 -0.0314704 0.00325745 176.624
193848 2 0.01 0.1 32.9 0.421443 -0.1722 2.00554 0.0255939 -0.00938782 176.624
193919 2 0.01 0.1 32.9 0.355033 -0.215488 1.33425 0.0175893 -0.0101221 176.624
194923 2 0.01 0.1 32.9 -0.183708 0.0305337 2.12447 -0.00931163 0.00245727 176.624
196879 2 0.01 0.1 32.9 0.410108 0.361579 2.40109 0.0279794 0.0303619 176.624
197997 2 0.01 0.1 32.9 -0.264774 -0.358259 1.07832 -0.00733563 -0.0120092 176.624
198347 2 0.01 0.1 32.9 0.438885 -0.0585024 1.95723 0.0259816 -0.00307463 176.624
200023 2 0.01 0.1 32.9 -0.198662 -0.378864 2.48958 -0.0161443 -0.0283732 176.624
202300 2 0.01 0.1 32.9 -0.137562 -0.356652 4.78594 -0.0194886 -0.054201 176.624
204072 2 0.01 0.1 32.9 0.389748 0.295061 0.967098 0.0120783 0.00699513 176.624
205324 2 0.01 0.1 32.9 0.315901 -0.00356108 2.51861 0.0228457 0.0017836 176.624
205590 2 0.01 0.1 32.9 0.247468 -0.232344 13.1459 0.0986328 -0.0924699 176.624
210687 2 0.01 0.1 32.9 -0.223089 -0.237471 2.70369 -0.0162906 -0.0196162 176.624
211595 2 0.01 0.1 32.9 -0.248555 0.135333 1.63113 -0.0120466 0.00529654 176.624
212248 2 0.01 0.1 32.9 0.135217 -0.43326 0.816286 0.00560992 -0.0146904 176.624
214596 2 0.01 0.1 32.9 -0.262222 -0.429871 1.14073 -0.00738571 -0.0155952 176.624
215323 2 0.01 0.1 32.9 -0.224376 -0.160913 1.57358 -0.0100751 -0.00950755 176.624
215572 2 0.01 0.1 32.9 -0.14821 0.454742 3.06106 -0.0162111 0.0419247 176.624
215725 2 0.01 0.1 32.9 -0.0194631 0.415797 2.17156 -0.000373687 0.0287461 176.624
217314 2 0.01 0.1 32.9 0.260452 -0.292063 5.69145 0.0435326 -0.051462 176.624
217768 2 0.01 0.1 32.9 -0.160542 -0.216515 1.61621 -0.00887081 -0.0105732 176.624
219749 2 0.01 0.1 32.9 0.277443 -0.127974 2.11119 0.0179763 -0.00868131 176.624
224752 2 0.01 0.1 32.9 -0.257113 -0.423866 3.98322 -0.0325871 -0.0525427 176.624
225737 2 0.01 0.1 32.9 0.186194 0.309726 1.14701 0.00689797 0.0100548 176.624
226797 2 0.01 0.1 32.9 0.189859 -0.0954116 2.86067 0.0153429 -0.00619553 176.624
228580 2 0.01 0.1 32.9 -0.323362 0.0211238 2.45086 -0.0257946 0.00291645 176.624
229561 2 0.01 0.1 32.9 -0.386825 -0.241031 6.24565 -0.0728102 -0.0457182 176.624
229896 2 0.01 0.1 32.9 -0.293016 0.280213 1.27803 -0.0136434 0.0140349 176.624
235945 2 0.01 0.1 32.9 -0.474397 -0.365747 0.720603 -0.0102778 -0.00811101 176.624
236799 2 0.01 0.1 32.9 -0.198177 0.0577425 3.34536 -0.0189219 0.00512087 176.624
237785 2 0.01 0.1 32.9 -0.386923 0.27797 2.56689 -0.0311571 0.0208971 176.624
238800 2 0.01 0.1 32.9 0.242859 0.492061 1.32696 0.00910919 0.0193914 176.624
239836 2 0.01 0.1 32.9 -0.238507 -0.369359 0.896816 -0.00685498 -0.00842223 176.624
239870 2 0.01 0.1 32.9 0.31052 -0.0795735 2.45661 0.0208069 -0.00463889 176.624
242600 2 0.01 0.1 32.9 0.169571 0.0543044 2.42625 0.010689 0.00223032 176.624
242850 2 0.01 0.1 32.9 -0.266375 -0.170617 1.01211 -0.00673609 -0.00485655 176.624
246140 2 0.01 0.1 32.9 0.0708966 -0.181024 1.39834 0.00275543 -0.00487542 176.624
247466 2 0.01 0.1 32.9 -0.0330813 -0.326141 1.83081 -0.00279034 -0.0193286 176.624
248586 2 0.01 0.1 32.9 0.0924931 0.0262228 2.24809 0.00479727 0.00350393 176.624
249151 2 0.01 0.1 32.9 -0.186046 0.46635 3.25187 -0.0174618 0.0464244 176.624
249301 2 0.01 0.1 32.9 0.382156 -0.331695 4.34456 0.0504928 -0.0443895 176.624
250116 2 0.01 0.1 32.9 -0.353731 0.0165707 1.85146 -0.0208945 0.000427209 176.624
255284 2 0.01 0.1 32.9 -0.121113 0.0616946 1.06481 -0.00310003 0.00299575 176.624
257057 2 0.01 0.1 32.9 0.221733 -0.438229 0.573005 0.0017092 -0.00750945 176.624
257217 2 0.01 0.1 32.9 -0.154152 -0.373636 0.583873 -0.000947563 -0.00383128 176.624
259781 2 0.01 0.1 32.9 0.489159 -0.0329707 2.38941 0.0376576 -0.00160145 176.624
260073 2 0.01 0.1 32.9 0.326418 -0.370244 3.23717 0.0320754 -0.0354436 176.624
263244 2 0.01 0.1 32.9 0.142567 0.29768 1.06967 0.00399842 0.0118172 176.624
264913 2 0.01 0.1 32.9 0.037807 0.160278 4.26949 0.00401592 0.0221784 176.624
267949 2 0.01 0.1 32.9 -0.463961 -0.45758 1.87127 -0.0296222 -0.0240919 176.624
270402 2 0.01 0.1 32.9 0.171458 0.47015 2.0383 0.012064 0.0308988 176.624
270874 2 0.01 0.1 32.9 0.0365361 -0.159796 1.60979 0.000857995 -0.00794864 176.624
275127 2 0.01 0.1 32.9 0.455998 0.302909 1.80005 0.0240154 0.0182085 176.624
276494 2 0.01 0.1 32.9 0.176296 0.0488392 2.61172 0.0124177 0.00575882 176.624
276943 2 0.01 0.1 32.9 -0.444821 -0.26678 0.905274 -0.0115373 -0.00535747 176.624
278195 2 0.01 0.1 32.9 0.357985 -0.150545 1.71346 0.0165247 -0.00612902 176.624
278703 2 0.01 0.1 32.9 -0.200614 -0.173873 10.2698 -0.0622816 -0.0554398 176.624
280065 2 0.01 0.1 32.9 0.298574 -0.479024 1.5193 0.0140805 -0.0219936 176.624
280484 2 0.01 0.1 32.9 0.0244863 0.12523 2.75205 0.0028183 0.0111916 176.624
281535 2 0.01 0.1 32.9 -0.151345 0.0720045 0.80018 -0.00754361 0.0035254 176.624
284571 2 0.01 0.1 32.9 -0.183878 -0.00205135 2.10894 -0.0107853 -0.000267353 176.624
286132 2 0.01 0.1 32.9 0.0469304 -0.0321698 2.72713 0.003651 -0.000587875 176.624
286882 2 0.01 0.1 32.9 0.200953 -0.341624 4.68017 0.0283543 -0.0480301 176.624
287207 2 0.01 0.1 32.9 -0.331683 -0.461153 1.24007 -0.0125866 -0.0141156 176.624
290925 2 0.01 0.1 32.9 0.128156 0.480264 3.39598 0.0134514 0.049432 176.624
296073 2 0.01 0.1 32.9 0.25919 -0.21345 4.57028 0.0348568 -0.0323361 176.624
298845 2 0.01 0.1 32.9 0.17123 0.386901 6.88282 0.0337378 0.0803196 176.624
302710 2 0.01 0.1 32.9 -0.0243691 -0.325071 2.07353 -0.000730998 -0.0204518 176.624
303183 2 0.01 0.1 32.9 0.198456 0.142496 1.2545 0.00846855 0.00508363 176.624
307113 2 0.01 0.1 32.9 -0.256819 0.332067 3.10819 -0.0228018 0.0309623 176.624
309795 2 0.01 0.1 32.9 -0.172873 0.0884773 3.50866 -0.0195721 0.010857 176.624
309989 2 0.01 0.1 32.9 -0.484974 -0.101998 1.81062 -0.0276817 -0.00625851 176.624
310522 2 0.01 0.1 32.9 0.0187397 0.221355 5.51842 0.0028351 0.0383554 176.624
315323 2 0.01 0.1 32.9 -0.303063 0.340148 2.73452 -0.0255637 0.0278685 176.624
315759 2 0.01 0.1 32.9 -0.161279 0.271705 2.73964 -0.0138267 0.0249787 176.624
316492 2 0.01 0.1 32.9 -0.371105 -0.45768 3.32768 -0.036143 -0.0458929 176.624
317225 2 0.01 0.1 32.9 0.236183 0.442463 2.49625 0.0170941 0.0347617 176.624
317908 2 0.01 0.1 32.9 0.130137 -0.043735 4.70838 0.0195663 -0.00702587 176.624
318593 2 0.01 0.1 32.9 -0.028795 0.425891 1.26763 -0.00190852 0.0167348 176.624
319136 2 0.01 0.1 32.9 -0.150371 -0.237837 1.15919 -0.00427213 -0.00939364 176.624
320461 2 0.01 0.1 32.9 -0.287733 -0.0389261 2.15415 -0.019568 0.00127255 176.624
323159 2 0.01 0.1 32.9 -0.339569 -0.178965 3.57927 -0.0381929 -0.0176748 176.624
325999 2 0.01 0.1 32.9 -0.433496 -0.269876 1.36674 -0.0165787 -0.00969799 176.624
327827 2 0.01 0.1 32.9 -0.294643 -0.142721 4.20969 -0.0354793 -0.0171431 176.624
329454 2 0.01 0.1 32.9 0.187414 -0.296954 2.27981 0.0134101 -0.0197149 176.624
329480 2 0.01 0.1 32.9 0.419129 -0.243182 1.24716 0.0151442 -0.00945753 176.624
329937 2 0.01 0.1 32.9 -0.292525 -0.308895 3.18958 -0.0293512 -0.030535 176.624
331162 2 0.01 0.1 32.9 0.476184 0.236475 4.1552 0.0620564 0.0305648 176.624
331536 2 0.01 0.1 32.9 -0.33519 -0.404554 2.96241 -0.031241 -0.0356237 176.624
333058 2 0.01 0.1 32.9 -0.144675 -0.409909 2.13792 -0.0097854 -0.0261906 176.624
335131 2 0.01 0.1 32.9 0.242812 -0.255806 1.59391 0.0107216 -0.012197 176.624
335308 2 0.01 0.1 32.9 0.39156 -0.401535 1.71802 0.0196439 -0.0190421 176.624
335431 2 0.01 0.1 32.9 0.296196 -0.238059 4.26548 0.0392712 -0.0290923 176.624
335709 2 0.01 0.1 32.9 0.215964 -0.289966 1.87913 0.0114626 -0.0156303 176.624
335719 2 0.01 0.1 32.9 0.301334 0.0287092 1.59251 0.0153711 -0.000708435 176.624
335762 2 0.01 0.1 32.9 -0.150088 -0.490375 3.6007 -0.0151031 -0.0531025 176.624
337633 2 0.01 0.1 32.9 -0.252549 0.442846 2.20382 -0.0178696 0.0285644 176.624
338021 2 0.01 0.1 32.9 0.343914 0.371185 1.50373 0.0167425 0.0181504 176.624
338447 2 0.01 0.1 32.9 0.241297 -0.291868 1.55094 0.0113173 -0.0142203 176.624
338594 2 0.01 0.1 32.9 0.453067 0.213314 6.94052 0.0970707 0.0446903 176.624
339048 2 0.01 0.1 32.9 -0.113036 0.272739 1.13542 -0.00138703 0.0101687 176.624
339610 2 0.01 0.1 32.9 -0.42912 0.477436 1.78106 -0.0230441 0.0248119 176.624
339853 2 0.01 0.1 32.9 0.178208 0.435503 7.68971 0.0413331 0.100717 176.624
340716 2 0.01 0.1 32.9 -0.376291 0.153074 1.38043 -0.0164352 0.00684923 176.624
344613 2 0.01 0.1 32.9 -0.491031 -0.130266 1.97794 -0.0299432 -0.00763205 176.624
347372 2 0.01 0.1 32.9 0.22653 -0.120117 1.06771 0.00727352 -0.00383203 176.624
350082 2 0.01 0.1 32.9 -0.30791 -0.430342 2.41574 -0.0243468 -0.0302056 176.624
351470 2 0.01 0.1 32.9 0.457729 -0.101221 1.11403 0.0146265 -0.00144685 176.624
351969 2 0.01 0.1 32.9 0.167487 0.462019 2.3926 0.013038 0.0349925 176.624
352201 2 0.01 0.1 32.9 -0.363731 -0.350891 3.47965 -0.0393141 -0.0324982 176.624
354000 2 0.01 0.1 32.9 0.00688674 -0.118886 5.69361 0.00116593 -0.0197145 176.624
355575 2 0.01 0.1 32.9 0.4968 0.489942 4.53324 0.0689276 0.0676179 176.624
357016 2 0.01 0.1 32.9 0.115362 -0.102536 0.971811 0.00176117 -0.00343206 176.624
357405 2 0.01 0.1 32.9 -0.0799284 0.370904 2.54654 -0.00582435 0.0294041 176.624
358528 2 0.01 0.1 32.9 -0.431101 0.479623 2.49417 -0.0309818 0.0364493 176.624
360697 2 0.01 0.1 32.9 0.213491 0.270122 0.432925 0.00194138 0.00390702 176.624
361429 2 0.01 0.1 32.9 0.481549 0.48997 5.19805 0.075077 0.0796179 176.624
361688 2 0.01 0.1 32.9 -0.101923 0.411176 1.31768 -0.00435188 0.0160141 176.624
362441 2 0.01 0.1 32.9 -0.439945 -0.384354 5.4501 -0.0726786 -0.063956 176.624
363676 2 0.01 0.1 32.9 0.291122 -0.443949 0.968653 0.00904078 -0.0131238 176.624
363924 2 0.01 0.1 32.9 -0.387328 -0.250604 0.540144 -0.00532605 -0.000477741 176.624
365254 2 0.01 0.1 32.9 -0.117002 -0.0501299 2.46555 -0.0107048 -0.00277278 176.624
366214 2 0.01 0.1 32.9 0.261993 0.270624 1.24986 0.0098545 0.0108478 176.624
366297 2 0.01 0.1 32.9 0.224606 -0.167843 2.30974 0.0135562 -0.00919727 176.624
369808 2 0.01 0.1 32.9 0.0113083 -0.412203 2.97874 0.00155999 -0.0361977 176.624
370440 2 0.01 0.1 32.9 0.0244699 -0.0110614 9.28611 0.00707231 -0.00325217 176.624
371179 2 0.01 0.1 32.9 0.356735 0.180761 1.40345 0.0186613 0.0078905 176.624
374540 2 0.01 0.1 32.9 -0.0298982 -0.439198 0.840069 -0.0013823 -0.00967583 176.624
377820 2 0.01 0.1 32.9 0.240701 -0.461846 2.70617 0.0205187 -0.0370923 176.624
380688 2 0.01 0.1 32.9 0.142207 0.227056 3.41827 0.0136749 0.023467 176.624
384490 2 0.01 0.1 32.9 0.0801726 0.491359 3.78089 0.00684163 0.0579445 176.624
384862 2 0.01 0.1 32.9 0.454245 0.0109742 3.46405 0.0455371 0.00114923 176.624
386253 2 0.01 0.1 32.9 0.275767 -0.213838 1.99297 0.0155213 -0.0130498 176.624
386725 2 0.01 0.1 32.9 -0.228257 0.214335 3.26483 -0.023333 0.0214637 176.624
388771 2 0.01 0.1 32.9 -0.435814 -0.398168 1.42251 -0.0193641 -0.0140871 176.624
389314 2 0.01 0.1 32.9 0.119283 -0.166951 1.03017 0.00385426 -0.00423855 176.624
390881 2 0.01 0.1 32.9 0.196617 0.177276 3.53763 0.0211961 0.0192186 176.624
396633 2 0.01 0.1 32.9 0.334298 -0.498498 1.474 0.0150971 -0.0212186 176.624
396709 2 0.01 0.1 32.9 -0.247357 0.377076 4.82233 -0.0381003 0.0574639 176.624
397668 2 0.01 0.1 32.9 -0.493201 -0.404719 1.22981 -0.0197606 -0.012232 176.624
398265 2 0.01 0.1 32.9 -0.491655 0.468472 3.65274 -0.0545185 0.0554289 176.624
399079 2 0.01 0.1 32.9 -0.00606471 0.198763 2.67084 -0.00164806 0.0177544 176.624
404045 2 0.01 0.1 32.9 0.30363 -0.454618 7.07138 0.0655177 -0.0971176 176.624
405414 2 0.01 0.1 32.9 0.386493 -0.408165 0.860676 0.00841788 -0.0106823 176.624
405659 2 0.01 0.1 32.9 0.0069923 -0.380641 2.63398 0.000529132 -0.0285945 176.624
406587 2 0.01 0.1 32.9 -0.326272 0.266349 4.87141 -0.0489652 0.0399332 176.624
414182 2 0.01 0.1 32.9 0.331712 0.161978 1.88793 0.0183938 0.012635 176.624
415799 2 0.01 0.1 32.9 -0.373868 -0.327753 6.05844 -0.0685286 -0.060328 176.624
415942 2 0.01 0.1 32.9 -0.388607 -0.0283776 3.35486 -0.0404288 -0.00196106 176.624
418819 2 0.01 0.1 32.9 -0.256593 0.158392 3.71634 -0.0269983 0.0201315 176.624
419524 2 0.01 0.1 32.9 -0.448273 -0.0898111 1.4696 -0.0197839 -0.00356829 176.624
426520 2 0.01 0.1 32.9 0.260152 -0.136931 1.00844 0.00804074 -0.00297446 176.624
427351 2 0.01 0.1 32.9 0.42693 0.0524097 3.19973 0.0420801 0.00601022 176.624
429936 2 0.01 0.1 32.9 0.242474 0.171535 2.43453 0.0169238 0.0128278 176.624
431396 2 0.01 0.1 32.9 0.408395 0.454878 1.6743 0.0196727 0.0230048 176.624
432242 2 0.01 0.1 32.9 0.384912 0.0217451 1.97288 0.022083 0.00106465 176.624
433214 2 0.01 0.1 32.9 0.214669 -0.173671 2.21409 0.0140468 -0.0126315 176.624
433299 2 0.01 0.1 32.9 0.245743 0.145089 1.1483 0.00992752 0.00481633 176.624
437846 2 0.01 0.1 32.9 0.47039 0.421291 1.80369 0.0255159 0.0236218 176.624
439164 2 0.01 0.1 32.9 -0.432539 0.324015 2.46928 -0.0318526 0.0243042 176.624
439410 2 0.01 0.1 32.9 0.023432 0.105589 3.73211 0.00118885 0.0130504 176.624
443022 2 0.01 0.1 32.9 0.23739 -0.486574 2.26085 0.017124 -0.031778 176.624
443756 2 0.01 0.1 32.9 0.245481 0.45854 1.04809 0.00840618 0.0164466 176.624
445404 2 0.01 0.1 32.9 -0.222551 0.2596 4.28642 -0.028791 0.0324857 176.624
448582 2 0.01 0.1 32.9 0.383301 0.0433478 1.47783 0.0178553 0.000655737 176.624
449288 2 0.01 0.1 32.9 -0.190945 0.378525 1.83143 -0.00971798 0.0226251 176.624
452271 2 0.01 0.1 32.9 0.287251 0.0612201 3.14765 0.0293801 0.00574411 176.624
452857 2 0.01 0.1 32.9 0.244896 0.427667 1.44223 0.0121836 0.0172374 176.624
454175 2 0.01 0.1 32.9 0.463107 -0.452349 3.51202 0.0490249 -0.0486312 176.624
456648 2 0.01 0.1 32.9 -0.144913 -0.243446 2.91493 -0.0126273 -0.023145 176.624
456720 2 0.01 0.1 32.9 -0.132942 -0.340929 4.45714 -0.0196262 -0.0454489 176.624
458372 2 0.01 0.1 32.9 -0.0922628 0.106694 3.1434 -0.00984737 0.0116254 176.624
459946 2 0.01 0.1 32.9 0.240243 -0.356423 4.45643 0.0329744 -0.0475173 176.624
460705 2 0.01 0.1 32.9 -0.0132471 -0.414672 2.383 -0.000326063 -0.0328891 176.624
461336 2 0.01 0.1 32.9 -0.0883933 0.427434 1.89884 -0.0054294 0.0245632 176.624
461892 2 0.01 0.1 32.9 -0.111556 0.296309 3.03907 -0.0103666 0.0273455 176.624
462897 2 0.01 0.1 32.9 -0.256715 0.415416 2.71396 -0.0221464 0.0356794 176.624
465243 2 0.01 0.1 32.9 0.238397 0.256831 6.8493 0.0493118 0.052552 176.624
466599 2 0.01 0.1 32.9 0.396307 0.031379 2.80178 0.0320579 0.00357288 176.624
473148 2 0.01 0.1 32.9 -0.077625 -0.169872 2.05179 -0.00609002 -0.0110697 176.624
476101 2 0.01 0.1 32.9 -0.442334 0.202353 1.33962 -0.0194086 0.00974495 176.624
477543 2 0.01 0.1 32.9 -0.180069 -0.200062 7.14123 -0.0364057 -0.0427929 176.624
478035 2 0.01 0.1 32.9 -0.0678623 -0.101309 5.76145 -0.0108647 -0.0191146 176.624
483431 2 0.01 0.1 32.9 0.49862 -0.142107 1.10724 0.0176756 -0.00531316 176.624
483837 2 0.01 0.1 32.9 0.0582586 -0.292888 3.15261 0.00597083 -0.0302931 176.624
485766 2 0.01 0.1 32.9 -0.328726 0.409884 1.81955 -0.0175307 0.0228983 176.624
487521 2 0.01 0.1 32.9 0.00223338 -0.402749 2.3944 -0.00107798 -0.0287816 176.624
487788 2 0.01 0.1 32.9 -0.0986794 0.131159 2.48596 -0.00730715 0.0109975 176.624
490979 2 0.01 0.1 32.9 -0.295643 0.310654 6.24143 -0.0557719 0.0599778 176.624
491766 2 0.01 0.1 32.9 0.335948 -0.0201752 2.21217 0.0211133 -0.00157095 176.624
491799 2 0.01 0.1 32.9 -0.178527 -0.0214723 1.60478 -0.0101686 -0.00228563 176.624
494683 2 0.01 0.1 32.9 0.430287 -0.0859137 3.67864 0.0471826 -0.00976667 176.624
495349 2 0.01 0.1 32.9 -0.254724 -0.121812 0.764344 -0.00544565 -0.00262706 176.624
496669 2 0.01 0.1 32.9 -0.0889879 -0.274035 3.57215 -0.00853376 -0.0281285 176.624
497422 2 0.01 0.1 32.9 -0.31216 0.214065 7.03773 -0.0667459 0.0457831 176.624
