149 2 0.01 0.1 32.9 0.340909 0.0431909 0.507666 0.00469556 0.00026652 176.624
1216 2 0.01 0.1 32.9 0.25757 -0.0818994 2.20794 0.016626 -0.00657005 176.624
1605 2 0.01 0.1 32.9 -0.225709 0.0996295 3.77267 -0.0279751 0.0133059 176.624
1649 2 0.01 0.1 32.9 -0.410602 0.30866 2.24109 -0.0246687 0.0219799 176.624
2466 2 0.01 0.1 32.9 -0.333671 0.0113585 1.73938 -0.0150971 0.00243202 176.624
2695 2 0.01 0.1 32.9 -0.353869 -0.441938 13.8763 -0.148373 -0.186675 176.624
3068 2 0.01 0.1 32.9 -0.294931 0.447248 3.19884 -0.0288643 0.0444736 176.624
3708 2 0.01 0.1 32.9 -0.18062 0.404916 3.20354 -0.0176618 0.0372495 176.624
3791 2 0.01 0.1 32.9 0.209295 -0.409119 2.401 0.0150634 -0.0299123 176.624
4253 2 0.01 0.1 32.9 0.161916 -0.350966 3.39532 0.0156359 -0.0355179 176.624
4426 2 0.01 0.1 32.9 -0.148958 0.283824 1.18663 -0.00514126 0.0109194 176.624
5201 2 0.01 0.1 32.9 0.369971 -0.405235 4.61876 0.0520231 -0.0556041 176.624
5245 2 0.01 0.1 32.9 -0.168979 -0.497029 1.21119 -0.0062109 -0.0179363 176.624
6861 2 0.01 0.1 32.9 0.496733 -0.355382 2.27736 0.0336145 -0.0226342 176.624
9059 2 0.01 0.1 32.9 0.12577 -0.276781 1.57909 0.00485547 -0.0142517 176.624
9720 2 0.01 0.1 32.9 -0.338515 -0.292341 1.88131 -0.0177067 -0.0156123 176.624
10764 2 0.01 0.1 32.9 -0.327335 0.358713 1.51989 -0.0154538 0.0174929 176.624
11724 2 0.01 0.1 32.9 -0.277877 -0.288761 2.507 -0.0224482 -0.0234352 176.624
12382 2 0.01 0.1 32.9 -0.113478 -0.100485 1.69502 -0.00452332 -0.00248049 176.624
13593 2 0.01 0.1 32.9 -0.33253 0.0151519 1.64172 -0.0142734 0.00395309 176.624
14657 2 0.01 0.1 32.9 0.478487 0.487997 6.66624 0.0961111 0.100859 176.624
14713 2 0.01 0.1 32.9 -0.175509 0.240549 1.85264 -0.00961291 0.0125667 176.624
15245 2 0.01 0.1 32.9 -0.190202 0.437505 4.67462 -0.0281852 0.0629227 176.624
17550 2 0.01 0.1 32.9 0.19009 0.0625592 4.45213 0.0263592 0.0101701 176.624
18393 2 0.01 0.1 32.9 0.127713 -0.0666004 2.25541 0.00434969 -0.00324108 176.624
20036 2 0.01 0.1 32.9 -0.216422 0.473047 2.69757 -0.0185156 0.0401613 176.624
21785 2 0.01 0.1 32.9 0.124699 -0.456071 4.53453 0.0148436 -0.0622783 176.624
23393 2 0.01 0.1 32.9 -0.297959 0.48305 7.30429 -0.065344 0.105605 176.624
23496 2 0.01 0.1 32.9 -0.468109 0.478219 4.09665 -0.0589372 0.0576956 176.624
23805 2 0.01 0.1 32.9 0.0252819 -0.277298 3.86773 0.00140042 -0.0338901 176.624
24804 2 0.01 0.1 32.9 0.111949 0.345848 2.58827 0.00991609 0.026987 176.624
24826 2 0.01 0.1 32.9 0.467736 0.495929 1.52547 0.0199285 0.0225962 176.624
25436 2 0.01 0.1 32.9 -0.485114 -0.0101909 1.05743 -0.01815 0.000534717 176.624
26726 2 0.01 0.1 32.9 -0.203314 0.244965 2.13642 -0.0142441 0.0133017 176.624
26787 2 0.01 0.1 32.9 -0.333501 -0.479675 2.47605 -0.0258208 -0.0342278 176.624
27417 2 0.01 0.1 32.9 -0.154993 -0.0968803 0.825043 -0.00411841 -0.00314688 176.624
28099 2 0.01 0.1 32.9 -0.451013 0.370515 2.87213 -0.0389818 0.0311891 176.624
30408 2 0.01 0.1 32.9 0.252193 0.260809 2.72209 0.0195038 0.0222363 176.624
30886 2 0.01 0.1 32.9 0.399148 -0.0770163 0.815734 0.0106946 -0.00102274 176.624
31117 2 0.01 0.1 32.9 0.222077 0.110593 1.04757 0.0087761 0.00183479 176.624
32166 2 0.01 0.1 32.9 0.240565 0.168862 3.35866 0.0233327 0.0190849 176.624
32191 2 0.01 0.1 32.9 0.151877 -0.195106 3.11221 0.0140288 -0.0196284 176.624
32306 2 0.01 0.1 32.9 0.480008 0.233246 6.71738 0.100131 0.0467129 176.624
32798 2 0.01 0.1 32.9 -0.484167 -0.483446 2.24141 -0.0335655 -0.0320419 176.624
33626 2 0.01 0.1 32.9 -0.268003 0.209999 1.45329 -0.014599 0.00677821 176.624
33938 2 0.01 0.1 32.9 0.118201 -0.269703 1.91014 0.00758589 -0.0176461 176.624
34022 2 0.01 0.1 32.9 -0.453631 -0.180509 4.67758 -0.0642719 -0.0258906 176.624
34248 2 0.01 0.1 32.9 0.380697 0.322569 1.87247 0.0232951 0.0172929 176.624
34781 2 0.01 0.1 32.9 -0.436547 -0.0387051 4.12405 -0.0531327 -0.00338344 176.624
35764 2 0.01 0.1 32.9 -0.360202 -0.440633 1.27454 -0.0154465 -0.0170978 176.624
36555 2 0.01 0.1 32.9 0.379957 0.448908 2.93264 0.0339418 0.0416137 176.624
36802 2 0.01 0.1 32.9 -0.016926 0.233376 1.27686 -0.00179744 0.00829928 176.624
37297 2 0.01 0.1 32.9 -0.118727 -0.498121 0.727346 -0.00154244 -0.0114254 176.624
37633 2 0.01 0.1 32.9 -0.107069 -0.215965 1.18914 -0.00382864 -0.00832584 176.624
38345 2 0.01 0.1 32.9 0.119264 -0.306412 1.46224 0.00453067 -0.0121278 176.624
38796 2 0.01 0.1 32.9 0.451298 -0.407524 1.59311 0.0198164 -0.0191947 176.624
39829 2 0.01 0.1 32.9 -0.354788 -0.266065 5.33229 -0.0550754 -0.046154 176.624
40157 2 0.01 0.1 32.9 0.222564 0.362895 2.48607 0.0165498 0.0268379 176.624
41013 2 0.01 0.1 32.9 -0.249472 0.117949 2.87035 -0.0215891 0.00900581 176.624
41181 2 0.01 0.1 32.9 0.396953 0.140933 1.93504 0.0236943 0.00841627 176.624
41253 2 0.01 0.1 32.9 -0.448281 0.446756 1.15942 -0.0155779 0.0138559 176.624
42925 2 0.01 0.1 32.9 0.0170228 -0.428812 2.0212 0.00115734 -0.0264997 176.624
44372 2 0.01 0.1 32.9 -0.190515 0.136426 1.69685 -0.00883131 0.00527516 176.624
46105 2 0.01 0.1 32.9 -0.491973 -0.294965 2.65925 -0.0397733 -0.0249861 176.624
46166 2 0.01 0.1 32.9 0.235444 0.141159 2.07586 0.0146505 0.00687704 176.624
46592 2 0.01 0.1 32.9 -0.0120579 0.103162 3.34524 0.00251897 0.00964582 176.624
47924 2 0.01 0.1 32.9 0.0501811 0.413661 2.69516 0.004569 0.0346998 176.624
48173 2 0.01 0.1 32.9 -0.330308 0.383215 7.41612 -0.0749615 0.0863299 176.624
48186 2 0.01 0.1 32.9 -0.442168 0.411707 4.85005 -0.0656159 0.0600591 176.624
49880 2 0.01 0.1 32.9 -0.183086 -0.326901 4.01955 -0.0239286 -0.037419 176.624
50107 2 0.01 0.1 32.9 0.464536 -0.4326 1.35138 0.02008 -0.0175582 176.624
51596 2 0.01 0.1 32.9 0.488634 0.209593 0.972618 0.0130189 0.00706649 176.624
52198 2 0.01 0.1 32.9 0.318014 0.349399 2.18798 0.0220017 0.0241286 176.624
52984 2 0.01 0.1 32.9 -0.29896 -0.362734 2.99136 -0.0289135 -0.0336006 176.624
53531 2 0.01 0.1 32.9 -0.399745 -0.3244 5.51566 -0.0663083 -0.053511 176.624
53831 2 0.01 0.1 32.9 0.41241 -0.321821 2.41543 0.0309492 -0.0239144 176.624
53863 2 0.01 0.1 32.9 -0.287817 0.402316 2.88234 -0.0274011 0.0366722 176.624
54371 2 0.01 0.1 32.9 -0.428336 -0.0125975 0.949722 -0.0138579 0.00106051 176.624
54411 2 0.01 0.1 32.9 0.388717 -0.0336612 1.97449 0.0232988 -0.00365713 176.624
56808 2 0.01 0.1 32.9 0.339911 0.413519 2.69918 0.0294779 0.0352358 176.624
57661 2 0.01 0.1 32.9 -0.282362 -0.239691 2.77935 -0.023596 -0.0207092 176.624
59815 2 0.01 0.1 32.9 -0.387509 0.0284224 2.86403 -0.0341685 0.00451047 176.624
61013 2 0.01 0.1 32.9 0.304755 0.112402 2.45029 0.0230219 0.00738952 176.624
61607 2 0.01 0.1 32.9 0.225941 -0.350758 7.69984 0.0540912 -0.0826907 176.624
64854 2 0.01 0.1 32.9 0.36393 0.156428 2.28376 0.0262907 0.00941517 176.624
64923 2 0.01 0.1 32.9 0.126133 -0.268302 3.90694 0.0164573 -0.0333114 176.624
65490 2 0.01 0.1 32.9 0.450906 0.2976 2.90391 0.0398678 0.0282536 176.624
66661 2 0.01 0.1 32.9 -0.367197 0.438448 3.65116 -0.0403416 0.0477738 176.624
67004 2 0.01 0.1 32.9 -0.370486 -0.409996 0.849025 -0.00803193 -0.0120482 176.624
70929 2 0.01 0.1 32.9 -0.343774 -0.434686 9.77521 -0.10283 -0.130212 176.624
70982 2 0.01 0.1 32.9 -0.394754 -0.287475 2.07455 -0.0240905 -0.0183036 176.624
72963 2 0.01 0.1 32.9 0.368406 -0.0195628 1.73834 0.0183354 -0.00129878 176.624
73364 2 0.01 0.1 32.9 -0.429187 0.0443475 2.19365 -0.0288545 0.00332732 176.624
75027 2 0.01 0.1 32.9 0.0811136 0.0967749 1.88129 0.00636403 0.00581298 176.624
75594 2 0.01 0.1 32.9 0.266683 0.208724 1.21403 0.00829136 0.00561585 176.624
75606 2 0.01 0.1 32.9 0.187479 0.203533 2.61041 0.0156795 0.0177971 176.624
75801 2 0.01 0.1 32.9 -0.19436 0.291524 2.16954 -0.0117779 0.0203217 176.624
75929 2 0.01 0.1 32.9 0.292955 0.1305 1.87966 0.0172615 0.00874406 176.624
76892 2 0.01 0.1 32.9 0.0359918 -0.154003 1.17315 0.000447324 -0.00404772 176.624
76950 2 0.01 0.1 32.9 -0.27185 -0.287666 2.93382 -0.0248765 -0.0276066 176.624
78098 2 0.01 0.1 32.9 -0.435183 -0.264828 2.98825 -0.040882 -0.0266839 176.624
78412 2 0.01 0.1 32.9 -0.35831 0.155948 3.1651 -0.0330035 0.0143376 176.624
78910 2 0.01 0.1 32.9 0.498052 -0.108416 4.22595 0.0643311 -0.0131842 176.624
80221 2 0.01 0.1 32.9 0.468985 0.0683952 3.01778 0.0438713 0.00672984 176.624
81096 2 0.01 0.1 32.9 -0.474234 -0.262576 2.58092 -0.0374111 -0.0199627 176.624
83395 2 0.01 0.1 32.9 0.442068 -0.412133 2.27155 0.0312794 -0.0287392 176.624
83981 2 0.01 0.1 32.9 -0.282809 -0.24722 2.19492 -0.0176497 -0.0186226 176.624
86062 2 0.01 0.1 32.9 0.113931 0.408695 1.15789 0.00444512 0.0140457 176.624
86086 2 0.01 0.1 32.9 -0.0189237 0.244447 4.36988 -0.00404324 0.0309429 176.624
87496 2 0.01 0.1 32.9 0.440655 -0.00156819 2.9411 0.038525 0.00158416 176.624
88135 2 0.01 0.1 32.9 0.126214 -0.257213 4.45318 0.0179073 -0.034841 176.624
88719 2 0.01 0.1 32.9 0.163492 0.182997 3.45535 0.0166257 0.0172736 176.624
91657 2 0.01 0.1 32.9 0.016506 -0.0820965 2.86044 0.00299154 -0.00545343 176.624
91950 2 0.01 0.1 32.9 0.0998512 -0.120011 3.26095 0.00982259 -0.0142014 176.624
91963 2 0.01 0.1 32.9 -0.466047 -0.0976668 3.5071 -0.0503593 -0.0091414 176.624
92820 2 0.01 0.1 32.9 -0.482258 -0.123318 1.63716 -0.0214497 -0.00650843 176.624
94706 2 0.01 0.1 32.9 0.0485142 0.475166 2.33959 0.00380527 0.0347043 176.624
98579 2 0.01 0.1 32.9 0.117658 0.432656 3.70945 0.0134421 0.0464069 176.624
98739 2 0.01 0.1 32.9 -0.264736 -0.21552 2.80751 -0.0196212 -0.0195802 176.624
99973 2 0.01 0.1 32.9 -0.117541 0.37282 1.22196 -0.00516274 0.0133899 176.624
101793 2 0.01 0.1 32.9 -0.381854 0.2357 0.556048 -0.00656917 0.00548718 176.624
104064 2 0.01 0.1 32.9 -0.183721 0.250949 2.61745 -0.015852 0.0180961 176.624
104283 2 0.01 0.1 32.9 -0.399625 -0.0606567 4.72242 -0.0556238 -0.00973161 176.624
105778 2 0.01 0.1 32.9 0.383332 0.128235 2.61395 0.0323177 0.0112487 176.624
106470 2 0.01 0.1 32.9 -0.199327 -0.13726 2.40313 -0.0121308 -0.00819715 176.624
107629 2 0.01 0.1 32.9 -0.121152 -0.196758 2.88608 -0.0101703 -0.0136692 176.624
107839 2 0.01 0.1 32.9 -0.234901 0.390715 1.27815 -0.0104236 0.0153049 176.624
108338 2 0.01 0.1 32.9 -0.0302113 0.0634203 4.44897 -0.00284729 0.0100383 176.624
108864 2 0.01 0.1 32.9 0.0605148 0.128386 4.2561 0.00791777 0.0179831 176.624
110234 2 0.01 0.1 32.9 -0.17513 0.359845 0.708347 -0.00365704 0.00870711 176.624
110667 2 0.01 0.1 32.9 0.336367 0.0591305 5.43071 0.0551777 0.0111627 176.624
114619 2 0.01 0.1 32.9 -0.231568 -5.18944e-05 1.74689 -0.0116886 0.00186879 176.624
116047 2 0.01 0.1 32.9 -0.12599 0.411215 3.78921 -0.0142806 0.0487609 176.624
116646 2 0.01 0.1 32.9 0.0494868 0.188326 2.63456 0.0043556 0.0139334 176.624
117811 2 0.01 0.1 32.9 -0.0103392 0.277516 6.19157 -0.0033942 0.0520249 176.624
117909 2 0.01 0.1 32.9 0.0826084 -0.308261 2.2702 0.00578052 -0.0213317 176.624
118121 2 0.01 0.1 32.9 0.156383 -0.443538 2.88639 0.0144041 -0.0391207 176.624
118731 2 0.01 0.1 32.9 -0.113654 -0.244653 1.83214 -0.00757957 -0.0137302 176.624
119340 2 0.01 0.1 32.9 0.329008 0.105818 1.53511 0.0125296 0.00472642 176.624
119615 2 0.01 0.1 32.9 -0.386191 0.441722 0.909683 -0.00941225 0.0129308 176.624
120404 2 0.01 0.1 32.9 0.0929274 0.261824 1.62989 0.00440423 0.0114529 176.624
120445 2 0.01 0.1 32.9 0.252942 -0.315827 1.44806 0.0114865 -0.016043 176.624
121348 2 0.01 0.1 32.9 0.331057 -0.158283 1.76274 0.0178618 -0.00983402 176.624
122577 2 0.01 0.1 32.9 0.281649 -0.441838 1.70625 0.0163096 -0.0231069 176.624
122728 2 0.01 0.1 32.9 0.412718 0.125821 1.67785 0.0202937 0.00605932 176.624
123464 2 0.01 0.1 32.9 -0.392102 -0.197179 0.954025 -0.0101896 -0.008083 176.624
124606 2 0.01 0.1 32.9 -0.187859 0.0368943 2.92054 -0.0176172 0.00254751 176.624
124709 2 0.01 0.1 32.9 -0.179714 0.335088 3.88247 -0.0223863 0.0399794 176.624
124975 2 0.01 0.1 32.9 -0.36728 0.209235 3.15828 -0.0351033 0.0211596 176.624
125544 2 0.01 0.1 32.9 0.440677 -0.260512 0.801492 0.0121101 -0.00487885 176.624
126065 2 0.01 0.1 32.9 -0.114428 -0.203095 3.73888 -0.0115972 -0.0231197 176.624
126238 2 0.01 0.1 32.9 0.0216511 0.0962714 2.94859 0.00170816 0.00601578 176.624
128443 2 0.01 0.1 32.9 0.148336 -0.247556 0.978157 0.0029118 -0.00942228 176.624
129987 2 0.01 0.1 32.9 -0.239306 -0.42663 0.915934 -0.00616733 -0.0112569 176.624
130272 2 0.01 0.1 32.9 -0.390521 0.26536 1.21915 -0.013715 0.00892837 176.624
132283 2 0.01 0.1 32.9 -0.0226176 -0.306597 11.5552 -0.00568509 -0.107973 176.624
133544 2 0.01 0.1 32.9 -0.19913 0.167235 7.01391 -0.0405931 0.0349891 176.624
133587 2 0.01 0.1 32.9 -0.0789924 0.202464 4.2237 -0.0100753 0.0245541 176.624
135559 2 0.01 0.1 32.9 0.124649 -0.329338 2.79413 0.0131752 -0.0259883 176.624
135637 2 0.01 0.1 32.9 -0.204979 0.100699 1.11098 -0.0066647 0.00247114 176.624
136949 2 0.01 0.1 32.9 0.0554356 0.122775 1.91024 0.0046237 0.00730714 176.624
137399 2 0.01 0.1 32.9 0.0986699 0.332993 5.82315 0.0175272 0.0582236 176.624
138093 2 0.01 0.1 32.9 0.247845 0.378672 7.20826 0.054996 0.0832766 176.624
139381 2 0.01 0.1 32.9 0.431409 0.227436 5.9381 0.0804145 0.0394525 176.624
139649 2 0.01 0.1 32.9 0.13018 0.423359 2.62783 0.0104416 0.0331237 176.624
141112 2 0.01 0.1 32.9 0.0360607 -0.0790819 2.24799 0.00228638 -0.00889326 176.624
142210 2 0.01 0.1 32.9 0.205718 -0.39377 1.04955 0.00744443 -0.0127268 176.624
142373 2 0.01 0.1 32.9 0.462083 -0.426504 2.64345 0.0351423 -0.0363167 176.624
143810 2 0.01 0.1 32.9 0.482837 0.4462 5.42448 0.077893 0.0739279 176.624
143987 2 0.01 0.1 32.9 -0.0569501 -0.237533 1.53903 -0.00159417 -0.0113897 176.624
144422 2 0.01 0.1 32.9 0.361225 -0.126392 1.41776 0.0153783 -0.00399216 176.624
145419 2 0.01 0.1 32.9 -0.0411718 -0.0947347 1.54198 -0.00378225 -0.00445837 176.624
145735 2 0.01 0.1 32.9 0.458335 -0.42332 4.44926 0.0624586 -0.0585703 176.624
145912 2 0.01 0.1 32.9 0.479183 -0.0723999 2.52963 0.035669 -0.00424182 176.624
146234 2 0.01 0.1 32.9 -0.35151 -0.0205362 2.32736 -0.0258658 -0.00245834 176.624
146255 2 0.01 0.1 32.9 -0.438961 0.0522993 2.97461 -0.0403135 0.00221755 176.624
146950 2 0.01 0.1 32.9 -0.279303 -0.423142 2.17904 -0.0203245 -0.0268016 176.624
147205 2 0.01 0.1 32.9 -0.140391 -0.15341 2.44746 -0.00923476 -0.0101444 176.624
147967 2 0.01 0.1 32.9 -0.157247 -0.270773 2.25611 -0.0122528 -0.0177399 176.624
147974 2 0.01 0.1 32.9 -0.314868 0.116388 5.72492 -0.0533573 0.0193828 176.624
149138 2 0.01 0.1 32.9 0.29721 0.356582 2.09101 0.0195778 0.0224184 176.624
149220 2 0.01 0.1 32.9 0.401004 -0.0509549 0.828385 0.00984321 -0.00297445 176.624
150710 2 0.01 0.1 32.9 -0.084742 0.253432 2.48051 -0.00527755 0.0174796 176.624
150984 2 0.01 0.1 32.9 0.0879987 -0.339362 3.05712 0.00581889 -0.0301044 176.624
151712 2 0.01 0.1 32.9 0.0817043 -0.0655356 2.39169 0.00428093 -0.00569158 176.624
151979 2 0.01 0.1 32.9 -0.0881951 -0.16337 2.53596 -0.00878397 -0.0113499 176.624
154949 2 0.01 0.1 32.9 0.088647 0.0208196 4.00911 0.0116291 0.00317699 176.624
155543 2 0.01 0.1 32.9 -0.325353 0.304289 3.67459 -0.0366747 0.0327966 176.624
156869 2 0.01 0.1 32.9 0.219034 0.326127 7.15316 0.0484656 0.0689092 176.624
157858 2 0.01 0.1 32.9 0.317886 0.37668 3.64766 0.0348963 0.0417554 176.624
158224 2 0.01 0.1 32.9 0.396265 0.186661 2.32709 0.0279483 0.0153165 176.624
159158 2 0.01 0.1 32.9 -0.152913 -0.150062 3.3949 -0.0159778 -0.015609 176.624
161515 2 0.01 0.1 32.9 -0.215735 0.353039 3.07342 -0.0178967 0.0344081 176.624
165263 2 0.01 0.1 32.9 -0.4243 0.0634833 2.55734 -0.031342 0.00545037 176.624
165442 2 0.01 0.1 32.9 0.39385 0.138832 4.90666 0.0591679 0.0179379 176.624
166486 2 0.01 0.1 32.9 -0.0407175 0.149721 1.04476 -0.00219303 0.00484858 176.624
167157 2 0.01 0.1 32.9 0.414916 -0.419821 0.714923 0.00736079 -0.00727675 176.624
168550 2 0.01 0.1 32.9 0.459775 0.166832 9.69231 0.134497 0.0453807 176.624
168665 2 0.01 0.1 32.9 0.172727 -0.0506621 2.69374 0.0133848 -0.000922205 176.624
176158 2 0.01 0.1 32.9 -0.481383 0.112416 3.88429 -0.0569013 0.0131775 176.624
176659 2 0.01 0.1 32.9 -0.427506 0.0172205 1.32432 -0.0183458 0.00285397 176.624
176723 2 0.01 0.1 32.9 -0.441904 0.259601 1.81509 -0.0251015 0.0126855 176.624
176903 2 0.01 0.1 32.9 0.458276 0.226292 2.86396 0.0422914 0.0181184 176.624
178156 2 0.01 0.1 32.9 0.0769071 0.362439 2.0306 0.00349875 0.0213118 176.624
179109 2 0.01 0.1 32.9 0.168004 -0.306711 1.02613 0.0033278 -0.00979176 176.624
180783 2 0.01 0.1 32.9 0.433126 0.462336 1.75155 0.0223587 0.0241807 176.624
182417 2 0.01 0.1 32.9 -0.452839 0.094944 0.822701 -0.0112981 0.000169818 176.624
182733 2 0.01 0.1 32.9 -0.410556 0.317432 0.776521 -0.005974 0.00550926 176.624
182959 2 0.01 0.1 32.9 0.339977 -0.19122 3.79966 0.03692 -0.022257 176.624
184302 2 0.01 0.1 32.9 0.0957694 -0.299238 2.31931 0.00570145 -0.0212798 176.624
184436 2 0.01 0.1 32.9 -0.274042 -0.00677148 1.17164 -0.0129665 -0.00100533 176.624
184989 2 0.01 0.1 32.9 -0.184535 -0.0232628 6.59361 -0.0358455 -0.00524503 176.624
186865 2 0.01 0.1 32.9 -0.105376 0.105212 7.06529 -0.0195277 0.0212951 176.624
189056 2 0.01 0.1 32.9 -0.119812 -0.379951 4.82832 -0.0184345 -0.0551031 176.624
190223 2 0.01 0.1 32.9 -0.389614 0.00218486 2.65204 -0.0314704 0.00325745 176.624
190755 2 0.01 0.1 32.9 0.413112 0.284322 1.58686 0.0200836 0.0131453 176.624
193848 2 0.01 0.1 32.9 0.421443 -0.1722 2.00554 0.0255939 -0.00938782 176.624
193919 2 0.01 0.1 32.9 0.355033 -0.215488 1.33425 0.0175893 -0.0101221 176.624
194006 2 0.01 0.1 32.9 -0.405663 -0.00928615 0.919054 -0.0102703 0.00217188 176.624
194923 2 0.01 0.1 32.9 -0.183708 0.0305337 2.12447 -0.00931163 0.00245727 176.624
196879 2 0.01 0.1 32.9 0.410108 0.361579 2.40109 0.0279794 0.0303619 176.624
197997 2 0.01 0.1 32.9 -0.264774 -0.358259 1.07832 -0.00733563 -0.0120092 176.624
198347 2 0.01 0.1 32.9 0.438885 -0.0585024 1.95723 0.0259816 -0.00307463 176.624
199286 2 0.01 0.1 32.9 0.34201 0.207944 8.54252 0.0896662 0.0527135 176.624
199335 2 0.01 0.1 32.9 0.267603 0.210955 2.92947 0.0241753 0.0167429 176.624
200023 2 0.01 0.1 32.9 -0.198662 -0.378864 2.48958 -0.0161443 -0.0283732 176.624
202300 2 0.01 0.1 32.9 -0.137562 -0.356652 4.78594 -0.0194886 -0.054201 176.624
203855 2 0.01 0.1 32.9 0.31866 0.189343 1.33694 0.0130266 0.00644937 176.624
204072 2 0.01 0.1 32.9 0.389748 0.295061 0.967098 0.0120783 0.00699513 176.624
205051 2 0.01 0.1 32.9 -0.271438 -0.355179 2.99269 -0.024304 -0.0324439 176.624
205324 2 0.01 0.1 32.9 0.315901 -0.00356108 2.51861 0.0228457 0.0017836 176.624
205590 2 0.01 0.1 32.9 0.247468 -0.232344 13.1459 0.0986328 -0.0924699 176.624
205883 2 0.01 0.1 32.9 0.0115384 0.105544 0.60097 0.0035582 -0.000303316 176.624
207884 2 0.01 0.1 32.9 0.327169 -0.158456 5.11497 0.0504089 -0.0223389 176.624
208433 2 0.01 0.1 32.9 -0.167978 -0.4479 3.68751 -0.0183325 -0.0508519 176.624
210687 2 0.01 0.1 32.9 -0.223089 -0.237471 2.70369 -0.0162906 -0.0196162 176.624
211595 2 0.01 0.1 32.9 -0.248555 0.135333 1.63113 -0.0120466 0.00529654 176.624
212248 2 0.01 0.1 32.9 0.135217 -0.43326 0.816286 0.00560992 -0.0146904 176.624
212362 2 0.01 0.1 32.9 -0.389277 -0.287799 6.66882 -0.077986 -0.0611188 176.624
214596 2 0.01 0.1 32.9 -0.262222 -0.429871 1.14073 -0.00738571 -0.0155952 176.624
214830 2 0.01 0.1 32.9 0.272693 0.0928387 5.89307 0.0482066 0.0138504 176.624
215323 2 0.01 0.1 32.9 -0.224376 -0.160913 1.57358 -0.0100751 -0.00950755 176.624
215572 2 0.01 0.1 32.9 -0.14821 0.454742 3.06106 -0.0162111 0.0419247 176.624
215725 2 0.01 0.1 32.9 -0.0194631 0.415797 2.17156 -0.000373687 0.0287461 176.624
216485 2 0.01 0.1 32.9 0.23258 -0.485043 1.33808 0.00929627 -0.0207945 176.624
217314 2 0.01 0.1 32.9 0.260452 -0.292063 5.69145 0.0435326 -0.051462 176.624
217768 2 0.01 0.1 32.9 -0.160542 -0.216515 1.61621 -0.00887081 -0.0105732 176.624
219097 2 0.01 0.1 32.9 0.426038 -0.227598 3.31277 0.0439876 -0.022698 176.624
219749 2 0.01 0.1 32.9 0.277443 -0.127974 2.11119 0.0179763 -0.00868131 176.624
220127 2 0.01 0.1 32.9 -0.456169 0.287925 8.00249 -0.110701 0.0708286 176.624
220820 2 0.01 0.1 32.9 -0.430044 -0.26231 3.07112 -0.0390413 -0.0250556 176.624
220971 2 0.01 0.1 32.9 0.473256 -0.465504 0.346391 0.00599902 -0.00738133 176.624
221294 2 0.01 0.1 32.9 0.0542649 0.0596869 1.0886 0.00315797 0.000803497 176.624
223135 2 0.01 0.1 32.9 0.0494428 -0.439561 3.16172 0.00389648 -0.0433858 176.624
224178 2 0.01 0.1 32.9 -0.420279 -0.0166962 0.863752 -0.00820835 -0.00319888 176.624
224752 2 0.01 0.1 32.9 -0.257113 -0.423866 3.98322 -0.0325871 -0.0525427 176.624
225737 2 0.01 0.1 32.9 0.186194 0.309726 1.14701 0.00689797 0.0100548 176.624
226797 2 0.01 0.1 32.9 0.189859 -0.0954116 2.86067 0.0153429 -0.00619553 176.624
228580 2 0.01 0.1 32.9 -0.323362 0.0211238 2.45086 -0.0257946 0.00291645 176.624
229202 2 0.01 0.1 32.9 0.298603 -0.165359 0.760705 0.00660208 -0.00371119 176.624
229561 2 0.01 0.1 32.9 -0.386825 -0.241031 6.24565 -0.0728102 -0.0457182 176.624
229896 2 0.01 0.1 32.9 -0.293016 0.280213 1.27803 -0.0136434 0.0140349 176.624
230128 2 0.01 0.1 32.9 0.235181 0.421507 0.553192 0.00302533 0.00856773 176.624
230643 2 0.01 0.1 32.9 0.394454 -0.337282 3.09692 0.0348677 -0.0341638 176.624
231015 2 0.01 0.1 32.9 -0.265864 -0.0164364 1.7342 -0.0133668 -0.00149003 176.624
231059 2 0.01 0.1 32.9 -0.259676 0.30978 4.48875 -0.0347305 0.0447772 176.624
231985 2 0.01 0.1 32.9 0.0905586 -0.0386789 1.47151 0.00377774 -0.00370667 176.624
232822 2 0.01 0.1 32.9 0.156672 0.0466494 3.64606 0.0177015 0.00409799 176.624
235101 2 0.01 0.1 32.9 0.160675 0.119304 1.82202 0.0101441 0.00573544 176.624
235838 2 0.01 0.1 32.9 0.312759 -0.120192 5.79047 0.0568207 -0.0210401 176.624
235945 2 0.01 0.1 32.9 -0.474397 -0.365747 0.720603 -0.0102778 -0.00811101 176.624
236191 2 0.01 0.1 32.9 -0.144584 0.0619263 0.906548 -0.0014424 -0.000677023 176.624
236799 2 0.01 0.1 32.9 -0.198177 0.0577425 3.34536 -0.0189219 0.00512087 176.624
237472 2 0.01 0.1 32.9 0.0236117 0.465128 1.54755 -2.66135e-05 0.0211346 176.624
237785 2 0.01 0.1 32.9 -0.386923 0.27797 2.56689 -0.0311571 0.0208971 176.624
238233 2 0.01 0.1 32.9 -0.189256 0.0319456 4.05045 -0.0224098 0.00643554 176.624
238800 2 0.01 0.1 32.9 0.242859 0.492061 1.32696 0.00910919 0.0193914 176.624
238897 2 0.01 0.1 32.9 0.360542 -0.213261 2.69578 0.0292673 -0.0167806 176.624
239836 2 0.01 0.1 32.9 -0.238507 -0.369359 0.896816 -0.00685498 -0.00842223 176.624
239870 2 0.01 0.1 32.9 0.31052 -0.0795735 2.45661 0.0208069 -0.00463889 176.624
240034 2 0.01 0.1 32.9 -0.463275 -0.348603 1.60101 -0.0222556 -0.0183731 176.624
242381 2 0.01 0.1 32.9 0.408091 0.210679 1.77816 0.0224883 0.0119928 176.624
242600 2 0.01 0.1 32.9 0.169571 0.0543044 2.42625 0.010689 0.00223032 176.624
242671 2 0.01 0.1 32.9 -0.0342371 0.357591 3.01115 -0.0035023 0.0349274 176.624
242850 2 0.01 0.1 32.9 -0.266375 -0.170617 1.01211 -0.00673609 -0.00485655 176.624
246140 2 0.01 0.1 32.9 0.0708966 -0.181024 1.39834 0.00275543 -0.00487542 176.624
247102 2 0.01 0.1 32.9 -0.116837 0.351203 3.59261 -0.0118394 0.0388727 176.624
247466 2 0.01 0.1 32.9 -0.0330813 -0.326141 1.83081 -0.00279034 -0.0193286 176.624
248013 2 0.01 0.1 32.9 -0.00221989 0.0253742 1.86 -0.000902323 0.00183096 176.624
248586 2 0.01 0.1 32.9 0.0924931 0.0262228 2.24809 0.00479727 0.00350393 176.624
248720 2 0.01 0.1 32.9 0.394236 -0.32971 2.39444 0.0284145 -0.0247392 176.624
249151 2 0.01 0.1 32.9 -0.186046 0.46635 3.25187 -0.0174618 0.0464244 176.624
249301 2 0.01 0.1 32.9 0.382156 -0.331695 4.34456 0.0504928 -0.0443895 176.624
250116 2 0.01 0.1 32.9 -0.353731 0.0165707 1.85146 -0.0208945 0.000427209 176.624
252941 2 0.01 0.1 32.9 -0.42443 -0.228292 1.68765 -0.0217571 -0.0132777 176.624
255284 2 0.01 0.1 32.9 -0.121113 0.0616946 1.06481 -0.00310003 0.00299575 176.624
257057 2 0.01 0.1 32.9 0.221733 -0.438229 0.573005 0.0017092 -0.00750945 176.624
257217 2 0.01 0.1 32.9 -0.154152 -0.373636 0.583873 -0.000947563 -0.00383128 176.624
257557 2 0.01 0.1 32.9 0.0961771 -0.110258 2.58897 0.00737352 -0.009386 176.624
259781 2 0.01 0.1 32.9 0.489159 -0.0329707 2.38941 0.0376576 -0.00160145 176.624
260073 2 0.01 0.1 32.9 0.326418 -0.370244 3.23717 0.0320754 -0.0354436 176.624
261575 2 0.01 0.1 32.9 -0.436853 -0.210515 6.63948 -0.0875475 -0.0443551 176.624
262755 2 0.01 0.1 32.9 0.319977 0.0677306 2.0577 0.0181583 0.00124502 176.624
262957 2 0.01 0.1 32.9 0.0602895 -0.457632 1.8911 0.0017102 -0.02593 176.624
263035 2 0.01 0.1 32.9 -0.0801829 0.239545 2.9772 -0.00756981 0.0210883 176.624
263244 2 0.01 0.1 32.9 0.142567 0.29768 1.06967 0.00399842 0.0118172 176.624
264913 2 0.01 0.1 32.9 0.037807 0.160278 4.26949 0.00401592 0.0221784 176.624
265259 2 0.01 0.1 32.9 0.132409 0.124162 1.36005 0.0064994 0.00500264 176.624
267078 2 0.01 0.1 32.9 -0.0895928 0.452057 1.1267 -0.00124271 0.0151186 176.624
267949 2 0.01 0.1 32.9 -0.463961 -0.45758 1.87127 -0.0296222 -0.0240919 176.624
269367 2 0.01 0.1 32.9 0.212525 -0.321693 1.59813 0.0134582 -0.0151422 176.624
269707 2 0.01 0.1 32.9 0.165179 0.0973133 15.9004 0.0800283 0.0471289 176.624
270402 2 0.01 0.1 32.9 0.171458 0.47015 2.0383 0.012064 0.0308988 176.624
270874 2 0.01 0.1 32.9 0.0365361 -0.159796 1.60979 0.000857995 -0.00794864 176.624
270891 2 0.01 0.1 32.9 0.136132 -0.489979 1.94846 0.00750841 -0.02821 176.624
274459 2 0.01 0.1 32.9 -0.385524 -0.15774 2.86114 -0.0344936 -0.0165616 176.624
275127 2 0.01 0.1 32.9 0.455998 0.302909 1.80005 0.0240154 0.0182085 176.624
276494 2 0.01 0.1 32.9 0.176296 0.0488392 2.61172 0.0124177 0.00575882 176.624
276943 2 0.01 0.1 32.9 -0.444821 -0.26678 0.905274 -0.0115373 -0.00535747 176.624
278195 2 0.01 0.1 32.9 0.357985 -0.150545 1.71346 0.0165247 -0.00612902 176.624
278378 2 0.01 0.1 32.9 0.382021 0.252391 1.10558 0.0139605 0.00557432 176.624
278703 2 0.01 0.1 32.9 -0.200614 -0.173873 10.2698 -0.0622816 -0.0554398 176.624
279142 2 0.01 0.1 32.9 -0.262344 -0.42142 5.59523 -0.0436829 -0.0718437 176.624
280065 2 0.01 0.1 32.9 0.298574 -0.479024 1.5193 0.0140805 -0.0219936 176.624
280484 2 0.01 0.1 32.9 0.0244863 0.12523 2.75205 0.0028183 0.0111916 176.624
280744 2 0.01 0.1 32.9 -0.424414 0.0456936 2.61931 -0.0346885 0.00304291 176.624
281535 2 0.01 0.1 32.9 -0.151345 0.0720045 0.80018 -0.00754361 0.0035254 176.624
282555 2 0.01 0.1 32.9 -0.348256 -0.00745358 1.98945 -0.0220427 -0.000877519 176.624
284571 2 0.01 0.1 32.9 -0.183878 -0.00205135 2.10894 -0.0107853 -0.000267353 176.624
285769 2 0.01 0.1 32.9 -0.000162677 0.322623 1.87932 0.00140449 0.0146527 176.624
286021 2 0.01 0.1 32.9 0.0530195 0.125792 6.32051 0.0109688 0.0245851 176.624
286132 2 0.01 0.1 32.9 0.0469304 -0.0321698 2.72713 0.003651 -0.000587875 176.624
286882 2 0.01 0.1 32.9 0.200953 -0.341624 4.68017 0.0283543 -0.0480301 176.624
286961 2 0.01 0.1 32.9 -0.43547 -0.168273 2.34888 -0.0288505 -0.0133014 176.624
287207 2 0.01 0.1 32.9 -0.331683 -0.461153 1.24007 -0.0125866 -0.0141156 176.624
288651 2 0.01 0.1 32.9 0.0377941 0.0833958 1.04734 -0.000592157 0.0019341 176.624
289632 2 0.01 0.1 32.9 0.093927 0.037425 0.886831 0.00435362 0.00108929 176.624
290925 2 0.01 0.1 32.9 0.128156 0.480264 3.39598 0.0134514 0.049432 176.624
291995 2 0.01 0.1 32.9 -0.0804446 0.182603 0.802222 -0.00265683 0.00620737 176.624
293008 2 0.01 0.1 32.9 -0.0552521 -0.0745129 1.34614 -0.00290101 -0.00502461 176.624
294459 2 0.01 0.1 32.9 -0.213866 0.104978 4.21229 -0.0267571 0.0112744 176.624
296073 2 0.01 0.1 32.9 0.25919 -0.21345 4.57028 0.0348568 -0.0323361 176.624
296187 2 0.01 0.1 32.9 -0.270655 0.0689247 1.72914 -0.0143784 0.00408962 176.624
297102 2 0.01 0.1 32.9 -0.182736 0.152264 4.93809 -0.0275276 0.0226812 176.624
297842 2 0.01 0.1 32.9 -0.203263 0.245866 2.28024 -0.0124676 0.0145785 176.624
298845 2 0.01 0.1 32.9 0.17123 0.386901 6.88282 0.0337378 0.0803196 176.624
299122 2 0.01 0.1 32.9 0.355721 0.353504 2.91082 0.0304329 0.0298452 176.624
299176 2 0.01 0.1 32.9 0.249471 -0.318178 0.459233 0.00465231 -0.00483193 176.624
299907 2 0.01 0.1 32.9 -0.479835 0.292367 2.95016 -0.0423483 0.0257668 176.624
302710 2 0.01 0.1 32.9 -0.0243691 -0.325071 2.07353 -0.000730998 -0.0204518 176.624
303183 2 0.01 0.1 32.9 0.198456 0.142496 1.2545 0.00846855 0.00508363 176.624
305121 2 0.01 0.1 32.9 0.307376 -0.440729 1.22267 0.0117224 -0.0177541 176.624
305944 2 0.01 0.1 32.9 -0.277909 0.0378284 0.941692 -0.00653389 -0.000359604 176.624
306581 2 0.01 0.1 32.9 0.111905 -0.414557 5.08735 0.0172605 -0.067303 176.624
307113 2 0.01 0.1 32.9 -0.256819 0.332067 3.10819 -0.0228018 0.0309623 176.624
308479 2 0.01 0.1 32.9 -0.0590574 0.168345 1.07898 -0.00157386 0.00598922 176.624
309795 2 0.01 0.1 32.9 -0.172873 0.0884773 3.50866 -0.0195721 0.010857 176.624
309989 2 0.01 0.1 32.9 -0.484974 -0.101998 1.81062 -0.0276817 -0.00625851 176.624
310043 2 0.01 0.1 32.9 -0.195179 0.086111 14.9496 -0.0896101 0.0384103 176.624
310522 2 0.01 0.1 32.9 0.0187397 0.221355 5.51842 0.0028351 0.0383554 176.624
312504 2 0.01 0.1 32.9 -0.232747 -1.95704e-05 1.01067 -0.00568394 0.00105227 176.624
313235 2 0.01 0.1 32.9 0.0735972 0.0372366 1.58359 0.0053023 0.00325259 176.624
315323 2 0.01 0.1 32.9 -0.303063 0.340148 2.73452 -0.0255637 0.0278685 176.624
315759 2 0.01 0.1 32.9 -0.161279 0.271705 2.73964 -0.0138267 0.0249787 176.624
316492 2 0.01 0.1 32.9 -0.371105 -0.45768 3.32768 -0.036143 -0.0458929 176.624
316857 2 0.01 0.1 32.9 -0.19111 0.400068 6.30044 -0.0346736 0.0751924 176.624
317129 2 0.01 0.1 32.9 0.486574 0.449979 2.08632 0.0283039 0.0276431 176.624
317225 2 0.01 0.1 32.9 0.236183 0.442463 2.49625 0.0170941 0.0347617 176.624
317908 2 0.01 0.1 32.9 0.130137 -0.043735 4.70838 0.0195663 -0.00702587 176.624
318593 2 0.01 0.1 32.9 -0.028795 0.425891 1.26763 -0.00190852 0.0167348 176.624
318647 2 0.01 0.1 32.9 -0.471243 -0.272214 1.51369 -0.0179073 -0.0125914 176.624
319136 2 0.01 0.1 32.9 -0.150371 -0.237837 1.15919 -0.00427213 -0.00939364 176.624
319249 2 0.01 0.1 32.9 -0.40102 -0.300424 7.69338 -0.0938588 -0.0692914 176.624
319699 2 0.01 0.1 32.9 0.213695 0.282869 2.09563 0.0130554 0.0169406 176.624
320461 2 0.01 0.1 32.9 -0.287733 -0.0389261 2.15415 -0.019568 0.00127255 176.624
323159 2 0.01 0.1 32.9 -0.339569 -0.178965 3.57927 -0.0381929 -0.0176748 176.624
323374 2 0.01 0.1 32.9 -0.217641 -0.127887 2.01267 -0.013661 -0.00969814 176.624
325399 2 0.01 0.1 32.9 0.333084 -0.259627 2.08251 0.022881 -0.0170241 176.624
325999 2 0.01 0.1 32.9 -0.433496 -0.269876 1.36674 -0.0165787 -0.00969799 176.624
326490 2 0.01 0.1 32.9 -0.382208 0.0470143 3.57768 -0.0390063 0.00754605 176.624
326812 2 0.01 0.1 32.9 -0.442536 0.0999081 2.01453 -0.0287743 0.00449339 176.624
327758 2 0.01 0.1 32.9 -0.205786 0.186674 1.9722 -0.0104786 0.00826947 176.624
327827 2 0.01 0.1 32.9 -0.294643 -0.142721 4.20969 -0.0354793 -0.0171431 176.624
329296 2 0.01 0.1 32.9 -0.1436 0.396961 2.5145 -0.0102979 0.0302712 176.624
329454 2 0.01 0.1 32.9 0.187414 -0.296954 2.27981 0.0134101 -0.0197149 176.624
329480 2 0.01 0.1 32.9 0.419129 -0.243182 1.24716 0.0151442 -0.00945753 176.624
329508 2 0.01 0.1 32.9 -0.173503 -0.277919 1.43587 -0.00911353 -0.0134934 176.624
329937 2 0.01 0.1 32.9 -0.292525 -0.308895 3.18958 -0.0293512 -0.030535 176.624
330420 2 0.01 0.1 32.9 0.0187452 0.490019 3.72071 0.00301428 0.05471 176.624
331080 2 0.01 0.1 32.9 -0.484674 0.0951686 1.47335 -0.0230148 0.00198645 176.624
331162 2 0.01 0.1 32.9 0.476184 0.236475 4.1552 0.0620564 0.0305648 176.624
331536 2 0.01 0.1 32.9 -0.33519 -0.404554 2.96241 -0.031241 -0.0356237 176.624
333058 2 0.01 0.1 32.9 -0.144675 -0.409909 2.13792 -0.0097854 -0.0261906 176.624
334545 2 0.01 0.1 32.9 0.144211 -0.400658 1.31319 0.00635805 -0.0166118 176.624
334651 2 0.01 0.1 32.9 0.486346 -0.425178 4.94501 0.0747522 -0.0653911 176.624
335131 2 0.01 0.1 32.9 0.242812 -0.255806 1.59391 0.0107216 -0.012197 176.624
335308 2 0.01 0.1 32.9 0.39156 -0.401535 1.71802 0.0196439 -0.0190421 176.624
335431 2 0.01 0.1 32.9 0.296196 -0.238059 4.26548 0.0392712 -0.0290923 176.624
335706 2 0.01 0.1 32.9 -0.43906 -0.148295 10.1248 -0.135555 -0.0454596 176.624
335709 2 0.01 0.1 32.9 0.215964 -0.289966 1.87913 0.0114626 -0.0156303 176.624
335719 2 0.01 0.1 32.9 0.301334 0.0287092 1.59251 0.0153711 -0.000708435 176.624
335762 2 0.01 0.1 32.9 -0.150088 -0.490375 3.6007 -0.0151031 -0.0531025 176.624
336552 2 0.01 0.1 32.9 0.0514542 -0.192164 9.21146 0.0147989 -0.051384 176.624
337511 2 0.01 0.1 32.9 0.390504 0.208827 1.8454 0.0230286 0.012476 176.624
337633 2 0.01 0.1 32.9 -0.252549 0.442846 2.20382 -0.0178696 0.0285644 176.624
338021 2 0.01 0.1 32.9 0.343914 0.371185 1.50373 0.0167425 0.0181504 176.624
338270 2 0.01 0.1 32.9 -0.0180096 0.0126959 3.87209 -0.000793179 0.000614645 176.624
338447 2 0.01 0.1 32.9 0.241297 -0.291868 1.55094 0.0113173 -0.0142203 176.624
338594 2 0.01 0.1 32.9 0.453067 0.213314 6.94052 0.0970707 0.0446903 176.624
339048 2 0.01 0.1 32.9 -0.113036 0.272739 1.13542 -0.00138703 0.0101687 176.624
339390 2 0.01 0.1 32.9 0.289087 -0.123159 11.5268 0.102242 -0.0426181 176.624
339610 2 0.01 0.1 32.9 -0.42912 0.477436 1.78106 -0.0230441 0.0248119 176.624
339853 2 0.01 0.1 32.9 0.178208 0.435503 7.68971 0.0413331 0.100717 176.624
340716 2 0.01 0.1 32.9 -0.376291 0.153074 1.38043 -0.0164352 0.00684923 176.624
342430 2 0.01 0.1 32.9 0.31075 -0.0285928 1.60421 0.0138801 0.00150037 176.624
344112 2 0.01 0.1 32.9 0.0606262 0.438849 2.3247 0.00523806 0.0301832 176.624
344613 2 0.01 0.1 32.9 -0.491031 -0.130266 1.97794 -0.0299432 -0.00763205 176.624
344630 2 0.01 0.1 32.9 -0.202843 -0.194271 7.46648 -0.0466563 -0.0469484 176.624
346204 2 0.01 0.1 32.9 -0.217818 0.352424 2.45163 -0.0152703 0.0245097 176.624
346218 2 0.01 0.1 32.9 0.48901 0.264354 2.65917 0.0385816 0.0195114 176.624
346771 2 0.01 0.1 32.9 -0.161926 0.361557 4.40179 -0.0242301 0.0474817 176.624
347259 2 0.01 0.1 32.9 -0.330826 0.375066 0.727677 -0.00580289 0.00657318 176.624
347319 2 0.01 0.1 32.9 -0.245851 -0.337066 3.52759 -0.0272587 -0.0360212 176.624
347372 2 0.01 0.1 32.9 0.22653 -0.120117 1.06771 0.00727352 -0.00383203 176.624
348591 2 0.01 0.1 32.9 0.304903 0.392911 3.01054 0.0279673 0.0351352 176.624
348836 2 0.01 0.1 32.9 -0.165323 0.45505 3.13974 -0.014552 0.0426361 176.624
350082 2 0.01 0.1 32.9 -0.30791 -0.430342 2.41574 -0.0243468 -0.0302056 176.624
351093 2 0.01 0.1 32.9 -0.415357 0.0940782 2.47069 -0.0326919 0.00560402 176.624
351470 2 0.01 0.1 32.9 0.457729 -0.101221 1.11403 0.0146265 -0.00144685 176.624
351969 2 0.01 0.1 32.9 0.167487 0.462019 2.3926 0.013038 0.0349925 176.624
352201 2 0.01 0.1 32.9 -0.363731 -0.350891 3.47965 -0.0393141 -0.0324982 176.624
352641 2 0.01 0.1 32.9 -0.369803 0.229891 5.88447 -0.0674251 0.0408827 176.624
354000 2 0.01 0.1 32.9 0.00688674 -0.118886 5.69361 0.00116593 -0.0197145 176.624
355575 2 0.01 0.1 32.9 0.4968 0.489942 4.53324 0.0689276 0.0676179 176.624
357016 2 0.01 0.1 32.9 0.115362 -0.102536 0.971811 0.00176117 -0.00343206 176.624
357405 2 0.01 0.1 32.9 -0.0799284 0.370904 2.54654 -0.00582435 0.0294041 176.624
358528 2 0.01 0.1 32.9 -0.431101 0.479623 2.49417 -0.0309818 0.0364493 176.624
358890 2 0.01 0.1 32.9 0.464923 -0.259275 1.62901 0.0230406 -0.0113659 176.624
360697 2 0.01 0.1 32.9 0.213491 0.270122 0.432925 0.00194138 0.00390702 176.624
360729 2 0.01 0.1 32.9 0.0502134 0.489956 0.619764 0.00121517 0.00811997 176.624
361429 2 0.01 0.1 32.9 0.481549 0.48997 5.19805 0.075077 0.0796179 176.624
361688 2 0.01 0.1 32.9 -0.101923 0.411176 1.31768 -0.00435188 0.0160141 176.624
362246 2 0.01 0.1 32.9 -0.390791 -0.0727996 5.54294 -0.067602 -0.0131209 176.624
362441 2 0.01 0.1 32.9 -0.439945 -0.384354 5.4501 -0.0726786 -0.063956 176.624
362825 2 0.01 0.1 32.9 -0.282669 -0.431799 2.18227 -0.0176739 -0.0273013 176.624
362923 2 0.01 0.1 32.9 -0.174608 0.300188 1.02722 -0.00656724 0.00765711 176.624
363676 2 0.01 0.1 32.9 0.291122 -0.443949 0.968653 0.00904078 -0.0131238 176.624
363924 2 0.01 0.1 32.9 -0.387328 -0.250604 0.540144 -0.00532605 -0.000477741 176.624
365254 2 0.01 0.1 32.9 -0.117002 -0.0501299 2.46555 -0.0107048 -0.00277278 176.624
366214 2 0.01 0.1 32.9 0.261993 0.270624 1.24986 0.0098545 0.0108478 176.624
366297 2 0.01 0.1 32.9 0.224606 -0.167843 2.30974 0.0135562 -0.00919727 176.624
369405 2 0.01 0.1 32.9 -0.320965 0.0918309 2.71719 -0.0255237 0.00740627 176.624
369808 2 0.01 0.1 32.9 0.0113083 -0.412203 2.97874 0.00155999 -0.0361977 176.624
370440 2 0.01 0.1 32.9 0.0244699 -0.0110614 9.28611 0.00707231 -0.00325217 176.624
370942 2 0.01 0.1 32.9 -0.183912 0.0231364 7.62913 -0.0420245 0.00413646 176.624
371179 2 0.01 0.1 32.9 0.356735 0.180761 1.40345 0.0186613 0.0078905 176.624
371290 2 0.01 0.1 32.9 -0.152815 0.37536 3.09982 -0.0168291 0.033929 176.624
372530 2 0.01 0.1 32.9 0.306661 -0.146461 1.57639 0.0158875 -0.00787615 176.624
373998 2 0.01 0.1 32.9 -0.174916 0.380975 3.89622 -0.0213286 0.045393 176.624
374418 2 0.01 0.1 32.9 -0.380325 0.469269 1.5977 -0.0167638 0.021682 176.624
374540 2 0.01 0.1 32.9 -0.0298982 -0.439198 0.840069 -0.0013823 -0.00967583 176.624
375116 2 0.01 0.1 32.9 0.19294 -0.242836 0.877987 0.002208 -0.00646354 176.624
376227 2 0.01 0.1 32.9 0.477735 -0.241654 2.36017 0.0358646 -0.0183289 176.624
377820 2 0.01 0.1 32.9 0.240701 -0.461846 2.70617 0.0205187 -0.0370923 176.624
380688 2 0.01 0.1 32.9 0.142207 0.227056 3.41827 0.0136749 0.023467 176.624
381166 2 0.01 0.1 32.9 -0.393295 0.328561 1.29583 -0.0133711 0.0119539 176.624
381614 2 0.01 0.1 32.9 0.441883 0.334197 2.12622 0.0281268 0.0208055 176.624
382270 2 0.01 0.1 32.9 0.065091 -0.297616 1.79674 0.00159398 -0.0159818 176.624
382666 2 0.01 0.1 32.9 0.393332 -0.368684 2.37115 0.0283714 -0.027747 176.624
384053 2 0.01 0.1 32.9 0.238875 -0.136707 2.78394 0.0197394 -0.0106859 176.624
384490 2 0.01 0.1 32.9 0.0801726 0.491359 3.78089 0.00684163 0.0579445 176.624
384862 2 0.01 0.1 32.9 0.454245 0.0109742 3.46405 0.0455371 0.00114923 176.624
385394 2 0.01 0.1 32.9 -0.010719 0.368453 1.16731 -0.000939577 0.0120986 176.624
385491 2 0.01 0.1 32.9 -0.0183043 -0.126288 1.43727 -9.44856e-05 -0.00741933 176.624
385836 2 0.01 0.1 32.9 0.246949 0.0825728 2.10426 0.0171899 0.00302015 176.624
386253 2 0.01 0.1 32.9 0.275767 -0.213838 1.99297 0.0155213 -0.0130498 176.624
386580 2 0.01 0.1 32.9 -0.0715053 -0.0698951 1.47159 -0.00455897 -0.000556545 176.624
386725 2 0.01 0.1 32.9 -0.228257 0.214335 3.26483 -0.023333 0.0214637 176.624
386992 2 0.01 0.1 32.9 0.190787 0.214776 0.664219 0.00426157 0.00256118 176.624
387367 2 0.01 0.1 32.9 0.168228 0.14919 1.50265 0.00643433 0.00713895 176.624
388771 2 0.01 0.1 32.9 -0.435814 -0.398168 1.42251 -0.0193641 -0.0140871 176.624
389314 2 0.01 0.1 32.9 0.119283 -0.166951 1.03017 0.00385426 -0.00423855 176.624
389354 2 0.01 0.1 32.9 -0.38538 -0.40124 7.15113 -0.0830362 -0.0897122 176.624
390103 2 0.01 0.1 32.9 0.0644171 0.178131 2.60619 0.00578471 0.0126031 176.624
390265 2 0.01 0.1 32.9 -0.203159 0.392373 1.93273 -0.0112061 0.0238262 176.624
390881 2 0.01 0.1 32.9 0.196617 0.177276 3.53763 0.0211961 0.0192186 176.624
395113 2 0.01 0.1 32.9 0.421934 -0.207294 2.34391 0.0316003 -0.0162261 176.624
395147 2 0.01 0.1 32.9 0.212826 -0.0455249 2.26386 0.0162024 -0.00457029 176.624
396633 2 0.01 0.1 32.9 0.334298 -0.498498 1.474 0.0150971 -0.0212186 176.624
396709 2 0.01 0.1 32.9 -0.247357 0.377076 4.82233 -0.0381003 0.0574639 176.624
397046 2 0.01 0.1 32.9 0.311563 0.0252388 1.38139 0.013108 -0.000500682 176.624
397429 2 0.01 0.1 32.9 -0.24268 0.196234 2.35843 -0.016205 0.0125424 176.624
397668 2 0.01 0.1 32.9 -0.493201 -0.404719 1.22981 -0.0197606 -0.012232 176.624
397942 2 0.01 0.1 32.9 0.346279 0.186436 6.60311 0.0678177 0.0351773 176.624
398265 2 0.01 0.1 32.9 -0.491655 0.468472 3.65274 -0.0545185 0.0554289 176.624
399079 2 0.01 0.1 32.9 -0.00606471 0.198763 2.67084 -0.00164806 0.0177544 176.624
399594 2 0.01 0.1 32.9 -0.087895 0.27579 2.1216 -0.00547792 0.0176965 176.624
399923 2 0.01 0.1 32.9 -0.412472 0.0150958 1.98974 -0.0242773 -0.00107828 176.624
400303 2 0.01 0.1 32.9 0.0144705 -0.2289 1.47866 -0.000357361 -0.011367 176.624
401897 2 0.01 0.1 32.9 -0.161254 0.449793 6.53057 -0.032124 0.088763 176.624
404045 2 0.01 0.1 32.9 0.30363 -0.454618 7.07138 0.0655177 -0.0971176 176.624
405414 2 0.01 0.1 32.9 0.386493 -0.408165 0.860676 0.00841788 -0.0106823 176.624
405659 2 0.01 0.1 32.9 0.0069923 -0.380641 2.63398 0.000529132 -0.0285945 176.624
406587 2 0.01 0.1 32.9 -0.326272 0.266349 4.87141 -0.0489652 0.0399332 176.624
407895 2 0.01 0.1 32.9 0.361491 0.392971 3.0873 0.0340617 0.0357593 176.624
413429 2 0.01 0.1 32.9 0.301698 -0.374663 5.69935 0.0531949 -0.0670927 176.624
413784 2 0.01 0.1 32.9 -0.256023 0.106966 3.44478 -0.0259727 0.0127845 176.624
414182 2 0.01 0.1 32.9 0.331712 0.161978 1.88793 0.0183938 0.012635 176.624
415286 2 0.01 0.1 32.9 -0.471504 0.0138039 5.04971 -0.0719413 0.00288507 176.624
415799 2 0.01 0.1 32.9 -0.373868 -0.327753 6.05844 -0.0685286 -0.060328 176.624
415942 2 0.01 0.1 32.9 -0.388607 -0.0283776 3.35486 -0.0404288 -0.00196106 176.624
416537 2 0.01 0.1 32.9 -0.0838417 0.319622 3.1074 -0.00814037 0.0281572 176.624
418564 2 0.01 0.1 32.9 0.360634 0.326078 2.96428 0.0312405 0.0285006 176.624
418819 2 0.01 0.1 32.9 -0.256593 0.158392 3.71634 -0.0269983 0.0201315 176.624
419465 2 0.01 0.1 32.9 0.0821724 -0.274122 2.18962 0.00504013 -0.0209893 176.624
419524 2 0.01 0.1 32.9 -0.448273 -0.0898111 1.4696 -0.0197839 -0.00356829 176.624
419969 2 0.01 0.1 32.9 -0.458072 0.192779 3.56974 -0.0495205 0.0198969 176.624
421939 2 0.01 0.1 32.9 0.20374 -0.450167 3.15677 0.0207177 -0.0429807 176.624
426520 2 0.01 0.1 32.9 0.260152 -0.136931 1.00844 0.00804074 -0.00297446 176.624
426846 2 0.01 0.1 32.9 -0.377901 -0.294133 1.19018 -0.0138281 -0.0107313 176.624
427351 2 0.01 0.1 32.9 0.42693 0.0524097 3.19973 0.0420801 0.00601022 176.624
428480 2 0.01 0.1 32.9 -0.449277 0.279318 2.74567 -0.0356245 0.0248491 176.624
429936 2 0.01 0.1 32.9 0.242474 0.171535 2.43453 0.0169238 0.0128278 176.624
431396 2 0.01 0.1 32.9 0.408395 0.454878 1.6743 0.0196727 0.0230048 176.624
432242 2 0.01 0.1 32.9 0.384912 0.0217451 1.97288 0.022083 0.00106465 176.624
433214 2 0.01 0.1 32.9 0.214669 -0.173671 2.21409 0.0140468 -0.0126315 176.624
433229 2 0.01 0.1 32.9 -0.0247571 0.343236 4.00307 -0.00275595 0.0402201 176.624
433299 2 0.01 0.1 32.9 0.245743 0.145089 1.1483 0.00992752 0.00481633 176.624
435947 2 0.01 0.1 32.9 -0.259517 0.356237 1.98395 -0.0141941 0.0230683 176.624
436487 2 0.01 0.1 32.9 0.317962 0.419866 3.71224 0.036233 0.0455335 176.624
437846 2 0.01 0.1 32.9 0.47039 0.421291 1.80369 0.0255159 0.0236218 176.624
439052 2 0.01 0.1 32.9 0.0787456 0.128314 10.0596 0.0252123 0.0378052 176.624
439164 2 0.01 0.1 32.9 -0.432539 0.324015 2.46928 -0.0318526 0.0243042 176.624
439410 2 0.01 0.1 32.9 0.023432 0.105589 3.73211 0.00118885 0.0130504 176.624
442694 2 0.01 0.1 32.9 -0.0687075 -0.461161 1.02363 0.000390371 -0.0161557 176.624
443022 2 0.01 0.1 32.9 0.23739 -0.486574 2.26085 0.017124 -0.031778 176.624
443510 2 0.01 0.1 32.9 -0.16171 0.21968 1.9332 -0.0113679 0.0118969 176.624
443756 2 0.01 0.1 32.9 0.245481 0.45854 1.04809 0.00840618 0.0164466 176.624
445404 2 0.01 0.1 32.9 -0.222551 0.2596 4.28642 -0.028791 0.0324857 176.624
446137 2 0.01 0.1 32.9 -0.0662739 -0.214392 0.834411 -0.00335859 -0.0072179 176.624
447251 2 0.01 0.1 32.9 0.166682 -0.247367 4.30749 0.0213554 -0.0323877 176.624
448582 2 0.01 0.1 32.9 0.383301 0.0433478 1.47783 0.0178553 0.000655737 176.624
449141 2 0.01 0.1 32.9 0.015383 0.229488 2.57246 0.0012581 0.0170311 176.624
449288 2 0.01 0.1 32.9 -0.190945 0.378525 1.83143 -0.00971798 0.0226251 176.624
452271 2 0.01 0.1 32.9 0.287251 0.0612201 3.14765 0.0293801 0.00574411 176.624
452857 2 0.01 0.1 32.9 0.244896 0.427667 1.44223 0.0121836 0.0172374 176.624
453567 2 0.01 0.1 32.9 -0.134876 0.387214 0.941802 -0.00524994 0.00905756 176.624
454175 2 0.01 0.1 32.9 0.463107 -0.452349 3.51202 0.0490249 -0.0486312 176.624
456648 2 0.01 0.1 32.9 -0.144913 -0.243446 2.91493 -0.0126273 -0.023145 176.624
456720 2 0.01 0.1 32.9 -0.132942 -0.340929 4.45714 -0.0196262 -0.0454489 176.624
458372 2 0.01 0.1 32.9 -0.0922628 0.106694 3.1434 -0.00984737 0.0116254 176.624
459643 2 0.01 0.1 32.9 0.496898 -0.346251 0.909397 0.0147359 -0.0115804 176.624
459875 2 0.01 0.1 32.9 0.00720455 0.110886 2.44202 0.000775487 0.00826384 176.624
459946 2 0.01 0.1 32.9 0.240243 -0.356423 4.45643 0.0329744 -0.0475173 176.624
460705 2 0.01 0.1 32.9 -0.0132471 -0.414672 2.383 -0.000326063 -0.0328891 176.624
460868 2 0.01 0.1 32.9 -0.494634 0.0855349 1.97837 -0.031939 0.00582076 176.624
461181 2 0.01 0.1 32.9 -0.399088 -0.0817858 0.798084 -0.0115518 -0.00476858 176.624
461336 2 0.01 0.1 32.9 -0.0883933 0.427434 1.89884 -0.0054294 0.0245632 176.624
461892 2 0.01 0.1 32.9 -0.111556 0.296309 3.03907 -0.0103666 0.0273455 176.624
462897 2 0.01 0.1 32.9 -0.256715 0.415416 2.71396 -0.0221464 0.0356794 176.624
465174 2 0.01 0.1 32.9 -0.00175715 -0.162375 2.24334 -0.000121951 -0.0141205 176.624
465243 2 0.01 0.1 32.9 0.238397 0.256831 6.8493 0.0493118 0.052552 176.624
466599 2 0.01 0.1 32.9 0.396307 0.031379 2.80178 0.0320579 0.00357288 176.624
472275 2 0.01 0.1 32.9 -0.0544376 -0.480107 3.42637 -0.00603924 -0.0522096 176.624
473148 2 0.01 0.1 32.9 -0.077625 -0.169872 2.05179 -0.00609002 -0.0110697 176.624
474594 2 0.01 0.1 32.9 0.356291 0.0819253 0.82727 0.00833696 0.00180599 176.624
476101 2 0.01 0.1 32.9 -0.442334 0.202353 1.33962 -0.0194086 0.00974495 176.624
477071 2 0.01 0.1 32.9 0.46048 0.424379 1.71728 0.0254457 0.0207148 176.624
477543 2 0.01 0.1 32.9 -0.180069 -0.200062 7.14123 -0.0364057 -0.0427929 176.624
478035 2 0.01 0.1 32.9 -0.0678623 -0.101309 5.76145 -0.0108647 -0.0191146 176.624
479348 2 0.01 0.1 32.9 0.222207 -0.190338 0.570623 0.00562356 -0.00420531 176.624
479765 2 0.01 0.1 32.9 -0.253509 0.0529168 2.41884 -0.0198277 0.00183355 176.624
480874 2 0.01 0.1 32.9 -0.121729 0.378301 3.11071 -0.0130553 0.0345633 176.624
483431 2 0.01 0.1 32.9 0.49862 -0.142107 1.10724 0.0176756 -0.00531316 176.624
483837 2 0.01 0.1 32.9 0.0582586 -0.292888 3.15261 0.00597083 -0.0302931 176.624
485328 2 0.01 0.1 32.9 -0.301985 -0.0260749 2.84428 -0.0253676 -0.000944744 176.624
485558 2 0.01 0.1 32.9 -0.307033 0.392271 1.95757 -0.0180806 0.0227726 176.624
485766 2 0.01 0.1 32.9 -0.328726 0.409884 1.81955 -0.0175307 0.0228983 176.624
485899 2 0.01 0.1 32.9 0.431556 0.294844 2.59909 0.0332656 0.0225641 176.624
486350 2 0.01 0.1 32.9 9.98648e-05 0.124459 2.25155 0.00119237 0.00943071 176.624
487521 2 0.01 0.1 32.9 0.00223338 -0.402749 2.3944 -0.00107798 -0.0287816 176.624
487788 2 0.01 0.1 32.9 -0.0986794 0.131159 2.48596 -0.00730715 0.0109975 176.624
490121 2 0.01 0.1 32.9 -0.0770883 0.290851 4.80931 -0.0131409 0.0426915 176.624
490979 2 0.01 0.1 32.9 -0.295643 0.310654 6.24143 -0.0557719 0.0599778 176.624
491766 2 0.01 0.1 32.9 0.335948 -0.0201752 2.21217 0.0211133 -0.00157095 176.624
491799 2 0.01 0.1 32.9 -0.178527 -0.0214723 1.60478 -0.0101686 -0.00228563 176.624
492846 2 0.01 0.1 32.9 -0.459891 0.327884 1.75607 -0.0242 0.0169335 176.624
493491 2 0.01 0.1 32.9 -0.0482951 0.301921 1.84807 -0.00313483 0.0158169 176.624
494683 2 0.01 0.1 32.9 0.430287 -0.0859137 3.67864 0.0471826 -0.00976667 176.624
495038 2 0.01 0.1 32.9 -0.204995 -0.158992 0.941203 -0.00379495 -0.00485541 176.624
495349 2 0.01 0.1 32.9 -0.254724 -0.121812 0.764344 -0.00544565 -0.00262706 176.624
495428 2 0.01 0.1 32.9 0.178624 0.316014 14.5927 0.0804854 0.1395 176.624
495971 2 0.01 0.1 32.9 -0.0486561 0.0447908 0.886412 0.00138471 0.00156408 176.624
496669 2 0.01 0.1 32.9 -0.0889879 -0.274035 3.57215 -0.00853376 -0.0281285 176.624
497354 2 0.01 0.1 32.9 0.0199691 -0.0270782 1.2733 0.00300141 -0.00296725 176.624
497422 2 0.01 0.1 32.9 -0.31216 0.214065 7.03773 -0.0667459 0.0457831 176.624
498937 2 0.01 0.1 32.9 0.288862 -0.371447 2.69477 0.0253152 -0.0304407 176.624
499490 2 0.01 0.1 32.9 -0.060581 -0.222038 2.2204 -0.00274611 -0.0148568 176.624
499717 2 0.01 0.1 32.9 -0.144104 0.345376 3.49735 -0.0148963 0.0360527 176.624
499915 2 0.01 0.1 32.9 -0.0281841 -0.31207 1.62469 -0.00280214 -0.0172217 176.624
