2463 15 0.01 1.5 32.9 0.321784 0.213833 4.99392 0.0502689 0.0298647 15.446
6539 15 0.01 1.5 32.9 -0.0592808 -0.110259 6.39777 -0.0122383 -0.0193088 15.446
7684 15 0.01 1.5 32.9 -0.221203 -0.399089 28.0509 -0.191058 -0.340712 15.446
8245 15 0.01 1.5 32.9 -0.178774 -0.162559 3.03834 -0.0170079 -0.0153978 15.446
10203 15 0.01 1.5 32.9 -0.0617757 0.201021 4.91941 -0.010642 0.031507 15.446
22903 15 0.01 1.5 32.9 0.212653 0.435436 4.78334 0.0304118 0.0631691 15.446
28220 15 0.01 1.5 32.9 0.383745 -0.0545604 5.79664 0.0650104 -0.00931241 15.446
29650 15 0.01 1.5 32.9 -0.240251 0.312028 10.3861 -0.0769946 0.100466 15.446
33175 15 0.01 1.5 32.9 0.388138 -0.438565 7.69233 0.09167 -0.100672 15.446
36985 15 0.01 1.5 32.9 0.251481 0.0125665 7.74255 0.0619312 0.00335029 15.446
38079 15 0.01 1.5 32.9 0.288917 -0.118853 5.23341 0.0479534 -0.0148891 15.446
38213 15 0.01 1.5 32.9 0.0684667 0.127161 13.9299 0.0281903 0.0545682 15.446
39072 15 0.01 1.5 32.9 0.117582 0.00695627 6.70405 0.0239647 2.44509e-05 15.446
39316 15 0.01 1.5 32.9 -0.14378 -0.482683 7.59523 -0.0340738 -0.108379 15.446
40668 15 0.01 1.5 32.9 0.0115261 -0.220863 15.0054 0.00608067 -0.0996371 15.446
42910 15 0.01 1.5 32.9 0.142371 0.13975 4.2776 0.0170004 0.0182857 15.446
43409 15 0.01 1.5 32.9 0.408375 -0.338732 9.27085 0.11512 -0.095918 15.446
43933 15 0.01 1.5 32.9 0.251286 -0.179962 6.41215 0.0481199 -0.0366341 15.446
44260 15 0.01 1.5 32.9 -0.0979653 0.397597 4.17706 -0.01258 0.0510349 15.446
47866 15 0.01 1.5 32.9 0.450124 0.0480477 3.51621 0.0481005 0.00668718 15.446
48608 15 0.01 1.5 32.9 -0.25953 0.478944 2.96848 -0.0228486 0.0459845 15.446
51974 15 0.01 1.5 32.9 0.175887 0.428271 2.4934 0.0152158 0.0335709 15.446
54063 15 0.01 1.5 32.9 0.173325 -0.296284 11.4464 0.058604 -0.102526 15.446
59838 15 0.01 1.5 32.9 0.196795 -0.361724 3.76182 0.0241711 -0.0388591 15.446
63080 15 0.01 1.5 32.9 -0.486516 -0.174589 9.0992 -0.134081 -0.0481428 15.446
67819 15 0.01 1.5 32.9 0.166617 -0.26149 2.50491 0.0102302 -0.0162333 15.446
70751 15 0.01 1.5 32.9 -0.458513 0.280102 6.05902 -0.0866746 0.0516125 15.446
71273 15 0.01 1.5 32.9 -0.383174 0.0561322 6.97937 -0.0812449 0.0128059 15.446
71361 15 0.01 1.5 32.9 -0.246331 -0.393754 3.4723 -0.0261006 -0.0432459 15.446
72552 15 0.01 1.5 32.9 0.220574 0.108086 2.43248 0.0188525 0.0089582 15.446
75241 15 0.01 1.5 32.9 0.102309 -0.236457 2.76237 0.00953502 -0.0174681 15.446
77043 15 0.01 1.5 32.9 -0.127975 -0.103302 6.59527 -0.0244889 -0.0200833 15.446
77409 15 0.01 1.5 32.9 0.210235 -0.474812 5.13566 0.0334569 -0.073894 15.446
77617 15 0.01 1.5 32.9 -0.383926 -0.421913 4.99195 -0.0563312 -0.0623327 15.446
81546 15 0.01 1.5 32.9 0.403125 -0.206551 5.06596 0.0634465 -0.0304988 15.446
83326 15 0.01 1.5 32.9 0.0944195 -0.0628095 20.5083 0.0577068 -0.0381639 15.446
83776 15 0.01 1.5 32.9 -0.412969 -0.0216366 15.8593 -0.199521 -0.00739043 15.446
84679 15 0.01 1.5 32.9 0.262289 -0.0808337 2.87354 0.0216416 -0.00573394 15.446
84689 15 0.01 1.5 32.9 0.481891 -0.432701 2.72407 0.039023 -0.0356583 15.446
85549 15 0.01 1.5 32.9 0.0915652 -0.231219 8.12232 0.0196362 -0.0581654 15.446
86875 15 0.01 1.5 32.9 0.297252 -0.143177 5.51998 0.0484187 -0.0234764 15.446
88822 15 0.01 1.5 32.9 0.48733 -0.387338 4.25453 0.061597 -0.0486681 15.446
90058 15 0.01 1.5 32.9 0.0505665 0.0141812 2.98408 0.00357608 0.00392277 15.446
94164 15 0.01 1.5 32.9 0.465801 -0.475494 7.84708 0.110391 -0.109461 15.446
98748 15 0.01 1.5 32.9 -0.217543 -0.428682 6.54297 -0.0434312 -0.0841788 15.446
102560 15 0.01 1.5 32.9 -0.0653874 -0.0414864 5.03477 -0.00903293 -0.00430757 15.446
102849 15 0.01 1.5 32.9 0.0315731 0.300041 5.23842 0.00635999 0.048023 15.446
103069 15 0.01 1.5 32.9 0.197743 -0.140337 6.99535 0.0435238 -0.0290304 15.446
105738 15 0.01 1.5 32.9 -0.148591 -0.0263216 2.34369 -0.0127027 0.000454246 15.446
106308 15 0.01 1.5 32.9 -0.274612 -0.391745 3.69234 -0.0316315 -0.0420518 15.446
106995 15 0.01 1.5 32.9 0.342413 -0.18858 7.83443 0.08012 -0.0450254 15.446
108137 15 0.01 1.5 32.9 -0.225226 0.474675 5.37352 -0.0358143 0.0801928 15.446
108316 15 0.01 1.5 32.9 -0.0419687 -0.0116439 5.88522 -0.00628606 -0.000468838 15.446
108743 15 0.01 1.5 32.9 0.279798 -0.360782 3.73814 0.0323091 -0.0401269 15.446
112885 15 0.01 1.5 32.9 -0.276699 0.483412 3.04302 -0.0254721 0.0465667 15.446
116474 15 0.01 1.5 32.9 0.368657 -0.0231502 2.77882 0.0326008 0.00284542 15.446
117402 15 0.01 1.5 32.9 -0.102003 0.137416 2.76107 -0.00864148 0.0132765 15.446
123738 15 0.01 1.5 32.9 0.10838 -0.331805 9.4096 0.0317323 -0.0925005 15.446
127063 15 0.01 1.5 32.9 -0.269318 -0.174377 8.57286 -0.070531 -0.0473493 15.446
128121 15 0.01 1.5 32.9 0.0215436 0.154399 6.95855 0.0028832 0.0357037 15.446
131171 15 0.01 1.5 32.9 -0.132539 0.432995 4.69877 -0.0193452 0.062255 15.446
133081 15 0.01 1.5 32.9 0.0248939 0.101805 2.7127 0.000906125 0.00757197 15.446
134283 15 0.01 1.5 32.9 -0.419995 0.407142 6.16711 -0.0791729 0.0766445 15.446
134541 15 0.01 1.5 32.9 -0.0561951 -0.301607 6.32166 -0.0121511 -0.0577989 15.446
136225 15 0.01 1.5 32.9 0.382739 -0.0325443 6.03277 0.0699564 -0.00679283 15.446
137529 15 0.01 1.5 32.9 0.201582 -0.264396 5.5425 0.0304029 -0.0424571 15.446
138781 15 0.01 1.5 32.9 -0.0651017 0.0429333 6.95829 -0.0127261 0.0108732 15.446
139921 15 0.01 1.5 32.9 -0.129819 -0.092745 6.67322 -0.0269965 -0.0174624 15.446
142771 15 0.01 1.5 32.9 0.223237 -0.29567 8.83747 0.0611396 -0.0795161 15.446
143314 15 0.01 1.5 32.9 -0.331326 -0.123511 5.39184 -0.054941 -0.0193903 15.446
145818 15 0.01 1.5 32.9 -0.125289 0.451551 8.80686 -0.0345626 0.120662 15.446
146976 15 0.01 1.5 32.9 0.178904 0.29019 7.97546 0.0415621 0.0705733 15.446
149055 15 0.01 1.5 32.9 0.455449 -0.240106 6.91391 0.0943299 -0.0490156 15.446
152293 15 0.01 1.5 32.9 -0.0138349 0.038598 4.26114 -0.000712045 0.00796044 15.446
153585 15 0.01 1.5 32.9 -0.153536 -0.233406 14.3002 -0.064398 -0.0998065 15.446
154986 15 0.01 1.5 32.9 -0.342085 -0.467174 2.52577 -0.0251268 -0.0348519 15.446
159157 15 0.01 1.5 32.9 -0.195939 0.0780172 3.30815 -0.0227746 0.00929383 15.446
159909 15 0.01 1.5 32.9 -0.479932 0.223251 6.66541 -0.0975406 0.0467992 15.446
164528 15 0.01 1.5 32.9 0.130386 -0.192528 8.75074 0.031345 -0.0518397 15.446
165693 15 0.01 1.5 32.9 -0.170261 -0.284194 5.81451 -0.0289727 -0.0493415 15.446
165764 15 0.01 1.5 32.9 0.463646 0.425707 4.06725 0.0568477 0.0536627 15.446
165802 15 0.01 1.5 32.9 0.427786 -0.091478 6.55452 0.0870856 -0.0188224 15.446
167156 15 0.01 1.5 32.9 -0.407479 0.0924889 6.28652 -0.0795617 0.019726 15.446
169341 15 0.01 1.5 32.9 -0.494215 -0.326373 4.41673 -0.0682017 -0.0458469 15.446
171137 15 0.01 1.5 32.9 0.384112 0.29465 5.73257 0.0669278 0.0516181 15.446
172769 15 0.01 1.5 32.9 -0.120493 0.140198 4.70007 -0.0176588 0.021915 15.446
173717 15 0.01 1.5 32.9 -0.428696 -0.457914 1.11826 -0.0159208 -0.0153134 15.446
173812 15 0.01 1.5 32.9 -0.153564 -0.181977 1.72341 -0.00976974 -0.00818251 15.446
176134 15 0.01 1.5 32.9 0.375191 -0.0426983 11.2838 0.126107 -0.014125 15.446
176888 15 0.01 1.5 32.9 -0.357763 0.0359418 3.15154 -0.0337561 0.00356198 15.446
177732 15 0.01 1.5 32.9 0.419101 0.161267 4.17069 0.0516076 0.0187451 15.446
182394 15 0.01 1.5 32.9 -0.316308 -0.275744 6.85927 -0.0674541 -0.0569191 15.446
184568 15 0.01 1.5 32.9 -0.175961 0.447154 8.74171 -0.0465992 0.118122 15.446
185032 15 0.01 1.5 32.9 0.0957444 0.341256 5.60376 0.0156861 0.0572098 15.446
185618 15 0.01 1.5 32.9 -0.137308 -0.442183 20.8698 -0.0880733 -0.280179 15.446
185879 15 0.01 1.5 32.9 -0.167319 0.457085 4.05158 -0.0203409 0.0565807 15.446
186249 15 0.01 1.5 32.9 0.106275 -0.132554 6.74767 0.0220701 -0.025685 15.446
187390 15 0.01 1.5 32.9 0.121226 0.42806 7.08621 0.0225102 0.0934181 15.446
187950 15 0.01 1.5 32.9 0.00170335 -0.197731 3.49081 0.000933003 -0.0197652 15.446
188254 15 0.01 1.5 32.9 0.40479 0.0393059 23.3569 0.286744 0.0279376 15.446
190978 15 0.01 1.5 32.9 0.301603 0.446308 4.28986 0.0403422 0.0596949 15.446
196450 15 0.01 1.5 32.9 0.491631 0.306622 7.37911 0.110914 0.0702171 15.446
200064 15 0.01 1.5 32.9 -0.28398 -0.278861 3.11133 -0.0262496 -0.0226914 15.446
201733 15 0.01 1.5 32.9 0.200055 0.333628 13.4865 0.0811144 0.138126 15.446
202303 15 0.01 1.5 32.9 -0.450547 -0.116291 10.8335 -0.148862 -0.0372533 15.446
202360 15 0.01 1.5 32.9 -0.125941 -0.290798 7.36932 -0.029976 -0.0651324 15.446
202886 15 0.01 1.5 32.9 0.406108 -0.455459 4.65138 0.0574114 -0.0643362 15.446
203096 15 0.01 1.5 32.9 0.203058 0.287632 8.24588 0.0500326 0.0745134 15.446
203394 15 0.01 1.5 32.9 -0.155042 -0.160667 6.8751 -0.0328816 -0.0342247 15.446
203705 15 0.01 1.5 32.9 0.260391 0.329212 5.70657 0.0462205 0.0567734 15.446
205466 15 0.01 1.5 32.9 -0.270091 0.479851 5.60421 -0.0461627 0.0801296 15.446
207593 15 0.01 1.5 32.9 -0.316869 0.213142 7.09917 -0.0689284 0.0470194 15.446
211415 15 0.01 1.5 32.9 -0.0153207 0.445802 6.68808 -0.00161976 0.0902308 15.446
212723 15 0.01 1.5 32.9 -0.428144 0.206248 4.47722 -0.0571529 0.0295518 15.446
214148 15 0.01 1.5 32.9 -0.383107 0.460536 6.29625 -0.0732089 0.0889518 15.446
214601 15 0.01 1.5 32.9 0.0873297 0.42337 1.02582 0.00134034 0.0120298 15.446
214703 15 0.01 1.5 32.9 0.00423102 -0.41348 3.88959 0.00150161 -0.0518998 15.446
216422 15 0.01 1.5 32.9 -0.21275 -0.124978 2.42523 -0.0170731 -0.00816904 15.446
218014 15 0.01 1.5 32.9 0.248241 -0.0917318 6.14185 0.0474571 -0.0158413 15.446
224809 15 0.01 1.5 32.9 -0.339265 -0.49967 9.22924 -0.0968289 -0.142574 15.446
236257 15 0.01 1.5 32.9 0.252926 0.185341 27.6434 0.213443 0.157731 15.446
236535 15 0.01 1.5 32.9 -0.441054 0.0646741 8.67395 -0.117327 0.0170598 15.446
236569 15 0.01 1.5 32.9 0.115863 -0.342378 17.9862 0.0610238 -0.188063 15.446
237230 15 0.01 1.5 32.9 0.475095 -0.297398 3.82623 0.0539184 -0.0332918 15.446
237829 15 0.01 1.5 32.9 -0.335469 0.238237 9.55727 -0.0977558 0.0677748 15.446
241337 15 0.01 1.5 32.9 0.132802 -0.138494 3.08788 0.013105 -0.0121214 15.446
247155 15 0.01 1.5 32.9 -0.0887545 0.180521 9.24259 -0.0233617 0.0495889 15.446
248274 15 0.01 1.5 32.9 0.128891 0.115755 18.2893 0.072561 0.0667658 15.446
248616 15 0.01 1.5 32.9 -0.261513 0.149481 4.85457 -0.038279 0.0239507 15.446
251414 15 0.01 1.5 32.9 0.210315 0.0450949 5.11705 0.0328781 0.00570241 15.446
252146 15 0.01 1.5 32.9 -0.265112 0.0896412 8.23534 -0.0666347 0.0243163 15.446
254980 15 0.01 1.5 32.9 0.30612 -0.195673 2.94522 0.0272056 -0.0166852 15.446
256786 15 0.01 1.5 32.9 -0.134849 0.20807 3.18643 -0.0120309 0.0211053 15.446
256949 15 0.01 1.5 32.9 -0.416298 0.405081 8.10019 -0.10094 0.103829 15.446
257803 15 0.01 1.5 32.9 0.43956 0.271407 5.5312 0.0738572 0.0491127 15.446
258009 15 0.01 1.5 32.9 0.352437 0.369966 1.57694 0.0155455 0.015243 15.446
259671 15 0.01 1.5 32.9 -0.0495495 0.395769 7.18705 -0.011426 0.0867961 15.446
260474 15 0.01 1.5 32.9 -0.0538959 -0.370989 11.2868 -0.0192489 -0.125522 15.446
261400 15 0.01 1.5 32.9 -0.337849 -0.469808 8.99634 -0.091656 -0.128558 15.446
264254 15 0.01 1.5 32.9 0.260471 -0.322279 15.9609 0.127043 -0.155903 15.446
265601 15 0.01 1.5 32.9 -0.186481 -0.388956 8.75884 -0.0489543 -0.103056 15.446
266272 15 0.01 1.5 32.9 -0.151459 0.0142655 8.77241 -0.0405703 0.00371335 15.446
268899 15 0.01 1.5 32.9 0.098443 0.348598 9.66916 0.028678 0.102553 15.446
269989 15 0.01 1.5 32.9 0.303865 0.0992044 8.71248 0.0802207 0.0288059 15.446
278150 15 0.01 1.5 32.9 0.221159 0.189889 7.04751 0.0493339 0.0425518 15.446
278956 15 0.01 1.5 32.9 0.00998051 0.263696 5.01308 0.00183629 0.0414501 15.446
279149 15 0.01 1.5 32.9 0.00396444 0.173188 9.66945 0.00143539 0.0525557 15.446
283423 15 0.01 1.5 32.9 0.133006 -0.085483 7.90754 0.0309577 -0.0192502 15.446
287202 15 0.01 1.5 32.9 0.0118584 -0.10414 5.89806 0.000573777 -0.0193194 15.446
289652 15 0.01 1.5 32.9 0.342398 -0.0155878 5.66361 0.0605707 -0.00187855 15.446
289840 15 0.01 1.5 32.9 0.199286 -0.193878 31.4451 0.191104 -0.184403 15.446
289897 15 0.01 1.5 32.9 0.313965 0.275028 2.66088 0.0266179 0.0221204 15.446
292135 15 0.01 1.5 32.9 -0.0641593 0.165144 5.138 -0.0107436 0.0294592 15.446
292805 15 0.01 1.5 32.9 0.0140762 -0.120728 7.58754 0.00461111 -0.0271644 15.446
293018 15 0.01 1.5 32.9 0.395665 -0.302271 5.43736 0.0670287 -0.0488786 15.446
295861 15 0.01 1.5 32.9 -0.0954241 -0.266181 6.98519 -0.0196798 -0.0545837 15.446
296325 15 0.01 1.5 32.9 -0.310874 -0.0454473 8.54311 -0.0818501 -0.0104456 15.446
296421 15 0.01 1.5 32.9 0.462302 0.195096 6.30032 0.0897964 0.0372971 15.446
301000 15 0.01 1.5 32.9 0.367343 -0.123572 15.3785 0.172311 -0.0564593 15.446
302317 15 0.01 1.5 32.9 0.461741 -0.464595 7.46745 0.10334 -0.105985 15.446
305994 15 0.01 1.5 32.9 0.274311 -0.0762714 10.2848 0.0867195 -0.0232445 15.446
308521 15 0.01 1.5 32.9 0.333908 -0.430401 8.84039 0.0891479 -0.116039 15.446
310899 15 0.01 1.5 32.9 0.23103 0.396568 2.77887 0.0173978 0.0319214 15.446
311829 15 0.01 1.5 32.9 0.368882 -0.0604293 8.94495 0.0992166 -0.0164715 15.446
317290 15 0.01 1.5 32.9 0.165871 0.203574 3.509 0.0156102 0.0188567 15.446
318872 15 0.01 1.5 32.9 0.30706 0.0899424 11.7338 0.109889 0.0313396 15.446
319829 15 0.01 1.5 32.9 0.0990559 0.047146 7.17108 0.0203685 0.0122109 15.446
327043 15 0.01 1.5 32.9 0.323774 0.000134084 4.57033 0.0447212 0.00157101 15.446
328283 15 0.01 1.5 32.9 0.194484 -0.30013 6.18466 0.0366125 -0.0528371 15.446
328296 15 0.01 1.5 32.9 -0.357514 0.2945 9.11372 -0.0982547 0.0822183 15.446
328320 15 0.01 1.5 32.9 -0.362088 0.407853 8.05202 -0.0884387 0.103281 15.446
332391 15 0.01 1.5 32.9 -0.416435 -0.317045 5.53547 -0.0704006 -0.0527917 15.446
332857 15 0.01 1.5 32.9 0.315166 0.331932 7.32671 0.0698841 0.0719214 15.446
335848 15 0.01 1.5 32.9 0.178272 0.241755 6.65315 0.0348386 0.0461582 15.446
336140 15 0.01 1.5 32.9 0.245424 -0.0813783 2.04888 0.0153826 -0.00912873 15.446
336594 15 0.01 1.5 32.9 0.00138495 -0.478022 5.65614 -9.36234e-05 -0.0820629 15.446
337991 15 0.01 1.5 32.9 0.344962 0.239639 8.8311 0.0926096 0.0656962 15.446
338285 15 0.01 1.5 32.9 0.409445 -0.366114 14.2018 0.175607 -0.158038 15.446
341519 15 0.01 1.5 32.9 -0.346429 0.306449 4.63784 -0.0470479 0.0431129 15.446
342117 15 0.01 1.5 32.9 -0.27824 0.428656 2.83316 -0.0248716 0.0372466 15.446
343558 15 0.01 1.5 32.9 -0.0297085 0.337935 6.03808 -0.00436692 0.0645619 15.446
345844 15 0.01 1.5 32.9 -0.0538458 -0.139029 6.34828 -0.0101245 -0.0259982 15.446
346991 15 0.01 1.5 32.9 0.38697 -0.106265 2.86269 0.0338109 -0.011441 15.446
348692 15 0.01 1.5 32.9 -0.349096 -0.342776 13.9236 -0.147793 -0.143742 15.446
357430 15 0.01 1.5 32.9 0.256458 0.292059 4.50469 0.0338003 0.0408594 15.446
358190 15 0.01 1.5 32.9 0.0760339 -0.487066 5.97407 0.0124896 -0.0888447 15.446
369231 15 0.01 1.5 32.9 0.162959 0.123436 2.02331 0.0101986 0.00827078 15.446
371897 15 0.01 1.5 32.9 0.461963 -0.103783 2.29355 0.0315545 -0.00521649 15.446
373035 15 0.01 1.5 32.9 0.0781959 -0.479493 10.0095 0.02347 -0.144259 15.446
373769 15 0.01 1.5 32.9 -0.0990207 0.0707569 8.49013 -0.0253881 0.017643 15.446
375044 15 0.01 1.5 32.9 -0.343588 -0.132258 1.94376 -0.0223961 -0.00807405 15.446
382463 15 0.01 1.5 32.9 -0.398565 -0.339502 4.57082 -0.0522719 -0.0472422 15.446
385040 15 0.01 1.5 32.9 -0.329493 0.331888 5.47887 -0.0547386 0.0545784 15.446
390982 15 0.01 1.5 32.9 0.319955 -0.0460252 4.08926 0.0389097 -0.00348745 15.446
395828 15 0.01 1.5 32.9 0.021436 -0.449236 4.69639 0.00467165 -0.0623793 15.446
400663 15 0.01 1.5 32.9 -0.36156 -0.235677 8.59078 -0.0937585 -0.0598911 15.446
401179 15 0.01 1.5 32.9 -0.00513766 0.215677 10.708 -0.00374982 0.0706338 15.446
403928 15 0.01 1.5 32.9 -0.240982 -0.294887 6.5005 -0.0489396 -0.0577823 15.446
405319 15 0.01 1.5 32.9 0.406723 -0.278149 7.83822 0.0942043 -0.0644789 15.446
407904 15 0.01 1.5 32.9 -0.27884 -0.157564 5.37756 -0.0458099 -0.0254546 15.446
411806 15 0.01 1.5 32.9 0.442429 -0.168365 9.80145 0.132424 -0.046986 15.446
412213 15 0.01 1.5 32.9 -0.165636 -0.0687063 6.3156 -0.0322814 -0.0130791 15.446
414506 15 0.01 1.5 32.9 -0.422578 0.37854 6.06527 -0.0788921 0.0723049 15.446
417099 15 0.01 1.5 32.9 0.208217 -0.121744 3.89037 0.0251546 -0.0118955 15.446
417627 15 0.01 1.5 32.9 0.244595 0.233745 4.31526 0.0318458 0.033156 15.446
418856 15 0.01 1.5 32.9 0.164185 -0.456782 7.26599 0.0378736 -0.101171 15.446
419644 15 0.01 1.5 32.9 -0.2715 0.414389 5.53228 -0.045836 0.0724734 15.446
422770 15 0.01 1.5 32.9 0.0296089 -0.445987 1.49407 0.00322833 -0.0196038 15.446
422825 15 0.01 1.5 32.9 -0.211055 0.38485 3.1098 -0.0204909 0.0355627 15.446
422846 15 0.01 1.5 32.9 0.0896494 -0.264548 3.11783 0.0112578 -0.0239909 15.446
425051 15 0.01 1.5 32.9 0.30772 0.385602 5.58056 0.0506356 0.0664657 15.446
428352 15 0.01 1.5 32.9 0.140339 -0.317632 8.01389 0.0338912 -0.0774367 15.446
428399 15 0.01 1.5 32.9 -0.217039 -0.043013 8.90257 -0.0583547 -0.0102842 15.446
430811 15 0.01 1.5 32.9 -0.418349 0.470772 7.7169 -0.0964622 0.111296 15.446
432170 15 0.01 1.5 32.9 0.121162 0.303488 7.59228 0.0277292 0.0694768 15.446
434490 15 0.01 1.5 32.9 -0.462942 -0.387252 3.78197 -0.0540003 -0.0436203 15.446
442087 15 0.01 1.5 32.9 0.139538 0.0585454 2.43189 0.0123016 0.00260043 15.446
443415 15 0.01 1.5 32.9 -0.125555 -0.473986 3.2211 -0.0123207 -0.0463539 15.446
446578 15 0.01 1.5 32.9 0.314928 0.491318 2.98742 0.0272017 0.0473761 15.446
446832 15 0.01 1.5 32.9 0.375151 -0.404196 6.64795 0.0757591 -0.0792767 15.446
448887 15 0.01 1.5 32.9 -0.180166 0.284951 7.31145 -0.0401621 0.062271 15.446
452006 15 0.01 1.5 32.9 0.135945 -0.430888 5.78244 0.0225346 -0.0740585 15.446
455623 15 0.01 1.5 32.9 0.487752 0.141103 9.66485 0.143656 0.0444143 15.446
457063 15 0.01 1.5 32.9 -0.336962 -0.25889 8.23546 -0.0848023 -0.065119 15.446
464224 15 0.01 1.5 32.9 -0.0890815 0.47171 5.11383 -0.0137565 0.0739179 15.446
465696 15 0.01 1.5 32.9 0.220897 -0.320108 4.32105 0.0294387 -0.0388626 15.446
466324 15 0.01 1.5 32.9 -0.0378172 0.0126504 4.77255 -0.00361992 0.00295258 15.446
466670 15 0.01 1.5 32.9 -0.140409 0.165301 3.12894 -0.0138827 0.0157713 15.446
467065 15 0.01 1.5 32.9 0.23836 -0.0301164 13.1952 0.0955344 -0.00999809 15.446
468482 15 0.01 1.5 32.9 -0.476594 0.169411 7.55011 -0.110278 0.0383962 15.446
472093 15 0.01 1.5 32.9 0.249357 -0.491703 10.0754 0.0767955 -0.150221 15.446
484567 15 0.01 1.5 32.9 -0.408403 -0.341062 5.39577 -0.0684884 -0.0557369 15.446
484976 15 0.01 1.5 32.9 0.473204 0.113875 8.90101 0.126877 0.0284511 15.446
487971 15 0.01 1.5 32.9 -0.255593 0.151716 12.7188 -0.0978588 0.059726 15.446
493458 15 0.01 1.5 32.9 0.0838986 0.162926 3.71664 0.0114141 0.0169725 15.446
494348 15 0.01 1.5 32.9 0.466859 0.137754 1.8306 0.0279972 0.0102515 15.446
498778 15 0.01 1.5 32.9 0.358905 -0.109653 5.74359 0.0621091 -0.0172252 15.446
