774 15 0.01 0.4 32.9 0.149287 -0.218739 1.10384 0.00299527 -0.00711284 16.1822
1680 15 0.01 0.4 32.9 0.492718 0.440006 4.26427 0.0634116 0.0565306 16.1822
2598 15 0.01 0.4 32.9 -0.300651 0.395529 7.86599 -0.0729388 0.0961241 16.1822
2986 15 0.01 0.4 32.9 0.124392 -0.237774 4.5093 0.0179172 -0.0318106 16.1822
3289 15 0.01 0.4 32.9 0.286668 -0.0471009 4.64551 0.0429664 -0.00795195 16.1822
5790 15 0.01 0.4 32.9 0.200895 0.346113 3.32934 0.0214686 0.0371289 16.1822
7287 15 0.01 0.4 32.9 0.247276 0.186467 5.05082 0.0369328 0.0319888 16.1822
8501 15 0.01 0.4 32.9 -0.16644 0.279205 8.26586 -0.0435553 0.0716724 16.1822
9713 15 0.01 0.4 32.9 0.0453232 -0.352561 7.35791 0.010243 -0.0785365 16.1822
11255 15 0.01 0.4 32.9 0.254056 -0.0214531 4.94714 0.0372648 -0.00313913 16.1822
11463 15 0.01 0.4 32.9 -0.0616729 0.351171 6.34735 -0.0113551 0.0690318 16.1822
14995 15 0.01 0.4 32.9 0.342888 -0.320225 4.05769 0.0429861 -0.039846 16.1822
17835 15 0.01 0.4 32.9 -0.327552 0.300724 6.29999 -0.0644259 0.0590831 16.1822
20467 15 0.01 0.4 32.9 0.329545 0.388508 1.53501 0.0152634 0.0197029 16.1822
20698 15 0.01 0.4 32.9 0.0739246 -0.364608 13.1916 0.0282095 -0.143811 16.1822
22471 15 0.01 0.4 32.9 0.292234 0.464432 3.00048 0.0286969 0.040402 16.1822
25025 15 0.01 0.4 32.9 -0.180284 0.126303 3.83222 -0.0231235 0.0171874 16.1822
25186 15 0.01 0.4 32.9 -0.475013 0.307873 23.9634 -0.34613 0.223761 16.1822
25357 15 0.01 0.4 32.9 0.380957 -0.331888 9.9657 0.114944 -0.0995816 16.1822
34007 15 0.01 0.4 32.9 0.283524 0.046775 5.83065 0.0498465 0.00814897 16.1822
34645 15 0.01 0.4 32.9 -0.336397 -0.309126 5.06218 -0.0534769 -0.0484082 16.1822
36215 15 0.01 0.4 32.9 -0.260488 -0.119354 4.25681 -0.0339621 -0.0135507 16.1822
37669 15 0.01 0.4 32.9 0.380229 0.299089 4.80792 0.0553854 0.044382 16.1822
37837 15 0.01 0.4 32.9 -0.409249 0.120108 12.0743 -0.15152 0.0452341 16.1822
42123 15 0.01 0.4 32.9 0.111169 0.460137 6.98035 0.0250891 0.0996087 16.1822
44585 15 0.01 0.4 32.9 -0.0257187 0.10316 12.4618 -0.00887498 0.0407036 16.1822
48753 15 0.01 0.4 32.9 0.0507143 0.383448 4.66704 0.00555048 0.0544655 16.1822
50794 15 0.01 0.4 32.9 -0.162284 -0.097049 4.59073 -0.0235534 -0.0134365 16.1822
51206 15 0.01 0.4 32.9 -0.280757 0.102982 4.79433 -0.0410368 0.0167329 16.1822
54096 15 0.01 0.4 32.9 -0.0273403 -0.158088 8.53971 -0.00778766 -0.0389065 16.1822
54691 15 0.01 0.4 32.9 0.295277 0.25394 5.43833 0.049433 0.0429641 16.1822
58544 15 0.01 0.4 32.9 0.205303 0.183468 4.71703 0.0273337 0.0248945 16.1822
58654 15 0.01 0.4 32.9 -0.0620481 0.12963 13.5022 -0.0270432 0.0533508 16.1822
59538 15 0.01 0.4 32.9 -0.140045 0.498931 2.03601 -0.00935424 0.031659 16.1822
59973 15 0.01 0.4 32.9 0.386871 0.252599 8.34295 0.0992069 0.0681169 16.1822
60113 15 0.01 0.4 32.9 -0.212392 0.349951 4.76498 -0.0291148 0.0505874 16.1822
61717 15 0.01 0.4 32.9 -0.308607 0.169703 3.10447 -0.029293 0.0158213 16.1822
63428 15 0.01 0.4 32.9 0.246102 -0.424393 2.94493 0.0234319 -0.0360561 16.1822
64559 15 0.01 0.4 32.9 0.087053 0.040897 4.96601 0.0130516 0.00749577 16.1822
65655 15 0.01 0.4 32.9 -0.0622509 0.0463606 12.2891 -0.0220456 0.0170284 16.1822
65816 15 0.01 0.4 32.9 -0.34451 -0.14868 7.1852 -0.0752334 -0.0314602 16.1822
68054 15 0.01 0.4 32.9 -0.160549 0.266149 12.9288 -0.0614226 0.104629 16.1822
71072 15 0.01 0.4 32.9 -0.419491 0.384555 2.52572 -0.0319264 0.0317018 16.1822
71180 15 0.01 0.4 32.9 -0.164639 0.218653 4.49463 -0.0239728 0.0309973 16.1822
75119 15 0.01 0.4 32.9 -0.129721 0.142754 6.87387 -0.0282108 0.0307817 16.1822
76901 15 0.01 0.4 32.9 0.314997 0.121888 12.4428 0.118156 0.0491007 16.1822
77867 15 0.01 0.4 32.9 -0.0354904 0.204696 4.8449 -0.00360182 0.0318355 16.1822
78267 15 0.01 0.4 32.9 0.00355128 0.194639 8.0075 0.000150081 0.0487761 16.1822
78435 15 0.01 0.4 32.9 0.0680363 -0.45146 4.50866 0.0109635 -0.0607002 16.1822
80554 15 0.01 0.4 32.9 0.101945 -0.451302 7.08175 0.0216986 -0.0952173 16.1822
80965 15 0.01 0.4 32.9 0.370135 0.185786 3.26987 0.0364102 0.0224084 16.1822
81480 15 0.01 0.4 32.9 0.19712 0.293569 3.2963 0.0183725 0.0275902 16.1822
81817 15 0.01 0.4 32.9 0.249516 -0.467772 8.66558 0.0660513 -0.121736 16.1822
82301 15 0.01 0.4 32.9 0.479527 0.270999 5.29069 0.0774773 0.0418408 16.1822
84993 15 0.01 0.4 32.9 -0.0190574 0.449705 5.19054 -0.00325923 0.0708869 16.1822
86094 15 0.01 0.4 32.9 0.0608643 0.148682 6.36641 0.0126625 0.0282355 16.1822
86337 15 0.01 0.4 32.9 0.165307 0.149488 7.32947 0.0361446 0.0333255 16.1822
88262 15 0.01 0.4 32.9 0.20997 0.0662808 9.6874 0.0606347 0.0197639 16.1822
89655 15 0.01 0.4 32.9 -0.409007 -0.150447 2.41641 -0.0303492 -0.00860165 16.1822
90558 15 0.01 0.4 32.9 0.211486 0.00452961 5.14158 0.0319108 0.00211162 16.1822
91766 15 0.01 0.4 32.9 -0.280073 -0.16151 9.37865 -0.0816647 -0.0479653 16.1822
93664 15 0.01 0.4 32.9 0.410105 0.132831 1.07598 0.0118651 0.00428348 16.1822
94960 15 0.01 0.4 32.9 -0.340016 0.0818506 1.67522 -0.0177898 0.00624347 16.1822
94983 15 0.01 0.4 32.9 -0.465287 -0.112253 6.85273 -0.0979923 -0.0211506 16.1822
96003 15 0.01 0.4 32.9 -0.149962 -0.121992 6.68532 -0.0304161 -0.0250469 16.1822
96611 15 0.01 0.4 32.9 -0.177415 0.00441167 8.70612 -0.0484243 0.00202505 16.1822
97076 15 0.01 0.4 32.9 0.289129 0.191139 4.70308 0.0407027 0.0282616 16.1822
98621 15 0.01 0.4 32.9 0.129234 -0.0576423 4.05035 0.015073 -0.00735283 16.1822
99293 15 0.01 0.4 32.9 0.294724 0.0116648 3.82808 0.0328969 0.00173757 16.1822
99419 15 0.01 0.4 32.9 -0.121949 0.040741 13.3955 -0.0492147 0.0198212 16.1822
99569 15 0.01 0.4 32.9 0.432169 0.28845 6.14561 0.0794199 0.055594 16.1822
101018 15 0.01 0.4 32.9 -0.225396 0.396571 7.33487 -0.0507142 0.0909565 16.1822
101377 15 0.01 0.4 32.9 -0.138602 -0.0461454 7.00946 -0.0310468 -0.00925779 16.1822
103697 15 0.01 0.4 32.9 0.499843 0.20254 3.5477 0.0534564 0.02404 16.1822
105491 15 0.01 0.4 32.9 0.229533 0.47329 4.9786 0.0362941 0.0702783 16.1822
106759 15 0.01 0.4 32.9 -0.152069 -0.0255143 5.10868 -0.0215103 -0.00190041 16.1822
110523 15 0.01 0.4 32.9 0.467914 0.0396536 5.09529 0.0723332 0.00703764 16.1822
115427 15 0.01 0.4 32.9 -0.294414 0.418741 8.52233 -0.0766381 0.108166 16.1822
118423 15 0.01 0.4 32.9 -0.102523 -0.358713 5.35884 -0.0156722 -0.0561924 16.1822
119915 15 0.01 0.4 32.9 0.0225749 -0.307255 8.40941 0.00530438 -0.0759934 16.1822
125142 15 0.01 0.4 32.9 -0.230353 -0.391072 1.46592 -0.0102383 -0.0164194 16.1822
125313 15 0.01 0.4 32.9 -0.110435 0.471715 3.52949 -0.0110914 0.0502099 16.1822
126013 15 0.01 0.4 32.9 0.0292519 -0.180889 1.53727 0.00187297 -0.00675315 16.1822
127940 15 0.01 0.4 32.9 0.423486 0.416368 5.25473 0.0690313 0.0657074 16.1822
129005 15 0.01 0.4 32.9 0.0159811 0.105116 6.72232 0.00312985 0.0218414 16.1822
130754 15 0.01 0.4 32.9 0.356252 0.428561 5.1279 0.0554127 0.0675148 16.1822
133276 15 0.01 0.4 32.9 -0.427589 -0.285995 5.55904 -0.0722082 -0.0479515 16.1822
133330 15 0.01 0.4 32.9 -0.427642 0.48801 0.379741 -0.00509305 0.00602919 16.1822
135588 15 0.01 0.4 32.9 -0.486837 -0.133301 1.79304 -0.0289094 -0.00400409 16.1822
136762 15 0.01 0.4 32.9 -0.0792687 0.131848 7.12281 -0.0162303 0.02661 16.1822
140293 15 0.01 0.4 32.9 0.336118 0.0839021 4.91396 0.0507109 0.0136343 16.1822
140428 15 0.01 0.4 32.9 0.0619796 0.220706 6.68613 0.011481 0.0445017 16.1822
147812 15 0.01 0.4 32.9 0.195736 -0.363843 7.94578 0.0487929 -0.0875914 16.1822
148756 15 0.01 0.4 32.9 -0.31969 0.0794702 8.22973 -0.0785553 0.0205109 16.1822
149195 15 0.01 0.4 32.9 0.0304125 0.306228 6.19353 0.00541358 0.0574783 16.1822
149532 15 0.01 0.4 32.9 -0.489954 0.457685 4.84287 -0.0720389 0.0688386 16.1822
150146 15 0.01 0.4 32.9 0.0724732 -0.496755 6.12216 0.0117691 -0.0935253 16.1822
156595 15 0.01 0.4 32.9 -0.331905 0.259723 4.39504 -0.0463244 0.0373381 16.1822
164838 15 0.01 0.4 32.9 0.114933 -0.0480457 15.4434 0.0561547 -0.0222805 16.1822
164976 15 0.01 0.4 32.9 0.408698 -0.066172 5.92255 0.0734265 -0.0127141 16.1822
165967 15 0.01 0.4 32.9 -0.480393 -0.182663 7.67558 -0.112233 -0.0406164 16.1822
167455 15 0.01 0.4 32.9 -0.133636 -0.220917 2.72085 -0.0108936 -0.0180457 16.1822
168366 15 0.01 0.4 32.9 0.383223 -0.391219 4.82618 0.0546651 -0.0565421 16.1822
169675 15 0.01 0.4 32.9 0.398731 0.257218 1.29523 0.0191161 0.0100192 16.1822
171495 15 0.01 0.4 32.9 -0.1617 0.0182589 2.94462 -0.0119415 0.00267232 16.1822
173599 15 0.01 0.4 32.9 0.320929 0.246087 6.42266 0.063101 0.0479318 16.1822
175074 15 0.01 0.4 32.9 -0.480961 -0.109005 1.69887 -0.0240223 -0.00613727 16.1822
176467 15 0.01 0.4 32.9 -0.250492 0.471088 2.97831 -0.0238579 0.0426257 16.1822
180906 15 0.01 0.4 32.9 -0.18463 -0.11318 7.83289 -0.0444557 -0.026213 16.1822
182335 15 0.01 0.4 32.9 0.47256 0.225901 5.51338 0.0794052 0.0380647 16.1822
182867 15 0.01 0.4 32.9 -0.380424 0.0713315 3.55175 -0.040978 0.00935795 16.1822
182944 15 0.01 0.4 32.9 0.290301 0.150226 6.42947 0.0545312 0.0315718 16.1822
184771 15 0.01 0.4 32.9 0.099967 -0.146189 17.5189 0.0540228 -0.0745507 16.1822
185383 15 0.01 0.4 32.9 -0.155282 0.400814 7.71891 -0.0348211 0.0945848 16.1822
187448 15 0.01 0.4 32.9 0.360267 -0.145728 3.31698 0.036097 -0.0140557 16.1822
188713 15 0.01 0.4 32.9 -0.0411534 -0.456002 7.3215 -0.00918575 -0.100332 16.1822
191111 15 0.01 0.4 32.9 0.0138248 -0.378557 7.29908 0.00250927 -0.0839798 16.1822
191252 15 0.01 0.4 32.9 -0.49569 -0.322146 7.33896 -0.110091 -0.0683374 16.1822
194030 15 0.01 0.4 32.9 -0.184581 0.270755 2.91991 -0.0156685 0.0241609 16.1822
194247 15 0.01 0.4 32.9 0.249354 0.0910753 8.91282 0.067188 0.0248411 16.1822
194619 15 0.01 0.4 32.9 -0.0918197 0.360328 7.27537 -0.0225275 0.0790594 16.1822
196031 15 0.01 0.4 32.9 0.0358273 0.46832 4.57039 0.00450742 0.0659405 16.1822
196135 15 0.01 0.4 32.9 0.177653 -0.0226509 9.18467 0.0497023 -0.00671634 16.1822
197639 15 0.01 0.4 32.9 -0.0436927 0.33515 7.42238 -0.00814189 0.0743972 16.1822
199815 15 0.01 0.4 32.9 0.467555 0.101987 6.59176 0.0953748 0.0233236 16.1822
201151 15 0.01 0.4 32.9 -0.40665 0.194153 5.01667 -0.0604647 0.0289023 16.1822
201899 15 0.01 0.4 32.9 0.358303 0.052016 6.13011 0.0663902 0.0100048 16.1822
204525 15 0.01 0.4 32.9 -0.429793 -0.049922 3.2715 -0.0425336 -0.00794312 16.1822
205015 15 0.01 0.4 32.9 0.449193 0.186467 4.80358 0.0643063 0.0285138 16.1822
206568 15 0.01 0.4 32.9 0.157614 -0.0574832 2.8683 0.0145339 -0.00462721 16.1822
209899 15 0.01 0.4 32.9 -0.0615468 -0.23276 8.52357 -0.015749 -0.0606744 16.1822
209912 15 0.01 0.4 32.9 -0.411177 0.45814 6.83505 -0.0854462 0.0969048 16.1822
212944 15 0.01 0.4 32.9 -0.345548 -0.316199 17.9997 -0.18794 -0.169426 16.1822
214083 15 0.01 0.4 32.9 -0.405187 -0.122163 3.06577 -0.0366166 -0.00868286 16.1822
217793 15 0.01 0.4 32.9 0.205222 0.326773 5.82942 0.0337627 0.0587213 16.1822
220043 15 0.01 0.4 32.9 -0.114629 0.450147 5.80958 -0.0218728 0.0801922 16.1822
222295 15 0.01 0.4 32.9 0.486649 -0.0157505 9.27853 0.138446 -0.00641433 16.1822
222625 15 0.01 0.4 32.9 0.0462628 0.401062 2.19878 0.00242541 0.0274347 16.1822
224037 15 0.01 0.4 32.9 0.114533 -0.237911 2.77212 0.0101325 -0.0191112 16.1822
224974 15 0.01 0.4 32.9 -0.156444 0.448992 8.77917 -0.0419698 0.119958 16.1822
226104 15 0.01 0.4 32.9 -0.411623 -0.468296 5.54154 -0.0681274 -0.0766478 16.1822
227047 15 0.01 0.4 32.9 0.0944598 0.349832 9.42503 0.0259418 0.0994318 16.1822
227495 15 0.01 0.4 32.9 0.129783 -0.248184 4.47289 0.0196183 -0.0336279 16.1822
229722 15 0.01 0.4 32.9 -0.0343833 -0.201532 1.97356 -0.00295148 -0.0102256 16.1822
231039 15 0.01 0.4 32.9 0.0546117 0.181803 4.30808 0.00896676 0.0233758 16.1822
231761 15 0.01 0.4 32.9 -0.163797 0.241801 4.41925 -0.0225113 0.0337469 16.1822
232895 15 0.01 0.4 32.9 -0.219849 0.309347 11.2327 -0.0759853 0.106889 16.1822
237684 15 0.01 0.4 32.9 -0.415571 0.479008 3.2933 -0.0410566 0.0495519 16.1822
238547 15 0.01 0.4 32.9 -0.106158 -0.280226 3.82665 -0.0109724 -0.0333681 16.1822
238993 15 0.01 0.4 32.9 -0.388119 -0.414567 11.998 -0.140557 -0.154816 16.1822
239577 15 0.01 0.4 32.9 -0.452361 0.167897 3.69797 -0.0518533 0.0206187 16.1822
241520 15 0.01 0.4 32.9 0.352294 0.205529 10.3768 0.11068 0.0676488 16.1822
243210 15 0.01 0.4 32.9 0.446035 -0.059505 10.0072 0.135856 -0.0186861 16.1822
243346 15 0.01 0.4 32.9 -0.301154 -0.0646287 3.55821 -0.0315911 -0.00423548 16.1822
244978 15 0.01 0.4 32.9 -0.384324 0.280627 5.16962 -0.0609656 0.0466649 16.1822
248956 15 0.01 0.4 32.9 -0.496908 0.354971 8.22199 -0.125519 0.0879726 16.1822
250206 15 0.01 0.4 32.9 0.101221 0.00349611 5.00008 0.0156884 0.00114778 16.1822
251875 15 0.01 0.4 32.9 0.161787 0.456133 2.18288 0.0116931 0.0278263 16.1822
253048 15 0.01 0.4 32.9 -0.259188 0.0164969 14.252 -0.111629 0.0107219 16.1822
253801 15 0.01 0.4 32.9 -0.244192 -0.0596412 6.35567 -0.0463558 -0.0111237 16.1822
255683 15 0.01 0.4 32.9 0.448468 -0.362269 7.64496 0.104487 -0.0838491 16.1822
256641 15 0.01 0.4 32.9 -0.445835 0.046649 8.62771 -0.116149 0.012138 16.1822
261858 15 0.01 0.4 32.9 0.136757 -0.470806 9.70548 0.0401165 -0.137705 16.1822
268376 15 0.01 0.4 32.9 -0.357352 -0.156347 8.33489 -0.0910472 -0.0374839 16.1822
269017 15 0.01 0.4 32.9 -0.448929 -0.478831 7.07571 -0.0962807 -0.101968 16.1822
270968 15 0.01 0.4 32.9 0.106559 0.0178103 11.6965 0.0368915 0.00794401 16.1822
271551 15 0.01 0.4 32.9 -0.345042 -0.19839 7.23277 -0.0760536 -0.0419964 16.1822
272091 15 0.01 0.4 32.9 0.270502 0.0236862 9.68337 0.0789322 0.00708426 16.1822
274072 15 0.01 0.4 32.9 0.42471 0.369784 6.27207 0.0821215 0.0708437 16.1822
275242 15 0.01 0.4 32.9 -0.435607 0.357491 7.82525 -0.10527 0.0839335 16.1822
275611 15 0.01 0.4 32.9 0.175197 -0.380845 9.55215 0.0485384 -0.109619 16.1822
276458 15 0.01 0.4 32.9 -0.273244 -0.397069 8.22695 -0.0663155 -0.0992328 16.1822
277736 15 0.01 0.4 32.9 -0.140939 0.384508 3.64307 -0.0144049 0.0440954 16.1822
278397 15 0.01 0.4 32.9 -0.100653 -0.335525 6.62248 -0.0208569 -0.0647861 16.1822
278650 15 0.01 0.4 32.9 -0.323548 0.491244 5.00082 -0.0495699 0.0748482 16.1822
279744 15 0.01 0.4 32.9 0.378398 -0.395652 9.10708 0.106793 -0.105867 16.1822
282170 15 0.01 0.4 32.9 -0.100396 0.118902 6.02439 -0.019294 0.0207391 16.1822
283035 15 0.01 0.4 32.9 0.0470018 -0.224029 5.50432 0.00793322 -0.0399301 16.1822
287660 15 0.01 0.4 32.9 0.0268542 -0.163584 6.37681 0.00698827 -0.0332457 16.1822
287699 15 0.01 0.4 32.9 -0.107712 0.415939 7.90108 -0.026474 0.101455 16.1822
289532 15 0.01 0.4 32.9 0.324399 0.0785717 1.96421 0.019416 0.0059993 16.1822
290532 15 0.01 0.4 32.9 0.15351 -0.0121451 6.56526 0.0298912 -0.00280441 16.1822
291040 15 0.01 0.4 32.9 -0.483147 -0.409295 11.6909 -0.169675 -0.144733 16.1822
291851 15 0.01 0.4 32.9 -0.236039 0.141276 4.46935 -0.0333872 0.0192729 16.1822
293448 15 0.01 0.4 32.9 -0.458013 0.464404 9.55158 -0.134696 0.135597 16.1822
296063 15 0.01 0.4 32.9 0.445917 0.206456 21.1653 0.285489 0.135442 16.1822
296733 15 0.01 0.4 32.9 0.0825902 0.0133152 3.39224 0.00884421 0.00226297 16.1822
299587 15 0.01 0.4 32.9 0.100585 0.158451 3.50631 0.010629 0.0188667 16.1822
302102 15 0.01 0.4 32.9 -0.466899 -0.118748 3.98877 -0.055913 -0.0133896 16.1822
302185 15 0.01 0.4 32.9 0.2606 0.0439242 7.23641 0.0565864 0.00885794 16.1822
304942 15 0.01 0.4 32.9 -0.337685 -0.146268 3.24313 -0.0343899 -0.0135813 16.1822
308001 15 0.01 0.4 32.9 0.292547 0.103653 11.3114 0.101885 0.0364944 16.1822
313008 15 0.01 0.4 32.9 0.380813 -0.443987 2.63314 0.0324706 -0.035213 16.1822
316369 15 0.01 0.4 32.9 -0.229046 -0.332425 7.67974 -0.053239 -0.0758427 16.1822
318751 15 0.01 0.4 32.9 -0.234988 -0.157355 2.86577 -0.0214654 -0.0156128 16.1822
327172 15 0.01 0.4 32.9 0.213091 -0.157739 6.36563 0.0419056 -0.0298344 16.1822
328092 15 0.01 0.4 32.9 -0.235299 0.0105433 4.2228 -0.0299521 0.00229805 16.1822
329254 15 0.01 0.4 32.9 -0.0295355 -0.368527 8.91853 -0.00747696 -0.098748 16.1822
331892 15 0.01 0.4 32.9 0.292027 -0.168925 3.23329 0.0269056 -0.0160476 16.1822
337565 15 0.01 0.4 32.9 0.377404 0.0175812 7.8913 0.0896432 0.00551507 16.1822
340744 15 0.01 0.4 32.9 0.49823 0.405443 15.6697 0.237317 0.194833 16.1822
340830 15 0.01 0.4 32.9 -0.415644 0.290492 7.78662 -0.0994819 0.0692048 16.1822
342553 15 0.01 0.4 32.9 -0.177186 -0.223233 1.33202 -0.00650701 -0.00716548 16.1822
345110 15 0.01 0.4 32.9 0.255208 0.120173 13.022 0.102581 0.0487243 16.1822
346204 15 0.01 0.4 32.9 -0.239565 0.199355 5.3082 -0.039185 0.0311735 16.1822
346600 15 0.01 0.4 32.9 0.0571701 0.185207 4.16335 0.00572745 0.0264216 16.1822
347907 15 0.01 0.4 32.9 -0.33142 0.345131 7.35563 -0.0747822 0.0790408 16.1822
349283 15 0.01 0.4 32.9 0.411499 -0.405918 3.97057 0.0513191 -0.0488292 16.1822
350766 15 0.01 0.4 32.9 -0.321498 -0.488329 1.99081 -0.0187885 -0.0289579 16.1822
350978 15 0.01 0.4 32.9 0.471247 0.116702 3.94968 0.054462 0.0152185 16.1822
353050 15 0.01 0.4 32.9 0.37984 0.382728 8.39141 0.0954872 0.0987419 16.1822
353965 15 0.01 0.4 32.9 -0.494294 0.1164 5.86425 -0.0899412 0.02203 16.1822
354457 15 0.01 0.4 32.9 -0.234915 0.457127 6.24446 -0.041913 0.0846768 16.1822
354913 15 0.01 0.4 32.9 -0.406936 0.130937 4.69274 -0.0565759 0.0200697 16.1822
356148 15 0.01 0.4 32.9 -0.126906 -0.441278 7.38643 -0.0284381 -0.0968275 16.1822
356489 15 0.01 0.4 32.9 -0.418726 0.18571 6.29996 -0.079472 0.0377605 16.1822
357567 15 0.01 0.4 32.9 -0.333395 -0.0339894 8.72131 -0.088691 -0.00738084 16.1822
357708 15 0.01 0.4 32.9 -0.173409 0.105539 7.55236 -0.040248 0.0252585 16.1822
359117 15 0.01 0.4 32.9 -0.463046 0.262679 4.94582 -0.0689575 0.0396798 16.1822
363444 15 0.01 0.4 32.9 0.175403 0.491822 8.10997 0.0435716 0.121537 16.1822
374525 15 0.01 0.4 32.9 0.0690616 -0.448472 5.29424 0.0109068 -0.0715696 16.1822
375328 15 0.01 0.4 32.9 0.101184 -0.301979 12.7832 0.0408429 -0.114712 16.1822
381320 15 0.01 0.4 32.9 -0.37556 -0.433522 3.65113 -0.0412053 -0.0463189 16.1822
382531 15 0.01 0.4 32.9 -0.342473 -0.194579 2.80919 -0.0294967 -0.0154027 16.1822
382704 15 0.01 0.4 32.9 -0.45157 -0.379682 8.63644 -0.119981 -0.0989674 16.1822
382847 15 0.01 0.4 32.9 0.239736 0.494735 9.08153 0.0656653 0.137768 16.1822
383535 15 0.01 0.4 32.9 -0.432749 0.224116 4.09698 -0.0552192 0.0275458 16.1822
390224 15 0.01 0.4 32.9 0.310027 0.420206 5.97436 0.0591584 0.078971 16.1822
390375 15 0.01 0.4 32.9 0.0118153 0.0208342 8.27176 0.00289828 0.00722593 16.1822
391025 15 0.01 0.4 32.9 -0.420605 -0.109863 6.37505 -0.0785413 -0.0205308 16.1822
392204 15 0.01 0.4 32.9 0.439814 0.219514 3.85037 0.0513587 0.0273287 16.1822
392309 15 0.01 0.4 32.9 -0.0982371 0.424521 6.1881 -0.0187763 0.0796293 16.1822
393779 15 0.01 0.4 32.9 -0.13203 0.396861 26.6115 -0.104261 0.321377 16.1822
394185 15 0.01 0.4 32.9 0.0117139 -0.160982 5.63762 0.00189541 -0.0267688 16.1822
394635 15 0.01 0.4 32.9 -0.112759 0.0746261 7.80157 -0.0256956 0.0181284 16.1822
395394 15 0.01 0.4 32.9 -0.413615 0.149357 3.02112 -0.0382111 0.0148858 16.1822
396578 15 0.01 0.4 32.9 0.215121 0.11406 7.42064 0.0490189 0.0268016 16.1822
398365 15 0.01 0.4 32.9 0.194339 0.460059 10.1138 0.0602992 0.142439 16.1822
398957 15 0.01 0.4 32.9 -0.11368 -0.310166 6.62395 -0.0212507 -0.0615013 16.1822
400703 15 0.01 0.4 32.9 0.0917126 0.202249 11.0279 0.0295453 0.0685454 16.1822
401422 15 0.01 0.4 32.9 0.375421 -0.398919 5.44574 0.0617092 -0.0655685 16.1822
402318 15 0.01 0.4 32.9 0.184389 -0.233277 5.10485 0.0287333 -0.0359689 16.1822
403694 15 0.01 0.4 32.9 0.161816 0.308045 4.01044 0.0174739 0.0391948 16.1822
406129 15 0.01 0.4 32.9 -0.291439 -0.0792184 2.3927 -0.0209891 -0.00658853 16.1822
407873 15 0.01 0.4 32.9 -0.0334972 0.222794 7.13174 -0.00862601 0.049758 16.1822
408096 15 0.01 0.4 32.9 -0.00710192 -0.0310189 1.24404 -0.00229681 -0.000707552 16.1822
413755 15 0.01 0.4 32.9 -0.429751 -0.310305 5.27185 -0.0695835 -0.0505417 16.1822
415037 15 0.01 0.4 32.9 -0.29465 -0.367063 6.61425 -0.0585616 -0.0737057 16.1822
415114 15 0.01 0.4 32.9 0.498045 0.462703 4.48344 0.0684635 0.0642127 16.1822
416251 15 0.01 0.4 32.9 -0.144479 0.154712 6.1717 -0.0276959 0.0295143 16.1822
418161 15 0.01 0.4 32.9 -0.252253 0.00113792 6.54064 -0.0505417 0.00229737 16.1822
418232 15 0.01 0.4 32.9 0.259711 0.212858 5.07191 0.0387578 0.0331875 16.1822
421537 15 0.01 0.4 32.9 0.110531 -0.181944 6.03327 0.0194874 -0.0339109 16.1822
421842 15 0.01 0.4 32.9 0.456482 -0.490038 6.52544 0.0885876 -0.0971502 16.1822
423656 15 0.01 0.4 32.9 0.336568 0.277142 4.16046 0.0410833 0.0366504 16.1822
427125 15 0.01 0.4 32.9 0.107327 -0.0519493 15.93 0.0498792 -0.0245834 16.1822
427190 15 0.01 0.4 32.9 0.250362 -0.040702 11.9335 0.0905784 -0.013557 16.1822
437804 15 0.01 0.4 32.9 -0.222976 -0.134877 4.13516 -0.03012 -0.0167987 16.1822
438340 15 0.01 0.4 32.9 0.193454 0.109966 1.61075 0.0083634 0.00617138 16.1822
441829 15 0.01 0.4 32.9 0.0707117 0.469785 2.67959 0.00604632 0.0389269 16.1822
442608 15 0.01 0.4 32.9 -0.317878 0.270419 4.26931 -0.0414716 0.0367007 16.1822
442657 15 0.01 0.4 32.9 -0.438826 0.457692 6.82067 -0.0900536 0.0957146 16.1822
443980 15 0.01 0.4 32.9 0.433845 -0.183309 4.812 0.0638114 -0.0250552 16.1822
445220 15 0.01 0.4 32.9 0.425687 -0.138877 2.74431 0.0341223 -0.0113202 16.1822
447754 15 0.01 0.4 32.9 0.0311169 -0.0606133 2.28375 0.000414651 -0.00392651 16.1822
448921 15 0.01 0.4 32.9 0.444384 0.232082 7.352 0.102288 0.0529537 16.1822
451246 15 0.01 0.4 32.9 0.408756 -0.440876 12.1547 0.151103 -0.16045 16.1822
455411 15 0.01 0.4 32.9 0.296509 -0.0800678 6.93173 0.0601727 -0.018679 16.1822
455473 15 0.01 0.4 32.9 0.446713 0.297763 8.65975 0.118067 0.079061 16.1822
458019 15 0.01 0.4 32.9 -0.2555 -0.0317545 6.87391 -0.054515 -0.00365876 16.1822
462114 15 0.01 0.4 32.9 0.121443 0.0676893 5.70078 0.0202501 0.0114183 16.1822
463415 15 0.01 0.4 32.9 0.308072 -0.169149 14.4187 0.13408 -0.0736193 16.1822
464350 15 0.01 0.4 32.9 -0.0688178 -0.260265 8.40788 -0.0167652 -0.0671869 16.1822
464391 15 0.01 0.4 32.9 -0.347406 0.496299 5.05171 -0.0536174 0.0764257 16.1822
465596 15 0.01 0.4 32.9 -0.151677 -0.00760776 10.7549 -0.0504195 -0.00165668 16.1822
471353 15 0.01 0.4 32.9 0.151442 0.280827 2.42833 0.0121025 0.0216545 16.1822
473052 15 0.01 0.4 32.9 0.259855 0.0175591 9.96129 0.079407 0.00622244 16.1822
475741 15 0.01 0.4 32.9 -0.0689366 0.0857363 8.0363 -0.0158187 0.0239756 16.1822
476604 15 0.01 0.4 32.9 0.334595 -0.295885 15.047 0.152728 -0.134538 16.1822
484029 15 0.01 0.4 32.9 -0.0205606 0.425877 19.2095 -0.0122303 0.250401 16.1822
484632 15 0.01 0.4 32.9 -0.496587 -0.322368 5.29706 -0.0810304 -0.0521799 16.1822
485187 15 0.01 0.4 32.9 -0.468375 -0.266141 4.78965 -0.0676987 -0.0384162 16.1822
488299 15 0.01 0.4 32.9 0.272301 0.429927 3.64008 0.0313984 0.0477161 16.1822
488739 15 0.01 0.4 32.9 -0.263885 0.270959 10.2166 -0.0837803 0.0844782 16.1822
490143 15 0.01 0.4 32.9 -0.368124 -0.434857 3.89377 -0.0430242 -0.0511816 16.1822
490990 15 0.01 0.4 32.9 -0.217312 0.0313648 4.75165 -0.0304753 0.00386543 16.1822
492120 15 0.01 0.4 32.9 0.20973 0.078228 5.05717 0.0327686 0.0136772 16.1822
493707 15 0.01 0.4 32.9 0.476398 -0.152468 3.21646 0.0468202 -0.0114279 16.1822
495516 15 0.01 0.4 32.9 -0.466049 0.0737122 60.2871 -0.852876 0.137825 16.1822
496532 15 0.01 0.4 32.9 0.386134 0.165887 7.54368 0.0872872 0.0398062 16.1822
496571 15 0.01 0.4 32.9 0.0126746 -0.443974 5.87093 0.00143165 -0.0785122 16.1822
498845 15 0.01 0.4 32.9 -0.252653 0.405449 15.0462 -0.116996 0.184644 16.1822
