28001578 0 0.01 4 32.9 0.458299 0.241359 1.7983 0.0269219 0.0138148 12.1593
28002038 0 0.01 4 32.9 -0.280561 -0.252965 2.76177 -0.0238558 -0.0226742 12.1593
28002376 0 0.01 4 32.9 -0.346704 -0.0182901 10.529 -0.110646 -0.00409621 12.1593
28002592 0 0.01 4 32.9 0.236386 -0.430659 10.0218 0.0705574 -0.129035 12.1593
28004058 0 0.01 4 32.9 0.14924 0.212367 3.53891 0.0175416 0.0221931 12.1593
28006367 0 0.01 4 32.9 -0.202796 0.157313 19.6987 -0.121512 0.0934086 12.1593
28012330 0 0.01 4 32.9 0.386802 0.184783 4.22925 0.0468111 0.0195968 12.1593
28012598 0 0.01 4 32.9 -0.064892 -0.205955 2.91939 -0.0061828 -0.0181345 12.1593
28015481 0 0.01 4 32.9 0.449977 0.483404 8.0507 0.11059 0.115173 12.1593
28016177 0 0.01 4 32.9 -0.0542584 0.187488 4.16178 -0.00543383 0.0243488 12.1593
28016446 0 0.01 4 32.9 -0.107495 0.0500322 3.64861 -0.0112864 0.00617157 12.1593
28016599 0 0.01 4 32.9 0.236044 0.163787 1.61439 0.0141779 0.0082165 12.1593
28017228 0 0.01 4 32.9 0.0531692 -0.252817 4.20607 0.00882427 -0.0306272 12.1593
28018748 0 0.01 4 32.9 0.39074 0.300964 3.19459 0.0377181 0.0280939 12.1593
89000840 0 0.01 4.00003 32.9 -0.381375 -0.35496 78.9008 -0.912385 -0.85335 12.1702
89001434 0 0.01 4 32.9 -0.237907 -0.00226347 6.78569 -0.0501672 0.00139953 12.1702
89002366 0 0.01 4 32.9 -0.365102 -0.0392048 45.8294 -0.507849 -0.0518784 12.1702
89004034 0 0.01 3.99976 32.9 -0.0178016 -0.203475 19.9224 -0.0117799 -0.120354 12.1702
89006687 0 0.01 4.00001 32.9 0.0098134 -0.21171 11.1009 0.00353603 -0.0706166 12.1702
89012230 0 0.01 3.99988 32.9 -0.426507 -0.195344 23.0664 -0.30254 -0.134383 12.1702
89013177 0 0.01 3.99997 32.9 0.266364 -0.242307 42.5997 0.343595 -0.312172 12.1702
89014807 0 0.01 4 32.9 0.058366 -0.0898908 9.79045 0.0156835 -0.0258318 12.1702
89015021 0 0.01 4 32.9 0.165264 -0.234008 4.90395 0.0276213 -0.0324948 12.1702
89016561 0 0.01 4 32.9 -0.345364 0.455045 3.80201 -0.0389124 0.0569071 12.1702
89017235 0 0.01 4 32.9 -0.160914 -0.301373 32.4003 -0.159171 -0.294659 12.1702
89017575 0 0.01 4.00003 32.9 0.120231 0.33407 45.4778 0.165162 0.463183 12.1702
89018130 0 0.01 4.00006 32.9 -0.244088 -0.0463675 31.6441 -0.235447 -0.0453836 12.1702
91000891 0 0.01 4.00002 32.9 0.0589682 -0.360219 2.18811 0.0102453 -0.023331 12.1578
91008702 0 0.01 4 32.9 -0.377729 0.434911 2.77844 -0.0324333 0.0319198 12.1578
91011862 0 0.01 4.00002 32.9 -0.127608 0.0475553 9.69833 -0.041217 0.0122726 12.1578
91013772 0 0.01 4.00002 32.9 -0.388469 -0.46703 43.8453 -0.519641 -0.620389 12.1578
91016674 0 0.01 3.99991 32.9 -0.225546 0.0762415 39.7504 -0.273604 0.0931081 12.1578
91018524 0 0.01 4.00001 32.9 -0.273623 -0.391654 3.79959 -0.0314896 -0.0455162 12.1578
570418 0 0.01 4 32.9 -0.486039 -0.484174 8.03513 -0.121303 -0.118896 12.1526
578421 0 0.01 4 32.9 0.27634 -0.392578 2.98264 0.0241492 -0.0367129 12.1526
53004647 0 0.01 4.00001 32.9 0.107122 -0.238892 24.196 0.0805855 -0.176372 12.1578
53004783 0 0.01 4 32.9 -0.111505 -0.0963074 2.91798 -0.00948391 -0.00741534 12.1578
53005336 0 0.01 3.99999 32.9 -0.0595567 -0.0307318 3.77859 -0.00592584 -0.00379168 12.1578
53010058 0 0.01 3.99997 32.9 -0.0094785 0.448158 43.5629 -0.0121181 0.595187 12.1578
53015646 0 0.01 4 32.9 0.263394 0.116934 4.11481 0.0305268 0.0160032 12.1578
52000810 0 0.01 4 32.9 -0.416904 0.286092 6.42838 -0.0793786 0.0557776 12.1757
52001881 0 0.01 4 32.9 -0.249725 -0.222161 4.00805 -0.0337929 -0.0269986 12.1757
52003498 0 0.01 3.99994 32.9 0.100599 -0.34455 33.8933 0.103471 -0.35502 12.1757
52006111 0 0.01 4 32.9 0.394358 -0.0795671 14.3498 0.171644 -0.0357241 12.1757
52007725 0 0.01 4.00001 32.9 0.348868 0.27704 45.4452 0.483552 0.381858 12.1757
52015202 0 0.01 4 32.9 -0.324549 0.447257 3.13309 -0.0282702 0.0388899 12.1757
52015256 0 0.01 4 32.9 -0.362923 -0.371513 4.9419 -0.0559892 -0.0541821 12.1757
52015761 0 0.01 3.99999 32.9 0.196617 -0.316572 15.3377 0.0896627 -0.146728 12.1757
52017358 0 0.01 4.00012 32.9 -0.0204111 0.167348 28.0145 -0.0160036 0.143391 12.1757
51001561 0 0.01 3.99902 32.9 -0.390381 -0.203731 20.0178 -0.237045 -0.124107 12.1522
51001751 0 0.01 4.00003 32.9 0.0849764 -0.19133 4.8408 0.0143517 -0.0271839 12.1522
51001786 0 0.01 4 32.9 -0.152923 0.0911678 2.74321 -0.0127627 0.0109015 12.1522
51002832 0 0.01 4.00003 32.9 0.02566 -0.41113 45.354 0.0338822 -0.565449 12.1522
51004174 0 0.01 4 32.9 0.0954896 0.440712 5.99142 0.0179033 0.0824664 12.1522
51004276 0 0.01 4 32.9 0.0976221 0.139959 4.346 0.0146919 0.0199387 12.1522
51007356 0 0.01 4 32.9 -0.489602 -0.0886479 32.1585 -0.478687 -0.0853895 12.1522
51007935 0 0.01 4 32.9 0.109974 -0.177063 1.18595 0.000733792 -0.00363804 12.1522
51008619 0 0.01 4 32.9 0.403796 -0.372575 43.1685 0.528174 -0.48695 12.1522
51012531 0 0.01 4 32.9 0.361485 -0.184475 1.49861 0.0172405 0.00301743 12.1522
51012556 0 0.01 4 32.9 -0.487981 0.0260044 3.99412 -0.0589411 0.00416651 12.1522
51013899 0 0.01 4 32.9 -0.0918302 -0.0949671 2.94374 -0.0106709 -0.00981157 12.1522
51015373 0 0.01 4 32.9 -0.334078 0.182949 8.16312 -0.0858654 0.0448409 12.1522
51016659 0 0.01 3.99998 32.9 0.093453 -0.499452 43.5829 0.123752 -0.661031 12.1522
50007792 0 0.01 4 32.9 -0.185508 0.281177 2.27562 -0.0164103 0.0206751 12.153
50009230 0 0.01 4.00002 32.9 0.399489 -0.409629 45.0606 0.545241 -0.559704 12.153
50010649 0 0.01 3.99999 32.9 -0.0497296 0.235823 25.2696 -0.0383216 0.18061 12.153
50012801 0 0.01 4 32.9 0.392366 -0.3233 43.1363 0.512526 -0.421981 12.153
50014741 0 0.01 4 32.9 -0.425111 0.283459 5.16846 -0.0648823 0.0481057 12.153
50015104 0 0.01 4.00003 32.9 0.414299 0.0225821 5.87659 0.0743734 0.00468037 12.153
50015856 0 0.01 4.00002 32.9 -0.153989 -0.0107227 45.713 -0.214742 -0.0144054 12.153
50016232 0 0.01 3.99998 32.9 0.356671 0.0769401 45.1134 0.488466 0.107376 12.153
50016529 0 0.01 3.99997 32.9 0.22005 -0.375899 3.11981 0.0217157 -0.0376304 12.153
50016777 0 0.01 4 32.9 -0.461738 0.09558 2.3647 -0.0327427 0.011064 12.153
49000602 0 0.01 4.00006 32.9 0.193875 -0.464931 34.9145 0.206114 -0.491063 12.1554
49004005 0 0.01 3.99988 32.9 0.0522502 0.196788 25.3183 0.0429036 0.153985 12.1554
49005382 0 0.01 4 32.9 0.219216 -0.299536 2.96532 0.0149923 -0.0265933 12.1554
49005796 0 0.01 4 32.9 -0.363902 0.465206 10.2946 -0.115945 0.145754 12.1554
49007529 0 0.01 4 32.9 0.310489 0.134812 8.24129 0.0784271 0.0340865 12.1554
49009111 0 0.01 4 32.9 0.242794 0.0796046 1.64402 0.0125016 0.000252102 12.1554
49011144 0 0.01 4 32.9 0.317878 -0.108547 5.40108 0.0518641 -0.0176395 12.1554
49011865 0 0.01 4.00001 32.9 0.363802 -0.0412781 44.5331 0.493876 -0.0552375 12.1554
49013966 0 0.01 4 32.9 0.414619 0.395172 3.26829 0.0423108 0.038157 12.1554
49014667 0 0.01 4 32.9 -0.328179 -0.379669 2.45326 -0.0277968 -0.0275253 12.1554
49015646 0 0.01 4 32.9 -0.487107 0.442985 27.8956 -0.41417 0.37475 12.1554
49015711 0 0.01 4 32.9 0.433842 0.352692 31.2299 0.412457 0.335463 12.1554
49016827 0 0.01 4.00001 32.9 0.243233 -0.068477 13.9334 0.0998751 -0.0269384 12.1554
49017406 0 0.01 3.99997 32.9 0.129671 0.056563 46.0922 0.182448 0.0814451 12.1554
3000227 0 0.01 4 32.9 -0.0299274 0.386105 4.11187 -0.00379373 0.0498683 12.1174
3000441 0 0.01 4.00012 32.9 -0.107151 0.467591 29.1718 -0.0941406 0.416846 12.1174
3003475 0 0.01 4 32.9 -0.170381 -0.41211 2.99434 -0.0160839 -0.0399384 12.1174
3003494 0 0.01 4 32.9 0.352576 -0.108338 2.84417 0.0324971 -0.0145801 12.1174
3003718 0 0.01 4 32.9 0.32205 -0.180872 3.87918 0.0384224 -0.0188058 12.1174
3006337 0 0.01 3.99998 32.9 0.136427 0.219352 1.87482 0.0037689 0.0125695 12.1174
3007628 0 0.01 4 32.9 0.149903 -0.485121 4.20802 0.0176991 -0.0629253 12.1174
3008576 0 0.01 4 32.9 0.156617 -0.370618 6.26366 0.0300203 -0.073755 12.1174
3009840 0 0.01 4 32.9 0.451102 -0.29591 7.55203 0.103011 -0.0689848 12.1174
3010131 0 0.01 3.99994 32.9 -0.344028 0.331713 34.3213 -0.359348 0.346308 12.1174
3013722 0 0.01 4 32.9 0.469397 0.0837701 2.60358 0.0354533 0.00652031 12.1174
3014299 0 0.01 4 32.9 -0.333218 -0.122373 3.88933 -0.0402405 -0.0150269 12.1174
3016054 0 0.01 4 32.9 -0.43274 -0.380804 6.21426 -0.0828591 -0.0707181 12.1174
3018755 0 0.01 4 32.9 -0.114385 0.233503 5.36723 -0.0182611 0.0369426 12.1174
48004335 0 0.01 4 32.9 0.166625 -0.443524 34.5567 0.174496 -0.465021 12.1624
48005253 0 0.01 4.00003 32.9 -0.144283 0.173438 39.5154 -0.173901 0.208192 12.1624
48005555 0 0.01 4 32.9 -0.0196028 0.0631787 4.5976 -0.00391583 0.00851747 12.1624
48006045 0 0.01 4 32.9 -0.398161 -0.379153 45.623 -0.551574 -0.527306 12.1624
48008619 0 0.01 4 32.9 0.421552 -0.23074 1.87493 0.017281 -0.0134371 12.1624
48010958 0 0.01 4 32.9 -0.228824 0.282356 7.97543 -0.057547 0.068791 12.1624
48013075 0 0.01 4 32.9 -0.499708 -0.137822 1.73411 -0.0184281 -0.00867867 12.1624
48013874 0 0.01 3.99998 32.9 0.496263 -0.438819 14.2487 0.21382 -0.189667 12.1624
48018523 0 0.01 4.00002 32.9 0.0140799 0.0413181 11.2507 0.00571109 0.0143913 12.1624
48018662 0 0.01 4 32.9 -0.303209 0.157451 19.4195 -0.179035 0.0938149 12.1624
47004915 0 0.01 3.99998 32.9 -0.330739 0.488425 15.7308 -0.159952 0.23691 12.1688
47007763 0 0.01 3.99988 32.9 -0.345479 -0.046188 37.6582 -0.392704 -0.0528283 12.1688
47007972 0 0.01 3.99988 32.9 0.406185 0.0873386 29.5374 0.364197 0.0807044 12.1688
47013405 0 0.01 3.99994 32.9 0.132503 -0.439927 40.0234 0.162627 -0.532977 12.1688
47013749 0 0.01 4.00002 32.9 -0.285793 -0.0122934 12.6439 -0.110184 -0.00476865 12.1688
47014758 0 0.01 4 32.9 -0.340085 0.492922 4.0028 -0.0410996 0.0581885 12.1688
47017102 0 0.01 4 32.9 -0.0525039 -0.0906079 4.4021 -0.00742245 -0.0101874 12.1688
24000475 0 0.01 4 32.9 0.159117 -0.481409 9.10434 0.0418431 -0.133282 12.1514
24000933 0 0.01 4.00024 32.9 -0.20413 0.053477 24.3074 -0.151104 0.0399052 12.1514
24004449 0 0.01 3.99976 32.9 0.42575 0.247302 26.3163 0.338882 0.198369 12.1514
24010878 0 0.01 4 32.9 -0.00414591 -0.410615 3.01487 -0.00163947 -0.0313183 12.1514
24012877 0 0.01 4 32.9 -0.423391 0.170437 0.533736 -0.0234516 -0.0115508 12.1514
24013382 0 0.01 3.99994 32.9 -0.496362 0.0208716 39.8944 -0.603686 0.0266947 12.1514
24013505 0 0.01 4 32.9 0.455537 0.445607 3.47892 0.0490006 0.0454428 12.1514
24014642 0 0.01 4.00002 32.9 0.272796 -0.0770211 41.2159 0.340814 -0.0973151 12.1514
94002339 0 0.01 4 32.9 -0.0359702 -0.15042 3.76805 -0.00139812 -0.0148244 12.1782
94002771 0 0.01 4.00003 32.9 0.28852 -0.280489 14.6189 0.128961 -0.123999 12.1782
94003849 0 0.01 4 32.9 0.16348 -0.289982 19.796 0.0982988 -0.17461 12.1782
94008772 0 0.01 4 32.9 -0.317684 0.346437 2.40838 -0.0227346 0.0276894 12.1782
94013827 0 0.01 4.00003 32.9 -0.109381 0.210575 41.7385 -0.139491 0.266727 12.1782
94015054 0 0.01 4 32.9 -0.196127 0.333498 2.78865 -0.0192325 0.0297385 12.1782
94016516 0 0.01 4 32.9 0.134777 -0.130341 1.56693 0.00472049 -0.00556343 12.1782
94017520 0 0.01 4 32.9 -0.328566 0.458177 7.25271 -0.0713924 0.103998 12.1782
43000205 0 0.01 4 32.9 -0.000699854 0.0649339 6.03788 0.00118502 0.0123376 12.1547
43000215 0 0.01 4 32.9 0.0895107 0.369601 3.59958 0.00820683 0.0375648 12.1547
43000652 0 0.01 3.99988 32.9 0.119181 -0.161254 37.2514 0.135406 -0.182576 12.1547
43002462 0 0.01 4 32.9 -0.368138 -0.410059 5.26518 -0.0596618 -0.0650606 12.1547
43002614 0 0.01 4 32.9 -0.370637 -0.32389 4.47202 -0.0509614 -0.046233 12.1547
43002977 0 0.01 4 32.9 0.357793 -0.413612 7.36403 0.0798939 -0.090378 12.1547
43003638 0 0.01 4 32.9 0.412698 0.258731 7.4289 0.095129 0.0596409 12.1547
43003909 0 0.01 4 32.9 0.221229 0.0946362 44.32 0.295091 0.128937 12.1547
43003914 0 0.01 4 32.9 0.135318 -0.161895 5.27874 0.0199299 -0.0248522 12.1547
43005290 0 0.01 4 32.9 0.385538 0.29579 1.57587 0.0262014 0.0108322 12.1547
43005465 0 0.01 3.99998 32.9 -0.369958 0.04856 42.5169 -0.478434 0.0657874 12.1547
43006268 0 0.01 4 32.9 0.201484 -0.228833 1.56512 0.00800452 -0.0112454 12.1547
43006668 0 0.01 4 32.9 -0.230924 -0.334152 2.10064 -0.0151419 -0.0225726 12.1547
43011820 0 0.01 4 32.9 -0.480082 -0.237826 6.39994 -0.0923331 -0.0456102 12.1547
43016366 0 0.01 3.99999 32.9 0.201036 0.25322 47.8206 0.2925 0.369761 12.1547
43016465 0 0.01 4 32.9 0.237276 0.41903 34.9215 0.250555 0.444433 12.1547
43016648 0 0.01 4 32.9 0.362192 -0.089833 9.22539 0.101984 -0.0236991 12.1547
43016964 0 0.01 4 32.9 -0.121509 0.451844 2.68201 -0.014263 0.0390637 12.1547
40006723 0 0.01 4 32.9 0.0512134 0.0592802 10.2945 0.017283 0.0208527 12.1592
40007338 0 0.01 4.00003 32.9 -0.352472 0.0156479 35.7277 -0.381915 0.0140917 12.1592
40008055 0 0.01 4 32.9 -0.0306032 -0.431312 41.1375 -0.0389778 -0.539206 12.1592
40010926 0 0.01 4.00012 32.9 -0.245581 -0.38389 25.5084 -0.190643 -0.297831 12.1592
40014953 0 0.01 4 32.9 0.354511 -0.461817 3.00621 0.0320889 -0.0392743 12.1592
40016025 0 0.01 4 32.9 0.143612 0.283786 37.2104 0.16259 0.32152 12.1592
41002261 0 0.01 4 32.9 0.243205 -0.128501 3.19723 0.0278301 -0.0100377 12.1536
41002517 0 0.01 4 32.9 0.0588252 0.30678 26.8168 0.0484287 0.251188 12.1536
41005100 0 0.01 4 32.9 0.0307867 0.333447 3.33377 0.00418422 0.0340362 12.1536
41007464 0 0.01 4 32.9 -0.291025 -0.30922 4.80004 -0.0409739 -0.0449363 12.1536
41007830 0 0.01 4 32.9 0.185035 -0.404182 12.3766 0.0689711 -0.152206 12.1536
41009817 0 0.01 3.99997 32.9 0.231329 -0.0922585 39.9466 0.279351 -0.111284 12.1536
41012316 0 0.01 4 32.9 0.142874 0.477427 43.8663 0.190758 0.637103 12.1536
41012730 0 0.01 4 32.9 0.470722 0.378883 1.20431 0.0105774 0.0177687 12.1536
41012890 0 0.01 3.99991 32.9 0.383732 -0.354275 27.7088 0.323301 -0.298639 12.1536
41012908 0 0.01 4.00049 32.9 -0.209759 -0.0575438 20.1565 -0.130715 -0.0350815 12.1536
41013138 0 0.01 4 32.9 0.346386 -0.465129 4.7798 0.0524867 -0.0658017 12.1536
2000480 0 0.01 4 32.9 0.294476 0.416761 3.55898 0.0331124 0.0453716 12.1812
2001365 0 0.01 4 32.9 -0.167104 -0.180885 3.71227 -0.0167141 -0.0215995 12.1812
2005026 0 0.01 4.00002 32.9 0.0636814 -0.469559 15.612 0.0303572 -0.222237 12.1812
2009049 0 0.01 4.00012 32.9 0.454549 0.317497 29.9415 0.41387 0.290051 12.1812
2011340 0 0.01 4 32.9 0.0592107 -0.0277875 4.0179 0.00397938 -0.00533563 12.1812
2012992 0 0.01 4 32.9 -0.223743 0.293611 3.35354 -0.0203389 0.0297597 12.1812
2013773 0 0.01 4.00003 32.9 -0.473145 0.0670809 42.5458 -0.613679 0.0873477 12.1812
39002624 0 0.01 4 32.9 0.360225 -0.41242 13.6898 0.149254 -0.170147 12.1728
39004935 0 0.01 4 32.9 -0.150284 -0.185588 7.30838 -0.0331917 -0.043025 12.1728
39006122 0 0.01 3.99994 32.9 0.375109 0.0293024 36.9924 0.420424 0.0318946 12.1728
39009843 0 0.01 3.99951 32.9 0.209147 0.428642 17.3724 0.109772 0.227219 12.1728
39010407 0 0.01 4.00006 32.9 -0.30061 0.482813 32.9774 -0.299066 0.483563 12.1728
39010958 0 0.01 4 32.9 -0.430499 -0.472309 7.20146 -0.0940889 -0.0993681 12.1728
39013654 0 0.01 4.00005 32.9 0.452472 0.155555 40.841 0.562553 0.194621 12.1728
39014062 0 0.01 4 32.9 -0.328008 0.443337 2.08574 -0.0189444 0.0345835 12.1728
39014387 0 0.01 4.00003 32.9 -0.366146 -0.454875 42.06 -0.468106 -0.582204 12.1728
39017578 0 0.01 4.00049 32.9 -0.472442 -0.158749 20.8221 -0.300514 -0.0984902 12.1728
37000604 0 0.01 4 32.9 0.0220815 0.00933369 10.3588 0.0067136 0.00551772 12.1565
37000957 0 0.01 4.00001 32.9 -0.0791038 0.0133678 45.8202 -0.11011 0.0188639 12.1565
37001590 0 0.01 3.99994 32.9 -0.267205 0.39984 46.1957 -0.374923 0.562689 12.1565
37001772 0 0.01 4 32.9 -0.445856 -0.44155 2.77137 -0.0360199 -0.0347669 12.1565
37002874 0 0.01 4 32.9 -0.351276 -0.278926 2.31689 -0.0235591 -0.0190822 12.1565
37005823 0 0.01 4 32.9 -0.280795 0.36512 4.38906 -0.0362826 0.0479457 12.1565
37005833 0 0.01 4 32.9 0.434805 -0.276797 18.1526 0.241342 -0.154603 12.1565
37008215 0 0.01 4 32.9 0.174357 0.180077 3.63113 0.0198581 0.0195268 12.1565
37008486 0 0.01 4 32.9 -0.0738603 0.271636 3.34978 -0.00690861 0.0293526 12.1565
37008936 0 0.01 4 32.9 0.214753 0.0462011 21.9897 0.141506 0.0326394 12.1565
37011400 0 0.01 4 32.9 0.162037 0.400069 3.30061 0.0164918 0.0426542 12.1565
37013613 0 0.01 3.99998 32.9 0.149418 0.0253853 41.1916 0.185495 0.0306056 12.1565
37014893 0 0.01 4.00004 32.9 -0.396756 -0.394882 44.3251 -0.532799 -0.532023 12.1565
37015610 0 0.01 4 32.9 0.0830109 -0.416939 16.7428 0.0421559 -0.209763 12.1565
37016189 0 0.01 4 32.9 0.468235 -0.109731 3.01624 0.0438355 -0.0101383 12.1565
37017734 0 0.01 4 32.9 -0.173213 0.171826 7.07305 -0.0395787 0.0353899 12.1565
37018639 0 0.01 4 32.9 -0.403913 0.208439 21.7798 -0.267853 0.138063 12.1565
38002500 0 0.01 4 32.9 0.261837 0.255058 8.14035 0.0655888 0.0643304 12.1548
38003212 0 0.01 4 32.9 -0.0505415 -0.0104178 3.5281 -0.00174412 0.000440967 12.1548
38003303 0 0.01 4 32.9 0.34791 -0.130129 8.24745 0.0861428 -0.0328189 12.1548
38008780 0 0.01 4 32.9 0.17821 0.053944 32.0276 0.17497 0.0521415 12.1548
38010988 0 0.01 4 32.9 -0.378101 0.0360441 5.45598 -0.0639437 0.0084968 12.1548
38011885 0 0.01 4.00001 32.9 0.4548 -0.210388 12.1776 0.169111 -0.0787098 12.1548
38015135 0 0.01 4 32.9 0.291527 0.112648 2.87425 0.0293037 0.0113502 12.1548
38016464 0 0.01 4 32.9 -0.475942 -0.368333 7.78993 -0.113731 -0.0850176 12.1548
38017793 0 0.01 3.99988 32.9 0.128708 -0.477037 56.1483 0.220673 -0.814848 12.1548
35000193 0 0.01 3.99999 32.9 -0.482335 0.266552 47.3896 -0.695015 0.386657 12.163
35000455 0 0.01 4 32.9 -0.418102 0.299332 6.62263 -0.085504 0.0617515 12.163
35001726 0 0.01 4 32.9 0.401804 0.224814 3.59466 0.0429879 0.0282775 12.163
35003188 0 0.01 4.00006 32.9 0.214926 0.247365 67.1663 0.440881 0.504346 12.163
35004474 0 0.01 4 32.9 0.458295 0.272822 24.2218 0.339163 0.203198 12.163
35006701 0 0.01 4 32.9 -0.0206948 0.481396 44.9872 -0.0288832 0.659648 12.163
35008160 0 0.01 4 32.9 0.244688 -0.329605 1.45111 0.00819345 -0.0199474 12.163
35008438 0 0.01 4 32.9 0.268786 -0.320298 3.58916 0.0270475 -0.0329472 12.163
35009301 0 0.01 4.00002 32.9 0.108708 0.366675 15.2569 0.0504104 0.172831 12.163
35013155 0 0.01 4 32.9 0.324676 -0.341004 12.3059 0.118826 -0.126329 12.163
35013628 0 0.01 4.00012 32.9 0.424734 0.0628469 33.4723 0.433265 0.0653498 12.163
36000323 0 0.01 4 32.9 0.18651 -0.333044 3.40023 0.0184864 -0.034919 12.1593
36001346 0 0.01 4 32.9 0.281688 -0.420594 2.8181 0.0207414 -0.0367523 12.1593
36001440 0 0.01 3.99997 32.9 -0.475419 0.0874652 38.9261 -0.563158 0.103617 12.1593
36004737 0 0.01 4 32.9 0.139976 0.253031 3.71436 0.0162492 0.0292241 12.1593
36005038 0 0.01 4 32.9 -0.128193 0.483487 1.29606 -0.00492303 0.0271801 12.1593
36006644 0 0.01 4.00003 32.9 0.16025 0.393386 34.2517 0.166413 0.408712 12.1593
36008208 0 0.01 4 32.9 -0.245894 0.175871 41.3817 -0.306998 0.220844 12.1593
36010297 0 0.01 4.00049 32.9 0.189898 0.455341 17.0416 0.0979409 0.237969 12.1593
36010363 0 0.01 4 32.9 0.00315455 -0.194516 10.9943 0.00117105 -0.0660649 12.1593
36012561 0 0.01 4 32.9 -0.212358 0.151519 2.69887 -0.0153806 0.0163182 12.1593
36016958 0 0.01 4 32.9 0.3547 -0.221388 7.38033 0.0769719 -0.0482039 12.1593
36017205 0 0.01 3.99988 32.9 0.243956 0.0548172 34.5394 0.25825 0.0592919 12.1593
36018457 0 0.01 4.00003 32.9 -0.492131 -0.0227846 38.2665 -0.571609 -0.0279751 12.1593
36018714 0 0.01 4.00024 32.9 0.175141 -0.0789948 23.7224 0.128292 -0.0564262 12.1593
33000077 0 0.01 4 32.9 0.324296 0.21845 6.19821 0.0625075 0.0425338 12.1874
33002035 0 0.01 4 32.9 -0.0983997 0.283895 6.87393 -0.0195265 0.0601989 12.1874
33002144 0 0.01 4 32.9 0.170503 -0.262357 3.07458 0.0184654 -0.024952 12.1874
33004763 0 0.01 4 32.9 -0.466654 -0.481097 9.51428 -0.134619 -0.136852 12.1874
33004874 0 0.01 4 32.9 -0.488205 -0.295504 6.80822 -0.105033 -0.0581861 12.1874
33010976 0 0.01 4 32.9 0.0962369 -0.121148 12.1707 0.0354111 -0.0456474 12.1874
33011040 0 0.01 4 32.9 0.154957 0.35312 23.9415 0.114331 0.25869 12.1874
33011134 0 0.01 3.99999 32.9 0.0574252 0.320695 45.456 0.0776751 0.443413 12.1874
33011159 0 0.01 4 32.9 -0.101011 -0.423011 30.2813 -0.0929111 -0.388803 12.1874
33011647 0 0.01 4 32.9 -0.338683 -0.0935027 7.24509 -0.0760478 -0.0202697 12.1874
31006780 0 0.01 4 32.9 -0.246008 -0.468582 5.31354 -0.0409509 -0.0755858 12.1651
31007574 0 0.01 4.00002 32.9 0.127317 -0.375399 18.947 0.0737819 -0.215605 12.1651
31007708 0 0.01 4 32.9 -0.356193 0.498067 2.24464 -0.0221068 0.0366408 12.1651
31009240 0 0.01 4 32.9 0.465527 0.43268 5.28223 0.0735671 0.0705284 12.1651
31009805 0 0.01 4.00006 32.9 -0.386922 -0.214495 37.4708 -0.440873 -0.24293 12.1651
31009829 0 0.01 4 32.9 0.342615 -0.470359 2.0518 0.0234398 -0.0281178 12.1651
31011045 0 0.01 4 32.9 0.0562654 0.237786 32.2236 0.055101 0.23191 12.1651
31012156 0 0.01 4.00195 32.9 0.446655 0.315337 14.4917 0.196874 0.140224 12.1651
31012378 0 0.01 4.00012 32.9 0.464714 -0.0724367 33.813 0.478665 -0.0724181 12.1651
31013701 0 0.01 4 32.9 0.0249276 -0.183499 4.74178 0.000692652 -0.0259393 12.1651
31013839 0 0.01 3.99991 32.9 0.371789 0.175748 76.9092 0.869168 0.411955 12.1651
31015210 0 0.01 4 32.9 0.0521073 -0.082652 44.9329 0.0721509 -0.112838 12.1651
25000029 0 0.01 4.00005 32.9 -0.170291 -0.10229 31.6608 -0.163326 -0.0986266 12.1587
25003994 0 0.01 4 32.9 0.374121 -0.493215 34.6493 0.392358 -0.518477 12.1587
25005081 0 0.01 4 32.9 -0.403976 -0.261806 17.9141 -0.219363 -0.140574 12.1587
25005496 0 0.01 4 32.9 0.324097 -0.195021 10.4163 0.102412 -0.0587533 12.1587
25005535 0 0.01 4 32.9 0.37537 0.0203635 1.84732 0.0203602 0.00375506 12.1587
25007686 0 0.01 4.00195 32.9 -0.205808 -0.293081 17.8519 -0.112359 -0.1553 12.1587
25008578 0 0.01 4 32.9 -0.354047 -0.34872 4.42822 -0.0448048 -0.0455727 12.1587
25008672 0 0.01 4.00006 32.9 0.356783 -0.401935 31.4833 0.341279 -0.382649 12.1587
25012464 0 0.01 4 32.9 -0.173675 0.488329 2.2237 -0.0150726 0.0345689 12.1587
25013854 0 0.01 4 32.9 0.25591 0.012045 3.95726 0.0307348 0.00409935 12.1587
25015348 0 0.01 4 32.9 -0.16889 0.319538 42.3785 -0.217615 0.411873 12.1587
25015741 0 0.01 4.00001 32.9 0.475277 0.204285 30.9769 0.448304 0.191025 12.1587
25017389 0 0.01 4.00002 32.9 -0.0312543 -0.484202 44.7685 -0.0421416 -0.655574 12.1587
25017477 0 0.01 4 32.9 0.208317 0.285488 4.39165 0.02998 0.037448 12.1587
25018157 0 0.01 4 32.9 -0.219638 -0.386758 3.95087 -0.0238102 -0.0446009 12.1587
29000060 0 0.01 4.00001 32.9 -0.436665 0.350772 44.6628 -0.59368 0.475831 12.1571
29001455 0 0.01 4 32.9 0.254283 -0.185482 3.14804 0.0265548 -0.010139 12.1571
29001548 0 0.01 3.99999 32.9 0.155932 -0.11539 12.8959 0.0600138 -0.0447022 12.1571
29002836 0 0.01 4 32.9 0.0154815 0.36684 6.00629 0.00409102 0.0680072 12.1571
29005354 0 0.01 4 32.9 0.421395 0.162728 7.71845 0.101921 0.0380061 12.1571
29006502 0 0.01 3.99996 32.9 -0.467927 -0.00451854 45.6428 -0.649325 -0.00418066 12.1571
29011437 0 0.01 4 32.9 -0.00405341 -0.498646 33.145 -0.00241356 -0.500789 12.1571
29011876 0 0.01 4.00195 32.9 0.36525 -0.496574 16.6477 0.185372 -0.253112 12.1571
29013797 0 0.01 4 32.9 0.105853 -0.423045 2.87236 0.00781947 -0.0366702 12.1571
29015008 0 0.01 4 32.9 0.394117 0.261863 3.74174 0.0447133 0.0317126 12.1571
29016269 0 0.01 4 32.9 0.267541 -0.0234006 20.9653 0.172385 -0.0153118 12.1571
29017689 0 0.01 4 32.9 -0.21609 -0.0532304 4.28208 -0.0265164 -0.0049414 12.1571
1000451 0 0.01 3.99902 32.9 -0.393872 -0.183633 21.3852 -0.257236 -0.117105 12.162
1002303 0 0.01 3.99999 32.9 0.17833 -0.299217 43.7689 0.237208 -0.398212 12.162
1002624 0 0.01 4 32.9 -0.113455 -0.265193 6.31671 -0.0201608 -0.0506776 12.162
1003997 0 0.01 3.99994 32.9 0.127144 -0.0537065 15.0208 0.059094 -0.0215153 12.162
1004421 0 0.01 4.00001 32.9 0.459778 -0.491308 45.0885 0.62925 -0.671041 12.162
1004680 0 0.01 4.00001 32.9 -0.252061 -0.400343 13.9772 -0.108032 -0.168442 12.162
1006008 0 0.01 3.99996 32.9 -0.328972 -0.0658941 49.1959 -0.491053 -0.0966585 12.162
1007036 0 0.01 4 32.9 -0.0760985 0.0693183 2.41142 -0.00844023 -4.27276e-06 12.162
1007344 0 0.01 4 32.9 0.469425 -0.00227993 2.88908 0.0386232 -0.000289947 12.162
1007513 0 0.01 4 32.9 -0.39956 -0.337985 2.23793 -0.025732 -0.0187638 12.162
1013390 0 0.01 4 32.9 -0.122957 -0.0360097 7.32059 -0.026056 -0.00923383 12.162
1013533 0 0.01 4 32.9 0.468527 -0.251609 2.96651 0.0419877 -0.0282166 12.162
1014539 0 0.01 4 32.9 -0.269748 -0.257297 10.7395 -0.088523 -0.0850007 12.162
1015709 0 0.01 3.99998 32.9 0.208113 -0.39673 43.2975 0.272946 -0.524158 12.162
16003943 0 0.01 4.00001 32.9 0.424477 -0.324205 42.0246 0.544706 -0.415901 12.187
16008596 0 0.01 4.00005 32.9 0.309166 -0.378715 41.142 0.389332 -0.47302 12.187
16009196 0 0.01 4 32.9 0.305589 -0.0618363 14.8262 0.136837 -0.028762 12.187
16009555 0 0.01 4 32.9 -0.00739879 -0.0863239 3.02276 0.000767924 -0.00547807 12.187
16009612 0 0.01 4 32.9 0.173751 -0.301477 2.97972 0.0181293 -0.0252869 12.187
16010928 0 0.01 4 32.9 -0.249237 -0.203101 5.69332 -0.0421371 -0.0387151 12.187
16016502 0 0.01 4 32.9 0.0841032 0.133774 2.38404 0.00888702 0.0123086 12.187
27004457 0 0.01 3.99999 32.9 0.0438196 -0.342655 41.9301 0.0561454 -0.436524 12.1572
27005857 0 0.01 4 32.9 -0.16839 0.423787 8.05007 -0.041424 0.104408 12.1572
27006568 0 0.01 4.00049 32.9 -0.146197 -0.0616592 20.0661 -0.090072 -0.0370326 12.1572
27006602 0 0.01 4 32.9 -0.0441668 -0.199334 3.73052 -0.00416025 -0.0239199 12.1572
27008762 0 0.01 4 32.9 -0.457973 0.137568 3.74402 -0.0490446 0.0164343 12.1572
27010287 0 0.01 3.99998 32.9 -0.0215863 -0.0641321 71.9832 -0.0453733 -0.139166 12.1572
27012125 0 0.01 3.99996 32.9 0.379923 -0.360673 44.0482 0.509667 -0.482793 12.1572
27013828 0 0.01 4 32.9 0.19197 -0.0827475 12.5286 0.0716707 -0.0304881 12.1572
27015211 0 0.01 4.00002 32.9 -0.360508 -0.320252 10.1315 -0.112681 -0.095877 12.1572
27015489 0 0.01 4.00024 32.9 -0.143027 -0.0958789 34.4082 -0.149257 -0.0976987 12.1572
26004568 0 0.01 4.00001 32.9 -0.0754559 -0.32796 43.9111 -0.09975 -0.438207 12.1489
26004722 0 0.01 4 32.9 0.283022 -0.248815 6.80905 0.0584153 -0.0502116 12.1489
26006553 0 0.01 3.99995 32.9 0.329147 -0.472732 43.958 0.439266 -0.631487 12.1489
26007272 0 0.01 4 32.9 0.243631 -0.0304814 70.1187 0.520196 -0.0648886 12.1489
26008657 0 0.01 4 32.9 -0.0988316 0.0824685 4.24477 -0.0131571 0.0115818 12.1489
26008705 0 0.01 4 32.9 -0.371099 -0.365274 5.81981 -0.0663508 -0.0663028 12.1489
26009964 0 0.01 3.99988 32.9 0.133948 -0.395758 39.0555 0.158267 -0.466872 12.1489
26012194 0 0.01 4 32.9 0.0549459 -0.163427 10.188 0.0181961 -0.0508197 12.1489
26014941 0 0.01 4 32.9 -0.0183108 -0.384765 3.80484 -0.00352565 -0.0437371 12.1489
26017119 0 0.01 4 32.9 0.426376 0.269415 40.387 0.523274 0.331962 12.1489
18001297 0 0.01 4 32.9 -0.120092 -0.470534 2.00058 -0.00513572 -0.0291128 12.1204
18002509 0 0.01 4 32.9 -0.0253019 0.373132 3.29075 -0.00132079 0.0344484 12.1204
18007192 0 0.01 4 32.9 -0.325116 0.450846 7.15773 -0.072606 0.0976957 12.1204
18007807 0 0.01 4 32.9 0.143247 -0.223972 7.64772 0.0358213 -0.0491996 12.1204
18009561 0 0.01 4.00005 32.9 -0.169828 0.322223 30.4211 -0.157092 0.30004 12.1204
18012479 0 0.01 3.99999 32.9 -0.164272 -0.0629276 124.517 -0.622241 -0.23679 12.1204
18012862 0 0.01 3.99998 32.9 0.377097 0.425305 45.0264 0.516938 0.584328 12.1204
18013796 0 0.01 4 32.9 -0.0590583 -0.400554 1.28643 0.00410233 -0.0150262 12.1204
18016029 0 0.01 4 32.9 -0.230198 -0.0277359 2.47685 -0.0198639 0.00333285 12.1204
18018159 0 0.01 4 32.9 -0.131227 -0.0968064 1.56379 -0.00547101 -0.00354535 12.1204
18018494 0 0.01 4 32.9 0.393958 -0.0203021 23.4643 0.281384 -0.0115701 12.1204
12000044 0 0.01 4 32.9 0.477086 0.345587 19.2195 0.277172 0.202799 12.1551
12001729 0 0.01 4.00002 32.9 0.074984 -0.0387763 44.5824 0.102244 -0.0526331 12.1551
12005430 0 0.01 3.99976 32.9 0.252473 -0.411808 26.4336 0.203035 -0.328287 12.1551
12005803 0 0.01 3.99995 32.9 -0.470805 0.069767 42.8338 -0.613849 0.0908344 12.1551
12006243 0 0.01 4 32.9 0.0861776 6.03377e-05 18.8248 0.0496989 0.00192573 12.1551
12007795 0 0.01 4 32.9 0.226908 0.0719317 1.10805 0.00186524 0.00393567 12.1551
12008515 0 0.01 3.99998 32.9 -0.0671846 0.381566 46.9648 -0.0957093 0.54636 12.1551
12008997 0 0.01 4.00012 32.9 0.370783 -0.332913 28.2223 0.315644 -0.284796 12.1551
12012457 0 0.01 4 32.9 0.0654291 -0.461135 4.95678 0.00994862 -0.0691752 12.1551
12016011 0 0.01 4.00001 32.9 -0.322714 -0.357938 41.5391 -0.408999 -0.451606 12.1551
12018134 0 0.01 4.00049 32.9 -0.222087 -0.164129 21.4109 -0.143803 -0.108158 12.1551
46000997 0 0.01 4 32.9 -0.170548 0.336715 5.1181 -0.0244544 0.053227 12.1616
46002093 0 0.01 4 32.9 -0.370564 0.00722629 3.40559 -0.039079 5.34046e-05 12.1616
46002442 0 0.01 4 32.9 0.489064 0.289063 39.4472 0.587245 0.345692 12.1616
46005306 0 0.01 4 32.9 -0.410838 0.0750785 5.3684 -0.0672901 0.0114338 12.1616
46009068 0 0.01 4 32.9 -0.203943 0.458533 2.39414 -0.0166719 0.0350769 12.1616
46012109 0 0.01 4.00003 32.9 -0.422113 0.27442 48.6955 -0.626209 0.408325 12.1616
46013539 0 0.01 4 32.9 -0.0835265 0.28096 5.23134 -0.0150292 0.0471005 12.1616
46014504 0 0.01 3.99997 32.9 -0.472178 -0.168718 43.9716 -0.630994 -0.226095 12.1616
46015451 0 0.01 4 32.9 -0.144528 0.475581 2.77425 -0.0134477 0.0403034 12.1616
202221 0 0.01 4 32.9 0.161727 -0.332849 4.53422 0.0231015 -0.0433496 12.1598
202394 0 0.01 4.00001 32.9 0.0986467 0.37075 5.85646 0.0186217 0.0672018 12.1598
203337 0 0.01 3.99997 32.9 0.129264 -0.136135 41.8002 0.163259 -0.17358 12.1598
204262 0 0.01 4 32.9 -0.493275 -0.19433 2.00228 -0.0314503 -0.014016 12.1598
204456 0 0.01 3.99976 32.9 0.147157 0.131404 27.307 0.121273 0.109069 12.1598
204487 0 0.01 3.99999 32.9 0.086407 0.142669 45.3891 0.120404 0.197262 12.1598
206538 0 0.01 3.99998 32.9 -0.018585 0.457843 59.0654 -0.0323458 0.822448 12.1598
206698 0 0.01 4 32.9 0.429557 0.0648373 3.33579 0.0429127 0.00829457 12.1598
193570 0 0.01 4 32.9 -0.0414234 0.256245 4.55481 -0.00573522 0.0378321 12.164
193907 0 0.01 4 32.9 0.413164 0.0668431 1.18134 0.0114384 0.00192926 12.164
193978 0 0.01 4 32.9 0.155068 0.359041 17.7597 0.0831553 0.19415 12.164
194178 0 0.01 4.00001 32.9 -0.211556 -0.0593795 45.3391 -0.293273 -0.0783341 12.164
198536 0 0.01 4 32.9 0.0260638 0.433431 18.5952 0.0155589 0.247823 12.164
17001057 0 0.01 4 32.9 0.424174 -0.116827 28.9197 0.370021 -0.103107 12.1616
17001247 0 0.01 4 32.9 0.212561 0.0886362 18.1075 0.11563 0.0474382 12.1616
17001389 0 0.01 4 32.9 0.394512 -0.159546 45.2251 0.541213 -0.219478 12.1616
17004574 0 0.01 4 32.9 -0.39292 0.0549612 72.0221 -0.861095 0.120405 12.1616
17005311 0 0.01 4.00001 32.9 0.0656168 -0.417639 47.2582 0.094314 -0.600157 12.1616
17006289 0 0.01 4 32.9 0.410889 0.451471 2.71824 0.03536 0.0309092 12.1616
17007760 0 0.01 4 32.9 0.200849 0.254705 23.3922 0.144577 0.181658 12.1616
17008977 0 0.01 4 32.9 0.337742 -0.497151 6.71109 0.0658371 -0.0974155 12.1616
17009212 0 0.01 4 32.9 -0.305457 -0.192763 4.28885 -0.0394333 -0.0249189 12.1616
17009463 0 0.01 4 32.9 -0.0901476 0.135791 4.84021 -0.0119918 0.0219421 12.1616
17012679 0 0.01 4.00012 32.9 -0.41915 -0.349224 25.3176 -0.322112 -0.267897 12.1616
17014165 0 0.01 4 32.9 0.418611 -0.313013 3.97176 0.0496368 -0.0381647 12.1616
17016721 0 0.01 4 32.9 -0.056175 -0.442914 2.21008 -0.000728466 -0.0278913 12.1616
17017891 0 0.01 4 32.9 -0.048249 -0.36432 5.60745 -0.00675471 -0.0620242 12.1616
15000309 0 0.01 4 32.9 0.018562 0.36099 6.47308 0.0058637 0.0738137 12.1807
15001388 0 0.01 4.00001 32.9 0.0942775 0.00883945 44.1411 0.128184 0.0139967 12.1807
15002931 0 0.01 4 32.9 0.019225 -0.100799 4.18932 0.00409652 -0.0110696 12.1807
15002965 0 0.01 4 32.9 0.0792806 -0.290582 4.7302 0.00881182 -0.042503 12.1807
15006009 0 0.01 4 32.9 0.339541 -0.00518854 24.2731 0.251505 -0.00195119 12.1807
15007075 0 0.01 4 32.9 0.415792 0.315675 2.6203 0.0366184 0.0235056 12.1807
15014179 0 0.01 4 32.9 -0.0987429 0.233597 1.66002 -0.00439343 0.00807473 12.1807
15014583 0 0.01 4 32.9 0.291807 0.333289 3.88025 0.0353721 0.0404859 12.1807
15016085 0 0.01 4 32.9 0.154351 0.284941 8.74007 0.0406132 0.075496 12.1807
15016445 0 0.01 4 32.9 0.384922 -0.310714 44.0096 0.513454 -0.414291 12.1807
15018521 0 0.01 4.00002 32.9 -0.455107 -0.0371228 43.2286 -0.599505 -0.0456772 12.1807
10000176 0 0.01 4 32.9 0.432053 -0.337639 19.6404 0.257021 -0.20082 11.6785
10000709 0 0.01 4 32.9 0.358172 0.0867412 7.6936 0.087163 0.0209693 11.6785
10002106 0 0.01 3.99609 32.9 -0.388255 -0.161179 5.99126 -0.0703462 -0.0301779 11.6785
10002240 0 0.01 4 32.9 0.169918 -0.388223 6.32578 0.0335254 -0.0762095 11.6785
10003412 0 0.01 4 32.9 0.456501 -0.30022 6.31788 0.0892249 -0.0579701 11.6785
10008077 0 0.01 4 32.9 -0.241134 0.0893159 4.83083 -0.0361656 0.0112592 11.6785
10008557 0 0.01 4 32.9 -0.19229 0.209866 5.00529 -0.0301668 0.0325551 11.6785
10008901 0 0.01 3.99999 32.9 0.445586 0.461212 3.82191 0.0570219 0.0538795 11.6785
10011911 0 0.01 4 32.9 0.0274738 -0.444534 6.21899 0.00377436 -0.0840679 11.6785
10013230 0 0.01 3.99999 32.9 -0.452723 -0.416107 1.86124 -0.0223231 -0.0255734 11.6785
10013881 0 0.01 4 32.9 -0.382401 -0.257229 39.5497 -0.459914 -0.308833 11.6785
10014930 0 0.01 4 32.9 -0.0686268 -0.148469 3.27576 -0.00654455 -0.0151184 11.6785
14008911 0 0.01 4 32.9 0.436106 -0.464296 27.4651 0.364874 -0.386299 12.1638
14011040 0 0.01 4 32.9 -0.365239 0.124969 34.16 -0.378757 0.130915 12.1638
14011761 0 0.01 4 32.9 0.474864 0.2784 4.66495 0.0665934 0.0391285 12.1638
14013124 0 0.01 4 32.9 -0.313973 0.342776 5.96977 -0.0564972 0.0658144 12.1638
14013617 0 0.01 4 32.9 0.491053 -0.46904 37.992 0.567051 -0.538567 12.1638
14015082 0 0.01 4 32.9 -0.0696792 0.282219 32.3018 -0.0676532 0.279112 12.1638
14015955 0 0.01 4.00024 32.9 0.197042 -0.223715 24.5878 0.147892 -0.166322 12.1638
14016501 0 0.01 4 32.9 0.281121 -0.115199 1.99558 0.0144946 -0.00969761 12.1638
14018607 0 0.01 4 32.9 0.460714 0.184952 15.9319 0.221148 0.090282 12.1638
13000656 0 0.01 4 32.9 -0.326013 0.414439 6.93165 -0.0682549 0.0872944 12.1505
13000803 0 0.01 4 32.9 -0.0112697 0.49813 1.65637 0.00144219 0.0224527 12.1505
13007947 0 0.01 3.99997 32.9 0.130585 0.171076 25.5585 0.102473 0.134974 12.1505
13007959 0 0.01 4 32.9 0.225664 -0.476777 3.29721 0.0210217 -0.0468711 12.1505
13010575 0 0.01 4 32.9 -0.468978 -0.141372 11.026 -0.157976 -0.0472106 12.1505
13011189 0 0.01 4 32.9 -0.33265 0.370241 4.50827 -0.0461214 0.0486772 12.1505
13011377 0 0.01 4.00012 32.9 -0.276664 -0.498438 37.4971 -0.31467 -0.567597 12.1505
13013011 0 0.01 4.00001 32.9 -0.137419 -0.348499 9.26757 -0.0372951 -0.0978092 12.1505
13014998 0 0.01 4.00001 32.9 -0.143034 -0.209981 7.32767 -0.0312806 -0.0469064 12.1505
13016111 0 0.01 4 32.9 -0.35454 0.450771 2.7963 -0.0304691 0.0419301 12.1505
11001164 0 0.01 3.99805 32.9 -0.201016 0.0645912 7.03839 -0.0395949 0.0158583 12.1765
11001822 0 0.01 3.99993 32.9 -0.162884 0.0784136 30.7185 -0.15307 0.0757289 12.1765
11004833 0 0.01 4 32.9 0.492838 0.262723 4.08324 0.061886 0.0343925 12.1765
11006234 0 0.01 3.99999 32.9 0.268553 -0.39228 45.6094 0.37202 -0.541736 12.1765
11006480 0 0.01 4 32.9 -0.427464 0.312554 1.18027 -0.015574 0.0216129 12.1765
11006936 0 0.01 3.99998 32.9 -0.0552635 -0.359759 45.0803 -0.0762951 -0.493837 12.1765
11009173 0 0.01 4 32.9 -0.432888 -0.488699 9.57028 -0.12598 -0.140812 12.1765
11010774 0 0.01 3.99998 32.9 0.0378535 -0.374472 45.6701 0.052382 -0.519752 12.1765
11010937 0 0.01 4 32.9 0.273776 0.0559401 6.33684 0.0529185 0.0123243 12.1765
11013529 0 0.01 4 32.9 -0.429896 -0.0752966 12.3346 -0.159608 -0.027027 12.1765
11017244 0 0.01 4 32.9 0.478581 -0.229863 5.18963 0.0748014 -0.034303 12.1765
88000751 0 0.01 4 32.9 -0.410063 0.376298 2.18034 -0.0284503 0.0255081 12.1705
88001117 0 0.01 4.00195 32.9 0.0398362 0.359666 10.5492 0.0128493 0.115322 12.1705
88003945 0 0.01 4 32.9 -0.104019 0.346162 2.48166 -0.00506784 0.0302367 12.1705
88004602 0 0.01 4 32.9 -0.239084 -0.0914564 4.49744 -0.031182 -0.0128818 12.1705
88007792 0 0.01 3.99997 32.9 -0.206163 0.0378758 12.6471 -0.0788882 0.0160135 12.1705
88008437 0 0.01 4.00012 32.9 -0.337396 0.260235 31.3665 -0.321851 0.249372 12.1705
88009964 0 0.01 4 32.9 -0.191944 -0.0151094 2.15841 -0.0145217 0.000103545 12.1705
88010091 0 0.01 4 32.9 -0.284378 0.37602 7.41673 -0.0628325 0.0846212 12.1705
88012901 0 0.01 4 32.9 -0.42864 -0.428659 4.48169 -0.0590665 -0.0571156 12.1705
99000524 0 0.01 4 32.9 0.33509 0.283674 8.8944 0.0904173 0.079597 12.1286
99000532 0 0.01 4 32.9 0.340785 -0.184554 7.37139 0.0761147 -0.0416429 12.1286
99004165 0 0.01 4.00049 32.9 0.189101 -0.288437 21.2939 0.121718 -0.186151 12.1286
99006441 0 0.01 4 32.9 0.0607503 0.245388 4.02853 0.00713585 0.032122 12.1286
99006451 0 0.01 4.00002 32.9 0.377224 0.0892868 43.6238 0.499693 0.118988 12.1286
99007408 0 0.01 3.99951 32.9 0.336171 -0.362865 16.0088 0.16638 -0.174098 12.1286
99010782 0 0.01 4 32.9 0.00550596 -0.133099 4.16452 0.000466593 -0.014981 12.1286
99012624 0 0.01 4 32.9 -0.0511636 0.494399 3.4657 -0.00321219 0.0525911 12.1286
99013273 0 0.01 4.00001 32.9 0.473758 -0.251016 51.015 0.736024 -0.391394 12.1286
99014781 0 0.01 4 32.9 -0.0393864 0.123599 1.94506 -0.000167608 0.00140108 12.1286
99016540 0 0.01 4 32.9 -0.138679 0.099161 15.4989 -0.0649439 0.0456533 12.1286
9002117 0 0.01 3.99999 32.9 -0.2028 0.0913513 42.7516 -0.265193 0.121338 12.1588
9002554 0 0.01 4 32.9 0.386558 0.294622 2.00112 0.0218157 0.0233651 12.1588
9003566 0 0.01 4 32.9 0.352887 0.45632 10.8467 0.115239 0.150324 12.1588
9004049 0 0.01 4 32.9 -0.107129 -0.48808 19.3229 -0.0629368 -0.28672 12.1588
9005505 0 0.01 3.99994 32.9 0.268889 -0.241705 34.2595 0.280795 -0.251754 12.1588
9007213 0 0.01 4 32.9 0.0170705 0.0176394 2.94735 -0.000385567 0.00109522 12.1588
9007814 0 0.01 4 32.9 -0.295611 -0.422932 4.46121 -0.041671 -0.053975 12.1588
9010109 0 0.01 4 32.9 -0.366126 -0.19282 1.79091 -0.023099 -0.0163777 12.1588
9010492 0 0.01 4 32.9 -0.0109194 -0.229583 8.87565 -0.00114585 -0.0630015 12.1588
9011470 0 0.01 3.99998 32.9 -0.289304 -0.350241 1.86825 -0.0147418 -0.0169978 12.1588
9014368 0 0.01 4.00001 32.9 -0.284297 -0.494967 4.35446 -0.0388501 -0.0672555 12.1588
9015005 0 0.01 4.00004 32.9 0.209655 -0.413948 45.585 0.290861 -0.573592 12.1588
9015010 0 0.01 4 32.9 0.281375 -0.156355 5.20852 0.0428624 -0.0246514 12.1588
9017567 0 0.01 3.99998 32.9 0.10733 -0.460596 42.111 0.135118 -0.588657 12.1588
96003299 0 0.01 4 32.9 -0.156842 -0.0605636 29.4258 -0.140871 -0.0515083 12.1665
96003599 0 0.01 3.99988 32.9 -0.443963 -0.383646 36.4702 -0.492919 -0.423752 12.1665
96003978 0 0.01 4 32.9 0.393752 -0.475933 8.79522 0.106944 -0.127345 12.1665
96004710 0 0.01 4 32.9 -0.0574242 0.152939 31.0659 -0.054128 0.143992 12.1665
96005573 0 0.01 4 32.9 -0.115967 0.104756 6.83617 -0.0229973 0.0250809 12.1665
96006074 0 0.01 3.99805 32.9 -0.362011 0.185586 7.44784 -0.079654 0.0394227 12.1665
96008232 0 0.01 4.00001 32.9 -0.451262 0.068903 198.449 -2.72326 0.414535 12.1665
96009676 0 0.01 3.99997 32.9 -0.410557 -0.323841 40.7014 -0.507839 -0.397868 12.1665
96015639 0 0.01 4.00001 32.9 -0.040369 -0.24102 44.9744 -0.0550984 -0.329995 12.1665
96016662 0 0.01 4 32.9 0.275104 0.177961 8.96746 0.0755867 0.045715 12.1665
96017075 0 0.01 4 32.9 0.177565 -0.222268 7.43355 0.0404844 -0.050218 12.1665
96018220 0 0.01 4 32.9 -0.34559 -0.0439084 6.92345 -0.0723374 -0.00866355 12.1665
72001797 0 0.01 4 32.9 -0.265181 0.166759 3.39861 -0.0275998 0.0168603 12.1564
72006073 0 0.01 4 32.9 0.35907 -0.238007 5.04093 0.0559116 -0.0343832 12.1564
72008934 0 0.01 4.00024 32.9 0.401694 -0.20031 22.2177 0.272219 -0.135454 12.1564
72010937 0 0.01 4.00012 32.9 -0.323428 0.000124982 45.4247 -0.447253 0.0036304 12.1564
72011866 0 0.01 4 32.9 -0.0115161 0.00056783 2.43959 -0.000544069 -0.000399247 12.1564
72012306 0 0.01 4 32.9 -0.236527 0.250097 4.13221 -0.029966 0.0318411 12.1564
72015799 0 0.01 4 32.9 0.0669053 -0.495673 2.11794 0.00298935 -0.0326586 12.1564
5000468 0 0.01 4 32.9 0.191903 0.271167 2.13377 0.0196036 0.0199843 12.1434
5002424 0 0.01 4 32.9 0.343218 0.32268 3.20589 0.0339272 0.0348749 12.1434
5003217 0 0.01 4.00001 32.9 -0.180839 0.33287 33.4466 -0.182564 0.339571 12.1434
5005026 0 0.01 4.00002 32.9 -0.32374 -0.375099 43.3055 -0.426625 -0.493398 12.1434
5006889 0 0.01 4 32.9 -0.116728 0.430875 5.93674 -0.0194992 0.0779941 12.1434
5008386 0 0.01 4 32.9 0.424698 -0.249368 4.55252 0.0585587 -0.0353223 12.1434
5010068 0 0.01 3.99997 32.9 -0.0961826 0.104147 38.6462 -0.112969 0.122169 12.1434
5010603 0 0.01 4 32.9 0.479828 0.311803 4.83079 0.0713848 0.0475076 12.1434
5011677 0 0.01 4 32.9 -0.423069 0.0583064 16.0975 -0.207593 0.028783 12.1434
5014584 0 0.01 4 32.9 0.476755 -0.307144 15.1067 0.219483 -0.139819 12.1434
5014757 0 0.01 4 32.9 -0.254368 0.0857869 6.76168 -0.0526949 0.0188046 12.1434
5016207 0 0.01 4 32.9 -0.0389028 -0.468637 33.786 -0.0415319 -0.477905 12.1434
45000268 0 0.01 4 32.9 0.123274 -0.432099 37.8478 0.141506 -0.496706 12.1631
45001088 0 0.01 4 32.9 -0.125187 -0.404705 13.9852 -0.051073 -0.172974 12.1631
45001120 0 0.01 4 32.9 -0.257345 -0.264533 5.51979 -0.0462791 -0.0436493 12.1631
45004078 0 0.01 4 32.9 0.0302619 -0.497194 3.11425 0.00267926 -0.0463524 12.1631
45006576 0 0.01 4.00006 32.9 -0.1564 0.0624615 28.9913 -0.138316 0.0548606 12.1631
45007022 0 0.01 4 32.9 0.308212 0.256222 9.00664 0.0840491 0.0702685 12.1631
45007434 0 0.01 4.00024 32.9 -0.420112 -0.320422 44.268 -0.56589 -0.431673 12.1631
45008347 0 0.01 4 32.9 0.292166 -0.0216753 2.06012 0.0206873 -0.00144975 12.1631
45008675 0 0.01 4 32.9 0.422116 0.195502 4.16165 0.0549045 0.0283799 12.1631
45009810 0 0.01 4 32.9 -0.351067 -0.281603 3.67952 -0.0400008 -0.0309528 12.1631
45010496 0 0.01 4 32.9 0.145725 -0.00564965 3.50625 0.0144203 -0.0015459 12.1631
45010841 0 0.01 4 32.9 -0.356086 -0.0620817 6.29494 -0.0701383 -0.00957479 12.1631
87004591 0 0.01 3.99998 32.9 -0.46143 0.417876 45.6185 -0.63968 0.58123 12.1542
87007456 0 0.01 3.99994 32.9 0.015228 0.459663 34.8666 0.0155813 0.488019 12.1542
87008196 0 0.01 4.00002 32.9 -0.243188 0.0972615 42.6248 -0.314065 0.126998 12.1542
87008377 0 0.01 4 32.9 -0.239383 -0.278397 2.78771 -0.0217718 -0.021072 12.1542
87009725 0 0.01 4 32.9 -0.186463 0.197875 2.90144 -0.0177214 0.0125589 12.1542
87010971 0 0.01 4 32.9 -0.497901 -0.351436 8.95428 -0.135491 -0.095091 12.1542
87011518 0 0.01 4 32.9 0.295573 -0.186788 4.61978 0.0397381 -0.0250874 12.1542
87011554 0 0.01 4 32.9 -0.0299967 -0.0649737 2.41836 -0.00455364 -0.00616043 12.1542
87012624 0 0.01 4.00001 32.9 -0.307025 0.21389 45.5493 -0.42469 0.296015 12.1542
87018136 0 0.01 4 32.9 0.0503407 -0.0155278 2.63687 0.00329102 -0.00138845 12.1542
93000597 0 0.01 4 32.9 0.356529 -0.0587336 2.84939 0.0322573 -0.00499073 12.1544
93003842 0 0.01 4 32.9 0.420833 0.146559 2.10774 0.0268757 0.00977573 12.1544
93003935 0 0.01 4 32.9 -0.0661548 -0.00164606 5.70482 -0.0114385 0.00273409 12.1544
93005606 0 0.01 4 32.9 -0.3613 -0.29563 3.92858 -0.0419775 -0.0338102 12.1544
93011536 0 0.01 4 32.9 0.0598439 -0.281628 14.1473 0.0259093 -0.118768 12.1544
93015030 0 0.01 4 32.9 0.0698489 0.317779 7.01862 0.0157506 0.0685512 12.1544
93017073 0 0.01 4 32.9 0.0834736 0.105973 17.3442 0.0435704 0.0546725 12.1544
93017842 0 0.01 3.99609 32.9 -0.0570165 0.437071 8.94244 -0.0135149 0.117854 12.1544
92002017 0 0.01 3.99997 32.9 0.147163 0.357593 38.2654 0.170799 0.417094 12.1606
92002759 0 0.01 4 32.9 -0.0758316 -0.21385 3.00898 -0.00371632 -0.01861 12.1606
92003703 0 0.01 4 32.9 -0.315155 -0.32528 28.4928 -0.271498 -0.281077 12.1606
92004889 0 0.01 4 32.9 0.451254 0.495597 3.45845 0.0466861 0.0521882 12.1606
92006565 0 0.01 4 32.9 -0.449589 0.452468 3.84091 -0.0523371 0.0519438 12.1606
92008376 0 0.01 4 32.9 0.153658 -0.129343 13.8131 0.0638533 -0.0549745 12.1606
92009447 0 0.01 4 32.9 0.0554006 0.482884 17.3536 0.027385 0.25687 12.1606
92009751 0 0.01 4 32.9 -0.342736 0.26319 2.76779 -0.0292257 0.0238191 12.1606
92010498 0 0.01 4 32.9 -0.419606 0.370929 6.01108 -0.080416 0.0705632 12.1606
92015344 0 0.01 3.99976 32.9 -0.127153 0.287731 28.1814 -0.109152 0.245965 12.1606
92017492 0 0.01 4 32.9 -0.343789 -0.234853 11.8817 -0.124018 -0.0839191 12.1606
6000011 0 0.01 4.00012 32.9 -0.228209 -0.309445 35.6404 -0.245348 -0.335267 12.1651
6000769 0 0.01 4.00001 32.9 -0.484977 -0.0938081 12.5368 -0.184593 -0.0324887 12.1651
6003737 0 0.01 4 32.9 0.128827 0.0853854 7.09197 0.0304788 0.0184364 12.1651
6006695 0 0.01 4.0001 32.9 -0.16313 -0.0201944 17.4351 -0.0864939 -0.0110367 12.1651
6007051 0 0.01 4.00002 32.9 -0.0351397 -0.105484 37.9035 -0.0411427 -0.118745 12.1651
6007691 0 0.01 3.99999 32.9 0.464537 -0.32106 2.81727 0.0399855 -0.0253005 12.1651
76000555 0 0.01 4.00001 32.9 0.413488 0.189707 3.99447 0.0509448 0.0221144 12.1658
76003136 0 0.01 4.00012 32.9 0.340013 -0.0773727 30.6435 0.316061 -0.0692805 12.1658
76003727 0 0.01 4.00003 32.9 0.188578 0.0625603 23.8398 0.134621 0.0447595 12.1658
76003812 0 0.01 4 32.9 -0.318151 0.192994 2.33769 -0.0251118 0.0113931 12.1658
76003939 0 0.01 4 32.9 -0.372463 0.193015 10.2413 -0.117909 0.0589755 12.1658
76006143 0 0.01 3.99995 32.9 0.249129 0.426353 35.2713 0.265911 0.458401 12.1658
76007909 0 0.01 4.00098 32.9 0.00411764 -0.324099 13.2267 0.000505524 -0.130442 12.1658
76008486 0 0.01 4.00012 32.9 0.0778365 0.282589 29.7783 0.0691311 0.256467 12.1658
76010839 0 0.01 3.99976 32.9 -0.06886 0.334434 4.72663 -0.0139731 0.0480818 12.1658
76011900 0 0.01 4.00049 32.9 0.180206 0.186259 19.7361 0.108911 0.112387 12.1658
76012768 0 0.01 4 32.9 -0.0796493 -0.44292 5.94244 -0.0147205 -0.080655 12.1658
90001412 0 0.01 4 32.9 -0.495906 0.221741 37.3128 -0.561968 0.250394 12.1647
90005391 0 0.01 4 32.9 -0.264623 0.141974 4.51375 -0.0345752 0.023686 12.1647
90006375 0 0.01 4 32.9 -0.234558 -0.371712 3.82706 -0.026561 -0.0442361 12.1647
90010386 0 0.01 4 32.9 -0.321888 0.171051 3.2309 -0.0291644 0.0189885 12.1647
56000131 0 0.01 4.00012 32.9 0.134103 0.294957 25.4655 0.104387 0.227347 12.1692
56000469 0 0.01 4 32.9 -0.374833 -0.033539 7.38147 -0.0839708 -0.00824932 12.1692
56000843 0 0.01 4 32.9 -0.310026 0.188518 2.55072 -0.0244596 0.0146808 12.1692
56002333 0 0.01 3.99976 32.9 0.162731 0.24235 26.7696 0.132435 0.197945 12.1692
56003291 0 0.01 4 32.9 0.327929 0.344697 4.09351 0.0412819 0.0440448 12.1692
56003913 0 0.01 4 32.9 -0.01577 -0.151365 9.30558 -0.0036317 -0.0432041 12.1692
56005314 0 0.01 4 32.9 0.0185694 0.198327 1.55699 -0.00467693 0.00305986 12.1692
56006221 0 0.01 3.99999 32.9 0.0986134 0.144615 25.5196 0.076119 0.111379 12.1692
56009862 0 0.01 4 32.9 -0.484135 0.420874 7.79514 -0.113006 0.0982704 12.1692
56010517 0 0.01 4 32.9 -0.465389 -0.448817 7.26986 -0.102939 -0.1003 12.1692
56012068 0 0.01 4 32.9 0.485994 0.332604 21.9178 0.324556 0.222306 12.1692
56015513 0 0.01 4 32.9 0.410768 -0.353114 50.3279 0.62789 -0.541765 12.1692
56017057 0 0.01 4 32.9 -0.476922 -0.477282 7.03489 -0.10185 -0.101233 12.1692
56017402 0 0.01 4 32.9 0.362215 -0.00366509 3.36022 0.0359683 -7.56722e-05 12.1692
56017590 0 0.01 3.99999 32.9 0.441687 0.340765 1.41661 0.0186661 0.0167329 12.1692
82004776 0 0.01 4 32.9 -0.413492 0.331635 7.81199 -0.0984747 0.0786743 12.1647
82008064 0 0.01 3.99999 32.9 -0.0494911 -0.492866 24.9416 -0.037555 -0.374172 12.1647
82010941 0 0.01 4 32.9 0.025483 0.445343 7.2285 0.00707899 0.0968252 12.1647
82010958 0 0.01 4 32.9 -0.288551 -0.27088 37.7267 -0.329452 -0.30867 12.1647
82012731 0 0.01 4 32.9 0.441981 0.0724534 5.69917 0.0775706 0.012361 12.1647
82014694 0 0.01 4 32.9 0.309318 -0.422755 1.07604 0.0102178 -0.0223399 12.1647
82015863 0 0.01 3.99999 32.9 -0.20461 -0.360133 10.9326 -0.0687911 -0.119703 12.1647
82015957 0 0.01 4 32.9 0.495284 -0.0588961 2.21934 0.0279282 -0.00302597 12.1647
82016857 0 0.01 4.00024 32.9 -0.0687718 0.0957019 22.1257 -0.0456921 0.0653658 12.1647
82017883 0 0.01 4 32.9 0.449533 0.344128 10.3312 0.138771 0.111566 12.1647
55000198 0 0.01 4 32.9 -0.328913 0.0452646 42.0764 -0.422024 0.0591259 12.1609
55000380 0 0.01 3.99997 32.9 0.206728 -0.131669 39.7197 0.248956 -0.157064 12.1609
55000502 0 0.01 3.99994 32.9 0.205162 -0.330782 34.9399 0.217464 -0.352457 12.1609
55002937 0 0.01 4 32.9 -0.00813686 -0.265292 6.21808 -0.00472267 -0.0503595 12.1609
55005532 0 0.01 4 32.9 0.0926423 0.460035 9.45783 0.0261616 0.133443 12.1609
55006319 0 0.01 4 32.9 -0.218383 -0.00154786 5.84528 -0.0376746 -0.00108562 12.1609
55007301 0 0.01 4 32.9 -0.00844709 0.397133 2.70753 0.00151968 0.0328033 12.1609
55009721 0 0.01 4.00003 32.9 0.233538 -0.0831109 46.686 0.328849 -0.118214 12.1609
55010615 0 0.01 4 32.9 -0.290578 0.0295642 9.69519 -0.0871934 0.00873067 12.1609
55011834 0 0.01 4 32.9 -0.301976 0.360775 8.38398 -0.0762934 0.0931839 12.1609
55012014 0 0.01 4 32.9 -0.241414 -0.154222 6.26961 -0.0447318 -0.0283195 12.1609
55012310 0 0.01 4 32.9 0.104948 0.192981 45.4659 0.142299 0.268067 12.1609
55016234 0 0.01 4 32.9 0.309368 -0.0379322 1.79183 0.0163651 0.00373594 12.1609
55016744 0 0.01 4 32.9 0.247588 0.124789 29.3415 0.220557 0.112648 12.1609
55017010 0 0.01 3.99988 32.9 0.439544 -0.405782 65.1505 0.871054 -0.803301 12.1609
55017011 0 0.01 3.99988 32.9 -0.163716 -0.283881 24.4726 -0.122237 -0.210603 12.1609
55017769 0 0.01 4 32.9 -0.447217 0.35027 38.2298 -0.52227 0.407454 12.1609
86000458 0 0.01 4 32.9 -0.153757 0.258642 2.9636 -0.015815 0.0264698 12.1545
86000828 0 0.01 4 32.9 0.114898 0.220852 2.44239 0.0122565 0.0174342 12.1545
86003502 0 0.01 4 32.9 0.39901 -0.419641 1.76367 0.0225107 -0.019912 12.1545
86004067 0 0.01 4 32.9 -0.411632 -0.0925697 5.26629 -0.0668394 -0.0134987 12.1545
86005569 0 0.01 4 32.9 -0.0197041 -0.242819 3.93754 0.00133119 -0.0275389 12.1545
86006155 0 0.01 3.99951 32.9 0.0822522 0.408891 6.04225 0.0141171 0.0738028 12.1545
86006783 0 0.01 4.00049 32.9 -0.447722 -0.200492 32.4559 -0.442696 -0.197012 12.1545
86011651 0 0.01 3.99805 32.9 0.285751 0.121304 6.6391 0.0559011 0.0267878 12.1545
86011735 0 0.01 4 32.9 0.360128 0.386674 12.0364 0.133623 0.143362 12.1545
86018650 0 0.01 3.99988 32.9 -0.118231 -0.0804277 31.3665 -0.111653 -0.0784382 12.1545
84003017 0 0.01 4 32.9 0.414802 -0.156067 2.6892 0.0356327 -0.0144651 12.1562
84004182 0 0.01 4.00049 32.9 -0.213741 0.0525184 18.9969 -0.121995 0.030837 12.1562
84007395 0 0.01 4 32.9 -0.0657498 0.0395903 28.9713 -0.0579641 0.0376489 12.1562
84007641 0 0.01 4 32.9 0.0930861 -0.282407 2.77715 0.0100509 -0.0198524 12.1562
84008608 0 0.01 4.00003 32.9 -0.465058 0.0897441 4.42056 -0.0619656 0.0128306 12.1562
84009072 0 0.01 4 32.9 0.0297856 -0.069557 33.5888 0.030814 -0.0702789 12.1562
84009542 0 0.01 3.99976 32.9 0.451709 -0.487259 19.2362 0.263388 -0.284134 12.1562
84012158 0 0.01 3.99951 32.9 0.387238 0.144523 17.2961 0.204131 0.0778565 12.1562
84015419 0 0.01 3.99997 32.9 0.296764 -0.406717 16.1776 0.14713 -0.199563 12.1562
84017648 0 0.01 3.99994 32.9 0.320954 -0.294788 36.5728 0.357829 -0.329006 12.1562
84017846 0 0.01 4 32.9 0.169944 0.0306062 37.3613 0.191302 0.0332267 12.1562
84018461 0 0.01 4 32.9 0.243641 -0.00413952 26.6051 0.197808 -0.00163963 12.1562
83001454 0 0.01 4 32.9 -0.25457 -0.109956 2.23969 -0.0162747 -0.0108781 11.6907
83003130 0 0.01 4 32.9 -0.483007 -0.163158 1.73851 -0.0207716 -0.010786 11.6907
83003169 0 0.01 4 32.9 -0.440673 -0.337907 27.9986 -0.377693 -0.284751 11.6907
83004259 0 0.01 4 32.9 0.123031 0.271697 5.80319 0.0224334 0.0465053 11.6907
83006159 0 0.01 4 32.9 -0.187103 0.362181 4.74964 -0.024242 0.0533701 11.6907
83010491 0 0.01 4.00049 32.9 0.389612 0.136904 11.7751 0.142267 0.0483498 11.6907
83011045 0 0.01 4 32.9 0.0952259 0.40937 35.0745 0.103803 0.437702 11.6907
83011802 0 0.01 3.99988 32.9 0.282049 -0.355616 32.6699 0.278173 -0.352451 11.6907
83012628 0 0.01 4 32.9 0.356626 0.0582627 9.50271 0.102262 0.0192793 11.6907
83012780 0 0.01 4 32.9 -0.467888 0.443305 3.62993 -0.0497339 0.0463635 11.6907
83015285 0 0.01 4 32.9 0.47285 0.0370859 12.9179 0.186709 0.0142828 11.6907
83016013 0 0.01 4.00012 32.9 -0.15638 0.207727 35.5119 -0.170732 0.223995 11.6907
83018216 0 0.01 4 32.9 -0.389774 0.346851 42.9045 -0.509199 0.452243 11.6907
81002716 0 0.01 4 32.9 0.163954 -0.0932783 6.77272 0.0347734 -0.0185072 12.1542
81003522 0 0.01 4 32.9 0.428325 -0.161374 13.3905 0.172926 -0.0649474 12.1542
81003669 0 0.01 4 32.9 0.396687 -0.163309 11.4768 0.137662 -0.0552589 12.1542
81003798 0 0.01 4 32.9 0.388089 0.0151449 38.1113 0.450519 0.0206495 12.1542
81006508 0 0.01 4 32.9 0.348471 -0.449933 2.936 0.0277854 -0.0394193 12.1542
81008043 0 0.01 4 32.9 0.418786 -0.0256934 3.03767 0.0372357 -0.00757481 12.1542
81008625 0 0.01 4 32.9 0.308412 0.283089 12.8012 0.12164 0.108769 12.1542
81008899 0 0.01 4 32.9 -0.341494 0.130009 2.4 -0.0235945 0.00271377 12.1542
81009802 0 0.01 4 32.9 0.426286 0.00661332 2.05846 0.0252315 0.000343045 12.1542
81011890 0 0.01 4 32.9 0.377024 0.0300903 1.56152 0.0189918 0.00254494 12.1542
81012284 0 0.01 3.99976 32.9 -0.0807601 -0.107767 22.5877 -0.0558932 -0.0713575 12.1542
81013313 0 0.01 4.00195 32.9 0.485146 0.1702 9.52064 0.138375 0.0483668 12.1542
81013524 0 0.01 4.00001 32.9 0.312342 0.119197 44.0552 0.418388 0.161402 12.1542
81015717 0 0.01 4 32.9 0.253974 -0.0425677 3.97101 0.0278668 -0.00497363 12.1542
81016062 0 0.01 4 32.9 0.360205 0.30637 11.2912 0.123105 0.105694 12.1542
81016063 0 0.01 4 32.9 -0.277996 -0.341312 70.0314 -0.590862 -0.726602 12.1542
81016124 0 0.01 4 32.9 -0.163867 0.418034 9.16465 -0.0458679 0.116887 12.1542
81017077 0 0.01 3.99992 32.9 -0.474701 -0.481363 64.9465 -0.936886 -0.949321 12.1542
81018373 0 0.01 3.99999 32.9 -0.304801 -0.209726 41.9644 -0.390075 -0.266592 12.1542
85001436 0 0.01 4 32.9 0.363495 0.414951 4.26369 0.0476746 0.0512349 12.1555
85004316 0 0.01 4 32.9 -0.479971 0.149241 4.15038 -0.0607748 0.0192866 12.1555
85004433 0 0.01 4.00006 32.9 -0.341485 0.128969 41.7928 -0.433929 0.165209 12.1555
85005112 0 0.01 4.00001 32.9 0.0833126 -0.420458 4.10336 0.0110423 -0.0551127 12.1555
85008706 0 0.01 4.00002 32.9 -0.00490837 0.463926 41.7214 -0.00594886 0.590501 12.1555
85009453 0 0.01 4 32.9 0.250688 0.0705711 6.18886 0.0474666 0.0164224 12.1555
85010134 0 0.01 4 32.9 -0.377692 -0.29651 14.3295 -0.163199 -0.126096 12.1555
85010437 0 0.01 4 32.9 0.427913 -0.211961 5.14192 0.0676205 -0.0299154 12.1555
85012845 0 0.01 3.99988 32.9 -0.0723386 -0.279066 28.6535 -0.0625907 -0.242178 12.1555
85014649 0 0.01 4 32.9 -0.0597955 0.116438 5.98382 -0.0130244 0.0210237 12.1555
85014719 0 0.01 3.99927 32.9 -0.316875 0.313541 20.6886 -0.202065 0.198759 12.1555
54000234 0 0.01 4.00002 32.9 0.16509 -0.0327943 56.046 0.284326 -0.0555961 12.1636
54000953 0 0.01 4.00002 32.9 0.104257 0.318786 39.8736 0.124409 0.384876 12.1636
54001154 0 0.01 3.99988 32.9 -0.0625259 -0.217657 35.0888 -0.0680026 -0.230912 12.1636
54001439 0 0.01 4 32.9 0.148226 -0.18968 129.501 0.584731 -0.74656 12.1636
54004494 0 0.01 4 32.9 0.394243 0.309395 1.43962 0.016386 0.00517199 12.1636
54004568 0 0.01 4 32.9 -0.275962 -0.265656 2.64637 -0.0234483 -0.0181672 12.1636
54005853 0 0.01 3.99988 32.9 0.256425 -0.322074 26.11 0.203145 -0.252834 12.1636
54010263 0 0.01 4 32.9 -0.461408 -0.120495 4.13178 -0.0610236 -0.0141564 12.1636
54010832 0 0.01 4 32.9 0.159051 0.485883 3.14163 0.0195983 0.0492242 12.1636
54011659 0 0.01 4 32.9 0.128696 -0.0576893 30.6467 0.118719 -0.0528812 12.1636
54013979 0 0.01 4.00012 32.9 0.402624 0.00172906 8.8845 0.108082 -0.000557758 12.1636
54015564 0 0.01 4 32.9 0.035832 0.427533 10.4606 0.0121015 0.13837 12.1636
79001877 0 0.01 3.99988 32.9 0.186738 0.118286 26.0196 0.146536 0.0959593 12.1578
79005446 0 0.01 4 32.9 -0.135266 0.0406682 3.5069 -0.0138642 0.00384318 12.1578
79005745 0 0.01 3.99998 32.9 0.166642 -0.353175 9.1796 0.047463 -0.096843 12.1578
79009146 0 0.01 4 32.9 -0.417636 0.215603 35.6944 -0.452118 0.234831 12.1578
79010713 0 0.01 4 32.9 -0.167325 0.000928455 14.4404 -0.0738635 0.000447638 12.1578
79013206 0 0.01 4 32.9 0.279954 0.0929111 2.06392 0.0189461 0.00240342 12.1578
79014025 0 0.01 4 32.9 -0.479044 0.0417317 26.7535 -0.389257 0.0362071 12.1578
79014209 0 0.01 4 32.9 -0.321556 -0.421146 4.31021 -0.0411174 -0.054755 12.1578
79014321 0 0.01 4 32.9 0.161939 0.0670486 3.63663 0.0182126 0.00709727 12.1578
79018572 0 0.01 4 32.9 -0.0310512 0.0954617 8.91615 -0.0069238 0.0278412 12.1578
23000658 0 0.01 4 32.9 -0.437177 0.13654 2.31844 -0.0335477 0.0092389 12.1575
23000668 0 0.01 4 32.9 0.165617 0.0829098 8.58684 0.044592 0.0228946 12.1575
23002521 0 0.01 4 32.9 0.32102 -0.220044 66.3234 0.647008 -0.443118 12.1575
23004550 0 0.01 3.99998 32.9 0.211463 0.226716 40.9094 0.262455 0.2823 12.1575
23006089 0 0.01 4 32.9 0.042151 -0.0896666 4.19778 0.00591817 -0.0121952 12.1575
23010864 0 0.01 4 32.9 -0.121429 -0.241333 2.41711 -0.0107541 -0.01832 12.1575
23011003 0 0.01 4 32.9 0.281853 -0.216453 1.44808 0.012265 -0.0147884 12.1575
23011392 0 0.01 4 32.9 -0.345663 0.0237321 3.49202 -0.0391296 0.00242312 12.1575
23012717 0 0.01 3.99994 32.9 0.224225 0.051669 21.3112 0.145216 0.0336872 12.1575
23013664 0 0.01 4.00003 32.9 -0.457371 0.377974 44.0053 -0.611439 0.506957 12.1575
23013825 0 0.01 3.99994 32.9 0.497315 -0.273672 37.2809 0.561338 -0.310936 12.1575
23015598 0 0.01 4.00001 32.9 -0.156731 0.441464 48.2941 -0.230408 0.647734 12.1575
23015660 0 0.01 3.99951 32.9 -0.465036 0.0106309 4.15089 -0.0559189 0.000743899 12.1575
23017117 0 0.01 4 32.9 0.339956 0.0061674 3.84195 0.040844 0.00183039 12.1575
23018400 0 0.01 4 32.9 -0.335318 -0.0788689 6.13705 -0.0638564 -0.0164062 12.1575
78000123 0 0.01 3.99995 32.9 -0.414521 -0.0110015 44.5196 -0.560035 -0.0113212 12.1748
78000939 0 0.01 4 32.9 0.452131 -0.0106991 3.79957 0.0536581 -0.00312075 12.1748
78003292 0 0.01 4 32.9 -0.125149 -0.239841 7.19 -0.0273729 -0.0532578 12.1748
78005485 0 0.01 4.00006 32.9 0.144027 -0.10313 35.1107 0.155168 -0.110189 12.1748
78008455 0 0.01 3.99994 32.9 0.32013 0.338278 42.5336 0.415768 0.440284 12.1748
78011628 0 0.01 4 32.9 -0.19585 0.0366496 6.45165 -0.0390783 0.0086123 12.1748
78012216 0 0.01 4 32.9 0.110289 0.480507 18.563 0.0625487 0.274357 12.1748
78012690 0 0.01 4 32.9 0.0221213 -0.139649 4.92523 0.0039728 -0.0188768 12.1748
77000286 0 0.01 3.99999 32.9 -0.41626 0.216205 5.37974 -0.0697136 0.0365635 12.179
77000354 0 0.01 4 32.9 0.0760151 0.212049 10.078 0.025696 0.0628596 12.179
77004882 0 0.01 4 32.9 0.0634524 0.312702 3.72286 0.00272697 0.037135 12.179
77005684 0 0.01 3.99988 32.9 0.243337 -0.095619 28.9075 0.212336 -0.0829571 12.179
77007348 0 0.01 4 32.9 0.365783 0.0574602 2.69831 0.0293951 0.00632174 12.179
77010706 0 0.01 4 32.9 -0.379335 -0.314023 9.67214 -0.109314 -0.0924061 12.179
77010709 0 0.01 4 32.9 0.496241 0.049805 5.80373 0.0862679 0.00748394 12.179
77012165 0 0.01 4 32.9 0.114804 0.0476676 7.40549 0.0251886 0.0109146 12.179
77012220 0 0.01 4 32.9 -0.0459123 -0.110443 9.66144 -0.0142394 -0.0305515 12.179
77016128 0 0.01 3.99609 32.9 0.271753 0.242112 5.40029 0.0474495 0.0391475 12.179
75001261 0 0.01 4 32.9 -0.214336 0.199458 1.61172 -0.00952174 0.00932028 12.1805
75002871 0 0.01 4.00005 32.9 -0.0122033 -0.272317 44.9938 -0.0175322 -0.36928 12.1805
75005527 0 0.01 4.00006 32.9 -0.49737 0.149064 33.059 -0.497043 0.150711 12.1805
75008424 0 0.01 4 32.9 -0.180606 0.148148 9.75095 -0.0530288 0.045846 12.1805
75009360 0 0.01 4.00002 32.9 -0.283238 0.398531 45.2193 -0.388598 0.548908 12.1805
75009414 0 0.01 4.00003 32.9 0.396773 -0.0463286 42.3084 0.510327 -0.0585653 12.1805
75011018 0 0.01 4 32.9 0.386089 0.162953 39.443 0.464989 0.195137 12.1805
75013468 0 0.01 4 32.9 0.161415 0.140714 7.47996 0.037615 0.0309293 12.1805
75013561 0 0.01 4 32.9 -0.0378613 0.0472419 39.8276 -0.0443104 0.0564135 12.1805
75015812 0 0.01 4.00006 32.9 0.170533 0.0454712 40.8451 0.21433 0.0563601 12.1805
75016613 0 0.01 4.00002 32.9 0.386432 -0.112073 25.9833 0.305398 -0.0882812 12.1805
75017705 0 0.01 4 32.9 0.434091 0.394567 4.70639 0.0575226 0.056706 12.1805
22000100 0 0.01 4 32.9 0.448026 -0.475601 4.42469 0.0631662 -0.063561 12.1504
22002640 0 0.01 4 32.9 -0.405646 -0.376691 4.00547 -0.0480455 -0.0464189 12.1504
22003272 0 0.01 4 32.9 0.134387 0.310366 8.19025 0.0318066 0.0797172 12.1504
22004882 0 0.01 4.00003 32.9 -0.27275 -0.382998 44.719 -0.370346 -0.519425 12.1504
22005988 0 0.01 4 32.9 0.232409 0.448757 2.94967 0.0229222 0.0422937 12.1504
22008933 0 0.01 4 32.9 0.450862 0.44124 3.33087 0.0443169 0.0393349 12.1504
22012752 0 0.01 4 32.9 0.184951 -0.0676038 6.07684 0.0363021 -0.015589 12.1504
22014812 0 0.01 3.99998 32.9 -0.0222805 -0.0650515 13.6684 -0.0101577 -0.0281276 12.1504
22017844 0 0.01 4 32.9 0.0910639 0.469482 6.63489 0.0174251 0.0943923 12.1504
22018099 0 0.01 4 32.9 0.154873 0.123359 2.2104 0.0114594 0.00783727 12.1504
74001503 0 0.01 4 32.9 -0.434005 0.336677 6.23932 -0.0827815 0.0643985 12.1845
74002733 0 0.01 4.00012 32.9 0.293711 -0.00982299 29.8795 0.265238 -0.00828869 12.1845
74005219 0 0.01 4 32.9 -0.150043 0.366985 4.21316 -0.019239 0.0467072 12.1845
74006129 0 0.01 4 32.9 0.318352 -0.254148 8.68458 0.0829866 -0.0648909 12.1845
74008164 0 0.01 4 32.9 0.133098 -0.420986 119.958 0.486048 -1.5352 12.1845
74009002 0 0.01 3.99994 32.9 0.490884 0.144059 29.0835 0.43534 0.125511 12.1845
74011669 0 0.01 3.99996 32.9 0.375804 -0.0722565 45.653 0.519348 -0.0975967 12.1845
74013147 0 0.01 4 32.9 0.450964 0.190123 9.09894 0.123672 0.0548687 12.1845
74014697 0 0.01 3.99997 32.9 -0.110627 0.368409 5.73748 -0.0195699 0.0657752 12.1845
74018522 0 0.01 4 32.9 0.470901 -0.0128799 10.0454 0.141464 -0.00470356 12.1845
68001306 0 0.01 4 32.9 -0.117259 0.335559 2.41896 -0.0101292 0.0249521 12.1564
68003830 0 0.01 4 32.9 0.136348 -0.0363431 2.27456 0.0114107 0.00352573 12.1564
68004940 0 0.01 4 32.9 0.0951654 -0.395425 26.6435 0.076538 -0.319684 12.1564
68007142 0 0.01 4 32.9 0.145039 0.352971 108.915 0.478117 1.16947 12.1564
68008641 0 0.01 4 32.9 -0.00703193 0.306495 4.72357 -0.00238229 0.0436969 12.1564
68015877 0 0.01 3.99997 32.9 0.179784 -0.0393605 43.7313 0.240027 -0.0538856 12.1564
68016508 0 0.01 4 32.9 0.301706 -0.108676 4.78725 0.0417634 -0.0161146 12.1564
68017782 0 0.01 4 32.9 0.345171 0.128119 9.02445 0.0925673 0.0356889 12.1564
68018411 0 0.01 3.99998 32.9 -0.400035 -0.472683 46.2068 -0.563965 -0.664117 12.1564
21002070 0 0.01 4 32.9 -0.28721 -0.2313 5.62853 -0.0489384 -0.0372056 12.1625
21002521 0 0.01 4 32.9 -0.375 -0.367141 2.90063 -0.0321737 -0.0291265 12.1625
21003586 0 0.01 3.99609 32.9 0.155836 -0.318981 9.93223 0.0487828 -0.0970582 12.1625
21008917 0 0.01 4 32.9 0.355401 -0.489089 44.7164 0.483135 -0.663689 12.1625
21009561 0 0.01 3.99976 32.9 -0.295351 0.401048 24 -0.214803 0.293451 12.1625
21011320 0 0.01 3.99976 32.9 -0.117239 -0.0140342 19.4694 -0.0696393 -0.00721073 12.1625
21012807 0 0.01 3.99997 32.9 -0.452818 0.0684832 40.5493 -0.556824 0.0844677 12.1625
21013389 0 0.01 4 32.9 0.318063 0.458819 2.43172 0.0195161 0.0357618 12.1625
21016908 0 0.01 4 32.9 -0.421335 -0.366648 4.26134 -0.0542863 -0.0474331 12.1625
32001998 0 0.01 4.00001 32.9 -0.11178 -0.417963 40.5981 -0.138618 -0.517113 12.1749
32003026 0 0.01 4 32.9 -0.22612 0.43475 6.01787 -0.0414802 0.0794959 12.1749
32006862 0 0.01 3.99997 32.9 0.236932 0.153948 26.5224 0.193276 0.126244 12.1749
32008020 0 0.01 4 32.9 -0.289993 -0.325328 59.9056 -0.526713 -0.593011 12.1749
32009274 0 0.01 4 32.9 -0.496851 -0.318357 7.024 -0.10846 -0.0661716 12.1749
32011600 0 0.01 4 32.9 -0.366427 -0.353488 8.14446 -0.0895544 -0.0868067 12.1749
32013446 0 0.01 4.00024 32.9 0.214554 -0.452095 19.7529 0.128548 -0.272563 12.1749
32013532 0 0.01 4.00001 32.9 -0.451755 -0.198653 44.9094 -0.616875 -0.269462 12.1749
32014578 0 0.01 4 32.9 -0.438813 -0.436233 3.82892 -0.0531637 -0.0506997 12.1749
32015873 0 0.01 4.00003 32.9 -0.36124 0.203742 41.0746 -0.450737 0.254863 12.1749
32017761 0 0.01 4 32.9 0.162557 0.210101 3.19842 0.0179586 0.0180975 12.1749
32018470 0 0.01 4 32.9 -0.401008 0.340308 3.11383 -0.0369662 0.0342899 12.1749
65000712 0 0.01 3.99997 32.9 -0.340928 0.240186 44.557 -0.463901 0.32601 12.1723
65001955 0 0.01 3.99994 32.9 -0.0537096 0.00208069 38.7118 -0.0637861 0.00272994 12.1723
65004412 0 0.01 4.00001 32.9 -0.444551 0.209447 2.38008 -0.030797 0.0139592 12.1723
65007401 0 0.01 4 32.9 -0.160068 0.125716 1.33566 -0.0103855 0.00582999 12.1723
65007720 0 0.01 4 32.9 0.428988 0.219806 6.0905 0.0779086 0.0425148 12.1723
65012769 0 0.01 4 32.9 0.130701 0.00272817 8.15618 0.0314125 -0.00097039 12.1723
65014489 0 0.01 4.00006 32.9 0.436528 0.214592 38.1798 0.506869 0.249686 12.1723
65017495 0 0.01 4 32.9 0.265887 -0.198206 2.39946 0.0156234 -0.0123015 12.1723
59001077 0 0.01 4 32.9 0.340579 0.230989 9.46885 0.0981617 0.067786 12.1076
59002421 0 0.01 4 32.9 0.330694 0.305359 2.55699 0.0238243 0.0252995 12.1076
59007455 0 0.01 4 32.9 -0.433372 0.270761 7.09953 -0.0951153 0.0582231 12.1076
59007526 0 0.01 4 32.9 -0.309411 -0.354985 4.58448 -0.044129 -0.0466024 12.1076
59011289 0 0.01 4 32.9 0.475787 -0.186369 3.08209 0.0474832 -0.0179322 12.1076
59012845 0 0.01 4 32.9 -0.153068 0.418105 1.49615 -0.00749244 0.0221827 12.1076
59015919 0 0.01 4 32.9 -0.156052 -0.157684 36.038 -0.170579 -0.173205 12.1076
59016575 0 0.01 4 32.9 -0.385373 -0.479464 1.2324 -0.0145855 -0.00731368 12.1076
59016708 0 0.01 4 32.9 -0.1503 -0.113032 27.6934 -0.12544 -0.0946581 12.1076
59018797 0 0.01 4.00006 32.9 0.360786 0.093095 46.6318 0.512136 0.131951 12.1076
61001459 0 0.01 4.00006 32.9 -0.270715 -0.0429271 47.5485 -0.389661 -0.0598047 12.1467
61004725 0 0.01 4.00001 32.9 -0.123666 -0.318876 4.95015 -0.0171094 -0.0497096 12.1467
61005918 0 0.01 4.00002 32.9 -0.204879 -0.327832 47.0201 -0.293498 -0.465956 12.1467
61006165 0 0.01 4 32.9 -0.312122 -0.0142862 4.09136 -0.0382814 0.000965942 12.1467
61008057 0 0.01 4 32.9 0.263372 0.296348 4.3202 0.03381 0.0402799 12.1467
61010543 0 0.01 4.00002 32.9 -0.423718 -0.275472 22.8134 -0.291234 -0.189488 12.1467
61013874 0 0.01 4 32.9 0.284549 0.0364234 7.13247 0.0627469 0.00782063 12.1467
61015091 0 0.01 3.99988 32.9 0.15788 0.0492111 23.8361 0.113156 0.0373138 12.1467
61015699 0 0.01 4 32.9 0.0442228 0.0590242 24.6129 0.0323345 0.0435118 12.1467
61016615 0 0.01 4 32.9 0.0994792 -0.183226 4.29577 0.0126849 -0.025351 12.1467
62000955 0 0.01 3.99988 32.9 0.175915 0.0907092 26.9625 0.144826 0.0743784 12.1524
62002440 0 0.01 4.00002 32.9 0.143618 -0.366381 41.5515 0.182046 -0.460707 12.1524
62002991 0 0.01 3.99996 32.9 0.0193408 0.202171 45.0047 0.0264042 0.280381 12.1524
62003756 0 0.01 4 32.9 -0.147439 -0.160742 3.71021 -0.0178236 -0.0160243 12.1524
62004519 0 0.01 3.99999 32.9 0.486738 -0.273248 9.02582 0.133994 -0.0744701 12.1524
62004765 0 0.01 4 32.9 0.455385 0.289025 2.8696 0.0407412 0.025034 12.1524
62005690 0 0.01 4 32.9 -0.153802 0.308249 1.29928 -0.00803137 0.0172029 12.1524
62007037 0 0.01 4 32.9 -0.413796 -0.344542 4.5752 -0.0554837 -0.0457761 12.1524
62007202 0 0.01 4 32.9 -0.226726 -0.279306 1.9632 -0.00748506 -0.0140281 12.1524
62008010 0 0.01 4.00098 32.9 0.129459 0.225918 11.5739 0.0452739 0.0806596 12.1524
62008637 0 0.01 4 32.9 -0.282551 -0.181506 2.08828 -0.0169958 -0.00907117 12.1524
62009100 0 0.01 4 32.9 -0.180137 -0.219467 3.33624 -0.0175581 -0.0212792 12.1524
62009678 0 0.01 4 32.9 -0.389647 -0.263615 4.95598 -0.0597905 -0.0408613 12.1524
62011442 0 0.01 4 32.9 -0.0974902 -0.151246 7.81594 -0.0228355 -0.0350639 12.1524
62011668 0 0.01 4 32.9 0.139966 0.408401 2.48295 0.00783116 0.0279307 12.1524
58000488 0 0.01 3.99998 32.9 0.385028 -0.45081 67.9757 0.794735 -0.930695 12.155
58001051 0 0.01 4 32.9 -0.485429 -0.2626 11.4253 -0.169001 -0.088791 12.155
58002238 0 0.01 4 32.9 0.435202 0.381143 4.02007 0.0531212 0.0443862 12.155
58003087 0 0.01 4 32.9 -0.348752 0.412938 2.16563 -0.0209866 0.0299261 12.155
58003385 0 0.01 4 32.9 0.109138 -0.00825842 4.89121 0.0167751 -0.00119945 12.155
58005230 0 0.01 4 32.9 0.181213 0.324377 6.63383 0.0378768 0.0691136 12.155
58007825 0 0.01 4.00001 32.9 -0.232036 -0.466686 55.8733 -0.393152 -0.790476 12.155
58011818 0 0.01 3.99988 32.9 0.00385776 0.425955 3.43608 0.00455078 0.04758 12.155
58014386 0 0.01 4.00006 32.9 0.120819 0.494701 34.7805 0.127046 0.525928 12.155
58015082 0 0.01 4.00002 32.9 0.459165 0.318809 27.4527 0.383213 0.266649 12.155
4000691 0 0.01 4 32.9 0.239293 -0.168922 30.2294 0.218826 -0.154379 12.1627
4001935 0 0.01 4 32.9 0.294225 -0.447827 6.7193 0.0588752 -0.0924995 12.1627
4002709 0 0.01 4.00024 32.9 -0.16815 -0.135031 25.8776 -0.133587 -0.10394 12.1627
4003283 0 0.01 4 32.9 0.482688 -0.219906 10.5213 0.152724 -0.0708141 12.1627
4004234 0 0.01 4 32.9 -0.415575 0.0123931 95.467 -1.20643 0.0373809 12.1627
4005901 0 0.01 4 32.9 -0.0348613 -0.377173 17.1718 -0.0167294 -0.194882 12.1627
4006883 0 0.01 4 32.9 -0.484469 -0.392093 2.50743 -0.0344298 -0.0252431 12.1627
4008793 0 0.01 3.99999 32.9 0.0731378 0.152393 17.2876 0.0354707 0.0804418 12.1627
4009369 0 0.01 4 32.9 0.304549 -0.336861 9.85399 0.0914234 -0.102561 12.1627
4011075 0 0.01 4 32.9 0.487886 -0.31915 2.53614 0.0391029 -0.026406 12.1627
4012419 0 0.01 4.00003 32.9 0.0408982 0.1497 39.6701 0.050628 0.182077 12.1627
4015141 0 0.01 4 32.9 -0.387983 -0.363704 4.18208 -0.0484093 -0.0472235 12.1627
4015727 0 0.01 4 32.9 0.325417 0.0863342 25.945 0.258013 0.0683881 12.1627
4018407 0 0.01 4.00006 32.9 0.160384 0.102819 32.1729 0.155173 0.100729 12.1627
7000493 0 0.01 4 32.9 0.134922 -0.355572 22.9954 0.0927147 -0.246565 12.1577
7002349 0 0.01 4 32.9 -0.471143 0.172823 7.44653 -0.104736 0.0380143 12.1577
7006159 0 0.01 3.99994 32.9 -0.110347 0.447795 32.3725 -0.108863 0.441924 12.1577
7007610 0 0.01 3.99998 32.9 -0.338862 0.349386 42.2642 -0.437359 0.450236 12.1577
7008327 0 0.01 3.99991 32.9 -0.206445 0.113303 41.0961 -0.254962 0.140711 12.1577
7008933 0 0.01 4 32.9 -0.0711641 -0.157886 14.4835 -0.0331182 -0.0677697 12.1577
7008958 0 0.01 4.00012 32.9 0.0673075 -0.497905 35.336 0.0720608 -0.533988 12.1577
7012187 0 0.01 4 32.9 0.355587 -0.349021 3.12486 0.0362137 -0.0314167 12.1577
7012262 0 0.01 4 32.9 -0.0823279 0.195747 5.11323 -0.0125481 0.0300628 12.1577
7013454 0 0.01 4 32.9 0.0714211 0.127579 22.8064 0.0493769 0.0867234 12.1577
7015875 0 0.01 4 32.9 -0.139023 0.136234 2.03202 -0.00815625 0.00640905 12.1577
7016190 0 0.01 4 32.9 0.147546 -0.461354 5.76578 0.0269332 -0.0813966 12.1577
7018531 0 0.01 4 32.9 -0.425144 -0.418901 34.6953 -0.445699 -0.441247 12.1577
896 0 0.01 3.99999 32.9 0.180988 -0.232359 14.0203 0.0768623 -0.0982308 12.167
2339 0 0.01 4 32.9 -0.293956 0.0855189 7.93581 -0.0726401 0.0214543 12.167
2410 0 0.01 4 32.9 0.139955 0.0334529 0.859737 0.000279065 0.000642532 12.167
3081 0 0.01 4.0078 32.9 -0.313982 -0.461852 3.16541 -0.0292688 -0.0435502 12.167
5409 0 0.01 3.99994 32.9 -0.0781972 -0.450391 37.9224 -0.09054 -0.520042 12.167
7305 0 0.01 4 32.9 0.00314528 0.351374 2.52173 0.00158804 0.0267718 12.167
7714 0 0.01 4 32.9 0.277375 -0.272068 0.707343 0.00710932 -0.00874429 12.167
7954 0 0.01 4 32.9 0.21219 0.477926 15.7266 0.100206 0.229169 12.167
9648 0 0.01 4 32.9 -0.0450085 -0.293464 80.7851 -0.109849 -0.720841 12.167
10308 0 0.01 4.00002 32.9 -0.262692 -0.229138 46.5198 -0.369389 -0.323296 12.167
12723 0 0.01 4 32.9 -0.144886 0.0977493 3.1479 -0.0128236 0.00910318 12.167
18160 0 0.01 4 32.9 0.302776 0.101574 3.4471 0.0287904 0.0111578 12.167
18193 0 0.01 4.0039 32.9 -0.194185 0.455174 6.75202 -0.0412358 0.0946667 12.167
8000072 0 0.01 4 32.9 -0.138634 0.165464 7.07963 -0.0286386 0.0341755 12.1468
8001509 0 0.01 4 32.9 0.283154 0.00517282 1.99602 0.0136529 -0.00407155 12.1468
8003392 0 0.01 4 32.9 -0.432804 0.438918 3.61345 -0.0435672 0.0468293 12.1468
8003899 0 0.01 4.00006 32.9 0.103328 -0.470018 8.98122 0.0297443 -0.124663 12.1468
8006862 0 0.01 4.00012 32.9 0.427815 -0.00321597 29.1597 0.380082 -0.00296887 12.1468
8010072 0 0.01 4 32.9 -0.453542 -0.257354 3.54957 -0.0494281 -0.0281662 12.1468
8011178 0 0.01 4 32.9 -0.453207 -0.136854 4.17102 -0.0593756 -0.0128815 12.1468
8017459 0 0.01 4 32.9 0.031608 -0.0499491 4.25772 0.00835755 -0.00726538 12.1468
8017992 0 0.01 4 32.9 0.200241 -0.278038 32.4382 0.198798 -0.273785 12.1468
8018363 0 0.01 4 32.9 -0.239681 0.379781 3.82701 -0.0283144 0.0443717 12.1468
98003433 0 0.01 4.00012 32.9 0.0443657 0.119076 7.29191 0.00959835 0.0272675 12.1489
98010324 0 0.01 4 32.9 0.175802 0.386175 4.42394 0.0213474 0.0539514 12.1489
98010901 0 0.01 4 32.9 -0.328031 -0.419014 12.4433 -0.125636 -0.157304 12.1489
98010918 0 0.01 4 32.9 -0.458153 0.134753 10.7685 -0.153542 0.043939 12.1489
98011502 0 0.01 4 32.9 0.0199446 -0.322658 7.61505 0.0056508 -0.0739487 12.1489
98012872 0 0.01 4 32.9 -0.245723 0.242055 47.4826 -0.355615 0.347614 12.1489
98013380 0 0.01 4 32.9 0.101259 0.0700906 28.4092 0.0866562 0.0616149 12.1489
98013884 0 0.01 4.00001 32.9 -0.24276 -0.0708119 9.46054 -0.0700098 -0.0184382 12.1489
97000135 0 0.01 4.00003 32.9 -0.194353 0.163208 43.5104 -0.255656 0.215075 12.166
97000493 0 0.01 4.00006 32.9 0.155417 0.37493 26.5996 0.125617 0.305952 12.166
97001239 0 0.01 4 32.9 -0.0622254 0.280999 13.061 -0.0227836 0.11165 12.166
97001622 0 0.01 4 32.9 0.032552 0.467238 2.29443 -0.00142756 0.029106 12.166
97005215 0 0.01 4 32.9 0.17879 0.202872 6.48144 0.0384439 0.0407571 12.166
97009035 0 0.01 4 32.9 -0.239001 0.241497 1.92194 -0.00894588 0.00964617 12.166
97010689 0 0.01 3.99951 32.9 0.137565 -0.171223 3.27081 0.00987704 -0.015196 12.166
97013432 0 0.01 4 32.9 -0.336387 -0.0671859 4.79054 -0.0483745 -0.0101663 12.166
97016475 0 0.01 4 32.9 0.165545 -0.282356 11.0591 0.0554693 -0.0932586 12.166
97016934 0 0.01 4 32.9 0.334976 0.497723 35.0282 0.356177 0.529822 12.166
97017512 0 0.01 3.99988 32.9 0.19762 0.479875 34.686 0.208683 0.50513 12.166
97018414 0 0.01 4.00001 32.9 -0.466073 0.49216 68.2848 -0.968512 1.02284 12.166
73000901 0 0.01 4.00012 32.9 -0.277523 -0.0119973 35.5073 -0.300406 -0.0136546 12.116
73001639 0 0.01 4 32.9 0.428485 0.431197 36.6451 0.479146 0.485732 12.116
73003929 0 0.01 3.99995 32.9 0.20408 0.114702 46.6437 0.287119 0.164733 12.116
73004006 0 0.01 4 32.9 0.372311 0.411135 7.75587 0.0865685 0.0988943 12.116
73004069 0 0.01 4 32.9 -0.0813944 0.40042 10.741 -0.0265509 0.133409 12.116
73005103 0 0.01 4 32.9 -0.010992 -0.353301 3.14848 0.000512896 -0.0342962 12.116
73008733 0 0.01 3.99998 32.9 0.0857326 0.179476 41.7587 0.108377 0.228325 12.116
73011920 0 0.01 3.99976 32.9 0.186137 -0.0119114 26.7065 0.150658 -0.00796235 12.116
73013758 0 0.01 4 32.9 0.415148 0.441853 4.31179 0.0562156 0.0577212 12.116
73014368 0 0.01 4 32.9 -0.429287 0.213262 1.99089 -0.0276122 0.0131446 12.116
71000488 0 0.01 4 32.9 0.281342 -0.271241 14.4685 0.126447 -0.119758 12.1611
71001288 0 0.01 4 32.9 0.434449 0.0547678 7.60009 0.0976083 0.0167366 12.1611
71001557 0 0.01 4 32.9 -0.410161 -0.220978 3.44511 -0.0436964 -0.02333 12.1611
71003929 0 0.01 4 32.9 0.426611 -0.322788 2.47489 0.0346112 -0.0283986 12.1611
71005213 0 0.01 4 32.9 -0.473433 0.355138 5.03442 -0.0718351 0.0551332 12.1611
71006478 0 0.01 4 32.9 0.287932 0.109911 1.97682 0.0177241 0.0126345 12.1611
71006834 0 0.01 4 32.9 0.137471 -0.0767051 17.901 0.0740952 -0.0427729 12.1611
71007882 0 0.01 4 32.9 0.107321 0.213299 3.22601 0.0114701 0.0220891 12.1611
71008532 0 0.01 4 32.9 0.463587 -0.216141 11.2555 0.158911 -0.070578 12.1611
71010616 0 0.01 4 32.9 -0.0742711 0.420888 3.01515 -0.00561312 0.0386888 12.1611
71010734 0 0.01 4 32.9 0.468921 0.49765 27.8902 0.397735 0.42133 12.1611
71012075 0 0.01 4.00002 32.9 -0.138931 0.335207 43.6547 -0.182507 0.446254 12.1611
71012845 0 0.01 4 32.9 0.471939 -0.042 3.63171 0.0544783 0.000522645 12.1611
71013064 0 0.01 4 32.9 0.460946 0.111996 3.55934 0.0503237 0.0146406 12.1611
71014355 0 0.01 4 32.9 -0.452405 0.170943 9.14712 -0.126287 0.047718 12.1611
70001549 0 0.01 4 32.9 0.018982 0.103589 2.92052 0.00196751 0.00968088 12.1139
70004333 0 0.01 4.00049 32.9 -0.0193995 -0.0218889 14.4616 -0.00838113 -0.0100567 12.1139
70005083 0 0.01 4.00002 32.9 0.352787 0.0275948 41.4871 0.444931 0.0353567 12.1139
70006516 0 0.01 3.99999 32.9 0.419657 0.428465 43.3334 0.553567 0.56381 12.1139
70006557 0 0.01 4 32.9 -0.406305 0.474917 6.12046 -0.0741172 0.0860016 12.1139
70008045 0 0.01 4.00012 32.9 0.0163423 0.19699 23.9219 0.0142204 0.144181 12.1139
70008618 0 0.01 4 32.9 0.176661 0.328789 32.1853 0.173047 0.320805 12.1139
70008917 0 0.01 4 32.9 -0.493559 0.105814 3.70641 -0.0531324 0.0144571 12.1139
70009803 0 0.01 4 32.9 -0.252056 -0.37037 4.64075 -0.0329781 -0.0508551 12.1139
70014733 0 0.01 4 32.9 0.484909 -0.324744 15.536 0.229355 -0.153451 12.1139
70018096 0 0.01 4 32.9 0.133666 -0.372346 18.0521 0.0728588 -0.203836 12.1139
44000359 0 0.01 4 32.9 -0.173868 -0.349645 1.0208 -0.00512976 -0.0150416 12.1854
44001264 0 0.01 4 32.9 -0.141677 0.0993 21.9012 -0.0957632 0.0673062 12.1854
44003078 0 0.01 3.99997 32.9 0.00604696 0.467705 22.6174 0.0040241 0.323702 12.1854
44004428 0 0.01 4 32.9 0.471159 0.0948755 45.1371 0.646176 0.130028 12.1854
44005324 0 0.01 3.99997 32.9 -0.239227 -0.391263 53.4698 -0.391662 -0.635851 12.1854
44005398 0 0.01 4 32.9 0.0944975 0.0812384 1.48103 0.0079211 0.00450549 12.1854
44006384 0 0.01 4 32.9 -0.141601 0.493055 22.6353 -0.0980026 0.340402 12.1854
44009623 0 0.01 4 32.9 -0.427725 -0.0548633 3.14122 -0.0438794 -0.00341298 12.1854
44009974 0 0.01 4 32.9 -0.214805 -0.0841131 2.78397 -0.0189512 -0.0104702 12.1854
44011871 0 0.01 4.00003 32.9 0.173095 -0.457852 46.0667 0.24258 -0.640265 12.1854
44017924 0 0.01 3.99994 32.9 -0.416278 -0.265544 35.5987 -0.451491 -0.287535 12.1854
34001234 0 0.01 4.00002 32.9 -0.436913 0.255666 41.6099 -0.552141 0.323099 12.1215
34002129 0 0.01 4 32.9 0.0801749 -0.287458 2.84761 0.00863473 -0.0244502 12.1215
34002954 0 0.01 4.00001 32.9 -0.0831572 -0.32886 10.4755 -0.0273868 -0.103 12.1215
34003257 0 0.01 3.99988 32.9 0.233588 0.248724 30.1659 0.215892 0.229623 12.1215
34004730 0 0.01 3.99997 32.9 0.251257 -0.310447 42.8052 0.325257 -0.402681 12.1215
34005172 0 0.01 4 32.9 0.0269793 0.193736 1.12238 0.00571689 0.00173401 12.1215
34014874 0 0.01 4 32.9 -0.204744 -0.0547983 5.10645 -0.0351755 -0.00831548 12.1215
34015221 0 0.01 4 32.9 0.0304436 -0.253188 8.43493 0.00758253 -0.0634911 12.1215
34015291 0 0.01 4 32.9 -0.110205 -0.353684 5.24577 -0.0182462 -0.0556333 12.1215
34016187 0 0.01 4 32.9 0.0473879 -0.0357631 26.7116 0.0387234 -0.0286441 12.1215
34017286 0 0.01 4.00006 32.9 -0.292176 0.00474218 30.1305 -0.268617 0.00300282 12.1215
67001530 0 0.01 4 32.9 -0.0412368 0.441351 12.0813 -0.0152762 0.161802 12.1819
67004512 0 0.01 4 32.9 -0.296794 0.442447 2.25292 -0.0231881 0.0339194 12.1819
67006299 0 0.01 4.00002 32.9 0.156922 0.0884178 46.8953 0.22317 0.128614 12.1819
67008194 0 0.01 4 32.9 -0.027167 0.128831 12.1345 -0.00947705 0.0478015 12.1819
67012511 0 0.01 4 32.9 0.334092 0.0467573 6.98315 0.0683474 0.00682224 12.1819
67013062 0 0.01 4.00002 32.9 -0.20452 -0.180514 43.7327 -0.269539 -0.238455 12.1819
67013869 0 0.01 4.00049 32.9 -0.33062 -0.214926 17.8798 -0.178171 -0.114907 12.1819
67015310 0 0.01 4.00002 32.9 0.150296 -0.186597 4.03905 0.0158771 -0.0233228 12.1819
67016212 0 0.01 4 32.9 0.366833 -0.134572 6.36872 0.0725549 -0.0244301 12.1819
67017425 0 0.01 4 32.9 0.143225 0.106807 132.47 0.578291 0.428949 12.1819
67018673 0 0.01 4 32.9 -0.280509 0.160359 6.34905 -0.0551915 0.0321669 12.1819
66004550 0 0.01 4 32.9 -0.44795 -0.281038 2.5234 -0.0362786 -0.0193335 12.1564
66005615 0 0.01 4 32.9 -0.142996 -0.108639 69.0186 -0.298894 -0.226181 12.1564
66008983 0 0.01 4 32.9 -0.0972142 -0.462089 2.75669 -0.00613472 -0.0395893 12.1564
66009062 0 0.01 4.00003 32.9 -0.476103 0.127843 1.786 -0.0282193 0.00694485 12.1564
66012317 0 0.01 4.00001 32.9 0.0192113 0.302998 43.14 0.0230667 0.398563 12.1564
66013403 0 0.01 4 32.9 0.41069 -0.240885 4.8846 0.0611481 -0.0314874 12.1564
66013687 0 0.01 4 32.9 0.37735 -0.493137 8.09945 0.0921321 -0.121645 12.1564
66014375 0 0.01 4 32.9 0.242215 -0.363615 17.5184 0.128235 -0.193732 12.1564
66014459 0 0.01 4 32.9 -0.447205 -0.374306 10.3926 -0.141952 -0.118191 12.1564
66015186 0 0.01 4 32.9 -0.344185 -0.48976 3.05059 -0.0307845 -0.0466559 12.1564
66017638 0 0.01 4 32.9 -0.311244 0.399921 3.65172 -0.0361208 0.0441985 12.1564
64003495 0 0.01 4.00002 32.9 -0.121774 0.470219 45.1948 -0.167729 0.64535 12.1479
64003810 0 0.01 4.00002 32.9 -0.244769 0.465173 16.6995 -0.125498 0.237659 12.1479
64005948 0 0.01 4 32.9 -0.447007 -0.418848 5.4397 -0.0729105 -0.0699548 12.1479
64007359 0 0.01 4 32.9 -0.396678 -0.230007 3.04143 -0.0356852 -0.0214163 12.1479
64007699 0 0.01 4 32.9 0.0537073 0.103972 36.804 0.0576219 0.116587 12.1479
64008977 0 0.01 4 32.9 -0.385633 -0.419777 3.15409 -0.0367731 -0.0392399 12.1479
64010262 0 0.01 4 32.9 -0.337369 -0.489232 5.63303 -0.0575533 -0.080059 12.1479
64015798 0 0.01 4 32.9 0.225136 -0.386824 5.40035 0.0365657 -0.0656316 12.1479
64016428 0 0.01 4.00002 32.9 0.407459 -0.220438 8.06864 0.100072 -0.0509305 12.1479
63003392 0 0.01 4 32.9 -0.408681 -0.0449602 26.8626 -0.334717 -0.0360356 12.1594
63003473 0 0.01 3.99998 32.9 0.137606 0.478454 44.214 0.187575 0.644382 12.1594
63005801 0 0.01 4.00001 32.9 -0.280938 -0.263428 15.7232 -0.131267 -0.125132 12.1594
63010169 0 0.01 4 32.9 -0.437049 -0.381528 45.7768 -0.608785 -0.53084 12.1594
63010350 0 0.01 4 32.9 0.224015 -0.0826922 5.96756 0.0374129 -0.0103669 12.1594
63011247 0 0.01 4 32.9 -0.336396 -0.166016 7.41571 -0.075562 -0.0382408 12.1594
63016867 0 0.01 4.00098 32.9 -0.0626214 0.214617 10.0392 -0.0178236 0.0651566 12.1594
63017549 0 0.01 4.00012 32.9 0.496651 -0.154048 31.8767 0.480765 -0.151698 12.1594
63017873 0 0.01 4 32.9 0.303971 0.496243 6.48618 0.0607802 0.0970438 12.1594
63018874 0 0.01 4 32.9 0.338046 0.131933 2.23078 0.0218731 0.00696933 12.1594
60005693 0 0.01 4.00003 32.9 0.132463 0.294495 41.1772 0.166654 0.371412 12.1763
60005953 0 0.01 4 32.9 0.268089 0.262707 3.36774 0.0270083 0.028201 12.1763
60012246 0 0.01 3.99999 32.9 -0.231717 0.0245789 45.0878 -0.318464 0.0315877 12.1763
60014506 0 0.01 3.99988 32.9 -0.0604305 -0.14396 27.4754 -0.0504239 -0.118141 12.1763
60014838 0 0.01 3.99951 32.9 0.405456 -0.465011 7.05227 0.0890736 -0.0986619 12.1763
60017291 0 0.01 4 32.9 -0.463494 -0.417284 1.80005 -0.0251571 -0.0176297 12.1763
80000176 0 0.01 4 32.9 -0.21401 0.423461 1.19517 -0.00597171 0.00972743 12.1718
80000359 0 0.01 4.00002 32.9 -0.112846 -0.353482 40.2076 -0.137542 -0.432062 12.1718
80000428 0 0.01 4.00001 32.9 -0.414062 0.483283 45.7748 -0.576847 0.67132 12.1718
80001577 0 0.01 4 32.9 -0.265194 -0.071064 3.52093 -0.0271873 -0.00429906 12.1718
80003740 0 0.01 4 32.9 0.0572928 0.297771 36.4608 0.0650888 0.331446 12.1718
80004621 0 0.01 4 32.9 -0.419952 0.497659 1.11407 -0.0123626 0.0224183 12.1718
80004838 0 0.01 4 32.9 -0.143341 0.106703 1.48837 -0.00722297 0.00536535 12.1718
80011036 0 0.01 4 32.9 -0.176764 -0.040728 3.95293 -0.0225183 -0.00719324 12.1718
80011637 0 0.01 4 32.9 0.306307 0.377023 5.53785 0.0524065 0.0652026 12.1718
80012179 0 0.01 4 32.9 0.476654 0.26797 3.7064 0.0527812 0.0324097 12.1718
80012301 0 0.01 4 32.9 -0.0242877 0.295627 3.92184 -0.00423982 0.0365221 12.1718
80015192 0 0.01 4 32.9 0.39343 0.067111 3.51951 0.0465789 0.00568742 12.1718
80016335 0 0.01 4 32.9 0.419896 -0.120054 8.95985 0.116377 -0.0336104 12.1718
95004877 0 0.01 3.99999 32.9 0.262686 0.100241 44.6918 0.35692 0.13612 12.156
95008024 0 0.01 4 32.9 -0.0842163 -0.170641 1.16383 -0.0163977 -0.0128365 12.156
95008097 0 0.01 4 32.9 -0.13231 0.399045 34.5108 -0.138988 0.417833 12.156
95009687 0 0.01 4 32.9 -0.301694 -0.41797 3.46539 -0.0350198 -0.0426507 12.156
95011282 0 0.01 4 32.9 -0.492938 0.220894 6.52453 -0.0994641 0.0437477 12.156
95011386 0 0.01 4 32.9 -0.0468141 0.0519172 47.6625 -0.0660965 0.0751711 12.156
95011422 0 0.01 4 32.9 -0.482878 -0.119013 2.91582 -0.0463405 -0.0117255 12.156
95012652 0 0.01 3.99997 32.9 0.283447 0.11408 41.3177 0.355915 0.144879 12.156
95012823 0 0.01 4 32.9 0.477816 0.242988 2.2187 0.0283321 0.0152513 12.156
95013012 0 0.01 4.00001 32.9 0.0590792 -0.0566234 51.0142 0.0926719 -0.0886625 12.156
95017931 0 0.01 4 32.9 -0.244997 0.489051 3.44633 -0.024587 0.0546006 12.156
69001035 0 0.01 4 32.9 -0.0179044 0.215275 8.72111 -0.00271533 0.0554747 12.1621
69001366 0 0.01 4.00001 32.9 -0.234077 0.346859 20.7311 -0.147589 0.218688 12.1621
69004511 0 0.01 4 32.9 0.324449 -0.445111 7.95352 0.0797673 -0.10419 12.1621
69004799 0 0.01 4 32.9 -0.479674 0.363139 4.52869 -0.0658505 0.05068 12.1621
69005794 0 0.01 3.99902 32.9 0.0194251 -0.20962 9.98386 0.00732243 -0.0659814 12.1621
69005947 0 0.01 4.00049 32.9 0.409312 0.403517 26.8783 0.33639 0.329945 12.1621
69009937 0 0.01 4 32.9 -0.17066 -0.113475 2.71748 -0.0117505 -0.00914823 12.1621
69011057 0 0.01 4.00006 32.9 0.235197 0.0506334 42.1072 0.29877 0.0662197 12.1621
69011581 0 0.01 4.00001 32.9 0.371465 0.212253 45.4993 0.51399 0.293403 12.1621
69012025 0 0.01 4 32.9 -0.12117 -0.242302 5.84714 -0.0217583 -0.0431636 12.1621
69012214 0 0.01 4 32.9 -0.32838 0.401536 1.76578 -0.0186012 0.0228722 12.1621
69014496 0 0.01 3.99998 32.9 0.454757 0.258463 13.4154 0.185432 0.105767 12.1621
69014850 0 0.01 4 32.9 0.483715 -0.0606726 14.8479 0.217179 -0.0275444 12.1621
69015409 0 0.01 3.99999 32.9 -0.173742 0.308961 12.5774 -0.0658136 0.118093 12.1621
69017359 0 0.01 4.00001 32.9 -0.156122 0.123915 42.4823 -0.201591 0.159293 12.1621
42000048 0 0.01 4 32.9 -0.352294 0.45414 1.94122 -0.0218928 0.0286484 12.1552
42003534 0 0.01 3.99998 32.9 -0.261199 0.408284 23.1492 -0.181042 0.28651 12.1552
42003809 0 0.01 4 32.9 -0.105922 0.400229 9.90259 -0.0314266 0.120795 12.1552
42003910 0 0.01 4 32.9 -0.146222 -0.360267 4.72019 -0.0188213 -0.0512699 12.1552
42005654 0 0.01 4 32.9 0.179296 -0.37009 6.01351 0.0311389 -0.0666739 12.1552
42006664 0 0.01 4 32.9 0.121118 -0.230922 3.47815 0.0105799 -0.0259835 12.1552
42010943 0 0.01 4 32.9 -0.0170907 -0.00918466 37.4605 -0.020288 -0.0126376 12.1552
42011198 0 0.01 4 32.9 -0.434293 -0.0404356 4.64651 -0.0621514 -0.00740681 12.1552
42012847 0 0.01 4 32.9 0.469641 -0.058778 5.13321 0.070739 -0.00571395 12.1552
42014512 0 0.01 4 32.9 0.379984 -0.0978835 3.00441 0.0374166 -0.00663511 12.1552
42015193 0 0.01 4.00002 32.9 -0.36287 0.0722848 40.114 -0.443701 0.0888679 12.1552
42015302 0 0.01 4 32.9 -0.0701868 -0.0811508 3.13184 -0.00973635 -0.00390536 12.1552
30010022 0 0.01 4 32.9 -0.118908 0.465621 7.83221 -0.0311582 0.111512 12.0988
30011311 0 0.01 4 32.9 -0.123628 0.0774383 16.6674 -0.0605309 0.0407957 12.0988
30015445 0 0.01 4 32.9 0.0236874 -0.457457 5.04841 0.00234202 -0.0679831 12.0988
30016793 0 0.01 4 32.9 -0.221814 0.273631 36.3729 -0.247808 0.303528 12.0988
