377 2 0.01 0.5 32.9 0.466066 0.331329 2.43032 0.0361089 0.024817 172.679
5680 2 0.01 0.5 32.9 0.134859 0.0615048 2.02866 0.00775416 0.00453005 172.679
7698 2 0.01 0.5 32.9 -0.00625333 0.130273 4.60047 0.000624125 0.0184617 172.679
9245 2 0.01 0.5 32.9 -0.138774 0.0801364 2.08161 -0.00750484 0.00501357 172.679
12753 2 0.01 0.5 32.9 0.183841 -0.0504413 3.31546 0.0173599 -0.00459843 172.679
13076 2 0.01 0.5 32.9 0.253948 0.146321 3.26974 0.0264846 0.015536 172.679
14355 2 0.01 0.5 32.9 0.0497975 0.270303 2.85228 0.00290022 0.0257563 172.679
16187 2 0.01 0.5 32.9 0.468667 -0.12328 1.13259 0.016573 -0.00460846 172.679
16849 2 0.01 0.5 32.9 -0.210825 -0.354679 1.84569 -0.013269 -0.0197014 172.679
17450 2 0.01 0.5 32.9 -0.322696 -0.083266 4.87443 -0.04871 -0.010873 172.679
20480 2 0.01 0.5 32.9 -0.0965679 -0.421824 5.45131 -0.0152111 -0.0689875 172.679
24413 2 0.01 0.5 32.9 0.39769 -0.42845 1.69718 0.0210225 -0.0215895 172.679
24778 2 0.01 0.5 32.9 0.236071 0.226188 0.320706 0.00221175 0.00722762 172.679
26573 2 0.01 0.5 32.9 -0.24151 0.487998 1.88196 -0.0154809 0.0286397 172.679
26700 2 0.01 0.5 32.9 0.057538 0.402439 1.03157 0.0024041 0.0146887 172.679
32197 2 0.01 0.5 32.9 -0.459198 -0.47765 4.71758 -0.0658529 -0.0686855 172.679
36479 2 0.01 0.5 32.9 0.0342303 -0.42535 4.19353 0.0064855 -0.0524821 172.679
44948 2 0.01 0.5 32.9 -0.2012 0.188368 3.16101 -0.0178058 0.0171542 172.679
52040 2 0.01 0.5 32.9 0.414371 -0.369753 3.57927 0.0441635 -0.0391392 172.679
52346 2 0.01 0.5 32.9 -0.107899 0.181847 3.70183 -0.0136718 0.0179573 172.679
53549 2 0.01 0.5 32.9 0.11932 0.04097 6.66885 0.0210739 0.00849929 172.679
56225 2 0.01 0.5 32.9 -0.358207 0.0512112 3.45632 -0.0365184 0.00646101 172.679
56936 2 0.01 0.5 32.9 0.341125 -0.329068 1.75209 0.0181146 -0.0160483 172.679
60821 2 0.01 0.5 32.9 -0.315429 -0.290359 2.80245 -0.0264813 -0.0242428 172.679
61950 2 0.01 0.5 32.9 -0.0770242 0.190906 1.90016 -0.00223218 0.0101333 172.679
62342 2 0.01 0.5 32.9 0.15771 0.330093 2.94665 0.0133672 0.0296961 172.679
69171 2 0.01 0.5 32.9 0.0108893 -0.0999368 2.86566 0.000797319 -0.00965541 172.679
74996 2 0.01 0.5 32.9 -0.493622 -0.110802 1.31265 -0.0195921 -0.00422168 172.679
75833 2 0.01 0.5 32.9 0.126029 0.379453 4.06044 0.0144375 0.0473204 172.679
76063 2 0.01 0.5 32.9 0.49137 0.227562 2.40409 0.0345515 0.0193981 172.679
76232 2 0.01 0.5 32.9 0.21545 -0.124009 0.921538 0.00737709 -0.00221728 172.679
80052 2 0.01 0.5 32.9 0.376673 -0.096766 5.30293 0.0597985 -0.0157538 172.679
81084 2 0.01 0.5 32.9 -0.150952 -0.13496 0.986031 -0.0056848 -0.000751767 172.679
81805 2 0.01 0.5 32.9 -0.158302 -0.0307714 7.85001 -0.0372978 -0.00673668 172.679
89078 2 0.01 0.5 32.9 0.468617 -0.412623 19.0461 0.269228 -0.239828 172.679
93516 2 0.01 0.5 32.9 0.273601 -0.100643 4.2565 0.0349339 -0.0125631 172.679
93909 2 0.01 0.5 32.9 0.0349418 0.254843 2.18317 0.00538 0.017206 172.679
95270 2 0.01 0.5 32.9 0.0734928 -0.432639 6.33266 0.0124609 -0.0822512 172.679
95527 2 0.01 0.5 32.9 0.204648 -0.125651 2.82641 0.020115 -0.00859011 172.679
96545 2 0.01 0.5 32.9 -0.423913 0.197017 1.92969 -0.0247672 0.0130377 172.679
98037 2 0.01 0.5 32.9 0.391257 -0.459769 1.29489 0.0149017 -0.0162891 172.679
105043 2 0.01 0.5 32.9 0.465228 0.361782 1.80932 0.0273799 0.0224602 172.679
105443 2 0.01 0.5 32.9 0.0088148 0.387223 0.422975 -0.0032204 0.00405591 172.679
108917 2 0.01 0.5 32.9 -0.355975 0.250476 2.31643 -0.0239348 0.0195856 172.679
110851 2 0.01 0.5 32.9 0.484998 -0.314673 2.39163 0.0314848 -0.0202194 172.679
111534 2 0.01 0.5 32.9 0.441663 -0.0497074 2.44065 0.0347921 -0.00257618 172.679
113762 2 0.01 0.5 32.9 -0.29841 -0.184101 4.1793 -0.0376257 -0.0240321 172.679
115978 2 0.01 0.5 32.9 -0.367169 -0.328963 2.38623 -0.0285266 -0.0221212 172.679
118002 2 0.01 0.5 32.9 0.428892 0.00315875 0.676748 0.00991247 0.00361173 172.679
120173 2 0.01 0.5 32.9 -0.130889 0.369087 1.69124 -0.00488379 0.0203495 172.679
122361 2 0.01 0.5 32.9 0.160262 0.00947718 4.94875 0.0243535 0.00222656 172.679
122499 2 0.01 0.5 32.9 -0.144622 0.0217664 2.85435 -0.0115609 0.000958341 172.679
123780 2 0.01 0.5 32.9 0.0783 -0.264576 5.31069 0.0112206 -0.0419269 172.679
124419 2 0.01 0.5 32.9 -0.128516 0.389192 1.16328 -0.00579003 0.0163762 172.679
128280 2 0.01 0.5 32.9 0.442825 -0.308735 6.49991 0.0884256 -0.0613162 172.679
129439 2 0.01 0.5 32.9 -0.312227 0.377572 3.33555 -0.0314818 0.041243 172.679
131207 2 0.01 0.5 32.9 -0.385436 0.468975 1.3278 -0.0174476 0.0219736 172.679
131636 2 0.01 0.5 32.9 0.0805835 -0.427836 3.16871 0.00931683 -0.0404983 172.679
133176 2 0.01 0.5 32.9 0.411049 0.28639 8.67322 0.104827 0.0765296 172.679
133568 2 0.01 0.5 32.9 -0.019833 -0.185199 3.27336 -0.00228253 -0.0185985 172.679
135008 2 0.01 0.5 32.9 -0.0969966 0.0618623 1.24063 -0.00120713 0.00336987 172.679
137519 2 0.01 0.5 32.9 0.205814 -0.363733 4.03922 0.0260708 -0.0454026 172.679
140010 2 0.01 0.5 32.9 -0.386367 -0.38714 1.16786 -0.0137802 -0.0125658 172.679
142626 2 0.01 0.5 32.9 0.0121202 0.320875 2.23862 0.000838527 0.023011 172.679
143664 2 0.01 0.5 32.9 0.0298892 0.146955 2.24047 0.00218889 0.00897533 172.679
143790 2 0.01 0.5 32.9 -0.142157 -0.401175 3.54893 -0.0131157 -0.0445993 172.679
146656 2 0.01 0.5 32.9 -0.176884 0.465972 1.94576 -0.00900559 0.0280798 172.679
148377 2 0.01 0.5 32.9 -0.219958 -0.0533576 2.51135 -0.0181115 -0.00380943 172.679
148378 2 0.01 0.5 32.9 -0.134229 -0.0928278 1.57732 -0.0055339 -0.00335713 172.679
149036 2 0.01 0.5 32.9 0.408252 0.0466377 4.96287 0.0631628 0.0075783 172.679
150246 2 0.01 0.5 32.9 -0.110739 -0.421975 1.93443 -0.0089419 -0.0230424 172.679
151558 2 0.01 0.5 32.9 -0.432687 0.317751 3.93963 -0.0525534 0.0395062 172.679
154789 2 0.01 0.5 32.9 -0.398108 -0.174675 1.58819 -0.0214579 -0.00698538 172.679
156962 2 0.01 0.5 32.9 0.278267 -0.422871 1.87182 0.0175224 -0.0252914 172.679
157773 2 0.01 0.5 32.9 -0.334188 -0.0822485 2.61399 -0.0276323 -0.00714707 172.679
157910 2 0.01 0.5 32.9 0.0379366 0.27396 2.59581 0.00331095 0.0234828 172.679
158251 2 0.01 0.5 32.9 -0.0965089 -0.224683 5.66156 -0.0194018 -0.0396333 172.679
158595 2 0.01 0.5 32.9 0.321071 0.340602 2.21035 0.0234421 0.0239699 172.679
162425 2 0.01 0.5 32.9 0.0761471 0.291518 1.08251 0.00408172 0.0112707 172.679
162598 2 0.01 0.5 32.9 0.225325 -0.371111 1.04366 0.00432002 -0.0102841 172.679
162640 2 0.01 0.5 32.9 -0.0756383 -0.486198 2.82801 -0.00653833 -0.0410709 172.679
165021 2 0.01 0.5 32.9 -0.207975 0.125718 2.83313 -0.0172429 0.0124108 172.679
167351 2 0.01 0.5 32.9 0.318362 -0.33364 1.52642 0.0135448 -0.0136989 172.679
169672 2 0.01 0.5 32.9 0.246582 0.301363 6.215 0.0449564 0.0557268 172.679
170890 2 0.01 0.5 32.9 -0.241895 -0.468077 14.8991 -0.108618 -0.211581 172.679
173910 2 0.01 0.5 32.9 -0.142683 0.23086 2.40399 -0.0103753 0.0150446 172.679
174044 2 0.01 0.5 32.9 0.120543 0.324164 2.61753 0.00943567 0.0272073 172.679
174307 2 0.01 0.5 32.9 -0.32624 -0.393482 1.06966 -0.0119004 -0.0102003 172.679
174834 2 0.01 0.5 32.9 0.386419 -0.294447 1.64377 0.0183589 -0.0138344 172.679
177637 2 0.01 0.5 32.9 0.173567 -0.35266 1.59595 0.00738724 -0.0176127 172.679
178885 2 0.01 0.5 32.9 -0.237899 -0.37898 0.204117 0.00360972 -0.00313506 172.679
179302 2 0.01 0.5 32.9 0.435294 -0.274209 2.21322 0.0309458 -0.0175707 172.679
179907 2 0.01 0.5 32.9 -0.364251 -0.342989 2.51868 -0.0276963 -0.0253902 172.679
180890 2 0.01 0.5 32.9 -0.354665 -0.302164 3.62795 -0.0384772 -0.0318218 172.679
181834 2 0.01 0.5 32.9 0.419356 0.385454 1.00341 0.0127487 0.012345 172.679
190116 2 0.01 0.5 32.9 -0.356082 -0.192571 1.97634 -0.0216785 -0.0102709 172.679
190201 2 0.01 0.5 32.9 -0.297316 0.448374 2.29273 -0.0202543 0.0328856 172.679
191115 2 0.01 0.5 32.9 -0.110391 -0.436251 2.32519 -0.00942773 -0.0298494 172.679
192624 2 0.01 0.5 32.9 0.455184 0.0937402 5.69859 0.0781231 0.0162548 172.679
192729 2 0.01 0.5 32.9 0.422906 0.362868 0.884244 0.00992356 0.0107212 172.679
192846 2 0.01 0.5 32.9 0.0411833 -0.266308 1.45089 0.000344982 -0.0111908 172.679
193006 2 0.01 0.5 32.9 0.37917 -0.290465 2.24446 0.0259045 -0.0195114 172.679
193659 2 0.01 0.5 32.9 -0.217306 0.266809 0.949956 -0.00684071 0.00953021 172.679
193909 2 0.01 0.5 32.9 0.46605 0.482005 0.695575 0.0104775 0.0129266 172.679
197580 2 0.01 0.5 32.9 -0.378104 -0.175905 3.25929 -0.037961 -0.0168565 172.679
202857 2 0.01 0.5 32.9 -0.215417 -0.257005 4.18801 -0.027338 -0.0310047 172.679
209412 2 0.01 0.5 32.9 -0.376207 0.0175155 10.9717 -0.124444 0.00607973 172.679
210694 2 0.01 0.5 32.9 0.0585428 -0.442201 3.89911 0.00697635 -0.051355 172.679
216650 2 0.01 0.5 32.9 0.342016 -0.474532 4.77026 0.0482133 -0.0692792 172.679
217881 2 0.01 0.5 32.9 0.423923 -0.151609 5.46635 0.0686403 -0.0229137 172.679
217964 2 0.01 0.5 32.9 -0.240201 0.286407 2.42712 -0.018255 0.0225151 172.679
218967 2 0.01 0.5 32.9 -0.291685 -0.303216 5.10831 -0.0448628 -0.048594 172.679
222662 2 0.01 0.5 32.9 -0.160415 -0.25918 3.30052 -0.0151448 -0.0253619 172.679
223686 2 0.01 0.5 32.9 -0.090025 -0.238096 0.656201 -0.000900424 -0.00394464 172.679
225775 2 0.01 0.5 32.9 -0.396108 -0.00936769 3.96709 -0.0477507 -0.000373029 172.679
226385 2 0.01 0.5 32.9 -0.297465 0.179942 1.11161 -0.0108368 0.00573194 172.679
231309 2 0.01 0.5 32.9 0.284509 0.185978 0.880907 0.00799501 0.0053136 172.679
233621 2 0.01 0.5 32.9 0.026132 0.0634583 2.7735 0.000323607 0.00641496 172.679
233988 2 0.01 0.5 32.9 0.380365 0.0320509 1.75064 0.0224465 0.00283837 172.679
236141 2 0.01 0.5 32.9 0.448488 -0.164999 2.50333 0.0344212 -0.0105544 172.679
237608 2 0.01 0.5 32.9 0.00424013 -0.374692 2.68335 0.00039596 -0.0292317 172.679
241173 2 0.01 0.5 32.9 -0.383414 0.310982 1.80171 -0.020297 0.0157942 172.679
243500 2 0.01 0.5 32.9 0.277189 0.2118 6.41468 0.0534089 0.0420907 172.679
249723 2 0.01 0.5 32.9 -0.31216 0.268636 1.92764 -0.0181975 0.0177716 172.679
250216 2 0.01 0.5 32.9 0.457077 0.444436 2.23488 0.0303053 0.0317923 172.679
250287 2 0.01 0.5 32.9 0.483876 -0.367601 1.05956 0.0165374 -0.0126803 172.679
250650 2 0.01 0.5 32.9 -0.402905 0.395698 1.33997 -0.0183206 0.0142591 172.679
250751 2 0.01 0.5 32.9 0.00428845 0.199971 1.15527 -0.000498875 0.00853079 172.679
251957 2 0.01 0.5 32.9 -0.156802 0.183845 2.21723 -0.00965817 0.0154916 172.679
252205 2 0.01 0.5 32.9 -0.320529 0.190355 2.50814 -0.0241665 0.0164373 172.679
252830 2 0.01 0.5 32.9 -0.234671 0.31688 3.46639 -0.0236947 0.0357956 172.679
255649 2 0.01 0.5 32.9 0.353567 0.353723 3.8293 0.0407379 0.0446192 172.679
256218 2 0.01 0.5 32.9 0.197814 0.171873 2.89475 0.0169975 0.0170643 172.679
260355 2 0.01 0.5 32.9 0.337427 0.01398 2.89082 0.0304532 0.00241776 172.679
261722 2 0.01 0.5 32.9 -0.0531957 0.346633 2.27548 -0.00428381 0.0234352 172.679
264299 2 0.01 0.5 32.9 -0.0554924 -0.125819 2.5527 -0.00574894 -0.00671597 172.679
264330 2 0.01 0.5 32.9 -0.0422068 0.206967 1.89059 -0.00119356 0.0104699 172.679
266746 2 0.01 0.5 32.9 0.307734 -0.114791 2.81992 0.0263057 -0.0103476 172.679
272471 2 0.01 0.5 32.9 0.324898 -0.202867 2.9819 0.0276921 -0.0177315 172.679
272686 2 0.01 0.5 32.9 0.068495 -0.213846 0.815209 -4.67351e-05 -0.00736697 172.679
276838 2 0.01 0.5 32.9 0.307795 -0.227662 0.762217 0.0049942 -0.0046678 172.679
281822 2 0.01 0.5 32.9 0.385592 -0.355207 2.04248 0.0220914 -0.0211438 172.679
286400 2 0.01 0.5 32.9 -0.0583485 0.0747325 1.05397 -0.00200658 0.0023619 172.679
287576 2 0.01 0.5 32.9 0.355123 -0.306647 7.3109 0.079788 -0.0666796 172.679
290737 2 0.01 0.5 32.9 0.496214 0.114227 9.27956 0.14099 0.0331378 172.679
291110 2 0.01 0.5 32.9 -0.071317 0.249629 3.04178 -0.00765805 0.021816 172.679
292276 2 0.01 0.5 32.9 0.365624 -0.0532934 4.51893 0.0505797 -0.00529901 172.679
293551 2 0.01 0.5 32.9 -0.131569 -0.202336 4.23143 -0.0172905 -0.0236994 172.679
297942 2 0.01 0.5 32.9 0.0528851 0.118254 3.65519 0.00566959 0.0158338 172.679
298102 2 0.01 0.5 32.9 0.0201758 -0.210124 1.26494 0.0021378 -0.00845168 172.679
299066 2 0.01 0.5 32.9 0.128726 -0.39067 1.71412 0.00564237 -0.0204899 172.679
299254 2 0.01 0.5 32.9 0.19691 0.266112 0.764837 0.00544046 0.00921102 172.679
301645 2 0.01 0.5 32.9 0.0237453 -0.482572 1.15925 0.00198796 -0.0158468 172.679
301831 2 0.01 0.5 32.9 -0.332978 0.0835082 5.48682 -0.0554724 0.0156277 172.679
303905 2 0.01 0.5 32.9 -0.253908 -0.429192 5.254 -0.041391 -0.0705758 172.679
305644 2 0.01 0.5 32.9 0.213414 -0.427374 2.75379 0.0156677 -0.0351944 172.679
307757 2 0.01 0.5 32.9 0.07001 -0.288167 5.87916 0.0104851 -0.0536196 172.679
310878 2 0.01 0.5 32.9 -0.1634 -0.00199378 1.02918 -0.00361724 0.000959175 172.679
312296 2 0.01 0.5 32.9 -0.138173 0.0112526 3.42012 -0.015089 0.00128087 172.679
312882 2 0.01 0.5 32.9 -0.0809065 -0.0401353 1.62523 -0.00247793 -0.000271323 172.679
313682 2 0.01 0.5 32.9 -0.225139 0.0278795 2.93104 -0.0206539 0.00389465 172.679
314839 2 0.01 0.5 32.9 0.40012 0.112976 6.34935 0.0783121 0.0244778 172.679
316360 2 0.01 0.5 32.9 -0.0958737 -0.25197 1.70009 -0.00510997 -0.0113791 172.679
317156 2 0.01 0.5 32.9 -0.361957 0.181622 3.09886 -0.0351996 0.0182225 172.679
319004 2 0.01 0.5 32.9 0.297884 0.300288 0.474478 0.002583 0.00651822 172.679
320313 2 0.01 0.5 32.9 -0.117934 0.401858 1.91196 -0.0071955 0.0247295 172.679
321274 2 0.01 0.5 32.9 -0.446452 -0.186726 1.90759 -0.0270003 -0.0109266 172.679
321438 2 0.01 0.5 32.9 0.339706 0.452535 1.69287 0.0186133 0.0228335 172.679
322492 2 0.01 0.5 32.9 -0.284314 0.460602 3.11838 -0.027985 0.0443579 172.679
323105 2 0.01 0.5 32.9 -0.126096 0.21984 10.8187 -0.0422517 0.0744752 172.679
323358 2 0.01 0.5 32.9 0.0685368 0.00244946 7.63182 0.0172338 0.000748942 172.679
324352 2 0.01 0.5 32.9 -0.347144 -0.320252 1.48447 -0.0170124 -0.014223 172.679
325351 2 0.01 0.5 32.9 -0.421787 0.30305 9.35009 -0.121666 0.0854507 172.679
327170 2 0.01 0.5 32.9 0.379858 0.160891 2.25916 0.0266868 0.0119697 172.679
327409 2 0.01 0.5 32.9 0.336348 0.304582 1.04508 0.0109071 0.00957338 172.679
328105 2 0.01 0.5 32.9 -0.201591 0.0282263 1.23001 -0.0061727 0.00407879 172.679
329333 2 0.01 0.5 32.9 0.149133 -0.0690054 0.980456 0.00496999 -0.0019375 172.679
333510 2 0.01 0.5 32.9 0.154837 0.143568 1.76785 0.0101764 0.00850831 172.679
333587 2 0.01 0.5 32.9 -0.415366 0.25968 3.98915 -0.0484972 0.0311917 172.679
335407 2 0.01 0.5 32.9 -0.36024 0.10286 3.08182 -0.033787 0.00842052 172.679
337373 2 0.01 0.5 32.9 0.498694 -0.451409 4.28859 0.0650067 -0.057206 172.679
338839 2 0.01 0.5 32.9 -0.101845 -0.411201 7.00201 -0.0208891 -0.0866903 172.679
340112 2 0.01 0.5 32.9 -0.454633 -0.422557 0.618243 -0.0092109 -0.00608668 172.679
342069 2 0.01 0.5 32.9 0.462422 -0.475964 2.15636 0.0309287 -0.0306533 172.679
343089 2 0.01 0.5 32.9 0.411582 -0.148342 4.5531 0.0575462 -0.0200566 172.679
343846 2 0.01 0.5 32.9 0.137358 -0.0399588 1.36294 0.00570071 -0.000850207 172.679
345331 2 0.01 0.5 32.9 0.179386 0.0798513 0.997938 0.00436999 0.00228117 172.679
350583 2 0.01 0.5 32.9 -0.220999 0.377069 3.78634 -0.0262844 0.0435004 172.679
351921 2 0.01 0.5 32.9 0.0609212 0.01013 4.6632 0.00844358 0.00343726 172.679
354185 2 0.01 0.5 32.9 -0.00347671 -0.456044 1.71699 4.34582e-05 -0.0225478 172.679
357431 2 0.01 0.5 32.9 -0.179198 -0.366045 15.9918 -0.0853107 -0.1771 172.679
358123 2 0.01 0.5 32.9 -0.35543 0.169778 5.51313 -0.060801 0.0298391 172.679
359617 2 0.01 0.5 32.9 -0.0626946 -0.250389 2.79321 -0.00506413 -0.0199061 172.679
362648 2 0.01 0.5 32.9 0.038661 -0.484095 2.5316 0.00277613 -0.0377186 172.679
364266 2 0.01 0.5 32.9 -0.323725 0.451852 2.96654 -0.0292987 0.0411501 172.679
365398 2 0.01 0.5 32.9 -0.12962 -0.167211 1.31845 -0.00467792 -0.00512889 172.679
370595 2 0.01 0.5 32.9 0.306425 0.0512874 2.83066 0.0254078 0.00644027 172.679
374366 2 0.01 0.5 32.9 0.267153 -0.0888388 3.50387 0.0290933 -0.00856036 172.679
374537 2 0.01 0.5 32.9 0.27741 0.192086 3.84527 0.0309302 0.0234385 172.679
374862 2 0.01 0.5 32.9 -0.0724312 -0.438442 4.09377 -0.00981405 -0.0534184 172.679
375293 2 0.01 0.5 32.9 -0.00558948 -0.449607 1.85309 -0.00299225 -0.025711 172.679
377858 2 0.01 0.5 32.9 0.208296 0.254074 2.13502 0.0103446 0.0180492 172.679
378495 2 0.01 0.5 32.9 0.164718 0.155176 2.06281 0.0104364 0.00915593 172.679
381077 2 0.01 0.5 32.9 0.024509 -0.400047 1.06627 -0.00140961 -0.01227 172.679
381313 2 0.01 0.5 32.9 -0.376664 0.270111 1.36163 -0.0168149 0.0109452 172.679
383259 2 0.01 0.5 32.9 -0.276272 -0.207 1.87952 -0.0150216 -0.0124897 172.679
384793 2 0.01 0.5 32.9 -0.465957 -0.460655 2.21077 -0.0320233 -0.0313166 172.679
386181 2 0.01 0.5 32.9 -0.0712972 0.309709 2.01004 -0.00467724 0.0185123 172.679
386403 2 0.01 0.5 32.9 0.196172 0.439151 4.10926 0.0245532 0.0557031 172.679
387003 2 0.01 0.5 32.9 0.360569 0.212613 8.74342 0.0949161 0.0593666 172.679
387245 2 0.01 0.5 32.9 0.225131 0.0216875 1.06032 0.00612429 0.00270803 172.679
387660 2 0.01 0.5 32.9 -0.269666 -0.262596 3.55895 -0.0283436 -0.0265309 172.679
388439 2 0.01 0.5 32.9 0.410471 -0.164475 8.18614 0.102238 -0.0388259 172.679
388962 2 0.01 0.5 32.9 -0.340352 -0.0507156 8.14044 -0.0854481 -0.0120753 172.679
389489 2 0.01 0.5 32.9 0.438601 -0.305989 2.62632 0.0331646 -0.0235559 172.679
392285 2 0.01 0.5 32.9 -0.257416 0.292102 0.960683 -0.00819368 0.00859443 172.679
393822 2 0.01 0.5 32.9 0.387365 -0.102747 2.17814 0.0262077 -0.0044032 172.679
395255 2 0.01 0.5 32.9 -0.319206 0.302626 1.26663 -0.014857 0.0121115 172.679
396842 2 0.01 0.5 32.9 0.183236 -0.141096 3.8988 0.022775 -0.0168862 172.679
399186 2 0.01 0.5 32.9 -0.151384 0.297591 1.42283 -0.00579886 0.015374 172.679
403430 2 0.01 0.5 32.9 -0.230388 -0.479898 2.42619 -0.0162153 -0.0354803 172.679
403675 2 0.01 0.5 32.9 0.177826 -0.223624 3.2087 0.0173118 -0.0218785 172.679
405303 2 0.01 0.5 32.9 0.243454 0.321457 2.37277 0.0184911 0.0226639 172.679
406615 2 0.01 0.5 32.9 -0.33285 0.271739 3.0238 -0.0324028 0.0235899 172.679
406713 2 0.01 0.5 32.9 0.464756 0.417565 3.89249 0.0540874 0.0518687 172.679
406999 2 0.01 0.5 32.9 -0.382766 -0.410805 2.19252 -0.0253942 -0.0272471 172.679
407159 2 0.01 0.5 32.9 -0.494574 -0.262172 3.69249 -0.055387 -0.0270243 172.679
408182 2 0.01 0.5 32.9 0.22367 -0.305315 1.04558 0.0079559 -0.010927 172.679
409270 2 0.01 0.5 32.9 0.102432 -0.457577 1.62929 0.00550651 -0.0210097 172.679
410887 2 0.01 0.5 32.9 -0.0631413 0.283477 1.71435 -0.00362022 0.014931 172.679
414274 2 0.01 0.5 32.9 -0.120426 0.348225 1.15915 -0.0026067 0.0151338 172.679
417732 2 0.01 0.5 32.9 -0.210167 0.137299 1.70784 -0.0112163 0.00797745 172.679
418607 2 0.01 0.5 32.9 0.0739869 -0.420608 2.9528 0.00577195 -0.0381703 172.679
419302 2 0.01 0.5 32.9 -0.309923 -0.127912 1.24552 -0.013633 -0.00179305 172.679
420353 2 0.01 0.5 32.9 -0.253743 0.0103437 5.88855 -0.0468892 0.00150776 172.679
420956 2 0.01 0.5 32.9 0.0477477 0.0537524 2.90177 0.00570625 0.00456118 172.679
425324 2 0.01 0.5 32.9 -0.0828925 -0.341365 3.79467 -0.0119002 -0.0382829 172.679
425523 2 0.01 0.5 32.9 0.0521642 -0.089078 6.1088 0.010935 -0.0143936 172.679
426459 2 0.01 0.5 32.9 -0.366893 0.185482 3.92494 -0.0416599 0.0218784 172.679
430185 2 0.01 0.5 32.9 -0.128366 -0.410334 3.91964 -0.0156593 -0.0481823 172.679
431952 2 0.01 0.5 32.9 0.240563 0.0145115 13.2345 0.0971032 0.00468573 172.679
436076 2 0.01 0.5 32.9 0.143081 -0.376601 3.9272 0.016121 -0.0461993 172.679
438266 2 0.01 0.5 32.9 -0.154336 -0.297622 1.04338 -0.00657186 -0.00834488 172.679
439919 2 0.01 0.5 32.9 0.0120873 0.323857 1.48168 0.00149617 0.0137601 172.679
440439 2 0.01 0.5 32.9 0.0585201 -0.200264 1.87772 0.00270654 -0.0119729 172.679
440541 2 0.01 0.5 32.9 -0.391306 0.471518 1.06328 -0.0113049 0.0154348 172.679
442718 2 0.01 0.5 32.9 -0.175304 0.202886 9.59959 -0.0507203 0.0623012 172.679
443102 2 0.01 0.5 32.9 0.325817 -0.137325 2.03466 0.0221525 -0.00816009 172.679
444255 2 0.01 0.5 32.9 0.120016 -0.370731 8.41352 0.0308099 -0.0964643 172.679
444969 2 0.01 0.5 32.9 0.417263 -0.434686 2.44516 0.0319894 -0.0306091 172.679
446876 2 0.01 0.5 32.9 0.393972 0.0443991 6.73481 0.0829392 0.00939948 172.679
447036 2 0.01 0.5 32.9 -0.342665 0.0808672 4.98922 -0.0517166 0.0145422 172.679
448220 2 0.01 0.5 32.9 0.20703 0.47862 5.9499 0.0348703 0.0906737 172.679
449305 2 0.01 0.5 32.9 0.0730269 -0.212284 3.26696 0.00710722 -0.019413 172.679
449726 2 0.01 0.5 32.9 0.275716 0.486004 0.470724 0.00278739 0.00392634 172.679
450019 2 0.01 0.5 32.9 0.0158492 0.163185 2.06973 -0.00038956 0.00988454 172.679
450076 2 0.01 0.5 32.9 -0.0367357 0.352773 4.91247 -0.00875005 0.0540874 172.679
454161 2 0.01 0.5 32.9 -0.144574 -0.197547 1.30628 -0.00384844 -0.00675252 172.679
454583 2 0.01 0.5 32.9 0.0498759 0.292655 1.26516 0.00389606 0.0115286 172.679
455190 2 0.01 0.5 32.9 0.00830292 0.450475 2.74674 -0.00134362 0.0392325 172.679
455995 2 0.01 0.5 32.9 0.292351 -0.116464 1.7818 0.0140536 -0.00609836 172.679
458883 2 0.01 0.5 32.9 0.0491516 0.269988 2.56779 0.00309137 0.0215966 172.679
462258 2 0.01 0.5 32.9 -0.216687 -0.475761 2.61392 -0.0172663 -0.0359468 172.679
463119 2 0.01 0.5 32.9 0.0742989 0.0676 0.954292 0.00358255 0.00252484 172.679
465306 2 0.01 0.5 32.9 -0.0545477 -0.292528 3.96406 -0.00793426 -0.0335064 172.679
465665 2 0.01 0.5 32.9 -0.161733 0.270207 2.20667 -0.010747 0.0192239 172.679
469119 2 0.01 0.5 32.9 -0.463805 -0.181895 3.74797 -0.0516922 -0.0201867 172.679
469733 2 0.01 0.5 32.9 0.110769 0.18034 2.83222 0.00777855 0.0169505 172.679
471338 2 0.01 0.5 32.9 0.07011 -0.444929 2.62896 0.00594236 -0.0330313 172.679
472635 2 0.01 0.5 32.9 -0.0455869 -0.0120185 1.82634 -0.00678899 0.00177775 172.679
474367 2 0.01 0.5 32.9 0.162318 0.0372659 2.21157 0.0143644 0.0024988 172.679
474676 2 0.01 0.5 32.9 -0.0793456 -0.473413 1.3794 -0.00185057 -0.0202656 172.679
474788 2 0.01 0.5 32.9 -0.050472 0.152683 4.72817 -0.0101941 0.0237073 172.679
475390 2 0.01 0.5 32.9 0.102053 -0.0208976 1.39319 0.00344244 -0.00192137 172.679
476131 2 0.01 0.5 32.9 0.0391244 0.287415 4.70623 0.00400283 0.0426787 172.679
479315 2 0.01 0.5 32.9 0.38779 0.333074 3.15135 0.0386688 0.0324967 172.679
481173 2 0.01 0.5 32.9 -0.443051 -0.423756 1.32326 -0.0195052 -0.0144306 172.679
481651 2 0.01 0.5 32.9 -0.183013 -0.438109 1.87043 -0.00955216 -0.0231562 172.679
485274 2 0.01 0.5 32.9 -0.421839 0.115965 2.25097 -0.028847 0.00886553 172.679
485864 2 0.01 0.5 32.9 -0.297901 -0.271951 5.23934 -0.0479624 -0.0429552 172.679
487188 2 0.01 0.5 32.9 -0.351648 -0.492103 0.419193 -0.00449442 -0.00653955 172.679
489237 2 0.01 0.5 32.9 -0.0802005 0.363912 3.95016 -0.0103118 0.0446876 172.679
489306 2 0.01 0.5 32.9 -0.164413 -0.334446 3.53639 -0.0151502 -0.0361365 172.679
491519 2 0.01 0.5 32.9 0.478293 0.292971 2.02265 0.0277613 0.0190971 172.679
493294 2 0.01 0.5 32.9 -0.0443321 -0.296606 9.03058 -0.0108989 -0.0805849 172.679
495641 2 0.01 0.5 32.9 0.326883 0.306693 1.10212 0.0106692 0.0113083 172.679
499921 2 0.01 0.5 32.9 0.0561231 0.202505 4.18144 0.00616885 0.0258195 172.679
