1709 14 0.01 0.7 32.9 -0.334965 0.414345 0.495093 -0.00473203 0.00949615 30.4553
2101 14 0.01 0.7 32.9 -0.110583 -0.327394 1.17264 -0.00479913 -0.01115 30.4553
3270 14 0.01 0.7 32.9 -0.254252 0.206154 2.19011 -0.0154244 0.0155703 30.4553
5932 14 0.01 0.7 32.9 -0.0351443 -0.430962 8.18458 -0.0109167 -0.109213 30.4553
6073 14 0.01 0.7 32.9 0.298845 0.11977 5.18182 0.0457194 0.0214503 30.4553
6243 14 0.01 0.7 32.9 -0.0807008 0.0192508 10.0301 -0.0237741 0.0044502 30.4553
7296 14 0.01 0.7 32.9 -0.00637605 0.192831 8.25691 -0.000740492 0.0491462 30.4553
9127 14 0.01 0.7 32.9 -0.329519 0.345217 7.15112 -0.0725303 0.0778706 30.4553
9209 14 0.01 0.7 32.9 -0.0112648 -0.22746 9.94514 -0.00385168 -0.0682099 30.4553
10400 14 0.01 0.7 32.9 -0.0536955 0.223616 3.66246 -0.00728353 0.0264351 30.4553
11787 14 0.01 0.7 32.9 0.0383914 -0.00451477 3.50515 0.00363229 0.00119356 30.4553
12233 14 0.01 0.7 32.9 -0.371504 -0.40527 5.1655 -0.0595114 -0.0601552 30.4553
13722 14 0.01 0.7 32.9 0.0137943 -0.467156 8.09545 0.00453749 -0.115134 30.4553
14005 14 0.01 0.7 32.9 -0.32488 -0.337807 4.00844 -0.04189 -0.0392189 30.4553
15861 14 0.01 0.7 32.9 -0.329019 -0.297688 12.4978 -0.125976 -0.112786 30.4553
18234 14 0.01 0.7 32.9 -0.350173 0.48086 2.55436 -0.0276591 0.0391666 30.4553
20024 14 0.01 0.7 32.9 0.140248 0.0916278 5.71209 0.0253234 0.0171564 30.4553
20873 14 0.01 0.7 32.9 0.0416817 -0.040904 1.23324 -0.000314916 0.00159588 30.4553
22460 14 0.01 0.7 32.9 0.463041 -0.0992351 4.99791 0.0728116 -0.0135746 30.4553
23054 14 0.01 0.7 32.9 -0.412001 0.223013 3.41745 -0.0432452 0.024335 30.4553
28632 14 0.01 0.7 32.9 -0.32619 -0.400543 5.01698 -0.0491844 -0.0586068 30.4553
29568 14 0.01 0.7 32.9 0.398738 -0.426843 6.25806 0.0754378 -0.0811295 30.4553
32058 14 0.01 0.7 32.9 0.388448 -0.27738 4.14935 0.0480921 -0.0354885 30.4553
32489 14 0.01 0.7 32.9 -0.474376 -0.16748 9.07801 -0.131014 -0.0455988 30.4553
33863 14 0.01 0.7 32.9 0.0495747 0.114824 8.17022 0.0108844 0.0298465 30.4553
33915 14 0.01 0.7 32.9 0.0945544 0.0269761 3.13873 0.00970315 0.00301733 30.4553
36024 14 0.01 0.7 32.9 0.495848 -0.39786 2.65456 0.0405761 -0.0301084 30.4553
41665 14 0.01 0.7 32.9 0.0490428 -0.469684 3.06106 0.00334161 -0.0436411 30.4553
44275 14 0.01 0.7 32.9 0.449311 -0.444119 6.59094 0.0917524 -0.0873376 30.4553
46942 14 0.01 0.7 32.9 -0.499008 -0.0956038 3.18369 -0.0467931 -0.01263 30.4553
47290 14 0.01 0.7 32.9 -0.38451 -0.0740111 15.0417 -0.175772 -0.0342078 30.4553
47371 14 0.01 0.7 32.9 -0.244086 0.163604 6.98908 -0.0541897 0.0345254 30.4553
49099 14 0.01 0.7 32.9 0.226494 0.487912 2.37657 0.0165775 0.0350939 30.4553
50637 14 0.01 0.7 32.9 -0.301389 -0.36237 6.99798 -0.0671767 -0.0752473 30.4553
51431 14 0.01 0.7 32.9 0.0110542 0.263049 5.95982 0.00279368 0.0485415 30.4553
51770 14 0.01 0.7 32.9 -0.229657 -0.428874 9.60447 -0.0684599 -0.12427 30.4553
52828 14 0.01 0.7 32.9 -0.00315906 -0.346057 5.41502 -0.000942779 -0.0562704 30.4553
53205 14 0.01 0.7 32.9 0.360832 -0.0891139 9.86411 0.108372 -0.024123 30.4553
54838 14 0.01 0.7 32.9 0.23613 -0.351086 4.46861 0.0308312 -0.0475015 30.4553
56291 14 0.01 0.7 32.9 -0.264049 -0.209402 2.22693 -0.0193432 -0.0141092 30.4553
56875 14 0.01 0.7 32.9 -0.323178 -0.273087 5.57731 -0.0538574 -0.0452022 30.4553
58204 14 0.01 0.7 32.9 -0.256923 -0.0939601 5.53391 -0.0461379 -0.016434 30.4553
60319 14 0.01 0.7 32.9 0.312243 0.0193316 3.5351 0.0337284 0.00252347 30.4553
62659 14 0.01 0.7 32.9 -0.0894206 0.287636 4.41025 -0.0127499 0.0385165 30.4553
62931 14 0.01 0.7 32.9 0.0968968 -0.417284 6.97159 0.0216837 -0.0870194 30.4553
63807 14 0.01 0.7 32.9 -0.231056 -0.0459186 8.84334 -0.0606162 -0.0126692 30.4553
65086 14 0.01 0.7 32.9 -0.428081 -0.4394 7.17283 -0.091612 -0.0947722 30.4553
65603 14 0.01 0.7 32.9 -0.197109 0.372146 6.23139 -0.0379983 0.0687503 30.4553
73064 14 0.01 0.7 32.9 0.0573108 0.477457 3.46165 0.00459047 0.0509477 30.4553
75842 14 0.01 0.7 32.9 -0.213669 0.26848 4.44052 -0.0294375 0.0371748 30.4553
77065 14 0.01 0.7 32.9 0.126924 -0.100183 5.31508 0.019792 -0.0133198 30.4553
80154 14 0.01 0.7 32.9 -0.383346 0.440414 5.64585 -0.068266 0.0791949 30.4553
82302 14 0.01 0.7 32.9 -0.0726812 -0.474632 11.7763 -0.0302389 -0.167675 30.4553
83855 14 0.01 0.7 32.9 0.0630679 -0.147543 7.74169 0.0139245 -0.0331843 30.4553
84339 14 0.01 0.7 32.9 0.243307 -0.192186 7.70162 0.0574576 -0.0468492 30.4553
85816 14 0.01 0.7 32.9 -0.403444 -0.239132 3.72215 -0.0428291 -0.025997 30.4553
86735 14 0.01 0.7 32.9 0.331131 -0.290072 4.67668 0.0445275 -0.0397718 30.4553
87072 14 0.01 0.7 32.9 0.236292 0.273443 9.72315 0.0684812 0.0785152 30.4553
88103 14 0.01 0.7 32.9 0.292702 -0.235169 8.4402 0.0760739 -0.0600725 30.4553
88596 14 0.01 0.7 32.9 0.311657 -0.226484 2.9156 0.0284598 -0.0185614 30.4553
89846 14 0.01 0.7 32.9 0.0933806 0.357681 5.54064 0.0166885 0.0617208 30.4553
90647 14 0.01 0.7 32.9 -0.266129 -0.281266 6.07452 -0.0463552 -0.0502876 30.4553
95722 14 0.01 0.7 32.9 -0.0844523 0.349286 3.33085 -0.00843504 0.0363481 30.4553
95924 14 0.01 0.7 32.9 0.253146 0.450884 10.2709 0.0803204 0.139265 30.4553
97650 14 0.01 0.7 32.9 0.0840435 -0.337469 3.80832 0.0096016 -0.0383905 30.4553
102527 14 0.01 0.7 32.9 -0.137751 0.118152 5.1096 -0.0225479 0.0201769 30.4553
104256 14 0.01 0.7 32.9 0.28214 0.257202 8.59624 0.0733497 0.0674103 30.4553
104848 14 0.01 0.7 32.9 -0.214991 -0.00987144 2.64144 -0.0152286 -0.000745529 30.4553
105871 14 0.01 0.7 32.9 0.379956 0.437182 4.05838 0.0482009 0.056594 30.4553
107402 14 0.01 0.7 32.9 0.347707 0.262371 9.80071 0.101428 0.0778032 30.4553
107588 14 0.01 0.7 32.9 0.440583 -0.360156 5.85562 0.0794181 -0.0650697 30.4553
107686 14 0.01 0.7 32.9 0.319319 -0.162454 11.6663 0.113488 -0.0568889 30.4553
109507 14 0.01 0.7 32.9 0.325116 0.054368 0.60951 0.00723806 -0.000131346 30.4553
111216 14 0.01 0.7 32.9 -0.360458 -0.0100236 20.4734 -0.224764 -0.00488422 30.4553
114438 14 0.01 0.7 32.9 -0.466051 0.346217 6.00107 -0.0857835 0.063663 30.4553
114533 14 0.01 0.7 32.9 -0.0458244 -0.472802 5.67504 -0.00971134 -0.0795271 30.4553
116821 14 0.01 0.7 32.9 -0.47959 0.27204 14.381 -0.211988 0.117561 30.4553
118331 14 0.01 0.7 32.9 0.0521423 -0.0660569 5.68054 0.00717124 -0.012627 30.4553
119576 14 0.01 0.7 32.9 -0.197725 0.482436 4.74286 -0.0304431 0.0706228 30.4553
122189 14 0.01 0.7 32.9 -0.150519 -0.100384 6.53643 -0.0293281 -0.0209163 30.4553
123640 14 0.01 0.7 32.9 -0.10327 0.484057 6.72302 -0.0203911 0.0997164 30.4553
123965 14 0.01 0.7 32.9 0.313038 -0.0842086 12.7654 0.12175 -0.0318959 30.4553
124595 14 0.01 0.7 32.9 0.130501 -0.353708 5.90412 0.0244961 -0.0616115 30.4553
124880 14 0.01 0.7 32.9 0.0962411 0.415014 3.09399 0.0119155 0.0402397 30.4553
126733 14 0.01 0.7 32.9 0.460286 0.364158 6.47268 0.0900642 0.0714008 30.4553
132750 14 0.01 0.7 32.9 -0.0648729 0.00475911 10.7365 -0.0187746 0.00109434 30.4553
134908 14 0.01 0.7 32.9 -0.240839 0.349984 2.3283 -0.0175037 0.0222751 30.4553
134932 14 0.01 0.7 32.9 -0.129968 -0.0487511 8.65271 -0.0346509 -0.0139977 30.4553
135166 14 0.01 0.7 32.9 0.365107 0.452175 9.85501 0.109744 0.138153 30.4553
135688 14 0.01 0.7 32.9 -0.0150378 -0.176835 4.87843 -0.00165085 -0.0270352 30.4553
136171 14 0.01 0.7 32.9 -0.0529579 -0.204063 3.872 -0.00584141 -0.0198367 30.4553
137278 14 0.01 0.7 32.9 0.477085 0.297687 4.32608 0.0617231 0.0404013 30.4553
137500 14 0.01 0.7 32.9 -0.255537 -0.397931 3.31787 -0.0283568 -0.0416887 30.4553
146152 14 0.01 0.7 32.9 -0.18814 0.011166 15.5309 -0.089487 0.00803745 30.4553
146265 14 0.01 0.7 32.9 -0.357681 -0.349583 6.82478 -0.0746149 -0.0711217 30.4553
150260 14 0.01 0.7 32.9 -0.420298 -0.199447 6.05327 -0.0784613 -0.0346484 30.4553
150644 14 0.01 0.7 32.9 -0.417556 -0.490574 6.63026 -0.0865616 -0.0992537 30.4553
151219 14 0.01 0.7 32.9 -0.24537 -0.248065 9.8375 -0.0739358 -0.0755116 30.4553
154882 14 0.01 0.7 32.9 0.218995 0.275653 9.23128 0.0601907 0.0803776 30.4553
156274 14 0.01 0.7 32.9 0.0686797 0.440769 3.01444 0.00664069 0.0408837 30.4553
157654 14 0.01 0.7 32.9 0.412154 -0.000863293 5.55531 0.0663276 0.000361018 30.4553
158079 14 0.01 0.7 32.9 0.276373 -0.0689403 4.87195 0.040693 -0.0110731 30.4553
160420 14 0.01 0.7 32.9 0.399898 0.37008 10.0178 0.122065 0.114528 30.4553
160844 14 0.01 0.7 32.9 -0.239151 0.0314425 3.19412 -0.0253316 0.00373195 30.4553
160898 14 0.01 0.7 32.9 -0.138791 -0.0718546 4.1086 -0.0173513 -0.010079 30.4553
163068 14 0.01 0.7 32.9 -0.338241 -0.0488496 8.23582 -0.0848739 -0.0128224 30.4553
165759 14 0.01 0.7 32.9 0.414654 -0.406388 6.02451 0.0775415 -0.0751606 30.4553
167727 14 0.01 0.7 32.9 -0.277555 -0.104522 8.52714 -0.0704693 -0.0271192 30.4553
168499 14 0.01 0.7 32.9 -0.441953 0.375292 7.72113 -0.103791 0.0901721 30.4553
168667 14 0.01 0.7 32.9 0.152073 -0.388618 4.62828 0.020862 -0.0550621 30.4553
171520 14 0.01 0.7 32.9 0.279546 0.313993 10.8959 0.0911411 0.107143 30.4553
172880 14 0.01 0.7 32.9 -0.375166 0.0432367 5.1889 -0.0619657 0.00655206 30.4553
173707 14 0.01 0.7 32.9 0.271746 0.0888378 11.4924 0.0957799 0.0317169 30.4553
175020 14 0.01 0.7 32.9 -0.312727 -0.359751 5.98504 -0.0572808 -0.0648766 30.4553
175126 14 0.01 0.7 32.9 -0.36883 -0.309178 8.46573 -0.0923792 -0.0784075 30.4553
177549 14 0.01 0.7 32.9 0.361207 0.302919 7.35021 0.0781895 0.0684619 30.4553
177968 14 0.01 0.7 32.9 0.12228 0.0675919 9.40769 0.0350444 0.0212163 30.4553
178228 14 0.01 0.7 32.9 -0.232554 -0.161152 5.59665 -0.0431282 -0.0268021 30.4553
178567 14 0.01 0.7 32.9 -0.378145 -0.0784326 2.8685 -0.033902 -0.00856233 30.4553
179196 14 0.01 0.7 32.9 0.147399 -0.0951924 1.21132 0.0042346 -0.00187074 30.4553
181428 14 0.01 0.7 32.9 0.402982 0.358532 3.00517 0.038807 0.0314569 30.4553
181816 14 0.01 0.7 32.9 -0.259524 -0.316467 5.80024 -0.0448487 -0.0537654 30.4553
182443 14 0.01 0.7 32.9 0.0496334 0.16039 5.20533 0.00771389 0.0265225 30.4553
184140 14 0.01 0.7 32.9 -0.374067 0.470428 10.5345 -0.119815 0.152095 30.4553
185024 14 0.01 0.7 32.9 0.35446 0.437883 5.06719 0.053566 0.0664107 30.4553
187035 14 0.01 0.7 32.9 0.26472 -0.392159 7.49877 0.0588839 -0.0888807 30.4553
187479 14 0.01 0.7 32.9 0.00657989 0.305971 6.22568 -0.00199983 0.0618169 30.4553
190339 14 0.01 0.7 32.9 0.245323 0.267746 3.84587 0.0292525 0.0310227 30.4553
191079 14 0.01 0.7 32.9 -0.23193 0.221062 7.04837 -0.0485248 0.0474688 30.4553
191344 14 0.01 0.7 32.9 0.4203 -0.312659 3.11821 0.038416 -0.0287103 30.4553
195797 14 0.01 0.7 32.9 -0.232621 0.24782 7.07106 -0.0474106 0.0534331 30.4553
198489 14 0.01 0.7 32.9 -0.475082 -0.14286 6.1536 -0.0858713 -0.025138 30.4553
198676 14 0.01 0.7 32.9 -0.125233 0.128964 15.8918 -0.0580006 0.0636486 30.4553
198762 14 0.01 0.7 32.9 -0.187945 0.00999407 1.66048 -0.00788694 0.00221883 30.4553
198833 14 0.01 0.7 32.9 0.0696016 0.230622 3.37907 0.00679023 0.0260733 30.4553
199856 14 0.01 0.7 32.9 -0.0124305 0.403948 7.95302 -0.00281598 0.0972501 30.4553
207511 14 0.01 0.7 32.9 -0.176357 0.426159 5.53461 -0.0295324 0.0755045 30.4553
210243 14 0.01 0.7 32.9 -0.425442 0.412867 5.66533 -0.0715023 0.071856 30.4553
210364 14 0.01 0.7 32.9 -0.216408 -0.351333 5.08308 -0.0314334 -0.0512528 30.4553
217380 14 0.01 0.7 32.9 -0.347317 0.110385 11.1694 -0.116826 0.0374952 30.4553
219006 14 0.01 0.7 32.9 0.385244 -0.3192 3.53169 0.043996 -0.0348175 30.4553
219337 14 0.01 0.7 32.9 -0.405979 -0.151231 4.04364 -0.0492867 -0.0163759 30.4553
219419 14 0.01 0.7 32.9 0.0304334 0.13629 3.74481 0.00330446 0.0136144 30.4553
220080 14 0.01 0.7 32.9 -0.14012 -0.242353 4.46529 -0.019742 -0.0339206 30.4553
221564 14 0.01 0.7 32.9 -0.223924 -0.376072 2.69829 -0.0157144 -0.0292347 30.4553
221701 14 0.01 0.7 32.9 -0.0541483 -0.0408402 1.51848 -0.00124598 -0.00123409 30.4553
222598 14 0.01 0.7 32.9 0.0224047 -0.421372 5.36578 0.00453475 -0.068467 30.4553
223993 14 0.01 0.7 32.9 0.186516 0.0265968 3.5013 0.0210607 0.00108923 30.4553
225581 14 0.01 0.7 32.9 0.244602 -0.025926 11.1026 0.0814335 -0.00639341 30.4553
226118 14 0.01 0.7 32.9 0.423352 0.308199 2.93558 0.0394865 0.0278315 30.4553
229496 14 0.01 0.7 32.9 0.443193 -0.198757 2.12373 0.0294668 -0.0139232 30.4553
232041 14 0.01 0.7 32.9 0.168917 -0.49979 17.8471 0.0917581 -0.271653 30.4553
233317 14 0.01 0.7 32.9 0.16336 -0.0120505 6.0315 0.0309478 -0.00179607 30.4553
238366 14 0.01 0.7 32.9 -0.169405 0.0409907 1.99589 -0.0111739 0.00135698 30.4553
239980 14 0.01 0.7 32.9 -0.237292 0.167064 4.46008 -0.0325184 0.0220978 30.4553
245170 14 0.01 0.7 32.9 -0.316521 -0.272598 5.34849 -0.0501548 -0.0467418 30.4553
245668 14 0.01 0.7 32.9 0.348908 0.215563 4.45249 0.0467293 0.0276992 30.4553
247494 14 0.01 0.7 32.9 0.082019 -0.26488 1.28597 0.00370349 -0.00914193 30.4553
247808 14 0.01 0.7 32.9 -0.260354 -0.0503233 6.16658 -0.0483479 -0.00780995 30.4553
249207 14 0.01 0.7 32.9 0.0448778 0.428407 4.0074 0.00658477 0.0529954 30.4553
251388 14 0.01 0.7 32.9 0.371667 0.0198771 2.90282 0.0325269 0.00228785 30.4553
254094 14 0.01 0.7 32.9 -0.0748867 0.401615 9.92506 -0.0239652 0.123825 30.4553
254960 14 0.01 0.7 32.9 -0.14284 0.454517 2.66176 -0.0119327 0.0395552 30.4553
256346 14 0.01 0.7 32.9 -0.189612 0.260054 5.30405 -0.0299477 0.0402668 30.4553
257450 14 0.01 0.7 32.9 0.263914 -0.0761507 6.47472 0.0492527 -0.0127947 30.4553
259153 14 0.01 0.7 32.9 -0.468613 0.490582 7.6351 -0.110844 0.113518 30.4553
260060 14 0.01 0.7 32.9 -0.42543 -0.281681 9.02233 -0.119171 -0.0774558 30.4553
262060 14 0.01 0.7 32.9 0.189977 -0.128424 11.4123 0.0664896 -0.0453753 30.4553
265259 14 0.01 0.7 32.9 -0.0131591 -0.300246 3.08404 -0.00166174 -0.0238761 30.4553
270156 14 0.01 0.7 32.9 -0.333117 -0.318828 5.91566 -0.0623304 -0.0583351 30.4553
271146 14 0.01 0.7 32.9 0.438404 0.302547 4.46107 0.0589698 0.0428114 30.4553
271387 14 0.01 0.7 32.9 0.137185 -0.0197738 4.32409 0.0193057 -0.00324672 30.4553
271672 14 0.01 0.7 32.9 -0.0100703 -0.369971 6.99871 -2.61504e-05 -0.0771703 30.4553
272146 14 0.01 0.7 32.9 0.480791 0.256261 5.104 0.0734792 0.041878 30.4553
272886 14 0.01 0.7 32.9 0.115259 0.0132179 4.72206 0.0167438 0.00380147 30.4553
273083 14 0.01 0.7 32.9 -0.0259641 0.219485 1.47507 -0.000507779 0.0128905 30.4553
273115 14 0.01 0.7 32.9 0.038835 0.409911 6.8218 0.00766818 0.0839134 30.4553
274282 14 0.01 0.7 32.9 -0.0164749 0.40666 3.11286 9.73543e-05 0.0399785 30.4553
274599 14 0.01 0.7 32.9 -0.398827 -0.317562 3.96448 -0.045667 -0.0353666 30.4553
278724 14 0.01 0.7 32.9 0.126763 -0.241565 3.84943 0.0134152 -0.0254016 30.4553
279021 14 0.01 0.7 32.9 0.0312199 -0.157981 5.01158 0.00372058 -0.0234349 30.4553
281073 14 0.01 0.7 32.9 0.149256 -0.3315 3.32022 0.0162648 -0.03413 30.4553
281538 14 0.01 0.7 32.9 0.318676 0.243511 8.7296 0.0843205 0.0639069 30.4553
286280 14 0.01 0.7 32.9 -0.158136 -0.0196543 5.14691 -0.0246489 -0.000170378 30.4553
286834 14 0.01 0.7 32.9 0.488998 -0.309619 7.14506 0.105759 -0.0663828 30.4553
287567 14 0.01 0.7 32.9 -0.126416 -0.335733 10.1666 -0.0384647 -0.107155 30.4553
288922 14 0.01 0.7 32.9 0.296051 0.418606 3.95979 0.0351921 0.0543169 30.4553
291693 14 0.01 0.7 32.9 0.0834311 -0.461126 6.09577 0.0154194 -0.0840452 30.4553
291981 14 0.01 0.7 32.9 0.330236 0.273634 3.21919 0.0325702 0.0280317 30.4553
295695 14 0.01 0.7 32.9 0.387457 0.362961 4.37746 0.052826 0.0487883 30.4553
299439 14 0.01 0.7 32.9 -0.105382 0.110486 7.76072 -0.0254503 0.0248972 30.4553
304497 14 0.01 0.7 32.9 -0.179201 0.235727 8.59344 -0.0483256 0.0621421 30.4553
305057 14 0.01 0.7 32.9 0.406259 0.0436882 8.51406 0.103497 0.00854548 30.4553
306102 14 0.01 0.7 32.9 0.28189 -0.0728871 5.77481 0.0484012 -0.0101516 30.4553
308372 14 0.01 0.7 32.9 0.476532 -0.424255 6.69973 0.0961178 -0.085242 30.4553
311216 14 0.01 0.7 32.9 -0.330996 0.146323 3.70739 -0.0362209 0.0177893 30.4553
311369 14 0.01 0.7 32.9 0.0619759 0.344906 5.50428 0.0090093 0.0610979 30.4553
311883 14 0.01 0.7 32.9 0.0135296 0.433865 4.9374 0.00221224 0.0648394 30.4553
312072 14 0.01 0.7 32.9 -0.0169858 0.289383 2.54799 -0.000935069 0.0205752 30.4553
312863 14 0.01 0.7 32.9 0.0882577 -0.466179 4.70091 0.0146371 -0.0679404 30.4553
315018 14 0.01 0.7 32.9 0.231416 -0.383704 8.17903 0.0562941 -0.0926102 30.4553
315542 14 0.01 0.7 32.9 -0.325686 -0.145274 34.4202 -0.33999 -0.151708 30.4553
317600 14 0.01 0.7 32.9 0.205527 0.163532 11.9116 0.0743793 0.0609138 30.4553
319876 14 0.01 0.7 32.9 0.299543 0.452515 8.08259 0.0733719 0.110123 30.4553
324407 14 0.01 0.7 32.9 -0.0891595 -0.121833 6.18323 -0.0159892 -0.0217923 30.4553
325230 14 0.01 0.7 32.9 0.241242 -0.159905 1.36881 0.0124047 -0.00784092 30.4553
327808 14 0.01 0.7 32.9 -0.418698 -0.0571239 3.6297 -0.0461615 -0.00692935 30.4553
329315 14 0.01 0.7 32.9 0.427684 -0.419718 5.22727 0.0690038 -0.065509 30.4553
330579 14 0.01 0.7 32.9 -0.183622 0.234786 8.49668 -0.0482431 0.0625564 30.4553
337586 14 0.01 0.7 32.9 0.0945668 0.219894 5.99702 0.0169463 0.0381467 30.4553
339064 14 0.01 0.7 32.9 -0.0547029 0.322134 8.39727 -0.0119596 0.0815368 30.4553
339537 14 0.01 0.7 32.9 -0.282962 -0.268374 3.5947 -0.0330534 -0.0281588 30.4553
345962 14 0.01 0.7 32.9 -0.0709365 -0.0606421 3.48971 -0.00889629 -0.0030015 30.4553
346689 14 0.01 0.7 32.9 0.39756 0.275313 6.51513 0.0800609 0.0548493 30.4553
347103 14 0.01 0.7 32.9 -0.0718184 0.461787 3.30333 -0.00776422 0.0496202 30.4553
349403 14 0.01 0.7 32.9 0.0931559 -0.40869 13.3279 0.0370735 -0.166983 30.4553
349429 14 0.01 0.7 32.9 0.035672 -0.0304799 6.17972 0.00499552 -0.00316051 30.4553
352901 14 0.01 0.7 32.9 -0.197696 0.434741 4.48285 -0.0278457 0.0598281 30.4553
353214 14 0.01 0.7 32.9 0.434984 -0.163265 4.58633 0.0617785 -0.0222952 30.4553
353697 14 0.01 0.7 32.9 -0.11125 -0.344647 8.05345 -0.0290843 -0.0808125 30.4553
355163 14 0.01 0.7 32.9 0.231879 0.440209 7.84325 0.0540986 0.10662 30.4553
355900 14 0.01 0.7 32.9 0.0685046 -0.331591 8.22477 0.0159076 -0.0843747 30.4553
358430 14 0.01 0.7 32.9 -0.128542 -0.1227 2.21656 -0.00982396 -0.00817011 30.4553
358968 14 0.01 0.7 32.9 -0.182545 -0.293292 4.212 -0.022417 -0.0386659 30.4553
359082 14 0.01 0.7 32.9 0.0900575 0.248199 4.40338 0.0117779 0.0343451 30.4553
360437 14 0.01 0.7 32.9 0.252737 0.197101 2.40725 0.0172692 0.0127135 30.4553
362337 14 0.01 0.7 32.9 0.177776 -0.308161 3.66255 0.0221861 -0.0328147 30.4553
363750 14 0.01 0.7 32.9 0.0490344 0.474473 2.53771 0.00530628 0.0374571 30.4553
366835 14 0.01 0.7 32.9 -0.315071 0.171471 4.89541 -0.0433753 0.0268942 30.4553
368433 14 0.01 0.7 32.9 -0.0120719 0.466955 7.46768 -0.00205087 0.106789 30.4553
373267 14 0.01 0.7 32.9 0.00461351 -0.467406 3.5778 0.00163402 -0.0515528 30.4553
376615 14 0.01 0.7 32.9 -0.49902 0.174727 9.48411 -0.14471 0.0511426 30.4553
377202 14 0.01 0.7 32.9 0.0638769 0.194017 7.37071 0.0140913 0.0444008 30.4553
384847 14 0.01 0.7 32.9 -0.258374 -0.199313 3.13077 -0.0263876 -0.0192364 30.4553
385880 14 0.01 0.7 32.9 -0.241648 -0.394981 2.48825 -0.020734 -0.0305714 30.4553
386159 14 0.01 0.7 32.9 -0.269612 0.491395 6.88165 -0.0584352 0.103632 30.4553
386980 14 0.01 0.7 32.9 0.44449 0.467295 16.1092 0.219255 0.230208 30.4553
388683 14 0.01 0.7 32.9 -0.275539 0.1972 4.72077 -0.0414016 0.0299362 30.4553
390073 14 0.01 0.7 32.9 0.048237 0.118714 10.2668 0.015917 0.0376276 30.4553
392433 14 0.01 0.7 32.9 0.00746023 0.351743 7.37999 0.00158069 0.0782661 30.4553
392806 14 0.01 0.7 32.9 -0.420603 0.498994 4.60576 -0.0600144 0.0691147 30.4553
393853 14 0.01 0.7 32.9 -0.37848 -0.29731 5.38181 -0.0628239 -0.0469576 30.4553
394563 14 0.01 0.7 32.9 0.000523712 0.262016 6.38036 0.000723636 0.0518347 30.4553
394951 14 0.01 0.7 32.9 0.0997722 0.189857 4.38311 0.0142379 0.0247194 30.4553
396116 14 0.01 0.7 32.9 0.495602 0.342004 3.49762 0.0534911 0.0364262 30.4553
396959 14 0.01 0.7 32.9 0.430409 -0.111669 10.8418 0.142346 -0.0369221 30.4553
399073 14 0.01 0.7 32.9 0.0248873 -0.0168478 8.75439 0.0063208 -0.00479928 30.4553
399236 14 0.01 0.7 32.9 -0.0415228 -0.0846804 2.0382 -0.00361229 -0.00335586 30.4553
399338 14 0.01 0.7 32.9 0.124083 0.058302 5.82602 0.0216149 0.0088005 30.4553
400370 14 0.01 0.7 32.9 0.472885 0.0867216 9.72723 0.139499 0.0248155 30.4553
403439 14 0.01 0.7 32.9 0.189223 -0.214036 4.68971 0.024834 -0.0294396 30.4553
403887 14 0.01 0.7 32.9 0.414265 -0.0427907 5.11773 0.0627587 -0.00961196 30.4553
406062 14 0.01 0.7 32.9 0.423006 -0.0203186 8.39411 0.107871 -0.00536958 30.4553
408272 14 0.01 0.7 32.9 -0.281345 -0.441196 1.94479 -0.0156537 -0.0289358 30.4553
411515 14 0.01 0.7 32.9 0.272686 -0.475034 7.19232 0.0600129 -0.104397 30.4553
411831 14 0.01 0.7 32.9 0.486151 0.068961 2.11691 0.0323325 0.0047146 30.4553
419231 14 0.01 0.7 32.9 -0.293596 -0.272886 4.46768 -0.0392137 -0.0369785 30.4553
421282 14 0.01 0.7 32.9 -0.202833 0.310673 7.20219 -0.042949 0.0685391 30.4553
423696 14 0.01 0.7 32.9 -0.0751118 -0.304879 3.01684 -0.00555131 -0.0287069 30.4553
424045 14 0.01 0.7 32.9 0.237834 -0.267567 5.46647 0.0401549 -0.0427919 30.4553
424487 14 0.01 0.7 32.9 0.198782 -0.138676 6.32772 0.0387548 -0.0269286 30.4553
425539 14 0.01 0.7 32.9 -0.163564 0.0819443 4.33573 -0.0217415 0.0103467 30.4553
426230 14 0.01 0.7 32.9 0.494334 0.32589 0.818279 0.0102538 0.00859094 30.4553
426268 14 0.01 0.7 32.9 -0.413607 -0.490386 3.66876 -0.0480502 -0.0523978 30.4553
427962 14 0.01 0.7 32.9 -0.153491 0.191961 6.32019 -0.0290285 0.0394415 30.4553
429148 14 0.01 0.7 32.9 -0.120851 -0.237447 2.18359 -0.00783746 -0.015219 30.4553
429563 14 0.01 0.7 32.9 -0.334514 -0.461796 7.32163 -0.0730247 -0.101256 30.4553
430009 14 0.01 0.7 32.9 0.263354 0.167361 17.0219 0.135243 0.085974 30.4553
431298 14 0.01 0.7 32.9 -0.0395455 0.345594 5.12471 -0.00469755 0.0549815 30.4553
432622 14 0.01 0.7 32.9 0.375155 -0.0453225 6.69545 0.0781173 -0.0097229 30.4553
438514 14 0.01 0.7 32.9 0.390276 -0.140562 4.85967 0.0592943 -0.0208158 30.4553
445084 14 0.01 0.7 32.9 0.0983615 -0.457346 4.05796 0.0144723 -0.0539 30.4553
445357 14 0.01 0.7 32.9 0.378087 0.312211 2.61149 0.0310711 0.0280705 30.4553
448911 14 0.01 0.7 32.9 0.17149 0.10927 8.38499 0.0442273 0.0293571 30.4553
449492 14 0.01 0.7 32.9 0.342732 0.267109 4.24058 0.0430457 0.0352367 30.4553
449520 14 0.01 0.7 32.9 -0.235816 -0.415483 4.05249 -0.0290121 -0.051028 30.4553
452430 14 0.01 0.7 32.9 -0.0800919 0.421791 5.7567 -0.01259 0.0735297 30.4553
455747 14 0.01 0.7 32.9 0.310841 0.312053 5.12402 0.0472366 0.0483706 30.4553
456413 14 0.01 0.7 32.9 0.436943 -0.271817 2.29971 0.0307484 -0.0188977 30.4553
459780 14 0.01 0.7 32.9 0.165951 0.190591 4.25206 0.0209543 0.0250375 30.4553
461390 14 0.01 0.7 32.9 -0.0411774 0.420749 2.72933 -0.00468757 0.0367102 30.4553
461825 14 0.01 0.7 32.9 -0.144413 -0.0707041 2.74865 -0.0114356 -0.00668368 30.4553
462391 14 0.01 0.7 32.9 0.0710507 -0.191802 5.43934 0.011873 -0.032644 30.4553
468192 14 0.01 0.7 32.9 0.412772 -0.168547 8.03795 0.0990334 -0.0397877 30.4553
470332 14 0.01 0.7 32.9 -0.417378 0.387579 1.06994 -0.0131845 0.0131462 30.4553
471010 14 0.01 0.7 32.9 -0.210288 0.0862657 3.12055 -0.0198295 0.00852713 30.4553
471726 14 0.01 0.7 32.9 0.0954228 0.0975703 4.96202 0.0169855 0.0158973 30.4553
471920 14 0.01 0.7 32.9 -0.306845 -0.200069 2.99243 -0.0289512 -0.0191763 30.4553
474516 14 0.01 0.7 32.9 -0.2772 0.0911298 4.12199 -0.0326309 0.0113816 30.4553
475494 14 0.01 0.7 32.9 0.0145437 0.140451 3.15803 0.00272675 0.0145952 30.4553
476127 14 0.01 0.7 32.9 0.373055 0.0664457 8.82142 0.100163 0.019999 30.4553
480155 14 0.01 0.7 32.9 -0.0473699 -0.102939 2.26043 -0.00215096 -0.00618564 30.4553
480322 14 0.01 0.7 32.9 -0.245428 -0.182152 1.87839 -0.0159775 -0.00872543 30.4553
482523 14 0.01 0.7 32.9 0.0371183 0.146334 5.45267 0.00465097 0.0257068 30.4553
483450 14 0.01 0.7 32.9 -0.0346594 -0.21784 4.59698 -0.00408444 -0.0298656 30.4553
484426 14 0.01 0.7 32.9 0.0729026 -0.200735 5.25456 0.00927373 -0.0308613 30.4553
484865 14 0.01 0.7 32.9 -0.0335436 0.138827 3.48799 -0.00283772 0.0167743 30.4553
492702 14 0.01 0.7 32.9 -0.325433 -0.314602 4.60224 -0.0459161 -0.0420039 30.4553
493255 14 0.01 0.7 32.9 0.278295 0.488135 4.29518 0.0389815 0.0657341 30.4553
493395 14 0.01 0.7 32.9 -0.452 -0.0380605 7.49428 -0.10266 -0.00717551 30.4553
494017 14 0.01 0.7 32.9 0.1975 0.103559 2.25976 0.0121336 0.00634551 30.4553
494704 14 0.01 0.7 32.9 0.0558569 -0.297716 5.14515 0.00962254 -0.0455481 30.4553
495731 14 0.01 0.7 32.9 0.0211368 0.403635 8.56843 0.0067386 0.105581 30.4553
