3311 9 0.01 0.3 32.9 -0.148844 -0.25117 0.234046 -0.00183133 9.70455e-06 240.163
6197 9 0.01 0.3 32.9 -0.470446 -0.307716 0.159429 -0.00552524 -0.00378973 240.163
10500 9 0.01 0.3 32.9 -0.107024 -0.460829 0.187049 0.00492318 -0.000964371 240.163
11267 9 0.01 0.3 32.9 0.218406 -0.362829 0.188828 0.00334547 -0.00412463 240.163
13962 9 0.01 0.3 32.9 0.271634 -0.108761 0.640936 0.0046674 -0.000925512 240.163
14419 9 0.01 0.3 32.9 -0.312475 -0.254078 0.409904 -0.00392541 -0.0020474 240.163
16303 9 0.01 0.3 32.9 0.151601 -0.0330734 0.298551 0.00138064 -0.000224181 240.163
16474 9 0.01 0.3 32.9 0.229349 0.070864 0.695759 0.00345202 0.00183732 240.163
17127 9 0.01 0.3 32.9 0.132202 0.449536 0.506853 0.00433273 0.00956016 240.163
17819 9 0.01 0.3 32.9 0.0538804 -0.291887 0.394591 0.000406253 -0.00347179 240.163
18454 9 0.01 0.3 32.9 -0.0904734 -0.421692 0.162936 -0.000459744 0.000868176 240.163
18606 9 0.01 0.3 32.9 0.370225 0.0279523 0.361962 0.00351733 0.0013421 240.163
19781 9 0.01 0.3 32.9 0.49537 -0.101999 0.486805 0.00674983 -0.00184696 240.163
26201 9 0.01 0.3 32.9 0.221157 -0.131799 0.418907 0.00155659 -0.000951252 240.163
27485 9 0.01 0.3 32.9 -0.157136 0.387839 0.676666 -0.00269241 0.0131091 240.163
29409 9 0.01 0.3 32.9 -0.488131 0.104982 3.2166 -0.048858 0.0110803 240.163
32986 9 0.01 0.3 32.9 0.191427 0.138559 0.434927 0.00226735 0.000120285 240.163
33076 9 0.01 0.3 32.9 -0.0757179 -0.162653 0.351173 0.000238733 -0.00141301 240.163
34172 9 0.01 0.3 32.9 -0.486182 0.446756 0.323965 -0.00349978 0.00387876 240.163
35369 9 0.01 0.3 32.9 0.478852 -0.0396437 0.545908 0.00713374 8.02985e-06 240.163
36704 9 0.01 0.3 32.9 -0.0234167 0.311075 0.211714 0.00143839 0.00763738 240.163
38261 9 0.01 0.3 32.9 -0.371056 0.0980099 0.869523 -0.0106027 0.00310172 240.163
41380 9 0.01 0.3 32.9 0.227484 0.219595 0.14938 -0.000952708 0.00294989 240.163
42001 9 0.01 0.3 32.9 -0.0358066 -0.0680991 0.384931 0.00152981 0.000747098 240.163
45873 9 0.01 0.3 32.9 -0.283222 0.202884 0.307945 -0.00171609 0.00229019 240.163
49830 9 0.01 0.3 32.9 0.455355 0.102267 0.228956 0.0036737 0.00514671 240.163
50114 9 0.01 0.3 32.9 -0.0713087 0.0719867 0.507429 0.00270182 0.00419769 240.163
50726 9 0.01 0.3 32.9 -0.141478 -0.098925 0.43194 -0.00277912 -0.00111806 240.163
52068 9 0.01 0.3 32.9 -0.0235962 0.0310322 0.52471 0.00192019 0.00170637 240.163
54984 9 0.01 0.3 32.9 -0.46952 -0.2998 0.32887 -0.00308462 -0.00360784 240.163
55180 9 0.01 0.3 32.9 0.396863 0.00313702 1.2313 0.0157411 -0.00115906 240.163
58105 9 0.01 0.3 32.9 -0.36465 0.253914 0.37632 -0.00383381 0.00398433 240.163
58486 9 0.01 0.3 32.9 -0.201445 -0.0838564 0.171319 0.00150348 0.00302545 240.163
60396 9 0.01 0.3 32.9 0.469495 0.0438678 0.21222 -0.00345731 -0.00406299 240.163
60414 9 0.01 0.3 32.9 0.308645 0.195402 0.29762 -0.000431437 -0.00117966 240.163
63461 9 0.01 0.3 32.9 -0.119049 0.399377 0.166506 -0.00334375 -0.00221566 240.163
64126 9 0.01 0.3 32.9 0.382896 -0.148462 0.418275 0.00601303 0.000240491 240.163
64616 9 0.01 0.3 32.9 0.212132 0.275106 0.360225 0.00127688 0.00242619 240.163
67699 9 0.01 0.3 32.9 0.158452 0.153288 0.330287 -0.000184296 0.00174481 240.163
69632 9 0.01 0.3 32.9 -0.276461 0.0848721 0.52728 -0.00435481 0.00116658 240.163
73464 9 0.01 0.3 32.9 0.216432 -0.22818 0.35977 0.00347264 -0.00336662 240.163
75897 9 0.01 0.3 32.9 -0.00345832 0.401786 0.763792 0.00109934 0.0085801 240.163
76942 9 0.01 0.3 32.9 0.361913 -0.162795 0.485824 0.0071431 -0.00201522 240.163
78418 9 0.01 0.3 32.9 -0.421639 0.0329598 0.642646 -0.00699738 0.00263792 240.163
81754 9 0.01 0.3 32.9 -0.21927 0.209937 0.645848 -0.00345769 0.00379447 240.163
81832 9 0.01 0.3 32.9 -0.39517 -0.465046 0.78234 -0.010609 -0.00863907 240.163
82047 9 0.01 0.3 32.9 -0.477844 0.0527925 0.344624 -0.00367036 -4.28057e-05 240.163
86620 9 0.01 0.3 32.9 -0.451655 -0.0152915 0.648051 -0.0066692 0.00115509 240.163
89227 9 0.01 0.3 32.9 0.0474491 -0.0398135 0.443277 0.000990037 0.00104207 240.163
90783 9 0.01 0.3 32.9 -0.0115309 -0.14798 1.01014 -0.000406461 -0.00514194 240.163
91041 9 0.01 0.3 32.9 -0.0737695 0.397176 0.6257 -0.00142066 0.00860165 240.163
93023 9 0.01 0.3 32.9 0.290845 -0.173989 0.397576 0.00253239 -0.00118392 240.163
93344 9 0.01 0.3 32.9 0.345031 0.479231 0.387908 0.00153299 0.00566883 240.163
96036 9 0.01 0.3 32.9 0.258612 -0.355341 0.411222 0.00288679 -0.00144577 240.163
97325 9 0.01 0.3 32.9 -0.330104 -0.119404 0.723418 -0.00863473 -0.000957695 240.163
100625 9 0.01 0.3 32.9 -0.435297 -0.118675 0.260702 -0.00294796 -0.00207013 240.163
101745 9 0.01 0.3 32.9 -0.0695713 -0.454928 1.53208 -0.00420797 -0.0200692 240.163
103834 9 0.01 0.3 32.9 0.113383 0.206504 1.88826 0.0054542 0.0133494 240.163
107217 9 0.01 0.3 32.9 0.337148 -0.0414233 0.365466 0.00523834 -4.41638e-05 240.163
108490 9 0.01 0.3 32.9 -0.317773 0.336005 0.23536 -0.000272136 0.00551797 240.163
108592 9 0.01 0.3 32.9 0.0141673 -0.314615 0.371361 -0.00047475 -0.00395938 240.163
109368 9 0.01 0.3 32.9 0.00175361 0.0512697 0.181015 0.00333618 0.00369573 240.163
110442 9 0.01 0.3 32.9 -0.0265538 0.388145 0.152609 0.000335806 -0.000278305 240.163
110816 9 0.01 0.3 32.9 -0.280386 -0.212867 0.528082 -0.00451553 0.000480132 240.163
111914 9 0.01 0.3 32.9 -0.25912 -0.250384 0.323232 -0.00183527 0.00119208 240.163
113120 9 0.01 0.3 32.9 0.417572 -0.0632685 0.754478 0.00910681 0.000592581 240.163
113769 9 0.01 0.3 32.9 -0.220573 0.406315 0.176088 -0.00181182 0.00262774 240.163
114290 9 0.01 0.3 32.9 -0.0248654 0.451798 0.294728 0.000286935 0.00632662 240.163
116979 9 0.01 0.3 32.9 0.319603 -0.029238 2.06572 0.0186638 -0.00163084 240.163
118015 9 0.01 0.3 32.9 -0.0535901 -0.0803908 0.679554 -0.00276533 -0.000225429 240.163
120868 9 0.01 0.3 32.9 -0.132398 -0.0776173 0.907342 -0.00467989 -0.00297956 240.163
124170 9 0.01 0.3 32.9 -0.0572734 -0.390237 0.404332 1.2904e-05 -0.00423797 240.163
127563 9 0.01 0.3 32.9 -0.455879 0.329951 0.414873 -0.00432881 0.0054361 240.163
128027 9 0.01 0.3 32.9 -0.336117 -0.244601 0.781577 -0.00766035 -0.00710307 240.163
130425 9 0.01 0.3 32.9 0.154525 0.147103 0.30512 0.00217998 0.00378038 240.163
131598 9 0.01 0.3 32.9 0.23927 -0.468546 1.23714 0.00736414 -0.0181041 240.163
132024 9 0.01 0.3 32.9 -0.363134 0.393004 0.332636 -0.00257358 0.00385254 240.163
132580 9 0.01 0.3 32.9 -0.285219 0.297178 0.215096 -0.00127097 0.00138714 240.163
136979 9 0.01 0.3 32.9 -0.284682 0.371721 0.245628 -0.000822653 0.00238662 240.163
138349 9 0.01 0.3 32.9 -0.0364112 -0.362737 0.823279 0.00146766 -0.00881124 240.163
144163 9 0.01 0.3 32.9 0.247972 -0.111566 0.436149 0.00271713 -0.000309367 240.163
146648 9 0.01 0.3 32.9 -0.392544 0.0120325 1.6948 -0.0210497 -0.000362777 240.163
147122 9 0.01 0.3 32.9 0.341669 0.369372 0.791117 0.00713412 0.00828402 240.163
149887 9 0.01 0.3 32.9 -0.0169001 -0.345764 0.372545 -0.0030084 -0.00133552 240.163
150688 9 0.01 0.3 32.9 -0.284206 0.190873 0.184434 -0.00252647 0.00669624 240.163
151772 9 0.01 0.3 32.9 0.331695 0.411962 0.513957 0.0051536 0.00762658 240.163
151813 9 0.01 0.3 32.9 -0.0171306 -0.100409 0.385999 0.00114476 -0.000138952 240.163
155707 9 0.01 0.3 32.9 -0.397962 0.12305 0.368786 -0.00426134 0.00302911 240.163
155984 9 0.01 0.3 32.9 -0.0699232 -0.287444 0.269317 0.00091094 -0.00182498 240.163
156027 9 0.01 0.3 32.9 -0.444534 0.280791 0.306232 -0.00374627 0.00264322 240.163
164405 9 0.01 0.3 32.9 -0.433038 -0.386113 0.337555 -0.00441345 -0.00385119 240.163
164474 9 0.01 0.3 32.9 0.471967 -0.0552004 0.78854 0.00967384 -0.00350993 240.163
164733 9 0.01 0.3 32.9 0.250295 0.163495 0.160533 -0.00240273 0.00136341 240.163
164862 9 0.01 0.3 32.9 0.184653 -0.447192 0.367646 0.00067238 -0.00392519 240.163
165655 9 0.01 0.3 32.9 0.434617 0.000646001 0.122039 0.0028321 0.000664407 240.163
169078 9 0.01 0.3 32.9 -0.19718 -0.455917 0.493276 -0.00439514 -0.00805697 240.163
170694 9 0.01 0.3 32.9 0.480099 0.116733 0.293184 0.00465124 -0.00122107 240.163
171829 9 0.01 0.3 32.9 0.107938 0.336073 0.13333 -0.00232692 -0.000915174 240.163
171915 9 0.01 0.3 32.9 0.0321224 -0.483057 0.39396 -0.000202508 -0.00683357 240.163
173273 9 0.01 0.3 32.9 -0.161222 0.260604 0.349805 0.000576647 0.00325552 240.163
173812 9 0.01 0.3 32.9 0.389347 0.366886 0.68174 0.00785372 0.00939018 240.163
174095 9 0.01 0.3 32.9 0.194737 -0.122921 0.331605 0.00158798 -0.00201697 240.163
174378 9 0.01 0.3 32.9 -0.210664 0.396563 0.174563 0.0017333 0.00455746 240.163
176758 9 0.01 0.3 32.9 0.141692 0.0797523 0.345611 0.000776805 0.00131355 240.163
178383 9 0.01 0.3 32.9 0.35998 0.194712 0.446189 0.00809791 0.00426356 240.163
179254 9 0.01 0.3 32.9 0.0322473 0.486185 0.696173 -0.00057027 0.0117339 240.163
181764 9 0.01 0.3 32.9 0.418988 0.00211243 0.380809 0.00211404 -6.97645e-05 240.163
182927 9 0.01 0.3 32.9 -0.18328 0.14225 0.283551 -0.00112518 0.000208265 240.163
184770 9 0.01 0.3 32.9 -0.486836 0.329498 0.572701 -0.00771054 0.00484656 240.163
185709 9 0.01 0.3 32.9 0.499593 -0.215905 0.420286 0.00610414 0.000320798 240.163
186702 9 0.01 0.3 32.9 -0.184947 0.232222 1.59802 -0.00989358 0.012578 240.163
187110 9 0.01 0.3 32.9 -0.390268 0.200217 0.642668 -0.00541718 0.00379565 240.163
188629 9 0.01 0.3 32.9 -0.247149 -0.0622598 0.632087 -0.00696855 -0.000842367 240.163
191854 9 0.01 0.3 32.9 -0.497608 -0.0635629 0.314142 -0.00305318 -0.00130156 240.163
192973 9 0.01 0.3 32.9 0.408468 0.104394 0.105867 -0.00310624 0.00172944 240.163
195192 9 0.01 0.3 32.9 0.118872 -0.267803 0.240566 0.002108 -0.00458054 240.163
196144 9 0.01 0.3 32.9 0.498783 -0.297069 0.962838 0.0152694 -0.00698432 240.163
196243 9 0.01 0.3 32.9 0.061342 -0.362323 0.709611 0.00169325 -0.0092887 240.163
196548 9 0.01 0.3 32.9 0.415578 0.262326 0.836213 0.0111736 0.0077164 240.163
197756 9 0.01 0.3 32.9 -0.0293421 0.222114 0.652529 0.000512415 0.00367347 240.163
198638 9 0.01 0.3 32.9 0.224146 0.225158 0.394267 0.00233226 0.00227602 240.163
200639 9 0.01 0.3 32.9 0.428423 -0.424842 0.585088 0.00647768 -0.00857179 240.163
202823 9 0.01 0.3 32.9 -0.326045 0.206708 0.49413 -0.00617513 0.00285677 240.163
206278 9 0.01 0.3 32.9 0.272656 0.212983 0.106698 0.000726686 -0.00480853 240.163
212499 9 0.01 0.3 32.9 -0.225108 0.164923 0.338818 -0.00137706 0.00278104 240.163
217920 9 0.01 0.3 32.9 0.101831 0.343535 0.344539 0.00153482 0.00378033 240.163
218510 9 0.01 0.3 32.9 -0.0654621 0.174712 0.543873 -0.00278039 0.0052126 240.163
218628 9 0.01 0.3 32.9 -0.214644 -0.212803 0.296332 -0.00216134 -0.00122285 240.163
218827 9 0.01 0.3 32.9 0.0923742 -0.0145425 0.132102 -0.00464683 0.00167463 240.163
219285 9 0.01 0.3 32.9 0.170703 0.223055 0.621807 0.00327474 0.00752804 240.163
219546 9 0.01 0.3 32.9 -0.0944717 0.416485 0.652574 -0.00285689 0.00964383 240.163
219693 9 0.01 0.3 32.9 -0.0159766 -0.0183352 0.418438 -0.000163341 0.00256463 240.163
222419 9 0.01 0.3 32.9 0.00715963 0.417154 0.429216 -0.00228408 0.00271764 240.163
230695 9 0.01 0.3 32.9 0.255592 -0.221061 0.299312 -0.000486814 -7.98299e-05 240.163
232495 9 0.01 0.3 32.9 -0.176966 0.0832679 0.461888 -0.00450224 0.00342898 240.163
232949 9 0.01 0.3 32.9 -0.377797 -0.158482 0.256633 -0.00631875 -0.00432959 240.163
240206 9 0.01 0.3 32.9 -0.132278 0.165343 0.566351 -0.00267418 0.0033391 240.163
240320 9 0.01 0.3 32.9 -0.111721 -0.147227 1.30998 -0.00404435 -0.00591614 240.163
241176 9 0.01 0.3 32.9 -0.48863 0.470631 0.256238 -0.00287974 0.00319694 240.163
243194 9 0.01 0.3 32.9 -0.00798408 0.32458 0.449283 -0.00244176 0.00827523 240.163
243942 9 0.01 0.3 32.9 -0.0300781 0.19731 0.17439 0.0027576 0.000795646 240.163
245231 9 0.01 0.3 32.9 0.272409 0.316725 0.157835 0.00324652 0.00177692 240.163
250522 9 0.01 0.3 32.9 0.301679 0.197702 0.665184 0.00589525 0.00724767 240.163
254939 9 0.01 0.3 32.9 0.117143 0.43503 0.359906 0.00440649 0.00612532 240.163
255930 9 0.01 0.3 32.9 -0.271343 0.217963 0.233142 -0.00418931 0.000126404 240.163
260913 9 0.01 0.3 32.9 0.115651 0.00365485 1.07215 0.00552577 0.000192094 240.163
262490 9 0.01 0.3 32.9 0.311398 -0.353136 0.193558 -0.00432831 0.00095982 240.163
264339 9 0.01 0.3 32.9 -0.0415301 0.326309 0.509851 0.00019093 0.00511864 240.163
264733 9 0.01 0.3 32.9 0.135477 -0.441337 0.34144 0.000899505 -0.00671107 240.163
267072 9 0.01 0.3 32.9 -0.335425 -0.289588 0.688701 -0.00744497 -0.00408807 240.163
267468 9 0.01 0.3 32.9 -0.290589 -0.173764 0.335978 -0.00281397 0.00199543 240.163
273600 9 0.01 0.3 32.9 -0.175835 -0.356864 0.288325 -0.000619258 -0.00324903 240.163
275584 9 0.01 0.3 32.9 -0.121089 -0.211232 1.10906 -0.00374435 -0.00487182 240.163
275962 9 0.01 0.3 32.9 -0.0298417 -0.206962 0.289255 -0.00329098 -0.00402193 240.163
276645 9 0.01 0.3 32.9 0.380845 0.190593 0.301425 0.00508692 0.00300411 240.163
277194 9 0.01 0.3 32.9 0.48975 -0.340164 0.636667 0.00804769 -0.00544148 240.163
277822 9 0.01 0.3 32.9 -0.323981 -0.159019 0.455433 -0.00455887 -0.00105003 240.163
279310 9 0.01 0.3 32.9 -0.354553 0.293239 0.229275 -0.00243382 0.000640368 240.163
279551 9 0.01 0.3 32.9 -0.243396 0.00173719 0.303587 -0.00222898 0.00175006 240.163
284269 9 0.01 0.3 32.9 -0.382253 0.456835 0.148752 -1.72448e-05 0.000381628 240.163
284646 9 0.01 0.3 32.9 -0.302788 -0.215452 0.668163 -0.00408656 -0.0030971 240.163
284984 9 0.01 0.3 32.9 -0.479686 0.367408 0.278902 -0.00360777 0.00375792 240.163
286080 9 0.01 0.3 32.9 -0.191666 0.40157 0.588652 -0.00476021 0.00823635 240.163
286542 9 0.01 0.3 32.9 0.384776 -0.167346 0.66947 0.0083771 -0.00415012 240.163
288914 9 0.01 0.3 32.9 -0.360233 0.0572041 0.352183 -0.0061951 0.00251641 240.163
289936 9 0.01 0.3 32.9 -0.332969 0.306585 0.267041 -0.00375417 0.00514557 240.163
291368 9 0.01 0.3 32.9 0.468177 -0.281464 0.881787 0.0117722 -0.00733984 240.163
292639 9 0.01 0.3 32.9 0.343927 -0.241632 0.487641 0.00525197 -0.00276994 240.163
295896 9 0.01 0.3 32.9 -0.330015 -0.244457 0.519379 -0.00469966 -0.00422519 240.163
296107 9 0.01 0.3 32.9 0.212466 0.0206122 0.317202 0.00239324 -0.00216776 240.163
297892 9 0.01 0.3 32.9 -0.169238 -0.0456619 0.382815 -0.00315135 -0.000563135 240.163
298475 9 0.01 0.3 32.9 0.0202403 -0.274334 0.225346 0.00184568 0.00103181 240.163
301974 9 0.01 0.3 32.9 0.0614428 -0.483582 0.536341 0.000641042 -0.00663902 240.163
303857 9 0.01 0.3 32.9 0.124869 -0.0155185 0.380597 0.00274217 0.00257587 240.163
304056 9 0.01 0.3 32.9 0.277216 0.302181 1.77332 0.0146136 0.0152037 240.163
304068 9 0.01 0.3 32.9 -0.377899 -0.320012 2.24121 -0.0236932 -0.0225309 240.163
305480 9 0.01 0.3 32.9 0.271115 -0.0175404 0.129775 0.000207283 -0.00180418 240.163
306033 9 0.01 0.3 32.9 -0.0421125 -0.0393657 1.16112 -0.00234176 -4.20182e-05 240.163
306583 9 0.01 0.3 32.9 0.486384 -0.344223 0.492069 0.00961753 -0.00498575 240.163
306828 9 0.01 0.3 32.9 -0.202124 0.180034 0.913812 -0.00576521 0.00633462 240.163
307468 9 0.01 0.3 32.9 -0.113809 -0.405684 0.366098 -0.000371525 -0.00598524 240.163
308397 9 0.01 0.3 32.9 0.159611 0.478749 0.279495 0.000519706 0.00713741 240.163
309157 9 0.01 0.3 32.9 -0.108936 -0.243607 0.293417 -0.000440977 -0.00273692 240.163
309322 9 0.01 0.3 32.9 -0.373872 -0.225732 0.951135 -0.00877848 -0.00824964 240.163
311267 9 0.01 0.3 32.9 -0.232534 -0.350487 0.596986 -0.00502256 -0.00454501 240.163
311933 9 0.01 0.3 32.9 0.436611 -0.0513545 0.407625 0.0077097 0.00032967 240.163
316366 9 0.01 0.3 32.9 0.355573 -0.356333 0.18177 0.00294084 -0.00110045 240.163
319447 9 0.01 0.3 32.9 -0.313636 0.123556 0.316571 -0.0020447 9.90259e-05 240.163
321618 9 0.01 0.3 32.9 0.48861 0.111115 0.810351 0.0109921 0.00123169 240.163
322292 9 0.01 0.3 32.9 -0.288563 -0.289466 0.614666 -0.00310973 -0.00497522 240.163
325310 9 0.01 0.3 32.9 -0.355073 -0.468274 1.23723 -0.0108064 -0.0168845 240.163
328054 9 0.01 0.3 32.9 0.0494497 0.0252609 0.324242 0.00258374 0.00356814 240.163
332393 9 0.01 0.3 32.9 -0.400811 0.275939 0.729243 -0.00698535 0.00952656 240.163
332893 9 0.01 0.3 32.9 0.415093 0.0199955 0.22955 0.00356274 0.00164458 240.163
333361 9 0.01 0.3 32.9 -0.261644 -0.00292538 1.04856 -0.0110951 -0.000971888 240.163
336389 9 0.01 0.3 32.9 0.384942 -0.0812889 0.253702 0.00774431 0.00047727 240.163
343311 9 0.01 0.3 32.9 0.0654659 0.483658 0.245638 0.00398665 0.00414186 240.163
343980 9 0.01 0.3 32.9 0.241602 -0.0953989 0.688846 0.00435869 0.000265534 240.163
345168 9 0.01 0.3 32.9 0.248286 -0.128941 0.420928 0.00271129 0.00244198 240.163
345777 9 0.01 0.3 32.9 -0.232126 0.480162 1.13453 -0.00908023 0.0191644 240.163
355219 9 0.01 0.3 32.9 0.01057 -0.335653 0.190567 -0.000949587 -0.00181001 240.163
356496 9 0.01 0.3 32.9 0.382716 0.498586 0.443274 0.00619594 0.00584925 240.163
358331 9 0.01 0.3 32.9 0.189025 0.376126 0.366248 0.00218815 0.00721008 240.163
362966 9 0.01 0.3 32.9 0.337168 -0.0816133 0.618415 0.00707517 -0.00244183 240.163
366364 9 0.01 0.3 32.9 0.376699 0.0956128 0.219415 0.00616894 -0.000240185 240.163
367526 9 0.01 0.3 32.9 0.232238 -0.107288 0.123379 0.000135833 -0.00178438 240.163
370446 9 0.01 0.3 32.9 -0.407555 -0.106853 0.253387 -0.00329721 0.00611568 240.163
370766 9 0.01 0.3 32.9 -0.362887 -0.346955 0.169265 -0.00354616 -0.00262533 240.163
374151 9 0.01 0.3 32.9 -0.354192 0.292349 0.290583 -0.00548739 0.00418685 240.163
375463 9 0.01 0.3 32.9 -0.140564 0.496101 0.195461 -0.00277407 0.00803249 240.163
376154 9 0.01 0.3 32.9 0.064699 0.359109 0.264432 0.000196158 0.00221797 240.163
376881 9 0.01 0.3 32.9 0.0512838 0.305216 1.16696 0.00101557 0.0113569 240.163
376991 9 0.01 0.3 32.9 0.464422 -0.13852 1.19318 0.0156126 -0.00438261 240.163
377137 9 0.01 0.3 32.9 -0.447128 -0.120457 0.594601 -0.00923387 -0.0054615 240.163
377671 9 0.01 0.3 32.9 0.436042 -0.484641 0.185473 -0.000967843 -0.00254651 240.163
378140 9 0.01 0.3 32.9 -0.477061 0.44807 0.197639 -0.00181219 0.00363504 240.163
378915 9 0.01 0.3 32.9 -0.282346 0.255171 0.37875 0.00060014 0.0051014 240.163
380153 9 0.01 0.3 32.9 -0.15434 0.4393 0.437655 -0.00128413 0.00805223 240.163
382240 9 0.01 0.3 32.9 0.303913 -0.113994 0.390657 0.00551685 -0.00285304 240.163
383468 9 0.01 0.3 32.9 0.133145 0.232076 0.482411 0.00431928 0.00430558 240.163
385164 9 0.01 0.3 32.9 0.414399 -0.275754 0.501712 0.00755304 -0.00380442 240.163
387603 9 0.01 0.3 32.9 0.486179 -0.153429 0.567102 0.00828249 -0.00143415 240.163
387828 9 0.01 0.3 32.9 -0.081655 0.337541 0.199382 -0.000117339 -0.00139328 240.163
389515 9 0.01 0.3 32.9 0.36883 -0.241323 0.300982 0.00720234 -0.00307126 240.163
391721 9 0.01 0.3 32.9 0.312922 -0.482367 0.252512 0.00240753 -0.000301864 240.163
393037 9 0.01 0.3 32.9 0.291649 -0.0364986 0.772641 0.00772016 -0.00111423 240.163
397127 9 0.01 0.3 32.9 -0.404695 -0.203791 0.364049 -0.00668645 -0.00136529 240.163
397379 9 0.01 0.3 32.9 0.254409 0.125505 0.1512 -0.00377241 -0.000701989 240.163
397882 9 0.01 0.3 32.9 -0.240006 -0.177844 0.217233 -0.0025732 -0.00305538 240.163
398488 9 0.01 0.3 32.9 -0.128143 -0.128602 0.279249 -0.000152857 -0.000317971 240.163
398858 9 0.01 0.3 32.9 0.45809 -0.118759 0.337761 0.00430767 -0.00216808 240.163
403994 9 0.01 0.3 32.9 0.278785 -0.254275 0.958105 0.0063021 -0.00808435 240.163
408992 9 0.01 0.3 32.9 0.0824352 0.177581 0.110766 0.0013945 0.000623697 240.163
412019 9 0.01 0.3 32.9 0.485097 0.378349 0.281081 0.004446 0.00119507 240.163
412021 9 0.01 0.3 32.9 0.174516 -0.210936 0.668577 0.00379613 -0.00260425 240.163
413494 9 0.01 0.3 32.9 -0.143725 0.390906 0.179244 -0.00238205 0.00316851 240.163
415975 9 0.01 0.3 32.9 0.142134 0.494092 0.239095 -0.00043397 0.00927094 240.163
416100 9 0.01 0.3 32.9 0.321238 -0.353237 0.461797 0.00661262 -0.00267446 240.163
418412 9 0.01 0.3 32.9 -0.0923111 -0.151091 0.363577 -0.00058516 -0.00165239 240.163
418694 9 0.01 0.3 32.9 -0.227622 0.388363 0.576508 -0.00562866 0.00585572 240.163
420464 9 0.01 0.3 32.9 -0.249815 0.474439 0.427745 -0.00196849 0.00761832 240.163
422428 9 0.01 0.3 32.9 0.131522 0.0207149 0.445763 0.00126239 -0.00157513 240.163
423615 9 0.01 0.3 32.9 0.326772 -0.34633 1.60359 0.0165074 -0.0155322 240.163
431184 9 0.01 0.3 32.9 -0.22657 -0.432342 0.325313 -0.00405333 -0.00269884 240.163
431636 9 0.01 0.3 32.9 0.0979961 0.383857 0.570071 0.00143142 0.00811674 240.163
432892 9 0.01 0.3 32.9 -0.363554 0.296734 0.765524 -0.00841416 0.00879705 240.163
433196 9 0.01 0.3 32.9 -0.463679 0.0489607 0.0584346 -0.00194875 0.00309648 240.163
436386 9 0.01 0.3 32.9 -0.0145732 -0.330823 1.11216 -0.000640392 -0.0113236 240.163
438783 9 0.01 0.3 32.9 -0.25632 -0.395439 0.659118 -0.0060706 -0.00768648 240.163
439798 9 0.01 0.3 32.9 -0.453413 -0.339905 0.737209 -0.011965 -0.00785323 240.163
446898 9 0.01 0.3 32.9 -0.116905 0.113129 0.415826 0.000249541 0.00214361 240.163
447060 9 0.01 0.3 32.9 0.262522 -0.26157 0.308665 0.00319619 0.000457008 240.163
450960 9 0.01 0.3 32.9 0.409779 0.185124 0.473779 0.00860862 0.00285558 240.163
453896 9 0.01 0.3 32.9 -0.229941 0.0389924 0.498898 -0.00226858 -0.00052476 240.163
457872 9 0.01 0.3 32.9 -0.137758 0.15905 0.293966 -0.00102662 0.0027127 240.163
459510 9 0.01 0.3 32.9 0.350295 -0.271308 0.31767 0.00583236 -0.00586769 240.163
465250 9 0.01 0.3 32.9 0.179439 -0.420456 0.290852 0.00136219 -0.00558705 240.163
468962 9 0.01 0.3 32.9 0.22611 -0.382049 0.123633 0.00436296 0.00371553 240.163
470219 9 0.01 0.3 32.9 0.0042486 -0.30345 0.316766 0.00109912 -0.00137057 240.163
470340 9 0.01 0.3 32.9 0.347842 -0.483966 0.488735 0.00360978 -0.00585314 240.163
472572 9 0.01 0.3 32.9 -0.455017 0.121485 0.224433 -0.0019065 0.00292958 240.163
473825 9 0.01 0.3 32.9 0.276465 -0.309868 0.318964 0.00223692 -0.00195315 240.163
475364 9 0.01 0.3 32.9 0.0714557 -0.453993 0.35265 0.00246329 -0.00593204 240.163
476832 9 0.01 0.3 32.9 -0.0126177 -0.0341849 0.959157 0.00150537 0.00106445 240.163
479123 9 0.01 0.3 32.9 0.499724 -0.156004 0.46932 0.00723687 -0.000797088 240.163
479374 9 0.01 0.3 32.9 0.414339 0.280364 0.238153 0.00250307 0.000445469 240.163
479901 9 0.01 0.3 32.9 -0.369023 -0.0810685 0.220193 -0.00341648 -0.000446566 240.163
480276 9 0.01 0.3 32.9 0.472477 -0.069603 0.602725 0.00794847 0.00219251 240.163
483559 9 0.01 0.3 32.9 0.404027 0.099936 0.721739 0.00840488 0.00518934 240.163
483848 9 0.01 0.3 32.9 0.215463 -0.493722 0.164344 0.0021975 -0.0046636 240.163
485221 9 0.01 0.3 32.9 0.330468 -0.267699 0.0831678 -0.00276119 -0.00473015 240.163
489262 9 0.01 0.3 32.9 -0.236937 0.106783 0.165683 0.00122227 -0.00161602 240.163
490659 9 0.01 0.3 32.9 -0.22476 0.401457 0.378693 -0.002127 0.00500359 240.163
491733 9 0.01 0.3 32.9 0.464806 -0.0317401 0.692624 0.0133236 0.00136797 240.163
492482 9 0.01 0.3 32.9 0.488912 -0.134881 0.230239 0.00289953 -0.000587969 240.163
493173 9 0.01 0.3 32.9 0.0972905 0.463839 0.310631 0.00709341 0.00425356 240.163
495056 9 0.01 0.3 32.9 0.0315479 -0.298742 0.653162 0.0017887 -0.00654688 240.163
495259 9 0.01 0.3 32.9 0.375938 -0.479509 0.186817 0.00311334 -0.00121312 240.163
495463 9 0.01 0.3 32.9 -0.257864 -0.431508 0.0929088 0.00138725 -0.00397602 240.163
496846 9 0.01 0.3 32.9 0.435624 0.156671 0.650721 0.011441 0.00437061 240.163
