1004814 12 0.01 0.5 32.9 0.28446 -0.480706 2.4695 0.0218988 -0.0352006 194.364
1006517 12 0.01 0.5 32.9 -0.319332 -0.446105 4.59857 -0.0454911 -0.0608729 194.364
1007505 12 0.01 0.5 32.9 -0.154705 -0.0854053 0.693328 -0.00581459 0.000380219 194.364
1009033 12 0.01 0.5 32.9 0.440007 -0.333952 1.12278 0.0157406 -0.0101813 194.364
1011888 12 0.01 0.5 32.9 -0.00800677 -0.0680347 0.510631 0.000348019 0.0025809 194.364
1011969 12 0.01 0.5 32.9 -0.187632 0.340662 1.39153 -0.00938435 0.013901 194.364
1012106 12 0.01 0.5 32.9 -0.434736 0.244029 4.46907 -0.0601146 0.034118 194.364
1013557 12 0.01 0.5 32.9 0.234163 -0.127162 2.55675 0.020398 -0.0100716 194.364
1015805 12 0.01 0.5 32.9 -0.0699538 0.221363 2.49735 -0.00572265 0.0178336 194.364
1017488 12 0.01 0.5 32.9 0.365225 -0.251785 3.92917 0.0427586 -0.0293007 194.364
1020883 12 0.01 0.5 32.9 -0.454061 0.207869 3.82615 -0.0538696 0.0240984 194.364
1022607 12 0.01 0.5 32.9 0.330649 -0.358484 4.40925 0.0437609 -0.0461294 194.364
1022847 12 0.01 0.5 32.9 -0.411649 -0.408686 2.7264 -0.0348928 -0.034619 194.364
1024474 12 0.01 0.5 32.9 -0.476835 0.0928629 2.48581 -0.0381047 0.00585005 194.364
1025279 12 0.01 0.5 32.9 0.410223 -0.311146 1.03155 0.0126747 -0.0113125 194.364
1025500 12 0.01 0.5 32.9 -0.142323 -0.199804 3.83153 -0.0183985 -0.0228142 194.364
1026686 12 0.01 0.5 32.9 0.0708343 0.40392 4.86237 0.0105936 0.0613628 194.364
1032351 12 0.01 0.5 32.9 0.244855 -0.12309 0.603792 0.00420701 0.00116028 194.364
1034149 12 0.01 0.5 32.9 0.329301 0.303512 1.60055 0.017883 0.0142395 194.364
1034494 12 0.01 0.5 32.9 0.299754 0.100737 3.41733 0.0298325 0.0114088 194.364
1038627 12 0.01 0.5 32.9 0.362808 0.156208 2.00151 0.0209544 0.00857041 194.364
1041714 12 0.01 0.5 32.9 0.26167 -0.413716 0.695706 0.00714285 -0.0101421 194.364
1046809 12 0.01 0.5 32.9 0.275966 0.340618 3.01183 0.025302 0.0341297 194.364
1049498 12 0.01 0.5 32.9 0.00606439 -0.141091 0.619801 0.00191215 -0.00356501 194.364
1050945 12 0.01 0.5 32.9 -0.0938317 0.0511446 2.82324 -0.00977383 0.00389685 194.364
1051256 12 0.01 0.5 32.9 -0.366178 0.309083 1.33879 -0.0160292 0.0130757 194.364
1053597 12 0.01 0.5 32.9 0.492429 -0.271803 1.83864 0.0262386 -0.0146519 194.364
1055638 12 0.01 0.5 32.9 -0.415389 0.210119 1.02918 -0.0139644 0.0035007 194.364
1058870 12 0.01 0.5 32.9 0.381763 0.24417 1.10658 0.0131142 0.00639745 194.364
1059343 12 0.01 0.5 32.9 -0.16455 -0.129671 1.06968 -0.00491073 -0.00394248 194.364
1060397 12 0.01 0.5 32.9 0.265444 0.219066 1.39942 0.0101189 0.00790546 194.364
1061102 12 0.01 0.5 32.9 -0.085118 0.0650503 3.53439 -0.0111463 0.010039 194.364
1061179 12 0.01 0.5 32.9 -0.41571 -0.156156 1.20742 -0.0149513 -0.00539404 194.364
1064451 12 0.01 0.5 32.9 -0.320143 -0.127413 3.05924 -0.0317101 -0.0120979 194.364
1066588 12 0.01 0.5 32.9 0.465124 0.278115 1.12248 0.0182975 0.00915742 194.364
1068064 12 0.01 0.5 32.9 0.393721 0.340007 2.09762 0.0271553 0.0225442 194.364
1069217 12 0.01 0.5 32.9 -0.355079 0.0258485 2.25741 -0.0240174 0.0015029 194.364
1069622 12 0.01 0.5 32.9 -0.0226704 -0.446293 1.50071 -0.000207024 -0.0204115 194.364
1071068 12 0.01 0.5 32.9 -0.311546 0.498525 4.95697 -0.0486704 0.0760287 194.364
1073104 12 0.01 0.5 32.9 0.475846 0.279916 1.72273 0.0262789 0.0154058 194.364
1075151 12 0.01 0.5 32.9 -0.172191 0.442426 5.27114 -0.0265248 0.0708001 194.364
1077734 12 0.01 0.5 32.9 0.0641951 0.0633768 2.94943 0.00387753 0.0057381 194.364
1079029 12 0.01 0.5 32.9 0.128506 -0.254603 1.8666 0.00796565 -0.0129737 194.364
1079502 12 0.01 0.5 32.9 -0.371981 0.332834 4.8038 -0.0526039 0.0490348 194.364
1082077 12 0.01 0.5 32.9 -0.369221 0.328188 2.57952 -0.029923 0.0270019 194.364
1084020 12 0.01 0.5 32.9 0.207828 0.171972 3.57698 0.0238928 0.0206329 194.364
1085284 12 0.01 0.5 32.9 0.201936 -0.456752 2.13006 0.0126514 -0.0308339 194.364
1085629 12 0.01 0.5 32.9 0.395793 -0.160073 4.21767 0.0496769 -0.0185125 194.364
1086396 12 0.01 0.5 32.9 -0.265592 -0.206397 5.01447 -0.0403893 -0.0298644 194.364
1087843 12 0.01 0.5 32.9 -0.276882 -0.375257 1.32003 -0.00990386 -0.0125063 194.364
1087866 12 0.01 0.5 32.9 0.0285176 0.371755 1.16696 0.000214954 0.0148727 194.364
1089217 12 0.01 0.5 32.9 -0.31829 0.418808 4.01296 -0.03821 0.0527082 194.364
1089312 12 0.01 0.5 32.9 0.0298189 0.481799 2.62061 0.00208695 0.0406804 194.364
1094248 12 0.01 0.5 32.9 -0.395163 0.0175868 1.73113 -0.0207835 0.000866463 194.364
1095209 12 0.01 0.5 32.9 -0.233795 -0.112295 1.14555 -0.00998585 -0.00530569 194.364
1098263 12 0.01 0.5 32.9 -0.189345 -0.30471 2.89129 -0.0169625 -0.0246405 194.364
1100433 12 0.01 0.5 32.9 -0.0273729 0.216421 2.42487 -0.00013763 0.015619 194.364
1100906 12 0.01 0.5 32.9 0.0584707 0.407015 4.3484 0.00944386 0.0548368 194.364
1101297 12 0.01 0.5 32.9 -0.410225 -0.458072 3.66093 -0.0465165 -0.0512158 194.364
1102412 12 0.01 0.5 32.9 0.0720695 0.168071 2.27444 0.0056699 0.0128839 194.364
1103564 12 0.01 0.5 32.9 0.0452706 -0.419876 4.09277 0.00366427 -0.0516729 194.364
1104109 12 0.01 0.5 32.9 -0.158291 -0.460028 2.36448 -0.00908812 -0.0320934 194.364
1107580 12 0.01 0.5 32.9 0.0927546 0.251624 2.32431 0.0057259 0.0200699 194.364
1108874 12 0.01 0.5 32.9 -0.195496 0.291031 5.25291 -0.0323374 0.0461196 194.364
1110299 12 0.01 0.5 32.9 0.207304 -0.0634282 3.82437 0.0231496 -0.00745629 194.364
1110680 12 0.01 0.5 32.9 0.078228 0.303349 5.38735 0.0133396 0.0482541 194.364
1112617 12 0.01 0.5 32.9 0.296614 0.00471083 1.28202 0.012241 0.00089146 194.364
1113868 12 0.01 0.5 32.9 0.458106 0.293613 1.34292 0.0199868 0.0117748 194.364
1114522 12 0.01 0.5 32.9 -0.142779 0.15826 2.28173 -0.00997627 0.00839802 194.364
1115557 12 0.01 0.5 32.9 0.433356 0.00263256 0.857774 0.0135127 -0.00152636 194.364
1115996 12 0.01 0.5 32.9 0.0297511 0.189798 1.82218 0.00145602 0.00876689 194.364
1116762 12 0.01 0.5 32.9 0.144478 -0.29697 1.06465 0.003717 -0.00689476 194.364
1121197 12 0.01 0.5 32.9 0.357676 0.170622 18.1172 0.197804 0.0941137 194.364
1121977 12 0.01 0.5 32.9 0.0672594 -0.228753 2.18641 0.00446382 -0.0126039 194.364
1122222 12 0.01 0.5 32.9 -0.0341214 -0.198996 1.74642 -0.00238732 -0.00883022 194.364
1125875 12 0.01 0.5 32.9 0.0872032 -0.00607603 2.08298 0.00630952 -0.00146696 194.364
1127635 12 0.01 0.5 32.9 -0.412589 -0.12374 0.952359 -0.0117343 -0.00415225 194.364
1128357 12 0.01 0.5 32.9 -0.23747 -0.126697 0.26568 -0.00479025 0.000837221 194.364
1128839 12 0.01 0.5 32.9 -0.262993 0.447102 0.99194 -0.00830777 0.0144688 194.364
1129310 12 0.01 0.5 32.9 -0.0396268 0.270784 2.14274 -0.00195622 0.0175412 194.364
1130294 12 0.01 0.5 32.9 -0.335204 0.464493 3.49102 -0.0358031 0.0513174 194.364
1131112 12 0.01 0.5 32.9 0.34422 -0.465786 2.81579 0.0291787 -0.0394287 194.364
1132291 12 0.01 0.5 32.9 0.323047 -0.132155 3.20119 0.030986 -0.0141874 194.364
1133017 12 0.01 0.5 32.9 0.378382 0.407779 2.82015 0.0312615 0.0337498 194.364
1133377 12 0.01 0.5 32.9 -0.291012 -0.444922 2.29776 -0.020768 -0.0287188 194.364
1133782 12 0.01 0.5 32.9 -0.113418 0.0211076 1.74219 -0.00626291 0.00273147 194.364
1136387 12 0.01 0.5 32.9 -0.285906 -0.218753 5.55871 -0.0489593 -0.0347479 194.364
1137362 12 0.01 0.5 32.9 -0.418753 -0.346899 2.35726 -0.0300424 -0.0229781 194.364
1144347 12 0.01 0.5 32.9 0.49518 -0.267941 1.48523 0.024004 -0.010061 194.364
1148775 12 0.01 0.5 32.9 -0.0881799 -0.0147793 1.46321 -0.00132238 -0.000354547 194.364
1151384 12 0.01 0.5 32.9 -0.415716 -0.349459 2.21684 -0.0280048 -0.0242729 194.364
1151743 12 0.01 0.5 32.9 0.0751457 -0.112953 3.15185 0.00535431 -0.0111934 194.364
1151859 12 0.01 0.5 32.9 -0.265712 -0.283685 3.02524 -0.0247737 -0.0250743 194.364
1152140 12 0.01 0.5 32.9 0.0896225 -0.161147 1.69585 0.00352267 -0.00713386 194.364
1153202 12 0.01 0.5 32.9 -0.441678 0.277801 1.52925 -0.0220061 0.0143998 194.364
1153881 12 0.01 0.5 32.9 -0.0953861 -0.155347 4.39101 -0.0118675 -0.0195116 194.364
1153924 12 0.01 0.5 32.9 -0.409854 0.377063 1.36387 -0.0153219 0.0177818 194.364
1154840 12 0.01 0.5 32.9 -0.31754 -0.438217 0.847936 -0.0102723 -0.0118067 194.364
1155091 12 0.01 0.5 32.9 -0.452769 -0.292034 1.82065 -0.0257042 -0.0139801 194.364
1156926 12 0.01 0.5 32.9 -0.263094 0.246872 4.5199 -0.0359987 0.0324134 194.364
1157488 12 0.01 0.5 32.9 -0.00382348 -0.040661 4.32295 -3.50903e-07 -0.00540517 194.364
1158439 12 0.01 0.5 32.9 -0.199955 -0.111542 2.88766 -0.0189645 -0.00874573 194.364
1158488 12 0.01 0.5 32.9 -0.267907 -0.456117 4.11852 -0.033671 -0.0576666 194.364
1163897 12 0.01 0.5 32.9 -0.0845001 0.104829 3.77318 -0.0103518 0.0128006 194.364
1164095 12 0.01 0.5 32.9 0.381973 0.277987 3.86903 0.0453317 0.0350397 194.364
1166629 12 0.01 0.5 32.9 0.422442 0.284174 1.69175 0.0214544 0.0148385 194.364
1169105 12 0.01 0.5 32.9 -0.319597 0.245513 2.29434 -0.0200831 0.0198569 194.364
1169111 12 0.01 0.5 32.9 -0.393005 0.261907 4.99734 -0.0607741 0.0393645 194.364
1169579 12 0.01 0.5 32.9 -0.3195 -0.046081 3.7999 -0.0358816 -0.00240192 194.364
1173520 12 0.01 0.5 32.9 0.333443 0.161838 2.79435 0.0257073 0.0159802 194.364
1174570 12 0.01 0.5 32.9 -0.410996 0.0526131 4.67258 -0.0585126 0.00786464 194.364
1175228 12 0.01 0.5 32.9 -0.0716576 0.238004 0.260325 0.00147956 0.00167949 194.364
1176259 12 0.01 0.5 32.9 0.380259 -0.145845 3.86604 0.0468992 -0.0165143 194.364
1178849 12 0.01 0.5 32.9 -0.25684 0.304539 1.94289 -0.0155829 0.020174 194.364
1180024 12 0.01 0.5 32.9 0.135014 -0.309015 2.10964 0.00998042 -0.0180189 194.364
1181968 12 0.01 0.5 32.9 0.170627 0.483066 0.891512 0.00560087 0.0119061 194.364
1186556 12 0.01 0.5 32.9 0.18415 0.496145 1.58863 0.00773537 0.0259435 194.364
1186873 12 0.01 0.5 32.9 -0.0741211 -0.0962216 1.47315 -0.00175291 -0.004319 194.364
1188389 12 0.01 0.5 32.9 0.413108 0.0672835 2.76835 0.0351467 0.00707081 194.364
1192330 12 0.01 0.5 32.9 -0.00792231 0.304348 1.71461 -0.00120269 0.0150785 194.364
1192700 12 0.01 0.5 32.9 -0.0735293 -0.160183 1.11495 -0.00286566 -0.00441254 194.364
1195990 12 0.01 0.5 32.9 -0.341123 -0.282451 4.76081 -0.0501837 -0.0392127 194.364
1196394 12 0.01 0.5 32.9 0.42877 -0.229259 1.97812 0.0245532 -0.0127572 194.364
1196925 12 0.01 0.5 32.9 -0.263966 0.0806117 4.66333 -0.0366598 0.00967942 194.364
1197450 12 0.01 0.5 32.9 0.371854 -0.231925 2.30676 0.0253935 -0.016741 194.364
1199118 12 0.01 0.5 32.9 -0.422703 -0.205724 5.66106 -0.0718175 -0.0358071 194.364
1199572 12 0.01 0.5 32.9 0.0655017 0.406204 0.871762 0.00547246 0.0124738 194.364
1199635 12 0.01 0.5 32.9 -0.200827 -0.432805 4.21355 -0.0266092 -0.0557712 194.364
1201088 12 0.01 0.5 32.9 -0.222307 -0.346046 2.52609 -0.0142607 -0.0267648 194.364
1208554 12 0.01 0.5 32.9 -0.423574 -0.438579 1.02782 -0.0148554 -0.0151665 194.364
1209957 12 0.01 0.5 32.9 -0.461703 -0.190465 3.07057 -0.0425494 -0.0181678 194.364
1212165 12 0.01 0.5 32.9 0.302873 0.155219 1.37559 0.0128406 0.00846886 194.364
1212817 12 0.01 0.5 32.9 -0.340041 0.241796 5.81776 -0.058481 0.0450857 194.364
1213139 12 0.01 0.5 32.9 0.208367 0.124032 2.47836 0.0171305 0.0132698 194.364
1213522 12 0.01 0.5 32.9 0.158629 0.088809 3.59663 0.0196239 0.00705588 194.364
1219485 12 0.01 0.5 32.9 0.466656 -0.362683 1.00162 0.0130444 -0.0108037 194.364
1219639 12 0.01 0.5 32.9 0.401616 0.285979 2.38701 0.0298202 0.0206988 194.364
1220518 12 0.01 0.5 32.9 -0.268437 0.11261 1.84978 -0.0160749 0.00849199 194.364
1222137 12 0.01 0.5 32.9 0.316196 0.0814948 1.75133 0.0200073 0.00333595 194.364
1222180 12 0.01 0.5 32.9 0.363215 -0.474258 3.1356 0.0355359 -0.0447386 194.364
1224430 12 0.01 0.5 32.9 0.111512 0.108463 4.08374 0.0148116 0.0130437 194.364
1225627 12 0.01 0.5 32.9 0.162322 -0.291991 1.59772 0.0105066 -0.0131205 194.364
1225686 12 0.01 0.5 32.9 -0.229019 0.0730053 0.578338 -0.00322869 0.00304549 194.364
1226863 12 0.01 0.5 32.9 0.113678 -0.229702 1.41315 0.00324786 -0.0107457 194.364
1230338 12 0.01 0.5 32.9 0.0952134 0.309522 1.12541 0.00558482 0.0113349 194.364
1230770 12 0.01 0.5 32.9 0.405215 -0.439868 2.30306 0.0281707 -0.0297091 194.364
1230816 12 0.01 0.5 32.9 -0.289942 0.158071 0.805308 -0.00533879 0.00271498 194.364
1232590 12 0.01 0.5 32.9 0.167158 -0.484542 6.12096 0.0326578 -0.0890662 194.364
1233165 12 0.01 0.5 32.9 0.19854 0.0865065 2.76565 0.0170914 0.00697885 194.364
1234121 12 0.01 0.5 32.9 -0.328518 0.421577 3.12204 -0.028599 0.0412742 194.364
1234234 12 0.01 0.5 32.9 0.279353 0.376379 4.5115 0.0390258 0.0527741 194.364
1235993 12 0.01 0.5 32.9 -0.336628 -0.0954475 2.79105 -0.0299112 -0.00779263 194.364
1236500 12 0.01 0.5 32.9 0.322133 -0.126167 1.35523 0.0154937 -0.00422581 194.364
1236513 12 0.01 0.5 32.9 -0.321384 0.430458 3.16412 -0.0311818 0.0400018 194.364
1236534 12 0.01 0.5 32.9 0.409613 0.448562 2.66636 0.0324585 0.0368337 194.364
1239681 12 0.01 0.5 32.9 -0.29904 0.0908854 3.3547 -0.0288378 0.0110843 194.364
1239816 12 0.01 0.5 32.9 0.138744 -0.366108 4.42671 0.0197679 -0.0480546 194.364
1241457 12 0.01 0.5 32.9 -0.37828 -0.216836 1.0835 -0.0120692 -0.00637078 194.364
1247528 12 0.01 0.5 32.9 0.248399 0.29123 2.57167 0.0205118 0.0258287 194.364
1248482 12 0.01 0.5 32.9 -0.144134 0.28513 1.01496 -0.00418808 0.00952307 194.364
1250963 12 0.01 0.5 32.9 -0.46118 -0.1474 1.97614 -0.0259955 -0.00751481 194.364
1252953 12 0.01 0.5 32.9 -0.159837 0.42624 1.45419 -0.00700943 0.0202359 194.364
1253248 12 0.01 0.5 32.9 -0.317685 -0.146691 5.37145 -0.0530264 -0.023702 194.364
1253286 12 0.01 0.5 32.9 -0.326847 -0.0313673 1.57982 -0.0172265 -0.000115284 194.364
1255342 12 0.01 0.5 32.9 0.330801 -0.311303 1.09058 0.0128296 -0.00969011 194.364
1256108 12 0.01 0.5 32.9 -0.00493286 -0.43435 4.84114 -0.000638392 -0.0644368 194.364
1257111 12 0.01 0.5 32.9 -0.150977 -0.317476 0.79421 -0.00237216 -0.00834908 194.364
1258060 12 0.01 0.5 32.9 0.196099 -0.182883 0.965733 0.00734226 -0.00420323 194.364
1261938 12 0.01 0.5 32.9 -0.487221 0.0824174 1.35497 -0.019506 0.000527096 194.364
1262081 12 0.01 0.5 32.9 -0.198472 0.273634 1.16728 -0.00675513 0.0110253 194.364
1263330 12 0.01 0.5 32.9 0.387276 0.271621 0.980078 0.0107826 0.00619949 194.364
1263962 12 0.01 0.5 32.9 0.254736 0.240072 1.21291 0.0109216 0.0103548 194.364
1264305 12 0.01 0.5 32.9 -0.403437 -0.0492159 1.89502 -0.0224047 -0.000380035 194.364
1264362 12 0.01 0.5 32.9 0.261432 0.00585003 3.03065 0.0223405 0.000142696 194.364
1264768 12 0.01 0.5 32.9 0.230853 -0.413608 0.524279 0.00359818 -0.00724818 194.364
1264950 12 0.01 0.5 32.9 -0.00758059 0.320864 2.85435 0.00119794 0.0285435 194.364
1266015 12 0.01 0.5 32.9 0.395356 -0.481606 4.79154 0.0579816 -0.0724278 194.364
1266253 12 0.01 0.5 32.9 0.410112 -0.0522467 1.22336 0.015242 -0.00146094 194.364
1268298 12 0.01 0.5 32.9 -0.0063077 0.475317 3.07225 -0.000750737 0.0443807 194.364
1268325 12 0.01 0.5 32.9 0.0888969 0.121983 2.97052 0.00660451 0.0114183 194.364
1268704 12 0.01 0.5 32.9 0.0675815 0.195897 3.1095 0.00877909 0.0173131 194.364
1269691 12 0.01 0.5 32.9 -0.26223 0.127106 1.7073 -0.0127619 0.00667343 194.364
1270917 12 0.01 0.5 32.9 -0.376218 -0.313541 2.61949 -0.0287605 -0.0243783 194.364
1271772 12 0.01 0.5 32.9 0.165777 0.322839 4.26357 0.0199911 0.0394641 194.364
1276701 12 0.01 0.5 32.9 -0.171338 -0.467458 1.37853 -0.00605132 -0.018576 194.364
1277752 12 0.01 0.5 32.9 -0.451945 -0.283501 2.52807 -0.0352148 -0.0196262 194.364
1278423 12 0.01 0.5 32.9 -0.116295 -0.227229 0.826065 -0.00309995 -0.00565742 194.364
1279091 12 0.01 0.5 32.9 -0.103815 0.367665 3.29235 -0.00932809 0.0378859 194.364
1279972 12 0.01 0.5 32.9 0.0498276 0.43019 1.41565 0.00165545 0.017881 194.364
1285276 12 0.01 0.5 32.9 0.0376414 -0.247827 1.0707 0.00212727 -0.0074189 194.364
1285992 12 0.01 0.5 32.9 -0.162056 0.025403 3.40011 -0.0164496 0.00143464 194.364
1287586 12 0.01 0.5 32.9 -0.257744 0.456229 8.37112 -0.0667896 0.118227 194.364
1291231 12 0.01 0.5 32.9 -0.0396785 0.0603396 2.76556 -0.00344054 0.00535657 194.364
1292014 12 0.01 0.5 32.9 0.437645 0.478271 0.756163 0.0105336 0.0103688 194.364
1292398 12 0.01 0.5 32.9 -0.215831 0.372244 2.52407 -0.0161123 0.0312723 194.364
1293537 12 0.01 0.5 32.9 -0.0814869 -0.273618 1.94584 -0.00403385 -0.0160309 194.364
1294277 12 0.01 0.5 32.9 0.278316 -0.134246 2.17022 0.0154498 -0.00743021 194.364
1298617 12 0.01 0.5 32.9 0.188392 -0.292243 2.39405 0.0121272 -0.0206579 194.364
1299077 12 0.01 0.5 32.9 -0.480234 0.291109 1.10785 -0.0143485 0.0102079 194.364
1300173 12 0.01 0.5 32.9 0.00192559 0.372823 0.579009 -0.00425008 0.00746807 194.364
1300870 12 0.01 0.5 32.9 -0.219663 -0.350706 3.2349 -0.0226771 -0.0325694 194.364
1301204 12 0.01 0.5 32.9 0.476957 0.484934 1.34361 0.0190535 0.0189408 194.364
1302753 12 0.01 0.5 32.9 -0.275622 -0.415545 3.40879 -0.0289963 -0.0426001 194.364
1305386 12 0.01 0.5 32.9 0.331361 -0.438416 0.759287 0.00783121 -0.00805285 194.364
1305675 12 0.01 0.5 32.9 -0.00266916 0.254367 3.01797 0.000964547 0.023874 194.364
1306038 12 0.01 0.5 32.9 0.271407 0.0124216 4.01491 0.0315964 0.00183825 194.364
1307560 12 0.01 0.5 32.9 0.34431 0.0784524 2.26726 0.0231882 0.0046694 194.364
1308585 12 0.01 0.5 32.9 0.469457 0.323744 1.99959 0.0282116 0.0181979 194.364
1309885 12 0.01 0.5 32.9 0.413716 -0.277829 1.13895 0.0127517 -0.00894923 194.364
1310374 12 0.01 0.5 32.9 -0.2758 0.245541 1.94823 -0.0155011 0.0166116 194.364
1315919 12 0.01 0.5 32.9 0.368552 -0.117233 2.74132 0.0289087 -0.0106067 194.364
1316249 12 0.01 0.5 32.9 -0.431405 -0.441691 4.16072 -0.0529994 -0.0555062 194.364
1318702 12 0.01 0.5 32.9 -0.22855 0.479055 1.82345 -0.0156686 0.0294314 194.364
1321976 12 0.01 0.5 32.9 -0.388408 0.402941 0.938736 -0.0126742 0.01202 194.364
1323413 12 0.01 0.5 32.9 -0.347483 -0.0344318 0.39701 -0.00494655 0.00115552 194.364
1323517 12 0.01 0.5 32.9 -0.059398 -0.3475 2.16473 -0.00340366 -0.0210662 194.364
1324387 12 0.01 0.5 32.9 0.281537 -0.498989 3.22288 0.0274337 -0.0469033 194.364
1326179 12 0.01 0.5 32.9 -0.125179 0.444849 4.02777 -0.0137382 0.05164 194.364
1331339 12 0.01 0.5 32.9 -0.0327558 -0.2661 3.01154 -0.00243185 -0.0219229 194.364
1332405 12 0.01 0.5 32.9 0.473433 0.427942 2.88741 0.0414189 0.0374882 194.364
1333102 12 0.01 0.5 32.9 -0.0452805 -0.44795 1.80175 -0.00419853 -0.0220363 194.364
1333397 12 0.01 0.5 32.9 -0.168949 -0.267996 3.14777 -0.0144019 -0.0240653 194.364
1335936 12 0.01 0.5 32.9 -0.212413 0.392196 0.649391 -0.00679036 0.0066474 194.364
1336975 12 0.01 0.5 32.9 -0.195857 -0.0547766 2.03645 -0.0121205 -0.00234768 194.364
1339955 12 0.01 0.5 32.9 -0.243715 0.463142 0.843895 -0.00741999 0.014697 194.364
1342787 12 0.01 0.5 32.9 -0.453917 0.389632 0.902009 -0.0105387 0.0119917 194.364
1344887 12 0.01 0.5 32.9 -0.130948 0.462179 8.06383 -0.0328073 0.113186 194.364
1346322 12 0.01 0.5 32.9 0.00670312 0.0861374 3.33828 0.00287867 0.00867311 194.364
1347786 12 0.01 0.5 32.9 -0.453177 0.352754 0.920837 -0.0160619 0.00933781 194.364
1348885 12 0.01 0.5 32.9 -0.494897 0.468745 2.68637 -0.0416983 0.0415447 194.364
1350173 12 0.01 0.5 32.9 0.0240988 0.296561 4.68527 0.00389161 0.0429278 194.364
1351552 12 0.01 0.5 32.9 0.343813 -0.490864 1.16404 0.0121415 -0.0169523 194.364
1352111 12 0.01 0.5 32.9 0.00610769 -0.197878 2.47422 0.00119277 -0.0167605 194.364
1352952 12 0.01 0.5 32.9 -0.298281 0.0737366 2.52062 -0.0227514 0.00581759 194.364
1353751 12 0.01 0.5 32.9 0.43989 -0.283745 1.25105 0.0173983 -0.00894983 194.364
1354945 12 0.01 0.5 32.9 0.0412701 -0.287332 1.71071 0.00265082 -0.0115352 194.364
1357087 12 0.01 0.5 32.9 -0.476917 0.45182 5.89095 -0.0840231 0.0814125 194.364
1357349 12 0.01 0.5 32.9 0.156137 -0.15162 4.53342 0.0186373 -0.0205671 194.364
1361559 12 0.01 0.5 32.9 0.377665 0.0307323 2.78625 0.0326024 0.0038489 194.364
1362068 12 0.01 0.5 32.9 0.0112957 0.419069 6.23875 0.000275938 0.0794432 194.364
1362641 12 0.01 0.5 32.9 -0.023774 -0.47538 5.94695 -0.00615793 -0.0839348 194.364
1363430 12 0.01 0.5 32.9 -0.462252 0.196871 2.29145 -0.0322756 0.0152927 194.364
1364304 12 0.01 0.5 32.9 -0.307514 0.335643 4.56734 -0.0438499 0.0484144 194.364
1365525 12 0.01 0.5 32.9 -0.077468 0.394051 8.35501 -0.0203994 0.101566 194.364
1369221 12 0.01 0.5 32.9 0.302725 -0.362624 3.87606 0.0366582 -0.0425882 194.364
1371119 12 0.01 0.5 32.9 0.319388 -0.425186 2.91884 0.0271167 -0.0364888 194.364
1371377 12 0.01 0.5 32.9 0.389342 -0.153748 1.06304 0.0124276 -0.00533022 194.364
1374439 12 0.01 0.5 32.9 0.49871 -0.0168113 1.94313 0.0322451 -0.00145892 194.364
1376609 12 0.01 0.5 32.9 0.0600933 -0.425955 1.82804 0.00387948 -0.0214116 194.364
1376827 12 0.01 0.5 32.9 -0.287439 -0.313335 0.766218 -0.00550763 -0.00669812 194.364
1378686 12 0.01 0.5 32.9 0.200877 -0.261839 1.09418 0.0083384 -0.0081944 194.364
1379534 12 0.01 0.5 32.9 0.195453 0.0902093 1.10056 0.00732022 0.00173526 194.364
1380693 12 0.01 0.5 32.9 0.143345 -0.192455 4.64938 0.0213782 -0.0248021 194.364
1382013 12 0.01 0.5 32.9 -0.335267 -0.00706286 1.31016 -0.0127909 0.00100265 194.364
1384126 12 0.01 0.5 32.9 -0.0637111 -0.118311 1.38916 -0.00356078 -0.00262067 194.364
1385084 12 0.01 0.5 32.9 -0.132184 0.309226 3.57362 -0.0137289 0.0341288 194.364
1386353 12 0.01 0.5 32.9 -0.196104 -0.0351766 4.86139 -0.0275936 -0.00501155 194.364
1387128 12 0.01 0.5 32.9 0.477166 0.079502 1.39676 0.0217335 0.00468149 194.364
1389365 12 0.01 0.5 32.9 -0.103395 0.367951 0.981111 -0.00294478 0.0117066 194.364
1391010 12 0.01 0.5 32.9 -0.0902144 0.403772 2.91557 -0.00845321 0.0356905 194.364
1392733 12 0.01 0.5 32.9 -0.309589 0.377255 2.55763 -0.0238384 0.0307985 194.364
1395840 12 0.01 0.5 32.9 -0.356986 0.309606 1.92498 -0.0215098 0.0167386 194.364
1396932 12 0.01 0.5 32.9 0.0885687 -0.254215 1.24095 0.00389137 -0.00773985 194.364
1397136 12 0.01 0.5 32.9 0.473181 0.274782 4.96663 0.0716662 0.0412441 194.364
1405019 12 0.01 0.5 32.9 0.157433 0.226654 1.23993 0.00522566 0.00892563 194.364
1405378 12 0.01 0.5 32.9 0.4731 -0.136133 0.952673 0.0111936 -0.00433009 194.364
1407617 12 0.01 0.5 32.9 -0.408001 0.290826 1.13389 -0.0149554 0.0103475 194.364
1408105 12 0.01 0.5 32.9 -0.465622 0.416946 12.367 -0.174691 0.160567 194.364
1409426 12 0.01 0.5 32.9 0.31483 0.415058 2.76288 0.0262947 0.0370575 194.364
1410207 12 0.01 0.5 32.9 -0.426686 0.249778 1.32921 -0.018169 0.0121794 194.364
1414408 12 0.01 0.5 32.9 -0.0509057 0.00161888 2.39225 -0.0049108 0.00204244 194.364
1414594 12 0.01 0.5 32.9 0.0526591 -0.349399 1.63154 0.00280099 -0.0170641 194.364
1414876 12 0.01 0.5 32.9 -0.115374 -0.448368 2.91657 -0.00899117 -0.0400705 194.364
1418457 12 0.01 0.5 32.9 0.497688 -0.240375 0.872039 0.0145576 -0.00704863 194.364
1420622 12 0.01 0.5 32.9 -0.39935 -0.3329 4.52854 -0.0555627 -0.0445468 194.364
1421876 12 0.01 0.5 32.9 0.0919826 0.00230816 4.31683 0.0141438 -0.00119465 194.364
1423204 12 0.01 0.5 32.9 0.0197412 -0.398332 3.04677 0.00193302 -0.0358095 194.364
1423672 12 0.01 0.5 32.9 -0.408531 -0.0930089 1.57105 -0.0214419 -0.00568797 194.364
1424194 12 0.01 0.5 32.9 0.2742 0.411401 1.7281 0.0162813 0.0203305 194.364
1424312 12 0.01 0.5 32.9 -0.100837 0.347045 1.37128 -0.00537615 0.0130322 194.364
1430267 12 0.01 0.5 32.9 -0.280544 -0.0339624 4.2269 -0.0356358 -0.00209762 194.364
1439227 12 0.01 0.5 32.9 0.102899 0.349525 1.99039 0.00872018 0.0255434 194.364
1439494 12 0.01 0.5 32.9 -0.108825 -0.425717 2.05477 -0.00670719 -0.0283808 194.364
1442032 12 0.01 0.5 32.9 0.0856025 -0.345753 1.34339 0.0036001 -0.0120795 194.364
1442975 12 0.01 0.5 32.9 -0.285122 -0.255675 3.3418 -0.0278771 -0.0253737 194.364
1443754 12 0.01 0.5 32.9 0.165817 -0.0480158 2.39105 0.0130111 -0.00270202 194.364
1444415 12 0.01 0.5 32.9 -0.109741 0.23038 3.64045 -0.0126212 0.0271912 194.364
1444689 12 0.01 0.5 32.9 0.483806 0.386727 3.6067 0.0499352 0.0418457 194.364
1446030 12 0.01 0.5 32.9 -0.492756 -0.347461 0.644799 -0.0129946 -0.00552428 194.364
1446777 12 0.01 0.5 32.9 0.337085 0.0615689 4.39156 0.045508 0.00781255 194.364
1449457 12 0.01 0.5 32.9 -0.1332 -0.447231 2.48325 -0.0134291 -0.0327919 194.364
1452158 12 0.01 0.5 32.9 -0.109394 0.308567 0.635958 -0.00410997 0.00662743 194.364
1452238 12 0.01 0.5 32.9 -0.276703 -0.363558 2.17455 -0.0187509 -0.0206038 194.364
1455646 12 0.01 0.5 32.9 0.477549 0.255728 4.44237 0.0648304 0.0342305 194.364
1458271 12 0.01 0.5 32.9 0.325957 0.435508 2.40422 0.024612 0.0337498 194.364
1459425 12 0.01 0.5 32.9 0.0173774 -0.181011 1.37506 0.000819482 -0.00900025 194.364
1463570 12 0.01 0.5 32.9 0.319016 -0.227573 1.94991 0.018489 -0.0122712 194.364
1464414 12 0.01 0.5 32.9 0.0450634 -0.0786832 1.06273 -0.00153488 -0.00424956 194.364
1466670 12 0.01 0.5 32.9 -0.363083 -0.0229034 2.16151 -0.0261521 -0.00239357 194.364
1468471 12 0.01 0.5 32.9 0.320486 -0.0370462 1.24161 0.00882529 -0.0012011 194.364
1469513 12 0.01 0.5 32.9 0.257059 -0.364445 1.00112 0.00786573 -0.00905652 194.364
1475241 12 0.01 0.5 32.9 -0.375675 0.114881 3.21995 -0.0354475 0.0118334 194.364
1477555 12 0.01 0.5 32.9 -0.347874 0.39124 3.79515 -0.0409073 0.0453685 194.364
1478597 12 0.01 0.5 32.9 0.333094 -0.436908 1.8433 0.0207055 -0.0243019 194.364
1478850 12 0.01 0.5 32.9 -0.0841336 0.479688 1.3567 -0.0033825 0.0215468 194.364
1482831 12 0.01 0.5 32.9 -0.396137 0.336044 3.34802 -0.0402895 0.0330458 194.364
1484289 12 0.01 0.5 32.9 0.0679734 0.0516813 7.05226 0.0153814 0.0117923 194.364
1487053 12 0.01 0.5 32.9 0.214588 0.0654402 4.08196 0.0250301 0.00761286 194.364
1488107 12 0.01 0.5 32.9 0.235635 0.227294 2.44735 0.0181706 0.0192165 194.364
1488166 12 0.01 0.5 32.9 0.034285 -0.309324 4.28734 0.00510174 -0.0406681 194.364
501133 12 0.01 0.5 32.9 -0.184073 0.485157 1.67953 -0.00939432 0.0256073 194.295
502016 12 0.01 0.5 32.9 -0.469212 0.322322 2.95169 -0.0413271 0.0303086 194.295
503024 12 0.01 0.5 32.9 -0.240313 -0.317067 5.08386 -0.0369968 -0.0469043 194.295
508146 12 0.01 0.5 32.9 -0.33733 -0.473539 4.07281 -0.0439721 -0.0562626 194.295
510204 12 0.01 0.5 32.9 -0.182022 0.271354 1.65909 -0.0102598 0.0159296 194.295
512086 12 0.01 0.5 32.9 -0.0335995 0.0494681 8.33486 -0.00710583 0.0147718 194.295
512231 12 0.01 0.5 32.9 0.400803 -0.226929 2.0067 0.0240126 -0.0125924 194.295
513194 12 0.01 0.5 32.9 -0.0848031 -0.41041 2.29721 -0.00717046 -0.0278803 194.295
513274 12 0.01 0.5 32.9 0.0552273 0.128963 1.51935 0.0038444 0.00623694 194.295
513446 12 0.01 0.5 32.9 -0.337599 -0.243384 1.62108 -0.0168601 -0.012427 194.295
516477 12 0.01 0.5 32.9 -0.18995 -0.100878 5.6855 -0.034933 -0.017921 194.295
520285 12 0.01 0.5 32.9 0.247571 0.350671 1.15096 0.00890756 0.0119929 194.295
520575 12 0.01 0.5 32.9 -0.38048 -0.341549 2.79813 -0.0336893 -0.0286336 194.295
526637 12 0.01 0.5 32.9 -0.440738 -0.206302 2.05354 -0.0257892 -0.0125421 194.295
529028 12 0.01 0.5 32.9 -0.41365 -0.0890049 2.95438 -0.0375556 -0.00555062 194.295
529808 12 0.01 0.5 32.9 0.108188 -0.217502 1.48615 0.00633681 -0.00936517 194.295
531825 12 0.01 0.5 32.9 -0.387258 0.180058 3.59787 -0.0431563 0.0191875 194.295
532556 12 0.01 0.5 32.9 0.41835 -0.29689 1.19014 0.0143352 -0.0113257 194.295
534586 12 0.01 0.5 32.9 0.0175201 0.102553 5.30743 0.00191902 0.0177673 194.295
535097 12 0.01 0.5 32.9 -0.441872 0.184765 1.84893 -0.0245842 0.0113173 194.295
535176 12 0.01 0.5 32.9 -0.366935 0.379868 0.937478 -0.00966042 0.0119545 194.295
539214 12 0.01 0.5 32.9 0.396802 0.333359 6.06795 0.074275 0.0626674 194.295
539648 12 0.01 0.5 32.9 0.206816 -0.405904 5.7942 0.0358742 -0.0695345 194.295
541989 12 0.01 0.5 32.9 0.00688633 0.439243 2.61991 -0.000840042 0.0366966 194.295
544733 12 0.01 0.5 32.9 -0.398121 0.284007 1.36831 -0.0153481 0.0124837 194.295
545274 12 0.01 0.5 32.9 -0.345701 -0.470882 1.89874 -0.0186309 -0.0247787 194.295
547102 12 0.01 0.5 32.9 0.469127 0.392101 4.83635 0.0694234 0.0582645 194.295
548257 12 0.01 0.5 32.9 -0.302716 0.031185 2.11197 -0.0192167 0.00236423 194.295
548586 12 0.01 0.5 32.9 -0.137089 0.324342 2.35999 -0.0106248 0.0250177 194.295
549704 12 0.01 0.5 32.9 0.196709 0.129098 2.0839 0.012336 0.00884475 194.295
549918 12 0.01 0.5 32.9 -0.101849 0.222983 2.43597 -0.00644955 0.0161763 194.295
550036 12 0.01 0.5 32.9 0.0817108 -0.125976 9.8707 0.0223262 -0.0357065 194.295
552863 12 0.01 0.5 32.9 -0.267057 0.150858 0.851216 -0.00596755 0.00688094 194.295
554359 12 0.01 0.5 32.9 -0.0102056 -0.456045 4.09548 0.000886958 -0.0555802 194.295
555254 12 0.01 0.5 32.9 -0.210326 0.261928 5.18898 -0.0354094 0.0422299 194.295
557508 12 0.01 0.5 32.9 -0.375747 0.0516549 0.449758 -0.00147076 0.00090807 194.295
559273 12 0.01 0.5 32.9 0.489972 -0.116289 1.94612 0.0311608 -0.00790438 194.295
560618 12 0.01 0.5 32.9 0.207421 0.185797 3.34934 0.019629 0.0197094 194.295
560989 12 0.01 0.5 32.9 -0.236868 0.315894 3.39955 -0.0244144 0.0317856 194.295
562957 12 0.01 0.5 32.9 -0.323122 -0.0447341 1.27064 -0.0125068 -0.000596578 194.295
564435 12 0.01 0.5 32.9 0.310925 -0.405182 2.44421 0.0221942 -0.0294476 194.295
564733 12 0.01 0.5 32.9 -0.0868319 0.395102 4.08104 -0.00661239 0.0524595 194.295
566341 12 0.01 0.5 32.9 -0.287703 -0.381343 2.12708 -0.0204866 -0.0232051 194.295
567253 12 0.01 0.5 32.9 0.218366 -0.120197 3.47021 0.0225267 -0.0103728 194.295
567573 12 0.01 0.5 32.9 0.185908 0.448182 3.78578 0.0204925 0.051575 194.295
569230 12 0.01 0.5 32.9 0.197724 0.346059 1.37425 0.0100507 0.0155067 194.295
575410 12 0.01 0.5 32.9 -0.0994485 0.447003 1.88826 -0.00585862 0.0264297 194.295
576312 12 0.01 0.5 32.9 0.00105641 0.269526 4.37448 0.000571274 0.0343665 194.295
576410 12 0.01 0.5 32.9 -0.0809556 -0.149716 1.8562 -0.0033477 -0.00795148 194.295
578812 12 0.01 0.5 32.9 0.190084 -0.288696 1.36268 0.00948249 -0.0127735 194.295
579318 12 0.01 0.5 32.9 0.457142 0.215796 0.481764 0.00496484 0.00373411 194.295
582783 12 0.01 0.5 32.9 -0.0606588 -0.207355 2.54864 -0.00514903 -0.0147695 194.295
582971 12 0.01 0.5 32.9 -0.323374 0.0627407 0.947171 -0.00971947 0.00225841 194.295
583059 12 0.01 0.5 32.9 -0.299389 0.176376 2.33741 -0.0248235 0.0141148 194.295
585139 12 0.01 0.5 32.9 0.433756 -0.270593 6.04088 0.0786983 -0.0465805 194.295
589726 12 0.01 0.5 32.9 0.126484 -0.430918 3.32947 0.0121436 -0.0430277 194.295
590378 12 0.01 0.5 32.9 0.276153 -0.325511 4.63885 0.0393516 -0.0437863 194.295
592176 12 0.01 0.5 32.9 -0.239702 0.137737 3.61246 -0.0272938 0.016416 194.295
592185 12 0.01 0.5 32.9 -0.49751 0.380817 1.25356 -0.0191867 0.0164247 194.295
593647 12 0.01 0.5 32.9 0.294441 0.231312 1.80369 0.0168473 0.0121605 194.295
594745 12 0.01 0.5 32.9 -0.374236 0.211077 2.48027 -0.0277049 0.0154305 194.295
594776 12 0.01 0.5 32.9 -0.389219 -0.357688 1.95805 -0.0236889 -0.0193292 194.295
595642 12 0.01 0.5 32.9 -0.331121 -0.474587 2.61671 -0.0271337 -0.0351808 194.295
595740 12 0.01 0.5 32.9 0.19614 -0.0194442 1.16704 0.00856161 -0.00229852 194.295
597284 12 0.01 0.5 32.9 -0.186467 -0.0590241 0.958132 -0.00801008 -0.00035296 194.295
597327 12 0.01 0.5 32.9 0.367643 0.413621 1.07347 0.0145035 0.0123191 194.295
605085 12 0.01 0.5 32.9 0.398126 -0.401394 1.80179 0.0236714 -0.0217723 194.295
605316 12 0.01 0.5 32.9 -0.0997752 0.0697351 4.36456 -0.01358 0.0103329 194.295
606373 12 0.01 0.5 32.9 0.282111 -0.342116 0.831307 0.00678743 -0.00589274 194.295
607561 12 0.01 0.5 32.9 -0.417751 0.265625 2.30562 -0.030839 0.0213193 194.295
608194 12 0.01 0.5 32.9 0.485068 -0.24798 2.88427 0.0436619 -0.0222542 194.295
608823 12 0.01 0.5 32.9 -0.490548 -0.207768 2.6935 -0.0406826 -0.0185034 194.295
609854 12 0.01 0.5 32.9 0.244899 -0.0337191 1.49292 0.00961965 -0.00249767 194.295
613146 12 0.01 0.5 32.9 -0.166096 -0.0916757 5.86978 -0.029637 -0.0159681 194.295
613608 12 0.01 0.5 32.9 -0.23424 -0.210412 2.08275 -0.0163808 -0.0134066 194.295
617002 12 0.01 0.5 32.9 0.187731 0.433306 4.49119 0.0227224 0.0598587 194.295
617438 12 0.01 0.5 32.9 0.4738 0.266125 1.23599 0.0184239 0.0114074 194.295
620052 12 0.01 0.5 32.9 0.198775 -0.490664 1.86954 0.0120537 -0.0292692 194.295
621505 12 0.01 0.5 32.9 0.19612 -0.243736 4.85824 0.0293323 -0.0338304 194.295
623550 12 0.01 0.5 32.9 -0.109841 0.489526 1.69294 -0.00625177 0.0258075 194.295
623690 12 0.01 0.5 32.9 0.134027 0.0862244 3.78693 0.0172243 0.0128836 194.295
623795 12 0.01 0.5 32.9 0.472919 -0.066879 38.5942 0.555978 -0.0744535 194.295
628061 12 0.01 0.5 32.9 0.141071 0.371338 6.4158 0.0288287 0.0723272 194.295
629546 12 0.01 0.5 32.9 -0.0871767 0.461452 1.06903 -0.0049314 0.0156078 194.295
637813 12 0.01 0.5 32.9 0.201175 0.202224 2.70305 0.017154 0.017918 194.295
638947 12 0.01 0.5 32.9 0.0278816 -0.33211 2.09428 0.00476272 -0.0201426 194.295
640531 12 0.01 0.5 32.9 -0.140899 -0.106574 2.97583 -0.0133693 -0.00831038 194.295
645311 12 0.01 0.5 32.9 -0.295085 0.0761477 1.12123 -0.00955215 0.00327056 194.295
647284 12 0.01 0.5 32.9 0.298596 -0.273602 4.10914 0.0388487 -0.0334861 194.295
651044 12 0.01 0.5 32.9 0.183289 -0.499942 1.69021 0.00715048 -0.0258533 194.295
652035 12 0.01 0.5 32.9 0.0473723 -0.450719 2.28963 0.0050151 -0.0320738 194.295
652040 12 0.01 0.5 32.9 0.39937 0.230212 0.949497 0.0107598 0.00712064 194.295
654342 12 0.01 0.5 32.9 -0.0285101 -0.212586 3.94266 -0.0025562 -0.0242243 194.295
656157 12 0.01 0.5 32.9 0.092355 0.276897 4.21693 0.0103139 0.0365808 194.295
660386 12 0.01 0.5 32.9 0.32327 -0.472823 3.33494 0.0324439 -0.0443342 194.295
661995 12 0.01 0.5 32.9 0.0129002 -0.19041 2.22107 -0.0017202 -0.012166 194.295
664067 12 0.01 0.5 32.9 0.129013 -0.470717 2.83196 0.0108162 -0.0367841 194.295
664466 12 0.01 0.5 32.9 -0.126338 0.252214 4.44897 -0.0172902 0.0359278 194.295
664573 12 0.01 0.5 32.9 -0.0846324 0.454188 2.91484 -0.010938 0.0400166 194.295
664753 12 0.01 0.5 32.9 -0.41177 -0.010877 4.75277 -0.0600398 -0.00221907 194.295
666424 12 0.01 0.5 32.9 0.162467 -0.347951 2.54531 0.0112953 -0.0265277 194.295
668115 12 0.01 0.5 32.9 -0.203915 -0.0492156 3.14959 -0.019494 -0.00442902 194.295
668727 12 0.01 0.5 32.9 0.328646 0.060455 2.48775 0.0250339 0.00555507 194.295
670559 12 0.01 0.5 32.9 -0.410972 -0.360883 4.7121 -0.0590689 -0.0516777 194.295
671564 12 0.01 0.5 32.9 -0.494399 0.430279 1.78275 -0.0242834 0.0254963 194.295
674276 12 0.01 0.5 32.9 0.383324 -0.232351 0.41829 0.00661381 -0.000701109 194.295
675051 12 0.01 0.5 32.9 -0.446186 -0.39935 2.20988 -0.0326884 -0.0263073 194.295
676116 12 0.01 0.5 32.9 -0.393183 -0.253486 3.13553 -0.0380913 -0.0229338 194.295
676257 12 0.01 0.5 32.9 -0.41663 -0.0208463 1.42541 -0.0186468 0.000115185 194.295
677594 12 0.01 0.5 32.9 -0.0642536 0.473837 2.17 -0.00410643 0.0325983 194.295
681623 12 0.01 0.5 32.9 -0.10098 -0.429641 3.05021 -0.00990208 -0.038439 194.295
685553 12 0.01 0.5 32.9 -0.186931 0.12871 0.921268 -0.00592877 0.00215473 194.295
687734 12 0.01 0.5 32.9 -0.489099 -0.448515 2.23596 -0.0360444 -0.0314665 194.295
692672 12 0.01 0.5 32.9 -0.161844 0.0452885 5.72068 -0.0286315 0.00722487 194.295
693200 12 0.01 0.5 32.9 0.444114 0.16019 2.24563 0.0292757 0.0100014 194.295
694048 12 0.01 0.5 32.9 -0.0903172 -0.0581151 5.80908 -0.0148021 -0.00960683 194.295
695820 12 0.01 0.5 32.9 0.350085 -0.420296 3.45708 0.0350393 -0.0448726 194.295
696296 12 0.01 0.5 32.9 0.0836904 -0.477684 3.29237 0.00853414 -0.0467656 194.295
699672 12 0.01 0.5 32.9 -0.358098 -0.492518 4.60168 -0.0481109 -0.0668352 194.295
699688 12 0.01 0.5 32.9 0.33385 -0.492761 3.59494 0.0350926 -0.0561262 194.295
703230 12 0.01 0.5 32.9 0.330903 0.315375 1.30539 0.0123781 0.0131968 194.295
703255 12 0.01 0.5 32.9 0.211485 -0.35916 3.34204 0.0210318 -0.0370554 194.295
704134 12 0.01 0.5 32.9 -0.346205 -0.0246956 1.41613 -0.0164712 -0.0033019 194.295
705033 12 0.01 0.5 32.9 -0.439359 0.328066 3.72777 -0.0496812 0.0390261 194.295
710009 12 0.01 0.5 32.9 -0.474082 0.245686 0.796679 -0.01481 0.00603198 194.295
710318 12 0.01 0.5 32.9 -0.154419 0.486727 3.55236 -0.0141142 0.0525824 194.295
710677 12 0.01 0.5 32.9 -0.319579 -0.223447 2.57851 -0.0259509 -0.0156244 194.295
711106 12 0.01 0.5 32.9 0.062346 -0.218929 2.41733 0.00301737 -0.0144485 194.295
711298 12 0.01 0.5 32.9 0.169381 -0.121754 1.8654 0.00835745 -0.00496138 194.295
716928 12 0.01 0.5 32.9 -0.393175 -0.000436527 2.12865 -0.0284476 0.00224554 194.295
717255 12 0.01 0.5 32.9 -0.433192 0.169742 1.60273 -0.0217566 0.00816585 194.295
721514 12 0.01 0.5 32.9 0.235859 -0.222343 2.27728 0.0146623 -0.016267 194.295
722145 12 0.01 0.5 32.9 0.236424 0.0258305 2.07263 0.0154429 -0.000751768 194.295
722431 12 0.01 0.5 32.9 0.207389 0.462195 1.63948 0.0104777 0.0228113 194.295
722479 12 0.01 0.5 32.9 -0.19105 0.478356 6.83121 -0.0386453 0.100552 194.295
724596 12 0.01 0.5 32.9 0.386355 0.49555 1.85071 0.0213217 0.0300918 194.295
726550 12 0.01 0.5 32.9 -0.340127 -0.110101 2.75675 -0.0291476 -0.00683459 194.295
726851 12 0.01 0.5 32.9 0.151521 -0.00565577 1.64002 0.00784948 0.00101802 194.295
728445 12 0.01 0.5 32.9 -0.325928 -0.384881 1.45915 -0.0137903 -0.015949 194.295
728829 12 0.01 0.5 32.9 0.172833 0.397088 1.96418 0.0115165 0.0255091 194.295
729282 12 0.01 0.5 32.9 -0.0668043 0.32333 3.93283 -0.00914476 0.0406674 194.295
731123 12 0.01 0.5 32.9 0.43519 -0.365269 0.906766 0.0125165 -0.0109737 194.295
731346 12 0.01 0.5 32.9 0.195448 -0.475606 0.857511 0.00640025 -0.0120478 194.295
731976 12 0.01 0.5 32.9 0.394413 -0.358232 1.4935 0.0177218 -0.0123098 194.295
732767 12 0.01 0.5 32.9 0.0143021 -0.144974 2.71948 0.0012007 -0.0118618 194.295
732802 12 0.01 0.5 32.9 -0.484663 -0.445066 4.09929 -0.0620598 -0.0540868 194.295
732861 12 0.01 0.5 32.9 -0.0633718 -0.247434 1.13921 -0.0022986 -0.00638334 194.295
734174 12 0.01 0.5 32.9 0.0979348 -0.318996 2.27878 0.00782198 -0.0204883 194.295
737259 12 0.01 0.5 32.9 -0.112681 0.127229 2.69971 -0.0101253 0.0101211 194.295
738303 12 0.01 0.5 32.9 0.133658 -0.297942 3.08683 0.013573 -0.0272628 194.295
738841 12 0.01 0.5 32.9 -0.323943 0.0840501 0.906155 -0.0108317 0.0052598 194.295
744928 12 0.01 0.5 32.9 -0.373861 -0.04955 2.62339 -0.02886 -0.00520408 194.295
745481 12 0.01 0.5 32.9 -0.475368 0.261287 5.50198 -0.0790339 0.0447763 194.295
748192 12 0.01 0.5 32.9 0.100449 0.177464 3.97929 0.0118207 0.0205743 194.295
750643 12 0.01 0.5 32.9 -0.278215 0.333628 2.24695 -0.0197555 0.0241806 194.295
751516 12 0.01 0.5 32.9 0.0703196 0.225926 2.49159 0.00504933 0.0150863 194.295
753098 12 0.01 0.5 32.9 -0.228741 -0.318138 1.43877 -0.00880009 -0.0119985 194.295
756671 12 0.01 0.5 32.9 -0.197427 -0.220517 4.46846 -0.0270766 -0.028294 194.295
757502 12 0.01 0.5 32.9 0.19579 0.363342 3.7529 0.0217421 0.0408879 194.295
757554 12 0.01 0.5 32.9 -0.469327 0.481601 2.22644 -0.0319034 0.0336429 194.295
758445 12 0.01 0.5 32.9 0.28136 0.363251 1.17469 0.00916577 0.0157549 194.295
759296 12 0.01 0.5 32.9 0.220902 -0.459854 4.84389 0.0313137 -0.0676879 194.295
761492 12 0.01 0.5 32.9 -0.0662087 -0.0146274 1.49261 -0.00145759 -0.00168902 194.295
762350 12 0.01 0.5 32.9 0.435755 -0.410973 2.0004 0.0271748 -0.0246431 194.295
762831 12 0.01 0.5 32.9 -0.156207 -0.209471 1.77083 -0.00865205 -0.010562 194.295
763790 12 0.01 0.5 32.9 -0.327736 0.247606 2.02508 -0.0200271 0.0154479 194.295
764581 12 0.01 0.5 32.9 -0.314362 -0.0853805 0.628987 -0.00605708 -0.000508578 194.295
765656 12 0.01 0.5 32.9 -0.319231 -0.26168 4.20047 -0.0414387 -0.0319788 194.295
771136 12 0.01 0.5 32.9 -0.490797 0.287597 2.55036 -0.0366881 0.0215185 194.295
771805 12 0.01 0.5 32.9 -0.288291 0.242718 1.91989 -0.0143238 0.0124484 194.295
772123 12 0.01 0.5 32.9 0.0886146 -0.218127 2.0995 0.00572559 -0.0137263 194.295
773740 12 0.01 0.5 32.9 -0.249656 -0.383455 2.63595 -0.0178531 -0.0298936 194.295
775316 12 0.01 0.5 32.9 -0.491603 0.463835 0.98623 -0.013526 0.0118739 194.295
777781 12 0.01 0.5 32.9 0.172541 -0.236562 1.60133 0.00801457 -0.0132868 194.295
778680 12 0.01 0.5 32.9 0.494993 -0.405687 4.88156 0.0744184 -0.0586708 194.295
780410 12 0.01 0.5 32.9 0.353502 0.316465 2.04689 0.022651 0.0200833 194.295
781611 12 0.01 0.5 32.9 -0.262531 -0.426063 0.955167 -0.00816934 -0.0136008 194.295
782769 12 0.01 0.5 32.9 0.280582 0.0111364 4.22771 0.0339381 0.00212493 194.295
783909 12 0.01 0.5 32.9 -0.288295 -0.0553621 5.12152 -0.0451576 -0.00668357 194.295
783923 12 0.01 0.5 32.9 -0.171108 -5.18261e-05 1.95651 -0.0104012 0.00245818 194.295
784436 12 0.01 0.5 32.9 -0.169057 -0.116283 2.02196 -0.0109108 -0.00773748 194.295
786377 12 0.01 0.5 32.9 -0.141652 -0.220652 1.34757 -0.00694082 -0.00887302 194.295
787074 12 0.01 0.5 32.9 -0.259754 0.238771 6.73452 -0.0541514 0.0485156 194.295
788146 12 0.01 0.5 32.9 0.0923605 -0.305227 1.15639 0.003585 -0.0118354 194.295
790879 12 0.01 0.5 32.9 0.467408 0.380683 1.85567 0.0252371 0.0205085 194.295
791602 12 0.01 0.5 32.9 -0.151567 0.145251 4.06482 -0.0175726 0.0200913 194.295
791612 12 0.01 0.5 32.9 0.434189 -0.0576676 4.29096 0.0586666 -0.00690144 194.295
793442 12 0.01 0.5 32.9 -0.377774 0.431471 3.23859 -0.0361812 0.0424009 194.295
797552 12 0.01 0.5 32.9 -0.317614 -0.459347 2.32569 -0.0225195 -0.0328725 194.295
800517 12 0.01 0.5 32.9 -0.252373 0.497171 2.3851 -0.0177469 0.0365409 194.295
800797 12 0.01 0.5 32.9 0.21007 0.291238 1.12843 0.00669068 0.00823473 194.295
806250 12 0.01 0.5 32.9 0.167973 0.49569 5.21197 0.0268283 0.0798764 194.295
811280 12 0.01 0.5 32.9 0.133726 0.205458 2.21104 0.0105776 0.0115586 194.295
815316 12 0.01 0.5 32.9 -0.0123273 0.41803 0.900075 -0.000848115 0.0104071 194.295
817115 12 0.01 0.5 32.9 0.135178 -0.39152 2.92238 0.0111068 -0.0354785 194.295
818260 12 0.01 0.5 32.9 0.0190559 0.478318 1.9463 0.00145722 0.0298309 194.295
818644 12 0.01 0.5 32.9 -0.491364 0.352613 0.720119 -0.0118826 0.00816025 194.295
819096 12 0.01 0.5 32.9 -0.292983 -0.468398 3.43273 -0.0311555 -0.0480502 194.295
822498 12 0.01 0.5 32.9 0.238753 -0.401786 1.41293 0.00852889 -0.0174074 194.295
828868 12 0.01 0.5 32.9 -0.115649 0.400722 1.14911 -0.00488634 0.0175373 194.295
829009 12 0.01 0.5 32.9 0.0354498 0.0756387 4.40608 0.00351104 0.0104383 194.295
835194 12 0.01 0.5 32.9 0.319774 -0.374683 1.97769 0.0197854 -0.0211484 194.295
836922 12 0.01 0.5 32.9 0.36155 0.0517637 1.46807 0.0164286 0.00163277 194.295
844214 12 0.01 0.5 32.9 -0.222202 0.423659 2.09755 -0.0114412 0.0259696 194.295
844488 12 0.01 0.5 32.9 0.417252 -0.141761 3.09126 0.0370327 -0.0121698 194.295
845190 12 0.01 0.5 32.9 -0.140363 0.41983 4.38911 -0.019333 0.0585645 194.295
847378 12 0.01 0.5 32.9 -0.428632 0.376913 0.617631 -0.00986344 0.00767427 194.295
847435 12 0.01 0.5 32.9 -0.258463 0.370928 2.56446 -0.0207139 0.0318041 194.295
850832 12 0.01 0.5 32.9 0.300991 0.331508 4.84706 0.0453684 0.0512803 194.295
851078 12 0.01 0.5 32.9 -0.387974 -0.445209 1.12544 -0.0123046 -0.0150469 194.295
851963 12 0.01 0.5 32.9 -0.403679 0.432141 2.0674 -0.0240924 0.0270868 194.295
852936 12 0.01 0.5 32.9 -0.00597045 0.27156 2.71392 -0.00294686 0.0208754 194.295
854296 12 0.01 0.5 32.9 0.470795 0.0664782 1.54743 0.0214271 0.00283432 194.295
856251 12 0.01 0.5 32.9 0.463766 0.311766 0.935511 0.013819 0.0106328 194.295
858206 12 0.01 0.5 32.9 -0.228731 0.417215 2.2685 -0.0153263 0.0299949 194.295
858958 12 0.01 0.5 32.9 0.0131088 -0.00771268 1.08913 0.00140416 -0.00136914 194.295
861967 12 0.01 0.5 32.9 -0.388963 0.395578 5.18696 -0.0613372 0.0621249 194.295
862143 12 0.01 0.5 32.9 0.48895 -0.409798 1.34007 0.021522 -0.0167986 194.295
862921 12 0.01 0.5 32.9 -0.0164373 -0.400809 5.38648 -0.00376987 -0.0649649 194.295
865308 12 0.01 0.5 32.9 -0.32877 0.0828304 3.68022 -0.0372515 0.00992193 194.295
868144 12 0.01 0.5 32.9 -0.166178 -0.12901 1.48412 -0.00631015 -0.00473091 194.295
869380 12 0.01 0.5 32.9 0.210642 0.289344 0.697294 0.00196361 0.00670576 194.295
876417 12 0.01 0.5 32.9 -0.319529 0.0122156 4.3969 -0.0412803 0.00360277 194.295
876458 12 0.01 0.5 32.9 -0.180398 0.141661 5.01589 -0.0281234 0.0223178 194.295
877491 12 0.01 0.5 32.9 -0.461326 -0.276509 1.30457 -0.0211814 -0.00941192 194.295
879063 12 0.01 0.5 32.9 -0.224054 -0.233538 4.16967 -0.0303749 -0.0284552 194.295
882072 12 0.01 0.5 32.9 -0.306854 0.097574 5.60147 -0.0515763 0.0164696 194.295
882132 12 0.01 0.5 32.9 -0.224962 0.286266 3.13132 -0.0229873 0.0276652 194.295
892789 12 0.01 0.5 32.9 -0.0903477 0.322297 1.11293 -0.00179595 0.0115697 194.295
893699 12 0.01 0.5 32.9 -0.26836 -0.121765 1.52555 -0.0114609 -0.00578989 194.295
894623 12 0.01 0.5 32.9 -0.407791 -0.18492 1.54431 -0.0220125 -0.00673993 194.295
897106 12 0.01 0.5 32.9 -0.189946 -0.45192 0.92166 -0.00458432 -0.0131376 194.295
903768 12 0.01 0.5 32.9 0.318571 0.184827 1.70538 0.0167009 0.00932288 194.295
904004 12 0.01 0.5 32.9 -0.474385 -0.207325 0.572977 -0.00813607 -0.00162253 194.295
904584 12 0.01 0.5 32.9 0.138278 0.47753 5.10666 0.0237996 0.0739088 194.295
906209 12 0.01 0.5 32.9 0.0103492 0.448971 0.628964 0.000180157 0.0101823 194.295
909324 12 0.01 0.5 32.9 -0.044884 0.176589 2.02133 -0.001589 0.0124561 194.295
911364 12 0.01 0.5 32.9 -0.193937 -0.345997 2.75018 -0.0164066 -0.0284966 194.295
911712 12 0.01 0.5 32.9 0.439872 -0.0252234 0.565349 0.00661084 -0.00176674 194.295
912345 12 0.01 0.5 32.9 0.360734 0.135296 2.52781 0.0284484 0.0131715 194.295
913116 12 0.01 0.5 32.9 0.366212 0.40402 1.47203 0.0163333 0.0191758 194.295
918177 12 0.01 0.5 32.9 0.372601 0.392441 4.11 0.0468692 0.0502871 194.295
919463 12 0.01 0.5 32.9 0.40329 0.490602 1.95931 0.0234457 0.0312795 194.295
919909 12 0.01 0.5 32.9 -0.266029 -0.464808 1.18443 -0.00787256 -0.0169753 194.295
923401 12 0.01 0.5 32.9 -0.321315 -0.127959 2.12049 -0.0218315 -0.00649145 194.295
924234 12 0.01 0.5 32.9 -0.125633 0.163383 2.55531 -0.0112494 0.0154273 194.295
924502 12 0.01 0.5 32.9 0.426356 0.279462 1.71829 0.0220765 0.0155543 194.295
929299 12 0.01 0.5 32.9 -0.0081754 -0.283045 1.82526 0.000545527 -0.0172955 194.295
930374 12 0.01 0.5 32.9 0.150112 0.0101317 0.998922 0.00512417 -0.00132529 194.295
935244 12 0.01 0.5 32.9 0.0679559 -0.0646489 0.593037 0.00111811 0.000205927 194.295
937144 12 0.01 0.5 32.9 0.253839 -0.250275 1.23234 0.0120115 -0.00667348 194.295
937699 12 0.01 0.5 32.9 -0.40803 0.128049 1.70981 -0.021956 0.00735085 194.295
937824 12 0.01 0.5 32.9 0.304141 0.28603 3.02779 0.0271589 0.0281999 194.295
941099 12 0.01 0.5 32.9 0.0891273 -0.149689 4.07751 0.0103 -0.0174237 194.295
941690 12 0.01 0.5 32.9 0.171345 0.0800728 1.9606 0.00908428 0.00210731 194.295
942495 12 0.01 0.5 32.9 0.225138 0.227134 5.47616 0.0363433 0.0372696 194.295
944960 12 0.01 0.5 32.9 0.298965 -0.00162751 2.21218 0.0207525 -7.9735e-05 194.295
950298 12 0.01 0.5 32.9 -0.31944 0.334673 0.918 -0.00814288 0.0122992 194.295
950735 12 0.01 0.5 32.9 -0.435213 -0.259339 1.73698 -0.0224657 -0.0120392 194.295
953408 12 0.01 0.5 32.9 -0.473435 0.476136 1.75644 -0.027955 0.0249413 194.295
954702 12 0.01 0.5 32.9 -0.0271519 0.344511 0.993221 8.87733e-05 0.0112575 194.295
955329 12 0.01 0.5 32.9 0.140251 0.448024 2.88939 0.012218 0.040058 194.295
956284 12 0.01 0.5 32.9 0.142336 -0.144896 1.63783 0.00543052 -0.00720628 194.295
957236 12 0.01 0.5 32.9 -0.231865 0.0951884 7.57869 -0.0551613 0.0240544 194.295
957810 12 0.01 0.5 32.9 0.312686 -0.193441 1.0086 0.0090042 -0.00527585 194.295
958977 12 0.01 0.5 32.9 0.273117 0.177677 3.37059 0.0284648 0.0210099 194.295
959126 12 0.01 0.5 32.9 -0.303065 0.495369 0.757663 -0.00846768 0.00963291 194.295
960795 12 0.01 0.5 32.9 0.113183 0.356159 1.40923 0.00441993 0.0161951 194.295
960812 12 0.01 0.5 32.9 -0.173756 0.02212 2.19115 -0.0112988 0.00380933 194.295
960923 12 0.01 0.5 32.9 -0.0604737 0.430464 4.18903 -0.0073598 0.0549473 194.295
961386 12 0.01 0.5 32.9 0.0652821 -0.407694 0.694013 -0.000274687 -0.00583159 194.295
962790 12 0.01 0.5 32.9 0.283792 -0.082111 3.14695 0.028761 -0.00805158 194.295
964084 12 0.01 0.5 32.9 0.431111 0.403755 5.81785 0.0767287 0.0727673 194.295
969405 12 0.01 0.5 32.9 0.226426 0.0785144 1.58041 0.00889094 0.00214873 194.295
970784 12 0.01 0.5 32.9 -0.0666423 -0.457228 0.790582 -0.00155979 -0.010566 194.295
974244 12 0.01 0.5 32.9 -0.373774 0.424904 0.571509 -0.00714726 0.00862278 194.295
974410 12 0.01 0.5 32.9 0.383653 0.176253 3.19313 0.0383489 0.0177502 194.295
977260 12 0.01 0.5 32.9 0.302209 0.367458 1.21718 0.00942257 0.0134096 194.295
978751 12 0.01 0.5 32.9 -0.440367 -0.253117 2.74066 -0.0348244 -0.019651 194.295
978900 12 0.01 0.5 32.9 0.214277 -0.236054 3.26546 0.0222766 -0.0221827 194.295
979402 12 0.01 0.5 32.9 0.221342 0.304444 0.433607 0.000955807 0.00359221 194.295
980419 12 0.01 0.5 32.9 0.0976937 -0.159071 2.43059 0.0058833 -0.0115554 194.295
990132 12 0.01 0.5 32.9 0.135734 -0.493199 1.58607 0.00659458 -0.0226958 194.295
991438 12 0.01 0.5 32.9 0.431428 0.168479 3.47052 0.0464041 0.018783 194.295
994027 12 0.01 0.5 32.9 0.0659874 0.308039 2.873 0.00602122 0.0250162 194.295
995739 12 0.01 0.5 32.9 -0.320153 0.369845 2.41482 -0.0213729 0.0274785 194.295
995807 12 0.01 0.5 32.9 -0.331165 0.245105 1.45897 -0.0145184 0.0102688 194.295
995916 12 0.01 0.5 32.9 -0.498214 -0.194073 3.51196 -0.0525894 -0.0198123 194.295
996011 12 0.01 0.5 32.9 0.153225 0.401922 1.53011 0.00671771 0.0205888 194.295
996509 12 0.01 0.5 32.9 -0.264043 -0.429163 1.00033 -0.00927298 -0.0138154 194.295
997328 12 0.01 0.5 32.9 -0.425935 0.436664 1.99353 -0.0280213 0.02826 194.295
998803 12 0.01 0.5 32.9 0.257966 0.404041 2.99217 0.0246408 0.037723 194.295
999533 12 0.01 0.5 32.9 -0.20699 -0.00495516 2.75422 -0.0178893 -0.000829884 194.295
297 12 0.01 0.5 32.9 -0.359321 0.145218 7.63784 -0.0838887 0.0369647 193.962
463 12 0.01 0.5 32.9 -0.496672 0.371627 2.20478 -0.0351046 0.0253886 193.962
1221 12 0.01 0.5 32.9 0.283625 0.279294 3.13925 0.0267051 0.0275157 193.962
6175 12 0.01 0.5 32.9 -0.439548 -0.264477 2.63313 -0.0344285 -0.0212553 193.962
6604 12 0.01 0.5 32.9 -0.0631718 -0.466112 4.94904 -0.00821784 -0.0690354 193.962
7134 12 0.01 0.5 32.9 0.0429386 -0.282577 2.04941 0.00355338 -0.0154934 193.962
8081 12 0.01 0.5 32.9 -0.0590045 -0.498833 1.41679 -0.00466655 -0.0209619 193.962
11420 12 0.01 0.5 32.9 0.189559 -0.337828 4.81813 0.0272236 -0.0487822 193.962
11645 12 0.01 0.5 32.9 -0.275296 0.108324 0.904458 -0.00455451 0.00172 193.962
14639 12 0.01 0.5 32.9 -0.315426 -0.376722 1.60535 -0.0141731 -0.017011 193.962
15850 12 0.01 0.5 32.9 -0.468379 -0.325837 2.87158 -0.0414644 -0.0293621 193.962
16129 12 0.01 0.5 32.9 -0.497393 -0.314515 1.87388 -0.0284408 -0.0157719 193.962
17540 12 0.01 0.5 32.9 -0.125331 -0.0822971 2.84905 -0.0084558 -0.00567485 193.962
20689 12 0.01 0.5 32.9 0.226094 0.415228 2.86733 0.0196051 0.0364395 193.962
25929 12 0.01 0.5 32.9 -0.437386 -0.398457 6.48631 -0.0847794 -0.0772292 193.962
26096 12 0.01 0.5 32.9 0.317754 0.281716 1.11379 0.0104982 0.0116907 193.962
27547 12 0.01 0.5 32.9 0.430507 -0.379472 4.14051 0.0533668 -0.047288 193.962
32552 12 0.01 0.5 32.9 0.0552805 0.314808 1.43675 0.000572549 0.0144796 193.962
33063 12 0.01 0.5 32.9 0.421694 -0.120648 7.06836 0.0916901 -0.0253374 193.962
36506 12 0.01 0.5 32.9 -0.245884 -0.30001 2.18975 -0.0152618 -0.0192655 193.962
37987 12 0.01 0.5 32.9 0.351485 -0.115453 2.03801 0.0247273 -0.00720045 193.962
38638 12 0.01 0.5 32.9 -0.215961 0.291956 1.34792 -0.00777729 0.0123008 193.962
39594 12 0.01 0.5 32.9 0.172384 -0.368655 4.62033 0.0254748 -0.0516599 193.962
39812 12 0.01 0.5 32.9 -0.0709167 0.242951 1.2183 -0.000182345 0.00703805 193.962
41600 12 0.01 0.5 32.9 0.0378451 0.296888 5.67136 0.00815072 0.0528189 193.962
41717 12 0.01 0.5 32.9 0.435553 -0.497514 3.34019 0.0445329 -0.0489418 193.962
43916 12 0.01 0.5 32.9 -0.220358 0.173163 1.25116 -0.00952284 0.00855727 193.962
45499 12 0.01 0.5 32.9 0.258579 0.128061 3.43236 0.0269285 0.0135298 193.962
47412 12 0.01 0.5 32.9 -0.329343 0.309712 1.90597 -0.019065 0.01818 193.962
48951 12 0.01 0.5 32.9 -0.450675 0.0278259 2.89683 -0.0407653 0.00154009 193.962
51140 12 0.01 0.5 32.9 -0.100226 -0.408293 2.5923 -0.00790379 -0.0322009 193.962
51253 12 0.01 0.5 32.9 0.0268812 0.246622 2.54308 0.00307043 0.0212224 193.962
51358 12 0.01 0.5 32.9 -0.0893255 -0.00349598 1.96662 -0.00511058 0.00039056 193.962
52463 12 0.01 0.5 32.9 7.48918e-05 -0.183138 4.96229 0.00101295 -0.0272493 193.962
53377 12 0.01 0.5 32.9 -0.109352 0.381442 3.83466 -0.014154 0.0439231 193.962
54075 12 0.01 0.5 32.9 0.16394 0.0552729 0.920848 0.00227307 0.00269302 193.962
54247 12 0.01 0.5 32.9 0.1311 -0.256506 1.86216 0.00847879 -0.0115692 193.962
56483 12 0.01 0.5 32.9 -0.443933 -0.324744 1.47347 -0.0219006 -0.0119772 193.962
57776 12 0.01 0.5 32.9 -0.118622 -0.441189 1.42463 -0.00467416 -0.018268 193.962
58124 12 0.01 0.5 32.9 -0.281677 0.170199 2.77795 -0.0228686 0.0154801 193.962
60232 12 0.01 0.5 32.9 -0.435388 -0.0529026 0.760855 -0.00733293 -0.000314131 193.962
61152 12 0.01 0.5 32.9 0.0865391 0.379011 1.71582 0.00533448 0.0215649 193.962
61232 12 0.01 0.5 32.9 0.414131 -0.300999 1.87988 0.0221619 -0.0170184 193.962
61600 12 0.01 0.5 32.9 -0.345547 0.435552 2.93252 -0.0318281 0.0392666 193.962
62525 12 0.01 0.5 32.9 -0.453466 -0.143096 1.97829 -0.0284074 -0.00992466 193.962
64010 12 0.01 0.5 32.9 0.408742 0.0801167 4.91439 0.0594437 0.013049 193.962
64548 12 0.01 0.5 32.9 -0.377039 -0.00251124 3.80103 -0.0426758 -0.00128561 193.962
68386 12 0.01 0.5 32.9 0.227789 0.0484794 4.39387 0.0292385 0.00601059 193.962
69164 12 0.01 0.5 32.9 0.143102 0.294571 1.93625 0.0108571 0.0195476 193.962
70436 12 0.01 0.5 32.9 0.152706 -0.45444 9.70205 0.0464146 -0.134377 193.962
75240 12 0.01 0.5 32.9 -0.13465 -0.418031 3.33856 -0.0129913 -0.041816 193.962
75926 12 0.01 0.5 32.9 0.0087823 0.32586 1.08754 0.00102921 0.0105563 193.962
80131 12 0.01 0.5 32.9 0.242945 -0.212539 6.00608 0.0439128 -0.038367 193.962
82811 12 0.01 0.5 32.9 -0.3703 -0.23816 2.105 -0.0229769 -0.01617 193.962
83037 12 0.01 0.5 32.9 -0.168844 0.346549 2.93514 -0.0161414 0.0325456 193.962
83209 12 0.01 0.5 32.9 0.370542 -0.432528 1.75473 0.0207849 -0.0212096 193.962
86695 12 0.01 0.5 32.9 -0.0682191 -0.234023 1.20168 -0.00326771 -0.00860535 193.962
90220 12 0.01 0.5 32.9 -0.320951 0.464334 0.85264 -0.00873074 0.0105174 193.962
93870 12 0.01 0.5 32.9 0.402253 -0.467677 2.52176 0.0317285 -0.0344956 193.962
95488 12 0.01 0.5 32.9 0.274869 0.247807 4.09762 0.035755 0.0362521 193.962
98702 12 0.01 0.5 32.9 0.148596 0.335203 2.47832 0.0103403 0.0265863 193.962
98790 12 0.01 0.5 32.9 0.238553 0.0507882 4.87081 0.0335068 0.0084205 193.962
101843 12 0.01 0.5 32.9 0.486694 -0.266535 1.35695 0.0206517 -0.0110326 193.962
102417 12 0.01 0.5 32.9 -0.217892 0.0217503 3.80028 -0.0235635 0.00278432 193.962
104024 12 0.01 0.5 32.9 0.325542 -0.341948 0.768453 0.00620615 -0.00760385 193.962
107025 12 0.01 0.5 32.9 -0.073917 -0.0469619 1.6261 -0.0042291 -0.000986073 193.962
107194 12 0.01 0.5 32.9 -0.199503 0.31399 1.1818 -0.00544365 0.012981 193.962
109954 12 0.01 0.5 32.9 0.228321 0.0712138 5.18813 0.036763 0.0111758 193.962
110086 12 0.01 0.5 32.9 -0.346993 0.30904 1.06827 -0.0119023 0.0108793 193.962
112937 12 0.01 0.5 32.9 0.426809 -0.238903 4.23533 0.0538869 -0.030288 193.962
117303 12 0.01 0.5 32.9 0.352324 0.0323347 1.04221 0.0116887 0.00126589 193.962
119800 12 0.01 0.5 32.9 0.489779 0.108201 1.92731 0.0275705 0.0045166 193.962
123800 12 0.01 0.5 32.9 0.402459 -0.187529 0.976074 0.0102642 -0.00665984 193.962
129259 12 0.01 0.5 32.9 -0.330835 -0.265305 2.11146 -0.0216318 -0.01684 193.962
132843 12 0.01 0.5 32.9 -0.23009 -0.0497452 2.44756 -0.0185684 -0.00205951 193.962
135027 12 0.01 0.5 32.9 0.439611 0.3712 0.929237 0.0112058 0.0082025 193.962
135569 12 0.01 0.5 32.9 0.0227364 -0.0972491 1.34254 0.00334077 -0.0015914 193.962
136275 12 0.01 0.5 32.9 -0.409471 0.0816014 0.62533 -0.00918087 0.00182238 193.962
136578 12 0.01 0.5 32.9 -0.342537 -0.448931 1.87806 -0.0188818 -0.0237702 193.962
136693 12 0.01 0.5 32.9 -0.463362 -0.423602 2.44567 -0.034488 -0.0308612 193.962
137069 12 0.01 0.5 32.9 0.186056 0.0526184 1.69615 0.00791499 0.00358317 193.962
138016 12 0.01 0.5 32.9 0.044083 0.26211 2.16147 0.00140237 0.0187236 193.962
138208 12 0.01 0.5 32.9 0.37033 -0.313919 1.38069 0.0144455 -0.0120346 193.962
139869 12 0.01 0.5 32.9 0.191726 0.172722 2.641 0.0146403 0.0154309 193.962
141686 12 0.01 0.5 32.9 0.147397 0.010218 3.44431 0.0152717 0.00344943 193.962
141793 12 0.01 0.5 32.9 -0.0538529 -0.255837 2.62347 -0.00456393 -0.0206109 193.962
142984 12 0.01 0.5 32.9 -0.360787 -0.244893 6.69022 -0.074582 -0.0509791 193.962
143609 12 0.01 0.5 32.9 0.106969 -0.0612898 7.73068 0.0244021 -0.0150906 193.962
147047 12 0.01 0.5 32.9 -0.362664 0.172744 7.61083 -0.0844663 0.0403829 193.962
149381 12 0.01 0.5 32.9 -0.0483007 0.104051 1.94478 -0.00335647 0.00403917 193.962
149771 12 0.01 0.5 32.9 0.330207 0.495233 1.37088 0.0122452 0.02302 193.962
150455 12 0.01 0.5 32.9 -0.407457 -0.218251 2.09803 -0.0271642 -0.0145792 193.962
153146 12 0.01 0.5 32.9 0.270487 0.202149 3.53095 0.0272325 0.0214408 193.962
155846 12 0.01 0.5 32.9 -0.184113 0.13731 7.10656 -0.0390472 0.0324547 193.962
156658 12 0.01 0.5 32.9 0.176848 0.238588 3.39567 0.0173484 0.0248435 193.962
162909 12 0.01 0.5 32.9 -0.0328592 -0.473636 2.12187 -0.00082833 -0.0296624 193.962
163399 12 0.01 0.5 32.9 -0.32874 -0.322127 1.6352 -0.0162877 -0.0141299 193.962
163404 12 0.01 0.5 32.9 -0.355354 0.46185 2.1467 -0.0232969 0.0313684 193.962
166200 12 0.01 0.5 32.9 0.149237 -0.136585 2.41119 0.0107364 -0.00952268 193.962
168534 12 0.01 0.5 32.9 -0.287891 0.270876 2.46435 -0.0239371 0.022429 193.962
170135 12 0.01 0.5 32.9 0.00253546 0.0038465 0.852281 -0.000127963 -0.00128666 193.962
174285 12 0.01 0.5 32.9 -0.181289 -0.25123 3.34698 -0.0196808 -0.024376 193.962
175740 12 0.01 0.5 32.9 0.397172 -0.395423 2.2126 0.0274739 -0.0272205 193.962
176266 12 0.01 0.5 32.9 0.142355 -0.477452 3.584 0.0165292 -0.0520263 193.962
176297 12 0.01 0.5 32.9 0.140851 0.00684287 3.01319 0.0126976 0.00257472 193.962
176443 12 0.01 0.5 32.9 0.499568 0.0904124 3.54926 0.0524402 0.00999118 193.962
176957 12 0.01 0.5 32.9 -0.242872 0.164235 2.8549 -0.020425 0.0153023 193.962
178437 12 0.01 0.5 32.9 -0.106749 -0.176441 8.42564 -0.0266487 -0.0424982 193.962
179577 12 0.01 0.5 32.9 0.399958 0.293379 2.99043 0.0374602 0.028396 193.962
179768 12 0.01 0.5 32.9 -0.144032 -0.0568518 1.56541 -0.00962646 -0.00131128 193.962
180687 12 0.01 0.5 32.9 0.325703 -0.157249 5.31897 0.0533954 -0.0227735 193.962
181934 12 0.01 0.5 32.9 -0.313706 0.369731 2.33938 -0.0250576 0.0263395 193.962
182366 12 0.01 0.5 32.9 0.126082 0.105742 1.45225 0.0062527 0.00626513 193.962
183873 12 0.01 0.5 32.9 0.176484 -0.320783 2.97383 0.0154793 -0.0300748 193.962
186535 12 0.01 0.5 32.9 0.251421 0.430528 3.09226 0.0242157 0.0422963 193.962
187729 12 0.01 0.5 32.9 -0.0557144 -0.421432 2.52282 -0.00360361 -0.0291453 193.962
188183 12 0.01 0.5 32.9 -0.254266 0.37923 2.89195 -0.0224035 0.0344692 193.962
188335 12 0.01 0.5 32.9 0.209977 -0.256733 3.18691 0.0187978 -0.0222293 193.962
190584 12 0.01 0.5 32.9 -0.348758 -0.043343 0.697252 -0.00950341 -0.000545262 193.962
192549 12 0.01 0.5 32.9 -0.247612 0.441257 3.22563 -0.0231229 0.0453249 193.962
192653 12 0.01 0.5 32.9 -0.121763 -0.451407 5.28299 -0.018898 -0.0726844 193.962
195225 12 0.01 0.5 32.9 -0.00375148 0.498144 2.64863 2.95391e-05 0.04076 193.962
197400 12 0.01 0.5 32.9 -0.42936 0.0910204 5.33492 -0.0710317 0.0141979 193.962
198080 12 0.01 0.5 32.9 -0.398036 -0.37721 3.05661 -0.0383835 -0.0348571 193.962
200066 12 0.01 0.5 32.9 0.0917933 -0.2868 6.36593 0.0202633 -0.0533042 193.962
200155 12 0.01 0.5 32.9 -0.0175569 0.14014 5.34758 -0.00101096 0.0233516 193.962
202226 12 0.01 0.5 32.9 -0.0949845 0.240072 3.40386 -0.0110061 0.0248759 193.962
203400 12 0.01 0.5 32.9 0.444744 0.464465 0.797959 0.0107326 0.0122629 193.962
204291 12 0.01 0.5 32.9 0.0552834 0.0434745 2.35936 0.00327898 0.00638051 193.962
207033 12 0.01 0.5 32.9 -0.190282 0.060231 2.7088 -0.0168431 0.00497527 193.962
207827 12 0.01 0.5 32.9 0.291502 -0.398896 1.79685 0.0172927 -0.0212762 193.962
208372 12 0.01 0.5 32.9 -0.406353 -0.188764 0.681134 -0.00684322 -0.00235783 193.962
211238 12 0.01 0.5 32.9 0.159984 0.44059 0.564693 0.00262466 0.00730134 193.962
212223 12 0.01 0.5 32.9 -0.482923 -0.0504429 1.26822 -0.0170121 -0.00286203 193.962
215459 12 0.01 0.5 32.9 0.311559 -0.208939 2.34279 0.0206573 -0.012715 193.962
218179 12 0.01 0.5 32.9 -0.0352973 -0.398292 1.7209 -0.0013325 -0.0207653 193.962
220033 12 0.01 0.5 32.9 -0.197452 0.101178 1.10432 -0.00590228 0.00353119 193.962
220854 12 0.01 0.5 32.9 -0.349248 0.215318 0.215613 -0.00162457 -0.00127203 193.962
222181 12 0.01 0.5 32.9 -0.332254 0.412347 2.20444 -0.0210783 0.029412 193.962
225460 12 0.01 0.5 32.9 -0.47691 -0.0973836 1.7493 -0.0245899 -0.00353501 193.962
225883 12 0.01 0.5 32.9 0.265693 0.398463 1.20449 0.0107938 0.0164952 193.962
226409 12 0.01 0.5 32.9 -0.305168 0.194025 0.802745 -0.00734551 0.00630803 193.962
227345 12 0.01 0.5 32.9 -0.186133 0.372441 6.59916 -0.0369944 0.0773113 193.962
228433 12 0.01 0.5 32.9 0.436291 0.213114 2.21221 0.0294036 0.0115037 193.962
231579 12 0.01 0.5 32.9 0.000944998 0.126057 1.47541 -0.000166541 0.00889663 193.962
234442 12 0.01 0.5 32.9 -0.11988 -0.497991 2.01081 -0.00869118 -0.0268682 193.962
236528 12 0.01 0.5 32.9 0.195715 -0.339989 3.43487 0.0185257 -0.0347915 193.962
240114 12 0.01 0.5 32.9 -0.0418858 -0.213676 4.10749 -0.00577563 -0.0272613 193.962
243037 12 0.01 0.5 32.9 0.172518 0.344464 3.87281 0.0188643 0.0443949 193.962
243139 12 0.01 0.5 32.9 0.0874316 -0.11517 2.67994 0.00484993 -0.00904246 193.962
244873 12 0.01 0.5 32.9 0.488097 -0.287705 3.85183 0.0563581 -0.0346241 193.962
249641 12 0.01 0.5 32.9 -0.0154387 -0.31812 2.60454 -0.00260352 -0.0266947 193.962
249977 12 0.01 0.5 32.9 0.299111 0.402234 1.13473 0.0098966 0.0177712 193.962
250721 12 0.01 0.5 32.9 0.0554544 0.363719 1.61464 0.0024045 0.0162685 193.962
251571 12 0.01 0.5 32.9 0.49184 0.253263 1.76916 0.0283962 0.0127149 193.962
252262 12 0.01 0.5 32.9 0.116692 -0.359013 1.56274 0.00398913 -0.0158553 193.962
257396 12 0.01 0.5 32.9 0.442818 0.301501 5.26759 0.0696169 0.0494118 193.962
263364 12 0.01 0.5 32.9 -0.420105 -0.131787 1.96661 -0.0258322 -0.00639817 193.962
266488 12 0.01 0.5 32.9 -0.0573962 0.31459 1.72793 -0.00206025 0.0181258 193.962
268072 12 0.01 0.5 32.9 0.288553 -0.435079 1.65766 0.0137053 -0.0211657 193.962
270776 12 0.01 0.5 32.9 -0.0326713 0.437291 2.70667 -0.00504122 0.0367733 193.962
271282 12 0.01 0.5 32.9 0.209168 -0.292412 2.63606 0.0136113 -0.0226096 193.962
272605 12 0.01 0.5 32.9 0.353466 0.307759 4.74063 0.0511859 0.0462102 193.962
273106 12 0.01 0.5 32.9 -0.205643 -0.424461 1.31379 -0.00986806 -0.0165 193.962
277143 12 0.01 0.5 32.9 -0.217975 -0.173975 2.03074 -0.0138013 -0.00895082 193.962
277390 12 0.01 0.5 32.9 -0.236703 0.415732 6.18898 -0.0429459 0.0785521 193.962
279217 12 0.01 0.5 32.9 0.213172 -0.000243158 2.44792 0.0152484 0.000667251 193.962
282974 12 0.01 0.5 32.9 0.213935 0.393296 2.12143 0.0138526 0.0255332 193.962
290362 12 0.01 0.5 32.9 -0.184307 0.151696 2.6462 -0.01583 0.0104106 193.962
290383 12 0.01 0.5 32.9 0.277909 0.106535 3.22419 0.0256772 0.0095978 193.962
290541 12 0.01 0.5 32.9 -0.235383 0.0867485 5.51676 -0.0401368 0.0145355 193.962
290742 12 0.01 0.5 32.9 0.49018 -0.153482 4.41093 0.0633753 -0.0190588 193.962
291954 12 0.01 0.5 32.9 -0.0127374 -0.0286051 0.877825 -0.00292459 0.00161601 193.962
293518 12 0.01 0.5 32.9 -0.157024 0.150299 1.48996 -0.00869567 0.00609902 193.962
294009 12 0.01 0.5 32.9 -0.228101 0.29187 3.80436 -0.0274085 0.0349505 193.962
294057 12 0.01 0.5 32.9 -0.428975 0.257198 1.03327 -0.011557 0.00923726 193.962
294293 12 0.01 0.5 32.9 -0.460533 -0.168602 1.65304 -0.0225597 -0.00977551 193.962
295353 12 0.01 0.5 32.9 -0.147645 0.0560228 5.77035 -0.0301372 0.00975953 193.962
296202 12 0.01 0.5 32.9 0.0322013 -0.368497 2.19972 -0.000578312 -0.0247873 193.962
298020 12 0.01 0.5 32.9 0.290515 -0.059395 2.29157 0.0193112 -0.000938175 193.962
299435 12 0.01 0.5 32.9 -0.176413 -0.373714 1.03677 -0.00663464 -0.0103001 193.962
304354 12 0.01 0.5 32.9 0.267578 0.340601 4.0333 0.0319703 0.0424298 193.962
306430 12 0.01 0.5 32.9 0.0127308 0.271756 2.32898 0.00141331 0.0207318 193.962
306826 12 0.01 0.5 32.9 -0.168367 0.189106 1.12034 -0.00392131 0.00788208 193.962
307099 12 0.01 0.5 32.9 0.352623 -0.443283 3.83801 0.0391288 -0.0514611 193.962
307901 12 0.01 0.5 32.9 0.276863 -0.177811 1.43247 0.0105289 -0.00458787 193.962
308623 12 0.01 0.5 32.9 0.0325872 0.195201 1.12028 0.000200703 0.00602451 193.962
310150 12 0.01 0.5 32.9 0.190661 0.32793 2.53053 0.0145673 0.0261587 193.962
313836 12 0.01 0.5 32.9 -0.0806554 -0.0571974 2.1857 -0.00606363 -0.00527508 193.962
313899 12 0.01 0.5 32.9 0.309654 -0.324246 1.82063 0.0162697 -0.0159296 193.962
315520 12 0.01 0.5 32.9 -0.283104 -0.254111 2.62539 -0.0219314 -0.0209775 193.962
318193 12 0.01 0.5 32.9 -0.233768 -0.0146569 3.276 -0.0220699 -0.00103393 193.962
318234 12 0.01 0.5 32.9 0.324779 0.296175 3.66686 0.0377197 0.0349887 193.962
323637 12 0.01 0.5 32.9 0.201517 0.302851 2.55304 0.017402 0.0240584 193.962
327449 12 0.01 0.5 32.9 0.279581 -0.124893 1.72056 0.0162516 -0.00451982 193.962
329598 12 0.01 0.5 32.9 -0.22288 0.458558 3.59239 -0.0238652 0.048562 193.962
331772 12 0.01 0.5 32.9 0.207059 -0.152949 2.68989 0.0168387 -0.0115025 193.962
335531 12 0.01 0.5 32.9 -0.425384 -0.313432 7.22225 -0.0947326 -0.0668043 193.962
340378 12 0.01 0.5 32.9 0.0793915 -0.181382 2.20562 0.00369843 -0.0135316 193.962
340663 12 0.01 0.5 32.9 0.27785 0.154858 1.73931 0.0155321 0.0070254 193.962
343247 12 0.01 0.5 32.9 -0.163576 0.480679 2.12088 -0.00948162 0.0290175 193.962
346328 12 0.01 0.5 32.9 -0.446092 -0.137172 3.83896 -0.0526939 -0.0157043 193.962
346796 12 0.01 0.5 32.9 0.0913984 0.302434 4.47906 0.0118776 0.0419537 193.962
348604 12 0.01 0.5 32.9 0.325646 0.229438 7.67584 0.0729867 0.0557849 193.962
353142 12 0.01 0.5 32.9 -0.0197815 -0.17568 3.02068 -0.00168765 -0.015074 193.962
357647 12 0.01 0.5 32.9 0.229775 0.299437 2.57134 0.0165835 0.0247258 193.962
357810 12 0.01 0.5 32.9 0.245969 0.0848611 0.872399 0.00632478 0.00440923 193.962
360287 12 0.01 0.5 32.9 -0.140123 0.325517 1.84454 -0.0093422 0.0207777 193.962
361274 12 0.01 0.5 32.9 -0.479195 0.430856 2.28822 -0.032856 0.0301156 193.962
365808 12 0.01 0.5 32.9 0.107524 0.224579 1.50985 0.00492046 0.0124126 193.962
366816 12 0.01 0.5 32.9 0.240489 0.481154 4.118 0.0289833 0.0600877 193.962
367443 12 0.01 0.5 32.9 -0.310857 0.420582 5.74489 -0.0540895 0.0738817 193.962
368337 12 0.01 0.5 32.9 0.154075 0.38494 0.794426 0.005082 0.00737243 193.962
368569 12 0.01 0.5 32.9 -0.113995 -0.178223 3.35671 -0.0101434 -0.0176957 193.962
371848 12 0.01 0.5 32.9 -0.0559855 -0.399289 1.41034 -0.00197903 -0.016135 193.962
373171 12 0.01 0.5 32.9 -0.405265 0.461696 0.648372 -0.00564419 0.00995232 193.962
373335 12 0.01 0.5 32.9 0.0527485 0.0589882 2.05663 0.00326735 0.00449161 193.962
374719 12 0.01 0.5 32.9 -0.377108 -0.138586 4.43385 -0.0505784 -0.0157989 193.962
380417 12 0.01 0.5 32.9 -0.154525 0.0370125 0.609269 -0.00180296 -0.000477589 193.962
380461 12 0.01 0.5 32.9 -0.161248 -0.100486 2.0743 -0.0110069 -0.00539418 193.962
381503 12 0.01 0.5 32.9 0.486528 0.169414 0.896226 0.0131271 0.00487391 193.962
382781 12 0.01 0.5 32.9 0.344603 -0.148682 3.34376 0.0353433 -0.0135776 193.962
385162 12 0.01 0.5 32.9 0.391637 0.0436194 3.50159 0.043289 0.00558923 193.962
385897 12 0.01 0.5 32.9 -0.141913 0.161532 1.5441 -0.00810716 0.0105562 193.962
386082 12 0.01 0.5 32.9 -0.0763658 0.475929 1.47792 -0.00322771 0.0210737 193.962
387389 12 0.01 0.5 32.9 0.171483 -0.310746 2.63434 0.0125943 -0.0230807 193.962
387817 12 0.01 0.5 32.9 0.38267 -0.304601 2.76205 0.0317375 -0.0264943 193.962
388132 12 0.01 0.5 32.9 0.208021 0.240115 2.07607 0.0119764 0.0157969 193.962
393255 12 0.01 0.5 32.9 0.296518 0.343322 2.64107 0.0234221 0.0286637 193.962
394928 12 0.01 0.5 32.9 0.443096 -0.113073 3.31915 0.0437588 -0.00933301 193.962
395041 12 0.01 0.5 32.9 0.142253 0.351657 1.48265 0.00784156 0.0193721 193.962
395676 12 0.01 0.5 32.9 0.431505 -0.466682 1.41419 0.0197349 -0.0197299 193.962
397932 12 0.01 0.5 32.9 -0.130726 -0.215212 1.88113 -0.00611132 -0.0127324 193.962
402684 12 0.01 0.5 32.9 -0.211119 0.062213 1.87626 -0.0117371 0.00137135 193.962
406544 12 0.01 0.5 32.9 0.0985055 -0.0988367 4.19285 0.0124691 -0.0118923 193.962
406595 12 0.01 0.5 32.9 -0.183754 -0.306524 3.21977 -0.0194518 -0.028432 193.962
409668 12 0.01 0.5 32.9 0.218729 -0.460306 1.39534 0.00784826 -0.0201471 193.962
410497 12 0.01 0.5 32.9 0.200765 -0.271265 1.38328 0.00547478 -0.0137093 193.962
410635 12 0.01 0.5 32.9 0.0582595 0.0724848 1.46132 0.00123606 0.0036887 193.962
411186 12 0.01 0.5 32.9 0.449824 0.382363 1.01117 0.0130115 0.013009 193.962
411774 12 0.01 0.5 32.9 0.156557 0.0791088 2.51379 0.0119657 0.00579192 193.962
413825 12 0.01 0.5 32.9 0.0598556 0.265087 1.98815 0.00483429 0.0164454 193.962
415158 12 0.01 0.5 32.9 -0.414114 0.174525 1.55882 -0.021361 0.00844016 193.962
416869 12 0.01 0.5 32.9 0.465201 0.160645 6.06812 0.0851825 0.0315036 193.962
417707 12 0.01 0.5 32.9 0.279462 -0.0704357 1.81061 0.0146373 -0.0049952 193.962
418166 12 0.01 0.5 32.9 0.265909 -0.142154 2.26722 0.0168484 -0.00937423 193.962
418394 12 0.01 0.5 32.9 0.433579 -0.383237 1.86518 0.0246879 -0.0230297 193.962
419689 12 0.01 0.5 32.9 -0.236204 -0.0835409 3.14075 -0.0224672 -0.00545934 193.962
420726 12 0.01 0.5 32.9 -0.207537 0.259383 1.6845 -0.0114335 0.0160111 193.962
421916 12 0.01 0.5 32.9 0.0654948 -0.0126146 1.80998 0.00428323 -0.000269681 193.962
422548 12 0.01 0.5 32.9 -0.470418 0.0381024 0.869327 -0.0130002 -0.00138218 193.962
423336 12 0.01 0.5 32.9 0.205728 -0.146872 3.04487 0.0192689 -0.011306 193.962
426198 12 0.01 0.5 32.9 -0.0603333 -0.184581 2.01848 -0.00382001 -0.0125229 193.962
426906 12 0.01 0.5 32.9 -0.330385 -0.192738 2.94907 -0.0285688 -0.0154179 193.962
429785 12 0.01 0.5 32.9 -0.205947 -0.492915 3.35221 -0.0223808 -0.0522583 193.962
430074 12 0.01 0.5 32.9 -0.279097 -0.126266 1.66095 -0.0154816 -0.0071656 193.962
432082 12 0.01 0.5 32.9 0.220338 0.0873306 1.89904 0.0104713 0.00592264 193.962
434211 12 0.01 0.5 32.9 -0.292547 -0.402042 1.06174 -0.00841277 -0.0104241 193.962
435871 12 0.01 0.5 32.9 -0.403248 -0.249862 2.36833 -0.029661 -0.0163692 193.962
438541 12 0.01 0.5 32.9 0.0623787 0.22557 2.37252 0.00582263 0.0155379 193.962
439372 12 0.01 0.5 32.9 0.238294 -0.347966 4.47166 0.0332229 -0.046113 193.962
443455 12 0.01 0.5 32.9 0.175651 0.303874 2.7338 0.0142655 0.0277935 193.962
443786 12 0.01 0.5 32.9 -0.287266 0.329624 2.86039 -0.0243511 0.0306814 193.962
445209 12 0.01 0.5 32.9 -0.00424845 -0.461826 3.16589 -0.000543781 -0.0439971 193.962
449442 12 0.01 0.5 32.9 0.353876 0.329779 1.90863 0.0206717 0.0184002 193.962
450316 12 0.01 0.5 32.9 -0.397546 -0.00274984 0.350583 -0.00707783 0.00106833 193.962
450983 12 0.01 0.5 32.9 -0.0805946 0.488479 1.20972 -0.000577651 0.0171504 193.962
452019 12 0.01 0.5 32.9 0.132297 0.435949 1.61318 0.00627598 0.0208161 193.962
452511 12 0.01 0.5 32.9 -0.096507 0.219383 0.896397 -0.00459414 0.00513918 193.962
453201 12 0.01 0.5 32.9 0.46526 0.461603 2.19214 0.0296898 0.0302105 193.962
453248 12 0.01 0.5 32.9 -0.281519 0.14794 8.52301 -0.0721347 0.0406719 193.962
453271 12 0.01 0.5 32.9 0.493395 -0.429298 1.41587 0.0195619 -0.0185787 193.962
453441 12 0.01 0.5 32.9 -0.207132 -0.486536 1.27765 -0.00807001 -0.0188479 193.962
457126 12 0.01 0.5 32.9 -0.404921 -0.227584 0.685866 -0.0102401 -0.00158054 193.962
457327 12 0.01 0.5 32.9 0.451239 -0.443822 1.48853 0.0219582 -0.0195163 193.962
458861 12 0.01 0.5 32.9 0.434375 -0.17634 0.986713 0.0120762 -0.00478677 193.962
459104 12 0.01 0.5 32.9 -0.10914 -0.31514 3.12411 -0.010632 -0.0281898 193.962
461210 12 0.01 0.5 32.9 -0.105206 -0.24031 0.806625 -0.00391481 -0.00657127 193.962
463654 12 0.01 0.5 32.9 -0.471689 0.33699 1.34377 -0.0203432 0.0151376 193.962
463882 12 0.01 0.5 32.9 0.411671 -0.415096 1.62555 0.0216418 -0.0229744 193.962
465563 12 0.01 0.5 32.9 0.333806 0.168812 0.55602 0.00578219 -0.000356043 193.962
465911 12 0.01 0.5 32.9 -0.373095 0.268188 1.698 -0.0179837 0.0145294 193.962
472892 12 0.01 0.5 32.9 -0.303573 -0.237974 1.92122 -0.0173734 -0.01101 193.962
473428 12 0.01 0.5 32.9 -0.193812 0.167808 2.40996 -0.0150712 0.0157754 193.962
475832 12 0.01 0.5 32.9 -0.483355 0.269394 1.12983 -0.0152887 0.00776515 193.962
477051 12 0.01 0.5 32.9 0.203154 -0.43775 6.71677 0.0429528 -0.088261 193.962
477808 12 0.01 0.5 32.9 -0.249585 0.476391 3.47592 -0.0271804 0.0509853 193.962
477969 12 0.01 0.5 32.9 -0.0928634 0.171607 1.23929 -0.00637605 0.00641314 193.962
479717 12 0.01 0.5 32.9 0.0187701 0.43888 1.53504 -0.000130608 0.0217817 193.962
481832 12 0.01 0.5 32.9 -0.492898 0.405665 3.559 -0.0527403 0.0443242 193.962
485205 12 0.01 0.5 32.9 -0.213733 -0.398206 0.854646 -0.00901203 -0.0072643 193.962
488237 12 0.01 0.5 32.9 -0.241451 0.291818 3.0381 -0.0214395 0.0288103 193.962
492232 12 0.01 0.5 32.9 0.00675037 0.0111481 1.41109 -0.000618977 0.00195092 193.962
493792 12 0.01 0.5 32.9 0.23565 0.155608 2.25119 0.0177984 0.011338 193.962
496424 12 0.01 0.5 32.9 0.263098 -0.491842 3.07494 0.0270976 -0.0439391 193.962
497991 12 0.01 0.5 32.9 -0.216063 0.296992 2.63747 -0.0224048 0.0253458 193.962
