174 15 0.01 1 32.9 -0.117829 0.285303 16.2698 -0.05832 0.140849 16.5472
519 15 0.01 1 32.9 0.288397 0.49937 8.60039 0.0762337 0.130906 18.2987
718 15 0.01 1 32.9 -0.315659 -0.0555136 6.64005 -0.0637384 -0.0135155 18.0895
1628 15 0.01 1 32.9 -0.299813 0.118933 4.78049 -0.0403788 0.0165554 17.2411
2522 15 0.01 1 32.9 0.18484 0.239302 1.26516 0.005559 0.00521618 16.8888
2809 15 0.01 1 32.9 0.408692 0.146383 6.96983 0.0851137 0.0314718 17.7816
3664 15 0.01 1 32.9 0.0724357 -0.0216245 1.24205 0.00287015 -0.00257873 17.337
4171 15 0.01 1 32.9 -0.225651 -0.362646 11.2405 -0.0756909 -0.126127 16.3731
5041 15 0.01 1 32.9 -0.237784 -0.240875 9.86962 -0.0746031 -0.0729264 17.4233
5089 15 0.01 1 32.9 0.437652 -0.316811 5.09328 0.0670809 -0.0514176 18.8454
5671 15 0.01 1 32.9 0.137196 -0.0612296 5.07532 0.0200222 -0.00665557 19.2362
6232 15 0.01 1 32.9 0.306025 0.311283 13.2631 0.124454 0.123393 16.9541
6638 15 0.01 1 32.9 0.493599 0.381833 4.03231 0.0608403 0.0435307 18.2465
8084 15 0.01 1 32.9 0.427729 0.144399 3.35853 0.0440848 0.0138515 18.5209
9108 15 0.01 1 32.9 -0.0311091 0.466597 9.19216 -0.0106318 0.131852 16.7508
10178 15 0.01 1 32.9 -0.0507848 0.0237002 5.23488 -0.00875308 0.0046855 19.1333
10347 15 0.01 1 32.9 0.174153 0.400863 7.34104 0.0404374 0.0889407 17.5183
11027 15 0.01 1 32.9 -0.167127 0.387657 3.6368 -0.0193362 0.0439916 18.5252
13205 15 0.01 1 32.9 0.431413 0.110951 6.21387 0.0815275 0.0194148 18.9974
13208 15 0.01 1 32.9 -0.131831 -0.416007 4.91962 -0.0199419 -0.0630047 17.7448
19706 15 0.01 1 32.9 -0.34074 0.173636 6.26743 -0.0638468 0.032841 16.3605
21411 15 0.01 1 32.9 -0.321166 -0.0398435 3.25342 -0.0334869 0.000625911 19.5958
21630 15 0.01 1 32.9 -0.204774 -0.0886633 4.80044 -0.0296401 -0.0131124 16.7071
22211 15 0.01 1 32.9 -0.422851 -0.103585 9.919 -0.125307 -0.0328289 16.9477
22521 15 0.01 1 32.9 -0.27427 0.288249 4.59409 -0.0376938 0.0395272 18.3399
22636 15 0.01 1 32.9 -0.468059 0.025111 6.31601 -0.0880875 0.00418167 17.8303
22815 15 0.01 1 32.9 0.0845909 -0.398241 12.1784 0.0295682 -0.146526 16.3977
26733 15 0.01 1 32.9 -0.00556991 -0.00355315 6.25822 -0.00102149 0.000815779 19.5128
27123 15 0.01 1 32.9 -0.20415 0.179174 22.386 -0.141182 0.123219 16.1964
27210 15 0.01 1 32.9 -0.120629 0.484969 9.99158 -0.0357486 0.144509 16.9552
28514 15 0.01 1 32.9 0.273464 -0.292511 11.4955 0.0952981 -0.102683 16.4506
28730 15 0.01 1 32.9 0.188238 -0.335888 3.41641 0.0194131 -0.0360937 18.4479
28866 15 0.01 1 32.9 -0.274946 -0.0810231 2.66994 -0.0210355 -0.00629486 18.8779
30378 15 0.01 1 32.9 0.194379 0.390399 2.93878 0.0186273 0.0354279 16.8022
31121 15 0.01 1 32.9 -0.0807894 0.315901 1.37879 -0.00332581 0.0120521 18.4571
32093 15 0.01 1 32.9 0.0880617 0.252273 2.62586 0.00788631 0.0200562 17.6237
32746 15 0.01 1 32.9 0.283174 -0.400763 3.7323 0.0332165 -0.043406 18.0949
32899 15 0.01 1 32.9 -0.114509 -0.440561 9.70845 -0.0330796 -0.127489 18.062
33742 15 0.01 1 32.9 0.36934 0.0222673 2.3775 0.0273026 0.00060386 17.1683
34046 15 0.01 1 32.9 -0.348957 0.361501 4.68894 -0.0509685 0.0538881 19.1196
35025 15 0.01 1 32.9 -0.442335 0.487828 2.75717 -0.0357612 0.0418951 18.2227
35278 15 0.01 1 32.9 0.194242 -0.389216 11.6571 0.0708963 -0.137874 16.3116
35654 15 0.01 1 32.9 0.371198 0.163574 6.03323 0.0667167 0.0318419 16.3537
36377 15 0.01 1 32.9 0.0654898 0.194171 2.40919 0.00525963 0.0149541 17.9751
37225 15 0.01 1 32.9 0.439998 0.0968766 5.26823 0.0707884 0.0149632 17.1025
37596 15 0.01 1 32.9 -0.485696 0.300198 5.02898 -0.0763485 0.0444657 18.204
40927 15 0.01 1 32.9 0.403659 -0.447724 8.08386 0.100789 -0.108702 18.495
41775 15 0.01 1 32.9 0.168814 -0.0899786 5.16175 0.0268024 -0.0174419 17.7516
42693 15 0.01 1 32.9 0.00293649 0.407066 11.899 -0.000588673 0.146166 16.2432
43193 15 0.01 1 32.9 0.0082079 0.127804 7.67324 0.00167303 0.0321381 17.582
44611 15 0.01 1 32.9 0.293903 0.186366 3.69932 0.0348843 0.0216781 18.1582
45513 15 0.01 1 32.9 0.107201 0.122203 4.48109 0.0142008 0.0175519 19.7932
46090 15 0.01 1 32.9 -0.156051 -0.123734 1.65064 -0.00858094 -0.00319417 19.3047
46451 15 0.01 1 32.9 0.0443381 0.25892 6.78003 0.0113385 0.0523294 18.7577
46642 15 0.01 1 32.9 -0.0183871 -0.274901 6.04803 -0.00366696 -0.0503774 18.6312
48236 15 0.01 1 32.9 0.138357 -0.299921 3.4605 0.0141748 -0.0318672 19.246
50301 15 0.01 1 32.9 0.330541 0.403287 6.58145 0.0667016 0.0794106 17.548
50434 15 0.01 1 32.9 0.377747 0.334897 8.47908 0.0997482 0.0864952 18.1387
52427 15 0.01 1 32.9 0.375191 -0.453485 13.4991 0.154311 -0.184737 16.996
53397 15 0.01 1 32.9 -0.157511 0.348227 6.52512 -0.0297146 0.0688169 18.6462
53723 15 0.01 1 32.9 0.43453 -0.136548 6.75621 0.0908372 -0.0271608 16.7273
53814 15 0.01 1 32.9 -0.188195 -0.00391758 6.63355 -0.0362395 -0.000851581 17.2523
55018 15 0.01 1 32.9 -0.329706 0.334672 4.61018 -0.0452945 0.0463202 18.0641
55840 15 0.01 1 32.9 -0.362946 0.227512 3.68164 -0.039905 0.0255708 18.5142
56224 15 0.01 1 32.9 -0.250657 0.219486 3.08606 -0.0223328 0.0202455 19.3961
56385 15 0.01 1 32.9 -0.0457695 -0.487768 10.719 -0.0149489 -0.158151 17.7041
58724 15 0.01 1 32.9 0.176111 -0.32311 3.40853 0.0185176 -0.0332289 19.2785
59412 15 0.01 1 32.9 -0.270428 -0.368915 7.17864 -0.0593399 -0.0813213 18.0161
59986 15 0.01 1 32.9 -0.423152 -0.292596 3.51015 -0.0466304 -0.0282657 19.3103
60636 15 0.01 1 32.9 0.0608541 0.323063 7.05344 0.0138038 0.070517 17.9846
61158 15 0.01 1 32.9 -0.317199 0.473672 9.37609 -0.0913977 0.134101 16.332
61337 15 0.01 1 32.9 -0.327146 -0.461116 9.22572 -0.092014 -0.129099 18.2067
61428 15 0.01 1 32.9 0.188574 -0.28756 5.53684 0.0293178 -0.0451529 19.8136
61518 15 0.01 1 32.9 -0.215102 0.0498272 8.33428 -0.0544272 0.00958988 18.4776
62425 15 0.01 1 32.9 -0.341308 -0.143255 5.08543 -0.0519532 -0.0211311 19.3838
63332 15 0.01 1 32.9 0.340982 0.329677 7.53477 0.0782394 0.0731615 16.5468
63371 15 0.01 1 32.9 -0.261747 -0.371781 7.23515 -0.0585696 -0.0797531 18.307
63723 15 0.01 1 32.9 0.0553904 -0.234218 6.32984 0.00971486 -0.0438201 19.2851
64148 15 0.01 1 32.9 -0.200292 0.0479049 3.65495 -0.019554 0.00461089 18.646
67051 15 0.01 1 32.9 -0.403393 0.380541 3.78996 -0.0467666 0.046885 17.9212
68281 15 0.01 1 32.9 0.212053 -0.163827 4.3874 0.0319627 -0.0220613 18.7325
68910 15 0.01 1 32.9 0.333421 0.179368 4.3877 0.0448322 0.0235136 18.8294
69474 15 0.01 1 32.9 -0.0925839 0.0964408 10.3963 -0.0308672 0.0277691 17.0095
69697 15 0.01 1 32.9 0.184032 0.25811 6.79825 0.0360365 0.0525781 16.848
70151 15 0.01 1 32.9 0.462986 0.477652 3.56748 0.0503954 0.050026 18.7777
70161 15 0.01 1 32.9 0.287576 0.278005 4.63495 0.0416557 0.0410408 18.538
70477 15 0.01 1 32.9 -0.236065 0.0591534 3.96004 -0.0273715 0.00838316 19.7155
71935 15 0.01 1 32.9 0.0124544 0.0319067 5.65601 0.00148935 0.00797536 18.4669
72716 15 0.01 1 32.9 0.413043 0.334164 14.5172 0.183304 0.147748 16.5819
74635 15 0.01 1 32.9 0.118552 -0.0750435 7.21587 0.0279204 -0.0176789 18.8519
75006 15 0.01 1 32.9 0.105896 -0.460134 8.60305 0.0292229 -0.119014 17.5626
75078 15 0.01 1 32.9 0.320377 -0.494322 6.07678 0.0598345 -0.0906621 17.6926
75822 15 0.01 1 32.9 -0.0275622 -0.0680994 9.50196 -0.00725157 -0.0188974 17.2981
76707 15 0.01 1 32.9 0.117402 -0.0559673 2.61768 0.00935213 -0.00338818 18.0115
78250 15 0.01 1 32.9 0.0795114 -0.117746 11.7512 0.0288918 -0.0402517 16.9211
78839 15 0.01 1 32.9 -0.171218 0.278424 3.14642 -0.0156059 0.0263073 17.1016
79351 15 0.01 1 32.9 -0.060733 -0.357031 3.75281 -0.00925734 -0.0426012 19.2609
79546 15 0.01 1 32.9 -0.396614 0.496864 4.62369 -0.0552185 0.0706067 18.7211
80294 15 0.01 1 32.9 -0.192928 0.19055 3.05666 -0.019212 0.0187694 17.9677
80562 15 0.01 1 32.9 -0.0353809 0.447922 8.9837 -0.0114278 0.1221 17.6726
81444 15 0.01 1 32.9 -0.393311 0.136827 3.13274 -0.036434 0.0105714 17.0305
82471 15 0.01 1 32.9 0.309714 -0.290903 7.18752 0.0671828 -0.0640812 18.5268
82474 15 0.01 1 32.9 0.410527 -0.354225 5.72058 0.0728348 -0.0603942 17.3199
82697 15 0.01 1 32.9 -0.18126 0.0624439 8.90136 -0.0472806 0.0148314 17.8602
83557 15 0.01 1 32.9 -0.48416 -0.220679 3.88943 -0.0569981 -0.0262886 17.9019
83761 15 0.01 1 32.9 -0.333569 -0.259505 6.88704 -0.0712592 -0.0564181 18.4808
85615 15 0.01 1 32.9 0.149303 0.408 5.06666 0.0226236 0.0624158 19.8497
85635 15 0.01 1 32.9 -0.397752 0.0397605 2.52772 -0.0301033 0.00440395 18.992
86608 15 0.01 1 32.9 0.442169 0.036131 13.0509 0.175873 0.0143785 17.0488
86784 15 0.01 1 32.9 0.00545128 -0.358172 6.3526 0.00341613 -0.0684788 17.8434
86855 15 0.01 1 32.9 0.083379 0.321513 4.60984 0.0124276 0.0447213 19.0981
87605 15 0.01 1 32.9 -0.11234 -0.451944 3.72989 -0.0117656 -0.0532336 17.3982
88252 15 0.01 1 32.9 -0.263453 0.0732519 4.35234 -0.0332463 0.0123476 19.3697
88848 15 0.01 1 32.9 -0.0950329 0.342934 1.25556 -0.00437851 0.0141515 17.1528
89021 15 0.01 1 32.9 0.119035 0.440213 4.39705 0.0173421 0.0593439 18.766
89227 15 0.01 1 32.9 -0.442158 -0.437981 22.5365 -0.302605 -0.29941 16.112
89664 15 0.01 1 32.9 0.445266 -0.0433288 8.28533 0.114425 -0.011262 18.2385
91250 15 0.01 1 32.9 -0.477927 0.354854 9.20775 -0.133906 0.0986147 17.0631
92075 15 0.01 1 32.9 0.498497 -0.116702 6.97032 0.106127 -0.0250698 19.1104
92320 15 0.01 1 32.9 0.152955 -0.450497 24.8463 0.114756 -0.341087 16.0955
92830 15 0.01 1 32.9 -0.468735 -0.269209 6.77428 -0.0980243 -0.0549152 18.1713
94233 15 0.01 1 32.9 0.00756381 0.073599 10.1053 0.0029102 0.0220107 17.379
94666 15 0.01 1 32.9 -0.0303762 -0.355047 6.89589 -0.00855647 -0.0752044 18.3215
96763 15 0.01 1 32.9 0.254001 0.441359 6.96369 0.0536264 0.0939548 18.7785
98046 15 0.01 1 32.9 0.216676 -0.392869 5.19897 0.0345511 -0.0644002 16.5943
98954 15 0.01 1 32.9 -0.0430543 0.421856 4.1016 -0.00485457 0.0507496 17.1249
99505 15 0.01 1 32.9 -0.16949 -0.240713 7.40747 -0.0370635 -0.0537075 17.8236
100492 15 0.01 1 32.9 0.253731 0.152546 5.82574 0.0429587 0.0260699 16.6592
101197 15 0.01 1 32.9 0.0164678 0.144306 9.78073 0.00705293 0.0445381 16.5511
102137 15 0.01 1 32.9 0.494775 0.0855676 1.63468 0.0220164 0.00570565 17.5308
104451 15 0.01 1 32.9 -0.491957 0.282125 8.43796 -0.125562 0.07438 17.2829
104882 15 0.01 1 32.9 0.313863 0.425677 17.9193 0.171208 0.23185 16.5383
105374 15 0.01 1 32.9 -0.36442 -0.193213 5.11681 -0.0559494 -0.0310183 18.8988
105771 15 0.01 1 32.9 -0.471954 -0.346727 1.73708 -0.0250967 -0.0169016 16.7832
105819 15 0.01 1 32.9 -0.309429 0.144721 11.5889 -0.1087 0.0522007 16.7331
106498 15 0.01 1 32.9 -0.418623 -0.20356 6.89613 -0.0876615 -0.0448594 19.0714
106869 15 0.01 1 32.9 -0.0539366 0.093015 8.88936 -0.0156493 0.0258051 17.2073
106975 15 0.01 1 32.9 -0.288976 0.159691 4.45785 -0.0394666 0.0217878 19.4234
107181 15 0.01 1 32.9 -0.285366 0.188617 7.03561 -0.0647016 0.0397445 19.2072
108553 15 0.01 1 32.9 0.361619 -0.139337 6.88902 0.0782294 -0.0314726 18.6678
110237 15 0.01 1 32.9 0.00437635 -0.318482 7.10833 0.00149917 -0.0686333 16.2995
110254 15 0.01 1 32.9 -0.122582 0.343159 3.25401 -0.0107054 0.0365903 17.4154
110272 15 0.01 1 32.9 -0.0789613 0.0392715 4.72289 -0.012464 0.00365399 19.4606
110327 15 0.01 1 32.9 -0.301372 0.286192 6.9497 -0.0620269 0.059843 18.3209
114712 15 0.01 1 32.9 0.0965258 -0.379031 9.33332 0.0282322 -0.107826 17.3974
114892 15 0.01 1 32.9 0.340999 0.208813 2.53861 0.0273493 0.0166755 16.6394
115802 15 0.01 1 32.9 0.226059 -0.234118 8.04126 0.0540614 -0.0571073 17.2788
116393 15 0.01 1 32.9 -0.00584368 0.0615643 7.37724 -0.00238393 0.0126922 18.4117
116798 15 0.01 1 32.9 -0.475159 -0.385271 1.81415 -0.0257529 -0.0207702 18.3702
118081 15 0.01 1 32.9 0.157047 -0.0767121 10.9695 0.051892 -0.0274773 17.6192
118574 15 0.01 1 32.9 0.344291 -0.398717 5.95273 0.0598534 -0.0735218 18.0457
118924 15 0.01 1 32.9 -0.464281 -0.313702 6.95652 -0.0941732 -0.0678507 17.541
118957 15 0.01 1 32.9 0.248606 0.0261562 2.55961 0.0207671 0.00184317 17.4274
120302 15 0.01 1 32.9 -0.128435 0.186456 8.36112 -0.032553 0.0479392 17.8726
121956 15 0.01 1 32.9 -0.0824881 0.353411 8.08393 -0.0210137 0.0870245 18.6088
121980 15 0.01 1 32.9 -0.298211 0.0128825 9.0518 -0.0805084 0.00288565 17.7953
122273 15 0.01 1 32.9 -0.494147 0.229811 4.76686 -0.0722013 0.0361816 17.1184
123966 15 0.01 1 32.9 -0.108704 0.261213 4.42444 -0.0158575 0.036358 19.4293
124274 15 0.01 1 32.9 0.0918558 -0.282011 12.6083 0.0347921 -0.110441 16.4229
124656 15 0.01 1 32.9 -0.248912 0.466041 5.12254 -0.0416596 0.0730223 16.6218
124848 15 0.01 1 32.9 -0.380166 0.479904 9.55827 -0.111631 0.141655 17.8159
125070 15 0.01 1 32.9 -0.410648 0.0786373 5.36983 -0.0674856 0.0162496 17.0722
125485 15 0.01 1 32.9 0.106628 0.408504 6.82654 0.0214017 0.0870003 18.7797
126476 15 0.01 1 32.9 -0.383188 -0.26203 15.6516 -0.180656 -0.127413 16.6657
127786 15 0.01 1 32.9 0.438848 0.387537 6.00244 0.0803953 0.070659 18.119
128801 15 0.01 1 32.9 0.486716 -0.465209 8.27301 0.123233 -0.117969 17.8145
129083 15 0.01 1 32.9 0.134949 -0.00407973 4.68077 0.0180446 -0.000902338 19.0939
131366 15 0.01 1 32.9 -0.185815 0.473402 8.25418 -0.0454246 0.122633 16.9473
134198 15 0.01 1 32.9 0.44901 -0.00901659 4.21154 0.0598488 -0.000153587 18.4361
135807 15 0.01 1 32.9 0.348333 0.128562 8.5084 0.0900477 0.0326365 17.4387
138231 15 0.01 1 32.9 -0.425801 0.497206 4.82537 -0.064778 0.0738038 19.32
140035 15 0.01 1 32.9 -0.33165 0.281911 4.07159 -0.0408717 0.035696 18.7008
140352 15 0.01 1 32.9 -0.301575 0.424288 3.99235 -0.0349361 0.0511448 17.7813
142892 15 0.01 1 32.9 0.418798 -0.0674218 5.61925 0.0693601 -0.0115529 18.2576
143332 15 0.01 1 32.9 -0.405282 -0.222186 9.92859 -0.120843 -0.0666925 17.8035
145893 15 0.01 1 32.9 0.14975 -0.452209 8.08013 0.036958 -0.110393 17.6265
146101 15 0.01 1 32.9 0.49572 0.432645 5.6336 0.0856215 0.0736764 18.8689
146213 15 0.01 1 32.9 -0.317141 -0.100276 6.81136 -0.0653546 -0.0197288 18.7352
146747 15 0.01 1 32.9 0.0850863 -0.396303 1.90729 0.00318353 -0.0222597 16.9556
150209 15 0.01 1 32.9 -0.0898327 0.23412 4.05516 -0.0118883 0.0271136 16.7407
150954 15 0.01 1 32.9 0.0846319 -0.385998 4.62193 0.0128854 -0.0545998 19.42
151821 15 0.01 1 32.9 0.490186 0.20787 3.34594 0.0502613 0.0220487 19.0387
153874 15 0.01 1 32.9 0.135764 0.0471849 1.43981 0.00840587 0.00512404 19.2627
153915 15 0.01 1 32.9 0.292687 0.387865 6.16161 0.0535956 0.0743028 18.6601
154750 15 0.01 1 32.9 -0.35411 0.115676 6.07626 -0.0644389 0.0194984 18.0131
155093 15 0.01 1 32.9 0.347148 -0.288721 5.10218 0.0520563 -0.0469384 19.0317
155128 15 0.01 1 32.9 -0.211131 -0.109215 5.76311 -0.0369245 -0.0175464 18.4717
155249 15 0.01 1 32.9 0.074665 0.254121 7.92516 0.01675 0.0587517 18.6183
157294 15 0.01 1 32.9 0.0551017 0.0806676 2.96365 0.00489934 0.00749911 18.2428
157377 15 0.01 1 32.9 -0.218446 -0.02613 6.8664 -0.0454072 -0.00403467 17.0967
158121 15 0.01 1 32.9 0.238084 0.411929 1.91755 0.0135383 0.021609 18.0296
159624 15 0.01 1 32.9 -0.384408 -0.259411 6.55773 -0.075328 -0.0512557 17.4638
160228 15 0.01 1 32.9 -0.26122 0.106951 5.39945 -0.0401683 0.0195239 18.3305
160742 15 0.01 1 32.9 0.313018 0.317519 4.46876 0.039956 0.044269 19.7457
162178 15 0.01 1 32.9 -0.339074 -0.26266 2.00073 -0.0249264 -0.0160803 16.9399
162749 15 0.01 1 32.9 -0.288993 0.15202 5.42241 -0.0465702 0.0253006 17.903
164179 15 0.01 1 32.9 -0.346833 0.431151 5.45548 -0.0561992 0.0721801 17.932
165011 15 0.01 1 32.9 0.438132 -0.329783 7.86543 0.105972 -0.0785297 18.1889
165029 15 0.01 1 32.9 -0.151952 0.332713 7.69111 -0.0365724 0.0740136 17.1857
167057 15 0.01 1 32.9 -0.0987161 -0.0571351 3.72313 -0.00964066 -0.00671291 16.6206
168229 15 0.01 1 32.9 0.185285 0.38868 9.46563 0.0528182 0.113764 16.7414
171338 15 0.01 1 32.9 0.36023 -0.101043 4.65216 0.0515574 -0.0167299 16.9923
172137 15 0.01 1 32.9 -0.31422 -0.362599 5.63274 -0.0542015 -0.0615316 16.2196
173693 15 0.01 1 32.9 0.481122 0.303228 6.72156 0.0971406 0.061592 19.0091
173889 15 0.01 1 32.9 -0.389341 -0.318754 20.4293 -0.241782 -0.193507 16.4202
174577 15 0.01 1 32.9 -0.373674 0.178483 15.9637 -0.180483 0.0856831 16.289
175023 15 0.01 1 32.9 0.177483 0.0521818 2.63399 0.0140938 0.00420455 17.4137
175079 15 0.01 1 32.9 0.218495 0.0720127 6.4675 0.0453749 0.0132835 19.3192
175137 15 0.01 1 32.9 0.288615 -0.0724389 2.08217 0.0163758 -0.0029368 17.2784
176303 15 0.01 1 32.9 -0.276814 0.477002 2.40764 -0.0202449 0.0347562 17.8305
177174 15 0.01 1 32.9 0.0712655 -0.351255 3.94887 0.00773355 -0.0396875 18.6666
177754 15 0.01 1 32.9 -0.285532 0.174316 5.13776 -0.0455522 0.0255385 18.3883
178595 15 0.01 1 32.9 0.143265 0.314709 1.78663 0.00758683 0.0200356 16.3998
180412 15 0.01 1 32.9 0.147832 -0.136134 12.5599 0.053252 -0.0521833 17.2028
184819 15 0.01 1 32.9 -0.443362 -0.234895 6.49223 -0.0865924 -0.0455838 16.9807
186153 15 0.01 1 32.9 -0.472948 0.340427 6.04258 -0.0874425 0.0613508 19.2242
186845 15 0.01 1 32.9 0.219734 -0.33456 5.5947 0.0347175 -0.0570795 18.8797
186999 15 0.01 1 32.9 -0.305694 -0.0634268 3.22898 -0.029843 -0.00480136 18.8205
187133 15 0.01 1 32.9 -0.152151 0.249338 14.4782 -0.0663681 0.11152 16.9251
187661 15 0.01 1 32.9 -0.42794 -0.223739 6.0663 -0.0775717 -0.0427525 18.8278
188027 15 0.01 1 32.9 -0.146757 0.488803 1.69344 -0.00771727 0.0245811 17.4492
188824 15 0.01 1 32.9 -0.0560184 0.0449276 2.09417 -0.00584936 0.0032993 17.8903
190780 15 0.01 1 32.9 0.0582784 -0.267109 5.90153 0.00903123 -0.0467524 16.8995
191312 15 0.01 1 32.9 0.207697 -0.0249731 5.80527 0.0389774 -0.00585965 19.106
191457 15 0.01 1 32.9 0.0458655 0.220214 4.5015 0.00676872 0.0275388 19.5391
192433 15 0.01 1 32.9 0.154762 -0.387317 6.93084 0.0320496 -0.0829215 17.0814
193344 15 0.01 1 32.9 0.00889314 0.169592 5.15455 0.00365349 0.0273017 19.6828
193664 15 0.01 1 32.9 -0.150424 0.283699 3.79118 -0.0178997 0.0310159 19.2646
193947 15 0.01 1 32.9 -0.193334 0.194905 7.5869 -0.0464785 0.0429273 18.7228
194212 15 0.01 1 32.9 0.179999 -0.423894 6.44552 0.0347156 -0.0856637 16.985
194850 15 0.01 1 32.9 0.0748169 0.00401215 14.6317 0.0339711 0.00192327 16.6834
194859 15 0.01 1 32.9 0.211122 0.17441 5.13186 0.0312393 0.0265473 19.2837
196259 15 0.01 1 32.9 0.30057 -0.457945 7.15449 0.0655778 -0.09651 17.2215
197316 15 0.01 1 32.9 -0.269978 -0.209283 8.30057 -0.0673851 -0.0521106 16.9323
197434 15 0.01 1 32.9 0.192545 0.343019 5.39941 0.0320025 0.054423 19.4255
198432 15 0.01 1 32.9 -0.0919467 0.253593 11.491 -0.0313132 0.0921275 17.4922
198852 15 0.01 1 32.9 -0.3512 0.211903 2.25619 -0.025117 0.0189348 17.7241
199110 15 0.01 1 32.9 0.283016 0.471069 2.66408 0.0213168 0.0362921 18.2934
200335 15 0.01 1 32.9 -0.26934 0.266672 1.5562 -0.0103458 0.0114056 17.749
200499 15 0.01 1 32.9 -0.0183781 -0.0769493 7.84942 -0.00430038 -0.0225677 18.6129
200747 15 0.01 1 32.9 0.16383 -0.235868 5.04272 0.0252482 -0.0367789 19.6021
200781 15 0.01 1 32.9 0.107497 0.249054 8.17141 0.025036 0.0613756 17.0443
201022 15 0.01 1 32.9 0.326104 -0.017339 6.36722 0.0602168 -0.00437436 18.5859
201106 15 0.01 1 32.9 -0.074189 0.0830301 6.87811 -0.016185 0.0148054 18.0718
201414 15 0.01 1 32.9 -0.419541 -0.481346 13.6642 -0.175299 -0.199742 16.897
201541 15 0.01 1 32.9 0.169811 -0.369324 5.68121 0.0299853 -0.0630282 17.5932
202311 15 0.01 1 32.9 0.45699 0.0212 7.03256 0.0967703 0.00390338 17.5994
204402 15 0.01 1 32.9 -0.198538 -0.470058 10.1518 -0.0620714 -0.144191 17.7575
204843 15 0.01 1 32.9 0.174032 0.326136 7.36467 0.0396849 0.0720548 18.1448
205300 15 0.01 1 32.9 0.421772 -0.00897786 10.638 0.135871 0.00143052 17.0464
205798 15 0.01 1 32.9 -0.0737221 -0.227911 3.3904 -0.00895713 -0.0250063 19.2304
206208 15 0.01 1 32.9 -0.385746 -0.017831 2.64014 -0.0304779 -0.00314887 19.2531
206503 15 0.01 1 32.9 0.385933 0.0981193 6.58445 0.0780547 0.0226624 18.835
207323 15 0.01 1 32.9 -0.21336 0.336652 9.04052 -0.0581109 0.093346 16.8118
209181 15 0.01 1 32.9 -0.266054 -0.380385 10.6197 -0.0871524 -0.122018 17.4328
209904 15 0.01 1 32.9 -0.0919202 -0.376358 3.33611 -0.008841 -0.0378724 17.4215
211781 15 0.01 1 32.9 0.0560241 -0.317064 7.7711 0.0134067 -0.0752907 18.1631
212338 15 0.01 1 32.9 0.250687 0.353798 6.25194 0.0479843 0.0667223 17.4612
212684 15 0.01 1 32.9 0.436046 0.229961 5.86132 0.0787229 0.04057 18.8145
212739 15 0.01 1 32.9 0.159955 -0.383986 7.55528 0.0350497 -0.0880134 16.4787
215398 15 0.01 1 32.9 -0.164245 0.199338 6.46902 -0.0341676 0.0393913 17.1043
216097 15 0.01 1 32.9 0.183606 -0.00288971 7.41772 0.0421321 0.00068325 16.5528
216669 15 0.01 1 32.9 -0.317682 0.264053 8.39464 -0.0823885 0.0666946 17.4713
217379 15 0.01 1 32.9 0.0321501 -0.228859 5.44443 0.00820588 -0.0369077 17.6569
218171 15 0.01 1 32.9 -0.469081 -0.200841 6.00927 -0.0871896 -0.0378507 18.8233
219719 15 0.01 1 32.9 0.434677 -0.0929708 2.50012 0.0317443 -0.00770288 18.334
219781 15 0.01 1 32.9 -0.360696 -0.184528 16.8424 -0.183499 -0.0929766 16.579
220434 15 0.01 1 32.9 0.159077 -0.445232 6.50513 0.0324472 -0.0855571 19.1325
220895 15 0.01 1 32.9 0.444679 -0.0356169 4.40542 0.0594096 -0.00372857 19.6539
221099 15 0.01 1 32.9 -0.341058 -0.19998 3.35345 -0.0342576 -0.0199391 18.2541
221452 15 0.01 1 32.9 -0.0803498 -0.261385 2.15986 -0.0047604 -0.0138162 18.5871
221663 15 0.01 1 32.9 -0.15108 0.305476 3.23059 -0.0170489 0.0295506 18.6224
221987 15 0.01 1 32.9 0.233387 -0.440142 1.86838 0.0138338 -0.0232598 17.7384
224145 15 0.01 1 32.9 -0.192431 -0.447233 4.27316 -0.0263585 -0.0571502 17.522
227578 15 0.01 1 32.9 0.368808 0.380491 10.439 0.117207 0.121912 17.2971
229301 15 0.01 1 32.9 -0.0369257 0.346487 2.50936 -0.000974885 0.0265927 17.4035
230119 15 0.01 1 32.9 0.487482 0.0364154 11.1674 0.164858 0.0136091 17.4342
230129 15 0.01 1 32.9 0.171537 -0.368215 15.009 0.0774026 -0.167455 16.7299
230404 15 0.01 1 32.9 0.072511 0.196131 7.3069 0.0163099 0.0431536 18.8595
232176 15 0.01 1 32.9 0.0131873 0.134879 26.1745 0.0105116 0.106419 16.1757
232668 15 0.01 1 32.9 0.292517 0.214148 10.8933 0.0981302 0.0726272 17.6444
232794 15 0.01 1 32.9 0.129545 0.291594 11.652 0.0464579 0.102155 17.4409
234408 15 0.01 1 32.9 0.0839663 -0.336866 9.00777 0.0225609 -0.093021 16.5508
234600 15 0.01 1 32.9 -0.132441 0.207025 17.4875 -0.0679366 0.111536 16.3293
234955 15 0.01 1 32.9 0.263905 0.0210444 12.9034 0.103187 0.00690104 16.5423
238442 15 0.01 1 32.9 0.180996 0.200817 2.48847 0.0146047 0.0151464 18.7766
238788 15 0.01 1 32.9 0.0639802 -0.380515 7.70381 0.0175793 -0.0877746 18.2104
241927 15 0.01 1 32.9 -0.368556 0.126284 5.53922 -0.0619767 0.022022 19.0512
242324 15 0.01 1 32.9 0.128399 0.299575 9.17087 0.0371363 0.0846252 17.8227
242547 15 0.01 1 32.9 -0.15607 0.0257867 4.76721 -0.0218701 0.00461565 19.1141
242969 15 0.01 1 32.9 -0.0643961 0.351208 23.3735 -0.0471326 0.250111 16.045
243116 15 0.01 1 32.9 -0.172679 0.0356734 6.13373 -0.0322616 0.00827851 19.3081
244414 15 0.01 1 32.9 -0.48406 -0.455673 5.88265 -0.0864162 -0.0847097 19.3877
244436 15 0.01 1 32.9 -0.447765 0.353971 11.3369 -0.154867 0.121921 16.873
248272 15 0.01 1 32.9 -0.408522 0.0568758 2.80124 -0.033626 0.00518961 18.096
251258 15 0.01 1 32.9 0.314004 -0.246341 6.9249 0.0655607 -0.0478683 18.6233
253100 15 0.01 1 32.9 -0.429638 -0.163701 6.24315 -0.0800453 -0.0336026 18.8237
253702 15 0.01 1 32.9 -0.232822 -0.484163 7.17628 -0.0507232 -0.10479 18.3741
253956 15 0.01 1 32.9 0.152649 0.387912 1.28122 0.00812877 0.0158446 17.2371
257842 15 0.01 1 32.9 0.259786 -0.30941 5.55712 0.0419879 -0.0535385 19.6811
258383 15 0.01 1 32.9 0.17062 0.292127 2.76355 0.0146694 0.0241882 18.2593
258426 15 0.01 1 32.9 -0.0010523 -0.199957 12.8897 -0.000226867 -0.0786246 16.68
258459 15 0.01 1 32.9 -0.385176 0.213191 6.50848 -0.075911 0.0406824 17.7676
260053 15 0.01 1 32.9 0.419507 0.0451985 3.2387 0.0409651 0.00394232 18.2531
263007 15 0.01 1 32.9 0.0463315 0.328429 15.699 0.0229118 0.153092 16.3386
263703 15 0.01 1 32.9 0.0745128 -0.258609 6.99238 0.0177858 -0.0560679 19.1774
264346 15 0.01 1 32.9 0.283815 -0.499045 6.11098 0.0535002 -0.0911048 17.899
265558 15 0.01 1 32.9 -0.41472 -0.337888 3.19218 -0.038977 -0.0292229 17.1187
266368 15 0.01 1 32.9 0.241496 0.163109 1.45833 0.0105027 0.00916657 16.982
267965 15 0.01 1 32.9 -0.37676 -0.303894 7.16655 -0.0816831 -0.0684898 19.1421
268657 15 0.01 1 32.9 -0.261051 0.447492 3.12572 -0.0267649 0.0429984 18.6453
269265 15 0.01 1 32.9 -0.222293 0.414993 5.7105 -0.0396004 0.0710443 17.0062
269707 15 0.01 1 32.9 -0.101274 -0.241596 2.93191 -0.00956834 -0.0212981 16.4741
271814 15 0.01 1 32.9 -0.290029 0.348092 3.75512 -0.0304295 0.0402573 17.5437
273335 15 0.01 1 32.9 0.302923 -0.0448448 11.3431 0.105071 -0.0154508 17.2181
273816 15 0.01 1 32.9 -0.175879 0.406822 7.50123 -0.0427958 0.0938261 18.5874
274615 15 0.01 1 32.9 0.0598929 -0.326024 9.795 0.0173232 -0.0956428 17.6821
274737 15 0.01 1 32.9 -0.276494 0.208597 5.07798 -0.0427963 0.0330787 19.5854
277528 15 0.01 1 32.9 -0.172535 0.315596 4.41929 -0.0238088 0.043493 19.7713
278656 15 0.01 1 32.9 0.157357 0.304636 1.64776 0.007163 0.0160363 17.4149
279919 15 0.01 1 32.9 0.257107 0.0333646 3.42026 0.025846 0.00478824 16.8897
281305 15 0.01 1 32.9 0.254049 -0.060183 13.8123 0.106148 -0.0256911 16.6353
282236 15 0.01 1 32.9 -0.0726916 -0.059931 5.73256 -0.00995942 -0.0123399 19.2781
282507 15 0.01 1 32.9 -0.0322029 0.250305 8.41488 -0.00837929 0.0644333 18.4364
282641 15 0.01 1 32.9 0.0229004 0.06783 5.40466 0.00490304 0.0113793 19.5976
283211 15 0.01 1 32.9 0.472404 -0.461542 7.48786 0.105801 -0.105534 18.9954
285205 15 0.01 1 32.9 -0.380925 0.25526 6.18437 -0.0707218 0.0461813 18.5044
286055 15 0.01 1 32.9 0.179408 -0.35724 9.30946 0.0512072 -0.102848 16.8365
286261 15 0.01 1 32.9 0.0990891 0.110253 1.45986 0.0047365 0.004626 17.4074
286344 15 0.01 1 32.9 -0.484177 0.185114 12.1601 -0.178519 0.0696993 16.4851
289018 15 0.01 1 32.9 -0.406637 0.363835 3.91505 -0.0485318 0.0434219 17.6997
289223 15 0.01 1 32.9 -0.26586 -0.271754 11.4703 -0.0917692 -0.0951993 16.8043
289289 15 0.01 1 32.9 -0.0990932 0.464319 7.54958 -0.0218252 0.104478 16.8387
290423 15 0.01 1 32.9 -0.039006 0.481312 2.90091 -0.00520861 0.0422766 17.4357
290521 15 0.01 1 32.9 -0.425795 -0.0122063 6.92864 -0.0898983 -0.00188424 17.0868
290948 15 0.01 1 32.9 -0.211891 -0.434177 6.87088 -0.0437132 -0.0930853 18.7574
291155 15 0.01 1 32.9 0.138452 -0.266513 5.14177 0.0234607 -0.0433714 19.0909
291371 15 0.01 1 32.9 0.21939 0.132878 8.02842 0.0551649 0.0334465 16.5642
291597 15 0.01 1 32.9 -0.497368 0.0225215 4.34814 -0.0645491 0.0046102 17.5091
291722 15 0.01 1 32.9 0.175253 -0.269765 6.39915 0.033873 -0.0518349 18.8649
292287 15 0.01 1 32.9 -0.219348 -0.421626 6.24366 -0.0410507 -0.0772297 19.1206
292493 15 0.01 1 32.9 -0.197537 0.115285 8.59607 -0.0533072 0.0279026 18.3761
292758 15 0.01 1 32.9 0.00632818 -0.128459 8.00635 0.00240695 -0.0311746 16.6645
292842 15 0.01 1 32.9 0.0297612 0.424968 13.1807 0.0123157 0.167085 17.0085
293297 15 0.01 1 32.9 -0.349727 0.399572 3.05167 -0.0320798 0.0342174 18.9013
294765 15 0.01 1 32.9 -0.291345 -0.0360776 8.58858 -0.0763973 -0.00966744 17.882
295033 15 0.01 1 32.9 -0.161353 -0.357157 6.96532 -0.0342693 -0.0749619 17.5994
295312 15 0.01 1 32.9 0.408497 0.239042 5.61964 0.0705572 0.0401453 16.0153
295956 15 0.01 1 32.9 -0.0483061 0.292809 4.87239 -0.0070836 0.0450997 19.3953
296493 15 0.01 1 32.9 0.490755 0.189517 2.88007 0.0409923 0.0165897 18.063
297846 15 0.01 1 32.9 -0.00222923 -0.471975 1.32103 -6.95869e-05 -0.0161015 17.1844
298071 15 0.01 1 32.9 0.158542 -0.0492333 4.33661 0.0178235 -0.00724585 18.1194
298620 15 0.01 1 32.9 -0.341778 -0.228828 8.31198 -0.087411 -0.0591676 18.4792
298817 15 0.01 1 32.9 0.472001 -0.243336 15.014 0.216059 -0.110333 16.8659
299396 15 0.01 1 32.9 0.264637 0.213413 5.12976 0.0412178 0.0333856 18.1633
299467 15 0.01 1 32.9 -0.181745 -0.161042 4.57549 -0.0263286 -0.0218984 19.6927
304660 15 0.01 1 32.9 -0.0912522 -0.02879 9.23166 -0.025626 -0.0101666 17.7715
305277 15 0.01 1 32.9 -0.15053 0.482888 5.95297 -0.0258745 0.0885052 18.3371
305517 15 0.01 1 32.9 -0.374934 0.163801 6.26441 -0.0720649 0.0316175 19.2189
306769 15 0.01 1 32.9 -0.0661649 -0.41202 8.35102 -0.0148491 -0.103808 17.4811
307013 15 0.01 1 32.9 -0.339205 0.0452657 17.3752 -0.180914 0.0210713 16.409
307486 15 0.01 1 32.9 -0.421024 0.340494 9.27829 -0.12099 0.0934522 17.0443
310744 15 0.01 1 32.9 -0.0494116 -0.473428 2.69567 -0.00458597 -0.039797 17.8322
315337 15 0.01 1 32.9 0.343433 -0.0335 9.95617 0.104787 -0.00873689 17.465
317025 15 0.01 1 32.9 -0.234128 0.119748 4.32465 -0.0324613 0.0147215 17.7716
317951 15 0.01 1 32.9 -0.26629 0.338724 5.45905 -0.0443812 0.0581709 18.3676
319443 15 0.01 1 32.9 -0.329569 0.138132 8.96239 -0.0883367 0.0348653 17.7843
319590 15 0.01 1 32.9 0.390669 0.251717 4.21573 0.0504076 0.0308406 19.5116
320048 15 0.01 1 32.9 0.166163 0.203324 5.20768 0.0268092 0.0323473 19.2732
320500 15 0.01 1 32.9 -0.386495 -0.206263 12.3244 -0.14686 -0.0783432 17.0791
320648 15 0.01 1 32.9 0.212852 -0.00517473 5.89585 0.0370873 -0.00318013 19.5037
321352 15 0.01 1 32.9 -0.243511 0.0709665 0.921086 -0.00921308 0.00414954 16.8593
326327 15 0.01 1 32.9 -0.29621 0.117465 9.09317 -0.0834995 0.0336901 16.7851
327057 15 0.01 1 32.9 -0.445328 -0.287095 6.17966 -0.0836978 -0.0527292 18.6339
329623 15 0.01 1 32.9 0.450305 -0.419477 3.51554 0.0477677 -0.0458133 18.0961
330758 15 0.01 1 32.9 0.366501 -0.406976 6.35185 0.0709983 -0.0798386 19.392
331504 15 0.01 1 32.9 0.325016 0.330044 8.14349 0.0789651 0.0817816 18.6495
331754 15 0.01 1 32.9 0.315093 -0.0774526 8.11608 0.0784849 -0.0201853 18.0199
332945 15 0.01 1 32.9 -0.4722 0.0643642 4.02767 -0.0591833 0.0110348 18.9506
333695 15 0.01 1 32.9 -0.00153111 0.0061837 3.44311 0.000564519 0.00184655 19.1357
334310 15 0.01 1 32.9 0.288297 -0.254178 6.75347 0.0589988 -0.0545233 18.2012
334342 15 0.01 1 32.9 -0.0978856 -0.205469 5.05282 -0.0168882 -0.0297107 19.1725
335650 15 0.01 1 32.9 -0.225619 -0.373756 3.50267 -0.0240069 -0.0392033 18.387
337651 15 0.01 1 32.9 0.209346 0.0871349 4.22168 0.0280212 0.0108089 18.2929
338970 15 0.01 1 32.9 0.09148 0.125223 10.1478 0.0292244 0.0393364 16.555
341991 15 0.01 1 32.9 -0.371292 -0.130086 3.43268 -0.0349093 -0.0139996 19.3488
343312 15 0.01 1 32.9 -0.123559 -0.117877 6.51884 -0.0258947 -0.0246935 19.2846
343706 15 0.01 1 32.9 0.215592 0.0345602 1.85257 0.0141706 0.000317195 18.2414
343863 15 0.01 1 32.9 -0.250429 -0.369306 3.63912 -0.0275169 -0.0405638 17.6687
344002 15 0.01 1 32.9 0.465956 0.319418 4.43585 0.0624964 0.0445037 18.8792
344282 15 0.01 1 32.9 0.222918 -0.180912 6.98137 0.0465136 -0.0401409 19.1579
344931 15 0.01 1 32.9 -0.37125 0.0644782 5.63782 -0.0642591 0.0119362 18.0595
346825 15 0.01 1 32.9 0.358891 0.28178 4.70783 0.051598 0.0390457 19.2631
347588 15 0.01 1 32.9 -0.10328 0.463763 5.35723 -0.0168393 0.0746073 19.7629
348093 15 0.01 1 32.9 0.438944 -0.470049 4.42297 0.060742 -0.0620293 18.2683
348687 15 0.01 1 32.9 -0.231193 0.455286 11.0313 -0.0751525 0.150287 17.3489
350034 15 0.01 1 32.9 0.43533 0.406005 3.49487 0.0451737 0.0421982 17.8778
350150 15 0.01 1 32.9 0.28783 -0.433116 8.27146 0.0715379 -0.109356 18.3137
350422 15 0.01 1 32.9 0.340579 0.445191 3.36957 0.0335961 0.0415203 19.2195
352946 15 0.01 1 32.9 -0.242354 0.313541 1.66551 -0.0128045 0.0139402 18.2214
353021 15 0.01 1 32.9 0.321649 -0.0539909 2.76014 0.0263675 -0.00747812 18.9811
353240 15 0.01 1 32.9 0.328638 -0.0747783 9.47185 0.094714 -0.0226991 16.9752
353889 15 0.01 1 32.9 -0.244011 -0.0494894 4.74965 -0.0365136 -0.00570946 19.0756
354340 15 0.01 1 32.9 0.133161 -0.258925 3.77049 0.0136614 -0.030303 18.7371
354849 15 0.01 1 32.9 0.159126 -0.139669 5.08166 0.0245576 -0.0218663 19.5423
355005 15 0.01 1 32.9 0.0172165 0.192686 2.19842 0.00216871 0.0120789 17.0281
356412 15 0.01 1 32.9 0.354241 0.38709 9.62552 0.102616 0.112618 17.0175
356569 15 0.01 1 32.9 -0.136247 0.429331 3.8357 -0.015273 0.050485 19.1986
356839 15 0.01 1 32.9 0.215445 0.145179 8.09454 0.053123 0.0363859 18.7002
358321 15 0.01 1 32.9 0.227598 -0.34209 9.09542 0.0643789 -0.095066 16.4663
358578 15 0.01 1 32.9 -0.11193 -0.10782 4.32284 -0.0168065 -0.0132133 18.2236
358622 15 0.01 1 32.9 0.0619019 0.32745 4.5572 0.00948325 0.0449453 19.0741
359347 15 0.01 1 32.9 0.179405 -0.180208 6.6547 0.0365742 -0.0347461 17.9714
359376 15 0.01 1 32.9 0.404714 0.109793 6.6837 0.082449 0.0211107 16.7557
360419 15 0.01 1 32.9 0.0988123 -0.246957 1.56396 0.00350595 -0.0093972 17.3485
361133 15 0.01 1 32.9 -0.365152 -0.442631 4.51493 -0.0521601 -0.0612895 19.579
361669 15 0.01 1 32.9 0.417887 -0.0962459 5.74737 0.07172 -0.0163568 17.5891
361823 15 0.01 1 32.9 0.451334 -0.236927 4.76286 0.0664522 -0.0334507 18.0862
362643 15 0.01 1 32.9 0.311268 0.324895 2.55202 0.0220076 0.0221942 17.7797
363162 15 0.01 1 32.9 0.0247581 -0.174979 7.83391 0.00436217 -0.0420826 18.3393
363178 15 0.01 1 32.9 0.236686 0.0451853 2.13264 0.0162005 0.00291728 18.5289
364043 15 0.01 1 32.9 -0.0874995 -0.48042 7.1938 -0.0200092 -0.105109 17.7936
364602 15 0.01 1 32.9 0.16898 -0.0210181 3.00651 0.0155031 -0.00333593 17.53
367139 15 0.01 1 32.9 -0.347309 0.14235 4.71377 -0.0487694 0.0207824 18.5153
367968 15 0.01 1 32.9 0.15002 0.491433 7.67873 0.0365342 0.116715 16.9186
368226 15 0.01 1 32.9 0.331047 -0.335523 6.83109 0.0679419 -0.0708548 16.7938
371619 15 0.01 1 32.9 0.276666 -0.0929273 8.88801 0.0749363 -0.0253927 17.1998
372133 15 0.01 1 32.9 -0.479703 0.445401 5.8081 -0.0826114 0.0810917 19.4044
372185 15 0.01 1 32.9 0.464627 0.294954 3.30572 0.046476 0.0298086 18.5984
372582 15 0.01 1 32.9 0.0761816 -0.285162 11.2368 0.0273645 -0.0983703 16.5724
373125 15 0.01 1 32.9 -0.321141 -0.446737 2.99626 -0.0296396 -0.0399523 18.1287
373489 15 0.01 1 32.9 0.110016 0.122563 11.1266 0.0404447 0.0409235 17.5904
374040 15 0.01 1 32.9 -0.46172 -0.112131 5.92626 -0.0836773 -0.0216962 17.2513
375742 15 0.01 1 32.9 -0.44793 0.204897 6.98175 -0.0956577 0.0432035 18.7907
377403 15 0.01 1 32.9 0.182456 0.27256 4.06154 0.0191833 0.0336191 19.3257
379394 15 0.01 1 32.9 0.188446 0.441516 8.20517 0.0451455 0.112022 18.246
379751 15 0.01 1 32.9 0.202877 -0.285941 3.47502 0.0208319 -0.0339062 16.9037
380834 15 0.01 1 32.9 -0.190743 0.417259 8.04534 -0.0498689 0.101372 17.1695
380907 15 0.01 1 32.9 -0.200533 -0.449789 1.44223 -0.00838516 -0.018225 17.7304
381123 15 0.01 1 32.9 -0.259424 0.371817 4.4858 -0.0369523 0.0520172 19.185
382396 15 0.01 1 32.9 0.300157 -0.00663346 4.20319 0.0374519 -0.00113178 16.9843
384271 15 0.01 1 32.9 -0.307261 0.276412 4.75766 -0.0430835 0.0387755 19.7655
384915 15 0.01 1 32.9 0.0326652 -0.417563 3.79868 0.00201952 -0.0483849 18.6959
386024 15 0.01 1 32.9 -0.393814 -0.222798 10.6175 -0.127115 -0.0691623 17.089
387159 15 0.01 1 32.9 0.475819 0.114016 4.46207 0.0629233 0.0148411 19.5408
387738 15 0.01 1 32.9 0.364546 -0.147385 2.80005 0.0318058 -0.0108534 18.0345
387888 15 0.01 1 32.9 0.297034 -0.0620043 4.6894 0.0419526 -0.00921222 18.1985
388980 15 0.01 1 32.9 -0.0092846 -0.306226 2.14253 -0.00154679 -0.020866 18.7925
389585 15 0.01 1 32.9 -0.0826905 0.0744639 10.8844 -0.0261795 0.0212991 17.637
389842 15 0.01 1 32.9 0.00934354 -0.267196 3.88925 -0.00145076 -0.0303522 17.3083
391281 15 0.01 1 32.9 -0.295353 -0.0715277 4.9991 -0.0470189 -0.0120876 16.7667
392102 15 0.01 1 32.9 -0.402635 -0.495301 4.17547 -0.050128 -0.0617307 19.6269
392430 15 0.01 1 32.9 0.125179 -0.195781 6.44238 0.0260272 -0.0397763 19.2078
393641 15 0.01 1 32.9 -0.474477 -0.313514 6.58589 -0.0954319 -0.0642815 18.5125
394296 15 0.01 1 32.9 0.174992 0.476462 3.47328 0.0194381 0.049547 19.3598
395525 15 0.01 1 32.9 0.275845 -0.395854 3.80304 0.0304616 -0.0471896 19.5363
395661 15 0.01 1 32.9 0.00118665 0.346439 6.0341 0.00196642 0.0644882 19.4933
396670 15 0.01 1 32.9 -0.144696 -0.485004 3.8928 -0.0164957 -0.0594992 17.4274
397005 15 0.01 1 32.9 -0.13334 0.485061 10.2452 -0.0421211 0.150584 17.7402
397290 15 0.01 1 32.9 0.106265 -0.0766461 5.25834 0.0170445 -0.0127124 19.4809
397543 15 0.01 1 32.9 -0.168282 -0.421414 20.9632 -0.109779 -0.269259 16.385
398729 15 0.01 1 32.9 0.0182289 -0.317935 3.56566 0.00134526 -0.0373859 18.6455
398986 15 0.01 1 32.9 0.464886 0.0126446 6.3281 0.0905305 0.00198448 17.674
399988 15 0.01 1 32.9 -0.133329 0.237026 3.96684 -0.0170853 0.0301168 16.5032
400204 15 0.01 1 32.9 0.494648 0.326362 5.88183 0.0896417 0.0588053 17.4283
400487 15 0.01 1 32.9 0.0430859 -0.122435 4.75183 0.00543878 -0.0155762 18.6658
400671 15 0.01 1 32.9 0.479537 -0.037569 2.13966 0.0335143 -0.00386834 18.332
402117 15 0.01 1 32.9 0.297976 -0.407726 4.46983 0.0393814 -0.0577396 19.7386
407045 15 0.01 1 32.9 0.211921 0.490933 10.4494 0.0651649 0.154111 16.5634
409080 15 0.01 1 32.9 -0.0323005 -0.13483 8.7531 -0.00877689 -0.038346 18.4021
409787 15 0.01 1 32.9 -0.0860798 -0.0553684 7.5892 -0.0188301 -0.0123708 18.1536
410144 15 0.01 1 32.9 0.231909 0.0924841 7.70174 0.0564278 0.02076 17.5921
410859 15 0.01 1 32.9 -0.039553 0.0646767 2.96901 -0.00314332 0.005742 18.6791
411609 15 0.01 1 32.9 0.399689 -0.317151 3.86859 0.0478977 -0.0393814 19.5153
412423 15 0.01 1 32.9 0.181149 0.239715 5.98971 0.0319318 0.0424901 18.2786
413026 15 0.01 1 32.9 -0.162811 -0.470759 10.0323 -0.0499977 -0.142378 17.7798
413270 15 0.01 1 32.9 -0.390069 -0.147264 6.03612 -0.0706818 -0.0266873 17.8834
415074 15 0.01 1 32.9 -0.301335 0.24562 8.07564 -0.0715746 0.0597038 17.8615
416729 15 0.01 1 32.9 0.0672497 0.490357 11.8927 0.0242778 0.175366 16.5487
418529 15 0.01 1 32.9 -0.0529228 0.127471 5.8945 -0.0112889 0.0253778 17.6588
418650 15 0.01 1 32.9 -0.239986 -0.380432 9.61443 -0.0692459 -0.113383 16.708
419055 15 0.01 1 32.9 -0.312689 0.0740264 7.44125 -0.0705882 0.0154413 18.792
419159 15 0.01 1 32.9 0.30985 -0.153337 7.6728 0.0720316 -0.0369469 16.8839
419737 15 0.01 1 32.9 0.215713 -0.0349255 1.2835 0.00936409 -0.00119576 17.9202
420869 15 0.01 1 32.9 0.432995 -0.444892 11.249 0.147995 -0.152884 16.3444
420975 15 0.01 1 32.9 -0.218898 0.302262 4.03676 -0.0269005 0.0343482 17.3658
421325 15 0.01 1 32.9 -0.367146 0.0527816 2.72726 -0.0310902 0.00200572 18.2024
421540 15 0.01 1 32.9 0.45623 -0.394522 24.8759 0.344318 -0.297187 16.1467
422469 15 0.01 1 32.9 -0.0341492 -0.0661584 0.834393 0.00408313 -0.00370056 18.2136
423189 15 0.01 1 32.9 0.222241 -0.376385 5.57259 0.0370616 -0.0632901 19.3002
423217 15 0.01 1 32.9 0.413162 0.471887 3.69035 0.0445039 0.0512478 19.258
423392 15 0.01 1 32.9 0.274347 0.0516797 4.09135 0.0336712 0.00630997 18.9345
424085 15 0.01 1 32.9 -0.278369 -0.393972 11.2567 -0.0948994 -0.131884 17.3633
426925 15 0.01 1 32.9 -0.463257 -0.196317 3.6017 -0.0504326 -0.022166 17.0724
427709 15 0.01 1 32.9 0.034742 0.435972 3.60199 0.00421749 0.0519237 19.138
430649 15 0.01 1 32.9 -0.400977 -0.244332 4.38749 -0.0514132 -0.0345153 19.2268
431199 15 0.01 1 32.9 -0.497557 -0.379689 3.40637 -0.0526438 -0.0385779 17.0761
431248 15 0.01 1 32.9 0.120451 0.307287 6.11928 0.022513 0.0550247 18.9898
431488 15 0.01 1 32.9 -0.267245 -0.233295 4.00891 -0.0322429 -0.027664 19.5769
431539 15 0.01 1 32.9 -0.154931 -0.0736857 6.25279 -0.0278382 -0.0116114 17.61
432025 15 0.01 1 32.9 0.342095 -0.422179 4.92406 0.0504895 -0.0624246 18.3511
432127 15 0.01 1 32.9 -0.486377 -0.0525899 8.84828 -0.128481 -0.013673 18.3164
433382 15 0.01 1 32.9 0.225035 -0.184146 4.95434 0.0335544 -0.0294324 19.6738
435154 15 0.01 1 32.9 0.176234 -0.229788 5.53465 0.0295937 -0.0397593 18.4784
435284 15 0.01 1 32.9 -0.0741394 0.192328 3.66213 -0.0071583 0.0237282 17.7263
435519 15 0.01 1 32.9 0.422504 -0.0672669 11.7866 0.149568 -0.0231665 17.0804
435747 15 0.01 1 32.9 -0.164284 -0.185262 14.5008 -0.0739694 -0.0805041 16.889
436189 15 0.01 1 32.9 0.469249 0.440069 8.40002 0.119365 0.112929 17.5174
436394 15 0.01 1 32.9 -0.151698 0.119611 5.12495 -0.02096 0.0194866 19.0415
437315 15 0.01 1 32.9 0.312278 -0.127602 2.06521 0.0197882 -0.00834074 19.3143
437380 15 0.01 1 32.9 -0.0712608 -0.445772 6.10479 -0.0143991 -0.0818392 18.8134
437657 15 0.01 1 32.9 -0.300266 0.474788 7.97747 -0.0720035 0.11386 17.0498
438210 15 0.01 1 32.9 -0.286546 -0.173376 3.25898 -0.0299094 -0.0166906 17.9518
439520 15 0.01 1 32.9 -0.186029 -0.170917 5.48388 -0.0290318 -0.0297994 18.8735
439553 15 0.01 1 32.9 0.24366 0.205432 11.2102 0.0822346 0.068851 17.4928
440346 15 0.01 1 32.9 0.155774 0.229949 5.49115 0.0262631 0.0371506 19.5613
440963 15 0.01 1 32.9 0.303628 -0.25032 5.2977 0.0499303 -0.039507 18.784
442806 15 0.01 1 32.9 -0.416718 -0.371047 5.04203 -0.0651091 -0.0569758 18.4709
443561 15 0.01 1 32.9 -0.0201677 0.165728 1.25125 -0.00151085 0.00520639 17.5407
444105 15 0.01 1 32.9 0.0474067 0.401815 6.04658 0.00712783 0.0749748 19.0363
444579 15 0.01 1 32.9 0.37011 0.424307 3.44042 0.0399378 0.0425533 17.5601
445293 15 0.01 1 32.9 0.224467 0.0982944 7.70411 0.0523547 0.0244808 17.3625
445692 15 0.01 1 32.9 -0.0740192 -0.342325 23.2703 -0.051879 -0.242789 16.3097
446791 15 0.01 1 32.9 0.262576 -0.176913 4.45632 0.0357085 -0.0212594 19.2896
447051 15 0.01 1 32.9 0.0354193 0.216579 14.0508 0.0159192 0.0915512 16.8868
447165 15 0.01 1 32.9 0.114221 -0.113071 23.0256 0.079536 -0.0790287 16.3106
447209 15 0.01 1 32.9 0.137613 0.193818 6.97991 0.0292091 0.0397911 18.2252
448433 15 0.01 1 32.9 -0.0398082 -0.185327 5.36339 -0.00603246 -0.0269288 19.4563
448500 15 0.01 1 32.9 -0.268394 -0.335735 10.0237 -0.0821069 -0.102371 16.5453
449751 15 0.01 1 32.9 -0.197128 0.428645 5.31597 -0.0306491 0.0705193 18.904
451298 15 0.01 1 32.9 0.453814 -0.0884189 7.91033 0.108209 -0.0239654 18.7368
452193 15 0.01 1 32.9 -0.194097 -0.0310997 10.3386 -0.0607466 -0.00962517 17.702
452636 15 0.01 1 32.9 -0.127169 0.173113 3.92224 -0.015556 0.0185828 19.4686
453535 15 0.01 1 32.9 -0.336039 -0.474676 6.02083 -0.0616839 -0.0865655 19.0754
454093 15 0.01 1 32.9 0.109738 -0.214895 5.69591 0.0180037 -0.0359092 17.5978
455375 15 0.01 1 32.9 0.474373 -0.0786531 3.25003 0.0506014 -0.00712648 18.8061
457158 15 0.01 1 32.9 -0.196343 -0.373676 0.9492 -0.00510038 -0.00933532 17.6401
460269 15 0.01 1 32.9 0.209319 -0.205323 6.9096 0.0450146 -0.0443765 17.4463
460413 15 0.01 1 32.9 0.036631 -0.0616535 6.68894 0.00682272 -0.013413 19.2788
460535 15 0.01 1 32.9 -0.0645869 -0.463426 4.84778 -0.00988895 -0.0680598 19.5365
460973 15 0.01 1 32.9 -0.256444 0.408098 13.876 -0.109992 0.169715 16.4906
461034 15 0.01 1 32.9 -0.235272 0.429604 10.9048 -0.0795223 0.142143 17.3094
462172 15 0.01 1 32.9 0.261226 0.296173 4.85928 0.0380119 0.0440102 18.2763
462633 15 0.01 1 32.9 0.236082 0.363998 6.20173 0.0449546 0.0673753 16.917
463207 15 0.01 1 32.9 0.0360882 -0.219159 1.80629 0.00300989 -0.0127062 17.7696
463343 15 0.01 1 32.9 0.495726 -0.460004 8.49043 0.128308 -0.118312 18.1539
464269 15 0.01 1 32.9 0.365753 -0.439256 8.81925 0.0993019 -0.117331 17.8439
464351 15 0.01 1 32.9 0.304541 0.0264906 6.2427 0.0580062 0.00804883 19.3523
466047 15 0.01 1 32.9 -0.338465 0.145412 10.4269 -0.108159 0.0464124 17.2934
466357 15 0.01 1 32.9 0.184112 0.300977 3.65405 0.0230208 0.0293268 18.5814
467565 15 0.01 1 32.9 0.0849373 -0.475493 5.30621 0.0124078 -0.0763849 18.644
467777 15 0.01 1 32.9 0.107714 0.05987 2.79218 0.00763041 0.00377795 19.5443
469601 15 0.01 1 32.9 0.0867079 0.376556 0.95369 0.00422219 0.00932274 18.4444
469702 15 0.01 1 32.9 -0.266734 -0.216002 4.65544 -0.037975 -0.0305026 19.3813
470672 15 0.01 1 32.9 -0.0796936 0.172552 5.76811 -0.015194 0.0293937 18.392
470935 15 0.01 1 32.9 -0.119414 -0.338042 2.49159 -0.0082024 -0.0247467 17.9865
471491 15 0.01 1 32.9 -0.00416727 -0.172096 4.04904 0.000184704 -0.0197302 17.9778
471860 15 0.01 1 32.9 0.241972 -0.198999 5.03189 0.0395534 -0.0287358 18.2366
471895 15 0.01 1 32.9 -0.0910363 0.327859 5.51318 -0.0144265 0.0547878 19.2977
472108 15 0.01 1 32.9 0.465255 0.432998 3.33223 0.0473329 0.0450066 19.1518
472190 15 0.01 1 32.9 -0.0360124 -0.264854 11.9039 -0.0146394 -0.0954895 16.4599
473062 15 0.01 1 32.9 -0.443042 -0.324006 3.85222 -0.0517816 -0.0377307 18.2703
474277 15 0.01 1 32.9 -0.101489 0.294105 6.42947 -0.0195794 0.0583957 18.552
475223 15 0.01 1 32.9 -0.175691 0.21632 2.92244 -0.0150537 0.019374 16.3836
475647 15 0.01 1 32.9 0.0514327 -0.296542 9.73188 0.0148601 -0.0847746 17.8289
476676 15 0.01 1 32.9 0.418975 -0.16317 5.0755 0.0674298 -0.0264087 17.728
477931 15 0.01 1 32.9 0.343676 0.407214 9.54364 0.0986925 0.118265 16.3413
478376 15 0.01 1 32.9 0.0876664 0.182987 4.76913 0.0117914 0.0290336 19.6041
479234 15 0.01 1 32.9 0.197428 0.0717327 9.16741 0.0519589 0.0196834 17.8481
479724 15 0.01 1 32.9 0.010667 -0.390099 6.22715 0.000897277 -0.0735826 18.2193
480101 15 0.01 1 32.9 -0.253904 -0.204422 6.66766 -0.0516475 -0.0429617 16.795
480864 15 0.01 1 32.9 -0.405825 0.308927 4.86267 -0.0580528 0.0452225 19.413
481765 15 0.01 1 32.9 0.135996 -0.253758 3.18877 0.0127231 -0.0244202 18.6763
482116 15 0.01 1 32.9 -0.0152394 -0.447245 7.56658 -0.00446953 -0.100654 16.8081
483442 15 0.01 1 32.9 0.0890294 -0.114968 9.00267 0.0226275 -0.0316375 18.3135
484572 15 0.01 1 32.9 0.292433 -0.136116 8.15575 0.0727922 -0.0352687 17.7479
484656 15 0.01 1 32.9 0.327942 -0.462785 3.26821 0.0324646 -0.0488718 18.586
484657 15 0.01 1 32.9 -0.472232 0.147952 2.40456 -0.0341921 0.0105392 17.158
484724 15 0.01 1 32.9 0.132153 -0.213322 20.0063 0.0789647 -0.132692 16.4646
486253 15 0.01 1 32.9 -0.329825 -0.240608 4.52865 -0.0445084 -0.0335621 17.5625
486999 15 0.01 1 32.9 0.0765261 -0.447078 7.89266 0.0191032 -0.107338 18.6971
487529 15 0.01 1 32.9 0.276576 0.344293 9.02071 0.0751871 0.0954439 17.8893
488401 15 0.01 1 32.9 0.208667 -0.221115 3.45679 0.022162 -0.0232534 17.9873
491577 15 0.01 1 32.9 -0.402415 -0.380941 12.9232 -0.159347 -0.14859 16.8114
492817 15 0.01 1 32.9 -0.0345922 -0.122823 8.82348 -0.0086831 -0.0339096 17.4844
494474 15 0.01 1 32.9 -0.00225709 -0.209231 7.95283 -0.000840512 -0.0516585 17.3303
495384 15 0.01 1 32.9 -0.243894 -0.463231 4.16443 -0.0316856 -0.0599796 19.4357
496925 15 0.01 1 32.9 -0.383967 -0.086883 9.52411 -0.110786 -0.0239022 16.6641
496947 15 0.01 1 32.9 -0.119955 0.156408 9.94123 -0.0382609 0.0487042 17.2095
497135 15 0.01 1 32.9 0.119378 -0.226462 5.102 0.0187826 -0.0370239 18.7916
497729 15 0.01 1 32.9 0.151799 0.172867 8.42588 0.0407212 0.0426526 16.2922
497897 15 0.01 1 32.9 0.175916 0.039014 2.33875 0.0136575 0.00297791 17.9318
497946 15 0.01 1 32.9 -0.0375723 -0.406501 6.77641 -0.00999101 -0.0836597 18.9467
498175 15 0.01 1 32.9 0.368196 -0.499581 6.74872 0.0777255 -0.100091 18.1878
498875 15 0.01 1 32.9 0.249882 -0.453559 6.76188 0.0507833 -0.0952254 18.8395
