174 15 0.01 1 32.9 -0.117829 0.285303 16.2698 -0.05832 0.140849 15.8852
718 15 0.01 1 32.9 -0.315659 -0.0555136 6.64005 -0.0637384 -0.0135155 15.8852
5041 15 0.01 1 32.9 -0.237784 -0.240875 9.86962 -0.0746031 -0.0729264 15.8852
5671 15 0.01 1 32.9 0.137196 -0.0612296 5.07532 0.0200222 -0.00665557 15.8852
9108 15 0.01 1 32.9 -0.0311091 0.466597 9.19216 -0.0106318 0.131852 15.8852
10178 15 0.01 1 32.9 -0.0507848 0.0237002 5.23488 -0.00875308 0.0046855 15.8852
21411 15 0.01 1 32.9 -0.321166 -0.0398435 3.25342 -0.0334869 0.000625911 15.8852
21630 15 0.01 1 32.9 -0.204774 -0.0886633 4.80044 -0.0296401 -0.0131124 15.8852
22521 15 0.01 1 32.9 -0.27427 0.288249 4.59409 -0.0376938 0.0395272 15.8852
22636 15 0.01 1 32.9 -0.468059 0.025111 6.31601 -0.0880875 0.00418167 15.8852
22815 15 0.01 1 32.9 0.0845909 -0.398241 12.1784 0.0295682 -0.146526 15.8852
27123 15 0.01 1 32.9 -0.20415 0.179174 22.386 -0.141182 0.123219 15.8852
28730 15 0.01 1 32.9 0.188238 -0.335888 3.41641 0.0194131 -0.0360937 15.8852
30378 15 0.01 1 32.9 0.194379 0.390399 2.93878 0.0186273 0.0354279 15.8852
31121 15 0.01 1 32.9 -0.0807894 0.315901 1.37879 -0.00332581 0.0120521 15.8852
32093 15 0.01 1 32.9 0.0880617 0.252273 2.62586 0.00788631 0.0200562 15.8852
32746 15 0.01 1 32.9 0.283174 -0.400763 3.7323 0.0332165 -0.043406 15.8852
34046 15 0.01 1 32.9 -0.348957 0.361501 4.68894 -0.0509685 0.0538881 15.8852
35278 15 0.01 1 32.9 0.194242 -0.389216 11.6571 0.0708963 -0.137874 15.8852
35654 15 0.01 1 32.9 0.371198 0.163574 6.03323 0.0667167 0.0318419 15.8852
37596 15 0.01 1 32.9 -0.485696 0.300198 5.02898 -0.0763485 0.0444657 15.8852
40927 15 0.01 1 32.9 0.403659 -0.447724 8.08386 0.100789 -0.108702 15.8852
44611 15 0.01 1 32.9 0.293903 0.186366 3.69932 0.0348843 0.0216781 15.8852
46090 15 0.01 1 32.9 -0.156051 -0.123734 1.65064 -0.00858094 -0.00319417 15.8852
50301 15 0.01 1 32.9 0.330541 0.403287 6.58145 0.0667016 0.0794106 15.8852
50434 15 0.01 1 32.9 0.377747 0.334897 8.47908 0.0997482 0.0864952 15.8852
53397 15 0.01 1 32.9 -0.157511 0.348227 6.52512 -0.0297146 0.0688169 15.8852
53723 15 0.01 1 32.9 0.43453 -0.136548 6.75621 0.0908372 -0.0271608 15.8852
55840 15 0.01 1 32.9 -0.362946 0.227512 3.68164 -0.039905 0.0255708 15.8852
56224 15 0.01 1 32.9 -0.250657 0.219486 3.08606 -0.0223328 0.0202455 15.8852
56385 15 0.01 1 32.9 -0.0457695 -0.487768 10.719 -0.0149489 -0.158151 15.8852
59412 15 0.01 1 32.9 -0.270428 -0.368915 7.17864 -0.0593399 -0.0813213 15.8852
60636 15 0.01 1 32.9 0.0608541 0.323063 7.05344 0.0138038 0.070517 15.8852
61158 15 0.01 1 32.9 -0.317199 0.473672 9.37609 -0.0913977 0.134101 15.8852
61337 15 0.01 1 32.9 -0.327146 -0.461116 9.22572 -0.092014 -0.129099 15.8852
61428 15 0.01 1 32.9 0.188574 -0.28756 5.53684 0.0293178 -0.0451529 15.8852
61518 15 0.01 1 32.9 -0.215102 0.0498272 8.33428 -0.0544272 0.00958988 15.8852
62425 15 0.01 1 32.9 -0.341308 -0.143255 5.08543 -0.0519532 -0.0211311 15.8852
63371 15 0.01 1 32.9 -0.261747 -0.371781 7.23515 -0.0585696 -0.0797531 15.8852
63723 15 0.01 1 32.9 0.0553904 -0.234218 6.32984 0.00971486 -0.0438201 15.8852
67051 15 0.01 1 32.9 -0.403393 0.380541 3.78996 -0.0467666 0.046885 15.8852
69697 15 0.01 1 32.9 0.184032 0.25811 6.79825 0.0360365 0.0525781 15.8852
70477 15 0.01 1 32.9 -0.236065 0.0591534 3.96004 -0.0273715 0.00838316 15.8852
72716 15 0.01 1 32.9 0.413043 0.334164 14.5172 0.183304 0.147748 15.8852
75006 15 0.01 1 32.9 0.105896 -0.460134 8.60305 0.0292229 -0.119014 15.8852
75822 15 0.01 1 32.9 -0.0275622 -0.0680994 9.50196 -0.00725157 -0.0188974 15.8852
78250 15 0.01 1 32.9 0.0795114 -0.117746 11.7512 0.0288918 -0.0402517 15.8852
79351 15 0.01 1 32.9 -0.060733 -0.357031 3.75281 -0.00925734 -0.0426012 15.8852
79546 15 0.01 1 32.9 -0.396614 0.496864 4.62369 -0.0552185 0.0706067 15.8852
80294 15 0.01 1 32.9 -0.192928 0.19055 3.05666 -0.019212 0.0187694 15.8852
82474 15 0.01 1 32.9 0.410527 -0.354225 5.72058 0.0728348 -0.0603942 15.8852
83557 15 0.01 1 32.9 -0.48416 -0.220679 3.88943 -0.0569981 -0.0262886 15.8852
85615 15 0.01 1 32.9 0.149303 0.408 5.06666 0.0226236 0.0624158 15.8852
85635 15 0.01 1 32.9 -0.397752 0.0397605 2.52772 -0.0301033 0.00440395 15.8852
86608 15 0.01 1 32.9 0.442169 0.036131 13.0509 0.175873 0.0143785 15.8852
86855 15 0.01 1 32.9 0.083379 0.321513 4.60984 0.0124276 0.0447213 15.8852
88252 15 0.01 1 32.9 -0.263453 0.0732519 4.35234 -0.0332463 0.0123476 15.8852
88848 15 0.01 1 32.9 -0.0950329 0.342934 1.25556 -0.00437851 0.0141515 15.8852
89021 15 0.01 1 32.9 0.119035 0.440213 4.39705 0.0173421 0.0593439 15.8852
89227 15 0.01 1 32.9 -0.442158 -0.437981 22.5365 -0.302605 -0.29941 15.8852
92320 15 0.01 1 32.9 0.152955 -0.450497 24.8463 0.114756 -0.341087 15.8852
92830 15 0.01 1 32.9 -0.468735 -0.269209 6.77428 -0.0980243 -0.0549152 15.8852
94666 15 0.01 1 32.9 -0.0303762 -0.355047 6.89589 -0.00855647 -0.0752044 15.8852
96763 15 0.01 1 32.9 0.254001 0.441359 6.96369 0.0536264 0.0939548 15.8852
99505 15 0.01 1 32.9 -0.16949 -0.240713 7.40747 -0.0370635 -0.0537075 15.8852
101197 15 0.01 1 32.9 0.0164678 0.144306 9.78073 0.00705293 0.0445381 15.8852
104451 15 0.01 1 32.9 -0.491957 0.282125 8.43796 -0.125562 0.07438 15.8852
105771 15 0.01 1 32.9 -0.471954 -0.346727 1.73708 -0.0250967 -0.0169016 15.8852
107181 15 0.01 1 32.9 -0.285366 0.188617 7.03561 -0.0647016 0.0397445 15.8852
110254 15 0.01 1 32.9 -0.122582 0.343159 3.25401 -0.0107054 0.0365903 15.8852
110327 15 0.01 1 32.9 -0.301372 0.286192 6.9497 -0.0620269 0.059843 15.8852
114712 15 0.01 1 32.9 0.0965258 -0.379031 9.33332 0.0282322 -0.107826 15.8852
115802 15 0.01 1 32.9 0.226059 -0.234118 8.04126 0.0540614 -0.0571073 15.8852
116798 15 0.01 1 32.9 -0.475159 -0.385271 1.81415 -0.0257529 -0.0207702 15.8852
118081 15 0.01 1 32.9 0.157047 -0.0767121 10.9695 0.051892 -0.0274773 15.8852
118574 15 0.01 1 32.9 0.344291 -0.398717 5.95273 0.0598534 -0.0735218 15.8852
120302 15 0.01 1 32.9 -0.128435 0.186456 8.36112 -0.032553 0.0479392 15.8852
121956 15 0.01 1 32.9 -0.0824881 0.353411 8.08393 -0.0210137 0.0870245 15.8852
121980 15 0.01 1 32.9 -0.298211 0.0128825 9.0518 -0.0805084 0.00288565 15.8852
122273 15 0.01 1 32.9 -0.494147 0.229811 4.76686 -0.0722013 0.0361816 15.8852
123966 15 0.01 1 32.9 -0.108704 0.261213 4.42444 -0.0158575 0.036358 15.8852
124656 15 0.01 1 32.9 -0.248912 0.466041 5.12254 -0.0416596 0.0730223 15.8852
124848 15 0.01 1 32.9 -0.380166 0.479904 9.55827 -0.111631 0.141655 15.8852
125070 15 0.01 1 32.9 -0.410648 0.0786373 5.36983 -0.0674856 0.0162496 15.8852
125485 15 0.01 1 32.9 0.106628 0.408504 6.82654 0.0214017 0.0870003 15.8852
131366 15 0.01 1 32.9 -0.185815 0.473402 8.25418 -0.0454246 0.122633 15.8852
140035 15 0.01 1 32.9 -0.33165 0.281911 4.07159 -0.0408717 0.035696 15.8852
140352 15 0.01 1 32.9 -0.301575 0.424288 3.99235 -0.0349361 0.0511448 15.8852
142892 15 0.01 1 32.9 0.418798 -0.0674218 5.61925 0.0693601 -0.0115529 15.8852
146213 15 0.01 1 32.9 -0.317141 -0.100276 6.81136 -0.0653546 -0.0197288 15.8852
150209 15 0.01 1 32.9 -0.0898327 0.23412 4.05516 -0.0118883 0.0271136 15.8852
150954 15 0.01 1 32.9 0.0846319 -0.385998 4.62193 0.0128854 -0.0545998 15.8852
151821 15 0.01 1 32.9 0.490186 0.20787 3.34594 0.0502613 0.0220487 15.8852
153874 15 0.01 1 32.9 0.135764 0.0471849 1.43981 0.00840587 0.00512404 15.8852
153915 15 0.01 1 32.9 0.292687 0.387865 6.16161 0.0535956 0.0743028 15.8852
154750 15 0.01 1 32.9 -0.35411 0.115676 6.07626 -0.0644389 0.0194984 15.8852
155128 15 0.01 1 32.9 -0.211131 -0.109215 5.76311 -0.0369245 -0.0175464 15.8852
157377 15 0.01 1 32.9 -0.218446 -0.02613 6.8664 -0.0454072 -0.00403467 15.8852
162178 15 0.01 1 32.9 -0.339074 -0.26266 2.00073 -0.0249264 -0.0160803 15.8852
165011 15 0.01 1 32.9 0.438132 -0.329783 7.86543 0.105972 -0.0785297 15.8852
168229 15 0.01 1 32.9 0.185285 0.38868 9.46563 0.0528182 0.113764 15.8852
172137 15 0.01 1 32.9 -0.31422 -0.362599 5.63274 -0.0542015 -0.0615316 15.8852
173693 15 0.01 1 32.9 0.481122 0.303228 6.72156 0.0971406 0.061592 15.8852
175137 15 0.01 1 32.9 0.288615 -0.0724389 2.08217 0.0163758 -0.0029368 15.8852
178595 15 0.01 1 32.9 0.143265 0.314709 1.78663 0.00758683 0.0200356 15.8852
180412 15 0.01 1 32.9 0.147832 -0.136134 12.5599 0.053252 -0.0521833 15.8852
187661 15 0.01 1 32.9 -0.42794 -0.223739 6.0663 -0.0775717 -0.0427525 15.8852
188824 15 0.01 1 32.9 -0.0560184 0.0449276 2.09417 -0.00584936 0.0032993 15.8852
190780 15 0.01 1 32.9 0.0582784 -0.267109 5.90153 0.00903123 -0.0467524 15.8852
193344 15 0.01 1 32.9 0.00889314 0.169592 5.15455 0.00365349 0.0273017 15.8852
194850 15 0.01 1 32.9 0.0748169 0.00401215 14.6317 0.0339711 0.00192327 15.8852
196259 15 0.01 1 32.9 0.30057 -0.457945 7.15449 0.0655778 -0.09651 15.8852
198432 15 0.01 1 32.9 -0.0919467 0.253593 11.491 -0.0313132 0.0921275 15.8852
198852 15 0.01 1 32.9 -0.3512 0.211903 2.25619 -0.025117 0.0189348 15.8852
200335 15 0.01 1 32.9 -0.26934 0.266672 1.5562 -0.0103458 0.0114056 15.8852
200747 15 0.01 1 32.9 0.16383 -0.235868 5.04272 0.0252482 -0.0367789 15.8852
200781 15 0.01 1 32.9 0.107497 0.249054 8.17141 0.025036 0.0613756 15.8852
201022 15 0.01 1 32.9 0.326104 -0.017339 6.36722 0.0602168 -0.00437436 15.8852
201541 15 0.01 1 32.9 0.169811 -0.369324 5.68121 0.0299853 -0.0630282 15.8852
205300 15 0.01 1 32.9 0.421772 -0.00897786 10.638 0.135871 0.00143052 15.8852
206503 15 0.01 1 32.9 0.385933 0.0981193 6.58445 0.0780547 0.0226624 15.8852
209181 15 0.01 1 32.9 -0.266054 -0.380385 10.6197 -0.0871524 -0.122018 15.8852
211781 15 0.01 1 32.9 0.0560241 -0.317064 7.7711 0.0134067 -0.0752907 15.8852
212684 15 0.01 1 32.9 0.436046 0.229961 5.86132 0.0787229 0.04057 15.8852
212739 15 0.01 1 32.9 0.159955 -0.383986 7.55528 0.0350497 -0.0880134 15.8852
215398 15 0.01 1 32.9 -0.164245 0.199338 6.46902 -0.0341676 0.0393913 15.8852
216097 15 0.01 1 32.9 0.183606 -0.00288971 7.41772 0.0421321 0.00068325 15.8852
216669 15 0.01 1 32.9 -0.317682 0.264053 8.39464 -0.0823885 0.0666946 15.8852
217379 15 0.01 1 32.9 0.0321501 -0.228859 5.44443 0.00820588 -0.0369077 15.8852
219781 15 0.01 1 32.9 -0.360696 -0.184528 16.8424 -0.183499 -0.0929766 15.8852
220434 15 0.01 1 32.9 0.159077 -0.445232 6.50513 0.0324472 -0.0855571 15.8852
220895 15 0.01 1 32.9 0.444679 -0.0356169 4.40542 0.0594096 -0.00372857 15.8852
221452 15 0.01 1 32.9 -0.0803498 -0.261385 2.15986 -0.0047604 -0.0138162 15.8852
224145 15 0.01 1 32.9 -0.192431 -0.447233 4.27316 -0.0263585 -0.0571502 15.8852
227578 15 0.01 1 32.9 0.368808 0.380491 10.439 0.117207 0.121912 15.8852
230129 15 0.01 1 32.9 0.171537 -0.368215 15.009 0.0774026 -0.167455 15.8852
232668 15 0.01 1 32.9 0.292517 0.214148 10.8933 0.0981302 0.0726272 15.8852
234408 15 0.01 1 32.9 0.0839663 -0.336866 9.00777 0.0225609 -0.093021 15.8852
238788 15 0.01 1 32.9 0.0639802 -0.380515 7.70381 0.0175793 -0.0877746 15.8852
242324 15 0.01 1 32.9 0.128399 0.299575 9.17087 0.0371363 0.0846252 15.8852
242969 15 0.01 1 32.9 -0.0643961 0.351208 23.3735 -0.0471326 0.250111 15.8852
243116 15 0.01 1 32.9 -0.172679 0.0356734 6.13373 -0.0322616 0.00827851 15.8852
244436 15 0.01 1 32.9 -0.447765 0.353971 11.3369 -0.154867 0.121921 15.8852
248272 15 0.01 1 32.9 -0.408522 0.0568758 2.80124 -0.033626 0.00518961 15.8852
251258 15 0.01 1 32.9 0.314004 -0.246341 6.9249 0.0655607 -0.0478683 15.8852
253702 15 0.01 1 32.9 -0.232822 -0.484163 7.17628 -0.0507232 -0.10479 15.8852
257842 15 0.01 1 32.9 0.259786 -0.30941 5.55712 0.0419879 -0.0535385 15.8852
258459 15 0.01 1 32.9 -0.385176 0.213191 6.50848 -0.075911 0.0406824 15.8852
265558 15 0.01 1 32.9 -0.41472 -0.337888 3.19218 -0.038977 -0.0292229 15.8852
268657 15 0.01 1 32.9 -0.261051 0.447492 3.12572 -0.0267649 0.0429984 15.8852
274615 15 0.01 1 32.9 0.0598929 -0.326024 9.795 0.0173232 -0.0956428 15.8852
277528 15 0.01 1 32.9 -0.172535 0.315596 4.41929 -0.0238088 0.043493 15.8852
278656 15 0.01 1 32.9 0.157357 0.304636 1.64776 0.007163 0.0160363 15.8852
279919 15 0.01 1 32.9 0.257107 0.0333646 3.42026 0.025846 0.00478824 15.8852
281305 15 0.01 1 32.9 0.254049 -0.060183 13.8123 0.106148 -0.0256911 15.8852
285205 15 0.01 1 32.9 -0.380925 0.25526 6.18437 -0.0707218 0.0461813 15.8852
286344 15 0.01 1 32.9 -0.484177 0.185114 12.1601 -0.178519 0.0696993 15.8852
289018 15 0.01 1 32.9 -0.406637 0.363835 3.91505 -0.0485318 0.0434219 15.8852
290521 15 0.01 1 32.9 -0.425795 -0.0122063 6.92864 -0.0898983 -0.00188424 15.8852
291597 15 0.01 1 32.9 -0.497368 0.0225215 4.34814 -0.0645491 0.0046102 15.8852
291722 15 0.01 1 32.9 0.175253 -0.269765 6.39915 0.033873 -0.0518349 15.8852
292287 15 0.01 1 32.9 -0.219348 -0.421626 6.24366 -0.0410507 -0.0772297 15.8852
294765 15 0.01 1 32.9 -0.291345 -0.0360776 8.58858 -0.0763973 -0.00966744 15.8852
295033 15 0.01 1 32.9 -0.161353 -0.357157 6.96532 -0.0342693 -0.0749619 15.8852
295956 15 0.01 1 32.9 -0.0483061 0.292809 4.87239 -0.0070836 0.0450997 15.8852
296493 15 0.01 1 32.9 0.490755 0.189517 2.88007 0.0409923 0.0165897 15.8852
297846 15 0.01 1 32.9 -0.00222923 -0.471975 1.32103 -6.95869e-05 -0.0161015 15.8852
305277 15 0.01 1 32.9 -0.15053 0.482888 5.95297 -0.0258745 0.0885052 15.8852
317951 15 0.01 1 32.9 -0.26629 0.338724 5.45905 -0.0443812 0.0581709 15.8852
326327 15 0.01 1 32.9 -0.29621 0.117465 9.09317 -0.0834995 0.0336901 15.8852
327057 15 0.01 1 32.9 -0.445328 -0.287095 6.17966 -0.0836978 -0.0527292 15.8852
329623 15 0.01 1 32.9 0.450305 -0.419477 3.51554 0.0477677 -0.0458133 15.8852
331754 15 0.01 1 32.9 0.315093 -0.0774526 8.11608 0.0784849 -0.0201853 15.8852
332945 15 0.01 1 32.9 -0.4722 0.0643642 4.02767 -0.0591833 0.0110348 15.8852
335650 15 0.01 1 32.9 -0.225619 -0.373756 3.50267 -0.0240069 -0.0392033 15.8852
337651 15 0.01 1 32.9 0.209346 0.0871349 4.22168 0.0280212 0.0108089 15.8852
344282 15 0.01 1 32.9 0.222918 -0.180912 6.98137 0.0465136 -0.0401409 15.8852
344931 15 0.01 1 32.9 -0.37125 0.0644782 5.63782 -0.0642591 0.0119362 15.8852
350150 15 0.01 1 32.9 0.28783 -0.433116 8.27146 0.0715379 -0.109356 15.8852
352946 15 0.01 1 32.9 -0.242354 0.313541 1.66551 -0.0128045 0.0139402 15.8852
353889 15 0.01 1 32.9 -0.244011 -0.0494894 4.74965 -0.0365136 -0.00570946 15.8852
354849 15 0.01 1 32.9 0.159126 -0.139669 5.08166 0.0245576 -0.0218663 15.8852
356412 15 0.01 1 32.9 0.354241 0.38709 9.62552 0.102616 0.112618 15.8852
356569 15 0.01 1 32.9 -0.136247 0.429331 3.8357 -0.015273 0.050485 15.8852
358321 15 0.01 1 32.9 0.227598 -0.34209 9.09542 0.0643789 -0.095066 15.8852
358578 15 0.01 1 32.9 -0.11193 -0.10782 4.32284 -0.0168065 -0.0132133 15.8852
359347 15 0.01 1 32.9 0.179405 -0.180208 6.6547 0.0365742 -0.0347461 15.8852
360419 15 0.01 1 32.9 0.0988123 -0.246957 1.56396 0.00350595 -0.0093972 15.8852
361133 15 0.01 1 32.9 -0.365152 -0.442631 4.51493 -0.0521601 -0.0612895 15.8852
361669 15 0.01 1 32.9 0.417887 -0.0962459 5.74737 0.07172 -0.0163568 15.8852
361823 15 0.01 1 32.9 0.451334 -0.236927 4.76286 0.0664522 -0.0334507 15.8852
363162 15 0.01 1 32.9 0.0247581 -0.174979 7.83391 0.00436217 -0.0420826 15.8852
363178 15 0.01 1 32.9 0.236686 0.0451853 2.13264 0.0162005 0.00291728 15.8852
364602 15 0.01 1 32.9 0.16898 -0.0210181 3.00651 0.0155031 -0.00333593 15.8852
368226 15 0.01 1 32.9 0.331047 -0.335523 6.83109 0.0679419 -0.0708548 15.8852
371619 15 0.01 1 32.9 0.276666 -0.0929273 8.88801 0.0749363 -0.0253927 15.8852
372133 15 0.01 1 32.9 -0.479703 0.445401 5.8081 -0.0826114 0.0810917 15.8852
373489 15 0.01 1 32.9 0.110016 0.122563 11.1266 0.0404447 0.0409235 15.8852
377403 15 0.01 1 32.9 0.182456 0.27256 4.06154 0.0191833 0.0336191 15.8852
380907 15 0.01 1 32.9 -0.200533 -0.449789 1.44223 -0.00838516 -0.018225 15.8852
382396 15 0.01 1 32.9 0.300157 -0.00663346 4.20319 0.0374519 -0.00113178 15.8852
384915 15 0.01 1 32.9 0.0326652 -0.417563 3.79868 0.00201952 -0.0483849 15.8852
387159 15 0.01 1 32.9 0.475819 0.114016 4.46207 0.0629233 0.0148411 15.8852
387738 15 0.01 1 32.9 0.364546 -0.147385 2.80005 0.0318058 -0.0108534 15.8852
397290 15 0.01 1 32.9 0.106265 -0.0766461 5.25834 0.0170445 -0.0127124 15.8852
397543 15 0.01 1 32.9 -0.168282 -0.421414 20.9632 -0.109779 -0.269259 15.8852
398986 15 0.01 1 32.9 0.464886 0.0126446 6.3281 0.0905305 0.00198448 15.8852
399988 15 0.01 1 32.9 -0.133329 0.237026 3.96684 -0.0170853 0.0301168 15.8852
400204 15 0.01 1 32.9 0.494648 0.326362 5.88183 0.0896417 0.0588053 15.8852
400487 15 0.01 1 32.9 0.0430859 -0.122435 4.75183 0.00543878 -0.0155762 15.8852
400671 15 0.01 1 32.9 0.479537 -0.037569 2.13966 0.0335143 -0.00386834 15.8852
402117 15 0.01 1 32.9 0.297976 -0.407726 4.46983 0.0393814 -0.0577396 15.8852
410859 15 0.01 1 32.9 -0.039553 0.0646767 2.96901 -0.00314332 0.005742 15.8852
411609 15 0.01 1 32.9 0.399689 -0.317151 3.86859 0.0478977 -0.0393814 15.8852
412423 15 0.01 1 32.9 0.181149 0.239715 5.98971 0.0319318 0.0424901 15.8852
413026 15 0.01 1 32.9 -0.162811 -0.470759 10.0323 -0.0499977 -0.142378 15.8852
418529 15 0.01 1 32.9 -0.0529228 0.127471 5.8945 -0.0112889 0.0253778 15.8852
419159 15 0.01 1 32.9 0.30985 -0.153337 7.6728 0.0720316 -0.0369469 15.8852
419737 15 0.01 1 32.9 0.215713 -0.0349255 1.2835 0.00936409 -0.00119576 15.8852
421540 15 0.01 1 32.9 0.45623 -0.394522 24.8759 0.344318 -0.297187 15.8852
422469 15 0.01 1 32.9 -0.0341492 -0.0661584 0.834393 0.00408313 -0.00370056 15.8852
423189 15 0.01 1 32.9 0.222241 -0.376385 5.57259 0.0370616 -0.0632901 15.8852
423392 15 0.01 1 32.9 0.274347 0.0516797 4.09135 0.0336712 0.00630997 15.8852
424085 15 0.01 1 32.9 -0.278369 -0.393972 11.2567 -0.0948994 -0.131884 15.8852
426925 15 0.01 1 32.9 -0.463257 -0.196317 3.6017 -0.0504326 -0.022166 15.8852
427709 15 0.01 1 32.9 0.034742 0.435972 3.60199 0.00421749 0.0519237 15.8852
432025 15 0.01 1 32.9 0.342095 -0.422179 4.92406 0.0504895 -0.0624246 15.8852
432127 15 0.01 1 32.9 -0.486377 -0.0525899 8.84828 -0.128481 -0.013673 15.8852
435284 15 0.01 1 32.9 -0.0741394 0.192328 3.66213 -0.0071583 0.0237282 15.8852
435747 15 0.01 1 32.9 -0.164284 -0.185262 14.5008 -0.0739694 -0.0805041 15.8852
436189 15 0.01 1 32.9 0.469249 0.440069 8.40002 0.119365 0.112929 15.8852
437380 15 0.01 1 32.9 -0.0712608 -0.445772 6.10479 -0.0143991 -0.0818392 15.8852
440963 15 0.01 1 32.9 0.303628 -0.25032 5.2977 0.0499303 -0.039507 15.8852
442806 15 0.01 1 32.9 -0.416718 -0.371047 5.04203 -0.0651091 -0.0569758 15.8852
444105 15 0.01 1 32.9 0.0474067 0.401815 6.04658 0.00712783 0.0749748 15.8852
445293 15 0.01 1 32.9 0.224467 0.0982944 7.70411 0.0523547 0.0244808 15.8852
446791 15 0.01 1 32.9 0.262576 -0.176913 4.45632 0.0357085 -0.0212594 15.8852
447209 15 0.01 1 32.9 0.137613 0.193818 6.97991 0.0292091 0.0397911 15.8852
449751 15 0.01 1 32.9 -0.197128 0.428645 5.31597 -0.0306491 0.0705193 15.8852
452193 15 0.01 1 32.9 -0.194097 -0.0310997 10.3386 -0.0607466 -0.00962517 15.8852
452636 15 0.01 1 32.9 -0.127169 0.173113 3.92224 -0.015556 0.0185828 15.8852
453535 15 0.01 1 32.9 -0.336039 -0.474676 6.02083 -0.0616839 -0.0865655 15.8852
455375 15 0.01 1 32.9 0.474373 -0.0786531 3.25003 0.0506014 -0.00712648 15.8852
460269 15 0.01 1 32.9 0.209319 -0.205323 6.9096 0.0450146 -0.0443765 15.8852
460413 15 0.01 1 32.9 0.036631 -0.0616535 6.68894 0.00682272 -0.013413 15.8852
460535 15 0.01 1 32.9 -0.0645869 -0.463426 4.84778 -0.00988895 -0.0680598 15.8852
461034 15 0.01 1 32.9 -0.235272 0.429604 10.9048 -0.0795223 0.142143 15.8852
462172 15 0.01 1 32.9 0.261226 0.296173 4.85928 0.0380119 0.0440102 15.8852
463343 15 0.01 1 32.9 0.495726 -0.460004 8.49043 0.128308 -0.118312 15.8852
464269 15 0.01 1 32.9 0.365753 -0.439256 8.81925 0.0993019 -0.117331 15.8852
464351 15 0.01 1 32.9 0.304541 0.0264906 6.2427 0.0580062 0.00804883 15.8852
466357 15 0.01 1 32.9 0.184112 0.300977 3.65405 0.0230208 0.0293268 15.8852
467565 15 0.01 1 32.9 0.0849373 -0.475493 5.30621 0.0124078 -0.0763849 15.8852
467777 15 0.01 1 32.9 0.107714 0.05987 2.79218 0.00763041 0.00377795 15.8852
469601 15 0.01 1 32.9 0.0867079 0.376556 0.95369 0.00422219 0.00932274 15.8852
470935 15 0.01 1 32.9 -0.119414 -0.338042 2.49159 -0.0082024 -0.0247467 15.8852
471491 15 0.01 1 32.9 -0.00416727 -0.172096 4.04904 0.000184704 -0.0197302 15.8852
472108 15 0.01 1 32.9 0.465255 0.432998 3.33223 0.0473329 0.0450066 15.8852
473062 15 0.01 1 32.9 -0.443042 -0.324006 3.85222 -0.0517816 -0.0377307 15.8852
474277 15 0.01 1 32.9 -0.101489 0.294105 6.42947 -0.0195794 0.0583957 15.8852
475647 15 0.01 1 32.9 0.0514327 -0.296542 9.73188 0.0148601 -0.0847746 15.8852
477931 15 0.01 1 32.9 0.343676 0.407214 9.54364 0.0986925 0.118265 15.8852
478376 15 0.01 1 32.9 0.0876664 0.182987 4.76913 0.0117914 0.0290336 15.8852
479234 15 0.01 1 32.9 0.197428 0.0717327 9.16741 0.0519589 0.0196834 15.8852
482116 15 0.01 1 32.9 -0.0152394 -0.447245 7.56658 -0.00446953 -0.100654 15.8852
484572 15 0.01 1 32.9 0.292433 -0.136116 8.15575 0.0727922 -0.0352687 15.8852
484657 15 0.01 1 32.9 -0.472232 0.147952 2.40456 -0.0341921 0.0105392 15.8852
487529 15 0.01 1 32.9 0.276576 0.344293 9.02071 0.0751871 0.0954439 15.8852
491577 15 0.01 1 32.9 -0.402415 -0.380941 12.9232 -0.159347 -0.14859 15.8852
496925 15 0.01 1 32.9 -0.383967 -0.086883 9.52411 -0.110786 -0.0239022 15.8852
496947 15 0.01 1 32.9 -0.119955 0.156408 9.94123 -0.0382609 0.0487042 15.8852
497135 15 0.01 1 32.9 0.119378 -0.226462 5.102 0.0187826 -0.0370239 15.8852
497897 15 0.01 1 32.9 0.175916 0.039014 2.33875 0.0136575 0.00297791 15.8852
497946 15 0.01 1 32.9 -0.0375723 -0.406501 6.77641 -0.00999101 -0.0836597 15.8852
498175 15 0.01 1 32.9 0.368196 -0.499581 6.74872 0.0777255 -0.100091 15.8852
