77000689 0 0.01 4.5 32.9 0.107259 0.321232 2.98365 0.00679881 0.0328186 9.92698
77001336 0 0.01 4.50003 32.9 0.407087 -0.179016 29.392 0.365254 -0.159971 9.92698
77002188 0 0.01 4.5 32.9 -0.0864441 0.114062 6.52242 -0.0186173 0.0256918 9.92698
77002778 0 0.01 4.5 32.9 0.383123 -0.44428 7.50216 0.0879137 -0.100538 9.92698
77003155 0 0.01 4.5 32.9 -0.181558 -0.367204 6.15304 -0.0346854 -0.0677868 9.92698
77004160 0 0.01 4.50011 32.9 0.439724 0.346897 35.8822 0.47967 0.379787 9.92698
77006558 0 0.01 4.50043 32.9 -0.19479 0.305007 25.5115 -0.153224 0.23776 9.92698
77006978 0 0.01 4.5 32.9 -0.497298 -0.244773 8.04668 -0.119257 -0.0618161 9.92698
77009276 0 0.01 4.5 32.9 0.443286 0.0474024 5.4273 0.0735623 0.00961286 9.92698
77010201 0 0.01 4.5 32.9 -0.308466 -0.148793 3.79631 -0.0310257 -0.0177316 9.92698
77010443 0 0.01 4.49913 32.9 -0.404075 0.495941 15.8227 -0.195056 0.240911 9.92698
77013311 0 0.01 4.50001 32.9 0.145896 0.277915 12.2431 0.0546031 0.104234 9.92698
77017102 0 0.01 4.50003 32.9 -0.0398111 -0.131678 44.4648 -0.0560041 -0.177096 9.92698
77017916 0 0.01 4.5 32.9 0.479477 0.333638 7.54957 0.111504 0.076179 9.92698
76003088 0 0.01 4.5 32.9 0.325951 -0.394497 4.04242 0.041081 -0.0469443 9.90136
76004108 0 0.01 4.5 32.9 -0.270221 -0.182682 3.38742 -0.0314736 -0.0234556 9.90136
76005491 0 0.01 4.5 32.9 0.27992 -0.177497 4.32487 0.0379812 -0.0207838 9.90136
76007134 0 0.01 4.5 32.9 0.121503 0.304038 1.47839 0.0037159 0.00827296 9.90136
76009798 0 0.01 4.5 32.9 0.39968 0.287381 1.2464 0.0196219 0.0158756 9.90136
76014415 0 0.01 4.5 32.9 0.30682 0.495604 6.76882 0.062991 0.101921 9.90136
76016384 0 0.01 4.5 32.9 0.412897 -0.393753 5.81534 0.0720574 -0.070381 9.90136
76016495 0 0.01 4.5 32.9 0.317504 0.0589224 7.83078 0.0747216 0.0151032 9.90136
76017462 0 0.01 4.5 32.9 0.318193 -0.396619 15.4217 0.149368 -0.183456 9.90136
75000510 0 0.01 4.5 32.9 -0.04752 -0.0361211 3.92002 -0.0053985 -0.00599414 9.87644
75001161 0 0.01 4.49995 32.9 -0.025855 -0.0688165 36.5983 -0.029784 -0.0754668 9.87644
75002912 0 0.01 4.49997 32.9 -0.0138623 -0.448073 31.8136 -0.0131607 -0.433832 9.87644
75006405 0 0.01 4.50001 32.9 0.0163672 0.24663 39.0825 0.0199367 0.291089 9.87644
75008136 0 0.01 4.5 32.9 0.133951 0.386262 3.61801 0.00996559 0.0448453 9.87644
75013745 0 0.01 4.5 32.9 -0.205644 0.48229 25.3568 -0.159132 0.374086 9.87644
75015111 0 0.01 4.49999 32.9 -0.269801 -0.103992 43.1765 -0.354972 -0.134337 9.87644
75015342 0 0.01 4.5 32.9 0.0299619 0.46256 4.68175 0.00271268 0.0660799 9.87644
75015401 0 0.01 4.50001 32.9 0.139199 0.359099 13.1129 0.0545216 0.141414 9.87644
75017227 0 0.01 4.5 32.9 -0.346213 0.422395 4.72997 -0.0496547 0.0617538 9.87644
75017485 0 0.01 4.5 32.9 -0.199493 0.0394179 27.7391 -0.169877 0.0336228 9.87644
74001701 0 0.01 4.50022 32.9 0.145784 0.47027 30.9387 0.138501 0.442653 9.91821
74001840 0 0.01 4.5 32.9 -0.347666 0.230141 5.08747 -0.0528239 0.0374856 9.91821
74002622 0 0.01 4.5 32.9 -0.454698 0.308077 6.57266 -0.0903361 0.0642473 9.91821
74005380 0 0.01 4.5 32.9 0.346476 0.0058889 6.04481 0.0648115 0.000906075 9.91821
74008139 0 0.01 4.50001 32.9 -0.427636 0.404652 14.1175 -0.184945 0.171552 9.91821
74009784 0 0.01 4.5 32.9 -0.29795 -0.238258 9.68671 -0.088789 -0.0686401 9.91821
74012214 0 0.01 4.5 32.9 0.400602 0.496965 31.7951 0.387623 0.481359 9.91821
74013203 0 0.01 4.50001 32.9 -0.418098 0.274515 58.7772 -0.744899 0.491082 9.91821
74014034 0 0.01 4.5 32.9 -0.291739 0.274895 14.63 -0.128825 0.124013 9.91821
74014587 0 0.01 4.5 32.9 0.00576388 -0.0709209 13.5608 0.000364498 -0.0281154 9.91821
74014784 0 0.01 4.5 32.9 -0.42261 -0.252668 3.48422 -0.0452439 -0.0253033 9.91821
74015473 0 0.01 4.5 32.9 -0.300852 0.0840297 44.7637 -0.409999 0.115194 9.91821
73000143 0 0.01 4.5 32.9 -0.441569 -0.355091 11.6997 -0.155813 -0.124099 9.90837
73000419 0 0.01 4.5 32.9 -0.393735 -0.464691 4.39571 -0.0535485 -0.0618152 9.90837
73002239 0 0.01 4.49995 32.9 0.258047 0.437667 41.9219 0.329527 0.556484 9.90837
73007350 0 0.01 4.5 32.9 -0.453422 -0.454059 5.98926 -0.084622 -0.0800902 9.90837
73010117 0 0.01 4.5 32.9 0.402715 -0.0797645 6.6035 0.0812835 -0.0130479 9.90837
73011268 0 0.01 4.49999 32.9 -0.360494 -0.218413 4.11388 -0.0441397 -0.0268 9.90837
73011602 0 0.01 4.5 32.9 -0.477986 -0.320751 2.387 -0.0350296 -0.0207279 9.90837
73012457 0 0.01 4.5 32.9 0.402098 -0.402864 15.9952 0.19717 -0.195073 9.90837
73013842 0 0.01 4.5 32.9 -0.484407 -0.118207 33.0888 -0.488465 -0.118438 9.90837
73014452 0 0.01 4.5 32.9 -0.0445541 -0.42126 5.0668 -0.00648355 -0.0657314 9.90837
73015412 0 0.01 4.5 32.9 -0.432399 -0.421393 15.2237 -0.199145 -0.192037 9.90837
73018064 0 0.01 4.5 32.9 -0.400579 0.163284 4.7844 -0.0600338 0.0252427 9.90837
73018252 0 0.01 4.50011 32.9 -0.207379 0.327172 28.659 -0.182886 0.287447 9.90837
42001390 0 0.01 4.49999 32.9 0.147857 -0.183484 21.645 0.0951148 -0.118765 9.91407
42003835 0 0.01 4.5 32.9 0.215914 -0.0917379 13.8012 0.0904792 -0.0362273 9.91407
42006823 0 0.01 4.50033 32.9 0.429858 -0.162242 25.1197 0.328855 -0.122428 9.91407
42008894 0 0.01 4.5 32.9 -0.0219028 -0.435332 3.78399 -0.00329083 -0.0514934 9.91407
42010939 0 0.01 4.5 32.9 0.388096 -0.304218 39.2251 0.463672 -0.362648 9.91407
42014959 0 0.01 4.5 32.9 -0.323268 -0.353839 66.5624 -0.652809 -0.713008 9.91407
42016599 0 0.01 4.5 32.9 0.136764 0.0446581 13.139 0.0545969 0.0219088 9.91407
42017533 0 0.01 4.5 32.9 -0.387464 -0.05205 10.1355 -0.118479 -0.0171665 9.91407
69000473 0 0.01 4.5 32.9 -0.239508 -0.188818 1.80114 -0.011979 -0.0105762 9.92964
69004625 0 0.01 4.5 32.9 0.112867 0.229515 29.4111 0.0980002 0.207613 9.92964
69015444 0 0.01 4.50001 32.9 -0.156147 -0.180518 18.5807 -0.0897021 -0.101759 9.92964
69016109 0 0.01 4.49997 32.9 -0.00431189 -0.0465345 53.6542 -0.00628137 -0.0763742 9.92964
5002789 0 0.01 4.5 32.9 0.202408 -0.204059 2.36671 0.016237 -0.0108101 9.87045
5003138 0 0.01 4.50011 32.9 -0.0538878 -0.399153 26.4733 -0.0445075 -0.32175 9.87045
5003416 0 0.01 4.5 32.9 -0.240444 0.49673 1.54719 -0.0143971 0.0270792 9.87045
5004524 0 0.01 4.50005 32.9 0.00660094 -0.420503 48.4746 0.0118784 -0.618772 9.87045
5004627 0 0.01 4.5 32.9 -0.474699 -0.168346 34.3133 -0.494207 -0.175057 9.87045
5007108 0 0.01 4.5 32.9 -0.222983 0.104469 4.14865 -0.0261684 0.0114492 9.87045
5009866 0 0.01 4.50005 32.9 -0.448202 -0.214055 41.1853 -0.559727 -0.267859 9.87045
5011527 0 0.01 4.50043 32.9 -0.322261 -0.482008 26.9227 -0.262929 -0.392759 9.87045
5011647 0 0.01 4.5 32.9 0.442072 -0.115268 3.8669 0.0505816 -0.0131306 9.87045
5013734 0 0.01 4.5 32.9 -0.175658 -0.476568 7.96532 -0.043223 -0.115559 9.87045
5018677 0 0.01 4.5 32.9 -0.415897 -0.183341 6.15812 -0.0740896 -0.0346202 9.87045
78003796 0 0.01 4.49995 32.9 -0.259511 -0.328395 43.161 -0.342731 -0.43068 9.89217
78006462 0 0.01 4.5 32.9 -0.00712543 0.425345 33.9371 -0.00602957 0.439665 9.89217
78008241 0 0.01 4.5 32.9 -0.458472 0.350604 26.1762 -0.36639 0.280243 9.89217
78008286 0 0.01 4.50003 32.9 -0.0629071 0.375024 45.3228 -0.0901536 0.516631 9.89217
78008994 0 0.01 4.5 32.9 -0.073768 -0.284121 3.55924 -0.00478235 -0.030691 9.89217
78009003 0 0.01 4.5 32.9 0.463347 -0.310787 112.896 1.58842 -1.06347 9.89217
78009060 0 0.01 4.50003 32.9 0.325401 -0.103228 41.3077 0.408733 -0.127428 9.89217
78011694 0 0.01 4.49999 32.9 0.159002 0.478178 12.8535 0.0626968 0.187645 9.89217
78013417 0 0.01 4.5 32.9 -0.233894 -0.431199 2.64106 -0.0222997 -0.0331192 9.89217
78019119 0 0.01 4.5 32.9 0.251925 0.224063 3.55097 0.0239776 0.0206896 9.89217
78019804 0 0.01 4.5 32.9 -0.458086 -0.369545 4.04217 -0.0583138 -0.0456819 9.89217
54007423 0 0.01 4.49997 32.9 0.157762 0.0199603 45.6417 0.218083 0.0268263 9.90977
54008224 0 0.01 4.5 32.9 -0.446353 0.443088 6.452 -0.0827311 0.0873991 9.90977
54011423 0 0.01 4.5 32.9 0.28666 0.416673 4.60808 0.0389875 0.0577226 9.90977
54013806 0 0.01 4.5 32.9 0.425025 -0.360556 2.04478 0.0286 -0.0258176 9.90977
54014523 0 0.01 4.5 32.9 0.209869 -0.451443 1.85816 0.0124565 -0.0256355 9.90977
54016153 0 0.01 4.49995 32.9 -0.359159 -0.130324 34.3486 -0.375487 -0.13586 9.90977
66004409 0 0.01 4.49826 32.9 0.30882 0.435138 13.6712 0.127713 0.181654 9.89932
66004675 0 0.01 4.50003 32.9 -0.139796 0.00286559 34.4418 -0.146601 0.0033562 9.89932
66007260 0 0.01 4.50003 32.9 0.014001 -0.290728 46.1241 0.0200059 -0.407389 9.89932
66011145 0 0.01 4.5 32.9 -0.396675 0.0223003 6.82888 -0.0823624 0.00599104 9.89932
66013355 0 0.01 4.5 32.9 -0.401858 -0.264294 0.826533 -0.0159999 -0.0056911 9.89932
66013397 0 0.01 4.5 32.9 0.389097 0.0480307 27.8905 0.327752 0.0421879 9.89932
66013694 0 0.01 4.5 32.9 -0.126401 -0.101073 9.2146 -0.0339168 -0.0279284 9.89932
66013704 0 0.01 4.5 32.9 -0.111785 -0.0350278 1.73216 -0.00181505 0.00296132 9.89932
65000406 0 0.01 4.5 32.9 0.235413 0.343589 67.7921 0.482255 0.7084 9.90552
65004624 0 0.01 4.5 32.9 0.459831 0.496214 7.43463 0.103403 0.112114 9.90552
65006610 0 0.01 4.50001 32.9 0.280376 -0.357394 44.6508 0.380019 -0.484102 9.90552
65010066 0 0.01 4.50003 32.9 0.277945 -0.367303 32.1164 0.269676 -0.358799 9.90552
65010337 0 0.01 4.5 32.9 0.0625775 0.0911874 8.9187 0.0176294 0.0269235 9.90552
65010455 0 0.01 4.5 32.9 0.322754 0.206897 5.37525 0.05133 0.0356206 9.90552
65013452 0 0.01 4.5 32.9 0.445856 0.320166 9.62564 0.128888 0.0959542 9.90552
65013903 0 0.01 4.5 32.9 0.24561 -0.253453 1.73227 0.00419488 -0.0109496 9.90552
65014093 0 0.01 4.50043 32.9 0.0124025 0.0899681 26.4548 0.00821034 0.0730064 9.90552
65014157 0 0.01 4.49989 32.9 -0.167733 0.11521 21.776 -0.113238 0.0768066 9.90552
65014418 0 0.01 4.50005 32.9 0.411837 -0.353136 4.28011 0.0535267 -0.046058 9.90552
65015669 0 0.01 4.5 32.9 0.364371 -0.327143 15.658 0.174015 -0.153965 9.90552
65016130 0 0.01 4.49999 32.9 -0.213656 -0.490189 3.48153 -0.0247503 -0.0489915 9.90552
65017362 0 0.01 4.49999 32.9 -0.262329 -0.367989 45.9113 -0.366673 -0.513091 9.90552
64002436 0 0.01 4.5 32.9 -0.335861 0.0423089 4.48025 -0.0497018 0.00837194 9.87265
64004599 0 0.01 4.49957 32.9 -0.116656 0.420619 21.9129 -0.0776343 0.281506 9.87265
64005867 0 0.01 4.5 32.9 0.0651103 -0.186659 14.5795 0.0306729 -0.0834961 9.87265
64007780 0 0.01 4.5 32.9 -0.0677748 0.481454 9.12849 -0.0175395 0.133432 9.87265
64008280 0 0.01 4.50003 32.9 -0.132742 -0.362759 37.5656 -0.151929 -0.412054 9.87265
64013382 0 0.01 4.5 32.9 0.454662 0.0757581 3.97033 0.0563459 0.0127292 9.87265
64014199 0 0.01 4.50043 32.9 -0.275734 0.32191 16.8686 -0.143268 0.165517 9.87265
64015772 0 0.01 4.5 32.9 0.207176 0.409974 4.10244 0.0250326 0.0539668 9.87265
64016515 0 0.01 4.5 32.9 0.202832 0.1281 39.2342 0.243085 0.154135 9.87265
64017696 0 0.01 4.5 32.9 0.404052 -0.102138 9.22495 0.111557 -0.0289163 9.87265
64018739 0 0.01 4.5 32.9 0.267302 -0.0218467 5.47089 0.0427211 0.00226203 9.87265
63000179 0 0.01 4.5 32.9 0.0291372 -0.32992 6.40035 0.00760109 -0.0634572 9.92081
63005739 0 0.01 4.50022 32.9 -0.308916 -0.020408 22.86 -0.215538 -0.0132412 9.92081
63006321 0 0.01 4.50001 32.9 -0.150507 0.151099 41.1632 -0.189318 0.189486 9.92081
63007450 0 0.01 4.5 32.9 0.478522 0.048832 4.67427 0.067868 0.0075122 9.92081
63007549 0 0.01 4.5 32.9 -0.471952 -0.372421 4.47659 -0.0639019 -0.0516017 9.92081
63007771 0 0.01 4.5 32.9 0.231826 0.140707 4.62557 0.0330299 0.0200285 9.92081
63010645 0 0.01 4.50008 32.9 -0.0778663 -0.12678 48.0043 -0.114208 -0.184838 9.92081
63011833 0 0.01 4.5 32.9 -0.498844 -0.0838866 4.48824 -0.0656767 -0.0128542 9.92081
63014289 0 0.01 4.5 32.9 -0.205784 0.240607 8.80431 -0.0526608 0.0668919 9.92081
63015032 0 0.01 4.50001 32.9 0.430625 -0.154402 47.35 0.618103 -0.221432 9.92081
63015136 0 0.01 4.5 32.9 0.167176 -0.276356 22.5202 0.113544 -0.188857 9.92081
63016068 0 0.01 4.50001 32.9 0.0242575 -0.147456 55.8614 0.041274 -0.250517 9.92081
63016618 0 0.01 4.5 32.9 -0.00129596 0.414715 2.48421 0.00261419 0.0317503 9.92081
63016688 0 0.01 4.5 32.9 0.215789 -0.028608 8.76372 0.0557801 -0.00669067 9.92081
63018579 0 0.01 4.5 32.9 0.401721 -0.326285 29.5036 0.362064 -0.291381 9.92081
63018782 0 0.01 4.5 32.9 0.1333 0.491231 9.09909 0.0365347 0.136874 9.92081
63019037 0 0.01 4.5 32.9 0.301452 -0.200414 5.40051 0.0472783 -0.0320789 9.92081
63019069 0 0.01 4.5 32.9 -0.49148 0.0244628 9.30849 -0.141183 0.00762735 9.92081
63019120 0 0.01 4.5 32.9 0.133253 -0.343878 13.2889 0.0544547 -0.140747 9.92081
62000643 0 0.01 4.5 32.9 -0.0790329 0.420211 23.1787 -0.0555289 0.296069 9.89566
62005541 0 0.01 4.5 32.9 -0.3573 0.457621 30.9049 -0.333961 0.429764 9.89566
62006199 0 0.01 4.50005 32.9 0.309699 -0.185527 37.0385 0.349528 -0.207356 9.89566
62006507 0 0.01 4.5 32.9 0.469875 0.391862 28.8614 0.411833 0.343591 9.89566
62006697 0 0.01 4.5 32.9 0.196897 0.478313 10.8487 0.0664572 0.157956 9.89566
62011543 0 0.01 4.5 32.9 0.414251 -0.0564732 11.6748 0.144984 -0.0193331 9.89566
62011749 0 0.01 4.5 32.9 -0.278095 -0.466212 2.72868 -0.0273636 -0.0441347 9.89566
62011965 0 0.01 4.5 32.9 0.356921 -0.050605 5.3358 0.0587277 -0.0081733 9.89566
62014124 0 0.01 4.5 32.9 -0.178475 0.0605679 12.7933 -0.0693009 0.023063 9.89566
62014195 0 0.01 4.50005 32.9 -0.0766927 0.086052 31.3637 -0.0740411 0.083146 9.89566
62014599 0 0.01 4.5 32.9 -0.478179 0.211555 5.27269 -0.0750898 0.0357893 9.89566
62018432 0 0.01 4.5 32.9 -0.27026 0.0731329 15.0407 -0.121598 0.0358335 9.89566
62018953 0 0.01 4.5 32.9 0.294895 -0.368583 8.07188 0.0710523 -0.0918909 9.89566
61002297 0 0.01 4.5 32.9 0.459162 0.498492 37.5033 0.523967 0.569509 9.88787
61003684 0 0.01 4.5 32.9 0.0288527 0.149868 1.36704 0.00408089 0.0104392 9.88787
61004738 0 0.01 4.5 32.9 0.438451 0.00846282 19.8204 0.263218 0.00354017 9.88787
61007895 0 0.01 4.49957 32.9 -0.402876 0.492128 16.563 -0.203565 0.250837 9.88787
61009297 0 0.01 4.49978 32.9 -0.337697 -0.380064 27.8311 -0.285726 -0.320547 9.88787
61010579 0 0.01 4.5 32.9 0.18279 0.325475 3.174 0.0228528 0.0283619 9.88787
61013585 0 0.01 4.49826 32.9 0.0609657 0.271505 9.12299 0.0202786 0.0777544 9.88787
61014163 0 0.01 4.49999 32.9 -0.11386 0.433508 1.61335 -0.0109192 0.0204483 9.88787
61017096 0 0.01 4.50005 32.9 -0.104225 -0.0640611 31.5738 -0.100931 -0.0624639 9.88787
60002479 0 0.01 4.50001 32.9 0.442548 0.472641 9.33422 0.123953 0.136341 9.87902
60003321 0 0.01 4.5 32.9 0.139994 -0.497739 39.1381 0.166708 -0.591429 9.87902
60003341 0 0.01 4.5 32.9 -0.301158 -0.0543622 4.85028 -0.0438289 -0.00999394 9.87902
60003380 0 0.01 4.5 32.9 0.192173 -0.178549 3.09822 0.0190471 -0.0173057 9.87902
60005828 0 0.01 4.5 32.9 -0.0319273 -0.460471 5.31956 -0.00287687 -0.0737947 9.87902
60006366 0 0.01 4.5 32.9 -0.442043 0.158629 5.19933 -0.0661121 0.0274378 9.87902
60010696 0 0.01 4.50001 32.9 0.0408679 -0.00627807 26.0865 0.0305727 -0.00302145 9.87902
60012215 0 0.01 4.5 32.9 0.452364 -0.0680688 4.24194 0.05669 -0.0101698 9.87902
60012266 0 0.01 4.50001 32.9 0.0187623 0.033879 2.99866 0.00288732 0.0043251 9.87902
60013384 0 0.01 4.5 32.9 -0.471476 -0.252074 8.18892 -0.1165 -0.0627271 9.87902
60013630 0 0.01 4.5 32.9 -0.0528447 0.093475 6.04839 -0.0101908 0.0178897 9.87902
60014867 0 0.01 4.5 32.9 -0.0706708 0.427763 2.49981 -0.000348156 0.0346083 9.87902
60015663 0 0.01 4.5 32.9 -0.163922 0.388005 37.0072 -0.186338 0.437946 9.87902
60016029 0 0.01 4.50003 32.9 -0.277817 0.244814 40.3926 -0.342874 0.300506 9.87902
60018857 0 0.01 4.5 32.9 -0.362247 -0.338724 8.3646 -0.0920657 -0.0850153 9.87902
4001293 0 0.01 4.5 32.9 0.057038 -0.271687 3.63459 0.00651489 -0.0309198 9.90339
4002583 0 0.01 4.50001 32.9 0.375253 0.413113 47.7552 0.544864 0.599507 9.90339
4002858 0 0.01 4.5 32.9 -0.243231 0.220252 3.33647 -0.0261332 0.0225043 9.90339
4003064 0 0.01 4.5 32.9 -0.202489 0.438264 5.42032 -0.0332162 0.0726522 9.90339
4005705 0 0.01 4.49999 32.9 -0.279301 -0.394796 41.9074 -0.356553 -0.502093 9.90339
4006902 0 0.01 4.5 32.9 -0.480536 -0.0796475 8.33335 -0.12462 -0.0192517 9.90339
4012679 0 0.01 4.5 32.9 0.431684 -0.0123233 4.29741 0.0533495 0.00187466 9.90339
4013600 0 0.01 4.5 32.9 -0.357969 0.362337 7.4126 -0.0814555 0.0818034 9.90339
4014760 0 0.01 4.5 32.9 0.326072 0.327036 31.1684 0.309582 0.310221 9.90339
4018451 0 0.01 4.5 32.9 0.218584 0.367053 2.66938 0.023412 0.0327712 9.90339
4018708 0 0.01 4.5 32.9 -0.155876 0.471921 4.19049 -0.0205119 0.0607516 9.90339
55001650 0 0.01 4.5 32.9 0.483751 0.132966 7.64779 0.111329 0.0304958 9.88847
55001840 0 0.01 4.49989 32.9 0.0876333 -0.365938 30.9418 0.0807329 -0.342207 9.88847
55001922 0 0.01 4.50005 32.9 0.420862 0.400827 53.606 0.686299 0.652273 9.88847
55004436 0 0.01 4.49992 32.9 0.107775 0.421193 46.2891 0.149635 0.593587 9.88847
55007329 0 0.01 4.5 32.9 -0.0170497 -0.139364 2.88044 -0.00327299 -0.0134915 9.88847
55009501 0 0.01 4.49999 32.9 -0.351555 0.347918 42.2201 -0.451288 0.446486 9.88847
55011527 0 0.01 4.49998 32.9 -0.0615725 0.338972 43.2912 -0.0817554 0.447253 9.88847
55014495 0 0.01 4.49999 32.9 -0.406337 -0.407835 12.6822 -0.154983 -0.156904 9.88847
55014598 0 0.01 4.5 32.9 -0.0449835 0.37115 4.46099 -0.00857391 0.0509681 9.88847
55014798 0 0.01 4.49996 32.9 0.474939 -0.495767 42.1125 0.608045 -0.633535 9.88847
55015136 0 0.01 4.50001 32.9 -0.0716469 0.252595 15.8984 -0.0366647 0.121573 9.88847
55017320 0 0.01 4.5 32.9 -0.233441 -0.259695 20.2196 -0.141573 -0.156947 9.88847
55019869 0 0.01 4.5 32.9 -0.0621192 0.377004 3.22609 -0.00600632 0.039337 9.88847
68002275 0 0.01 4.5 32.9 0.327882 -0.385055 4.21149 0.0406438 -0.049277 9.92434
68002494 0 0.01 4.5 32.9 0.281697 -0.344605 13.5711 0.117041 -0.14298 9.92434
68003148 0 0.01 4.5 32.9 -0.31342 -0.439299 3.24308 -0.030656 -0.0403895 9.92434
68006068 0 0.01 4.5 32.9 -0.115823 -0.0520397 7.06401 -0.0255534 -0.0107296 9.92434
68009544 0 0.01 4.49995 32.9 0.0729592 0.235038 33.3486 0.0740594 0.238108 9.92434
68010933 0 0.01 4.49989 32.9 -0.273984 -0.122267 29.1524 -0.244484 -0.106755 9.92434
68015193 0 0.01 4.5 32.9 -0.139572 -0.348035 13.0136 -0.0558986 -0.13744 9.92434
68016722 0 0.01 4.5 32.9 -0.427589 -0.283505 6.83182 -0.0901327 -0.055991 9.92434
59001802 0 0.01 4.5 32.9 -0.412352 -0.124328 6.02376 -0.0729626 -0.0236419 9.91825
59002597 0 0.01 4.5 32.9 -0.192836 0.331247 42.8011 -0.249975 0.434789 9.91825
59003517 0 0.01 4.5 32.9 -0.215635 0.165296 3.22234 -0.0220211 0.018733 9.91825
59003613 0 0.01 4.50001 32.9 -0.23115 0.0872546 44.22 -0.310156 0.116722 9.91825
59011616 0 0.01 4.5 32.9 -0.0839473 0.0481035 16.5649 -0.0437609 0.0232882 9.91825
59013663 0 0.01 4.5 32.9 0.132189 0.39362 7.96846 0.030628 0.0946553 9.91825
59015580 0 0.01 4.49998 32.9 0.1053 -0.125265 45.0003 0.141279 -0.170776 9.91825
59016931 0 0.01 4.49992 32.9 0.0186512 0.343823 36.7382 0.0204387 0.38182 9.91825
59017082 0 0.01 4.5 32.9 0.0789296 0.439828 2.13957 0.0069129 0.0309024 9.91825
59017496 0 0.01 4.5 32.9 -0.366111 -0.147758 16.4395 -0.180775 -0.0712285 9.91825
56002662 0 0.01 4.50004 32.9 0.153665 -0.495725 40.2694 0.190426 -0.605954 9.88918
56003246 0 0.01 4.5 32.9 -0.112669 0.251935 41.4361 -0.141952 0.319616 9.88918
56006625 0 0.01 4.5 32.9 -0.217557 -0.140131 73.5855 -0.487123 -0.313679 9.88918
56012848 0 0.01 4.50087 32.9 0.195856 0.126152 8.97185 0.0518714 0.0359138 9.88918
56014674 0 0.01 4.50087 32.9 0.142679 -0.213157 12.0615 0.0506975 -0.0789101 9.88918
56015416 0 0.01 4.5 32.9 0.132833 -0.463159 37.7094 0.149221 -0.529805 9.88918
56016233 0 0.01 4.5 32.9 0.0118689 -0.239287 1.20423 -0.00175828 -0.0056071 9.88918
56016537 0 0.01 4.5 32.9 -0.152056 -0.19693 7.54 -0.0322282 -0.0416026 9.88918
56016599 0 0.01 4.5 32.9 0.240832 0.140254 20.0506 0.146173 0.0865948 9.88918
56018810 0 0.01 4.49997 32.9 -0.0320708 0.319821 45.3629 -0.046228 0.440729 9.88918
50002748 0 0.01 4.5 32.9 -0.0766715 -0.203071 1.53798 -0.00987256 -0.00856882 9.89364
50008116 0 0.01 4.5 32.9 -0.464334 -0.180703 2.9597 -0.0399775 -0.0193883 9.89364
50013386 0 0.01 4.49978 32.9 0.441871 0.00596733 49.7893 0.668215 0.00966344 9.89364
50016026 0 0.01 4.49999 32.9 0.156102 0.438517 43.1458 0.205056 0.579507 9.89364
50018296 0 0.01 4.49957 32.9 -0.406988 0.0346145 27.8644 -0.344899 0.0289562 9.89364
50019705 0 0.01 4.49999 32.9 -0.154541 0.486016 41.4893 -0.195223 0.615931 9.89364
57000917 0 0.01 4.5 32.9 0.166353 0.419224 7.29267 0.0345392 0.0928989 9.92306
57002966 0 0.01 4.50001 32.9 0.0507003 0.277753 18.5767 0.0292615 0.158945 9.92306
57005068 0 0.01 4.50001 32.9 0.0560249 0.478705 43.7441 0.0733435 0.638841 9.92306
57006434 0 0.01 4.50001 32.9 0.319861 0.352071 43.1094 0.419474 0.46128 9.92306
57006453 0 0.01 4.50011 32.9 0.259839 -0.152177 5.71236 0.0424535 -0.0258636 9.92306
57008029 0 0.01 4.5 32.9 0.443735 -0.0188142 6.19474 0.0833915 -0.00408209 9.92306
57009966 0 0.01 4.49989 32.9 0.469709 0.084975 37.1806 0.532333 0.0954586 9.92306
57011492 0 0.01 4.49998 32.9 -0.080597 -0.498582 45.637 -0.112726 -0.689815 9.92306
57014495 0 0.01 4.5 32.9 0.114092 -0.260684 46.1796 0.158311 -0.36657 9.92306
57015692 0 0.01 4.5 32.9 0.121754 0.385409 18.5392 0.0673329 0.219986 9.92306
57018248 0 0.01 4.5 32.9 -0.453235 0.479436 3.38399 -0.0456545 0.0504107 9.92306
53000002 0 0.01 4.5 32.9 0.467535 0.079205 2.87017 0.0414833 0.00522121 9.92763
53001805 0 0.01 4.5 32.9 0.220813 -0.470692 11.2564 0.0750269 -0.158155 9.92763
53001815 0 0.01 4.5 32.9 0.0195934 0.274038 9.2675 0.00720111 0.075764 9.92763
53002207 0 0.01 4.5 32.9 -0.22309 -0.403592 40.1516 -0.275112 -0.489742 9.92763
53008145 0 0.01 4.49997 32.9 -0.0855073 0.0538464 25.7026 -0.0644911 0.0421671 9.92763
53009552 0 0.01 4.5 32.9 0.311289 -0.234659 35.6817 0.339135 -0.250909 9.92763
53010336 0 0.01 4.50008 32.9 0.215085 0.232301 35.1346 0.229794 0.248048 9.92763
53016350 0 0.01 4.5 32.9 0.151658 0.0871916 2.81079 0.012126 0.0087528 9.92763
53016514 0 0.01 4.5 32.9 0.0909551 0.0810422 48.1713 0.129664 0.118291 9.92763
53017141 0 0.01 4.5 32.9 0.431294 0.303128 31.6944 0.414712 0.293685 9.92763
52003703 0 0.01 4.5 32.9 -0.183737 -0.178015 24.533 -0.138529 -0.131921 9.92737
52006125 0 0.01 4.5 32.9 0.38258 -0.041005 13.4523 0.158772 -0.0174423 9.92737
52008788 0 0.01 4.5 32.9 -0.0864611 -0.418726 2.89272 -0.0111248 -0.0357731 9.92737
52009129 0 0.01 4.5 32.9 -0.451473 0.18848 3.21479 -0.0415207 0.0180133 9.92737
52009150 0 0.01 4.49997 32.9 -0.230891 -0.376928 41.2389 -0.290966 -0.468881 9.92737
52010823 0 0.01 4.50065 32.9 -0.147164 0.180125 24.9148 -0.11201 0.138206 9.92737
52012581 0 0.01 4.5 32.9 0.164037 0.384562 3.7818 0.0172015 0.0431118 9.92737
52013508 0 0.01 4.50011 32.9 -0.0333099 0.419305 24.0436 -0.0265356 0.306797 9.92737
52013567 0 0.01 4.5 32.9 0.323929 -0.213248 6.13801 0.0613489 -0.0372965 9.92737
52015398 0 0.01 4.5 32.9 -0.197999 0.465474 5.68364 -0.0357072 0.080088 9.92737
52015583 0 0.01 4.49978 32.9 -0.154761 0.488475 26.1178 -0.120861 0.388769 9.92737
52017005 0 0.01 4.5 32.9 0.38314 0.334218 38.3656 0.446338 0.392418 9.92737
52017306 0 0.01 4.5 32.9 -0.443353 0.458503 21.5834 -0.288881 0.29959 9.92737
52017311 0 0.01 4.5 32.9 -0.499762 0.26534 11.8608 -0.180134 0.0959502 9.92737
52018447 0 0.01 4.5 32.9 0.493647 -0.0862089 13.4247 0.200946 -0.0355533 9.92737
52018982 0 0.01 4.5 32.9 0.0994553 -0.0338821 2.28231 0.00757945 -0.000139368 9.92737
52019596 0 0.01 4.5 32.9 -0.0926023 -0.0626076 16.9847 -0.0470568 -0.0301896 9.92737
51001135 0 0.01 4.49989 32.9 0.42169 0.043144 20.4724 0.262565 0.0262576 9.91082
51004290 0 0.01 4.5 32.9 -0.119715 -0.496418 0.860615 0.00407357 -0.0068407 9.91082
51005365 0 0.01 4.5 32.9 -0.109303 -0.449891 18.2363 -0.0632735 -0.248122 9.91082
51005738 0 0.01 4.5 32.9 0.47059 -0.463861 2.82736 0.0432835 -0.0395258 9.91082
51005982 0 0.01 4.5 32.9 0.159062 0.189794 2.69879 0.0138213 0.0176182 9.91082
51007008 0 0.01 4.50174 32.9 -0.152969 0.0915641 13.2703 -0.0594789 0.0381354 9.91082
51007408 0 0.01 4.50003 32.9 0.269274 0.341281 38.6794 0.316035 0.403879 9.91082
51011810 0 0.01 4.50005 32.9 -0.00866045 -0.238842 40.3803 -0.0117293 -0.293215 9.91082
51012273 0 0.01 4.50003 32.9 0.461862 0.272274 45.0409 0.629952 0.374701 9.91082
51014188 0 0.01 4.49996 32.9 0.489619 -0.440274 59.1102 0.880828 -0.792777 9.91082
51014444 0 0.01 4.5 32.9 0.187915 0.290341 3.74988 0.0244861 0.0362447 9.91082
51015313 0 0.01 4.5 32.9 -0.295282 0.00260183 6.80916 -0.0639785 0.00301958 9.91082
51015448 0 0.01 4.5 32.9 -0.197144 0.357812 1.82981 -0.0150946 0.017094 9.91082
51016088 0 0.01 4.50043 32.9 -0.40606 -0.327588 15.1293 -0.188887 -0.149545 9.91082
51018029 0 0.01 4.5 32.9 0.287726 -0.0229286 11.3511 0.098311 -0.00797043 9.91082
51019232 0 0.01 4.49999 32.9 0.0384061 0.175503 4.43631 0.00454393 0.0247342 9.91082
51019436 0 0.01 4.5 32.9 -0.142215 0.16866 1.84855 -0.0117689 0.00597148 9.91082
43002510 0 0.01 4.50022 32.9 0.281617 0.223133 24.845 0.210737 0.166162 9.87683
43005072 0 0.01 4.5 32.9 -0.102411 0.187124 4.85135 -0.0121732 0.026772 9.87683
43006619 0 0.01 4.5 32.9 -0.225133 0.206853 5.30969 -0.0356243 0.0306142 9.87683
43007709 0 0.01 4.5 32.9 0.0321142 0.34693 3.33184 0.00221239 0.0373863 9.87683
43011517 0 0.01 4.50001 32.9 0.0534864 0.099165 67.2029 0.109146 0.204015 9.87683
43014539 0 0.01 4.49995 32.9 0.155511 0.109305 31.7441 0.14892 0.106509 9.87683
43015880 0 0.01 4.49978 32.9 -0.151307 0.36795 41.5113 -0.189529 0.465236 9.87683
43016860 0 0.01 4.49984 32.9 -0.417897 0.05404 40.3556 -0.512648 0.0676 9.87683
43016956 0 0.01 4.5 32.9 -0.279548 -0.290351 5.71297 -0.0481028 -0.0499607 9.87683
43018374 0 0.01 4.50005 32.9 -0.462795 0.400188 42.2753 -0.594082 0.514103 9.87683
43018841 0 0.01 4.49999 32.9 -0.308914 -0.449032 42.8966 -0.403847 -0.585747 9.87683
47000869 0 0.01 4.50001 32.9 0.475302 -0.069348 40.6808 0.588958 -0.0839079 9.87363
47003865 0 0.01 4.5 32.9 -0.0060845 -0.460852 3.3936 -0.0022951 -0.0482535 9.87363
47005118 0 0.01 4.5 32.9 0.493791 -0.175453 3.47418 0.0488747 -0.0207009 9.87363
47006615 0 0.01 4.5 32.9 0.165068 0.201179 2.81302 0.0169269 0.0178171 9.87363
47007446 0 0.01 4.49989 32.9 0.389621 0.49352 37.4157 0.44085 0.564088 9.87363
47009508 0 0.01 4.50003 32.9 -0.412275 0.366514 40.4879 -0.508481 0.452681 9.87363
47013704 0 0.01 4.5 32.9 -0.293549 0.413465 5.47137 -0.0518555 0.0714554 9.87363
47016367 0 0.01 4.49989 32.9 -0.31431 0.0786035 30.9551 -0.293669 0.0756044 9.87363
47018017 0 0.01 4.5 32.9 -0.31866 -0.243542 3.67557 -0.0351988 -0.0266254 9.87363
47018503 0 0.01 4.5 32.9 -0.0577609 -0.107959 5.92651 -0.0107989 -0.0171912 9.87363
46000058 0 0.01 4.49957 32.9 -0.476337 0.325044 6.75419 -0.0983506 0.0655358 9.8921
46000073 0 0.01 4.5 32.9 -0.215332 -0.0930074 4.53563 -0.0287287 -0.0142778 9.8921
46000230 0 0.01 4.5 32.9 -0.22401 0.49164 1.19772 -0.00336113 0.0213606 9.8921
46000887 0 0.01 4.50001 32.9 -0.0791473 -0.205962 0.681066 0.00387636 -0.00211707 9.8921
46004921 0 0.01 4.5 32.9 0.163966 0.0655505 5.73021 0.028469 0.00716014 9.8921
46005601 0 0.01 4.49995 32.9 -0.474038 0.356441 31.2223 -0.450035 0.338897 9.8921
46008479 0 0.01 4.50043 32.9 0.293104 -0.267984 29.3013 0.261111 -0.236326 9.8921
46014221 0 0.01 4.5 32.9 -0.110928 0.320889 8.0481 -0.0269746 0.0797114 9.8921
46015468 0 0.01 4.50002 32.9 0.017263 0.260807 42.0723 0.0220232 0.334839 9.8921
46016226 0 0.01 4.50003 32.9 0.271927 0.380631 41.058 0.338834 0.475252 9.8921
46016330 0 0.01 4.49999 32.9 0.306012 -0.111651 45.8209 0.425764 -0.155153 9.8921
46018504 0 0.01 4.5 32.9 -0.373556 -0.119799 9.24853 -0.104967 -0.0300904 9.8921
45000460 0 0.01 4.5 32.9 -0.226791 0.24043 3.39472 -0.0235394 0.0265564 9.90857
45001349 0 0.01 4.5 32.9 -0.298659 -0.0162199 4.35496 -0.0387472 -0.000214842 9.90857
45003016 0 0.01 4.5 32.9 -0.364928 0.250227 3.08989 -0.0348274 0.0246712 9.90857
45003249 0 0.01 4.5 32.9 0.358861 0.436394 2.93369 0.032851 0.0377478 9.90857
45003568 0 0.01 4.5 32.9 0.105354 0.185586 45.2096 0.146131 0.256009 9.90857
45005198 0 0.01 4.5 32.9 -0.44101 -0.246248 9.37126 -0.125221 -0.0680684 9.90857
45008788 0 0.01 4.49998 32.9 -0.00608732 0.329858 45.0456 -0.00722655 0.451517 9.90857
45013754 0 0.01 4.5 32.9 -0.0898155 -0.247762 14.2611 -0.0371723 -0.10518 9.90857
45013938 0 0.01 4.5 32.9 -0.196979 -0.235502 3.28554 -0.0227562 -0.0246191 9.90857
45017211 0 0.01 4.5 32.9 -0.250097 0.00831111 4.72632 -0.034331 0.000526495 9.90857
45019193 0 0.01 4.5 32.9 -0.0893923 0.16891 35.6728 -0.0971465 0.182564 9.90857
44004621 0 0.01 4.5 32.9 0.323333 -0.0597651 4.4813 0.0471338 -0.0081488 9.92588
44005516 0 0.01 4.5 32.9 -0.276913 0.0467575 18.2579 -0.153876 0.0273851 9.92588
44006021 0 0.01 4.50087 32.9 -0.378799 0.443868 22.4176 -0.257517 0.302888 9.92588
44006590 0 0.01 4.5 32.9 -0.261957 -0.0121885 3.62536 -0.0351586 -0.00113329 9.92588
44006706 0 0.01 4.5 32.9 0.267982 -0.285948 8.83096 0.0717084 -0.0752711 9.92588
44012979 0 0.01 4.5 32.9 -0.486411 0.0734708 8.11967 -0.119202 0.0212375 9.92588
44015430 0 0.01 4.49998 32.9 0.0151852 0.199372 53.9361 0.0250692 0.327908 9.92588
44016075 0 0.01 4.5 32.9 0.468329 -0.0816321 9.84365 0.141235 -0.0266848 9.92588
44017090 0 0.01 4.5 32.9 -0.23175 0.380837 7.52618 -0.0528652 0.0881855 9.92588
44017863 0 0.01 4.49999 32.9 -0.213869 -0.363026 10.0446 -0.0661106 -0.108583 9.92588
2000274 0 0.01 4.50008 32.9 0.361531 -0.192124 18.2094 0.200699 -0.101796 9.90003
2001018 0 0.01 4.5 32.9 0.17664 0.479212 21.1436 0.112522 0.306364 9.90003
2002589 0 0.01 4.5 32.9 -0.469515 0.352731 38.4131 -0.545724 0.411501 9.90003
2003479 0 0.01 4.50022 32.9 -0.0545194 -0.402395 35.8936 -0.0592819 -0.4379 9.90003
2005332 0 0.01 4.49997 32.9 -0.113294 -0.257796 9.77055 -0.0325395 -0.0755102 9.90003
2007260 0 0.01 4.50043 32.9 0.102354 0.125879 19.2968 0.0574457 0.0735298 9.90003
2008644 0 0.01 4.5 32.9 0.208695 0.491334 6.64195 0.0451463 0.0999433 9.90003
2011157 0 0.01 4.49999 32.9 -0.496652 0.361581 14.5982 -0.219811 0.162044 9.90003
2012480 0 0.01 4.49999 32.9 -0.0320555 -0.275941 62.1957 -0.0600842 -0.521856 9.90003
2018325 0 0.01 4.5 32.9 -0.222902 0.346142 3.18935 -0.0194252 0.0333955 9.90003
2018478 0 0.01 4.5 32.9 0.180643 0.0644042 51.5822 0.284537 0.102474 9.90003
14003381 0 0.01 4.5 32.9 -0.172342 -0.332457 3.19981 -0.0131351 -0.0301578 9.90318
14004152 0 0.01 4.5 32.9 0.333385 -0.138166 1.59081 0.0143175 -0.00577798 9.90318
14005064 0 0.01 4.5 32.9 0.313758 -0.368308 10.1302 0.0954248 -0.111755 9.90318
14005198 0 0.01 4.5 32.9 0.198403 -0.34143 4.64668 0.0255448 -0.0449769 9.90318
14008892 0 0.01 4.5 32.9 0.386109 -0.333071 3.16313 0.0420277 -0.0320592 9.90318
14010934 0 0.01 4.50005 32.9 0.381743 -0.328329 36.9415 0.429273 -0.368077 9.90318
14011115 0 0.01 4.5 32.9 -0.340544 0.0430426 1.43888 -0.0145127 0.00276456 9.90318
14011860 0 0.01 4.50043 32.9 -0.459667 -0.0894899 21.156 -0.297354 -0.0568233 9.90318
14012664 0 0.01 4.49999 32.9 -0.303265 -0.152325 44.5422 -0.410058 -0.207441 9.90318
14017198 0 0.01 4.49996 32.9 -0.147788 -0.0675473 52.6181 -0.235505 -0.105104 9.90318
14018789 0 0.01 4.5 32.9 0.0934402 0.199886 6.43592 0.0178552 0.0394221 9.90318
14019351 0 0.01 4.5 32.9 -0.0870198 -0.117689 34.0206 -0.0899214 -0.120462 9.90318
39000308 0 0.01 4.5 32.9 -0.00095517 0.189928 7.91059 -8.56605e-05 0.0459585 9.91447
39003665 0 0.01 4.5 32.9 0.248083 0.323393 4.14947 0.0309471 0.040849 9.91447
39007007 0 0.01 4.5 32.9 -0.188018 0.0698013 12.9381 -0.074258 0.0281978 9.91447
39008052 0 0.01 4.5 32.9 -0.175077 -0.0604392 4.14718 -0.0218839 -0.00622545 9.91447
39014199 0 0.01 4.50011 32.9 -0.014544 -0.210127 36.6048 -0.0168364 -0.235225 9.91447
39014905 0 0.01 4.50003 32.9 0.473501 -0.455241 38.1603 0.549441 -0.52773 9.91447
39015626 0 0.01 4.5 32.9 -0.0163634 -0.0858109 26.3398 -0.013458 -0.0682488 9.91447
39017047 0 0.01 4.49935 32.9 -0.313032 0.190109 21.6729 -0.206747 0.12535 9.91447
39017657 0 0.01 4.50001 32.9 -0.0903935 -0.154329 40.6865 -0.113176 -0.188286 9.91447
39018047 0 0.01 4.49995 32.9 0.259522 0.375809 37.8375 0.297809 0.432407 9.91447
39019014 0 0.01 4.5 32.9 0.218404 -0.0888351 5.75877 0.037133 -0.0139138 9.91447
37002818 0 0.01 4.5 32.9 -0.402478 0.134928 5.84085 -0.069667 0.0233038 9.90335
37005098 0 0.01 4.5 32.9 -0.343271 0.056533 1.64042 -0.0172735 -0.00337319 9.90335
37006894 0 0.01 4.5 32.9 -0.367759 -0.200438 36.5777 -0.410057 -0.222115 9.90335
37008279 0 0.01 4.49997 32.9 0.188652 0.133472 45.7482 0.261319 0.18502 9.90335
37009367 0 0.01 4.5 32.9 -0.253327 -0.057257 5.63245 -0.0453495 -0.0105993 9.90335
37009596 0 0.01 4.5 32.9 -0.155091 -0.466178 4.37641 -0.0206035 -0.0618812 9.90335
37009954 0 0.01 4.5 32.9 0.45079 0.00873811 12.5044 0.172355 0.00413561 9.90335
37012168 0 0.01 4.50001 32.9 0.438851 -0.0921534 8.55456 0.113727 -0.0236472 9.90335
37015001 0 0.01 4.5 32.9 -0.381757 -0.140594 2.38809 -0.0312463 -0.0130611 9.90335
37018809 0 0.01 4.5 32.9 -0.119375 -0.0815183 33.8221 -0.123389 -0.0825131 9.90335
41000145 0 0.01 4.5 32.9 -0.451209 -0.0937505 29.1073 -0.398539 -0.0817455 9.88502
41001059 0 0.01 4.49997 32.9 0.0157831 0.470459 39.1654 0.0191721 0.56023 9.88502
41005340 0 0.01 4.5 32.9 -0.114743 -0.327444 6.82421 -0.0244655 -0.0703813 9.88502
41012158 0 0.01 4.5 32.9 0.454821 0.400355 2.62766 0.0368288 0.0287815 9.88502
41012589 0 0.01 4.5 32.9 -0.360436 -0.184927 3.8943 -0.0440057 -0.0234099 9.88502
41013490 0 0.01 4.5 32.9 0.308316 0.302447 4.27731 0.0395165 0.0394508 9.88502
41014389 0 0.01 4.5 32.9 0.238355 -0.0228938 4.20008 0.0311338 -0.004222 9.88502
41015601 0 0.01 4.50003 32.9 -0.0379937 0.37741 36.4232 -0.0445315 0.417409 9.88502
41016571 0 0.01 4.50043 32.9 0.451498 -0.218304 20.5022 0.279367 -0.137835 9.88502
41018377 0 0.01 4.49997 32.9 -0.406206 -0.466915 34.7902 -0.430129 -0.492056 9.88502
41019048 0 0.01 4.5 32.9 -0.400845 -0.10277 5.66432 -0.070018 -0.0172444 9.88502
40000099 0 0.01 4.5 32.9 0.247063 0.250029 8.3372 0.0608553 0.064451 9.87775
40001502 0 0.01 4.50002 32.9 -0.110257 -0.207241 45.6007 -0.15161 -0.286747 9.87775
40003987 0 0.01 4.49999 32.9 -0.128288 0.324508 1.22769 -0.0108605 0.0133504 9.87775
40004646 0 0.01 4.50002 32.9 0.35727 0.228206 45.4487 0.494228 0.316904 9.87775
40004906 0 0.01 4.5 32.9 -0.433215 -0.165935 3.05979 -0.0401204 -0.0161793 9.87775
40005997 0 0.01 4.5 32.9 0.265163 0.053331 17.2408 0.138226 0.026922 9.87775
40006859 0 0.01 4.5 32.9 0.149281 0.0719166 3.11403 0.0166656 0.0050381 9.87775
40011494 0 0.01 4.5 32.9 0.044306 0.260225 4.16298 0.00492993 0.0345911 9.87775
40012306 0 0.01 4.5 32.9 -0.328544 -0.380216 8.32796 -0.0832114 -0.0947292 9.87775
40016349 0 0.01 4.5 32.9 -0.247805 0.341656 4.8817 -0.035599 0.0514501 9.87775
40016656 0 0.01 4.5 32.9 -0.25236 -0.17293 3.47057 -0.0239355 -0.0178379 9.87775
40017364 0 0.01 4.5 32.9 0.428509 -0.209312 4.00477 0.0514937 -0.0274969 9.87775
40018513 0 0.01 4.5 32.9 -0.298132 -0.224824 5.52147 -0.0515812 -0.0369306 9.87775
20000289 0 0.01 4.5 32.9 0.145348 -0.0537004 4.00123 0.0191753 -0.00613246 9.87029
20001134 0 0.01 4.5 32.9 -0.325337 -0.495099 2.79105 -0.0280086 -0.0432957 9.87029
20001979 0 0.01 4.5 32.9 0.3017 0.241624 5.52083 0.0516093 0.0405323 9.87029
20002898 0 0.01 4.5 32.9 -0.0805527 -0.407448 11.8257 -0.0308599 -0.142677 9.87029
20002985 0 0.01 4.5 32.9 -0.40198 -0.0991637 5.61099 -0.0699592 -0.0184333 9.87029
20003190 0 0.01 4.5 32.9 -0.196541 0.39069 5.21244 -0.0315338 0.0612628 9.87029
20003888 0 0.01 4.50004 32.9 0.315018 -0.441449 40.596 0.387175 -0.545371 9.87029
20004889 0 0.01 4.5 32.9 0.257195 0.382804 8.48638 0.0688226 0.102646 9.87029
20006607 0 0.01 4.5 32.9 0.282594 0.308312 4.98106 0.0409915 0.0486634 9.87029
20007594 0 0.01 4.50005 32.9 0.0981243 0.171783 36.8581 0.109693 0.195287 9.87029
20008539 0 0.01 4.5 32.9 -0.117422 -0.441795 4.44519 -0.0150527 -0.0584986 9.87029
20011214 0 0.01 4.5 32.9 0.375439 -0.398825 11.4191 0.128356 -0.137016 9.87029
20011754 0 0.01 4.50174 32.9 0.100521 -0.490656 7.7021 0.0220148 -0.116073 9.87029
20013507 0 0.01 4.5 32.9 -0.411909 0.164444 6.85699 -0.0843999 0.0358187 9.87029
20017312 0 0.01 4.5 32.9 0.332209 0.248998 21.9943 0.22323 0.167267 9.87029
20018152 0 0.01 4.5 32.9 -0.203612 -0.315788 5.58839 -0.0338393 -0.0526183 9.87029
48000979 0 0.01 4.5 32.9 -0.489529 -0.307222 79.5994 -1.18555 -0.742025 9.90545
48005340 0 0.01 4.5 32.9 0.264601 -0.171776 13.2748 0.106154 -0.066819 9.90545
48006800 0 0.01 4.49999 32.9 0.361177 0.247351 12.9488 0.143449 0.0945513 9.90545
48006957 0 0.01 4.5 32.9 -0.189101 0.114555 2.92077 -0.0227195 0.011011 9.90545
48007157 0 0.01 4.50001 32.9 -0.209537 -0.446278 42.6823 -0.273155 -0.578412 9.90545
48007665 0 0.01 4.5 32.9 -0.0916032 -0.221617 13.6609 -0.0363686 -0.0892903 9.90545
48012217 0 0.01 4.50087 32.9 0.0946712 0.458213 12.1234 0.0348818 0.171526 9.90545
48012411 0 0.01 4.5 32.9 -0.454634 -0.134846 5.42088 -0.0734714 -0.0201923 9.90545
48012885 0 0.01 4.49999 32.9 -0.0724771 0.0453826 43.9364 -0.0979398 0.0614667 9.90545
48014349 0 0.01 4.5 32.9 -0.457821 0.4073 3.25852 -0.0453716 0.0455313 9.90545
48018444 0 0.01 4.5 32.9 -0.278824 0.296646 3.76021 -0.0308195 0.0354958 9.90545
16003908 0 0.01 4.5 32.9 -0.319691 0.424841 49.5153 -0.480474 0.640826 9.91304
16003914 0 0.01 4.5 32.9 0.203722 0.0504386 6.47066 0.0386499 0.0110237 9.91304
16003967 0 0.01 4.5 32.9 -0.496181 -0.24954 6.61558 -0.0983458 -0.0458794 9.91304
16003972 0 0.01 4.5 32.9 -0.3498 0.0670087 41.1536 -0.437388 0.0836236 9.91304
16004677 0 0.01 4.5 32.9 -0.323586 0.263501 14.9943 -0.148145 0.120109 9.91304
16007008 0 0.01 4.49999 32.9 -0.0133234 -0.0297468 7.09001 -0.00369785 -0.00510609 9.91304
16007436 0 0.01 4.5 32.9 0.361565 0.497486 5.12079 0.0580049 0.0795244 9.91304
16009003 0 0.01 4.5 32.9 0.380615 0.230731 5.53778 0.0620908 0.0372831 9.91304
16009626 0 0.01 4.5 32.9 0.397962 0.490263 5.88694 0.0742579 0.0868226 9.91304
16010688 0 0.01 4.49978 32.9 0.469681 -0.166641 28.3304 0.405567 -0.142221 9.91304
16010925 0 0.01 4.49999 32.9 0.233211 0.108058 84.1011 0.594849 0.278129 9.91304
16011702 0 0.01 4.5 32.9 -0.310884 -0.41926 11.4807 -0.108006 -0.143883 9.91304
16012787 0 0.01 4.49998 32.9 0.396115 0.260838 43.1496 0.520068 0.345797 9.91304
16015101 0 0.01 4.50005 32.9 -0.0786181 0.417943 13.6876 -0.0333133 0.174227 9.91304
16015177 0 0.01 4.50003 32.9 0.255158 0.354598 6.26751 0.046858 0.0684781 9.91304
16015782 0 0.01 4.5 32.9 0.335454 0.0394574 14.3099 0.147377 0.0167197 9.91304
16016568 0 0.01 4.5 32.9 -0.302656 -0.166377 4.81344 -0.0456173 -0.0233338 9.91304
16017552 0 0.01 4.5 32.9 -0.457884 -0.312959 2.05781 -0.0237234 -0.0185059 9.91304
16017937 0 0.01 4.5 32.9 0.254843 0.237896 3.72947 0.0310661 0.0268681 9.91304
16019084 0 0.01 4.5 32.9 0.381002 -0.0802082 21.033 0.242631 -0.0482562 9.91304
25003826 0 0.01 4.5 32.9 0.386325 -0.443283 6.31364 0.0750936 -0.0832913 9.88024
25008325 0 0.01 4.5 32.9 0.424648 -0.142513 24.7504 0.318456 -0.10619 9.88024
25009818 0 0.01 4.50003 32.9 -0.0203718 0.115008 44.4375 -0.0280425 0.155313 9.88024
25010591 0 0.01 4.5 32.9 -0.143294 -0.362225 10.9657 -0.047475 -0.121321 9.88024
25017208 0 0.01 4.5 32.9 -0.400668 -0.0673159 41.1048 -0.499659 -0.081719 9.88024
25017286 0 0.01 4.5 32.9 -0.423558 -0.37355 7.80349 -0.101147 -0.0867922 9.88024
25018139 0 0.01 4.5 32.9 -0.451092 -0.156597 10.0989 -0.136011 -0.047456 9.88024
25018638 0 0.01 4.5 32.9 0.000271075 0.211154 10.8271 0.00106732 0.0701406 9.88024
13002863 0 0.01 4.49998 32.9 0.125976 -0.0174937 46.2421 0.178528 -0.0230018 9.85804
13004627 0 0.01 4.49999 32.9 0.15746 0.360089 41.6956 0.20019 0.457928 9.85804
13006280 0 0.01 4.5 32.9 -0.40721 0.126329 10.2683 -0.123367 0.0402625 9.85804
13007721 0 0.01 4.50008 32.9 -0.275616 -0.355199 39.3758 -0.328579 -0.42331 9.85804
13009487 0 0.01 4.50347 32.9 0.446533 -0.152282 5.67073 0.078103 -0.0225659 9.85804
13009983 0 0.01 4.5 32.9 0.22383 -0.367922 31.9894 0.21793 -0.357369 9.85804
13011775 0 0.01 4.5 32.9 -0.169214 0.41485 37.1049 -0.189706 0.468733 9.85804
13013766 0 0.01 4.5 32.9 -0.463312 -0.364821 4.85737 -0.0682669 -0.0548651 9.85804
13016218 0 0.01 4.50001 32.9 0.408722 -0.15908 12.4349 0.153272 -0.0612315 9.85804
13018531 0 0.01 4.5 32.9 -0.0943957 0.395926 13.1241 -0.0389378 0.16182 9.85804
12000006 0 0.01 4.5 32.9 -0.49764 0.00215293 73.868 -1.11821 0.00363231 9.92936
12000143 0 0.01 4.49999 32.9 0.442715 -0.190991 52.0322 0.701997 -0.30076 9.92936
12000619 0 0.01 4.5 32.9 0.456244 -0.0301088 3.21737 0.0450004 -0.00540779 9.92936
12000713 0 0.01 4.5 32.9 0.382248 -0.177692 1.9952 0.0195795 -0.00851087 9.92936
12000977 0 0.01 4.49995 32.9 0.222682 -0.382696 37.8672 0.256372 -0.438878 9.92936
12002259 0 0.01 4.5 32.9 0.303202 0.0743921 2.77233 0.024975 0.00737998 9.92936
12002613 0 0.01 4.5 32.9 0.0772064 -0.439937 8.41952 0.0201606 -0.110127 9.92936
12003420 0 0.01 4.5 32.9 -0.00221425 0.364286 13.6784 0.00201642 0.153052 9.92936
12004654 0 0.01 4.50011 32.9 0.490319 -0.141228 31.4804 0.469086 -0.13418 9.92936
12007218 0 0.01 4.50005 32.9 0.442984 -0.310626 49.5664 0.66841 -0.467686 9.92936
12015260 0 0.01 4.5 32.9 0.43935 -0.322052 2.89681 0.0392332 -0.0279246 9.92936
11002872 0 0.01 4.5 32.9 -0.239239 -0.0501359 23.9768 -0.172259 -0.0372694 9.87989
11003944 0 0.01 4.49989 32.9 0.0112927 0.415449 29.1292 0.0108368 0.369823 9.87989
11010058 0 0.01 4.49999 32.9 0.28613 -0.444301 42.2658 0.367427 -0.569716 9.87989
11012694 0 0.01 4.50043 32.9 0.442725 -0.159879 15.1824 0.204501 -0.0753902 9.87989
11016734 0 0.01 4.49999 32.9 0.256368 -0.151661 44.2078 0.344706 -0.202587 9.87989
79001300 0 0.01 4.49996 32.9 -0.00118498 -0.482354 34.3579 0.00127966 -0.502364 9.87113
79001791 0 0.01 4.5 32.9 -0.287248 -0.172424 39.9961 -0.348778 -0.210994 9.87113
79001990 0 0.01 4.5 32.9 0.0718176 -0.37294 14.2031 0.0285554 -0.163026 9.87113
79002964 0 0.01 4.5 32.9 -0.290746 0.168946 5.45535 -0.0489691 0.0305711 9.87113
79003659 0 0.01 4.5 32.9 0.391167 0.0100828 5.11375 0.062088 0.000599739 9.87113
79012627 0 0.01 4.5 32.9 -0.224135 -0.0648504 17.0049 -0.116743 -0.0333604 9.87113
79013551 0 0.01 4.49999 32.9 0.494496 0.381068 7.03566 0.105475 0.083038 9.87113
79014474 0 0.01 4.5 32.9 0.45115 0.458671 5.82208 0.0782869 0.0820852 9.87113
79014640 0 0.01 4.5 32.9 -0.177752 -0.208369 32.7481 -0.175364 -0.206342 9.87113
79016271 0 0.01 4.5 32.9 -0.330449 -0.307928 35.6017 -0.357884 -0.331479 9.87113
92000377 0 0.01 4.5 32.9 -0.472564 0.111159 2.20172 -0.0287824 0.0103914 9.90479
92005660 0 0.01 4.49992 32.9 0.421915 -0.320117 41.9307 0.538105 -0.405464 9.90479
92008078 0 0.01 4.5 32.9 -0.418154 -0.279772 10.4349 -0.133219 -0.0876426 9.90479
92008290 0 0.01 4.49989 32.9 0.261074 -0.160285 27.4077 0.218056 -0.137111 9.90479
92010590 0 0.01 4.5 32.9 0.0512063 -0.0725791 4.70427 0.00724423 -0.00728081 9.90479
92016911 0 0.01 4.50087 32.9 0.45362 -0.354254 11.851 0.162242 -0.125771 9.90479
92018301 0 0.01 4.5 32.9 -0.474707 0.168687 2.14555 -0.0296187 0.010605 9.90479
92019647 0 0.01 4.5 32.9 0.057271 -0.281086 5.68609 0.00810597 -0.0483608 9.90479
84000103 0 0.01 4.49995 32.9 -0.407153 -0.0261418 41.722 -0.515187 -0.034902 9.89251
84000459 0 0.01 4.49998 32.9 0.0142823 0.446228 52.4373 0.0222463 0.712826 9.89251
84000771 0 0.01 4.5 32.9 -0.374 -0.429199 2.45728 -0.0248258 -0.0332333 9.89251
84003442 0 0.01 4.50022 32.9 0.146125 -0.0951717 26.6726 0.117855 -0.074895 9.89251
84003909 0 0.01 4.5 32.9 -0.231987 -0.238977 16.9153 -0.119417 -0.121977 9.89251
84004317 0 0.01 4.5 32.9 0.0202395 0.347107 10.5767 0.00687898 0.114415 9.89251
84005069 0 0.01 4.50001 32.9 -0.0363923 0.234857 26.6691 -0.029731 0.191619 9.89251
84005657 0 0.01 4.50003 32.9 -0.442468 0.032682 65.4273 -0.880276 0.0644036 9.89251
84005880 0 0.01 4.5 32.9 -0.234557 -0.166315 3.92837 -0.0265534 -0.0178828 9.89251
84005891 0 0.01 4.5 32.9 0.212046 -0.405127 9.31859 0.0633683 -0.111911 9.89251
84006131 0 0.01 4.5 32.9 0.0958099 -0.306358 3.46523 0.00910158 -0.0333397 9.89251
84008103 0 0.01 4.5 32.9 0.414265 0.287818 3.55071 0.0413674 0.0340128 9.89251
84010969 0 0.01 4.50001 32.9 -0.122495 -0.299515 4.93803 -0.0210749 -0.043849 9.89251
84015174 0 0.01 4.5 32.9 0.0379992 0.193587 2.16588 0.00830214 0.012163 9.89251
84015412 0 0.01 4.5 32.9 -0.128331 0.290148 28.4971 -0.112038 0.252907 9.89251
84016031 0 0.01 4.49999 32.9 -0.1467 -0.282128 46.8156 -0.208325 -0.401695 9.89251
80001167 0 0.01 4.5 32.9 -0.124826 -0.424528 7.62841 -0.0329713 -0.0998931 9.89002
80003724 0 0.01 4.49995 32.9 0.391485 0.321429 41.5295 0.494047 0.405354 9.89002
80004282 0 0.01 4.5 32.9 0.146011 -0.281488 14.7557 0.0654743 -0.126741 9.89002
80004495 0 0.01 4.5 32.9 0.180644 0.000209942 4.32156 0.0245164 0.00298392 9.89002
80006624 0 0.01 4.5 32.9 -0.0169167 -0.266222 4.18698 -0.00180819 -0.0307755 9.89002
80008481 0 0.01 4.5 32.9 0.0439451 0.274284 15.7833 0.0196814 0.130452 9.89002
80010869 0 0.01 4.50002 32.9 -0.438598 0.0739095 64.3786 -0.8569 0.146361 9.89002
80014288 0 0.01 4.5 32.9 0.134812 0.188559 2.59427 0.0130201 0.0182357 9.89002
80015744 0 0.01 4.50001 32.9 0.345295 0.149076 37.7792 0.398727 0.171905 9.89002
80018795 0 0.01 4.49957 32.9 0.00373393 0.173757 20.156 0.00428091 0.10495 9.89002
7003728 0 0.01 4.50003 32.9 0.394069 -0.226552 36.0336 0.431532 -0.243543 9.89689
7004444 0 0.01 4.49989 32.9 0.0573488 0.4303 6.93669 0.0132339 0.0932949 9.89689
7005600 0 0.01 4.49999 32.9 0.161319 0.410957 44.135 0.216432 0.554054 9.89689
7005955 0 0.01 4.5 32.9 -0.351873 0.499292 3.52091 -0.0393649 0.0538447 9.89689
7008695 0 0.01 4.49997 32.9 -0.457672 -0.439994 39.4775 -0.549882 -0.526445 9.89689
7010382 0 0.01 4.5 32.9 -0.477993 0.16821 7.35093 -0.10604 0.036345 9.89689
7014599 0 0.01 4.5 32.9 -0.288433 0.337543 0.599465 -0.0114829 -0.00127232 9.89689
7017278 0 0.01 4.49989 32.9 -0.334338 -0.386565 31.3285 -0.319563 -0.369168 9.89689
7018692 0 0.01 4.5 32.9 -0.38637 0.401072 12.8612 -0.151164 0.157555 9.89689
83006767 0 0.01 4.49967 32.9 0.120835 0.377083 26.4148 0.0981851 0.302061 9.91461
83008535 0 0.01 4.50003 32.9 -0.247422 0.364183 39.3638 -0.297465 0.438564 9.91461
83010850 0 0.01 4.5 32.9 -0.135306 -0.292438 2.36374 -0.00470914 -0.017188 9.91461
83014081 0 0.01 4.5 32.9 -0.431979 0.408286 3.56829 -0.0426474 0.045615 9.91461
83015402 0 0.01 4.5 32.9 -0.34141 0.0905527 40.9134 -0.424721 0.112765 9.91461
82000945 0 0.01 4.5 32.9 0.219186 -0.111329 3.57284 0.0223037 -0.0126342 9.90406
82002818 0 0.01 4.5 32.9 -0.335143 0.489682 43.5973 -0.4458 0.649753 9.90406
82005051 0 0.01 4.5 32.9 -0.171133 0.0607384 2.81939 -0.0177244 0.00144353 9.90406
82008538 0 0.01 4.5 32.9 -0.437815 -0.448859 7.10861 -0.0963452 -0.098516 9.90406
82008665 0 0.01 4.5 32.9 -0.192479 0.322976 3.66937 -0.0222067 0.0373971 9.90406
82008884 0 0.01 4.5 32.9 0.16992 0.176007 12.8199 0.0636251 0.0696516 9.90406
82009914 0 0.01 4.5 32.9 -0.0906148 0.137656 41.4133 -0.11397 0.173163 9.90406
82013384 0 0.01 4.5 32.9 -0.321001 -0.00766978 5.83061 -0.0579485 -0.000192823 9.90406
82016391 0 0.01 4.49999 32.9 0.186488 -0.46033 39.7286 0.224972 -0.555329 9.90406
82017154 0 0.01 4.5 32.9 0.212678 0.379491 4.10614 0.0249416 0.047575 9.90406
81000017 0 0.01 4.5 32.9 0.25797 -0.388924 7.74846 0.0597207 -0.0874594 9.92706
81010336 0 0.01 4.5 32.9 0.465493 -0.372487 148.486 2.09965 -1.68038 9.92706
81012247 0 0.01 4.5 32.9 -0.26133 -0.341206 8.54962 -0.0677337 -0.0872758 9.92706
81012981 0 0.01 4.50001 32.9 -0.479411 0.183146 47.9486 -0.698617 0.267094 9.92706
81019612 0 0.01 4.5 32.9 -0.446342 0.0745493 5.58057 -0.0754467 0.0118673 9.92706
87000512 0 0.01 4.5 32.9 -0.355147 0.416816 3.48121 -0.0391172 0.0438012 9.88977
87002706 0 0.01 4.50011 32.9 0.25342 0.435148 31.8834 0.244473 0.422421 9.88977
87004213 0 0.01 4.50001 32.9 -0.175485 0.118233 19.1443 -0.101492 0.0689194 9.88977
87004795 0 0.01 4.5 32.9 0.177337 0.0168083 3.37782 0.019654 9.85983e-05 9.88977
87007659 0 0.01 4.49997 32.9 -0.177216 0.102579 43.7341 -0.235285 0.138403 9.88977
87009658 0 0.01 4.5 32.9 0.418193 0.465938 21.1235 0.269992 0.300486 9.88977
87011399 0 0.01 4.5 32.9 -0.275786 -0.43236 0.0294492 0.0304927 -0.0395096 9.88977
87019269 0 0.01 4.5 32.9 0.0811505 -0.145982 2.45585 0.00540458 -0.00687495 9.88977
67001598 0 0.01 4.5 32.9 -0.308141 0.434726 24.3879 -0.228734 0.322669 9.92656
67001906 0 0.01 4.50005 32.9 0.35367 -0.499715 5.61429 0.0607158 -0.085023 9.92656
67002046 0 0.01 4.5 32.9 0.360728 0.0652685 8.5594 0.0927109 0.017455 9.92656
67002189 0 0.01 4.49995 32.9 0.114244 0.43144 34.2588 0.11746 0.449691 9.92656
67003832 0 0.01 4.5 32.9 -0.13953 0.0561723 3.31183 -0.0184968 0.00567803 9.92656
67006475 0 0.01 4.5 32.9 0.334644 0.444488 0.889142 0.00551421 0.0132257 9.92656
67006600 0 0.01 4.50043 32.9 0.0157128 0.291498 24.1225 0.0111186 0.212983 9.92656
67007854 0 0.01 4.5 32.9 -0.0713283 0.390299 2.97598 -0.00258215 0.0321585 9.92656
67008624 0 0.01 4.5 32.9 0.44384 0.0654791 14.525 0.196361 0.0274392 9.92656
67012984 0 0.01 4.5 32.9 0.0714699 0.315767 13.4274 0.027116 0.130087 9.92656
67015750 0 0.01 4.5 32.9 -0.331077 0.292542 4.16808 -0.0444898 0.0400276 9.92656
85000351 0 0.01 4.5 32.9 0.312247 -0.0735577 2.53336 0.0223045 -0.00426624 9.88581
85001598 0 0.01 4.5 32.9 0.0774484 -0.445944 5.23351 0.0151522 -0.0690638 9.88581
85002092 0 0.01 4.5 32.9 0.493184 0.0698859 2.67518 0.0408413 0.00865653 9.88581
85002466 0 0.01 4.49999 32.9 0.182472 0.43882 44.007 0.242474 0.587193 9.88581
85003275 0 0.01 4.50005 32.9 -0.0266967 -0.315565 37.2617 -0.0309768 -0.357744 9.88581
85004487 0 0.01 4.5 32.9 -0.181508 -0.0275593 3.06741 -0.0205576 -0.00140451 9.88581
85008377 0 0.01 4.5 32.9 -0.175707 -0.435411 52.6997 -0.278899 -0.696276 9.88581
85010943 0 0.01 4.5 32.9 -0.343882 -0.35972 3.18816 -0.037594 -0.0350412 9.88581
85013795 0 0.01 4.50003 32.9 0.419893 -0.17395 1.91574 0.022583 -0.00865187 9.88581
85014208 0 0.01 4.5 32.9 0.0805294 -0.3856 10.4954 0.0245104 -0.123428 9.88581
85017444 0 0.01 4.50005 32.9 -0.00128078 0.379816 30.8014 -0.000339363 0.358528 9.88581
85017768 0 0.01 4.5 32.9 0.177959 0.248527 3.08876 0.0177369 0.0233427 9.88581
19000009 0 0.01 4.5 32.9 0.464314 -0.34116 0.993972 0.0224535 -0.0125791 9.8725
19001433 0 0.01 4.5 32.9 0.112103 0.0541462 20.4026 0.0720502 0.033332 9.8725
19001458 0 0.01 4.5 32.9 -0.182203 -0.456005 4.42415 -0.0255478 -0.0607082 9.8725
19002273 0 0.01 4.50011 32.9 0.434276 -0.132928 25.4039 0.336116 -0.103554 9.8725
19004255 0 0.01 4.5 32.9 0.157267 0.0155091 5.2129 0.0237174 0.00372319 9.8725
19005307 0 0.01 4.5 32.9 -0.11581 0.362146 9.20097 -0.0343431 0.10146 9.8725
19006765 0 0.01 4.5 32.9 -0.469736 -0.340894 38.2902 -0.547633 -0.396639 9.8725
19007615 0 0.01 4.5 32.9 0.148349 -0.358176 18.0966 0.0824643 -0.195718 9.8725
19007963 0 0.01 4.5 32.9 -0.10436 0.0268164 5.64776 -0.0172199 0.00610211 9.8725
19008382 0 0.01 4.5 32.9 0.287316 -0.140499 77.0524 0.673696 -0.329518 9.8725
19009056 0 0.01 4.49978 32.9 -0.284312 0.149522 24.2937 -0.211499 0.111692 9.8725
19010018 0 0.01 4.5 32.9 0.0574943 0.483298 2.80275 0.00794796 0.0423175 9.8725
19010393 0 0.01 4.5 32.9 0.0840617 -0.222955 8.28625 0.0211816 -0.0563416 9.8725
19012541 0 0.01 4.5 32.9 -0.0688645 0.31605 11.0029 -0.0240951 0.10646 9.8725
19013832 0 0.01 4.5 32.9 0.0861212 0.151439 11.4751 0.0317782 0.0526038 9.8725
19014959 0 0.01 4.49999 32.9 -0.213963 0.377369 6.40117 -0.0404986 0.0760384 9.8725
19016318 0 0.01 4.49999 32.9 -0.202607 0.351679 6.02937 -0.0351694 0.0664543 9.8725
19017104 0 0.01 4.5 32.9 0.304238 -0.0409816 7.18827 0.0683749 -0.0103947 9.8725
19019315 0 0.01 4.49989 32.9 0.370636 -0.0257346 35.7339 0.403063 -0.0263349 9.8725
58000733 0 0.01 4.5 32.9 0.499298 0.0523172 14.6378 0.221426 0.0224831 9.89176
58002422 0 0.01 4.5 32.9 0.0844342 0.160941 1.29613 -0.00246266 -0.00262079 9.89176
58003767 0 0.01 4.49998 32.9 -0.269015 -0.063654 38.3815 -0.314145 -0.0777801 9.89176
58003932 0 0.01 4.5 32.9 0.0591305 -0.00237191 1.92244 0.00450261 0.000204171 9.89176
58008395 0 0.01 4.5 32.9 0.0432895 0.309262 8.22635 0.0136104 0.0800036 9.89176
58009004 0 0.01 4.5 32.9 0.168852 -0.350028 13.7699 0.0681845 -0.144442 9.89176
58010937 0 0.01 4.5 32.9 -0.126707 -0.104112 3.95083 -0.0160628 -0.0124032 9.89176
58014445 0 0.01 4.49995 32.9 0.46083 0.173869 42.6683 0.597519 0.225974 9.89176
58014673 0 0.01 4.5 32.9 0.487224 0.0471299 39.3182 0.582118 0.056281 9.89176
58017731 0 0.01 4.5 32.9 -0.386698 0.255651 4.83806 -0.056892 0.0393157 9.89176
58018638 0 0.01 4.5 32.9 -0.211551 -0.0582567 57.8485 -0.370632 -0.100886 9.89176
49000545 0 0.01 4.5 32.9 0.0626965 0.159565 46.1714 0.0885237 0.226174 9.91543
49000880 0 0.01 4.5 32.9 -0.0480712 0.109669 5.63815 -0.00886052 0.0191389 9.91543
49001585 0 0.01 4.5 32.9 -0.418383 0.339578 10.356 -0.132055 0.107053 9.91543
49001673 0 0.01 4.5 32.9 0.340015 0.136411 33.2335 0.344247 0.137999 9.91543
49001744 0 0.01 4.5 32.9 -0.303531 0.0804803 28.3371 -0.259489 0.0709505 9.91543
49004936 0 0.01 4.5 32.9 0.406319 -0.285141 4.929 0.0600758 -0.0411599 9.91543
49005372 0 0.01 4.5 32.9 0.43074 -0.407609 26.5184 0.347086 -0.326623 9.91543
49009032 0 0.01 4.49997 32.9 -0.462789 -0.332957 45.3371 -0.636108 -0.457822 9.91543
49009255 0 0.01 4.49826 32.9 0.383505 -0.115792 14.11 0.162291 -0.0497759 9.91543
49010999 0 0.01 4.5 32.9 -0.308977 0.215652 3.85873 -0.0376678 0.0270019 9.91543
49012966 0 0.01 4.50022 32.9 0.496508 -0.405723 33.6049 0.507059 -0.413561 9.91543
49014138 0 0.01 4.5 32.9 0.184758 0.49026 7.489 0.0387449 0.112543 9.91543
49014841 0 0.01 4.5 32.9 -0.311846 0.225294 4.88308 -0.0441774 0.0315406 9.91543
49017083 0 0.01 4.5 32.9 -0.0620228 -0.337899 2.71844 0.00155676 -0.0287237 9.91543
49017112 0 0.01 4.49999 32.9 0.457497 0.121567 42.7355 0.595668 0.158846 9.91543
49018807 0 0.01 4.50003 32.9 -0.00886014 0.0369233 44.805 -0.0123305 0.0495639 9.91543
3001420 0 0.01 4.5 32.9 -0.440343 0.105162 3.67565 -0.0531598 0.00789645 9.93561
3002439 0 0.01 4.5 32.9 -0.0161712 -0.44782 3.1201 -0.00391934 -0.0382136 9.93561
3003071 0 0.01 4.5 32.9 -0.135275 0.395677 12.8251 -0.0534516 0.155587 9.93561
3004349 0 0.01 4.50043 32.9 0.254787 0.0334563 16.6242 0.126403 0.0166447 9.93561
3008521 0 0.01 4.5 32.9 0.189946 0.499456 14.1507 0.0838755 0.217015 9.93561
3008880 0 0.01 4.50003 32.9 0.425655 0.0905931 5.42941 0.0684263 0.0157252 9.93561
3010513 0 0.01 4.50005 32.9 0.334389 -0.122213 46.245 0.469087 -0.171425 9.93561
3011043 0 0.01 4.5 32.9 -0.375601 -0.30165 12.751 -0.145889 -0.116084 9.93561
3012275 0 0.01 4.5 32.9 0.212121 -0.0572748 3.21474 0.0201167 -0.00390037 9.93561
3014918 0 0.01 4.50008 32.9 0.282696 0.0564027 44.2391 0.379315 0.0763853 9.93561
3016352 0 0.01 4.5 32.9 0.284024 0.0463284 17.2093 0.150619 0.024215 9.93561
3016441 0 0.01 4.50005 32.9 0.0378047 0.195399 31.506 0.0385412 0.18851 9.93561
3018167 0 0.01 4.5 32.9 0.0826933 0.318412 53.998 0.137146 0.524699 9.93561
38004056 0 0.01 4.5 32.9 -0.416363 -0.0925357 8.49911 -0.108198 -0.0221428 9.87603
38004330 0 0.01 4.49999 32.9 0.377011 0.375335 45.7898 0.524741 0.522915 9.87603
38005814 0 0.01 4.5 32.9 0.0048878 0.470495 4.1779 0.000801631 0.0598886 9.87603
38009318 0 0.01 4.5 32.9 0.27937 -0.373941 1.42461 0.0114382 -0.0249013 9.87603
38012489 0 0.01 4.5 32.9 0.352881 -0.179784 3.99891 0.0425776 -0.0215572 9.87603
38018674 0 0.01 4.5 32.9 0.0414178 0.208512 19.1173 0.0227674 0.119555 9.87603
38019601 0 0.01 4.5 32.9 0.198178 0.35733 5.0421 0.0296725 0.0547132 9.87603
35000920 0 0.01 4.50043 32.9 0.302048 -0.220908 13.8049 0.128005 -0.089588 9.92106
35003012 0 0.01 4.50003 32.9 -0.341561 -0.431712 37.627 -0.391201 -0.493129 9.92106
35003429 0 0.01 4.49999 32.9 -0.347876 0.0641069 46.7462 -0.492429 0.0925034 9.92106
35004084 0 0.01 4.5 32.9 0.376528 0.0597967 10.552 0.121504 0.0186239 9.92106
35005379 0 0.01 4.5 32.9 0.245002 0.251314 40.6725 0.301828 0.311786 9.92106
35007278 0 0.01 4.5 32.9 0.328773 0.290657 2.87328 0.0297472 0.0249839 9.92106
35007596 0 0.01 4.5 32.9 0.031104 0.22148 2.06613 0.000540368 0.012426 9.92106
35008538 0 0.01 4.50001 32.9 -0.13532 0.370774 21.5946 -0.0897669 0.24516 9.92106
35010012 0 0.01 4.50011 32.9 0.2448 -0.0350575 34.1896 0.252981 -0.0324737 9.92106
35010765 0 0.01 4.5 32.9 0.0269843 0.0800424 8.01662 0.00654705 0.018937 9.92106
35012661 0 0.01 4.49999 32.9 -0.443842 0.395354 53.1016 -0.715834 0.635888 9.92106
10003193 0 0.01 4.49995 32.9 0.017252 -0.0829641 30.5561 0.0135946 -0.0772023 9.88551
10006458 0 0.01 4.49997 32.9 0.363308 0.0478057 45.2683 0.498643 0.0641668 9.88551
10006503 0 0.01 4.5 32.9 -0.21578 -0.161997 3.03936 -0.0198548 -0.0151218 9.88551
10009211 0 0.01 4.5 32.9 -0.106898 -0.157173 17.1928 -0.0566108 -0.0806657 9.88551
10010108 0 0.01 4.5 32.9 -0.322868 -0.0843804 5.89488 -0.0607958 -0.0123562 9.88551
10010346 0 0.01 4.5 32.9 -0.331108 -0.240215 1.41975 -0.0164676 -0.0122618 9.88551
10010597 0 0.01 4.49998 32.9 0.106844 0.365542 51.3375 0.166793 0.571259 9.88551
10010773 0 0.01 4.5 32.9 0.28221 -0.249209 15.1665 0.128004 -0.11235 9.88551
10011163 0 0.01 4.5 32.9 0.307235 -0.099348 3.85247 0.0365095 -0.0123238 9.88551
10011253 0 0.01 4.49998 32.9 0.314966 0.268211 45.2839 0.432771 0.372059 9.88551
10012485 0 0.01 4.5 32.9 0.475892 -0.26667 13.5831 0.194784 -0.109595 9.88551
10013768 0 0.01 4.5 32.9 0.176619 -0.300371 3.52937 0.0207164 -0.0296043 9.88551
10015751 0 0.01 4.5 32.9 -0.133443 0.285395 3.48037 -0.0144455 0.0308206 9.88551
10019234 0 0.01 4.5 32.9 -0.128587 0.262547 3.57833 -0.0135017 0.025427 9.88551
876 0 0.01 4.50001 32.9 0.218583 -0.0545911 44.4427 0.294952 -0.0749046 9.888
4154 0 0.01 4.50022 32.9 0.44782 -0.196663 29.3238 0.395606 -0.174967 9.888
4396 0 0.01 4.50001 32.9 -0.183473 -0.416605 30.975 -0.171243 -0.390892 9.888
4587 0 0.01 4.5 32.9 -0.456785 -0.035482 3.80848 -0.0519987 -0.00631497 9.888
4715 0 0.01 4.5 32.9 -0.361819 -0.264743 19.8194 -0.217806 -0.157912 9.888
6339 0 0.01 4.5 32.9 -0.398293 -0.209854 40.2704 -0.486915 -0.25569 9.888
10186 0 0.01 4.49999 32.9 -0.411873 0.32727 29.6328 -0.370175 0.294787 9.888
10199 0 0.01 4.50002 32.9 0.175857 -0.25619 39.9833 0.215117 -0.309345 9.888
15314 0 0.01 4.50002 32.9 -0.352225 -0.0962869 44.347 -0.473912 -0.129238 9.888
17491 0 0.01 4.5 32.9 -0.420968 -0.109826 6.38261 -0.0804464 -0.0201995 9.888
18129 0 0.01 4.5 32.9 0.425867 -0.0607596 43.2505 0.560708 -0.0794657 9.888
98002247 0 0.01 4.5 32.9 -0.0952161 -0.434795 5.75865 -0.0165878 -0.0734999 9.88019
98005261 0 0.01 4.50022 32.9 -0.192199 0.423976 21.2426 -0.122129 0.277272 9.88019
98007022 0 0.01 4.5 32.9 0.414529 0.255328 25.677 0.32296 0.200059 9.88019
98008540 0 0.01 4.50003 32.9 -0.0214455 0.0141105 39.721 -0.0265676 0.0188537 9.88019
98012878 0 0.01 4.50043 32.9 -0.214103 0.275773 18.381 -0.118503 0.155571 9.88019
70000969 0 0.01 4.49999 32.9 -0.342534 0.117477 11.8098 -0.124508 0.0438868 9.90294
70001108 0 0.01 4.5 32.9 -0.141716 0.102824 18.6833 -0.0800848 0.0616211 9.90294
70006675 0 0.01 4.5 32.9 0.47701 -0.0474487 2.5758 0.0347218 -0.00477134 9.90294
70008194 0 0.01 4.5 32.9 0.104771 0.216502 10.5149 0.0358805 0.0694637 9.90294
70010301 0 0.01 4.49999 32.9 -0.224208 -0.39139 41.7615 -0.286454 -0.497417 9.90294
70010661 0 0.01 4.5 32.9 -0.0344208 -0.469239 4.42395 -0.00314307 -0.0624406 9.90294
70013882 0 0.01 4.49999 32.9 0.121392 0.328728 3.93794 0.0165445 0.0415151 9.90294
70015041 0 0.01 4.49999 32.9 0.45317 -0.245688 27.3229 0.378714 -0.204684 9.90294
18010564 0 0.01 4.5 32.9 0.0355775 0.416723 25.3916 0.0262226 0.320482 9.91066
18011248 0 0.01 4.5 32.9 0.100497 0.295965 5.88659 0.0174045 0.0530283 9.91066
18016376 0 0.01 4.5 32.9 0.409779 0.114337 4.99721 0.0646519 0.0151498 9.91066
18016745 0 0.01 4.5 32.9 0.392005 0.219477 3.27934 0.0378932 0.0237219 9.91066
18017216 0 0.01 4.5 32.9 0.205761 0.353223 6.70747 0.0437757 0.0716283 9.91066
6000301 0 0.01 4.5 32.9 0.217404 0.249637 7.52057 0.0540575 0.0591593 9.90641
6005389 0 0.01 4.5 32.9 -0.417933 0.249454 51.7158 -0.657385 0.389841 9.90641
6006380 0 0.01 4.5 32.9 -0.313782 0.408009 17.7286 -0.170447 0.21845 9.90641
6006506 0 0.01 4.49998 32.9 0.116447 0.0416303 43.5919 0.153946 0.0541679 9.90641
6008449 0 0.01 4.49997 32.9 -0.231603 -0.256286 38.1966 -0.267052 -0.295904 9.90641
6008592 0 0.01 4.49984 32.9 -0.261932 -0.0681044 33.8966 -0.269429 -0.0685534 9.90641
6008681 0 0.01 4.50001 32.9 -0.454766 0.471629 27.6224 -0.381982 0.394661 9.90641
6011169 0 0.01 4.5 32.9 -0.491736 0.0664967 26.7003 -0.398928 0.0566193 9.90641
6012884 0 0.01 4.5 32.9 -0.355591 0.099268 1.16204 -0.00567849 0.00428968 9.90641
6015043 0 0.01 4.50001 32.9 -0.465808 0.0612486 37.3039 -0.52869 0.0701271 9.90641
6015649 0 0.01 4.5 32.9 -0.00215183 -0.227202 38.4154 -0.00266451 -0.26541 9.90641
6016139 0 0.01 4.5 32.9 -0.123276 -0.204088 9.69238 -0.0375972 -0.0578417 9.90641
137087 0 0.01 4.5 32.9 -0.164092 0.300455 6.03619 -0.029235 0.0558106 9.88829
137732 0 0.01 4.5 32.9 -0.417818 0.157962 11.5198 -0.143716 0.0562757 9.88829
138674 0 0.01 4.5 32.9 -0.147358 0.341281 5.72008 -0.0256657 0.060159 9.88829
141440 0 0.01 4.5 32.9 -0.102099 0.00586294 40.0688 -0.124036 0.00822078 9.88829
141880 0 0.01 4.49957 32.9 -0.24363 -0.308387 17.2214 -0.128002 -0.159764 9.88829
142121 0 0.01 4.5 32.9 -0.437698 -0.420594 7.09246 -0.0933073 -0.0880556 9.88829
143949 0 0.01 4.5 32.9 -0.143796 0.0367997 4.7457 -0.0207771 0.00609487 9.88829
93001686 0 0.01 4.5 32.9 -0.29777 0.142825 1.01018 -0.00382278 -0.00776264 9.91061
93002133 0 0.01 4.49999 32.9 -0.152784 -0.423697 44.2126 -0.206403 -0.568857 9.91061
93006173 0 0.01 4.5 32.9 -0.304102 -0.198931 0.928426 -0.0110331 -0.00552722 9.91061
93007687 0 0.01 4.5 32.9 0.206818 -0.11583 4.06143 0.0271091 -0.0173831 9.91061
93007884 0 0.01 4.5 32.9 0.499603 -0.436829 10.4801 0.158487 -0.137445 9.91061
93012112 0 0.01 4.5 32.9 0.250675 0.23249 6.19434 0.0468905 0.0472952 9.91061
93019661 0 0.01 4.50003 32.9 -0.135028 0.0877463 8.71547 -0.0392294 0.0252363 9.91061
88005423 0 0.01 4.5 32.9 -0.121974 -0.030578 5.375 -0.0205495 -0.00461075 9.88751
88005727 0 0.01 4.50005 32.9 0.093431 -0.264749 13.5052 0.0375252 -0.10738 9.88751
88006092 0 0.01 4.50022 32.9 -0.0149413 0.301885 29.3983 -0.0140182 0.270378 9.88751
88006725 0 0.01 4.5 32.9 0.258538 0.15589 1.73885 0.0149862 0.0131309 9.88751
88007706 0 0.01 4.5 32.9 -0.220373 -0.0161776 7.50068 -0.0513455 -0.00144333 9.88751
88009470 0 0.01 4.5 32.9 0.274945 -0.190525 3.18319 0.0267655 -0.0191117 9.88751
88010977 0 0.01 4.5 32.9 0.486876 -0.414168 14.8477 0.220384 -0.18616 9.88751
88013195 0 0.01 4.5 32.9 0.0777373 -0.396315 5.44999 0.0157412 -0.0662475 9.88751
88013917 0 0.01 4.5 32.9 0.107976 0.275279 5.63186 0.0200305 0.0488865 9.88751
88016541 0 0.01 4.49957 32.9 -0.430862 0.333761 14.7452 -0.191401 0.148784 9.88751
91000977 0 0.01 4.49997 32.9 0.0298737 -0.149711 46.9315 0.0435006 -0.214018 9.88479
91001275 0 0.01 4.49989 32.9 -0.327308 -0.104067 20.9538 -0.206564 -0.0642313 9.88479
91002791 0 0.01 4.5 32.9 0.0368574 -0.415442 3.11183 0.002637 -0.0378825 9.88479
91002979 0 0.01 4.5 32.9 0.409463 -0.442977 3.71773 0.0426288 -0.0465623 9.88479
91005684 0 0.01 4.49998 32.9 -0.0395331 0.181282 45.2958 -0.052454 0.250048 9.88479
91007648 0 0.01 4.5 32.9 -0.293041 -0.181383 3.49079 -0.0311314 -0.0194784 9.88479
91008330 0 0.01 4.50001 32.9 -0.133932 0.38751 6.77328 -0.0265244 0.0801771 9.88479
91008375 0 0.01 4.5 32.9 -0.282631 0.497547 39.2432 -0.336089 0.59358 9.88479
91015088 0 0.01 4.50004 32.9 -0.189864 0.0671018 43.8096 -0.251816 0.0906527 9.88479
91018417 0 0.01 4.5 32.9 -0.396815 -0.0440344 10.093 -0.118939 -0.0149904 9.88479
91018922 0 0.01 4.5 32.9 0.0537933 0.383173 5.00381 0.0092315 0.0595609 9.88479
91019392 0 0.01 4.5 32.9 -0.0352803 0.00681632 7.54705 -0.00727875 0.00161556 9.88479
86000174 0 0.01 4.49995 32.9 -0.247402 0.483699 35.932 -0.274963 0.528019 9.89024
86001094 0 0.01 4.5 32.9 -0.494009 0.227554 16.4179 -0.24732 0.115448 9.89024
86003798 0 0.01 4.50005 32.9 0.351614 -0.252566 41.2252 0.439901 -0.314834 9.89024
86004585 0 0.01 4.49998 32.9 -0.0488524 0.0437874 42.6109 -0.0645481 0.0590031 9.89024
86006124 0 0.01 4.50001 32.9 0.0681769 0.499171 9.87901 0.0204854 0.150819 9.89024
86009057 0 0.01 4.5 32.9 -0.323811 -0.415307 2.06932 -0.0231509 -0.0227739 9.89024
86013201 0 0.01 4.5 32.9 0.33746 0.04833 4.6055 0.0440898 0.00555902 9.89024
86013787 0 0.01 4.5 32.9 -0.432154 0.261482 3.84951 -0.0543556 0.0309412 9.89024
86016412 0 0.01 4.49999 32.9 -0.0573218 0.134477 44.0404 -0.0771021 0.183484 9.89024
86019513 0 0.01 4.5 32.9 0.15232 0.101296 4.26378 0.0192988 0.011671 9.89024
86019718 0 0.01 4.5 32.9 -0.44229 -0.448817 5.0097 -0.06619 -0.0667061 9.89024
34000195 0 0.01 4.5 32.9 -0.385076 0.426462 42.3387 -0.495323 0.549903 9.89739
34002289 0 0.01 4.5 32.9 0.24714 -0.332422 1.53829 0.0103804 -0.023476 9.89739
34003784 0 0.01 4.50011 32.9 -0.030237 0.381101 25.2314 -0.0242842 0.291937 9.89739
34003987 0 0.01 4.5 32.9 0.026709 -0.323377 2.09066 0.000762477 -0.0171626 9.89739
34005059 0 0.01 4.49999 32.9 -0.307393 -0.441748 42.0729 -0.394871 -0.564996 9.89739
34005159 0 0.01 4.5 32.9 0.320342 -0.224446 1.05144 0.0202291 -0.00404193 9.89739
34005452 0 0.01 4.5 32.9 0.367093 0.0236689 4.36896 0.0505569 0.00145466 9.89739
34008548 0 0.01 4.5 32.9 -0.0628451 0.45862 9.97986 -0.0174024 0.14185 9.89739
34008588 0 0.01 4.5 32.9 0.0910284 0.32022 5.16803 0.0137754 0.0508031 9.89739
34011970 0 0.01 4.5 32.9 0.47144 -0.30247 14.1414 0.201012 -0.128477 9.89739
34012342 0 0.01 4.5 32.9 0.200251 0.443937 31.7512 0.192198 0.427815 9.89739
33001532 0 0.01 4.5 32.9 -0.437348 0.0897268 2.0559 -0.0313122 0.00491679 9.85856
33001849 0 0.01 4.5 32.9 -0.203689 -0.0913864 3.60715 -0.0245323 -0.00970289 9.85856
33008171 0 0.01 4.5 32.9 -0.157963 -0.0185729 3.43674 -0.0163785 -0.000279591 9.85856
33009799 0 0.01 4.5 32.9 0.16253 -0.274 3.13728 0.0151079 -0.0297642 9.85856
33010558 0 0.01 4.5 32.9 0.425042 0.42799 3.54998 0.0432504 0.0485219 9.85856
33011551 0 0.01 4.50005 32.9 0.266157 0.0585476 35.5051 0.283937 0.0637699 9.85856
33013472 0 0.01 4.49999 32.9 -0.407117 0.352975 31.3892 -0.386973 0.33695 9.85856
33016030 0 0.01 4.5 32.9 -0.203748 0.383288 3.32035 -0.0209264 0.0372997 9.85856
33016491 0 0.01 4.50005 32.9 -0.434999 0.279478 39.054 -0.51457 0.330029 9.85856
32000561 0 0.01 4.5 32.9 -0.211294 -0.0389846 3.23195 -0.0193388 -0.00176981 9.87718
32007902 0 0.01 4.5 32.9 0.0704088 0.261546 84.7203 0.181383 0.674399 9.87718
32008875 0 0.01 4.49995 32.9 -0.212432 -0.0577158 43.3949 -0.279518 -0.0767093 9.87718
32010297 0 0.01 4.5 32.9 0.496106 0.130186 33.576 0.508531 0.130257 9.87718
32011839 0 0.01 4.5 32.9 -0.222076 -0.214561 8.29545 -0.0558796 -0.0536351 9.87718
32011931 0 0.01 4.50087 32.9 0.0243181 0.303562 21.2635 0.0177726 0.194576 9.87718
32013410 0 0.01 4.5 32.9 0.181978 -0.485184 3.48036 0.0205564 -0.0513221 9.87718
32014410 0 0.01 4.50005 32.9 0.359809 -0.48001 31.2604 0.34226 -0.456195 9.87718
32015202 0 0.01 4.5 32.9 -0.3198 -0.098156 29.3378 -0.28686 -0.0869008 9.87718
32015689 0 0.01 4.5 32.9 -0.196822 -0.245637 13.1693 -0.079326 -0.099191 9.87718
32017588 0 0.01 4.5 32.9 -0.384047 0.0991951 26.4697 -0.308963 0.0794286 9.87718
32019365 0 0.01 4.50011 32.9 0.296761 -0.278792 25.1473 0.227068 -0.21418 9.87718
1004169 0 0.01 4.5 32.9 -0.0200264 0.318816 3.26985 -0.00279583 0.0302828 9.92976
1005537 0 0.01 4.5 32.9 0.482484 -0.344844 5.56998 0.0823029 -0.0581764 9.92976
1008475 0 0.01 4.50001 32.9 0.195252 0.254299 48.1211 0.284859 0.373066 9.92976
1010926 0 0.01 4.5 32.9 0.201658 0.0608942 8.20689 0.0483105 0.0158199 9.92976
1013037 0 0.01 4.49999 32.9 -0.445318 0.273417 42.6389 -0.576731 0.355482 9.92976
1014741 0 0.01 4.50003 32.9 -0.343069 0.446921 28.1879 -0.292229 0.383086 9.92976
1015470 0 0.01 4.50174 32.9 -0.0944283 0.317973 13.0661 -0.0383697 0.128714 9.92976
1015851 0 0.01 4.5 32.9 -0.0401846 0.234675 1.9248 -0.00250367 0.0146514 9.92976
1016872 0 0.01 4.5 32.9 0.0522057 -0.0857502 3.12432 0.0077496 -0.00792385 9.92976
1016991 0 0.01 4.5 32.9 -0.446994 -0.160264 62.2284 -0.844118 -0.302989 9.92976
36000115 0 0.01 4.5 32.9 0.365097 0.496722 5.38247 0.0625334 0.081221 9.91241
36000217 0 0.01 4.5 32.9 0.020293 -0.344034 12.1476 0.00702461 -0.127137 9.91241
36002289 0 0.01 4.5 32.9 0.0212208 0.319468 5.79661 0.00459456 0.0570877 9.91241
36003088 0 0.01 4.5 32.9 0.17216 -0.226873 9.81747 0.0492838 -0.0696893 9.91241
36005655 0 0.01 4.5 32.9 0.287192 0.156767 5.40869 0.0477964 0.0262375 9.91241
36007284 0 0.01 4.5 32.9 0.242604 0.188388 14.2684 0.107165 0.081177 9.91241
36008532 0 0.01 4.5 32.9 -0.467219 0.0480284 26.6882 -0.378766 0.0382743 9.91241
36009206 0 0.01 4.49999 32.9 -0.16865 0.0272637 45.1297 -0.230033 0.0362512 9.91241
36012934 0 0.01 4.5 32.9 0.0929979 0.0287741 6.99145 0.0209178 0.00610592 9.91241
36014766 0 0.01 4.5 32.9 -0.282878 0.11384 26.7751 -0.229883 0.0924021 9.91241
36016737 0 0.01 4.5 32.9 0.472848 -0.480131 13.3606 0.191128 -0.194543 9.91241
36017397 0 0.01 4.5 32.9 -0.488684 -0.389021 1.72716 -0.022646 -0.0259968 9.91241
36017614 0 0.01 4.49978 32.9 0.103635 0.346845 22.72 0.0711266 0.241243 9.91241
36017755 0 0.01 4.49995 32.9 -0.0644779 -0.187623 2.72271 -0.00689589 -0.0176535 9.91241
29001878 0 0.01 4.5 32.9 -0.179962 -0.0256128 4.53439 -0.0231567 -0.00359189 9.91009
29002351 0 0.01 4.5 32.9 -0.396809 0.385148 7.84159 -0.0941777 0.0930618 9.91009
29002472 0 0.01 4.5 32.9 0.443493 0.236871 3.56914 0.0495977 0.0238669 9.91009
29002594 0 0.01 4.5 32.9 0.122294 0.107419 3.64941 0.0143849 0.012565 9.91009
29004272 0 0.01 4.49997 32.9 0.267928 0.188422 38.9215 0.317368 0.224285 9.91009
29005025 0 0.01 4.5 32.9 -0.489103 -0.4176 3.4161 -0.0507605 -0.0386269 9.91009
29006684 0 0.01 4.5 32.9 -0.113505 0.0970431 24.4679 -0.0837476 0.0755268 9.91009
29007487 0 0.01 4.5 32.9 -0.354683 -0.452493 7.82353 -0.0824855 -0.107869 9.91009
29007594 0 0.01 4.5 32.9 0.427163 -0.0746796 6.67102 0.0868784 -0.0159686 9.91009
29009960 0 0.01 4.49995 32.9 0.0925348 -0.0230677 36.1611 0.101837 -0.0222179 9.91009
29013440 0 0.01 4.5 32.9 -0.277163 0.381018 3.68934 -0.0298106 0.0445101 9.91009
29016388 0 0.01 4.50005 32.9 0.0799871 0.194766 35.5543 0.0862895 0.211784 9.91009
21000164 0 0.01 4.5 32.9 -0.132304 -0.324198 34.5202 -0.136724 -0.338999 9.89033
21002306 0 0.01 4.5 32.9 0.192913 -0.243897 2.07477 0.0151945 -0.0153761 9.89033
21007512 0 0.01 4.5 32.9 -0.196821 -0.132351 4.14825 -0.0250838 -0.0147243 9.89033
21012536 0 0.01 4.5 32.9 -0.0242487 0.0417279 9.68192 -0.0065065 0.0101721 9.89033
21014325 0 0.01 4.5 32.9 0.124776 -0.341464 2.8447 0.0116893 -0.0260988 9.89033
21014833 0 0.01 4.5 32.9 0.0035245 -0.379688 6.27497 0.00126437 -0.0700738 9.89033
21018887 0 0.01 4.49997 32.9 0.378551 -0.211259 6.64925 0.0768169 -0.041028 9.89033
21018938 0 0.01 4.5 32.9 -0.111237 0.0493953 6.7651 -0.0230017 0.0117753 9.89033
21019517 0 0.01 4.5 32.9 0.384471 0.106171 7.18618 0.0845017 0.023187 9.89033
30000050 0 0.01 4.50003 32.9 0.141982 0.204567 15.1765 0.0648526 0.0964811 9.85944
30005325 0 0.01 4.5 32.9 -0.328012 -0.268422 3.87976 -0.040951 -0.0310227 9.85944
30010141 0 0.01 4.49997 32.9 0.371712 0.100456 43.7804 0.497402 0.13242 9.85944
30011720 0 0.01 4.5 32.9 -0.0319998 0.0832324 5.63461 -0.00398743 0.0181269 9.85944
30013748 0 0.01 4.5 32.9 -0.0304562 -0.368296 22.1821 -0.0190324 -0.246973 9.85944
30014241 0 0.01 4.5 32.9 -0.285143 0.268647 53.0186 -0.45833 0.434006 9.85944
30014563 0 0.01 4.5 32.9 -0.0877612 -0.374249 10.9239 -0.0294158 -0.122462 9.85944
30015063 0 0.01 4.5 32.9 -0.154521 0.1785 3.00016 -0.013923 0.0166013 9.85944
30015485 0 0.01 4.5 32.9 -0.340991 -0.471863 8.76879 -0.0913396 -0.123211 9.85944
30015533 0 0.01 4.50005 32.9 -0.473389 0.315969 34.0469 -0.492971 0.328551 9.85944
30016739 0 0.01 4.49989 32.9 -0.339594 0.228987 35.4869 -0.366918 0.248731 9.85944
31001017 0 0.01 4.50001 32.9 0.483778 -0.345423 43.7731 0.643014 -0.459302 9.90856
31001812 0 0.01 4.5 32.9 -0.11869 0.0727428 2.55649 -0.00793986 0.00556542 9.90856
31002628 0 0.01 4.5 32.9 0.0314611 0.400411 4.85553 0.00470881 0.0560539 9.90856
31007146 0 0.01 4.50003 32.9 -0.131641 0.107385 36.5733 -0.148354 0.120197 9.90856
31008960 0 0.01 4.5 32.9 -0.239767 -0.453553 44.9608 -0.325846 -0.620986 9.90856
31009253 0 0.01 4.5 32.9 0.214428 -0.482008 9.64361 0.0637674 -0.140713 9.90856
31009343 0 0.01 4.5 32.9 -0.231501 0.218481 48.2538 -0.337427 0.32127 9.90856
31009742 0 0.01 4.50016 32.9 -0.166962 0.2078 27.8181 -0.139481 0.176184 9.90856
31011055 0 0.01 4.5 32.9 -0.212681 0.022185 4.00146 -0.0244389 0.00306829 9.90856
31013804 0 0.01 4.5 32.9 -0.0203986 -0.150291 4.95728 -0.00364896 -0.0244047 9.90856
31014401 0 0.01 4.5 32.9 0.123099 0.110487 4.53881 0.0170958 0.0143212 9.90856
31015322 0 0.01 4.5 32.9 0.365487 0.124882 1.5412 0.0232671 0.00320666 9.90856
31016009 0 0.01 4.5 32.9 0.321181 -0.374236 8.69038 0.0852245 -0.0966586 9.90856
31019052 0 0.01 4.5 32.9 0.257765 -0.240115 8.41185 0.0666518 -0.0596161 9.90856
23000271 0 0.01 4.50001 32.9 0.210756 0.108165 14.5404 0.0965716 0.0486206 9.90296
23001829 0 0.01 4.5 32.9 -0.239989 -0.05816 3.68362 -0.0276605 -0.00780745 9.90296
23003970 0 0.01 4.5 32.9 -0.099029 0.480052 9.26963 -0.0278529 0.133138 9.90296
23007468 0 0.01 4.5 32.9 0.20216 0.028837 6.87739 0.0428238 0.00455258 9.90296
23007922 0 0.01 4.5 32.9 -0.0877628 0.0264756 6.67946 -0.0210337 0.00592791 9.90296
23010167 0 0.01 4.5 32.9 -0.45608 -0.162148 3.16861 -0.044475 -0.0112491 9.90296
23010323 0 0.01 4.5 32.9 0.150062 -0.24695 27.2741 0.125777 -0.204107 9.90296
23014491 0 0.01 4.5 32.9 0.184175 0.289037 44.948 0.252585 0.39548 9.90296
23018333 0 0.01 4.5 32.9 0.0352849 -0.316631 2.40134 0.0020935 -0.0158806 9.90296
28006340 0 0.01 4.5 32.9 0.439913 0.0551177 7.24388 0.0971716 0.0116668 9.8913
28006752 0 0.01 4.50001 32.9 -0.124361 -0.0633385 1.67794 -0.00664503 -0.0011533 9.8913
28008539 0 0.01 4.5 32.9 0.18321 -0.149292 23.4303 0.129243 -0.103659 9.8913
28012420 0 0.01 4.50174 32.9 0.498986 -0.0201718 8.82391 0.133345 -0.00694548 9.8913
28015372 0 0.01 4.50001 32.9 -0.262017 -0.031818 21.9024 -0.174589 -0.0210116 9.8913
28018256 0 0.01 4.49999 32.9 0.378321 -0.474271 6.75979 0.0780236 -0.0945187 9.8913
27003048 0 0.01 4.50003 32.9 0.378199 -0.0237282 5.03917 0.0560577 -0.00325047 9.87838
27004445 0 0.01 4.49996 32.9 -0.305798 -0.209941 45.7936 -0.426597 -0.291436 9.87838
27006562 0 0.01 4.50001 32.9 0.396283 0.455976 34.2195 0.410361 0.475203 9.87838
27008077 0 0.01 4.5 32.9 0.146839 -0.260626 7.32134 0.0333115 -0.0575601 9.87838
27012179 0 0.01 4.49999 32.9 0.175679 0.449176 42.1812 0.225133 0.578106 9.87838
27017758 0 0.01 4.5 32.9 -0.495106 0.0231201 1.98664 -0.0295564 -0.00081277 9.87838
27018836 0 0.01 4.50011 32.9 -0.00613499 -0.0387517 35.7926 -0.00803291 -0.0425314 9.87838
27019036 0 0.01 4.5 32.9 -0.457728 0.468973 4.98339 -0.0713053 0.069894 9.87838
27019367 0 0.01 4.50022 32.9 -0.264204 0.440464 25.1013 -0.201319 0.335793 9.87838
26003898 0 0.01 4.50001 32.9 0.141176 0.098888 2.82396 0.00579301 0.00979914 9.86648
26003940 0 0.01 4.5 32.9 -0.0573632 0.10616 1.58872 -0.00137851 0.00476708 9.86648
26005032 0 0.01 4.5 32.9 -0.47861 0.28688 6.29892 -0.0914131 0.0543148 9.86648
26006508 0 0.01 4.49997 32.9 -0.389046 0.0163406 44.8337 -0.528366 0.0243715 9.86648
26007139 0 0.01 4.5 32.9 0.47219 -0.226446 40.1436 0.575533 -0.273679 9.86648
26015992 0 0.01 4.5 32.9 -0.191492 -0.00476997 4.78814 -0.0239845 -0.00157128 9.86648
26019563 0 0.01 4.49999 32.9 0.108916 0.0398746 46.4037 0.154066 0.0537964 9.86648
24001935 0 0.01 4.5 32.9 0.128318 0.204617 3.69254 0.0142566 0.0215627 9.92784
24003179 0 0.01 4.5 32.9 0.116808 0.103188 13.0576 0.0470054 0.0416925 9.92784
24003917 0 0.01 4.5 32.9 0.292302 0.402185 1.69079 0.0150062 0.0258314 9.92784
24006491 0 0.01 4.5 32.9 0.0316583 0.138672 33.2274 0.0300424 0.141808 9.92784
24012382 0 0.01 4.50003 32.9 0.483516 0.305028 42.8158 0.63092 0.398409 9.92784
24012991 0 0.01 4.5 32.9 -0.0821608 0.399943 34.9417 -0.0872928 0.425834 9.92784
24018031 0 0.01 4.50001 32.9 -0.358748 0.477791 45.0146 -0.490299 0.654621 9.92784
24019410 0 0.01 4.5 32.9 0.454849 0.464875 73.3698 1.01359 1.03682 9.92784
22004328 0 0.01 4.50003 32.9 -0.342993 -0.202249 32.6511 -0.339619 -0.199055 9.90699
22005053 0 0.01 4.5 32.9 0.408678 0.300426 4.70622 0.055112 0.0445788 9.90699
22005583 0 0.01 4.50002 32.9 -0.159588 0.00387945 45.0838 -0.217544 0.0037593 9.90699
22005910 0 0.01 4.5 32.9 -0.104378 0.201272 3.16131 -0.00741977 0.0218469 9.90699
22006221 0 0.01 4.5 32.9 0.418552 -0.458274 12.4199 0.155637 -0.171095 9.90699
22008558 0 0.01 4.5 32.9 -0.481067 -0.332765 34.9261 -0.509581 -0.35319 9.90699
22010145 0 0.01 4.50001 32.9 0.147515 0.366076 9.34778 0.0415549 0.10608 9.90699
22010744 0 0.01 4.5 32.9 0.369032 -0.336729 46.2259 0.516943 -0.471989 9.90699
22013887 0 0.01 4.5 32.9 -0.0333123 0.338465 7.85303 -0.00677558 0.0796825 9.90699
22014280 0 0.01 4.49999 32.9 0.240758 0.0485666 7.28821 0.0525972 0.0122203 9.90699
22015501 0 0.01 4.5 32.9 -0.285616 -0.198031 3.64403 -0.028712 -0.0204533 9.90699
9000038 0 0.01 4.49978 32.9 -0.448714 -0.243637 22.1601 -0.300952 -0.165168 9.90828
9001187 0 0.01 4.5 32.9 -0.407775 0.271757 1.03462 -0.0117473 0.00796518 9.90828
9001764 0 0.01 4.50003 32.9 0.160665 -0.333614 9.72846 0.0479829 -0.0982833 9.90828
9001837 0 0.01 4.5 32.9 0.448668 0.405762 2.99586 0.0370588 0.0347825 9.90828
9005030 0 0.01 4.5 32.9 0.468054 0.359103 5.30329 0.0764194 0.0570346 9.90828
9005325 0 0.01 4.5 32.9 -0.104136 0.197721 4.13953 -0.0122051 0.0262172 9.90828
9008881 0 0.01 4.5 32.9 -0.197636 -0.179305 5.9861 -0.035183 -0.0313182 9.90828
9008947 0 0.01 4.5 32.9 -0.466005 0.481994 19.1035 -0.270613 0.280353 9.90828
9011393 0 0.01 4.5 32.9 -0.417347 -0.175156 3.66514 -0.0441395 -0.0166461 9.90828
9011785 0 0.01 4.50001 32.9 0.0914764 -0.0941786 45.7652 0.127814 -0.128815 9.90828
9014933 0 0.01 4.5 32.9 -0.269497 0.0700267 11.7967 -0.0950521 0.0242819 9.90828
9016294 0 0.01 4.5 32.9 -0.0574396 0.369333 5.33198 -0.00855034 0.0587844 9.90828
97002484 0 0.01 4.5 32.9 0.0978602 -0.0237745 41.4214 0.122648 -0.0271599 9.90749
97003767 0 0.01 4.5 32.9 0.0795813 -0.476555 34.485 0.0822755 -0.49642 9.90749
97007026 0 0.01 4.5 32.9 -0.423865 0.111465 3.80911 -0.0502233 0.01255 9.90749
97007305 0 0.01 4.49998 32.9 0.0883053 -0.0278063 44.6098 0.118759 -0.035882 9.90749
97008696 0 0.01 4.5 32.9 -0.00605564 0.357489 5.4114 -0.00191699 0.061509 9.90749
97010680 0 0.01 4.5 32.9 0.339711 -0.0720095 1.26321 0.0144782 -0.00745652 9.90749
97011847 0 0.01 4.5 32.9 0.0471027 0.448812 2.5582 0.00432936 0.0327694 9.90749
97012643 0 0.01 4.5 32.9 -0.44028 0.0187119 8.97091 -0.121161 0.006268 9.90749
97012725 0 0.01 4.5 32.9 0.475453 -0.355806 1.15329 0.0157396 -0.0062824 9.90749
97013069 0 0.01 4.5 32.9 0.351971 -0.195976 44.5553 0.474854 -0.265277 9.90749
97014610 0 0.01 4.5 32.9 -0.112389 -0.021067 1.45246 -0.00677208 8.71705e-05 9.90749
97016483 0 0.01 4.49997 32.9 0.247601 -0.31385 45.8995 0.346968 -0.437802 9.90749
97016834 0 0.01 4.5 32.9 0.219766 0.114209 4.30401 0.0299876 0.0123343 9.90749
96000135 0 0.01 4.5 32.9 0.193902 0.322811 7.82902 0.043285 0.0776632 9.90213
96000564 0 0.01 4.5 32.9 -0.471242 -0.105774 4.31059 -0.0640045 -0.0125781 9.90213
96001599 0 0.01 4.5 32.9 -0.164941 -0.331563 33.3616 -0.167612 -0.337457 9.90213
96004327 0 0.01 4.49995 32.9 0.362997 0.00622898 30.7349 0.337556 0.00374544 9.90213
96006805 0 0.01 4.5 32.9 0.484904 0.221277 3.8508 0.0521968 0.0256511 9.90213
96008904 0 0.01 4.5 32.9 0.41514 -0.246429 33.1127 0.418442 -0.249512 9.90213
96011692 0 0.01 4.5 32.9 -0.387774 0.327091 28.2855 -0.335141 0.283715 9.90213
96012362 0 0.01 4.5 32.9 0.225978 0.207189 6.29124 0.0430619 0.0401823 9.90213
96013373 0 0.01 4.5 32.9 0.478656 0.488819 37.8867 0.551226 0.563352 9.90213
96015855 0 0.01 4.5 32.9 -0.341386 0.0393577 39.2351 -0.40762 0.0485598 9.90213
96018918 0 0.01 4.5 32.9 0.199481 -0.363276 19.8962 0.11933 -0.21878 9.90213
17002241 0 0.01 4.50005 32.9 -0.481165 -0.176328 10.6476 -0.155232 -0.0571936 9.92883
17003109 0 0.01 4.5 32.9 -0.14055 0.480607 3.84354 -0.0180103 0.0570567 9.92883
17003396 0 0.01 4.5 32.9 -0.0559991 0.23837 1.68406 0.00171388 0.00801717 9.92883
17004038 0 0.01 4.50001 32.9 -0.322297 -0.0183649 5.44315 -0.0561119 -0.00156036 9.92883
17004588 0 0.01 4.5 32.9 -0.225028 -0.482577 9.99394 -0.0671399 -0.146827 9.92883
17004878 0 0.01 4.49995 32.9 0.204149 -0.181377 27.6589 0.173188 -0.149463 9.92883
17006961 0 0.01 4.5 32.9 0.128389 0.274845 5.06602 0.0197824 0.0445327 9.92883
17008873 0 0.01 4.49999 32.9 0.372066 -0.0758777 43.5176 0.492105 -0.100316 9.92883
17009814 0 0.01 4.50001 32.9 0.335053 -0.256144 28.337 0.286946 -0.218627 9.92883
17010788 0 0.01 4.5 32.9 0.0586074 -0.18973 51.899 0.0901889 -0.299492 9.92883
17011305 0 0.01 4.5 32.9 0.311051 -0.313298 26.9278 0.255379 -0.256378 9.92883
17013749 0 0.01 4.5 32.9 -0.33555 0.224498 14.9055 -0.149914 0.102494 9.92883
17015239 0 0.01 4.5 32.9 0.325929 0.193 68.7296 0.682095 0.405854 9.92883
17016650 0 0.01 4.5 32.9 0.086962 -0.0507639 7.20165 0.0190206 -0.00967875 9.92883
17016815 0 0.01 4.49995 32.9 -0.0437268 -0.25028 35.4306 -0.0458655 -0.268096 9.92883
17018949 0 0.01 4.5 32.9 -0.166321 -0.415396 3.40413 -0.0185682 -0.0407142 9.92883
15002208 0 0.01 4.5 32.9 0.329063 0.120811 8.01897 0.0796855 0.0315187 9.87362
15002299 0 0.01 4.50005 32.9 -0.207291 0.45796 6.85713 -0.0425323 0.0971192 9.87362
15003529 0 0.01 4.5 32.9 -0.446813 -0.299355 3.75865 -0.0511757 -0.0318632 9.87362
15005976 0 0.01 4.49995 32.9 -0.2929 -0.260685 49.5435 -0.441831 -0.39227 9.87362
15009715 0 0.01 4.5 32.9 -0.407103 0.386307 3.7909 -0.0481237 0.0457262 9.87362
15011692 0 0.01 4.49978 32.9 0.369167 0.325086 20.7892 0.232782 0.20642 9.87362
15016467 0 0.01 4.49989 32.9 0.204061 0.406138 29.2748 0.18306 0.362298 9.87362
15018686 0 0.01 4.5 32.9 0.436398 -0.397228 44.1261 0.584791 -0.531541 9.87362
72000869 0 0.01 4.49999 32.9 0.0250928 -0.400083 21.7391 0.0172187 -0.263564 9.90551
72001406 0 0.01 4.5 32.9 -0.405963 0.21143 6.03158 -0.0759625 0.0381558 9.90551
72003513 0 0.01 4.5 32.9 0.236258 -0.195689 9.30677 0.0669669 -0.0538534 9.90551
72003986 0 0.01 4.50001 32.9 0.204425 -0.317207 10.7432 0.0675225 -0.103514 9.90551
72005596 0 0.01 4.50001 32.9 -0.285339 -0.426761 45.2826 -0.390794 -0.586461 9.90551
72009708 0 0.01 4.5 32.9 0.458191 -0.280314 4.05525 0.0551089 -0.0349983 9.90551
72010865 0 0.01 4.50001 32.9 0.254217 -0.297435 4.90017 0.0368845 -0.0398201 9.90551
72012481 0 0.01 4.50001 32.9 -0.471679 0.148991 40.366 -0.577707 0.185433 9.90551
72013688 0 0.01 4.5 32.9 -0.355766 -0.246674 98.743 -1.06596 -0.739777 9.90551
72014150 0 0.01 4.50002 32.9 0.0462161 -0.0487538 44.9643 0.0612638 -0.064082 9.90551
72015710 0 0.01 4.49995 32.9 -0.0648163 0.0340122 30.9255 -0.0594876 0.0314113 9.90551
72016650 0 0.01 4.5 32.9 0.0595973 -0.379443 9.64282 0.0170625 -0.111188 9.90551
72017136 0 0.01 4.50001 32.9 -0.302616 -0.249857 9.45192 -0.0865729 -0.0718574 9.90551
72017166 0 0.01 4.5 32.9 -0.0650093 0.374023 6.80393 -0.0133687 0.0729055 9.90551
72017287 0 0.01 4.5 32.9 -0.331969 -0.110594 1.96368 -0.0162874 -0.00542352 9.90551
99002574 0 0.01 4.49997 32.9 -0.240583 -0.48062 46.3154 -0.337117 -0.676938 9.91223
99003988 0 0.01 4.5 32.9 0.062027 0.265787 4.4002 0.00981913 0.0386518 9.91223
99007402 0 0.01 4.50001 32.9 -0.199924 -0.394986 44.3345 -0.267138 -0.532291 9.91223
99008059 0 0.01 4.5 32.9 0.142041 -0.428807 3.50798 0.0143986 -0.0462203 9.91223
99008275 0 0.01 4.49999 32.9 0.0771843 0.387995 10.0177 0.0241762 0.118902 9.91223
99009398 0 0.01 4.50003 32.9 0.122573 -0.17395 40.1613 0.148654 -0.211964 9.91223
99012746 0 0.01 4.5 32.9 0.189659 0.172839 4.61527 0.0208084 0.0258823 9.91223
99012816 0 0.01 4.5 32.9 0.192942 0.0303696 6.93475 0.0387531 0.00898887 9.91223
99013797 0 0.01 4.49999 32.9 0.259167 -0.46799 14.0157 0.110354 -0.200629 9.91223
99016938 0 0.01 4.49997 32.9 0.0887618 0.359067 12.2393 0.0315888 0.132554 9.91223
71000077 0 0.01 4.49999 32.9 -0.0904487 0.195148 5.88934 -0.0137974 0.0335809 9.90106
71000130 0 0.01 4.5 32.9 -0.245154 -0.435618 44.3223 -0.329861 -0.585982 9.90106
71001299 0 0.01 4.49957 32.9 0.151777 0.366328 17.8204 0.0814088 0.198896 9.90106
71002031 0 0.01 4.5 32.9 -0.424159 -0.28123 7.27536 -0.0921798 -0.0610306 9.90106
71002706 0 0.01 4.49999 32.9 -0.326746 0.0409194 55.0273 -0.546668 0.0712881 9.90106
71003621 0 0.01 4.5 32.9 0.470466 0.384259 6.85828 0.0990037 0.0803206 9.90106
71005159 0 0.01 4.5 32.9 -0.4247 -0.443778 5.9656 -0.0789821 -0.0789812 9.90106
71005717 0 0.01 4.5 32.9 0.0495327 0.300358 2.7901 0.00563203 0.0241718 9.90106
71007804 0 0.01 4.5 32.9 0.0286678 -0.0390372 3.10209 0.00195712 -0.00413305 9.90106
71008187 0 0.01 4.49999 32.9 0.418939 -0.49336 8.10125 0.10212 -0.120856 9.90106
71009320 0 0.01 4.5 32.9 -0.462728 -0.204825 22.8193 -0.319338 -0.140588 9.90106
71016423 0 0.01 4.49978 32.9 -0.141544 -0.251088 18.8389 -0.0807233 -0.146946 9.90106
71017754 0 0.01 4.49978 32.9 0.209086 0.0406106 22.8003 0.1427 0.0268583 9.90106
8000611 0 0.01 4.5 32.9 -0.113685 -0.362712 1.91427 -0.00294917 -0.0206839 9.92627
8001438 0 0.01 4.5 32.9 -0.0170848 -0.495849 17.1651 -0.00812628 -0.257503 9.92627
8001621 0 0.01 4.5 32.9 -0.320225 -0.121907 9.37654 -0.0923795 -0.0354476 9.92627
8003487 0 0.01 4.50005 32.9 -0.282751 0.188783 40.9321 -0.351372 0.237124 9.92627
8004828 0 0.01 4.5 32.9 -0.150112 0.480051 13.3175 -0.0622326 0.194745 9.92627
8007110 0 0.01 4.5 32.9 -0.266972 0.265434 4.36832 -0.0357819 0.0374174 9.92627
8007168 0 0.01 4.5 32.9 -0.35926 0.0624793 2.32294 -0.0233656 0.0093808 9.92627
8008765 0 0.01 4.50004 32.9 0.200652 0.395596 46.8097 0.286708 0.56143 9.92627
8009156 0 0.01 4.49989 32.9 0.00502793 -0.393554 35.1628 0.00581765 -0.420373 9.92627
8010148 0 0.01 4.5 32.9 0.371819 -0.313311 12.7806 0.145527 -0.121853 9.92627
8011508 0 0.01 4.49999 32.9 -0.365884 -0.129346 43.6018 -0.483325 -0.170561 9.92627
8011584 0 0.01 4.5 32.9 -0.351371 -0.176652 6.80697 -0.0708136 -0.0360228 9.92627
8019110 0 0.01 4.5 32.9 0.456152 -0.386788 40.3028 0.558974 -0.474887 9.92627
94009085 0 0.01 4.49653 32.9 -0.499202 -0.495583 5.68277 -0.0883083 -0.0812358 9.87517
89000335 0 0.01 4.5 32.9 0.220122 0.303187 1.23674 0.00613147 0.0101706 9.88479
89001568 0 0.01 4.5 32.9 0.219997 -0.477886 5.63875 0.0376421 -0.0787901 9.88479
89003660 0 0.01 4.5 32.9 -0.174589 0.00955229 2.91235 -0.0147954 0.0032258 9.88479
89003672 0 0.01 4.5 32.9 -0.272631 0.220635 1.8385 -0.00805026 0.0131172 9.88479
89006960 0 0.01 4.5 32.9 0.236712 0.263879 29.8826 0.215047 0.241455 9.88479
89007269 0 0.01 4.5 32.9 0.434001 0.134785 8.89876 0.115397 0.0335443 9.88479
89008925 0 0.01 4.5 32.9 -0.176992 0.450784 7.62337 -0.0388645 0.103275 9.88479
89010463 0 0.01 4.49999 32.9 0.166711 0.485703 14.6294 0.072768 0.218753 9.88479
89011158 0 0.01 4.5 32.9 -0.149845 0.180328 3.84651 -0.0177503 0.0233947 9.88479
89012741 0 0.01 4.5 32.9 0.128876 -0.397351 8.12678 0.0324122 -0.0968294 9.88479
89014181 0 0.01 4.50005 32.9 -0.0943665 0.0491172 36.7812 -0.104987 0.0543974 9.88479
89014467 0 0.01 4.5 32.9 0.180457 -0.386788 7.72792 0.0404678 -0.0891708 9.88479
89019237 0 0.01 4.49999 32.9 0.44883 0.00306683 5.25952 0.06993 0.00137227 9.88479
90001561 0 0.01 4.50003 32.9 0.0156735 -0.230821 49.4178 0.0238576 -0.346641 9.89261
90003286 0 0.01 4.5 32.9 0.486199 0.169707 6.62332 0.0975744 0.0342701 9.89261
90003631 0 0.01 4.49995 32.9 0.379938 -0.363366 32.5746 0.377158 -0.360014 9.89261
90005427 0 0.01 4.49989 32.9 0.208199 -0.219382 59.2984 0.376712 -0.393654 9.89261
90005689 0 0.01 4.5 32.9 0.389543 0.41431 1.22705 0.0132176 0.0221796 9.89261
90014771 0 0.01 4.5 32.9 -0.081528 0.225458 25.7934 -0.0657047 0.179437 9.89261
90016161 0 0.01 4.49998 32.9 0.283977 -0.1919 47.5926 0.411651 -0.276754 9.89261
90018470 0 0.01 4.50087 32.9 0.30193 0.304806 12.0821 0.109326 0.111068 9.89261
90019559 0 0.01 4.5 32.9 -0.0751746 -0.326335 9.79362 -0.0234096 -0.0976322 9.89261
