5 14 0.01 0.35 32.9 -0.214358 -0.263371 7.43564 -0.0466836 -0.0572692 35.0194
2785 14 0.01 0.35 32.9 0.17449 -0.290758 6.21211 0.0335658 -0.0558741 34.7867
3136 14 0.01 0.35 32.9 -0.473351 0.15041 5.90031 -0.0850288 0.0251365 36.972
3395 14 0.01 0.35 32.9 0.125635 -0.235641 6.85627 0.0272135 -0.0486188 35.8329
3945 14 0.01 0.35 32.9 0.43398 -0.118482 1.22724 0.0139212 -0.0026703 31.6353
4052 14 0.01 0.35 32.9 -0.330297 -0.0870888 4.48134 -0.0418007 -0.0102074 33.0959
5067 14 0.01 0.35 32.9 0.411404 0.216168 7.56679 0.0959225 0.0492993 33.7335
5749 14 0.01 0.35 32.9 0.372241 -0.015228 5.62919 0.0637165 -0.00125617 33.3189
6671 14 0.01 0.35 32.9 0.02727 0.182621 1.84859 0.00149952 0.0112606 34.4223
6689 14 0.01 0.35 32.9 -0.193158 0.235863 5.92115 -0.0363068 0.0410181 35.0559
7806 14 0.01 0.35 32.9 0.486124 -0.278302 3.75555 0.0572804 -0.0335694 37.2196
9373 14 0.01 0.35 32.9 0.20468 0.108964 4.75046 0.0293568 0.0129734 34.0237
9524 14 0.01 0.35 32.9 -0.272951 0.410543 6.74072 -0.0562351 0.0836285 35.9324
9556 14 0.01 0.35 32.9 -0.144916 -0.290629 3.30377 -0.0148001 -0.0299675 34.2834
9742 14 0.01 0.35 32.9 -0.0275447 0.365183 7.83622 -0.00729895 0.0896032 35.1595
9821 14 0.01 0.35 32.9 -0.0375151 0.324502 6.60874 -0.00525079 0.0638666 36.2053
10299 14 0.01 0.35 32.9 -0.441513 0.327693 7.57114 -0.102113 0.0745485 36.1833
11298 14 0.01 0.35 32.9 0.161611 -0.326639 7.97576 0.0397863 -0.0797776 35.1632
15688 14 0.01 0.35 32.9 -0.291854 -0.363343 1.81983 -0.0164925 -0.0234544 31.9354
15794 14 0.01 0.35 32.9 0.219487 -0.286911 15.5291 0.103268 -0.136033 32.0935
19479 14 0.01 0.35 32.9 -0.478912 -0.162975 5.40279 -0.0804481 -0.0274902 35.4988
19517 14 0.01 0.35 32.9 -0.127423 -0.417723 8.42682 -0.0319152 -0.106683 34.0177
19573 14 0.01 0.35 32.9 -0.09147 0.3788 7.03943 -0.0182165 0.0821701 34.2169
20247 14 0.01 0.35 32.9 -0.32934 -0.0325795 6.80006 -0.066416 -0.00888986 35.8723
20749 14 0.01 0.35 32.9 -0.32782 -0.381951 4.88146 -0.0481403 -0.0560556 38.2774
21937 14 0.01 0.35 32.9 0.347202 0.0133464 11.9895 0.125794 0.00723765 32.3665
23817 14 0.01 0.35 32.9 -0.318754 0.448598 5.67226 -0.0557931 0.0752131 33.9933
25444 14 0.01 0.35 32.9 -0.170486 0.416664 5.44146 -0.0283437 0.0706335 33.4301
25670 14 0.01 0.35 32.9 -0.0112758 -0.098582 5.99071 -0.00173738 -0.0191491 36.612
26804 14 0.01 0.35 32.9 -0.169169 0.437056 6.29714 -0.033786 0.082708 34.0846
28298 14 0.01 0.35 32.9 0.0882897 0.166163 10.3961 0.0316429 0.0519642 34.1466
28665 14 0.01 0.35 32.9 0.00609644 0.405645 5.2396 0.000388653 0.0626869 36.0472
28761 14 0.01 0.35 32.9 0.18753 -0.0911291 3.80068 0.0222069 -0.0108734 37.2474
29241 14 0.01 0.35 32.9 -0.332099 -0.0647399 7.65799 -0.0776594 -0.0162193 33.8347
29810 14 0.01 0.35 32.9 -0.211341 -0.425186 4.32638 -0.0299691 -0.0562717 36.9754
30717 14 0.01 0.35 32.9 -0.10204 -0.098852 4.4779 -0.0134622 -0.0108704 34.7596
32107 14 0.01 0.35 32.9 0.360611 0.353771 7.29659 0.0816649 0.0759729 31.4167
32670 14 0.01 0.35 32.9 -0.124974 -0.111891 5.67326 -0.0223398 -0.0165235 37.4641
33759 14 0.01 0.35 32.9 0.415285 0.243552 3.83522 0.0475628 0.0277859 36.6123
33940 14 0.01 0.35 32.9 0.499342 -0.199249 2.67856 0.0426355 -0.0193437 32.7456
35477 14 0.01 0.35 32.9 0.0968374 -0.148019 6.19837 0.0177402 -0.0261993 36.0382
36138 14 0.01 0.35 32.9 -0.405591 0.266003 6.6308 -0.0823492 0.0540762 34.665
38274 14 0.01 0.35 32.9 0.263529 0.0691898 3.05646 0.0239924 0.00716105 36.2223
38766 14 0.01 0.35 32.9 -0.487291 0.0431839 6.07335 -0.0879976 0.00643283 37.1479
38903 14 0.01 0.35 32.9 0.174613 0.313713 3.40168 0.0151873 0.0357545 37.021
41182 14 0.01 0.35 32.9 0.137751 -0.33359 11.0408 0.0445047 -0.114231 33.0173
41345 14 0.01 0.35 32.9 0.106798 0.218892 12.1639 0.0405889 0.0824953 33.3152
42120 14 0.01 0.35 32.9 0.474965 0.140895 2.47585 0.038036 0.012055 33.6034
42681 14 0.01 0.35 32.9 0.370568 -0.0480257 8.68327 0.0979958 -0.0149428 35.3138
45379 14 0.01 0.35 32.9 0.484673 0.212788 11.4333 0.167788 0.0731132 32.6993
45380 14 0.01 0.35 32.9 -0.0407625 -0.451702 6.41526 -0.0073186 -0.0864715 35.8237
45959 14 0.01 0.35 32.9 0.343245 0.483074 3.9575 0.0393796 0.055417 37.6442
46469 14 0.01 0.35 32.9 0.239377 -0.275286 6.77461 0.0504114 -0.0577095 37.2873
47827 14 0.01 0.35 32.9 -0.395365 0.29517 4.6001 -0.0552017 0.0410357 32.3083
51402 14 0.01 0.35 32.9 -0.267778 -0.1847 10.5872 -0.0869378 -0.0589789 32.9497
52508 14 0.01 0.35 32.9 0.408528 0.181359 9.87246 0.121772 0.0549461 33.804
53819 14 0.01 0.35 32.9 0.365452 0.327021 5.11091 0.05539 0.050284 33.9973
55078 14 0.01 0.35 32.9 0.199366 0.443802 5.81349 0.0365781 0.0781937 35.5917
55625 14 0.01 0.35 32.9 -0.0279776 -0.255117 16.4539 -0.0153129 -0.130725 32.3814
56782 14 0.01 0.35 32.9 0.153041 0.363039 4.74803 0.0199621 0.0540303 35.4911
57634 14 0.01 0.35 32.9 -0.25479 0.0946652 19.181 -0.149139 0.0568037 31.5831
58411 14 0.01 0.35 32.9 -0.381617 0.0280955 5.6878 -0.0660679 0.00407786 35.1515
58552 14 0.01 0.35 32.9 -0.313583 0.144462 2.04947 -0.0184552 0.0104356 37.1063
59703 14 0.01 0.35 32.9 0.463267 0.196097 1.3999 0.0201141 0.00902153 33.5055
60786 14 0.01 0.35 32.9 -0.408127 0.134422 3.47513 -0.0420696 0.0146046 36.0662
60824 14 0.01 0.35 32.9 -0.147257 -0.425291 1.87732 -0.0100842 -0.0272374 33.787
62575 14 0.01 0.35 32.9 -0.317479 -0.291927 7.15968 -0.0683218 -0.0631328 34.087
63442 14 0.01 0.35 32.9 0.0928426 -0.274803 6.19598 0.016444 -0.051737 33.1114
64010 14 0.01 0.35 32.9 0.112418 0.0417474 1.32841 0.00276179 0.00203 36.1806
64759 14 0.01 0.35 32.9 0.210955 -0.289781 4.76019 0.0315991 -0.0416615 36.5556
66237 14 0.01 0.35 32.9 0.237483 0.107062 2.50283 0.0184499 0.0089377 35.3579
67069 14 0.01 0.35 32.9 0.496184 0.493885 5.65672 0.086324 0.0870163 38.2727
67674 14 0.01 0.35 32.9 -0.293737 0.0395251 9.40167 -0.0836251 0.0106685 34.3537
72468 14 0.01 0.35 32.9 -0.33987 -0.232573 4.13328 -0.0415082 -0.0269265 35.7261
72814 14 0.01 0.35 32.9 0.436305 -0.486328 3.92903 0.0518556 -0.0579588 36.7566
73705 14 0.01 0.35 32.9 -0.370346 0.211089 0.682706 -0.00601233 0.0019086 32.9931
74362 14 0.01 0.35 32.9 -0.0483252 -0.102033 2.64027 -0.00168738 -0.00895576 36.6346
77281 14 0.01 0.35 32.9 -0.185823 -0.400891 3.17854 -0.0187149 -0.0415879 34.5563
79012 14 0.01 0.35 32.9 0.431701 -0.346381 2.95614 0.0410471 -0.0319081 35.7932
79826 14 0.01 0.35 32.9 -0.011127 0.0596858 7.29304 -0.0028015 0.0138105 33.8527
80546 14 0.01 0.35 32.9 0.110413 -0.24512 0.906697 0.00286351 -0.00562853 34.2267
80994 14 0.01 0.35 32.9 -0.0157521 -0.211889 5.42837 -0.00228749 -0.034414 37.3253
81441 14 0.01 0.35 32.9 0.424095 0.100129 6.14965 0.0789791 0.0177445 35.5406
83597 14 0.01 0.35 32.9 0.350859 -0.458253 2.40553 0.0271193 -0.032052 36.8658
84116 14 0.01 0.35 32.9 -0.377047 0.344682 4.52379 -0.0528194 0.0479667 35.5408
84901 14 0.01 0.35 32.9 0.0333349 0.249249 7.67023 0.00788423 0.0613532 33.7426
86519 14 0.01 0.35 32.9 0.0618868 -0.164276 8.23741 0.0132751 -0.0413539 32.1454
89697 14 0.01 0.35 32.9 -0.146029 -0.191759 5.84098 -0.0240113 -0.0330742 35.4609
90624 14 0.01 0.35 32.9 0.0509621 0.081366 4.39415 0.0094982 0.00862504 32.7614
91275 14 0.01 0.35 32.9 0.0211524 -0.104816 5.50629 0.00343404 -0.0159489 37.1376
91514 14 0.01 0.35 32.9 0.161987 0.205755 1.13422 0.00442083 0.00808713 32.2203
91766 14 0.01 0.35 32.9 0.277515 0.109621 3.03158 0.0239877 0.00837168 36.9006
92443 14 0.01 0.35 32.9 -0.404884 -0.191981 7.51212 -0.0909541 -0.0424967 35.9496
92750 14 0.01 0.35 32.9 0.426563 0.0637371 1.80381 0.0218663 0.00412573 32.9631
92821 14 0.01 0.35 32.9 -0.130922 0.222129 5.68477 -0.0199536 0.0371328 35.3971
93070 14 0.01 0.35 32.9 -0.270011 -0.288782 8.31249 -0.0659318 -0.071758 33.2014
93160 14 0.01 0.35 32.9 -0.477539 0.352828 4.43688 -0.0647587 0.0480099 37.4443
95335 14 0.01 0.35 32.9 -0.0397143 0.346343 3.56051 -0.00291124 0.037037 32.9065
96104 14 0.01 0.35 32.9 -0.368831 0.374801 3.55799 -0.0409105 0.041104 36.7057
97940 14 0.01 0.35 32.9 -0.149718 0.243191 4.70097 -0.0186851 0.0355735 34.603
98197 14 0.01 0.35 32.9 -0.321594 0.0337514 8.24779 -0.0792314 0.00879173 35.9018
98652 14 0.01 0.35 32.9 -0.0607372 0.274896 10.582 -0.021122 0.086787 34.0071
101464 14 0.01 0.35 32.9 0.403851 -0.00619554 7.93801 0.0973243 -0.000626755 34.4384
101749 14 0.01 0.35 32.9 0.452423 -0.312781 6.64264 0.0915338 -0.0641105 37.1822
103081 14 0.01 0.35 32.9 0.34677 -0.365944 4.11165 0.0441857 -0.0430599 37.9276
104329 14 0.01 0.35 32.9 -0.457818 0.060696 4.28855 -0.0616865 0.00631248 37.9295
108244 14 0.01 0.35 32.9 0.149637 -0.0332107 4.63615 0.0236695 -0.00566269 32.7373
110705 14 0.01 0.35 32.9 -0.021006 -0.0118773 2.73545 -0.00185232 -0.00270737 34.5533
111038 14 0.01 0.35 32.9 -0.147185 0.401451 5.00739 -0.0210271 0.0628158 36.8466
111538 14 0.01 0.35 32.9 -0.237294 -0.286175 5.42362 -0.0395136 -0.0488975 37.5549
112372 14 0.01 0.35 32.9 0.131622 0.266176 2.89333 0.0133554 0.0207592 32.6215
114641 14 0.01 0.35 32.9 -0.0341084 -0.352351 3.6186 -0.004142 -0.0393813 37.295
114779 14 0.01 0.35 32.9 0.168266 -0.0878578 1.56806 0.00866172 -0.00504396 34.9373
114840 14 0.01 0.35 32.9 -0.298602 0.196846 6.5559 -0.0590739 0.0376692 36.0158
115901 14 0.01 0.35 32.9 -0.0783354 0.140297 10.968 -0.0229337 0.0474398 32.2589
117115 14 0.01 0.35 32.9 0.245728 -0.378777 3.27557 0.0250637 -0.0384663 33.0048
117530 14 0.01 0.35 32.9 0.0724328 -0.453495 6.60699 0.0134229 -0.0925297 37.1146
119964 14 0.01 0.35 32.9 -0.422111 0.492709 0.935168 -0.0131631 0.0157411 31.3343
121471 14 0.01 0.35 32.9 0.145592 -0.365286 1.02562 0.0052435 -0.0107221 36.3676
126361 14 0.01 0.35 32.9 0.457758 -0.0741798 4.65876 0.0617298 -0.0128738 37.7523
126870 14 0.01 0.35 32.9 -0.0228265 0.378364 5.05063 -0.00525073 0.0597327 36.3202
127040 14 0.01 0.35 32.9 0.432544 0.212566 3.45147 0.0462935 0.0235098 35.304
127459 14 0.01 0.35 32.9 -0.329077 0.390235 4.12725 -0.039005 0.0499376 35.7858
129852 14 0.01 0.35 32.9 -0.191041 -0.422508 5.55905 -0.0331795 -0.0688469 36.5068
130209 14 0.01 0.35 32.9 0.0935852 0.320344 6.75384 0.0199369 0.0675814 35.4577
130571 14 0.01 0.35 32.9 0.271309 0.0715983 0.432578 0.00208922 0.00115799 31.4999
130634 14 0.01 0.35 32.9 -0.0422515 0.0051522 8.02933 -0.0100656 -0.000309699 32.9331
131240 14 0.01 0.35 32.9 -0.443974 -0.201914 5.15409 -0.0696946 -0.031237 35.686
132226 14 0.01 0.35 32.9 -0.303001 -0.07011 6.83319 -0.0648293 -0.0153832 35.1762
132558 14 0.01 0.35 32.9 0.124809 0.358328 8.5163 0.0314675 0.0931851 35.1176
134583 14 0.01 0.35 32.9 -0.172163 -0.329175 7.35587 -0.0384502 -0.0756183 36.5769
135379 14 0.01 0.35 32.9 0.140379 0.0792554 5.54586 0.0224263 0.0117504 33.8172
135846 14 0.01 0.35 32.9 0.308117 -0.0640299 3.54816 0.0321752 -0.00628227 33.4262
136767 14 0.01 0.35 32.9 -0.361104 -0.365976 5.35292 -0.0580541 -0.060592 32.349
137546 14 0.01 0.35 32.9 0.498547 0.370934 3.08354 0.0495779 0.0337032 35.9866
137724 14 0.01 0.35 32.9 -0.111312 0.264951 8.08133 -0.0291059 0.0637618 33.0218
137951 14 0.01 0.35 32.9 -0.267684 -0.00792952 5.77306 -0.0476468 -0.00349405 34.1859
138621 14 0.01 0.35 32.9 0.393039 -0.293778 7.63285 0.0916314 -0.0664865 36.0908
138958 14 0.01 0.35 32.9 -0.161625 -0.288812 10.283 -0.0517707 -0.0888759 33.2604
139463 14 0.01 0.35 32.9 -0.432039 -0.221715 6.04862 -0.0800441 -0.0389998 37.304
139941 14 0.01 0.35 32.9 -0.224439 0.280762 7.14615 -0.0499732 0.0627457 37.0118
141352 14 0.01 0.35 32.9 -0.0733898 0.461175 3.66334 -0.00611683 0.0524773 35.345
141944 14 0.01 0.35 32.9 -0.2396 -0.218535 5.81351 -0.0409008 -0.0400063 36.4462
143663 14 0.01 0.35 32.9 -0.0760054 0.117646 10.7305 -0.0273445 0.0383273 32.099
144481 14 0.01 0.35 32.9 0.102404 0.302506 5.27469 0.0161464 0.0456411 36.071
144707 14 0.01 0.35 32.9 0.355665 0.21283 8.67861 0.094093 0.0556597 33.7094
146792 14 0.01 0.35 32.9 0.180489 -0.254548 4.99654 0.0266519 -0.0364565 35.8741
148393 14 0.01 0.35 32.9 0.156475 -0.285744 4.45177 0.021455 -0.0410692 33.8311
149168 14 0.01 0.35 32.9 0.0540783 0.0698001 9.26159 0.0145825 0.0210703 33.3732
149652 14 0.01 0.35 32.9 -0.308351 0.206762 9.45261 -0.0902621 0.059521 32.9079
151174 14 0.01 0.35 32.9 -0.158835 0.467925 8.25646 -0.040036 0.116313 32.6518
153173 14 0.01 0.35 32.9 0.140367 0.113893 7.67381 0.0335759 0.0259082 33.4281
153537 14 0.01 0.35 32.9 -0.0299417 -0.412395 5.50969 -0.0042302 -0.0703217 36.0099
154523 14 0.01 0.35 32.9 0.020301 0.262982 4.13663 0.00227956 0.0339361 37.3293
155174 14 0.01 0.35 32.9 -0.213378 0.211244 7.50987 -0.049848 0.0475931 35.145
156150 14 0.01 0.35 32.9 0.473634 0.350406 4.83234 0.0707279 0.0499287 36.7666
156498 14 0.01 0.35 32.9 0.326026 -0.159984 14.8432 0.14528 -0.074068 32.5043
156781 14 0.01 0.35 32.9 0.319205 0.149599 4.2188 0.0410327 0.0203042 33.3781
157197 14 0.01 0.35 32.9 -0.182604 0.258222 5.12296 -0.0310935 0.0429843 38.3994
157763 14 0.01 0.35 32.9 0.22002 -0.00160201 8.5293 0.0578777 2.19245e-05 32.6817
160214 14 0.01 0.35 32.9 -0.0567118 0.49001 9.12178 -0.0152922 0.137493 35.0256
160255 14 0.01 0.35 32.9 0.462297 0.0866076 3.62723 0.0515367 0.00767748 38.3247
162036 14 0.01 0.35 32.9 -0.213781 -0.374318 6.92711 -0.0453559 -0.0781139 34.2121
164245 14 0.01 0.35 32.9 -0.480445 0.40103 5.05707 -0.0724202 0.062039 38.0513
165144 14 0.01 0.35 32.9 -0.0991205 -0.327792 9.88713 -0.0289995 -0.0972875 32.1879
167416 14 0.01 0.35 32.9 -0.485782 0.447257 10.2508 -0.149717 0.13906 33.7752
167562 14 0.01 0.35 32.9 0.469291 -0.456369 2.90525 0.0403283 -0.0375037 34.908
168449 14 0.01 0.35 32.9 0.279065 -0.415888 2.98617 0.0263827 -0.0378779 34.5547
169313 14 0.01 0.35 32.9 0.357432 0.241859 0.256221 0.00598203 0.000124228 32.3284
170478 14 0.01 0.35 32.9 0.347932 0.0973095 6.17455 0.062884 0.0177247 36.2738
171425 14 0.01 0.35 32.9 -0.275932 -0.491414 22.4417 -0.18972 -0.333807 31.401
172565 14 0.01 0.35 32.9 -0.257424 0.158063 10.5416 -0.0819294 0.0519858 31.4364
172762 14 0.01 0.35 32.9 0.34387 -0.299693 6.60325 0.0685534 -0.0580387 35.1044
173260 14 0.01 0.35 32.9 0.482804 0.035968 4.77392 0.0707627 0.00560999 33.5535
173473 14 0.01 0.35 32.9 0.47307 -0.105141 2.86471 0.0418165 -0.00983968 33.36
173745 14 0.01 0.35 32.9 -0.166763 0.320527 1.3676 -0.00702592 0.0142152 31.8636
173836 14 0.01 0.35 32.9 0.0334146 -0.0228285 2.57719 0.0035784 -0.00234678 33.4583
177802 14 0.01 0.35 32.9 0.186769 -0.465299 2.11226 0.0117808 -0.0306937 33.2591
179500 14 0.01 0.35 32.9 0.0310483 0.254749 6.93734 0.00506496 0.0528653 36.0799
180290 14 0.01 0.35 32.9 -0.0116604 -0.372485 3.35455 -0.00170436 -0.039476 33.2633
181711 14 0.01 0.35 32.9 -0.0729661 0.239025 9.05718 -0.0221846 0.0643384 33.6256
181847 14 0.01 0.35 32.9 -0.0228984 0.0782504 3.85233 -0.00171054 0.00667828 37.835
182582 14 0.01 0.35 32.9 0.389202 0.420855 6.49613 0.0774043 0.081075 37.5697
182793 14 0.01 0.35 32.9 -0.388261 0.311758 6.54734 -0.0779231 0.0633196 37.5169
183706 14 0.01 0.35 32.9 -0.0555253 -0.141377 8.40414 -0.0133869 -0.0385178 33.3815
186334 14 0.01 0.35 32.9 -0.116531 0.223194 14.0764 -0.0499095 0.0928711 32.9029
187029 14 0.01 0.35 32.9 -0.451411 -0.28473 1.81845 -0.0256735 -0.0132143 35.5853
187259 14 0.01 0.35 32.9 0.493597 0.343827 4.09247 0.0622754 0.0426085 37.6606
187442 14 0.01 0.35 32.9 -0.261891 -0.432889 4.02955 -0.0313963 -0.0542052 36.4069
188612 14 0.01 0.35 32.9 0.407203 0.230338 6.66603 0.0816056 0.0461414 37.2738
188676 14 0.01 0.35 32.9 0.178105 0.00565969 4.57878 0.0257241 0.0020823 34.0594
189295 14 0.01 0.35 32.9 0.155924 0.0984864 7.2984 0.0336248 0.0218397 34.8036
190331 14 0.01 0.35 32.9 0.0144676 -0.288378 9.61421 0.00250246 -0.0857504 33.2539
190907 14 0.01 0.35 32.9 -0.408312 -0.00361551 4.925 -0.0586146 -0.0011185 38.4917
192831 14 0.01 0.35 32.9 0.0473781 -0.267064 3.59165 0.00365761 -0.0288194 37.6535
193139 14 0.01 0.35 32.9 -0.164975 0.279292 6.80081 -0.0344237 0.0582213 37.0195
193172 14 0.01 0.35 32.9 -0.23548 -0.460288 3.46875 -0.0256611 -0.0484376 34.4172
194472 14 0.01 0.35 32.9 -0.338725 0.112798 11.6025 -0.118494 0.0377381 31.8343
196318 14 0.01 0.35 32.9 -0.338408 -0.00447401 8.11119 -0.0806592 -0.00187531 35.9228
197091 14 0.01 0.35 32.9 0.0271477 0.199204 9.28504 0.00618051 0.054998 34.1781
197552 14 0.01 0.35 32.9 -0.269712 0.122734 8.57721 -0.0695393 0.0305911 33.1723
200086 14 0.01 0.35 32.9 0.296965 -0.473397 2.06746 0.0204744 -0.0306314 33.1273
201435 14 0.01 0.35 32.9 -0.297491 0.183839 11.5218 -0.104662 0.0625065 33.0329
201862 14 0.01 0.35 32.9 0.176903 -0.48705 4.8911 0.0288519 -0.0725482 32.6908
205472 14 0.01 0.35 32.9 0.138891 0.263911 5.17978 0.0218856 0.0408001 37.2922
205769 14 0.01 0.35 32.9 -0.29942 -0.273474 4.39776 -0.0395633 -0.0368601 37.129
206428 14 0.01 0.35 32.9 -0.445294 0.411858 6.25719 -0.0851768 0.0791116 36.518
206504 14 0.01 0.35 32.9 -0.0403723 0.348619 7.16557 -0.0113036 0.0750088 36.2024
207296 14 0.01 0.35 32.9 0.135531 0.0540103 6.19011 0.0284073 0.010329 33.9513
207971 14 0.01 0.35 32.9 0.345438 -0.246645 6.53432 0.0675516 -0.0488509 36.4831
208749 14 0.01 0.35 32.9 0.457051 0.304745 5.96353 0.0848693 0.0568958 34.5223
208869 14 0.01 0.35 32.9 0.257591 -0.1346 21.234 0.169219 -0.089434 31.1409
211674 14 0.01 0.35 32.9 0.195555 0.286717 6.10836 0.0353681 0.0515644 37.735
213085 14 0.01 0.35 32.9 0.374865 0.0831872 9.30841 0.10533 0.0239133 32.0079
213565 14 0.01 0.35 32.9 -0.0730943 -0.208788 7.06632 -0.0163428 -0.042764 35.4178
214022 14 0.01 0.35 32.9 0.281488 0.281032 2.54673 0.0223315 0.0206144 34.7441
214197 14 0.01 0.35 32.9 -0.107697 0.00202476 8.42313 -0.0300114 -0.000481164 33.3768
214734 14 0.01 0.35 32.9 -0.420179 -0.176036 1.21083 -0.0154344 -0.00779432 32.475
215234 14 0.01 0.35 32.9 0.161752 0.332042 0.954784 0.00626941 0.00813343 31.5538
218856 14 0.01 0.35 32.9 0.209397 0.381709 7.9601 0.0480881 0.0921021 34.1988
218941 14 0.01 0.35 32.9 0.281265 0.0502631 6.27412 0.0551605 0.00993067 33.4502
219599 14 0.01 0.35 32.9 -0.332532 -0.372713 16.7468 -0.16859 -0.189988 32.127
220863 14 0.01 0.35 32.9 -0.0152142 -0.0478984 7.60026 -0.00424064 -0.00865492 35.8359
221546 14 0.01 0.35 32.9 -0.247089 -0.49927 6.26498 -0.0473931 -0.0942307 36.8027
221828 14 0.01 0.35 32.9 -0.186572 0.0809292 8.98343 -0.0506462 0.0236006 34.082
223280 14 0.01 0.35 32.9 0.260932 0.286542 4.39191 0.0360479 0.0402066 36.897
223763 14 0.01 0.35 32.9 0.451576 0.0526716 8.09418 0.111524 0.012462 36.036
224006 14 0.01 0.35 32.9 -0.23653 0.444508 9.22153 -0.0658411 0.125899 32.9038
227901 14 0.01 0.35 32.9 -0.272523 0.155251 4.641 -0.0397941 0.0223106 34.3979
228102 14 0.01 0.35 32.9 -0.0211817 0.273128 4.83636 -0.00207592 0.0407893 37.1623
228131 14 0.01 0.35 32.9 -0.47915 0.133789 7.08729 -0.102645 0.0289749 34.6027
229678 14 0.01 0.35 32.9 0.394537 0.258599 3.97329 0.0508833 0.0303652 36.44
230013 14 0.01 0.35 32.9 -0.159257 -0.191888 2.09282 -0.0105946 -0.0134244 32.8444
230930 14 0.01 0.35 32.9 -0.470363 -0.109009 8.52598 -0.12149 -0.0257685 34.2914
231005 14 0.01 0.35 32.9 0.474336 -0.254911 26.5498 0.385201 -0.206413 31.3164
231034 14 0.01 0.35 32.9 -0.4932 0.263767 3.92945 -0.058582 0.0319971 33.7514
235257 14 0.01 0.35 32.9 0.170562 0.380607 11.6181 0.0600509 0.136836 33.5199
235621 14 0.01 0.35 32.9 -0.441266 0.302672 8.04682 -0.106984 0.0716239 32.3262
235966 14 0.01 0.35 32.9 -0.303327 0.469504 6.67611 -0.0608509 0.0977988 35.0311
236001 14 0.01 0.35 32.9 -0.373424 -0.0932221 5.09515 -0.056731 -0.0128064 37.5175
236127 14 0.01 0.35 32.9 -0.375278 -0.121762 4.39408 -0.0492536 -0.0153249 35.7369
238493 14 0.01 0.35 32.9 -0.148877 -0.0979253 8.31263 -0.0369238 -0.0241079 32.1382
238601 14 0.01 0.35 32.9 -0.0867546 0.450434 6.59257 -0.0178034 0.0907644 34.4865
238687 14 0.01 0.35 32.9 0.0502551 -0.447375 6.18722 0.00746824 -0.0860521 34.6785
238926 14 0.01 0.35 32.9 0.302836 -0.477758 4.58067 0.0425633 -0.0659635 35.0565
239568 14 0.01 0.35 32.9 -0.0378408 -0.260621 4.57557 -0.00617301 -0.0342643 34.2084
239932 14 0.01 0.35 32.9 0.210615 0.0758159 8.66751 0.0546606 0.0179509 35.4878
242637 14 0.01 0.35 32.9 0.497204 0.201357 1.45322 0.0220072 0.00943534 34.4532
245407 14 0.01 0.35 32.9 0.150996 -0.0923466 4.78381 0.0213182 -0.0131054 37.2265
245868 14 0.01 0.35 32.9 0.0687923 0.408372 9.23254 0.0186136 0.113485 33.9564
246322 14 0.01 0.35 32.9 0.447831 0.0528078 4.55589 0.0614454 0.00721037 37.1369
246973 14 0.01 0.35 32.9 -0.389408 -0.359077 6.71623 -0.0797151 -0.073837 35.7166
247565 14 0.01 0.35 32.9 -0.0851697 -0.299813 3.30618 -0.0101629 -0.0285765 32.7407
247906 14 0.01 0.35 32.9 -0.367071 -0.00635744 12.5592 -0.141193 -0.00338939 32.8753
248362 14 0.01 0.35 32.9 0.291665 -0.0895045 6.20998 0.0555604 -0.0175351 36.476
248777 14 0.01 0.35 32.9 -0.402285 0.235224 7.23979 -0.0892809 0.0510546 35.9117
251198 14 0.01 0.35 32.9 -0.429889 0.219543 6.4044 -0.0832404 0.0430059 34.5246
252019 14 0.01 0.35 32.9 -0.263658 -0.282496 7.33391 -0.0603573 -0.0625109 36.4389
252188 14 0.01 0.35 32.9 -0.469547 -0.0109173 4.37461 -0.0618433 7.56661e-05 33.1447
252211 14 0.01 0.35 32.9 -0.393732 -0.0106926 10.0964 -0.120875 -0.00329304 34.1009
252378 14 0.01 0.35 32.9 0.0855772 -0.281821 9.13161 0.0244544 -0.0798008 35.0307
253085 14 0.01 0.35 32.9 0.0912084 -0.192579 5.81949 0.0160331 -0.0363922 35.9295
253204 14 0.01 0.35 32.9 0.496059 -0.287514 1.70983 0.0256087 -0.0171708 32.4621
253504 14 0.01 0.35 32.9 -0.314681 -0.142308 2.26159 -0.0212892 -0.0127641 34.2301
253889 14 0.01 0.35 32.9 0.330301 0.446429 5.56504 0.0575314 0.0749412 36.6016
255391 14 0.01 0.35 32.9 0.00361963 0.0316883 3.76281 0.000449593 0.00525846 33.7819
255921 14 0.01 0.35 32.9 0.0399066 -0.178029 4.08228 0.00588514 -0.022837 31.2777
256963 14 0.01 0.35 32.9 -0.414891 -0.0389183 2.631 -0.0345311 -0.00490191 35.61
256989 14 0.01 0.35 32.9 0.434935 -0.298636 4.45951 0.0588623 -0.0421041 37.2843
258384 14 0.01 0.35 32.9 -0.377268 0.325419 0.903389 -0.0115907 0.00971626 33.1751
258788 14 0.01 0.35 32.9 -0.345203 -0.357078 18.0092 -0.187083 -0.196254 31.4883
258997 14 0.01 0.35 32.9 0.348477 -0.208693 4.16507 0.0420947 -0.0267291 31.817
260295 14 0.01 0.35 32.9 0.398109 0.205621 5.47325 0.0661494 0.0342147 35.6552
261040 14 0.01 0.35 32.9 0.0842044 -0.316053 2.23419 0.00619866 -0.0179628 36.0044
261317 14 0.01 0.35 32.9 -0.375166 0.151926 4.55231 -0.0524779 0.0194042 33.0793
261495 14 0.01 0.35 32.9 0.090892 0.283695 6.6131 0.0175055 0.057471 36.338
262408 14 0.01 0.35 32.9 -0.117944 0.120617 5.53423 -0.021103 0.0206794 36.9213
263158 14 0.01 0.35 32.9 -0.491377 0.370651 4.99977 -0.0754 0.0564965 37.5043
263493 14 0.01 0.35 32.9 -0.160343 0.228732 0.787912 -0.00313843 0.00590986 34.1601
264367 14 0.01 0.35 32.9 -0.482929 0.227713 2.13773 -0.0308375 0.0122861 33.5456
264697 14 0.01 0.35 32.9 0.46224 0.157577 11.7612 0.16295 0.0586957 32.8019
265499 14 0.01 0.35 32.9 0.0788014 -0.291959 9.57607 0.0240754 -0.0851751 34.332
266085 14 0.01 0.35 32.9 0.00887829 0.423843 8.56713 0.00130339 0.112039 35.1764
266782 14 0.01 0.35 32.9 0.366385 -0.1094 10.0228 0.109099 -0.0343698 34.542
267061 14 0.01 0.35 32.9 -0.251662 -0.0123764 12.1119 -0.0951725 -0.00529616 33.4187
267104 14 0.01 0.35 32.9 -0.468346 -0.366954 5.15547 -0.0722376 -0.056815 37.1195
267368 14 0.01 0.35 32.9 -0.272786 -0.331939 14.9181 -0.121738 -0.151175 32.3323
267427 14 0.01 0.35 32.9 0.151343 0.110481 12.3396 0.0579154 0.0437317 33.4561
268813 14 0.01 0.35 32.9 -0.130283 0.434585 9.49866 -0.036541 0.124612 31.9355
269732 14 0.01 0.35 32.9 0.407671 0.195512 10.7618 0.13481 0.0631987 33.7046
269817 14 0.01 0.35 32.9 0.114368 -0.104612 6.30581 0.0235717 -0.0188485 36.871
270009 14 0.01 0.35 32.9 0.25216 -0.301983 8.1858 0.0641259 -0.0768793 35.0181
272104 14 0.01 0.35 32.9 0.156221 0.19648 2.39189 0.0115461 0.0130533 34.5474
273637 14 0.01 0.35 32.9 0.0229358 0.342289 4.35879 0.00304834 0.0431616 33.9439
275176 14 0.01 0.35 32.9 -0.485781 0.458014 5.66952 -0.0846706 0.0794106 34.9126
276365 14 0.01 0.35 32.9 -0.291111 -0.310024 7.46414 -0.0669216 -0.0706195 34.0689
276408 14 0.01 0.35 32.9 0.0318778 0.266715 21.7021 0.0230258 0.174608 31.5169
277024 14 0.01 0.35 32.9 -0.0886067 0.0127891 3.77393 -0.00996266 0.00152287 34.366
278401 14 0.01 0.35 32.9 -0.222152 -0.266396 3.79557 -0.0244212 -0.029616 37.5994
279000 14 0.01 0.35 32.9 0.385508 -0.120269 8.15418 0.0964891 -0.0286731 32.37
279688 14 0.01 0.35 32.9 -0.0870767 0.35555 5.56406 -0.0152806 0.0611479 38.3212
280696 14 0.01 0.35 32.9 -0.00835603 0.193483 8.19505 -0.00217749 0.0484592 35.7277
281138 14 0.01 0.35 32.9 0.410715 -0.163655 5.29174 0.063776 -0.026276 37.7835
281613 14 0.01 0.35 32.9 0.365612 0.108657 4.56302 0.0510617 0.0139197 37.1208
282051 14 0.01 0.35 32.9 -0.0224967 0.188216 7.95796 -0.00430195 0.045154 34.4863
282831 14 0.01 0.35 32.9 -0.40777 0.278157 8.06628 -0.100177 0.0673537 34.9096
284030 14 0.01 0.35 32.9 -0.106949 -0.0238113 12.2356 -0.0392811 -0.00572276 31.6162
284137 14 0.01 0.35 32.9 0.388073 -0.348841 3.50851 0.0430234 -0.0379005 36.4425
285127 14 0.01 0.35 32.9 -0.428367 0.322955 3.24558 -0.044294 0.0333967 36.8251
285918 14 0.01 0.35 32.9 0.0291906 0.0232766 3.17614 0.00166121 0.00124194 36.2211
287376 14 0.01 0.35 32.9 -0.0418069 0.421241 4.3551 -0.00391543 0.0561963 34.2408
288935 14 0.01 0.35 32.9 -0.0601152 -0.0491588 7.39763 -0.0117072 -0.011037 35.4745
288974 14 0.01 0.35 32.9 -0.212101 0.0899919 5.00687 -0.0327193 0.0125177 36.3819
289995 14 0.01 0.35 32.9 -0.221462 -0.0176302 10.8085 -0.0714568 -0.00524775 33.6627
290123 14 0.01 0.35 32.9 0.138996 -0.0896613 19.2202 0.0805735 -0.0502772 31.5702
290231 14 0.01 0.35 32.9 0.0278224 0.415411 4.45064 0.00421203 0.0561712 36.5129
291425 14 0.01 0.35 32.9 0.460244 0.202924 3.09983 0.0451817 0.0204486 36.0378
292126 14 0.01 0.35 32.9 -0.337958 0.475962 9.15944 -0.0953637 0.133566 34.8668
292400 14 0.01 0.35 32.9 0.395969 -0.0273443 7.77516 0.0942965 -0.00808772 36.0019
292560 14 0.01 0.35 32.9 -0.352218 0.0543695 5.92514 -0.0623834 0.0114877 35.1994
293450 14 0.01 0.35 32.9 0.192543 0.302851 3.98721 0.0216424 0.0361218 35.8879
294167 14 0.01 0.35 32.9 -0.221822 0.203042 3.01324 -0.0217493 0.0172539 35.8831
295385 14 0.01 0.35 32.9 -0.410789 -0.138162 11.9583 -0.150927 -0.0509294 33.4597
295430 14 0.01 0.35 32.9 0.115621 -0.197967 12.4397 0.043326 -0.0772838 31.3014
296818 14 0.01 0.35 32.9 -0.151971 -0.384558 7.82026 -0.0360544 -0.0919847 34.6916
297271 14 0.01 0.35 32.9 -0.142532 -0.410142 3.4575 -0.0162686 -0.0442341 36.5592
297605 14 0.01 0.35 32.9 0.489679 -0.473923 11.9747 0.178789 -0.171368 33.0887
297750 14 0.01 0.35 32.9 0.477461 0.167766 9.97298 0.141445 0.0498992 34.4581
297822 14 0.01 0.35 32.9 0.18824 -0.495879 8.93689 0.0489218 -0.133842 35.3591
299066 14 0.01 0.35 32.9 -0.264056 0.372623 4.61812 -0.0381636 0.0528076 35.1285
300882 14 0.01 0.35 32.9 -0.313558 -0.167299 1.976 -0.0187725 -0.0101753 35.5675
301680 14 0.01 0.35 32.9 -0.244442 0.491417 5.97075 -0.0430365 0.088484 37.0476
301813 14 0.01 0.35 32.9 -0.290342 -0.456835 2.80331 -0.0253746 -0.0411397 36.5842
305367 14 0.01 0.35 32.9 0.278429 0.384464 2.69992 0.0209837 0.0302704 33.7172
306165 14 0.01 0.35 32.9 0.314284 -0.10821 2.91424 0.0284535 -0.0078748 35.7148
306424 14 0.01 0.35 32.9 0.0184958 0.31588 1.70129 0.000997101 0.0192349 33.4323
307160 14 0.01 0.35 32.9 -0.448228 0.228627 2.5129 -0.0333142 0.0163728 34.2096
307748 14 0.01 0.35 32.9 -0.0172652 -0.0237867 6.30495 -0.00470057 -0.00649027 37.0241
308070 14 0.01 0.35 32.9 -0.388229 0.183539 6.87936 -0.0815484 0.0366488 36.3813
308180 14 0.01 0.35 32.9 0.334866 0.170924 3.59311 0.0358958 0.017657 37.3256
309703 14 0.01 0.35 32.9 0.094023 0.0883949 7.07585 0.0221525 0.01956 36.6576
310040 14 0.01 0.35 32.9 -0.276619 -0.00762709 22.2798 -0.185023 -0.00330189 31.3549
310137 14 0.01 0.35 32.9 -0.498872 0.0642709 16.9092 -0.257484 0.0328779 31.276
310796 14 0.01 0.35 32.9 0.496329 -0.420783 4.65052 0.071171 -0.0604323 33.5885
310870 14 0.01 0.35 32.9 0.181961 -0.102031 2.37145 0.0144918 -0.00839941 34.7193
310931 14 0.01 0.35 32.9 -0.108036 0.334347 4.13164 -0.0148398 0.0425251 34.0246
312219 14 0.01 0.35 32.9 -0.00650945 0.214636 4.64867 0.00065862 0.0311628 37.009
312471 14 0.01 0.35 32.9 -0.154175 -0.336191 4.71105 -0.0233368 -0.047671 37.1088
312529 14 0.01 0.35 32.9 0.175113 0.426607 3.98666 0.0219467 0.0522848 35.5467
314155 14 0.01 0.35 32.9 0.480438 0.246039 10.6309 0.155207 0.0788964 32.1481
317185 14 0.01 0.35 32.9 -0.461239 -0.245147 2.49725 -0.0318256 -0.0182638 32.8023
317533 14 0.01 0.35 32.9 -0.426688 0.0962608 1.4503 -0.0148272 0.00490804 33.1106
319011 14 0.01 0.35 32.9 0.21972 0.153484 10.2537 0.0679173 0.0508231 33.4859
319053 14 0.01 0.35 32.9 -0.329134 -0.159299 3.76226 -0.0372031 -0.0185348 37.4748
319517 14 0.01 0.35 32.9 0.172931 -0.374607 7.44172 0.0388429 -0.0866796 34.8605
320492 14 0.01 0.35 32.9 0.398911 -0.144071 4.95653 0.0600542 -0.0187888 37.2746
322946 14 0.01 0.35 32.9 0.313156 0.218509 2.34 0.0222775 0.0140049 35.6852
323216 14 0.01 0.35 32.9 0.452616 -0.423306 4.11549 0.0579015 -0.0563431 33.2986
324601 14 0.01 0.35 32.9 0.482729 -0.24598 5.11084 0.0770797 -0.0361369 37.2731
324735 14 0.01 0.35 32.9 -0.0856834 0.150816 2.43108 -0.00536306 0.0111073 33.4452
324864 14 0.01 0.35 32.9 -0.165001 -0.294239 11.8918 -0.0580245 -0.106478 32.6677
325748 14 0.01 0.35 32.9 -0.109222 -0.307109 4.61563 -0.0168656 -0.0428127 37.1879
325859 14 0.01 0.35 32.9 -0.356935 0.126879 22.5238 -0.244748 0.0844129 31.4277
326045 14 0.01 0.35 32.9 -0.462666 -0.179052 4.6277 -0.0637842 -0.0266243 37.4465
326128 14 0.01 0.35 32.9 -0.230032 0.457707 12.9793 -0.091639 0.179174 31.8906
326660 14 0.01 0.35 32.9 0.496295 0.0309474 11.0036 0.164931 0.0116652 32.4249
328850 14 0.01 0.35 32.9 -0.103212 -0.442865 5.82503 -0.0191588 -0.0790529 32.8239
328864 14 0.01 0.35 32.9 0.246768 -0.163015 3.3652 0.0253471 -0.0172595 37.127
329039 14 0.01 0.35 32.9 -0.473263 0.45156 9.52018 -0.135214 0.131383 31.4374
329386 14 0.01 0.35 32.9 0.42454 0.403444 7.23649 0.0940154 0.0876824 35.0546
330285 14 0.01 0.35 32.9 0.0211854 -0.461145 5.01139 0.00603206 -0.0732535 34.1096
330731 14 0.01 0.35 32.9 0.395251 0.04777 5.37916 0.0611988 0.00851427 37.3283
331054 14 0.01 0.35 32.9 0.0896814 0.0159486 3.71763 0.00851903 0.0025728 37.0019
333195 14 0.01 0.35 32.9 0.175924 0.416781 5.55567 0.03151 0.0699459 36.5279
333409 14 0.01 0.35 32.9 0.346411 -0.0684964 10.2001 0.106584 -0.023352 32.466
334053 14 0.01 0.35 32.9 0.241453 0.246506 9.81688 0.0727365 0.0731353 32.5182
334560 14 0.01 0.35 32.9 -0.131545 -0.32801 2.21711 -0.00927035 -0.0230142 36.5325
335198 14 0.01 0.35 32.9 -0.0383697 0.0477972 5.74536 -0.0064827 0.00882077 32.7107
335262 14 0.01 0.35 32.9 0.216345 0.417459 2.67912 0.0196344 0.0336767 34.1412
337398 14 0.01 0.35 32.9 -0.272173 0.259221 6.02965 -0.0485868 0.0474926 37.7169
338096 14 0.01 0.35 32.9 -0.0992952 -0.464437 6.79762 -0.0202367 -0.0974756 32.5484
339954 14 0.01 0.35 32.9 0.475482 0.0230347 4.16342 0.0613813 0.00322893 38.2421
344261 14 0.01 0.35 32.9 0.439857 0.196563 8.6686 0.114867 0.0513559 34.6643
346186 14 0.01 0.35 32.9 0.287939 0.403092 5.63498 0.048056 0.0681096 34.6192
346722 14 0.01 0.35 32.9 0.418172 0.285602 5.83 0.0731162 0.0491275 38.1428
350911 14 0.01 0.35 32.9 0.485805 0.470626 1.9948 0.029203 0.0311227 34.2913
351333 14 0.01 0.35 32.9 -0.23183 0.367368 0.739226 -0.00229371 0.00957341 33.0787
352804 14 0.01 0.35 32.9 0.245141 0.113858 5.81194 0.0452515 0.0210404 37.818
354085 14 0.01 0.35 32.9 -0.426987 0.306598 6.05815 -0.0798687 0.0563394 35.2695
355203 14 0.01 0.35 32.9 -0.454626 0.322787 7.86545 -0.103293 0.075937 31.4175
356023 14 0.01 0.35 32.9 0.117294 -0.0132378 3.79005 0.0125123 -0.00295923 33.4334
356586 14 0.01 0.35 32.9 0.284854 -0.456066 4.0052 0.0361759 -0.0535853 33.5552
356642 14 0.01 0.35 32.9 -0.121237 -0.0588045 10.9926 -0.0397247 -0.0215903 31.7975
356696 14 0.01 0.35 32.9 0.214566 0.211587 3.6514 0.0244143 0.0220255 32.9852
357004 14 0.01 0.35 32.9 -0.383696 0.031975 6.06169 -0.0719193 0.00327874 32.739
357788 14 0.01 0.35 32.9 0.45173 -0.188227 9.51933 0.132831 -0.0535777 31.9999
358353 14 0.01 0.35 32.9 -0.100817 0.132528 7.30222 -0.0207876 0.0293721 36.7371
360598 14 0.01 0.35 32.9 0.121289 0.0348859 4.68405 0.0153143 0.00649478 35.4032
360817 14 0.01 0.35 32.9 -0.483194 -0.340528 2.94997 -0.0426053 -0.0300579 34.9413
361112 14 0.01 0.35 32.9 -0.132783 -0.482647 2.19702 -0.00900165 -0.0323987 35.6164
361304 14 0.01 0.35 32.9 0.442939 0.387908 8.79057 0.119283 0.102277 33.4608
361753 14 0.01 0.35 32.9 0.163985 -0.446308 10.4328 0.0543085 -0.139324 34.1365
362448 14 0.01 0.35 32.9 -0.412092 -0.116189 5.34301 -0.0682724 -0.0189177 36.7867
363018 14 0.01 0.35 32.9 0.267299 -0.342799 4.08007 0.0312337 -0.0412051 35.0529
363863 14 0.01 0.35 32.9 -0.0781817 0.153408 10.2148 -0.0239825 0.0471574 33.441
364319 14 0.01 0.35 32.9 0.0593189 -0.150027 5.85194 0.00973031 -0.0263608 37.8644
364604 14 0.01 0.35 32.9 0.486461 -0.133899 6.35216 0.0941821 -0.024366 33.2761
365273 14 0.01 0.35 32.9 0.0675244 -0.23639 4.89018 0.0117092 -0.0356451 36.6775
366280 14 0.01 0.35 32.9 -0.455376 -0.0810889 4.65592 -0.0631491 -0.0108204 36.8451
366721 14 0.01 0.35 32.9 0.470515 -0.304145 7.13452 0.103635 -0.0648281 34.0798
368233 14 0.01 0.35 32.9 -0.267004 0.417456 4.5148 -0.0367615 0.055643 33.9881
368344 14 0.01 0.35 32.9 -0.230738 0.251999 10.8537 -0.0744886 0.0843285 34.0264
369408 14 0.01 0.35 32.9 0.145416 0.253286 7.61628 0.0344073 0.0580859 34.3235
369789 14 0.01 0.35 32.9 0.0831966 0.456877 2.95855 0.00740354 0.0422791 36.3623
372277 14 0.01 0.35 32.9 -0.0431414 -0.0706886 7.19432 -0.00943024 -0.0157903 36.917
372994 14 0.01 0.35 32.9 0.397949 0.340976 6.39471 0.0769823 0.0661745 35.5202
375229 14 0.01 0.35 32.9 -0.471933 -0.173767 9.69601 -0.140903 -0.0515098 32.2876
375651 14 0.01 0.35 32.9 -0.279516 -0.12544 4.45652 -0.0386525 -0.0174161 34.6326
375779 14 0.01 0.35 32.9 -0.272991 0.439113 13.1062 -0.109818 0.174561 32.7625
377967 14 0.01 0.35 32.9 -0.122255 -0.359589 9.81197 -0.0354812 -0.107006 33.7414
378204 14 0.01 0.35 32.9 -0.133435 -0.282896 6.9251 -0.027931 -0.0613098 34.7698
378435 14 0.01 0.35 32.9 -0.237664 -0.141064 5.7358 -0.0415093 -0.0223082 35.0373
378618 14 0.01 0.35 32.9 -0.0868696 -0.399052 10.613 -0.0270049 -0.129276 32.8006
381236 14 0.01 0.35 32.9 -0.241258 -0.207825 4.49251 -0.0332677 -0.0281619 37.8841
382454 14 0.01 0.35 32.9 0.183417 -0.271363 2.93394 0.0169687 -0.0262275 35.9745
382579 14 0.01 0.35 32.9 -0.0746832 0.356836 9.8877 -0.0235238 0.106076 34.6075
382905 14 0.01 0.35 32.9 0.397769 -0.0933456 4.14449 0.0491903 -0.00913823 37.763
383754 14 0.01 0.35 32.9 -0.369928 0.464109 6.75976 -0.0760349 0.0960706 31.9305
385435 14 0.01 0.35 32.9 0.0682127 -0.456071 9.90792 0.0215254 -0.139498 33.596
386064 14 0.01 0.35 32.9 0.35081 0.376622 4.65711 0.0491808 0.0528309 37.3844
386119 14 0.01 0.35 32.9 0.276777 0.444884 3.96321 0.0327318 0.0524439 33.318
386145 14 0.01 0.35 32.9 -0.232254 -0.0984267 21.0019 -0.148382 -0.0643015 31.6685
388160 14 0.01 0.35 32.9 -0.00541861 -0.401875 6.83545 -0.00245271 -0.0853094 35.2748
388924 14 0.01 0.35 32.9 -0.203892 -0.29527 6.77414 -0.0399389 -0.0565775 36.8821
390283 14 0.01 0.35 32.9 0.428478 -0.261365 0.632131 0.00751227 -0.00178599 34.2945
390772 14 0.01 0.35 32.9 -0.498282 -0.0084076 3.7456 -0.0572047 -0.00198826 32.2114
390800 14 0.01 0.35 32.9 0.0375956 0.194238 25.9416 0.029591 0.153948 31.1819
392252 14 0.01 0.35 32.9 -0.184326 0.408643 6.09445 -0.0345722 0.0778808 34.0034
392403 14 0.01 0.35 32.9 -0.258628 0.056626 9.04457 -0.0701113 0.0162492 34.9673
392428 14 0.01 0.35 32.9 0.0382965 -0.128157 7.31586 0.00643855 -0.0291923 35.842
393178 14 0.01 0.35 32.9 -0.0825988 -0.258665 5.65944 -0.0156645 -0.0413635 38.2659
393770 14 0.01 0.35 32.9 -0.369157 0.304488 4.24619 -0.049824 0.0398571 34.6681
394142 14 0.01 0.35 32.9 0.0906974 -0.15615 5.04366 0.0137327 -0.0214257 38.4842
394993 14 0.01 0.35 32.9 0.341724 -0.449628 4.85616 0.046626 -0.0673625 36.5889
396333 14 0.01 0.35 32.9 0.0440781 -0.244636 5.85133 0.00950399 -0.0449714 37.949
397839 14 0.01 0.35 32.9 0.413926 0.433298 4.20213 0.0549979 0.051198 37.9001
398368 14 0.01 0.35 32.9 -0.0744088 -0.09969 11.9374 -0.0286056 -0.0363014 31.8273
398721 14 0.01 0.35 32.9 -0.118653 0.149523 7.11641 -0.0260804 0.0323779 34.7141
399372 14 0.01 0.35 32.9 -0.236942 0.291336 2.43534 -0.0156184 0.0207181 34.6433
400363 14 0.01 0.35 32.9 0.146856 0.475642 4.60955 0.0181569 0.0655022 31.885
402534 14 0.01 0.35 32.9 0.248818 -0.0275682 3.47598 0.0261322 -0.00233669 37.4353
404617 14 0.01 0.35 32.9 -0.0715964 0.0189687 2.5761 -0.00541771 0.00120373 34.2979
408312 14 0.01 0.35 32.9 0.224574 0.0415157 5.84942 0.0397445 0.00641711 33.0254
409111 14 0.01 0.35 32.9 -0.45582 -0.233202 2.04892 -0.0268071 -0.012378 33.8868
409603 14 0.01 0.35 32.9 -0.47361 -0.0160319 3.30264 -0.0468641 -0.00391854 35.9378
409734 14 0.01 0.35 32.9 -0.323716 0.416759 5.38292 -0.0511571 0.0668966 38.2686
409863 14 0.01 0.35 32.9 0.348002 0.388699 5.28867 0.0554823 0.0621766 36.5059
411216 14 0.01 0.35 32.9 -0.191204 0.0877015 2.37837 -0.0130854 0.00461307 36.0795
411777 14 0.01 0.35 32.9 -0.313983 0.425596 17.0435 -0.161875 0.22074 32.1868
413824 14 0.01 0.35 32.9 0.31724 -0.350196 9.72668 0.0951624 -0.103309 31.8142
414141 14 0.01 0.35 32.9 0.170619 -0.2846 7.73817 0.0384344 -0.0675989 33.6033
414613 14 0.01 0.35 32.9 0.494927 -0.429509 5.4219 0.0800239 -0.0695436 34.6501
415001 14 0.01 0.35 32.9 0.370151 -0.106279 12.3204 0.136282 -0.0388687 33.4351
417099 14 0.01 0.35 32.9 -0.446198 0.435495 8.40105 -0.113952 0.114091 34.0222
417740 14 0.01 0.35 32.9 0.218016 0.421654 11.9954 0.0767292 0.153704 31.9972
418362 14 0.01 0.35 32.9 -0.130738 0.266194 5.61863 -0.0207092 0.0458702 35.8198
420106 14 0.01 0.35 32.9 0.403557 0.448066 7.26305 0.0886844 0.097303 33.7721
420289 14 0.01 0.35 32.9 -0.000219651 0.37798 4.47066 -0.000764374 0.0502929 35.7794
420424 14 0.01 0.35 32.9 -0.456654 -0.168597 9.96716 -0.139207 -0.0515733 32.1773
420785 14 0.01 0.35 32.9 0.455302 0.453863 16.9734 0.232792 0.2354 31.757
420926 14 0.01 0.35 32.9 -0.221502 0.447216 5.10577 -0.035175 0.0697982 36.8262
422731 14 0.01 0.35 32.9 -0.430283 -0.109809 3.88727 -0.0500682 -0.0140907 37.2733
422853 14 0.01 0.35 32.9 -0.287053 0.417008 2.70129 -0.0254436 0.0351747 36.5838
423268 14 0.01 0.35 32.9 0.344487 -0.235888 6.20206 0.0639395 -0.0449129 36.3704
425025 14 0.01 0.35 32.9 -0.377288 -0.357629 7.53149 -0.0871985 -0.0822205 33.1772
425070 14 0.01 0.35 32.9 -0.376988 0.411938 2.55197 -0.0267289 0.0334743 34.7557
425293 14 0.01 0.35 32.9 0.279479 -0.269293 8.3109 0.0696577 -0.0687866 31.1662
426363 14 0.01 0.35 32.9 0.325191 0.390999 2.38648 0.021336 0.0270937 34.6001
427079 14 0.01 0.35 32.9 0.278475 -0.144466 2.36744 0.0222129 -0.00909919 33.6621
428000 14 0.01 0.35 32.9 -0.121339 0.497718 4.87402 -0.0181475 0.0741624 35.2633
428059 14 0.01 0.35 32.9 -0.0614471 0.178797 2.14336 -0.00452119 0.0126854 35.5996
428204 14 0.01 0.35 32.9 0.115855 0.125519 5.03071 0.016314 0.0194911 37.7763
428825 14 0.01 0.35 32.9 -0.150998 0.363868 18.3166 -0.0837688 0.201454 31.3448
429068 14 0.01 0.35 32.9 -0.324343 0.0892621 5.01819 -0.0498528 0.0120649 34.009
433540 14 0.01 0.35 32.9 -0.250254 -0.403955 5.25228 -0.0422676 -0.0648306 34.5596
433861 14 0.01 0.35 32.9 0.349195 -0.408178 8.2766 0.0876657 -0.101786 31.5493
434373 14 0.01 0.35 32.9 0.407402 -0.259275 15.3176 0.189405 -0.121614 32.252
435736 14 0.01 0.35 32.9 -0.0181419 0.0918539 11.5352 -0.00568613 0.0308527 33.1716
436707 14 0.01 0.35 32.9 0.43003 0.154652 11.744 0.153852 0.0550568 32.6994
436711 14 0.01 0.35 32.9 0.202521 0.143389 9.90163 0.0605611 0.0429215 34.6337
437654 14 0.01 0.35 32.9 0.294994 0.42469 8.24404 0.074501 0.108455 35.872
438580 14 0.01 0.35 32.9 0.425971 0.446813 5.62441 0.074044 0.0750627 33.8683
440244 14 0.01 0.35 32.9 0.122978 0.0313322 5.65774 0.0205591 0.00643194 34.7564
440938 14 0.01 0.35 32.9 -0.283985 -0.229916 13.0593 -0.113411 -0.0915492 32.3712
441313 14 0.01 0.35 32.9 -0.275365 -0.444127 9.01157 -0.0750775 -0.122644 32.417
442948 14 0.01 0.35 32.9 0.211754 0.250366 9.15974 0.0603117 0.0678317 34.9963
444912 14 0.01 0.35 32.9 0.335416 0.390739 5.07693 0.0511889 0.0598902 37.0454
445315 14 0.01 0.35 32.9 0.206245 0.00476555 3.68746 0.0225553 0.00138881 34.3146
445341 14 0.01 0.35 32.9 -0.00937687 -0.445153 7.18247 -0.00186038 -0.0974493 36.2983
446438 14 0.01 0.35 32.9 0.226744 0.0158967 16.2356 0.111854 0.00835609 31.7815
447024 14 0.01 0.35 32.9 0.331821 -0.181247 8.58144 0.0864997 -0.0466275 35.1619
447987 14 0.01 0.35 32.9 0.437779 0.491901 2.95017 0.0375236 0.0454173 32.7042
448507 14 0.01 0.35 32.9 0.268914 -0.475614 8.84482 0.0706737 -0.126227 33.49
449021 14 0.01 0.35 32.9 0.167276 -0.231608 4.74502 0.0206617 -0.0356752 38.365
449480 14 0.01 0.35 32.9 -0.333961 -0.494776 5.38978 -0.0521889 -0.0790499 37.9264
449649 14 0.01 0.35 32.9 0.290705 0.382387 5.82982 0.0514255 0.0685412 37.9919
450271 14 0.01 0.35 32.9 -0.380341 -0.271593 2.70793 -0.0314716 -0.0210445 31.9223
450495 14 0.01 0.35 32.9 0.254312 0.443715 10.9165 0.0829225 0.148452 32.6343
451305 14 0.01 0.35 32.9 -0.310485 -0.297344 6.14334 -0.0598294 -0.0557639 34.14
451464 14 0.01 0.35 32.9 0.245682 -0.436934 16.0722 0.121688 -0.21539 32.3491
451569 14 0.01 0.35 32.9 -0.00361589 -0.131139 12.8234 -0.000684933 -0.0518445 33.0505
455211 14 0.01 0.35 32.9 -0.267417 0.34396 3.5919 -0.0272761 0.0382872 37.866
456038 14 0.01 0.35 32.9 0.0274466 0.0615604 8.54132 0.00922087 0.0173438 35.4307
456394 14 0.01 0.35 32.9 -0.227652 -0.07313 14.5795 -0.100982 -0.0318738 32.6147
456505 14 0.01 0.35 32.9 0.340868 -0.245968 6.01937 0.0620814 -0.0460881 33.8427
456972 14 0.01 0.35 32.9 -0.35462 -0.386534 4.06019 -0.0437424 -0.0500975 37.2055
457755 14 0.01 0.35 32.9 0.327066 0.304984 3.2943 0.0313001 0.0302399 35.7223
458602 14 0.01 0.35 32.9 0.245967 0.301313 4.04529 0.029292 0.0379245 35.9893
460741 14 0.01 0.35 32.9 -0.462372 -0.263996 10.1355 -0.143686 -0.0804293 34.0421
461174 14 0.01 0.35 32.9 0.25238 0.324654 10.5968 0.0816202 0.104817 32.2122
462295 14 0.01 0.35 32.9 0.344212 0.467734 7.79571 0.082807 0.10842 35.2155
462555 14 0.01 0.35 32.9 -0.496762 0.037527 23.459 -0.352603 0.0239621 30.9846
463259 14 0.01 0.35 32.9 0.385166 -0.46108 12.4864 0.146286 -0.174233 32.3051
470701 14 0.01 0.35 32.9 0.373307 0.178058 10.9295 0.122724 0.0592934 32.0088
472343 14 0.01 0.35 32.9 0.399385 0.0356071 4.0102 0.0493866 0.00470284 37.6802
472724 14 0.01 0.35 32.9 -0.187734 0.486458 1.93965 -0.0121185 0.028477 34.4588
472791 14 0.01 0.35 32.9 -0.0151363 0.403915 13.1437 -0.00650414 0.159946 32.7771
475366 14 0.01 0.35 32.9 -0.423556 -0.00635855 4.03402 -0.0501444 0.0011734 37.3204
476184 14 0.01 0.35 32.9 -0.297743 -0.0983439 8.06124 -0.0720869 -0.0271289 34.0647
476954 14 0.01 0.35 32.9 -0.0221146 0.193686 10.1159 -0.0103727 0.0617788 33.0891
477348 14 0.01 0.35 32.9 -0.415692 -0.486462 3.49364 -0.0435417 -0.0500351 38.1874
477997 14 0.01 0.35 32.9 0.208281 0.225764 2.6802 0.017322 0.0187132 35.8144
478940 14 0.01 0.35 32.9 0.189547 0.0213842 3.02706 0.0169347 0.00367705 37.2115
479443 14 0.01 0.35 32.9 -0.00626467 0.166617 3.17197 -0.002991 0.0158416 34.1508
479957 14 0.01 0.35 32.9 -0.455685 0.22509 4.36695 -0.0608748 0.0312284 35.0716
480934 14 0.01 0.35 32.9 0.309755 -0.290455 6.79252 0.0633646 -0.0599185 34.3263
482638 14 0.01 0.35 32.9 0.0398629 -0.0138302 7.45013 0.0074287 -0.000764001 34.5296
483692 14 0.01 0.35 32.9 -0.344877 -0.288196 4.97284 -0.0535176 -0.043345 34.3457
484252 14 0.01 0.35 32.9 -0.407557 0.152111 6.88567 -0.0856013 0.035521 34.4711
487271 14 0.01 0.35 32.9 -0.0974679 -0.0428389 5.74214 -0.0157218 -0.00599284 37.7148
487688 14 0.01 0.35 32.9 -0.110626 -0.35582 3.73607 -0.0126406 -0.040645 35.326
487931 14 0.01 0.35 32.9 -0.000563292 -0.00901909 6.07573 0.000244249 -0.00267722 35.645
489269 14 0.01 0.35 32.9 0.23802 0.376279 4.16203 0.0288812 0.0475593 36.0778
490263 14 0.01 0.35 32.9 0.278404 -0.309617 3.2203 0.0265884 -0.0311418 37.0376
490477 14 0.01 0.35 32.9 -0.459267 0.149925 4.48975 -0.062644 0.0200227 35.9015
490556 14 0.01 0.35 32.9 -0.165454 -0.422669 2.69242 -0.0127868 -0.0342776 32.154
490720 14 0.01 0.35 32.9 -0.391774 -0.0797594 6.62171 -0.0788859 -0.0145399 33.7482
491532 14 0.01 0.35 32.9 0.446451 -0.367011 3.03688 0.0413377 -0.0332988 33.3801
491562 14 0.01 0.35 32.9 0.109579 -0.268807 3.60936 0.0124818 -0.0302403 35.8039
492097 14 0.01 0.35 32.9 0.386286 -0.329465 6.78691 0.0805288 -0.0659007 32.5997
492885 14 0.01 0.35 32.9 0.293859 -0.23929 7.05603 0.0643189 -0.0525282 36.2589
494813 14 0.01 0.35 32.9 -0.103644 -0.0126344 2.96022 -0.0104628 0.0016135 36.1845
497586 14 0.01 0.35 32.9 0.181155 0.275162 2.84416 0.0149804 0.0252868 35.7196
498611 14 0.01 0.35 32.9 -0.48857 0.0205517 2.20451 -0.033944 0.00354683 36.7792
499375 14 0.01 0.35 32.9 -0.430479 -0.0274961 4.64007 -0.0612278 -0.00222609 32.636
499390 14 0.01 0.35 32.9 -0.225208 0.449285 8.01576 -0.0538313 0.111028 33.7906
499500 14 0.01 0.35 32.9 0.438414 -0.0522794 10.6356 0.139971 -0.016917 32.7769
