1748 15 0.01 0.7 32.9 -0.175779 0.298015 8.63607 -0.0460582 0.0807548 16.089
2629 15 0.01 0.7 32.9 -0.346893 0.400566 3.11304 -0.0360558 0.04096 16.089
4084 15 0.01 0.7 32.9 -0.103511 -0.354258 8.97685 -0.0269093 -0.0971647 16.089
6868 15 0.01 0.7 32.9 -0.133942 -0.0310771 15.8425 -0.0659702 -0.0145602 16.089
14349 15 0.01 0.7 32.9 -0.397843 0.148406 6.91152 -0.0842939 0.0299526 16.089
15755 15 0.01 0.7 32.9 -0.420695 -0.362058 4.31291 -0.0530611 -0.0471189 16.089
16404 15 0.01 0.7 32.9 0.333151 -0.416725 2.08068 0.0219391 -0.0246919 16.089
24559 15 0.01 0.7 32.9 -0.413419 0.14374 3.88018 -0.0489028 0.0174251 16.089
26449 15 0.01 0.7 32.9 0.015887 -0.204295 3.58081 0.00201517 -0.020316 16.089
27367 15 0.01 0.7 32.9 0.358899 -0.183638 7.60052 0.083648 -0.0432713 16.089
27799 15 0.01 0.7 32.9 0.499283 0.397902 18.8877 0.28602 0.228094 16.089
34737 15 0.01 0.7 32.9 0.389729 -0.242027 3.02461 0.0356744 -0.021148 16.089
36439 15 0.01 0.7 32.9 0.376894 -0.122017 9.76127 0.109432 -0.037119 16.089
37796 15 0.01 0.7 32.9 0.116098 0.0519552 2.64806 0.00952122 0.00634933 16.089
40453 15 0.01 0.7 32.9 0.0745125 0.272212 6.04353 0.0133251 0.0485662 16.089
41429 15 0.01 0.7 32.9 0.288882 -0.344912 5.40472 0.0467759 -0.0566899 16.089
42909 15 0.01 0.7 32.9 -0.496689 -0.0752313 11.7753 -0.177254 -0.0245674 16.089
42917 15 0.01 0.7 32.9 0.441319 0.0420855 6.12167 0.0817033 0.00804156 16.089
43132 15 0.01 0.7 32.9 -0.0748982 -0.131406 10.6161 -0.0248244 -0.0428204 16.089
43506 15 0.01 0.7 32.9 0.482773 0.113322 5.1648 0.0783502 0.0189865 16.089
45577 15 0.01 0.7 32.9 -0.115004 -0.316978 1.18996 -0.00411969 -0.0111738 16.089
46291 15 0.01 0.7 32.9 -0.28817 -0.345335 9.40249 -0.0827896 -0.0956745 16.089
53397 15 0.01 0.7 32.9 0.289426 -0.066871 4.83633 0.0439082 -0.0100214 16.089
54651 15 0.01 0.7 32.9 0.407304 0.0475573 2.49731 0.0306958 0.00551456 16.089
56626 15 0.01 0.7 32.9 -0.431111 0.0885482 2.9306 -0.0385634 0.0063124 16.089
56685 15 0.01 0.7 32.9 0.115033 0.248021 5.16002 0.0153053 0.0408108 16.089
56722 15 0.01 0.7 32.9 -0.229968 0.105777 3.82658 -0.0270321 0.0140324 16.089
59038 15 0.01 0.7 32.9 -0.349041 0.155975 3.94382 -0.0403001 0.0184479 16.089
61555 15 0.01 0.7 32.9 0.284615 0.498585 16.5361 0.143487 0.248407 16.089
62966 15 0.01 0.7 32.9 0.41035 -0.105782 17.1003 0.212955 -0.0535993 16.089
63348 15 0.01 0.7 32.9 -0.460946 -0.106892 8.83187 -0.123926 -0.028599 16.089
65505 15 0.01 0.7 32.9 0.411554 -0.4034 3.18383 0.0410454 -0.0410798 16.089
65557 15 0.01 0.7 32.9 -0.280534 -0.196248 6.46167 -0.0561881 -0.0358641 16.089
66778 15 0.01 0.7 32.9 0.455881 -0.476024 4.30122 0.0594945 -0.0569764 16.089
67903 15 0.01 0.7 32.9 -0.320878 -0.0275187 5.07008 -0.0498538 -0.00499852 16.089
68054 15 0.01 0.7 32.9 -0.138936 -0.348364 2.55118 -0.00831867 -0.0269071 16.089
70712 15 0.01 0.7 32.9 -0.0348275 -0.248363 3.17099 -0.00225576 -0.0238308 16.089
70824 15 0.01 0.7 32.9 0.28675 -0.0434746 3.27294 0.0286848 -0.00359329 16.089
71008 15 0.01 0.7 32.9 0.301405 -0.462347 1.41901 0.0141971 -0.0191093 16.089
71201 15 0.01 0.7 32.9 -0.10426 -0.261987 5.78823 -0.0201732 -0.0456193 16.089
71517 15 0.01 0.7 32.9 -0.466904 0.220529 8.57322 -0.122076 0.0592336 16.089
72775 15 0.01 0.7 32.9 0.373063 -0.286583 10.3018 0.116846 -0.0884373 16.089
72958 15 0.01 0.7 32.9 0.301932 0.171189 9.68151 0.0887266 0.0527021 16.089
75341 15 0.01 0.7 32.9 0.178251 0.473028 1.94246 0.00951457 0.0287755 16.089
76402 15 0.01 0.7 32.9 -0.461947 -0.0751427 7.75752 -0.107583 -0.0164391 16.089
77545 15 0.01 0.7 32.9 -0.270662 -0.22844 5.51158 -0.0453667 -0.0388958 16.089
77956 15 0.01 0.7 32.9 0.36953 0.0218227 6.02269 0.0657601 0.00280488 16.089
81118 15 0.01 0.7 32.9 0.413454 -0.274392 7.75793 0.0959374 -0.0639093 16.089
82911 15 0.01 0.7 32.9 0.464594 0.174943 2.64877 0.0392249 0.0147246 16.089
83149 15 0.01 0.7 32.9 0.259638 -0.153696 7.70608 0.0607008 -0.0377163 16.089
88496 15 0.01 0.7 32.9 -0.000972742 -0.212274 7.9058 0.0008861 -0.0496099 16.089
89174 15 0.01 0.7 32.9 -0.423834 -0.466278 2.21942 -0.0288969 -0.0317846 16.089
89346 15 0.01 0.7 32.9 -0.224291 0.356791 5.68462 -0.0388306 0.0613192 16.089
93806 15 0.01 0.7 32.9 0.154262 0.1983 15.1494 0.0689294 0.090555 16.089
97207 15 0.01 0.7 32.9 -0.288052 0.427691 13.432 -0.117898 0.174486 16.089
98229 15 0.01 0.7 32.9 -0.0543766 -0.0886484 3.49868 -0.00576825 -0.00736586 16.089
102123 15 0.01 0.7 32.9 -0.0763392 -0.192333 2.83846 -0.00743578 -0.0176596 16.089
102462 15 0.01 0.7 32.9 0.0507511 0.489335 3.66142 0.0073985 0.0538725 16.089
103771 15 0.01 0.7 32.9 -0.217161 -0.392864 9.4802 -0.0619033 -0.114293 16.089
105081 15 0.01 0.7 32.9 -0.032562 -0.226258 7.06343 -0.00886311 -0.0476662 16.089
106180 15 0.01 0.7 32.9 -0.397184 -0.457857 9.44948 -0.113747 -0.130551 16.089
107600 15 0.01 0.7 32.9 -0.386215 0.287791 7.6309 -0.0878705 0.0659988 16.089
108277 15 0.01 0.7 32.9 -0.44647 -0.199288 5.21372 -0.0712281 -0.0292942 16.089
111851 15 0.01 0.7 32.9 -0.298447 -0.257623 9.39488 -0.0830305 -0.0721079 16.089
115243 15 0.01 0.7 32.9 -0.497326 -0.105885 5.47841 -0.0833738 -0.0174625 16.089
120562 15 0.01 0.7 32.9 0.334392 0.115643 9.55174 0.0977276 0.0347682 16.089
120846 15 0.01 0.7 32.9 0.325386 -0.180872 12.6986 0.124252 -0.0687443 16.089
124466 15 0.01 0.7 32.9 0.405453 -0.0243057 6.41579 0.0781006 -0.0038431 16.089
125164 15 0.01 0.7 32.9 0.160573 -0.120082 10.0437 0.0485004 -0.0350773 16.089
125504 15 0.01 0.7 32.9 -0.491208 -0.320591 7.71374 -0.113528 -0.0759951 16.089
127124 15 0.01 0.7 32.9 0.237351 0.149702 3.96355 0.027615 0.0190681 16.089
127705 15 0.01 0.7 32.9 -0.255346 0.0430761 5.68941 -0.0430255 0.00866808 16.089
127725 15 0.01 0.7 32.9 -0.207232 0.48959 4.15425 -0.0267352 0.0635155 16.089
129699 15 0.01 0.7 32.9 -0.112348 0.354808 8.0695 -0.0275107 0.0877742 16.089
129919 15 0.01 0.7 32.9 0.07576 -0.332607 3.3484 0.00763681 -0.0317394 16.089
131477 15 0.01 0.7 32.9 -0.280385 0.0470175 3.22153 -0.0295186 0.00794913 16.089
132341 15 0.01 0.7 32.9 0.169813 0.27717 1.77668 0.010101 0.0144989 16.089
135126 15 0.01 0.7 32.9 0.381556 -0.401029 10.0182 0.114954 -0.122482 16.089
135830 15 0.01 0.7 32.9 -0.352216 0.250399 2.53228 -0.0269934 0.0188916 16.089
141135 15 0.01 0.7 32.9 -0.0250992 0.109847 4.6407 -0.00497908 0.0196878 16.089
141683 15 0.01 0.7 32.9 0.131085 -0.41714 2.98816 0.013964 -0.0376958 16.089
144512 15 0.01 0.7 32.9 -0.0968296 -0.263383 4.0444 -0.0130205 -0.0300751 16.089
144567 15 0.01 0.7 32.9 -0.368413 -0.378679 13.1163 -0.147136 -0.150778 16.089
146930 15 0.01 0.7 32.9 0.413307 0.096381 1.60614 0.0227045 0.00603765 16.089
147931 15 0.01 0.7 32.9 0.264988 -0.287865 7.03287 0.0589992 -0.058715 16.089
148224 15 0.01 0.7 32.9 -0.308677 -0.279502 7.97961 -0.0746012 -0.0659534 16.089
150567 15 0.01 0.7 32.9 0.0472409 -0.114135 4.4004 0.0069381 -0.013843 16.089
153579 15 0.01 0.7 32.9 0.404092 -0.134196 4.78255 0.0575741 -0.0182715 16.089
154269 15 0.01 0.7 32.9 0.274427 0.275278 5.86749 0.0472655 0.0511897 16.089
156832 15 0.01 0.7 32.9 0.0916239 -0.309763 12.9776 0.0375844 -0.121108 16.089
156836 15 0.01 0.7 32.9 -0.241561 -0.407128 5.54219 -0.0424706 -0.0673284 16.089
157935 15 0.01 0.7 32.9 0.374754 0.0973027 6.65712 0.0755627 0.0204931 16.089
161380 15 0.01 0.7 32.9 0.302322 -0.281738 4.75159 0.0478258 -0.04062 16.089
164194 15 0.01 0.7 32.9 -0.267824 -0.483082 14.6813 -0.119308 -0.215247 16.089
168785 15 0.01 0.7 32.9 0.0111287 0.373167 9.16451 0.00296764 0.104095 16.089
171909 15 0.01 0.7 32.9 -0.0214853 0.0724996 10.9439 -0.00577998 0.023853 16.089
175068 15 0.01 0.7 32.9 -0.0811774 0.190213 4.15854 -0.0108934 0.0244279 16.089
176007 15 0.01 0.7 32.9 -0.0808405 -0.0737843 11.5613 -0.0281472 -0.0261764 16.089
176344 15 0.01 0.7 32.9 0.0899107 0.252946 2.66196 0.00717221 0.0245216 16.089
176743 15 0.01 0.7 32.9 0.452886 0.0707122 7.86242 0.10715 0.016632 16.089
179804 15 0.01 0.7 32.9 0.397084 -0.317661 4.78562 0.0605999 -0.0460546 16.089
181064 15 0.01 0.7 32.9 -0.112457 0.168895 5.52156 -0.0192668 0.0317912 16.089
183227 15 0.01 0.7 32.9 0.469482 -0.319699 4.3042 0.0608805 -0.0400334 16.089
185218 15 0.01 0.7 32.9 -0.115153 -0.0964298 9.63564 -0.034879 -0.0279221 16.089
185313 15 0.01 0.7 32.9 -0.411452 0.458312 10.9861 -0.135833 0.155028 16.089
186374 15 0.01 0.7 32.9 -0.486396 -0.395153 4.40851 -0.0654933 -0.0531876 16.089
189658 15 0.01 0.7 32.9 -0.0305234 -0.428695 6.60409 -0.00783039 -0.0863813 16.089
190846 15 0.01 0.7 32.9 0.137285 -0.322623 10.5381 0.0420522 -0.104377 16.089
191979 15 0.01 0.7 32.9 0.152677 -0.198842 0.226619 0.000983299 -0.00221203 16.089
192919 15 0.01 0.7 32.9 0.290971 0.222382 13.7034 0.120497 0.0939022 16.089
193530 15 0.01 0.7 32.9 -0.101729 -0.439397 5.9625 -0.0178867 -0.0761477 16.089
194994 15 0.01 0.7 32.9 0.170914 -0.274594 7.35973 0.038057 -0.0634104 16.089
197072 15 0.01 0.7 32.9 -0.0160755 -0.440079 8.52327 -0.00374942 -0.113273 16.089
202666 15 0.01 0.7 32.9 0.0286355 0.220706 5.20997 0.00309991 0.0365124 16.089
204775 15 0.01 0.7 32.9 0.0890725 -0.0162433 8.54002 0.0228081 -0.00317072 16.089
206699 15 0.01 0.7 32.9 -0.375402 -0.103456 4.14966 -0.0479971 -0.0126442 16.089
207600 15 0.01 0.7 32.9 -0.0448807 0.293001 2.68088 -0.0030268 0.024661 16.089
208601 15 0.01 0.7 32.9 -0.0182765 -0.434896 3.63495 -0.00432225 -0.0470645 16.089
211096 15 0.01 0.7 32.9 0.124699 -0.331307 6.24451 0.0246068 -0.0621695 16.089
211675 15 0.01 0.7 32.9 0.184551 0.287768 2.94457 0.0159446 0.0239337 16.089
212249 15 0.01 0.7 32.9 -0.240072 -0.197222 10.535 -0.0761609 -0.0626857 16.089
215419 15 0.01 0.7 32.9 0.0496445 -0.316601 5.17223 0.00758015 -0.0480457 16.089
216032 15 0.01 0.7 32.9 -0.444504 -0.16809 4.09744 -0.0544936 -0.0204316 16.089
216260 15 0.01 0.7 32.9 0.464785 0.165729 9.02314 0.128844 0.0469654 16.089
216479 15 0.01 0.7 32.9 -0.100154 -0.218731 3.49675 -0.0111583 -0.0226864 16.089
219900 15 0.01 0.7 32.9 0.463176 0.183994 2.96292 0.039226 0.0209036 16.089
220910 15 0.01 0.7 32.9 0.458727 -0.449742 3.69143 0.0535726 -0.0497051 16.089
223994 15 0.01 0.7 32.9 -0.241328 0.464878 8.01649 -0.0578288 0.113483 16.089
225059 15 0.01 0.7 32.9 0.0704248 0.0670757 45.2543 0.0988125 0.0920773 16.089
225468 15 0.01 0.7 32.9 -0.109897 0.472261 4.0739 -0.0140938 0.060622 16.089
228726 15 0.01 0.7 32.9 0.0113366 0.249317 4.56453 0.00101794 0.034766 16.089
228786 15 0.01 0.7 32.9 0.274122 -0.14311 6.13042 0.0518113 -0.0278677 16.089
230069 15 0.01 0.7 32.9 -0.291264 0.405911 4.99531 -0.0433498 0.0613075 16.089
230450 15 0.01 0.7 32.9 0.0300982 -0.0685196 12.323 0.0127782 -0.0267036 16.089
231556 15 0.01 0.7 32.9 -0.0387254 0.364548 3.01031 -0.00317663 0.0324873 16.089
232389 15 0.01 0.7 32.9 0.0846089 0.443679 10.2441 0.0252941 0.137617 16.089
232899 15 0.01 0.7 32.9 -0.0762767 -0.364816 7.34865 -0.0164968 -0.0798904 16.089
234052 15 0.01 0.7 32.9 -0.457009 -0.487933 3.27329 -0.046351 -0.0472016 16.089
234593 15 0.01 0.7 32.9 0.133012 -0.363069 3.15613 0.0126271 -0.0342493 16.089
234938 15 0.01 0.7 32.9 -0.268114 0.220802 9.11234 -0.075648 0.0621467 16.089
235064 15 0.01 0.7 32.9 0.17746 0.112858 9.49499 0.0498826 0.0318777 16.089
237550 15 0.01 0.7 32.9 0.232606 -0.420983 2.26868 0.0142273 -0.0280874 16.089
237967 15 0.01 0.7 32.9 -0.460702 -0.260547 8.6094 -0.120407 -0.0691811 16.089
238068 15 0.01 0.7 32.9 0.131529 0.189585 6.61267 0.0271146 0.0397874 16.089
238682 15 0.01 0.7 32.9 -0.24193 -0.352849 4.36011 -0.0312878 -0.046296 16.089
239582 15 0.01 0.7 32.9 -0.402789 0.268979 3.91546 -0.048353 0.0323847 16.089
240939 15 0.01 0.7 32.9 -0.455872 0.365423 7.15311 -0.0966351 0.0791622 16.089
247422 15 0.01 0.7 32.9 -0.207172 0.233362 9.37218 -0.0585102 0.067013 16.089
249584 15 0.01 0.7 32.9 -0.414223 -0.487031 4.89544 -0.0630138 -0.0739362 16.089
256558 15 0.01 0.7 32.9 0.0933989 -0.495477 7.4405 0.0185342 -0.112926 16.089
259478 15 0.01 0.7 32.9 -0.442452 -0.103105 6.87331 -0.0931555 -0.0206321 16.089
261285 15 0.01 0.7 32.9 -0.176518 0.195418 1.93082 -0.0102924 0.0115667 16.089
261540 15 0.01 0.7 32.9 -0.104445 -0.341207 2.64818 -0.00774849 -0.0256513 16.089
264189 15 0.01 0.7 32.9 -0.10735 0.456529 5.4502 -0.0181833 0.074869 16.089
269312 15 0.01 0.7 32.9 -0.212622 -0.155274 5.03549 -0.0323442 -0.0238068 16.089
270197 15 0.01 0.7 32.9 -0.27913 0.016118 2.06703 -0.0150339 0.00511015 16.089
271613 15 0.01 0.7 32.9 -0.367194 0.154993 15.9731 -0.17794 0.0770251 16.089
271989 15 0.01 0.7 32.9 0.0916186 0.422231 2.51805 0.00843818 0.0328746 16.089
274828 15 0.01 0.7 32.9 -0.345465 0.245864 8.20104 -0.085346 0.0619394 16.089
276239 15 0.01 0.7 32.9 0.112703 -0.277673 4.48988 0.0143338 -0.0386074 16.089
276421 15 0.01 0.7 32.9 -0.412499 -0.130803 11.1531 -0.137846 -0.0433456 16.089
278088 15 0.01 0.7 32.9 -0.42327 0.00118686 5.90212 -0.0759597 0.000748695 16.089
280607 15 0.01 0.7 32.9 0.366443 -0.384402 8.20729 0.0921242 -0.0951122 16.089
282312 15 0.01 0.7 32.9 -0.274039 -0.0706552 4.58012 -0.0396369 -0.00959669 16.089
283302 15 0.01 0.7 32.9 0.410153 0.193196 3.5181 0.0430877 0.0213871 16.089
284439 15 0.01 0.7 32.9 0.122841 -0.26329 2.80887 0.00844913 -0.0222036 16.089
287960 15 0.01 0.7 32.9 -0.256804 -0.478874 2.69551 -0.0198377 -0.0386028 16.089
289195 15 0.01 0.7 32.9 0.150519 -0.117469 12.8929 0.0598942 -0.0458004 16.089
290070 15 0.01 0.7 32.9 0.445679 -0.248914 7.31584 0.0998842 -0.0538912 16.089
291656 15 0.01 0.7 32.9 0.427255 0.0690404 9.33328 0.121753 0.0192095 16.089
291716 15 0.01 0.7 32.9 0.237864 0.424684 6.79669 0.0500679 0.0884983 16.089
292242 15 0.01 0.7 32.9 -0.25299 -0.29843 2.28183 -0.0194276 -0.0187232 16.089
292337 15 0.01 0.7 32.9 -0.319032 0.0593053 6.1747 -0.0608238 0.0129384 16.089
293994 15 0.01 0.7 32.9 0.230049 0.342055 13.8517 0.0971222 0.144696 16.089
294279 15 0.01 0.7 32.9 0.232921 -0.387299 10.3695 0.0743365 -0.119522 16.089
296084 15 0.01 0.7 32.9 0.0111163 0.0971762 8.21761 0.00409015 0.0234204 16.089
296605 15 0.01 0.7 32.9 0.442995 -0.29262 5.96176 0.0784063 -0.0524236 16.089
297565 15 0.01 0.7 32.9 -0.0552177 -0.0205722 3.5598 -0.00708282 -0.00125434 16.089
300888 15 0.01 0.7 32.9 -0.159595 0.235543 6.00429 -0.0302193 0.0439508 16.089
302873 15 0.01 0.7 32.9 -0.0896306 -0.381512 1.55784 -0.00488114 -0.0153337 16.089
305626 15 0.01 0.7 32.9 0.424004 -0.481957 4.62104 0.0576712 -0.0678045 16.089
307622 15 0.01 0.7 32.9 0.212629 -0.429754 3.04021 0.0218638 -0.0379534 16.089
307993 15 0.01 0.7 32.9 -0.401523 -0.11496 6.72868 -0.0817492 -0.0249194 16.089
309145 15 0.01 0.7 32.9 -0.291204 0.287285 4.23348 -0.0376508 0.0367781 16.089
313182 15 0.01 0.7 32.9 -0.225912 -0.256292 6.4501 -0.0464096 -0.0511333 16.089
314032 15 0.01 0.7 32.9 0.0913249 0.393452 4.81383 0.0114876 0.0594886 16.089
314499 15 0.01 0.7 32.9 0.0120972 0.362958 8.41582 0.00200831 0.0938472 16.089
315710 15 0.01 0.7 32.9 -0.0773582 0.449617 5.89701 -0.0118719 0.0813611 16.089
315982 15 0.01 0.7 32.9 0.396094 0.437703 8.55208 0.103561 0.115114 16.089
319100 15 0.01 0.7 32.9 0.191058 -0.355809 6.70445 0.0384857 -0.0726542 16.089
319224 15 0.01 0.7 32.9 -0.414383 0.123616 5.34048 -0.067858 0.0197949 16.089
320495 15 0.01 0.7 32.9 -0.11995 0.0956595 8.54771 -0.0325336 0.0235435 16.089
324488 15 0.01 0.7 32.9 0.454628 -0.139233 5.48651 0.0754007 -0.0239562 16.089
325224 15 0.01 0.7 32.9 0.285124 -0.125086 4.58025 0.0405387 -0.016306 16.089
326099 15 0.01 0.7 32.9 0.471079 -0.298749 4.14179 0.0589159 -0.0363559 16.089
328039 15 0.01 0.7 32.9 0.0627235 0.0848199 4.42787 0.00506461 0.0116551 16.089
329497 15 0.01 0.7 32.9 0.310888 0.14522 5.10116 0.0480608 0.021345 16.089
331814 15 0.01 0.7 32.9 -0.334948 0.0852177 4.43072 -0.0478425 0.0100075 16.089
332076 15 0.01 0.7 32.9 0.432917 -0.132042 1.43371 0.0172374 -0.00553366 16.089
333458 15 0.01 0.7 32.9 0.0401323 0.21471 4.82098 0.00487933 0.0323547 16.089
334910 15 0.01 0.7 32.9 0.484366 0.289682 5.22011 0.0788217 0.047304 16.089
335261 15 0.01 0.7 32.9 0.108539 -0.0337859 9.18239 0.0289458 -0.00923185 16.089
336114 15 0.01 0.7 32.9 0.0552072 0.0213598 5.12457 0.00942637 0.00664943 16.089
336326 15 0.01 0.7 32.9 0.16333 0.418396 8.51318 0.0426281 0.111334 16.089
338239 15 0.01 0.7 32.9 0.446559 -0.0409866 6.10452 0.0848205 -0.00787849 16.089
338430 15 0.01 0.7 32.9 -0.4699 -0.272687 9.55855 -0.140485 -0.0790209 16.089
338832 15 0.01 0.7 32.9 -0.0118034 0.193428 8.00727 -0.00323036 0.0454021 16.089
339358 15 0.01 0.7 32.9 0.494366 -0.332865 3.18872 0.0466274 -0.0328108 16.089
341102 15 0.01 0.7 32.9 0.0891933 0.414454 5.22329 0.0153889 0.0674308 16.089
347588 15 0.01 0.7 32.9 0.390499 0.00706365 17.2932 0.20262 0.00362876 16.089
349278 15 0.01 0.7 32.9 -0.176034 -0.263968 3.68461 -0.0200241 -0.0281799 16.089
352443 15 0.01 0.7 32.9 -0.234067 0.155619 6.02927 -0.0423869 0.0277775 16.089
358266 15 0.01 0.7 32.9 -0.291071 -0.177939 4.55732 -0.0390707 -0.0247302 16.089
358902 15 0.01 0.7 32.9 -0.02159 -0.168404 4.65036 -0.00329238 -0.0240239 16.089
359105 15 0.01 0.7 32.9 -0.23146 -0.0524129 12.7454 -0.0888528 -0.0226902 16.089
359268 15 0.01 0.7 32.9 0.0445348 0.426682 4.12101 0.00594203 0.0522498 16.089
360514 15 0.01 0.7 32.9 0.0271279 -0.0867658 5.58355 0.00329239 -0.0128965 16.089
361655 15 0.01 0.7 32.9 0.412366 0.253238 5.36988 0.0688569 0.0405671 16.089
361825 15 0.01 0.7 32.9 -0.186157 0.0436102 4.2935 -0.0250359 0.00818284 16.089
365209 15 0.01 0.7 32.9 0.417446 -0.0380854 10.671 0.134803 -0.0123414 16.089
365489 15 0.01 0.7 32.9 -0.336008 0.152208 11.6771 -0.11787 0.0546035 16.089
367184 15 0.01 0.7 32.9 0.238283 -0.242094 7.3365 0.0538282 -0.0525818 16.089
367260 15 0.01 0.7 32.9 0.0722919 -0.34171 11.4325 0.0265555 -0.117478 16.089
368175 15 0.01 0.7 32.9 -0.429319 -0.237096 1.68794 -0.0240132 -0.0109711 16.089
370120 15 0.01 0.7 32.9 -0.292726 -0.380395 4.04433 -0.0361781 -0.044793 16.089
370852 15 0.01 0.7 32.9 0.0773277 -0.356593 4.6312 0.0109706 -0.0491804 16.089
374063 15 0.01 0.7 32.9 0.274314 0.232909 7.16278 0.0574162 0.050875 16.089
374519 15 0.01 0.7 32.9 0.36289 -0.445474 3.18593 0.0344447 -0.0415452 16.089
375968 15 0.01 0.7 32.9 0.0577964 -0.4097 7.72779 0.0157935 -0.095999 16.089
378697 15 0.01 0.7 32.9 0.479147 0.474727 6.611 0.0954121 0.0969212 16.089
379540 15 0.01 0.7 32.9 0.26288 -0.0101528 1.79296 0.0137065 -0.000441842 16.089
379714 15 0.01 0.7 32.9 0.153813 0.448148 5.21528 0.0264131 0.0735056 16.089
379906 15 0.01 0.7 32.9 0.326473 0.0909991 2.8123 0.0275165 0.0074208 16.089
381150 15 0.01 0.7 32.9 0.368277 0.00697868 6.74105 0.0765046 0.0024547 16.089
381334 15 0.01 0.7 32.9 0.0151054 -0.0851477 6.05916 0.00260997 -0.0159842 16.089
382519 15 0.01 0.7 32.9 0.314225 0.441684 2.06595 0.0187287 0.0290186 16.089
387583 15 0.01 0.7 32.9 0.158214 -0.43177 7.43875 0.0359961 -0.0967658 16.089
391222 15 0.01 0.7 32.9 0.2023 -0.264951 2.81926 0.0177007 -0.0236636 16.089
395502 15 0.01 0.7 32.9 0.478255 -0.300354 3.85957 0.0551721 -0.0343708 16.089
396435 15 0.01 0.7 32.9 -0.422131 -0.0893179 4.27866 -0.0537576 -0.0101894 16.089
397155 15 0.01 0.7 32.9 -0.013813 0.0615404 6.03717 -0.0030625 0.0137178 16.089
397557 15 0.01 0.7 32.9 0.471138 -0.141823 4.70933 0.068894 -0.0214481 16.089
398075 15 0.01 0.7 32.9 -0.221844 -0.288324 9.88357 -0.0672532 -0.085874 16.089
406986 15 0.01 0.7 32.9 0.232093 0.494254 2.29175 0.0180348 0.0333005 16.089
406994 15 0.01 0.7 32.9 0.0953387 0.0263788 2.96406 0.00804661 9.10603e-05 16.089
407767 15 0.01 0.7 32.9 0.328775 0.262573 5.77454 0.0571582 0.0483873 16.089
408071 15 0.01 0.7 32.9 -0.222549 0.331119 7.2351 -0.0507132 0.0723 16.089
410191 15 0.01 0.7 32.9 -0.480679 -0.344101 3.68973 -0.0528649 -0.0384897 16.089
411082 15 0.01 0.7 32.9 0.350069 0.404231 6.05077 0.0665854 0.0746429 16.089
411144 15 0.01 0.7 32.9 0.450713 -0.194888 4.84566 0.0677496 -0.0281607 16.089
412378 15 0.01 0.7 32.9 -0.476875 0.288655 8.43676 -0.120637 0.0751047 16.089
412434 15 0.01 0.7 32.9 0.465569 0.0456868 7.46067 0.105112 0.0103212 16.089
413553 15 0.01 0.7 32.9 -0.456145 -0.499515 8.41681 -0.11814 -0.127369 16.089
414027 15 0.01 0.7 32.9 -0.0191891 -0.125176 1.99905 -0.00237125 -0.00851664 16.089
418103 15 0.01 0.7 32.9 0.145271 -0.183308 6.49634 0.0309773 -0.0347167 16.089
418654 15 0.01 0.7 32.9 -0.42967 -0.292255 11.2581 -0.145605 -0.0997938 16.089
419484 15 0.01 0.7 32.9 0.173949 0.386819 4.8447 0.0269913 0.0587226 16.089
423663 15 0.01 0.7 32.9 -0.396526 -0.0891736 8.85717 -0.107841 -0.0218265 16.089
424128 15 0.01 0.7 32.9 0.130673 -0.320952 3.10297 0.0135366 -0.0291557 16.089
425598 15 0.01 0.7 32.9 -0.0509263 0.339506 5.14017 -0.00868144 0.0547147 16.089
426437 15 0.01 0.7 32.9 0.484529 -0.155872 2.60088 0.0384175 -0.0105639 16.089
427152 15 0.01 0.7 32.9 0.0555496 -0.294057 27.7094 0.0485315 -0.246896 16.089
428556 15 0.01 0.7 32.9 -0.379417 0.0156792 6.09571 -0.0686796 0.00374208 16.089
429662 15 0.01 0.7 32.9 -0.0263467 -0.0145743 5.30944 -0.00351921 -0.000652093 16.089
430371 15 0.01 0.7 32.9 0.441633 0.139339 7.42302 0.100072 0.0333663 16.089
431321 15 0.01 0.7 32.9 0.348962 0.449325 6.37546 0.0690259 0.0867441 16.089
431576 15 0.01 0.7 32.9 0.459235 -0.421276 7.47801 0.104089 -0.0957642 16.089
431839 15 0.01 0.7 32.9 -0.206524 -0.431303 3.50438 -0.0215694 -0.0464567 16.089
431848 15 0.01 0.7 32.9 -0.0885511 -0.297336 3.63106 -0.0109085 -0.0342836 16.089
434224 15 0.01 0.7 32.9 -0.166312 -0.369942 1.4055 -0.00793013 -0.0154741 16.089
435983 15 0.01 0.7 32.9 -0.453195 0.106437 7.22161 -0.0998754 0.023432 16.089
437830 15 0.01 0.7 32.9 0.0705494 -0.00527866 3.91448 0.00841753 -0.000465172 16.089
439985 15 0.01 0.7 32.9 -0.119425 0.29674 8.31821 -0.0298884 0.0762914 16.089
440729 15 0.01 0.7 32.9 -0.279658 0.248366 4.00795 -0.0345337 0.0304686 16.089
442319 15 0.01 0.7 32.9 0.280923 0.364492 3.57193 0.0310705 0.039939 16.089
443547 15 0.01 0.7 32.9 0.443336 -0.257529 12.5234 0.168681 -0.0996704 16.089
443865 15 0.01 0.7 32.9 0.00218308 0.0257485 5.23084 -0.000121791 0.00687387 16.089
445925 15 0.01 0.7 32.9 -0.332181 0.142737 9.16181 -0.0940097 0.0420058 16.089
448057 15 0.01 0.7 32.9 0.119288 -0.420651 4.37554 0.0154006 -0.0561318 16.089
451832 15 0.01 0.7 32.9 0.24219 0.296678 1.68594 0.0149157 0.0155484 16.089
453747 15 0.01 0.7 32.9 -0.216731 0.149375 16.6252 -0.110169 0.0765367 16.089
454354 15 0.01 0.7 32.9 0.262357 0.116471 11.9808 0.0964974 0.0445041 16.089
454486 15 0.01 0.7 32.9 -0.230802 -0.421635 6.01909 -0.0419937 -0.0783703 16.089
454605 15 0.01 0.7 32.9 0.18335 0.346965 18.4335 0.102529 0.194393 16.089
456538 15 0.01 0.7 32.9 -0.186558 -0.0101702 16.2744 -0.0925492 -0.00470947 16.089
458185 15 0.01 0.7 32.9 -0.0180415 0.393531 3.90039 -0.000148818 0.0474651 16.089
458227 15 0.01 0.7 32.9 0.445718 -0.322071 7.17384 0.0969448 -0.0682929 16.089
459602 15 0.01 0.7 32.9 0.156951 0.0083821 1.28314 0.0066746 0.00206217 16.089
460486 15 0.01 0.7 32.9 -0.278321 -0.349083 7.01816 -0.0583204 -0.0751611 16.089
463818 15 0.01 0.7 32.9 0.264781 0.434623 6.95543 0.0550163 0.091606 16.089
463974 15 0.01 0.7 32.9 -0.126008 0.253392 5.02863 -0.0184482 0.0376259 16.089
465369 15 0.01 0.7 32.9 -0.348659 -0.368986 21.7225 -0.230552 -0.244037 16.089
465813 15 0.01 0.7 32.9 -0.114886 0.270142 3.82166 -0.0119289 0.0303346 16.089
467129 15 0.01 0.7 32.9 0.308934 -0.0114758 7.31943 0.0678709 -0.00140943 16.089
467938 15 0.01 0.7 32.9 -0.269711 -0.234726 1.8892 -0.0153406 -0.0137286 16.089
468154 15 0.01 0.7 32.9 -0.417012 -0.403217 7.60363 -0.0950092 -0.0925308 16.089
468541 15 0.01 0.7 32.9 0.0882634 -0.275554 4.65526 0.0131136 -0.0363104 16.089
469544 15 0.01 0.7 32.9 -0.152431 -0.000466856 6.11924 -0.0291402 -8.51711e-05 16.089
471339 15 0.01 0.7 32.9 0.400341 0.285088 7.25986 0.0882528 0.0647302 16.089
473387 15 0.01 0.7 32.9 0.321192 -0.169305 2.61878 0.0252843 -0.0123098 16.089
474337 15 0.01 0.7 32.9 0.153029 -0.20248 8.18381 0.0391352 -0.0515692 16.089
474540 15 0.01 0.7 32.9 0.271671 0.132104 6.3116 0.0512967 0.0229284 16.089
475111 15 0.01 0.7 32.9 0.111475 -0.141223 10.9276 0.0355221 -0.0462601 16.089
475277 15 0.01 0.7 32.9 -0.00290659 0.492219 2.09233 0.000140563 0.0280508 16.089
475546 15 0.01 0.7 32.9 0.348281 0.437179 2.54043 0.0281699 0.0339785 16.089
475756 15 0.01 0.7 32.9 0.122859 0.0496271 8.69453 0.0321099 0.0116156 16.089
476173 15 0.01 0.7 32.9 0.116805 -0.455008 7.85681 0.0295714 -0.109581 16.089
477739 15 0.01 0.7 32.9 0.0160571 0.269966 5.45432 0.00261168 0.045921 16.089
477928 15 0.01 0.7 32.9 0.248439 -0.44905 8.62721 0.0648968 -0.116902 16.089
479083 15 0.01 0.7 32.9 0.266339 0.129008 3.0373 0.0255327 0.0118738 16.089
480808 15 0.01 0.7 32.9 -0.0180852 0.0587618 2.55748 -0.000518413 0.00413059 16.089
481322 15 0.01 0.7 32.9 -0.39317 -0.0251217 2.71079 -0.030337 -0.00253086 16.089
481354 15 0.01 0.7 32.9 0.0458871 -0.10778 6.42948 0.00761742 -0.0211327 16.089
482847 15 0.01 0.7 32.9 0.0902433 -0.484401 7.65648 0.0195371 -0.110491 16.089
482911 15 0.01 0.7 32.9 -0.181853 0.267954 8.96859 -0.0492185 0.0740393 16.089
483726 15 0.01 0.7 32.9 0.237373 -0.104871 2.71476 0.0192948 -0.00529562 16.089
485270 15 0.01 0.7 32.9 0.188657 -0.0113172 4.17527 0.0226697 -0.00146433 16.089
485920 15 0.01 0.7 32.9 0.449123 0.101331 3.49322 0.0448973 0.0110459 16.089
487286 15 0.01 0.7 32.9 0.470549 0.161462 4.78389 0.0703921 0.0240881 16.089
488551 15 0.01 0.7 32.9 0.0121422 0.264944 3.51028 0.00190714 0.0281885 16.089
488718 15 0.01 0.7 32.9 0.114215 -0.289446 8.20546 0.0286037 -0.0720138 16.089
489582 15 0.01 0.7 32.9 -0.297792 -0.339441 6.51153 -0.0564149 -0.0652369 16.089
490243 15 0.01 0.7 32.9 -0.429512 0.207396 3.82868 -0.0500685 0.0248205 16.089
492590 15 0.01 0.7 32.9 0.251264 -0.0477487 5.70126 0.0450499 -0.00907793 16.089
492603 15 0.01 0.7 32.9 0.275856 0.0281146 4.18309 0.0355191 0.00445916 16.089
492940 15 0.01 0.7 32.9 0.252484 -0.0230538 5.96642 0.0461082 -0.00265104 16.089
495975 15 0.01 0.7 32.9 0.473515 0.151495 6.89555 0.0978307 0.0300935 16.089
497274 15 0.01 0.7 32.9 0.442008 -0.135847 6.05346 0.080377 -0.0242805 16.089
