1395 15 0.01 0.7 32.9 0.377835 -0.473372 8.1119 0.0928401 -0.117216 18.0856
1748 15 0.01 0.7 32.9 -0.175779 0.298015 8.63607 -0.0460582 0.0807548 17.8853
2629 15 0.01 0.7 32.9 -0.346893 0.400566 3.11304 -0.0360558 0.04096 18.8001
4084 15 0.01 0.7 32.9 -0.103511 -0.354258 8.97685 -0.0269093 -0.0971647 18.336
6868 15 0.01 0.7 32.9 -0.133942 -0.0310771 15.8425 -0.0659702 -0.0145602 16.8071
7809 15 0.01 0.7 32.9 -0.0547754 0.229931 12.2734 -0.021793 0.0852869 16.5544
10268 15 0.01 0.7 32.9 -0.182059 -0.0251925 1.3207 -0.00877487 -0.00305352 16.4979
11655 15 0.01 0.7 32.9 0.398824 -0.0283493 13.3701 0.163753 -0.0113591 16.6251
14196 15 0.01 0.7 32.9 0.297745 0.215242 8.33599 0.0750025 0.0547247 17.7995
14349 15 0.01 0.7 32.9 -0.397843 0.148406 6.91152 -0.0842939 0.0299526 18.5036
15463 15 0.01 0.7 32.9 -0.262204 0.189527 4.25065 -0.0337101 0.0226739 18.8159
15755 15 0.01 0.7 32.9 -0.420695 -0.362058 4.31291 -0.0530611 -0.0471189 19.2796
16404 15 0.01 0.7 32.9 0.333151 -0.416725 2.08068 0.0219391 -0.0246919 17.6415
18465 15 0.01 0.7 32.9 0.162352 0.147318 4.17476 0.0206836 0.0159395 18.5962
18542 15 0.01 0.7 32.9 -0.477053 0.144925 9.8093 -0.142073 0.0407817 17.8278
19445 15 0.01 0.7 32.9 -0.423804 -0.475996 6.61103 -0.0841783 -0.09692 17.0843
19481 15 0.01 0.7 32.9 0.0851783 -0.166129 4.77501 0.0123272 -0.0251125 17.6051
21725 15 0.01 0.7 32.9 0.192592 0.253152 6.9882 0.0402338 0.0532478 18.1271
21919 15 0.01 0.7 32.9 -0.192243 0.052297 5.97946 -0.0333178 0.0104326 17.4398
22555 15 0.01 0.7 32.9 0.385524 0.0344642 5.42426 0.0604066 0.00390427 19.8919
24203 15 0.01 0.7 32.9 -0.0668304 0.0457842 4.16476 -0.00879529 0.00637203 19.4588
24559 15 0.01 0.7 32.9 -0.413419 0.14374 3.88018 -0.0489028 0.0174251 17.7969
26449 15 0.01 0.7 32.9 0.015887 -0.204295 3.58081 0.00201517 -0.020316 16.9571
27367 15 0.01 0.7 32.9 0.358899 -0.183638 7.60052 0.083648 -0.0432713 17.8441
27769 15 0.01 0.7 32.9 0.111917 0.169028 9.60368 0.0317568 0.0491318 17.3055
27799 15 0.01 0.7 32.9 0.499283 0.397902 18.8877 0.28602 0.228094 16.3938
29137 15 0.01 0.7 32.9 -0.0217405 0.0696162 4.82839 -0.0053275 0.00775302 18.6487
31321 15 0.01 0.7 32.9 0.012551 -0.330266 7.16978 0.00280036 -0.0720679 18.4194
31451 15 0.01 0.7 32.9 0.488632 0.267661 2.0491 0.0309538 0.0165715 17.5492
34737 15 0.01 0.7 32.9 0.389729 -0.242027 3.02461 0.0356744 -0.021148 19.101
36241 15 0.01 0.7 32.9 -0.283715 0.342757 4.68629 -0.0403065 0.0492065 17.4635
36439 15 0.01 0.7 32.9 0.376894 -0.122017 9.76127 0.109432 -0.037119 17.2919
36485 15 0.01 0.7 32.9 -0.415352 0.316775 5.15399 -0.0667153 0.0466043 19.6538
37796 15 0.01 0.7 32.9 0.116098 0.0519552 2.64806 0.00952122 0.00634933 17.7542
40453 15 0.01 0.7 32.9 0.0745125 0.272212 6.04353 0.0133251 0.0485662 16.4576
41429 15 0.01 0.7 32.9 0.288882 -0.344912 5.40472 0.0467759 -0.0566899 18.6421
42909 15 0.01 0.7 32.9 -0.496689 -0.0752313 11.7753 -0.177254 -0.0245674 17.4406
42917 15 0.01 0.7 32.9 0.441319 0.0420855 6.12167 0.0817033 0.00804156 18.4238
43132 15 0.01 0.7 32.9 -0.0748982 -0.131406 10.6161 -0.0248244 -0.0428204 17.2905
43506 15 0.01 0.7 32.9 0.482773 0.113322 5.1648 0.0783502 0.0189865 16.7394
43797 15 0.01 0.7 32.9 0.372155 0.37788 6.59585 0.0746753 0.0750814 18.1352
44388 15 0.01 0.7 32.9 -0.261167 -0.275595 6.2951 -0.0515785 -0.0528439 16.7679
45577 15 0.01 0.7 32.9 -0.115004 -0.316978 1.18996 -0.00411969 -0.0111738 16.4673
45766 15 0.01 0.7 32.9 0.0868458 0.126046 5.7159 0.0138668 0.0203854 19.6207
46291 15 0.01 0.7 32.9 -0.28817 -0.345335 9.40249 -0.0827896 -0.0956745 17.2899
48268 15 0.01 0.7 32.9 -0.462162 -0.0944842 4.03055 -0.0566897 -0.0115398 19.9056
53053 15 0.01 0.7 32.9 0.220842 0.0426012 5.70619 0.0366271 0.00865118 19.1895
53397 15 0.01 0.7 32.9 0.289426 -0.066871 4.83633 0.0439082 -0.0100214 16.8892
54651 15 0.01 0.7 32.9 0.407304 0.0475573 2.49731 0.0306958 0.00551456 17.8277
56626 15 0.01 0.7 32.9 -0.431111 0.0885482 2.9306 -0.0385634 0.0063124 18.863
56685 15 0.01 0.7 32.9 0.115033 0.248021 5.16002 0.0153053 0.0408108 19.5603
56722 15 0.01 0.7 32.9 -0.229968 0.105777 3.82658 -0.0270321 0.0140324 17.048
58043 15 0.01 0.7 32.9 0.113377 0.488169 7.65011 0.0280399 0.113457 18.5433
59038 15 0.01 0.7 32.9 -0.349041 0.155975 3.94382 -0.0403001 0.0184479 18.8235
61355 15 0.01 0.7 32.9 -0.253517 0.00301885 2.95836 -0.0228339 -0.00112244 18.626
61555 15 0.01 0.7 32.9 0.284615 0.498585 16.5361 0.143487 0.248407 16.9637
62814 15 0.01 0.7 32.9 0.0278956 -0.0820226 10.0039 0.0105925 -0.0260999 17.7617
62966 15 0.01 0.7 32.9 0.41035 -0.105782 17.1003 0.212955 -0.0535993 16.3443
63348 15 0.01 0.7 32.9 -0.460946 -0.106892 8.83187 -0.123926 -0.028599 17.5553
65505 15 0.01 0.7 32.9 0.411554 -0.4034 3.18383 0.0410454 -0.0410798 19.3794
65557 15 0.01 0.7 32.9 -0.280534 -0.196248 6.46167 -0.0561881 -0.0358641 19.7201
66395 15 0.01 0.7 32.9 -0.0362045 -0.339165 8.02573 -0.00853387 -0.0815019 17.4579
66778 15 0.01 0.7 32.9 0.455881 -0.476024 4.30122 0.0594945 -0.0569764 18.9145
67632 15 0.01 0.7 32.9 0.0298881 0.100664 7.35621 0.00738407 0.0238654 18.5203
67903 15 0.01 0.7 32.9 -0.320878 -0.0275187 5.07008 -0.0498538 -0.00499852 20.1053
68054 15 0.01 0.7 32.9 -0.138936 -0.348364 2.55118 -0.00831867 -0.0269071 19.4914
69935 15 0.01 0.7 32.9 -0.244195 -0.00690023 4.47875 -0.0345103 -0.000733539 19.7543
70712 15 0.01 0.7 32.9 -0.0348275 -0.248363 3.17099 -0.00225576 -0.0238308 18.6672
70824 15 0.01 0.7 32.9 0.28675 -0.0434746 3.27294 0.0286848 -0.00359329 18.849
70827 15 0.01 0.7 32.9 0.416326 -0.209067 5.50524 0.0694219 -0.0347228 18.1148
71008 15 0.01 0.7 32.9 0.301405 -0.462347 1.41901 0.0141971 -0.0191093 18.8128
71201 15 0.01 0.7 32.9 -0.10426 -0.261987 5.78823 -0.0201732 -0.0456193 17.9295
71517 15 0.01 0.7 32.9 -0.466904 0.220529 8.57322 -0.122076 0.0592336 16.7309
72775 15 0.01 0.7 32.9 0.373063 -0.286583 10.3018 0.116846 -0.0884373 17.3455
72958 15 0.01 0.7 32.9 0.301932 0.171189 9.68151 0.0887266 0.0527021 18.2429
72966 15 0.01 0.7 32.9 0.186485 -0.319568 2.90458 0.0155126 -0.0288616 17.768
73139 15 0.01 0.7 32.9 0.28951 -0.460642 3.46831 0.029929 -0.0505394 18.7832
75166 15 0.01 0.7 32.9 -0.385761 -0.260546 10.7341 -0.126715 -0.084852 17.0717
75341 15 0.01 0.7 32.9 0.178251 0.473028 1.94246 0.00951457 0.0287755 18.6106
75640 15 0.01 0.7 32.9 -0.165128 0.06012 5.53821 -0.0275158 0.00586993 18.0774
76402 15 0.01 0.7 32.9 -0.461947 -0.0751427 7.75752 -0.107583 -0.0164391 18.1689
77545 15 0.01 0.7 32.9 -0.270662 -0.22844 5.51158 -0.0453667 -0.0388958 17.385
77956 15 0.01 0.7 32.9 0.36953 0.0218227 6.02269 0.0657601 0.00280488 16.4322
78013 15 0.01 0.7 32.9 0.0526728 0.411035 4.04852 0.00324639 0.0497688 18.6036
79151 15 0.01 0.7 32.9 0.190369 0.243487 21.2105 0.124088 0.156902 16.2802
81118 15 0.01 0.7 32.9 0.413454 -0.274392 7.75793 0.0959374 -0.0639093 19.0504
82464 15 0.01 0.7 32.9 0.272495 -0.347486 3.7002 0.0294369 -0.0408707 19.2525
82911 15 0.01 0.7 32.9 0.464594 0.174943 2.64877 0.0392249 0.0147246 18.595
83030 15 0.01 0.7 32.9 -0.40885 -0.268287 9.24893 -0.113954 -0.0757223 17.8697
83149 15 0.01 0.7 32.9 0.259638 -0.153696 7.70608 0.0607008 -0.0377163 17.9096
84368 15 0.01 0.7 32.9 0.316422 -0.262093 12.3012 0.116545 -0.100025 17.3805
85321 15 0.01 0.7 32.9 0.398318 0.0675616 4.99944 0.0570323 0.00783953 17.7936
88496 15 0.01 0.7 32.9 -0.000972742 -0.212274 7.9058 0.0008861 -0.0496099 18.6567
88810 15 0.01 0.7 32.9 -0.0713278 0.00301216 8.92776 -0.0185148 0.00213258 18.181
89174 15 0.01 0.7 32.9 -0.423834 -0.466278 2.21942 -0.0288969 -0.0317846 17.4079
89346 15 0.01 0.7 32.9 -0.224291 0.356791 5.68462 -0.0388306 0.0613192 19.9164
90144 15 0.01 0.7 32.9 0.392003 -0.315023 5.54348 0.0653551 -0.0539707 19.9227
93806 15 0.01 0.7 32.9 0.154262 0.1983 15.1494 0.0689294 0.090555 16.9931
94340 15 0.01 0.7 32.9 -0.00974848 -0.181282 3.94347 -0.00111571 -0.0224685 18.1254
94900 15 0.01 0.7 32.9 0.322087 -0.0249171 19.3332 0.187915 -0.0143411 16.6702
95686 15 0.01 0.7 32.9 -0.222896 0.427078 4.37762 -0.0297891 0.0558491 19.1185
97207 15 0.01 0.7 32.9 -0.288052 0.427691 13.432 -0.117898 0.174486 17.3624
98229 15 0.01 0.7 32.9 -0.0543766 -0.0886484 3.49868 -0.00576825 -0.00736586 16.8616
102123 15 0.01 0.7 32.9 -0.0763392 -0.192333 2.83846 -0.00743578 -0.0176596 18.5852
102462 15 0.01 0.7 32.9 0.0507511 0.489335 3.66142 0.0073985 0.0538725 19.8049
102683 15 0.01 0.7 32.9 0.301295 0.328021 7.51731 0.0670137 0.0762523 19.141
103062 15 0.01 0.7 32.9 0.333451 0.472047 7.9972 0.0814081 0.115752 18.8658
103643 15 0.01 0.7 32.9 0.166141 -0.192478 14.3457 0.07182 -0.083479 17.0018
103771 15 0.01 0.7 32.9 -0.217161 -0.392864 9.4802 -0.0619033 -0.114293 18.0548
105081 15 0.01 0.7 32.9 -0.032562 -0.226258 7.06343 -0.00886311 -0.0476662 18.0031
105867 15 0.01 0.7 32.9 -0.485653 0.408398 4.28093 -0.0639879 0.0516785 17.7826
106180 15 0.01 0.7 32.9 -0.397184 -0.457857 9.44948 -0.113747 -0.130551 17.6162
107600 15 0.01 0.7 32.9 -0.386215 0.287791 7.6309 -0.0878705 0.0659988 19.1133
108277 15 0.01 0.7 32.9 -0.44647 -0.199288 5.21372 -0.0712281 -0.0292942 17.3444
108517 15 0.01 0.7 32.9 0.254087 -0.336216 9.63629 0.0748189 -0.0997887 16.9321
108773 15 0.01 0.7 32.9 0.0834754 -0.131967 2.91482 0.00767857 -0.0122923 18.2884
110006 15 0.01 0.7 32.9 -0.240983 -0.452731 4.00337 -0.0310173 -0.0555479 19.743
110880 15 0.01 0.7 32.9 0.0605121 0.0687481 2.75329 0.00515899 0.00361932 19.4063
111851 15 0.01 0.7 32.9 -0.298447 -0.257623 9.39488 -0.0830305 -0.0721079 18.329
113205 15 0.01 0.7 32.9 0.187358 0.330244 8.8233 0.0499392 0.0864999 18.238
115243 15 0.01 0.7 32.9 -0.497326 -0.105885 5.47841 -0.0833738 -0.0174625 19.9542
115812 15 0.01 0.7 32.9 0.133062 0.124665 5.74505 0.0250552 0.0211718 18.2469
119706 15 0.01 0.7 32.9 -0.119532 -0.197439 3.65917 -0.0150875 -0.0238337 18.7794
120562 15 0.01 0.7 32.9 0.334392 0.115643 9.55174 0.0977276 0.0347682 18.0363
120846 15 0.01 0.7 32.9 0.325386 -0.180872 12.6986 0.124252 -0.0687443 17.0075
124212 15 0.01 0.7 32.9 0.127916 0.180738 7.23376 0.026759 0.038655 16.4995
124466 15 0.01 0.7 32.9 0.405453 -0.0243057 6.41579 0.0781006 -0.0038431 17.5906
125152 15 0.01 0.7 32.9 0.165182 0.358033 5.04786 0.0271945 0.0543429 19.6674
125164 15 0.01 0.7 32.9 0.160573 -0.120082 10.0437 0.0485004 -0.0350773 17.4105
125209 15 0.01 0.7 32.9 0.271088 0.25208 5.25554 0.0426682 0.04129 19.7903
125504 15 0.01 0.7 32.9 -0.491208 -0.320591 7.71374 -0.113528 -0.0759951 18.6766
127124 15 0.01 0.7 32.9 0.237351 0.149702 3.96355 0.027615 0.0190681 18.3356
127705 15 0.01 0.7 32.9 -0.255346 0.0430761 5.68941 -0.0430255 0.00866808 19.8403
127725 15 0.01 0.7 32.9 -0.207232 0.48959 4.15425 -0.0267352 0.0635155 19.9863
127842 15 0.01 0.7 32.9 -0.372016 -0.416798 9.06008 -0.102862 -0.114608 18.387
128094 15 0.01 0.7 32.9 0.356542 -0.100301 3.65429 0.0402351 -0.012614 18.2039
129699 15 0.01 0.7 32.9 -0.112348 0.354808 8.0695 -0.0275107 0.0877742 17.6095
129919 15 0.01 0.7 32.9 0.07576 -0.332607 3.3484 0.00763681 -0.0317394 19.0359
131477 15 0.01 0.7 32.9 -0.280385 0.0470175 3.22153 -0.0295186 0.00794913 18.9951
131565 15 0.01 0.7 32.9 0.242063 0.464469 16.8997 0.123615 0.240537 16.8977
131857 15 0.01 0.7 32.9 0.27538 -0.49123 8.83918 0.0747125 -0.130642 18.0387
132341 15 0.01 0.7 32.9 0.169813 0.27717 1.77668 0.010101 0.0144989 17.1747
132365 15 0.01 0.7 32.9 -0.220918 0.375278 4.57453 -0.0324172 0.0503204 17.7286
134240 15 0.01 0.7 32.9 0.0502155 0.143916 9.06932 0.012221 0.0375961 16.49
135126 15 0.01 0.7 32.9 0.381556 -0.401029 10.0182 0.114954 -0.122482 17.7061
135830 15 0.01 0.7 32.9 -0.352216 0.250399 2.53228 -0.0269934 0.0188916 17.6157
136207 15 0.01 0.7 32.9 -0.262278 0.377941 9.23632 -0.0730621 0.104999 17.548
136601 15 0.01 0.7 32.9 -0.0581309 0.150454 3.28475 -0.00362323 0.0118437 18.8402
137528 15 0.01 0.7 32.9 0.0602933 -0.324129 6.47532 0.0126479 -0.0641556 17.5518
137592 15 0.01 0.7 32.9 0.375198 -0.0221593 7.28887 0.0821962 -0.00449152 18.6018
137769 15 0.01 0.7 32.9 0.401224 0.0935245 5.18002 0.0649214 0.0149285 17.7703
140922 15 0.01 0.7 32.9 0.319141 -0.086222 6.44239 0.0637435 -0.0184144 18.9629
141135 15 0.01 0.7 32.9 -0.0250992 0.109847 4.6407 -0.00497908 0.0196878 17.7577
141683 15 0.01 0.7 32.9 0.131085 -0.41714 2.98816 0.013964 -0.0376958 17.8966
143215 15 0.01 0.7 32.9 -0.128084 0.219208 1.88918 -0.0103862 0.0121064 17.5381
144245 15 0.01 0.7 32.9 0.01005 0.356602 5.83469 0.00364516 0.0635456 19.9733
144399 15 0.01 0.7 32.9 -0.0685583 0.295633 7.60853 -0.0159254 0.0676888 18.7111
144512 15 0.01 0.7 32.9 -0.0968296 -0.263383 4.0444 -0.0130205 -0.0300751 18.4656
144567 15 0.01 0.7 32.9 -0.368413 -0.378679 13.1163 -0.147136 -0.150778 16.6807
146775 15 0.01 0.7 32.9 0.245042 -0.28364 5.69138 0.0432775 -0.0469059 19.6211
146930 15 0.01 0.7 32.9 0.413307 0.096381 1.60614 0.0227045 0.00603765 18.0965
147931 15 0.01 0.7 32.9 0.264988 -0.287865 7.03287 0.0589992 -0.058715 17.9079
148224 15 0.01 0.7 32.9 -0.308677 -0.279502 7.97961 -0.0746012 -0.0659534 17.0676
150567 15 0.01 0.7 32.9 0.0472409 -0.114135 4.4004 0.0069381 -0.013843 19.1519
150841 15 0.01 0.7 32.9 0.128976 0.103434 6.32492 0.0220826 0.0198471 19.5079
150992 15 0.01 0.7 32.9 0.287305 -0.288175 3.39741 0.0313144 -0.0298349 18.3354
153489 15 0.01 0.7 32.9 -0.0529172 -0.46472 4.40303 -0.00567072 -0.0624991 17.6707
153579 15 0.01 0.7 32.9 0.404092 -0.134196 4.78255 0.0575741 -0.0182715 17.8532
154269 15 0.01 0.7 32.9 0.274427 0.275278 5.86749 0.0472655 0.0511897 18.544
156832 15 0.01 0.7 32.9 0.0916239 -0.309763 12.9776 0.0375844 -0.121108 17.0628
156836 15 0.01 0.7 32.9 -0.241561 -0.407128 5.54219 -0.0424706 -0.0673284 19.3467
157935 15 0.01 0.7 32.9 0.374754 0.0973027 6.65712 0.0755627 0.0204931 19.4127
161310 15 0.01 0.7 32.9 -0.412702 0.11807 5.59761 -0.0711632 0.0189338 17.3621
161380 15 0.01 0.7 32.9 0.302322 -0.281738 4.75159 0.0478258 -0.04062 18.9067
161629 15 0.01 0.7 32.9 0.129696 -0.089298 4.72726 0.0167205 -0.0129101 19.2796
163686 15 0.01 0.7 32.9 -0.476686 -0.382159 11.3726 -0.16492 -0.132064 17.6622
164194 15 0.01 0.7 32.9 -0.267824 -0.483082 14.6813 -0.119308 -0.215247 17.0712
164431 15 0.01 0.7 32.9 0.221742 -0.273759 4.59833 0.0334542 -0.0374642 18.7626
168785 15 0.01 0.7 32.9 0.0111287 0.373167 9.16451 0.00296764 0.104095 17.1966
169821 15 0.01 0.7 32.9 0.0385726 -0.468317 6.03926 0.00907681 -0.0897105 17.8201
171909 15 0.01 0.7 32.9 -0.0214853 0.0724996 10.9439 -0.00577998 0.023853 17.1447
174789 15 0.01 0.7 32.9 -0.371362 -0.209118 4.86104 -0.0554761 -0.0318286 19.1543
175068 15 0.01 0.7 32.9 -0.0811774 0.190213 4.15854 -0.0108934 0.0244279 17.0682
176007 15 0.01 0.7 32.9 -0.0808405 -0.0737843 11.5613 -0.0281472 -0.0261764 17.0487
176344 15 0.01 0.7 32.9 0.0899107 0.252946 2.66196 0.00717221 0.0245216 18.6849
176743 15 0.01 0.7 32.9 0.452886 0.0707122 7.86242 0.10715 0.016632 18.0977
179567 15 0.01 0.7 32.9 -0.305794 -0.335417 8.48022 -0.0782022 -0.086789 17.9687
179673 15 0.01 0.7 32.9 0.112508 0.0832316 16.6495 0.0558654 0.0397933 16.6017
179804 15 0.01 0.7 32.9 0.397084 -0.317661 4.78562 0.0605999 -0.0460546 17.4796
181064 15 0.01 0.7 32.9 -0.112457 0.168895 5.52156 -0.0192668 0.0317912 17.2557
181366 15 0.01 0.7 32.9 -0.231126 -0.0628449 5.63045 -0.0412451 -0.012014 19.0084
182960 15 0.01 0.7 32.9 0.274967 -0.207162 11.8189 0.0988032 -0.0752062 16.9975
183227 15 0.01 0.7 32.9 0.469482 -0.319699 4.3042 0.0608805 -0.0400334 18.2418
183769 15 0.01 0.7 32.9 0.15316 -0.395147 8.37698 0.0398865 -0.102507 18.6098
184014 15 0.01 0.7 32.9 0.4499 -0.344015 8.002 0.109648 -0.0844792 17.9488
185012 15 0.01 0.7 32.9 -0.353649 0.213869 5.44125 -0.0592148 0.0355959 19.4248
185218 15 0.01 0.7 32.9 -0.115153 -0.0964298 9.63564 -0.034879 -0.0279221 17.8954
185313 15 0.01 0.7 32.9 -0.411452 0.458312 10.9861 -0.135833 0.155028 17.4071
186181 15 0.01 0.7 32.9 -0.0356015 -0.155078 11.6631 -0.0120759 -0.0535445 17.0569
186374 15 0.01 0.7 32.9 -0.486396 -0.395153 4.40851 -0.0654933 -0.0531876 18.4819
186433 15 0.01 0.7 32.9 0.299531 0.3276 15.0508 0.136411 0.149647 16.127
187576 15 0.01 0.7 32.9 -0.165971 -0.147138 10.9333 -0.0547332 -0.0515393 16.5063
189658 15 0.01 0.7 32.9 -0.0305234 -0.428695 6.60409 -0.00783039 -0.0863813 18.0666
190042 15 0.01 0.7 32.9 0.465555 0.0835752 5.19388 0.0747034 0.0123445 19.2046
190846 15 0.01 0.7 32.9 0.137285 -0.322623 10.5381 0.0420522 -0.104377 16.7957
191877 15 0.01 0.7 32.9 -0.414178 -0.184669 3.20009 -0.0394699 -0.0177526 18.1201
191979 15 0.01 0.7 32.9 0.152677 -0.198842 0.226619 0.000983299 -0.00221203 17.4716
192919 15 0.01 0.7 32.9 0.290971 0.222382 13.7034 0.120497 0.0939022 17.2221
193494 15 0.01 0.7 32.9 0.0664024 -0.0245498 5.91592 0.0110402 -0.00517929 19.9537
193530 15 0.01 0.7 32.9 -0.101729 -0.439397 5.9625 -0.0178867 -0.0761477 18.1862
194378 15 0.01 0.7 32.9 0.377469 0.236734 6.83634 0.0806345 0.0495665 18.9952
194994 15 0.01 0.7 32.9 0.170914 -0.274594 7.35973 0.038057 -0.0634104 17.505
195021 15 0.01 0.7 32.9 0.373582 0.166379 12.8014 0.144597 0.0649399 17.2385
197072 15 0.01 0.7 32.9 -0.0160755 -0.440079 8.52327 -0.00374942 -0.113273 18.0523
199031 15 0.01 0.7 32.9 -0.319337 -0.152688 7.19996 -0.0679684 -0.0344913 18.5736
199949 15 0.01 0.7 32.9 0.117246 0.240154 8.23455 0.0296754 0.0593211 17.7831
200319 15 0.01 0.7 32.9 -0.0511211 0.121454 3.14348 -0.00391939 0.0116366 19.6798
200352 15 0.01 0.7 32.9 -0.324495 -0.107544 2.39993 -0.0256982 -0.0115284 18.7383
202666 15 0.01 0.7 32.9 0.0286355 0.220706 5.20997 0.00309991 0.0365124 16.9586
204775 15 0.01 0.7 32.9 0.0890725 -0.0162433 8.54002 0.0228081 -0.00317072 17.247
204813 15 0.01 0.7 32.9 0.365478 0.386409 6.94759 0.0779914 0.0800352 18.017
204894 15 0.01 0.7 32.9 -0.320596 -0.256253 6.34045 -0.0656858 -0.0512342 17.1277
206699 15 0.01 0.7 32.9 -0.375402 -0.103456 4.14966 -0.0479971 -0.0126442 19.8263
206930 15 0.01 0.7 32.9 0.197228 0.418122 6.40491 0.036646 0.0814883 17.5184
207600 15 0.01 0.7 32.9 -0.0448807 0.293001 2.68088 -0.0030268 0.024661 19.0012
208601 15 0.01 0.7 32.9 -0.0182765 -0.434896 3.63495 -0.00432225 -0.0470645 19.0239
211096 15 0.01 0.7 32.9 0.124699 -0.331307 6.24451 0.0246068 -0.0621695 19.1073
211675 15 0.01 0.7 32.9 0.184551 0.287768 2.94457 0.0159446 0.0239337 18.8381
212249 15 0.01 0.7 32.9 -0.240072 -0.197222 10.535 -0.0761609 -0.0626857 16.7729
215007 15 0.01 0.7 32.9 -0.188215 -0.382697 12.6502 -0.0708286 -0.148359 17.5076
215419 15 0.01 0.7 32.9 0.0496445 -0.316601 5.17223 0.00758015 -0.0480457 18.451
216032 15 0.01 0.7 32.9 -0.444504 -0.16809 4.09744 -0.0544936 -0.0204316 18.9035
216260 15 0.01 0.7 32.9 0.464785 0.165729 9.02314 0.128844 0.0469654 17.2884
216479 15 0.01 0.7 32.9 -0.100154 -0.218731 3.49675 -0.0111583 -0.0226864 19.0894
216845 15 0.01 0.7 32.9 -0.428618 0.0187596 3.62575 -0.0453235 -0.000249943 18.419
216848 15 0.01 0.7 32.9 0.261564 -0.229276 2.83707 0.021319 -0.0171474 16.8985
219900 15 0.01 0.7 32.9 0.463176 0.183994 2.96292 0.039226 0.0209036 17.5088
220910 15 0.01 0.7 32.9 0.458727 -0.449742 3.69143 0.0535726 -0.0497051 18.3395
221454 15 0.01 0.7 32.9 -0.290019 -0.382847 9.02979 -0.0799906 -0.103199 18.1471
222308 15 0.01 0.7 32.9 0.0980999 -0.157882 9.75398 0.0295676 -0.0479337 17.1531
222752 15 0.01 0.7 32.9 -0.486284 0.18901 6.50092 -0.0959272 0.0361477 19.5649
223994 15 0.01 0.7 32.9 -0.241328 0.464878 8.01649 -0.0578288 0.113483 18.653
224219 15 0.01 0.7 32.9 0.132256 -0.113754 5.36859 0.0216542 -0.0217084 19.164
225059 15 0.01 0.7 32.9 0.0704248 0.0670757 45.2543 0.0988125 0.0920773 16.1984
225468 15 0.01 0.7 32.9 -0.109897 0.472261 4.0739 -0.0140938 0.060622 19.7344
225522 15 0.01 0.7 32.9 0.444103 -0.451146 6.86355 0.0906996 -0.0947332 19.093
226281 15 0.01 0.7 32.9 0.443192 -0.181339 2.44021 0.0329428 -0.0151246 18.5572
228726 15 0.01 0.7 32.9 0.0113366 0.249317 4.56453 0.00101794 0.034766 18.9418
228786 15 0.01 0.7 32.9 0.274122 -0.14311 6.13042 0.0518113 -0.0278677 19.5297
228877 15 0.01 0.7 32.9 0.388104 -0.371034 4.33684 0.0531428 -0.0484808 19.2526
230069 15 0.01 0.7 32.9 -0.291264 0.405911 4.99531 -0.0433498 0.0613075 19.9192
230450 15 0.01 0.7 32.9 0.0300982 -0.0685196 12.323 0.0127782 -0.0267036 16.923
231556 15 0.01 0.7 32.9 -0.0387254 0.364548 3.01031 -0.00317663 0.0324873 16.4487
232389 15 0.01 0.7 32.9 0.0846089 0.443679 10.2441 0.0252941 0.137617 18.0933
232899 15 0.01 0.7 32.9 -0.0762767 -0.364816 7.34865 -0.0164968 -0.0798904 18.6454
234052 15 0.01 0.7 32.9 -0.457009 -0.487933 3.27329 -0.046351 -0.0472016 18.4009
234593 15 0.01 0.7 32.9 0.133012 -0.363069 3.15613 0.0126271 -0.0342493 17.5351
234938 15 0.01 0.7 32.9 -0.268114 0.220802 9.11234 -0.075648 0.0621467 18.5296
235064 15 0.01 0.7 32.9 0.17746 0.112858 9.49499 0.0498826 0.0318777 17.9749
237550 15 0.01 0.7 32.9 0.232606 -0.420983 2.26868 0.0142273 -0.0280874 18.2758
237967 15 0.01 0.7 32.9 -0.460702 -0.260547 8.6094 -0.120407 -0.0691811 17.8052
238068 15 0.01 0.7 32.9 0.131529 0.189585 6.61267 0.0271146 0.0397874 18.8516
238682 15 0.01 0.7 32.9 -0.24193 -0.352849 4.36011 -0.0312878 -0.046296 19.8243
239582 15 0.01 0.7 32.9 -0.402789 0.268979 3.91546 -0.048353 0.0323847 19.6346
240939 15 0.01 0.7 32.9 -0.455872 0.365423 7.15311 -0.0966351 0.0791622 17.9255
242388 15 0.01 0.7 32.9 -0.32348 -0.490467 1.59948 -0.0158743 -0.0258777 19.0308
244059 15 0.01 0.7 32.9 0.0839666 0.0810433 7.26085 0.0195145 0.0178016 16.8608
245969 15 0.01 0.7 32.9 0.0561052 -0.474073 3.98037 0.00704094 -0.0584293 18.2812
247035 15 0.01 0.7 32.9 0.460369 -0.382478 6.76849 0.0938656 -0.0798083 19.5882
247422 15 0.01 0.7 32.9 -0.207172 0.233362 9.37218 -0.0585102 0.067013 17.8904
249584 15 0.01 0.7 32.9 -0.414223 -0.487031 4.89544 -0.0630138 -0.0739362 18.5744
252503 15 0.01 0.7 32.9 0.268108 -0.355508 3.11504 0.0255468 -0.0344212 18.0764
252980 15 0.01 0.7 32.9 -0.261907 0.223084 19.8913 -0.160296 0.135242 16.3305
255377 15 0.01 0.7 32.9 -0.468638 -0.089516 2.49366 -0.0360154 -0.00589984 19.5797
256558 15 0.01 0.7 32.9 0.0933989 -0.495477 7.4405 0.0185342 -0.112926 18.6712
259300 15 0.01 0.7 32.9 0.230399 0.172892 9.13781 0.06496 0.0489645 17.5547
259478 15 0.01 0.7 32.9 -0.442452 -0.103105 6.87331 -0.0931555 -0.0206321 18.4206
260299 15 0.01 0.7 32.9 0.404018 -0.177211 8.07358 0.0997651 -0.0468551 18.7352
260745 15 0.01 0.7 32.9 -0.0932796 0.231977 9.72806 -0.0269503 0.0657909 17.5427
261177 15 0.01 0.7 32.9 -0.329831 0.356734 3.07736 -0.0276135 0.034017 19.0015
261285 15 0.01 0.7 32.9 -0.176518 0.195418 1.93082 -0.0102924 0.0115667 18.4366
261540 15 0.01 0.7 32.9 -0.104445 -0.341207 2.64818 -0.00774849 -0.0256513 18.3981
264189 15 0.01 0.7 32.9 -0.10735 0.456529 5.4502 -0.0181833 0.074869 17.5231
264885 15 0.01 0.7 32.9 0.300519 -0.202388 7.34068 0.06621 -0.0463301 18.813
265912 15 0.01 0.7 32.9 -0.327255 -0.401155 4.5763 -0.0472323 -0.0560549 20.046
266296 15 0.01 0.7 32.9 0.125048 -0.184409 5.10291 0.0174019 -0.0284019 17.1188
266962 15 0.01 0.7 32.9 0.264475 0.454921 4.63981 0.035563 0.0619198 18.1269
268169 15 0.01 0.7 32.9 0.218687 0.451791 10.255 0.0694642 0.138531 17.9166
268645 15 0.01 0.7 32.9 -0.0059974 0.0205686 3.9637 0.00116149 0.00106634 18.8016
269312 15 0.01 0.7 32.9 -0.212622 -0.155274 5.03549 -0.0323442 -0.0238068 20.0646
269407 15 0.01 0.7 32.9 0.226191 -0.135408 10.1955 0.0712607 -0.042489 17.4002
270012 15 0.01 0.7 32.9 -0.330618 -0.0117081 5.59567 -0.0557893 -0.00268402 18.4965
270197 15 0.01 0.7 32.9 -0.27913 0.016118 2.06703 -0.0150339 0.00511015 18.9059
271309 15 0.01 0.7 32.9 0.148794 0.48756 9.77197 0.0438047 0.14505 17.8791
271613 15 0.01 0.7 32.9 -0.367194 0.154993 15.9731 -0.17794 0.0770251 16.5419
271989 15 0.01 0.7 32.9 0.0916186 0.422231 2.51805 0.00843818 0.0328746 17.7016
272819 15 0.01 0.7 32.9 0.323055 -0.467117 3.14643 0.0314499 -0.0436073 16.9773
273327 15 0.01 0.7 32.9 -0.282055 -0.121348 5.4677 -0.0481974 -0.0206157 18.7778
274828 15 0.01 0.7 32.9 -0.345465 0.245864 8.20104 -0.085346 0.0619394 17.0721
276239 15 0.01 0.7 32.9 0.112703 -0.277673 4.48988 0.0143338 -0.0386074 19.1931
276421 15 0.01 0.7 32.9 -0.412499 -0.130803 11.1531 -0.137846 -0.0433456 17.6866
278088 15 0.01 0.7 32.9 -0.42327 0.00118686 5.90212 -0.0759597 0.000748695 19.0419
280103 15 0.01 0.7 32.9 0.27285 0.242474 3.38377 0.0280327 0.0225658 17.5932
280607 15 0.01 0.7 32.9 0.366443 -0.384402 8.20729 0.0921242 -0.0951122 17.8978
282220 15 0.01 0.7 32.9 -0.466839 0.278973 8.67595 -0.122046 0.0726268 17.3304
282312 15 0.01 0.7 32.9 -0.274039 -0.0706552 4.58012 -0.0396369 -0.00959669 17.7526
283302 15 0.01 0.7 32.9 0.410153 0.193196 3.5181 0.0430877 0.0213871 18.4654
284439 15 0.01 0.7 32.9 0.122841 -0.26329 2.80887 0.00844913 -0.0222036 18.3592
285652 15 0.01 0.7 32.9 0.176296 -0.0927211 2.82282 0.0121647 -0.00876676 17.2556
286184 15 0.01 0.7 32.9 -0.451078 -0.147698 4.42193 -0.0611661 -0.0181774 19.9924
287949 15 0.01 0.7 32.9 0.452697 0.26256 3.03945 0.0442148 0.0257266 18.9623
287960 15 0.01 0.7 32.9 -0.256804 -0.478874 2.69551 -0.0198377 -0.0386028 17.4918
288115 15 0.01 0.7 32.9 -0.143139 -0.144405 22.5973 -0.0973237 -0.0993852 16.4154
289195 15 0.01 0.7 32.9 0.150519 -0.117469 12.8929 0.0598942 -0.0458004 17.4059
289615 15 0.01 0.7 32.9 -0.283082 -0.0199265 5.67314 -0.0486057 -0.00548536 18.9814
289798 15 0.01 0.7 32.9 -0.308756 -0.27958 7.04308 -0.0668737 -0.0615694 19.365
290070 15 0.01 0.7 32.9 0.445679 -0.248914 7.31584 0.0998842 -0.0538912 19.3365
291656 15 0.01 0.7 32.9 0.427255 0.0690404 9.33328 0.121753 0.0192095 18.1095
291716 15 0.01 0.7 32.9 0.237864 0.424684 6.79669 0.0500679 0.0884983 16.9501
292242 15 0.01 0.7 32.9 -0.25299 -0.29843 2.28183 -0.0194276 -0.0187232 18.6735
292337 15 0.01 0.7 32.9 -0.319032 0.0593053 6.1747 -0.0608238 0.0129384 18.2577
293994 15 0.01 0.7 32.9 0.230049 0.342055 13.8517 0.0971222 0.144696 16.9987
294279 15 0.01 0.7 32.9 0.232921 -0.387299 10.3695 0.0743365 -0.119522 17.6837
294315 15 0.01 0.7 32.9 0.362372 0.144914 3.99629 0.0432991 0.0166566 20.0187
294333 15 0.01 0.7 32.9 -0.0874985 0.243183 7.87994 -0.0218761 0.0598071 16.962
295096 15 0.01 0.7 32.9 0.229248 -0.428425 6.54392 0.0452663 -0.0871823 17.3776
296084 15 0.01 0.7 32.9 0.0111163 0.0971762 8.21761 0.00409015 0.0234204 16.7473
296605 15 0.01 0.7 32.9 0.442995 -0.29262 5.96176 0.0784063 -0.0524236 18.3403
297565 15 0.01 0.7 32.9 -0.0552177 -0.0205722 3.5598 -0.00708282 -0.00125434 17.4686
299383 15 0.01 0.7 32.9 0.317863 -0.326029 3.1327 0.0300594 -0.030326 18.8164
300025 15 0.01 0.7 32.9 0.23176 0.042383 10.8351 0.0769177 0.0135505 17.3667
300380 15 0.01 0.7 32.9 0.0768131 -0.0757391 15.7242 0.0356587 -0.0353117 16.6015
300460 15 0.01 0.7 32.9 -0.431034 -0.074451 9.35241 -0.123766 -0.0224259 18.2165
300888 15 0.01 0.7 32.9 -0.159595 0.235543 6.00429 -0.0302193 0.0439508 19.7791
302873 15 0.01 0.7 32.9 -0.0896306 -0.381512 1.55784 -0.00488114 -0.0153337 17.2708
304036 15 0.01 0.7 32.9 -0.337318 0.163309 7.12389 -0.0752528 0.0331122 16.8586
305626 15 0.01 0.7 32.9 0.424004 -0.481957 4.62104 0.0576712 -0.0678045 19.3361
307622 15 0.01 0.7 32.9 0.212629 -0.429754 3.04021 0.0218638 -0.0379534 18.854
307993 15 0.01 0.7 32.9 -0.401523 -0.11496 6.72868 -0.0817492 -0.0249194 19.4598
309145 15 0.01 0.7 32.9 -0.291204 0.287285 4.23348 -0.0376508 0.0367781 19.7677
312548 15 0.01 0.7 32.9 -0.29065 0.466317 2.58545 -0.0231852 0.0338239 19.048
313182 15 0.01 0.7 32.9 -0.225912 -0.256292 6.4501 -0.0464096 -0.0511333 19.6986
314032 15 0.01 0.7 32.9 0.0913249 0.393452 4.81383 0.0114876 0.0594886 18.2976
314499 15 0.01 0.7 32.9 0.0120972 0.362958 8.41582 0.00200831 0.0938472 17.5182
315710 15 0.01 0.7 32.9 -0.0773582 0.449617 5.89701 -0.0118719 0.0813611 18.2622
315982 15 0.01 0.7 32.9 0.396094 0.437703 8.55208 0.103561 0.115114 17.1174
316881 15 0.01 0.7 32.9 0.225019 0.418957 3.50914 0.0230857 0.0416947 19.0873
317971 15 0.01 0.7 32.9 0.405986 -0.125535 3.66736 0.0453265 -0.0136854 19.0514
318113 15 0.01 0.7 32.9 -0.0829875 -0.0596895 20.2268 -0.0514676 -0.0381849 16.6517
318911 15 0.01 0.7 32.9 -0.260133 0.192355 9.1092 -0.0716829 0.0518885 17.7904
319100 15 0.01 0.7 32.9 0.191058 -0.355809 6.70445 0.0384857 -0.0726542 17.6308
319224 15 0.01 0.7 32.9 -0.414383 0.123616 5.34048 -0.067858 0.0197949 19.0686
319359 15 0.01 0.7 32.9 -0.161869 0.340416 7.79028 -0.0374666 0.0792782 18.3793
320495 15 0.01 0.7 32.9 -0.11995 0.0956595 8.54771 -0.0325336 0.0235435 18.6686
322462 15 0.01 0.7 32.9 -0.288223 0.0314038 6.28258 -0.0541347 0.00513244 17.3211
324067 15 0.01 0.7 32.9 0.403664 -0.320461 7.42273 0.0890556 -0.0729311 18.8282
324488 15 0.01 0.7 32.9 0.454628 -0.139233 5.48651 0.0754007 -0.0239562 19.7405
325224 15 0.01 0.7 32.9 0.285124 -0.125086 4.58025 0.0405387 -0.016306 17.8117
326099 15 0.01 0.7 32.9 0.471079 -0.298749 4.14179 0.0589159 -0.0363559 18.5557
326115 15 0.01 0.7 32.9 0.399827 -0.123437 5.86201 0.0722373 -0.0240969 19.2165
328039 15 0.01 0.7 32.9 0.0627235 0.0848199 4.42787 0.00506461 0.0116551 20.0136
328625 15 0.01 0.7 32.9 -0.427558 0.341371 8.90321 -0.115145 0.0903755 18.5223
329497 15 0.01 0.7 32.9 0.310888 0.14522 5.10116 0.0480608 0.021345 20.1157
331814 15 0.01 0.7 32.9 -0.334948 0.0852177 4.43072 -0.0478425 0.0100075 18.9906
331944 15 0.01 0.7 32.9 -0.324468 -0.465726 6.09952 -0.0603544 -0.0878809 17.789
332076 15 0.01 0.7 32.9 0.432917 -0.132042 1.43371 0.0172374 -0.00553366 17.3427
332719 15 0.01 0.7 32.9 -0.204782 0.208425 7.12624 -0.0433755 0.0470008 18.5673
333081 15 0.01 0.7 32.9 0.202737 0.229567 4.2395 0.0262534 0.0300337 19.574
333458 15 0.01 0.7 32.9 0.0401323 0.21471 4.82098 0.00487933 0.0323547 18.5644
334910 15 0.01 0.7 32.9 0.484366 0.289682 5.22011 0.0788217 0.047304 18.6872
335261 15 0.01 0.7 32.9 0.108539 -0.0337859 9.18239 0.0289458 -0.00923185 18.0502
336114 15 0.01 0.7 32.9 0.0552072 0.0213598 5.12457 0.00942637 0.00664943 18.5812
336326 15 0.01 0.7 32.9 0.16333 0.418396 8.51318 0.0426281 0.111334 17.4952
338216 15 0.01 0.7 32.9 0.170971 0.318328 4.79783 0.0248715 0.0468601 19.1038
338239 15 0.01 0.7 32.9 0.446559 -0.0409866 6.10452 0.0848205 -0.00787849 19.7443
338430 15 0.01 0.7 32.9 -0.4699 -0.272687 9.55855 -0.140485 -0.0790209 17.2123
338832 15 0.01 0.7 32.9 -0.0118034 0.193428 8.00727 -0.00323036 0.0454021 17.9956
338901 15 0.01 0.7 32.9 -0.182817 0.432793 6.00626 -0.033906 0.0771756 19.3764
339358 15 0.01 0.7 32.9 0.494366 -0.332865 3.18872 0.0466274 -0.0328108 18.0361
340677 15 0.01 0.7 32.9 -0.324444 -0.466063 5.7152 -0.0565905 -0.0793247 18.2639
341102 15 0.01 0.7 32.9 0.0891933 0.414454 5.22329 0.0153889 0.0674308 20.1135
341166 15 0.01 0.7 32.9 -0.0668747 -0.487085 3.19558 -0.0052584 -0.0469088 18.5398
344377 15 0.01 0.7 32.9 -0.0771323 0.311369 8.17749 -0.0179773 0.0766401 16.6518
347588 15 0.01 0.7 32.9 0.390499 0.00706365 17.2932 0.20262 0.00362876 16.4378
347723 15 0.01 0.7 32.9 -0.49453 0.460374 4.82407 -0.0735617 0.0672629 19.3139
348461 15 0.01 0.7 32.9 0.27149 0.365662 6.3977 0.0519596 0.0695878 19.2666
349243 15 0.01 0.7 32.9 0.112261 -0.116147 32.6295 0.111317 -0.116442 16.2798
349278 15 0.01 0.7 32.9 -0.176034 -0.263968 3.68461 -0.0200241 -0.0281799 17.1172
349420 15 0.01 0.7 32.9 0.176201 -0.11354 4.34694 0.0207871 -0.0168027 19.9284
351643 15 0.01 0.7 32.9 0.00630863 -0.117111 9.16252 -0.00110977 -0.033001 16.9221
352443 15 0.01 0.7 32.9 -0.234067 0.155619 6.02927 -0.0423869 0.0277775 19.8833
352897 15 0.01 0.7 32.9 0.0692614 -0.456174 9.86768 0.0229764 -0.137886 18.0696
356565 15 0.01 0.7 32.9 -0.1204 -0.122519 3.11985 -0.0115767 -0.0130151 19.2732
358266 15 0.01 0.7 32.9 -0.291071 -0.177939 4.55732 -0.0390707 -0.0247302 19.0671
358902 15 0.01 0.7 32.9 -0.02159 -0.168404 4.65036 -0.00329238 -0.0240239 18.7235
359105 15 0.01 0.7 32.9 -0.23146 -0.0524129 12.7454 -0.0888528 -0.0226902 17.0629
359268 15 0.01 0.7 32.9 0.0445348 0.426682 4.12101 0.00594203 0.0522498 18.9803
360514 15 0.01 0.7 32.9 0.0271279 -0.0867658 5.58355 0.00329239 -0.0128965 18.4985
360615 15 0.01 0.7 32.9 0.465856 0.49789 7.67026 0.109051 0.11624 18.523
361352 15 0.01 0.7 32.9 -0.115577 -0.0309096 3.20551 -0.0122292 -0.00200039 19.4756
361655 15 0.01 0.7 32.9 0.412366 0.253238 5.36988 0.0688569 0.0405671 19.8499
361825 15 0.01 0.7 32.9 -0.186157 0.0436102 4.2935 -0.0250359 0.00818284 16.9734
362958 15 0.01 0.7 32.9 -0.0731352 -0.400699 3.56977 -0.00991018 -0.0434438 19.3521
364078 15 0.01 0.7 32.9 0.317651 0.278171 3.99913 0.0414944 0.0331348 17.0937
365209 15 0.01 0.7 32.9 0.417446 -0.0380854 10.671 0.134803 -0.0123414 17.6602
365489 15 0.01 0.7 32.9 -0.336008 0.152208 11.6771 -0.11787 0.0546035 16.5221
365501 15 0.01 0.7 32.9 -0.443904 -0.363515 3.87571 -0.05374 -0.0430308 19.3639
367184 15 0.01 0.7 32.9 0.238283 -0.242094 7.3365 0.0538282 -0.0525818 18.61
367260 15 0.01 0.7 32.9 0.0722919 -0.34171 11.4325 0.0265555 -0.117478 17.6376
368175 15 0.01 0.7 32.9 -0.429319 -0.237096 1.68794 -0.0240132 -0.0109711 19.5477
370015 15 0.01 0.7 32.9 -0.290829 0.0260956 9.74447 -0.0869702 0.00617753 17.7026
370120 15 0.01 0.7 32.9 -0.292726 -0.380395 4.04433 -0.0361781 -0.044793 18.8216
370852 15 0.01 0.7 32.9 0.0773277 -0.356593 4.6312 0.0109706 -0.0491804 18.912
371443 15 0.01 0.7 32.9 0.442906 0.201983 4.25062 0.0593443 0.0245657 19.7745
374063 15 0.01 0.7 32.9 0.274314 0.232909 7.16278 0.0574162 0.050875 18.141
374519 15 0.01 0.7 32.9 0.36289 -0.445474 3.18593 0.0344447 -0.0415452 17.4589
375968 15 0.01 0.7 32.9 0.0577964 -0.4097 7.72779 0.0157935 -0.095999 17.7959
376508 15 0.01 0.7 32.9 -0.226048 -0.478628 2.27564 -0.0152112 -0.0330869 17.8798
378697 15 0.01 0.7 32.9 0.479147 0.474727 6.611 0.0954121 0.0969212 19.3782
378748 15 0.01 0.7 32.9 -0.292363 0.0665207 9.05994 -0.0820631 0.0181912 18.1319
378864 15 0.01 0.7 32.9 0.211548 -0.268308 9.99055 0.06344 -0.0830104 17.6702
379540 15 0.01 0.7 32.9 0.26288 -0.0101528 1.79296 0.0137065 -0.000441842 19.2373
379714 15 0.01 0.7 32.9 0.153813 0.448148 5.21528 0.0264131 0.0735056 17.54
379906 15 0.01 0.7 32.9 0.326473 0.0909991 2.8123 0.0275165 0.0074208 17.0158
380192 15 0.01 0.7 32.9 0.247866 0.129281 6.58767 0.0507386 0.0270974 17.9244
381150 15 0.01 0.7 32.9 0.368277 0.00697868 6.74105 0.0765046 0.0024547 17.4767
381334 15 0.01 0.7 32.9 0.0151054 -0.0851477 6.05916 0.00260997 -0.0159842 19.5387
381404 15 0.01 0.7 32.9 -0.45818 -0.0639617 6.96771 -0.0988606 -0.0150398 19.3193
382154 15 0.01 0.7 32.9 0.368408 -0.299628 8.09506 0.0916996 -0.0753758 18.8859
382252 15 0.01 0.7 32.9 0.335174 0.466778 2.13398 0.0225542 0.0304042 19.6542
382519 15 0.01 0.7 32.9 0.314225 0.441684 2.06595 0.0187287 0.0290186 19.2392
385715 15 0.01 0.7 32.9 0.291167 -0.388517 5.72589 0.0490725 -0.0682413 19.856
386605 15 0.01 0.7 32.9 -0.357593 -0.351232 2.37294 -0.0267393 -0.0256847 17.7759
387583 15 0.01 0.7 32.9 0.158214 -0.43177 7.43875 0.0359961 -0.0967658 16.5256
389459 15 0.01 0.7 32.9 -0.406436 0.031773 22.7968 -0.28214 0.0196941 16.5226
391222 15 0.01 0.7 32.9 0.2023 -0.264951 2.81926 0.0177007 -0.0236636 18.8028
391895 15 0.01 0.7 32.9 -0.321889 -0.0887202 4.39725 -0.042765 -0.0127005 19.7826
395502 15 0.01 0.7 32.9 0.478255 -0.300354 3.85957 0.0551721 -0.0343708 18.9021
396435 15 0.01 0.7 32.9 -0.422131 -0.0893179 4.27866 -0.0537576 -0.0101894 19.3546
397155 15 0.01 0.7 32.9 -0.013813 0.0615404 6.03717 -0.0030625 0.0137178 18.7657
397557 15 0.01 0.7 32.9 0.471138 -0.141823 4.70933 0.068894 -0.0214481 19.893
398075 15 0.01 0.7 32.9 -0.221844 -0.288324 9.88357 -0.0672532 -0.085874 17.8656
399150 15 0.01 0.7 32.9 0.174939 0.430796 3.82488 0.0207524 0.0517249 19.786
402452 15 0.01 0.7 32.9 0.493305 -0.385052 8.79468 0.133553 -0.103559 18.2071
406003 15 0.01 0.7 32.9 -0.409953 0.383617 4.84623 -0.0606727 0.0564854 17.7834
406986 15 0.01 0.7 32.9 0.232093 0.494254 2.29175 0.0180348 0.0333005 19.2403
406994 15 0.01 0.7 32.9 0.0953387 0.0263788 2.96406 0.00804661 9.10603e-05 19.2079
407767 15 0.01 0.7 32.9 0.328775 0.262573 5.77454 0.0571582 0.0483873 19.8206
408071 15 0.01 0.7 32.9 -0.222549 0.331119 7.2351 -0.0507132 0.0723 19.2796
410191 15 0.01 0.7 32.9 -0.480679 -0.344101 3.68973 -0.0528649 -0.0384897 19.5599
411082 15 0.01 0.7 32.9 0.350069 0.404231 6.05077 0.0665854 0.0746429 19.3336
411144 15 0.01 0.7 32.9 0.450713 -0.194888 4.84566 0.0677496 -0.0281607 19.4868
411632 15 0.01 0.7 32.9 0.108771 0.175946 9.28683 0.0308392 0.0492287 18.3973
412378 15 0.01 0.7 32.9 -0.476875 0.288655 8.43676 -0.120637 0.0751047 18.0326
412434 15 0.01 0.7 32.9 0.465569 0.0456868 7.46067 0.105112 0.0103212 18.1546
413553 15 0.01 0.7 32.9 -0.456145 -0.499515 8.41681 -0.11814 -0.127369 18.3495
414027 15 0.01 0.7 32.9 -0.0191891 -0.125176 1.99905 -0.00237125 -0.00851664 17.7542
414187 15 0.01 0.7 32.9 0.168317 0.442157 3.19392 0.0173395 0.0412457 18.873
414286 15 0.01 0.7 32.9 -0.391658 0.203713 13.9043 -0.166478 0.0829487 16.9197
414371 15 0.01 0.7 32.9 0.41776 0.298179 14.8447 0.189012 0.13408 16.7572
414596 15 0.01 0.7 32.9 0.00430011 -0.0118529 25.3098 0.00526547 -0.0124995 16.4754
415661 15 0.01 0.7 32.9 -0.0465948 0.41386 4.35523 -0.00616772 0.0566261 18.0816
416650 15 0.01 0.7 32.9 0.471211 -0.484515 3.84401 0.0528305 -0.0566192 19.1723
418103 15 0.01 0.7 32.9 0.145271 -0.183308 6.49634 0.0309773 -0.0347167 18.3284
418317 15 0.01 0.7 32.9 -0.413864 -0.272681 5.21534 -0.0667437 -0.044323 17.3113
418654 15 0.01 0.7 32.9 -0.42967 -0.292255 11.2581 -0.145605 -0.0997938 17.586
418670 15 0.01 0.7 32.9 -0.0551235 0.248633 1.89577 -0.00271131 0.0142082 19.2549
419484 15 0.01 0.7 32.9 0.173949 0.386819 4.8447 0.0269913 0.0587226 19.0693
423117 15 0.01 0.7 32.9 -0.000210501 -0.0928211 6.56553 0.000847355 -0.0205152 16.5698
423663 15 0.01 0.7 32.9 -0.396526 -0.0891736 8.85717 -0.107841 -0.0218265 16.8954
424027 15 0.01 0.7 32.9 0.29762 0.0189504 10.1755 0.0944301 0.00392415 16.8156
424128 15 0.01 0.7 32.9 0.130673 -0.320952 3.10297 0.0135366 -0.0291557 17.1059
424345 15 0.01 0.7 32.9 -0.232381 -0.199105 3.79868 -0.0263216 -0.0222414 17.033
424582 15 0.01 0.7 32.9 0.306655 0.414007 11.6098 0.108788 0.147151 16.8928
425103 15 0.01 0.7 32.9 0.0974448 -0.374284 6.85363 0.0200312 -0.0789525 19.421
425598 15 0.01 0.7 32.9 -0.0509263 0.339506 5.14017 -0.00868144 0.0547147 19.5658
426111 15 0.01 0.7 32.9 -0.212076 0.336045 17.0214 -0.109736 0.174446 16.7587
426437 15 0.01 0.7 32.9 0.484529 -0.155872 2.60088 0.0384175 -0.0105639 19.3294
426884 15 0.01 0.7 32.9 -0.300802 -0.362882 4.43131 -0.0415321 -0.0492616 19.8202
427152 15 0.01 0.7 32.9 0.0555496 -0.294057 27.7094 0.0485315 -0.246896 16.3817
427403 15 0.01 0.7 32.9 -0.282723 0.208596 8.30346 -0.0691771 0.051771 17.9301
428556 15 0.01 0.7 32.9 -0.379417 0.0156792 6.09571 -0.0686796 0.00374208 19.6095
428740 15 0.01 0.7 32.9 -0.195116 0.134477 11.0991 -0.063465 0.045549 17.5377
429662 15 0.01 0.7 32.9 -0.0263467 -0.0145743 5.30944 -0.00351921 -0.000652093 19.0754
430371 15 0.01 0.7 32.9 0.441633 0.139339 7.42302 0.100072 0.0333663 18.9078
431321 15 0.01 0.7 32.9 0.348962 0.449325 6.37546 0.0690259 0.0867441 17.2993
431576 15 0.01 0.7 32.9 0.459235 -0.421276 7.47801 0.104089 -0.0957642 19.0238
431839 15 0.01 0.7 32.9 -0.206524 -0.431303 3.50438 -0.0215694 -0.0464567 17.4801
431848 15 0.01 0.7 32.9 -0.0885511 -0.297336 3.63106 -0.0109085 -0.0342836 19.4422
432128 15 0.01 0.7 32.9 -0.233762 -0.389893 1.49264 -0.00867557 -0.0170952 16.927
433395 15 0.01 0.7 32.9 0.147927 -0.239085 3.93883 0.0180269 -0.0286953 20.0407
433519 15 0.01 0.7 32.9 -0.289774 0.100577 5.90193 -0.0531767 0.0169962 19.8423
434224 15 0.01 0.7 32.9 -0.166312 -0.369942 1.4055 -0.00793013 -0.0154741 17.3648
435983 15 0.01 0.7 32.9 -0.453195 0.106437 7.22161 -0.0998754 0.023432 19.2168
436177 15 0.01 0.7 32.9 -0.0728334 -0.141697 5.46347 -0.0123629 -0.0242908 17.2861
437230 15 0.01 0.7 32.9 -0.452319 -0.245772 7.12516 -0.0962969 -0.0542765 16.9853
437449 15 0.01 0.7 32.9 0.241154 -0.0174371 5.39246 0.0391891 -0.00425742 18.3224
437830 15 0.01 0.7 32.9 0.0705494 -0.00527866 3.91448 0.00841753 -0.000465172 19.0117
439985 15 0.01 0.7 32.9 -0.119425 0.29674 8.31821 -0.0298884 0.0762914 18.0113
440729 15 0.01 0.7 32.9 -0.279658 0.248366 4.00795 -0.0345337 0.0304686 19.7577
441399 15 0.01 0.7 32.9 0.412734 0.311636 6.55995 0.0827168 0.0594886 19.5194
441798 15 0.01 0.7 32.9 -0.444401 -0.357729 5.33391 -0.0705414 -0.0602376 20.0253
442319 15 0.01 0.7 32.9 0.280923 0.364492 3.57193 0.0310705 0.039939 19.261
442362 15 0.01 0.7 32.9 -0.41564 0.356052 5.69317 -0.0720621 0.0620328 18.7293
443547 15 0.01 0.7 32.9 0.443336 -0.257529 12.5234 0.168681 -0.0996704 17.2646
443737 15 0.01 0.7 32.9 0.27752 -0.266089 8.79009 0.0734553 -0.0744358 16.7826
443865 15 0.01 0.7 32.9 0.00218308 0.0257485 5.23084 -0.000121791 0.00687387 19.6829
445743 15 0.01 0.7 32.9 -0.200423 0.088943 2.29686 -0.0119949 0.00626144 17.401
445925 15 0.01 0.7 32.9 -0.332181 0.142737 9.16181 -0.0940097 0.0420058 17.9521
446288 15 0.01 0.7 32.9 0.195945 0.304976 7.85632 0.0471716 0.0716071 19.052
448057 15 0.01 0.7 32.9 0.119288 -0.420651 4.37554 0.0154006 -0.0561318 18.1095
448076 15 0.01 0.7 32.9 -0.414631 0.49527 7.47995 -0.093854 0.110651 18.5545
450171 15 0.01 0.7 32.9 0.485159 -0.204171 4.74747 0.0709533 -0.0292483 18.0672
451225 15 0.01 0.7 32.9 -0.32064 0.0420024 7.56216 -0.0763735 0.0101755 16.5727
451784 15 0.01 0.7 32.9 0.156587 -0.0256878 3.53875 0.0154795 -0.00371976 18.8572
451832 15 0.01 0.7 32.9 0.24219 0.296678 1.68594 0.0149157 0.0155484 17.5413
453747 15 0.01 0.7 32.9 -0.216731 0.149375 16.6252 -0.110169 0.0765367 16.7946
454142 15 0.01 0.7 32.9 0.426981 0.350203 6.86942 0.089082 0.0744015 18.3742
454354 15 0.01 0.7 32.9 0.262357 0.116471 11.9808 0.0964974 0.0445041 17.0175
454486 15 0.01 0.7 32.9 -0.230802 -0.421635 6.01909 -0.0419937 -0.0783703 19.5601
454605 15 0.01 0.7 32.9 0.18335 0.346965 18.4335 0.102529 0.194393 16.7467
456239 15 0.01 0.7 32.9 0.463138 -0.319357 4.32203 0.0596148 -0.0432155 18.7748
456538 15 0.01 0.7 32.9 -0.186558 -0.0101702 16.2744 -0.0925492 -0.00470947 16.3822
458185 15 0.01 0.7 32.9 -0.0180415 0.393531 3.90039 -0.000148818 0.0474651 19.8457
458227 15 0.01 0.7 32.9 0.445718 -0.322071 7.17384 0.0969448 -0.0682929 16.937
459602 15 0.01 0.7 32.9 0.156951 0.0083821 1.28314 0.0066746 0.00206217 17.2499
459853 15 0.01 0.7 32.9 -0.0394979 0.322649 28.19 -0.0326263 0.274743 16.2937
460213 15 0.01 0.7 32.9 0.432442 -0.439784 4.21136 0.0564555 -0.0551884 16.5078
460486 15 0.01 0.7 32.9 -0.278321 -0.349083 7.01816 -0.0583204 -0.0751611 17.5647
461335 15 0.01 0.7 32.9 -0.429118 -0.217569 3.57084 -0.0478082 -0.0245613 18.4521
463098 15 0.01 0.7 32.9 0.191912 0.030897 10.5717 0.0595661 0.0114052 17.524
463818 15 0.01 0.7 32.9 0.264781 0.434623 6.95543 0.0550163 0.091606 17.9276
463974 15 0.01 0.7 32.9 -0.126008 0.253392 5.02863 -0.0184482 0.0376259 17.874
464667 15 0.01 0.7 32.9 -0.19346 0.426312 5.11454 -0.032774 0.0632846 18.072
465369 15 0.01 0.7 32.9 -0.348659 -0.368986 21.7225 -0.230552 -0.244037 16.4897
465553 15 0.01 0.7 32.9 -0.429025 -0.389664 1.07541 -0.0123904 -0.0133479 16.904
465584 15 0.01 0.7 32.9 0.49432 -0.00481221 6.29694 0.0932199 -0.00151021 17.9529
465813 15 0.01 0.7 32.9 -0.114886 0.270142 3.82166 -0.0119289 0.0303346 18.5218
467129 15 0.01 0.7 32.9 0.308934 -0.0114758 7.31943 0.0678709 -0.00140943 17.4858
467938 15 0.01 0.7 32.9 -0.269711 -0.234726 1.8892 -0.0153406 -0.0137286 17.9737
468154 15 0.01 0.7 32.9 -0.417012 -0.403217 7.60363 -0.0950092 -0.0925308 17.8645
468541 15 0.01 0.7 32.9 0.0882634 -0.275554 4.65526 0.0131136 -0.0363104 18.4196
468923 15 0.01 0.7 32.9 -0.414001 -0.336104 9.50933 -0.120329 -0.0979477 17.8178
469544 15 0.01 0.7 32.9 -0.152431 -0.000466856 6.11924 -0.0291402 -8.51711e-05 18.2621
471339 15 0.01 0.7 32.9 0.400341 0.285088 7.25986 0.0882528 0.0647302 18.3795
471869 15 0.01 0.7 32.9 -0.0163339 0.496612 6.0435 -0.00211781 0.0899211 19.8518
472900 15 0.01 0.7 32.9 0.260278 -0.470078 3.12123 0.0224294 -0.0438308 17.7204
473387 15 0.01 0.7 32.9 0.321192 -0.169305 2.61878 0.0252843 -0.0123098 18.5052
473779 15 0.01 0.7 32.9 -0.107529 -0.162619 4.11449 -0.0132469 -0.0228175 17.3242
473863 15 0.01 0.7 32.9 0.370128 -0.306093 5.57647 0.0624048 -0.0532253 17.0036
474337 15 0.01 0.7 32.9 0.153029 -0.20248 8.18381 0.0391352 -0.0515692 18.0863
474540 15 0.01 0.7 32.9 0.271671 0.132104 6.3116 0.0512967 0.0229284 18.5605
474549 15 0.01 0.7 32.9 0.14785 -0.0670109 11.3701 0.0483195 -0.0231176 17.7347
475111 15 0.01 0.7 32.9 0.111475 -0.141223 10.9276 0.0355221 -0.0462601 17.4464
475277 15 0.01 0.7 32.9 -0.00290659 0.492219 2.09233 0.000140563 0.0280508 17.8376
475436 15 0.01 0.7 32.9 -0.425137 0.313379 4.94973 -0.0645177 0.0462292 17.5362
475546 15 0.01 0.7 32.9 0.348281 0.437179 2.54043 0.0281699 0.0339785 18.9852
475756 15 0.01 0.7 32.9 0.122859 0.0496271 8.69453 0.0321099 0.0116156 18.142
476173 15 0.01 0.7 32.9 0.116805 -0.455008 7.85681 0.0295714 -0.109581 16.6697
476479 15 0.01 0.7 32.9 0.140246 0.017172 5.47023 0.0224757 0.00253039 17.0988
477739 15 0.01 0.7 32.9 0.0160571 0.269966 5.45432 0.00261168 0.045921 19.8573
477807 15 0.01 0.7 32.9 -0.229963 -0.218515 7.39815 -0.0514221 -0.0507679 18.8723
477928 15 0.01 0.7 32.9 0.248439 -0.44905 8.62721 0.0648968 -0.116902 18.671
479070 15 0.01 0.7 32.9 -0.265959 0.00811724 27.2643 -0.220749 0.00777676 16.4153
479083 15 0.01 0.7 32.9 0.266339 0.129008 3.0373 0.0255327 0.0118738 18.2597
480024 15 0.01 0.7 32.9 -0.383785 0.40043 9.86312 -0.113677 0.118312 17.0314
480600 15 0.01 0.7 32.9 -0.415055 0.266651 4.9248 -0.0642361 0.0387728 19.9956
480808 15 0.01 0.7 32.9 -0.0180852 0.0587618 2.55748 -0.000518413 0.00413059 19.0073
481322 15 0.01 0.7 32.9 -0.39317 -0.0251217 2.71079 -0.030337 -0.00253086 19.746
481354 15 0.01 0.7 32.9 0.0458871 -0.10778 6.42948 0.00761742 -0.0211327 18.5921
482847 15 0.01 0.7 32.9 0.0902433 -0.484401 7.65648 0.0195371 -0.110491 18.0739
482911 15 0.01 0.7 32.9 -0.181853 0.267954 8.96859 -0.0492185 0.0740393 18.2442
483143 15 0.01 0.7 32.9 -0.173417 -0.184429 4.21447 -0.0229773 -0.0257463 18.7721
483639 15 0.01 0.7 32.9 -0.419697 -0.125608 4.77822 -0.0602589 -0.0190536 17.9756
483726 15 0.01 0.7 32.9 0.237373 -0.104871 2.71476 0.0192948 -0.00529562 18.2659
484290 15 0.01 0.7 32.9 -0.206085 0.382091 3.8761 -0.0240938 0.0443867 18.747
485270 15 0.01 0.7 32.9 0.188657 -0.0113172 4.17527 0.0226697 -0.00146433 17.913
485475 15 0.01 0.7 32.9 -0.178461 -0.289544 7.33279 -0.0386754 -0.0648083 18.0082
485920 15 0.01 0.7 32.9 0.449123 0.101331 3.49322 0.0448973 0.0110459 19.2365
485952 15 0.01 0.7 32.9 -0.408753 -0.20548 8.44421 -0.105754 -0.0520814 17.6392
487010 15 0.01 0.7 32.9 0.190889 0.478325 3.20979 0.0179522 0.0458727 19.8008
487286 15 0.01 0.7 32.9 0.470549 0.161462 4.78389 0.0703921 0.0240881 18.5597
488551 15 0.01 0.7 32.9 0.0121422 0.264944 3.51028 0.00190714 0.0281885 17.9216
488718 15 0.01 0.7 32.9 0.114215 -0.289446 8.20546 0.0286037 -0.0720138 17.2954
489255 15 0.01 0.7 32.9 0.288344 0.371558 6.6152 0.0573308 0.0755329 17.76
489582 15 0.01 0.7 32.9 -0.297792 -0.339441 6.51153 -0.0564149 -0.0652369 17.7474
490243 15 0.01 0.7 32.9 -0.429512 0.207396 3.82868 -0.0500685 0.0248205 17.9134
491120 15 0.01 0.7 32.9 -0.100858 0.247005 5.12593 -0.012199 0.036904 19.8288
491709 15 0.01 0.7 32.9 0.252744 -0.408098 7.50636 0.0599043 -0.0957774 19.1163
492590 15 0.01 0.7 32.9 0.251264 -0.0477487 5.70126 0.0450499 -0.00907793 18.4812
492603 15 0.01 0.7 32.9 0.275856 0.0281146 4.18309 0.0355191 0.00445916 19.6772
492744 15 0.01 0.7 32.9 0.0793774 0.436838 11.4308 0.0292108 0.149174 17.4874
492940 15 0.01 0.7 32.9 0.252484 -0.0230538 5.96642 0.0461082 -0.00265104 18.3438
493825 15 0.01 0.7 32.9 0.202617 0.0881626 5.91366 0.0363302 0.0130263 16.9682
495975 15 0.01 0.7 32.9 0.473515 0.151495 6.89555 0.0978307 0.0300935 16.7815
496009 15 0.01 0.7 32.9 0.158564 0.413168 4.23666 0.0208487 0.0519992 19.1794
497274 15 0.01 0.7 32.9 0.442008 -0.135847 6.05346 0.080377 -0.0242805 18.074
497618 15 0.01 0.7 32.9 -0.184077 0.199545 4.57347 -0.0253056 0.0283501 19.7685
499640 15 0.01 0.7 32.9 0.151433 -0.369994 5.78672 0.0279941 -0.0685079 19.5156
499832 15 0.01 0.7 32.9 -0.000935904 0.348444 6.22661 -0.0001316 0.0676891 18.6819
