1373 12 0.01 0.1 32.9 0.0313543 0.16729 1.53776 0.00203136 0.00506012 704.721
1538 12 0.01 0.1 32.9 0.326272 0.332571 3.7228 0.0381575 0.0363117 630.338
2470 12 0.01 0.1 32.9 0.0897857 0.189455 1.79704 0.00571599 0.00986173 738.197
2504 12 0.01 0.1 32.9 -0.0710232 -0.342697 0.617613 -0.00101266 -0.00829181 627.145
5312 12 0.01 0.1 32.9 -0.366192 0.369145 2.63791 -0.0311557 0.0285166 656.062
6271 12 0.01 0.1 32.9 0.494195 -0.475603 2.13316 0.0306277 -0.0296566 661.773
8380 12 0.01 0.1 32.9 -0.366019 -0.324227 5.9211 -0.0679042 -0.0598294 623.258
8779 12 0.01 0.1 32.9 0.320334 0.270014 1.21775 0.0131627 0.0102757 646.585
10013 12 0.01 0.1 32.9 0.286193 -0.0495737 1.85672 0.0161136 -0.000804072 718.245
10928 12 0.01 0.1 32.9 0.206987 0.270807 2.54619 0.0144935 0.0226537 708.149
12934 12 0.01 0.1 32.9 0.302211 0.446864 1.22063 0.012046 0.0126995 697.44
13507 12 0.01 0.1 32.9 -0.457835 -0.113405 1.17671 -0.0166411 -0.00583687 694.549
14496 12 0.01 0.1 32.9 -0.48085 -0.132225 1.78202 -0.0268451 -0.00655292 738.587
17011 12 0.01 0.1 32.9 0.177484 0.101578 3.61841 0.0185146 0.0110386 622.178
18235 12 0.01 0.1 32.9 -0.0523252 0.209252 1.67961 -0.0022321 0.0133549 679.286
18600 12 0.01 0.1 32.9 0.0378259 0.0771594 1.42874 0.00159269 0.00123642 683.465
19128 12 0.01 0.1 32.9 -0.115585 0.365417 1.33241 -0.00597582 0.0140756 701.843
19505 12 0.01 0.1 32.9 -0.438431 -0.106553 2.93805 -0.0369963 -0.0107248 684.311
19577 12 0.01 0.1 32.9 0.389895 0.468878 0.892406 0.0105936 0.0109895 626.158
19913 12 0.01 0.1 32.9 0.134924 -0.495731 5.05237 0.0204189 -0.0717157 620.134
20769 12 0.01 0.1 32.9 -0.35268 -0.405552 1.37756 -0.0141624 -0.0164507 701.857
20947 12 0.01 0.1 32.9 0.0369972 0.118911 1.51939 0.000533625 0.00581818 667.553
21202 12 0.01 0.1 32.9 -0.179108 -0.0543488 6.2314 -0.0309673 -0.0104805 623.569
22779 12 0.01 0.1 32.9 0.203791 -0.358171 5.05335 0.0332677 -0.054688 632.933
23178 12 0.01 0.1 32.9 0.0537245 0.462778 2.98837 0.00455714 0.042993 693.055
25770 12 0.01 0.1 32.9 0.102653 0.0864718 1.05698 0.000996777 0.00303437 667.08
26526 12 0.01 0.1 32.9 -0.218653 0.317491 2.63125 -0.0180707 0.027277 604.864
26877 12 0.01 0.1 32.9 0.0934779 -0.463713 4.9972 0.015199 -0.0718128 628.637
28507 12 0.01 0.1 32.9 0.458624 -0.035055 5.68732 0.0791262 -0.00519813 626.057
29323 12 0.01 0.1 32.9 -0.288846 -0.11868 2.52747 -0.0230129 -0.00836519 617.186
30216 12 0.01 0.1 32.9 -0.206879 -0.0983586 3.94761 -0.0229666 -0.0131509 650.051
31259 12 0.01 0.1 32.9 0.458536 -0.261024 1.00988 0.0145671 -0.00836191 706.894
31766 12 0.01 0.1 32.9 -0.237522 -0.183722 2.74935 -0.0212852 -0.016937 694.465
32328 12 0.01 0.1 32.9 -0.275926 -0.0693458 1.9025 -0.0168376 -0.00238585 613.661
32624 12 0.01 0.1 32.9 -0.0905786 0.480733 2.77262 -0.0084668 0.0389217 672.857
32646 12 0.01 0.1 32.9 -0.431422 0.385372 1.89958 -0.0284034 0.0228575 675.019
33707 12 0.01 0.1 32.9 0.459235 0.436047 1.48178 0.0192184 0.0202084 738.911
35145 12 0.01 0.1 32.9 0.149776 0.497406 1.63599 0.0052967 0.0241738 734.81
35288 12 0.01 0.1 32.9 0.36084 -0.286938 2.56602 0.0294765 -0.0266564 694.409
37429 12 0.01 0.1 32.9 -0.471187 -0.312285 5.73617 -0.084602 -0.0524847 625.257
37661 12 0.01 0.1 32.9 0.179821 0.219203 6.06786 0.0332275 0.0370238 622.586
38261 12 0.01 0.1 32.9 0.283748 -0.192269 2.60279 0.0223537 -0.0150624 713.022
38427 12 0.01 0.1 32.9 0.415009 -0.0678334 2.38271 0.027584 -0.00397601 666.87
39627 12 0.01 0.1 32.9 0.107009 0.15388 2.22666 0.00454947 0.0105404 692.566
41513 12 0.01 0.1 32.9 -0.0124876 0.304879 5.92066 -0.00243101 0.0552173 613.264
42802 12 0.01 0.1 32.9 -0.0400116 -0.402294 2.32015 -0.00273867 -0.0260831 722.912
42805 12 0.01 0.1 32.9 0.20267 0.361636 2.15262 0.0131036 0.0221021 618.293
43520 12 0.01 0.1 32.9 0.2841 -0.203497 1.55834 0.0130324 -0.0101022 644.569
45597 12 0.01 0.1 32.9 -0.100259 -0.313372 0.916074 -0.00319205 -0.00920993 673.331
46346 12 0.01 0.1 32.9 0.214863 -0.391013 0.508816 0.000359428 -0.00364679 656.688
46640 12 0.01 0.1 32.9 0.107298 -0.390756 2.46369 0.0069086 -0.0286255 675.775
46803 12 0.01 0.1 32.9 0.412152 0.369409 1.97218 0.025284 0.0238584 692.759
47164 12 0.01 0.1 32.9 0.424381 -0.0606942 3.5077 0.0440642 -0.00991542 641.859
47329 12 0.01 0.1 32.9 -0.29706 0.428926 2.81194 -0.0277894 0.0374323 655.034
47811 12 0.01 0.1 32.9 -0.472049 -0.301095 4.05703 -0.0593018 -0.0391338 647.63
48319 12 0.01 0.1 32.9 -0.0195089 -0.350822 5.06101 -0.00236861 -0.0547898 614.078
48803 12 0.01 0.1 32.9 -0.389601 0.48617 1.69155 -0.0194446 0.0262407 735.238
48879 12 0.01 0.1 32.9 -0.333549 -0.332338 0.827908 -0.0105604 -0.00713809 673.022
49733 12 0.01 0.1 32.9 0.144064 0.165045 2.89995 0.0135048 0.0149918 672.488
50338 12 0.01 0.1 32.9 -0.280248 -0.0449136 1.31203 -0.0112718 -0.00171598 701.071
53109 12 0.01 0.1 32.9 -0.358717 0.093943 2.71644 -0.0279156 0.00495835 642.141
54367 12 0.01 0.1 32.9 -0.31987 -0.42876 0.926389 -0.00668349 -0.0144803 647.54
54784 12 0.01 0.1 32.9 0.438908 -0.423907 4.82985 0.0616965 -0.0629672 633.441
56311 12 0.01 0.1 32.9 -0.476063 -0.0613692 1.07639 -0.0160088 -0.0012306 681.851
56599 12 0.01 0.1 32.9 -0.478859 0.118664 1.04085 -0.018038 0.0019305 702.643
56681 12 0.01 0.1 32.9 -0.465219 0.324139 4.57017 -0.0660782 0.0475196 649.055
56770 12 0.01 0.1 32.9 0.250939 0.47476 4.08829 0.0328638 0.0591966 608.171
59159 12 0.01 0.1 32.9 -0.132561 0.467433 0.682107 -0.00455321 0.00955261 667.047
59348 12 0.01 0.1 32.9 0.38922 -0.189064 1.3373 0.0119181 -0.00627964 703.258
61333 12 0.01 0.1 32.9 -0.451747 -0.235686 1.2543 -0.0185914 -0.00762241 672.536
61789 12 0.01 0.1 32.9 0.481999 -0.233402 5.12466 0.0734105 -0.0363501 625.881
62255 12 0.01 0.1 32.9 0.37709 0.00850628 2.40622 0.0294341 0.0014614 725.167
63463 12 0.01 0.1 32.9 -0.384302 -0.118849 2.69101 -0.0312562 -0.0103106 624.456
63781 12 0.01 0.1 32.9 -0.496587 -0.422431 3.09614 -0.0469445 -0.0374868 607.434
64322 12 0.01 0.1 32.9 -0.193409 -0.402596 2.24508 -0.013584 -0.0274499 738.407
66830 12 0.01 0.1 32.9 0.357486 -0.145644 2.40625 0.0272524 -0.0133892 718.419
66859 12 0.01 0.1 32.9 -0.104512 0.277772 3.17999 -0.0111886 0.0278882 665.983
67360 12 0.01 0.1 32.9 -0.239842 -0.316655 2.17081 -0.0156697 -0.023952 717.397
67673 12 0.01 0.1 32.9 -0.464031 -0.192492 0.970922 -0.0135592 -0.002624 684.255
68226 12 0.01 0.1 32.9 -0.0812892 -0.306667 1.43021 -0.00406754 -0.0106894 734.078
73989 12 0.01 0.1 32.9 0.219599 -0.150803 1.03352 0.00724705 -0.00316581 689.183
74946 12 0.01 0.1 32.9 -0.00256057 0.492755 0.979033 -0.000502127 0.0140836 639.36
75781 12 0.01 0.1 32.9 0.146932 -0.342955 2.16663 0.00847925 -0.0228954 730.98
76073 12 0.01 0.1 32.9 -0.447669 0.103096 2.47545 -0.0331052 0.00883851 630.414
76721 12 0.01 0.1 32.9 0.364958 0.25024 1.64189 0.0174626 0.0105874 662.517
78187 12 0.01 0.1 32.9 0.402734 0.486452 6.89503 0.0832909 0.102598 613.925
79303 12 0.01 0.1 32.9 0.128343 0.46583 2.57336 0.0106415 0.0382464 645.975
79322 12 0.01 0.1 32.9 0.265689 0.130674 0.889226 0.00587147 0.00482771 695.041
79517 12 0.01 0.1 32.9 -0.112463 -0.054295 2.16608 -0.00796648 -0.00542617 697.39
79574 12 0.01 0.1 32.9 0.166731 -0.463194 3.41879 0.0180247 -0.0463428 669.594
79940 12 0.01 0.1 32.9 0.449009 -0.214002 3.20082 0.0448665 -0.0189253 674.957
80104 12 0.01 0.1 32.9 0.352371 0.396737 0.857543 0.0103293 0.0131882 666.064
80768 12 0.01 0.1 32.9 -0.289751 0.430279 6.30726 -0.0542899 0.0830189 622.364
81203 12 0.01 0.1 32.9 0.386984 0.234543 2.34829 0.0266342 0.0173873 721.908
83155 12 0.01 0.1 32.9 0.235235 0.0690568 1.85523 0.0122951 0.00541003 717.84
83297 12 0.01 0.1 32.9 -0.375085 -0.0762504 3.16068 -0.0361067 -0.00718459 686.352
83512 12 0.01 0.1 32.9 0.083085 -0.432374 2.8276 0.00843617 -0.037106 665.463
86093 12 0.01 0.1 32.9 0.0800584 0.234682 0.938555 0.00206181 0.0061579 643.895
88643 12 0.01 0.1 32.9 -0.228755 -0.028386 1.92925 -0.0120328 -0.000921855 628.555
89728 12 0.01 0.1 32.9 0.378924 -0.20297 3.32307 0.0407349 -0.0213583 682.028
90533 12 0.01 0.1 32.9 -0.374323 0.174618 0.876123 -0.00961969 0.00483238 669.613
92956 12 0.01 0.1 32.9 0.267217 -0.245428 1.81595 0.016069 -0.0129867 678.341
93022 12 0.01 0.1 32.9 0.23499 -0.0276268 3.15289 0.0222285 -0.001412 622.071
93455 12 0.01 0.1 32.9 -0.488598 -0.335132 3.62963 -0.0557682 -0.0376624 653.179
93556 12 0.01 0.1 32.9 0.27733 0.385748 4.71926 0.0401336 0.0540362 638.595
93588 12 0.01 0.1 32.9 -0.287878 0.190978 2.23615 -0.0199873 0.0121071 659.573
93649 12 0.01 0.1 32.9 -0.0820671 -0.392733 0.824642 -0.000324379 -0.00981694 670.729
94809 12 0.01 0.1 32.9 -0.393704 0.182251 1.03567 -0.0125416 0.00790127 700.871
95094 12 0.01 0.1 32.9 0.072226 0.289687 2.34568 0.00621087 0.022628 648.31
95469 12 0.01 0.1 32.9 0.194337 -0.239735 2.64405 0.0136266 -0.0188606 690.618
95470 12 0.01 0.1 32.9 0.403819 0.223038 3.83413 0.0449598 0.0266157 668.879
96071 12 0.01 0.1 32.9 -0.0153747 -0.0171314 2.35487 0.000145899 -0.00187746 703.592
96481 12 0.01 0.1 32.9 -0.374187 -0.4733 6.09527 -0.0697474 -0.0882424 624.202
97133 12 0.01 0.1 32.9 -0.488539 -0.134582 3.34961 -0.0493586 -0.0163348 672.228
97751 12 0.01 0.1 32.9 -0.130784 -0.152862 1.45485 -0.00600159 -0.00631539 634.979
98254 12 0.01 0.1 32.9 -0.183562 -0.154314 2.15926 -0.00977761 -0.0117779 741.458
98784 12 0.01 0.1 32.9 -0.102594 -0.104241 3.03183 -0.00945156 -0.0102937 698.469
98975 12 0.01 0.1 32.9 0.424474 -0.376636 2.2918 0.029055 -0.0250484 726.138
100604 12 0.01 0.1 32.9 -0.259543 -0.194136 1.93689 -0.0138473 -0.0100429 681.374
101283 12 0.01 0.1 32.9 0.0440383 -0.179314 12.0345 0.0167792 -0.0660593 602.27
102195 12 0.01 0.1 32.9 0.367486 0.439873 6.49728 0.074008 0.0869572 619.082
102297 12 0.01 0.1 32.9 0.166297 -0.0935206 1.28704 0.00344745 -0.00396346 618.781
103526 12 0.01 0.1 32.9 0.124215 -0.494663 1.05186 0.00353677 -0.0166388 643.242
103950 12 0.01 0.1 32.9 -0.310389 -0.394063 0.701784 -0.00573993 -0.00609944 630.567
107928 12 0.01 0.1 32.9 -0.345915 -0.24995 1.78382 -0.0197185 -0.0160766 736.339
108422 12 0.01 0.1 32.9 0.0614512 0.166183 4.21603 0.00681774 0.0236753 628.697
109479 12 0.01 0.1 32.9 0.138276 0.330641 2.13071 0.0110416 0.0209249 641.535
109877 12 0.01 0.1 32.9 0.0884023 -0.246077 1.2178 0.0026806 -0.00887075 693.609
110336 12 0.01 0.1 32.9 -0.292309 0.0186105 0.622785 -0.00547032 -0.000406979 624.685
110383 12 0.01 0.1 32.9 0.496746 -0.17954 3.14873 0.0465599 -0.0149519 607.911
110827 12 0.01 0.1 32.9 -0.0584077 0.211269 3.81952 -0.00636671 0.0212017 630.267
110991 12 0.01 0.1 32.9 -0.0106428 0.366467 1.51904 0.00119393 0.0183242 737.951
111527 12 0.01 0.1 32.9 0.0775986 -0.243315 1.87132 0.00295625 -0.0147399 633.235
111895 12 0.01 0.1 32.9 -0.417518 -0.470656 4.79704 -0.0641018 -0.0709482 637.805
112468 12 0.01 0.1 32.9 0.290285 -0.282185 1.23861 0.00784798 -0.00978405 674.776
113325 12 0.01 0.1 32.9 0.479504 0.220138 0.972678 0.0138778 0.00589358 666.608
113684 12 0.01 0.1 32.9 -0.39037 0.0997776 1.15949 -0.0137408 0.00892682 663.745
113753 12 0.01 0.1 32.9 -0.301659 0.451677 1.87676 -0.0159139 0.0262575 688.03
114191 12 0.01 0.1 32.9 0.407112 0.40907 1.70109 0.0208364 0.0216669 630.564
114233 12 0.01 0.1 32.9 -0.0571614 -0.433291 3.11462 -0.00560785 -0.0405135 646.732
115652 12 0.01 0.1 32.9 0.395846 -0.0442608 1.57096 0.0198574 -0.00168545 679.712
116043 12 0.01 0.1 32.9 0.156081 -0.0718536 3.22884 0.0155929 -0.00794979 684.458
118106 12 0.01 0.1 32.9 0.452072 0.33513 3.37506 0.0457644 0.0330622 619.072
118673 12 0.01 0.1 32.9 -0.0135728 0.469058 2.44927 0.000383713 0.0379195 712.883
120098 12 0.01 0.1 32.9 -0.00218531 -0.453994 2.70241 -0.00120584 -0.0365093 625.918
121300 12 0.01 0.1 32.9 0.301284 0.077476 2.42576 0.0228399 0.00602588 698.127
122276 12 0.01 0.1 32.9 0.471487 0.226863 4.99435 0.0704479 0.0348675 633.538
124022 12 0.01 0.1 32.9 0.308921 0.335578 2.25047 0.0225061 0.0208774 737.982
124233 12 0.01 0.1 32.9 0.137325 0.117744 0.518633 0.00290188 0.00134697 646.105
124986 12 0.01 0.1 32.9 0.248211 -0.299676 3.71609 0.0259535 -0.0335799 659.64
125328 12 0.01 0.1 32.9 0.394544 -0.0629129 2.71512 0.0342767 -0.00602971 616.466
125767 12 0.01 0.1 32.9 0.0223197 -0.164722 1.44106 0.00329008 -0.00851052 629.199
127573 12 0.01 0.1 32.9 -0.00310997 -0.0786852 1.08651 -9.79301e-05 4.51837e-05 654.723
128099 12 0.01 0.1 32.9 -0.251805 -0.362107 14.9433 -0.115047 -0.166877 601.688
128851 12 0.01 0.1 32.9 -0.121386 0.366747 2.02686 -0.00617659 0.0201773 605.47
129263 12 0.01 0.1 32.9 0.403375 0.0888558 2.15907 0.0263223 0.00633843 736.701
129538 12 0.01 0.1 32.9 0.0960026 0.205513 4.04867 0.013518 0.0245804 599.944
131061 12 0.01 0.1 32.9 0.358122 0.0323446 4.03854 0.0440894 0.00251278 661.738
132280 12 0.01 0.1 32.9 0.402191 0.128063 2.34252 0.02756 0.0102647 638.903
132429 12 0.01 0.1 32.9 0.408338 0.162151 3.14911 0.03779 0.0144105 623.553
133103 12 0.01 0.1 32.9 -0.352212 -0.403373 1.67606 -0.0184555 -0.0212726 646.378
134198 12 0.01 0.1 32.9 0.164641 0.253768 1.20694 0.00503122 0.0102794 617.905
135702 12 0.01 0.1 32.9 0.306817 -0.25156 3.37403 0.0294769 -0.0245536 661.227
136332 12 0.01 0.1 32.9 0.332111 0.103878 2.78561 0.0289663 0.00791044 612.072
136703 12 0.01 0.1 32.9 0.0749455 0.243212 0.651657 0.00111097 0.00181441 610.258
137047 12 0.01 0.1 32.9 -0.227963 -0.155429 1.9774 -0.0135318 -0.0100339 742.974
137205 12 0.01 0.1 32.9 -0.0466704 -0.402053 6.19243 -0.0101481 -0.0748895 625.243
137239 12 0.01 0.1 32.9 0.0609656 0.241088 2.10721 0.00319957 0.0148648 696.718
137590 12 0.01 0.1 32.9 0.0381307 0.108085 2.79862 0.00223383 0.0109613 636.021
137985 12 0.01 0.1 32.9 -0.058026 0.188335 3.75732 -0.00769788 0.0197594 661.741
138368 12 0.01 0.1 32.9 0.323592 -0.223948 2.4926 0.0241108 -0.019059 614.597
139595 12 0.01 0.1 32.9 -0.190449 0.367231 2.08926 -0.0112146 0.0225576 692.299
141745 12 0.01 0.1 32.9 0.477274 0.123619 0.940138 0.0125333 0.00410076 646.838
142596 12 0.01 0.1 32.9 -0.339147 -0.0877177 2.19049 -0.0219253 -0.00633767 694.6
142829 12 0.01 0.1 32.9 0.284195 0.0763526 4.05256 0.035499 0.00900395 645.043
143194 12 0.01 0.1 32.9 0.0891155 -0.475409 5.76817 0.0160635 -0.0828682 630.843
143590 12 0.01 0.1 32.9 -0.142753 0.0119008 1.7632 -0.00792288 -0.000142489 645.631
143670 12 0.01 0.1 32.9 -0.296653 -0.053453 2.85985 -0.0262989 -0.00587385 636.513
143965 12 0.01 0.1 32.9 -0.189148 0.131329 0.655179 -0.00446337 0.00240268 635.793
143987 12 0.01 0.1 32.9 0.0315425 0.425469 1.00279 0.00201587 0.0126818 652.142
147426 12 0.01 0.1 32.9 0.0156814 0.219317 1.75728 0.00132492 0.00880845 626.156
148145 12 0.01 0.1 32.9 0.11931 0.292171 1.72399 0.00575124 0.0156465 703.937
149092 12 0.01 0.1 32.9 0.249102 0.00763654 2.6777 0.0211371 0.00127404 697.326
151196 12 0.01 0.1 32.9 0.148885 0.294571 3.62285 0.0182877 0.0325082 665.055
151949 12 0.01 0.1 32.9 -0.0756029 -0.124579 1.32705 -0.00539607 -0.00504318 707.802
153268 12 0.01 0.1 32.9 -0.458369 0.0152364 2.16948 -0.0337603 0.00157833 627.431
153688 12 0.01 0.1 32.9 0.212711 -0.456493 2.24328 0.0131363 -0.0329401 732.319
154176 12 0.01 0.1 32.9 0.0101148 -0.0277708 1.22896 6.19693e-05 0.00209068 638.736
154875 12 0.01 0.1 32.9 0.473745 0.477461 1.22216 0.0187723 0.0187483 632.785
155592 12 0.01 0.1 32.9 0.31124 0.00657073 4.97204 0.045718 0.000541599 621.414
156852 12 0.01 0.1 32.9 -0.390224 0.328716 1.83624 -0.0232856 0.0203832 691.146
158218 12 0.01 0.1 32.9 -0.439591 -0.140519 3.11393 -0.0396445 -0.0128111 650.126
159108 12 0.01 0.1 32.9 0.0783581 0.217858 3.41936 0.00778317 0.0222531 676.287
161038 12 0.01 0.1 32.9 -0.00304116 0.190533 2.12841 -0.00322026 0.01257 738.419
162235 12 0.01 0.1 32.9 -0.119098 -0.107742 0.640327 -0.00288747 -0.000807893 658.51
164791 12 0.01 0.1 32.9 -0.432463 -0.402965 5.92063 -0.0779125 -0.0720863 630.273
165029 12 0.01 0.1 32.9 -0.345694 0.175867 0.816575 -0.00746145 0.00459492 627.484
165829 12 0.01 0.1 32.9 0.300633 -0.378519 2.91168 0.0282734 -0.0343693 685.29
166154 12 0.01 0.1 32.9 -0.236017 0.111486 2.47566 -0.0168324 0.00742864 710.474
166561 12 0.01 0.1 32.9 -0.380832 -0.434276 2.97634 -0.0350367 -0.040081 671.689
166901 12 0.01 0.1 32.9 -0.322944 0.255288 0.619997 -0.00578342 0.00260963 661.96
167928 12 0.01 0.1 32.9 -0.452804 0.492859 1.96816 -0.0283836 0.0287241 693.674
168126 12 0.01 0.1 32.9 -0.100094 0.322956 3.45881 -0.00972016 0.0335384 675.512
169046 12 0.01 0.1 32.9 0.0965096 -0.00931587 2.18976 0.00603534 -0.000616617 677.61
169648 12 0.01 0.1 32.9 0.374651 0.0731402 3.39541 0.0385535 0.0073636 649.355
170743 12 0.01 0.1 32.9 -0.207023 -0.0656103 3.39982 -0.0190232 -0.00654527 683.296
172060 12 0.01 0.1 32.9 -0.218095 -0.438649 1.97708 -0.0122667 -0.0254125 687.385
172769 12 0.01 0.1 32.9 0.107623 0.272635 4.80741 0.0153453 0.0410523 624.847
175176 12 0.01 0.1 32.9 -0.341959 0.0295026 1.87239 -0.0187419 0.00067573 647.077
176236 12 0.01 0.1 32.9 0.198567 -0.497181 3.14823 0.0199806 -0.0489434 629.967
176679 12 0.01 0.1 32.9 -0.325528 0.404089 1.3118 -0.0123867 0.0155706 658.378
177690 12 0.01 0.1 32.9 0.0176476 0.04472 2.40005 -0.000214552 0.00236322 635.51
178681 12 0.01 0.1 32.9 0.242222 0.137841 10.3819 0.0762682 0.0459602 604.189
178908 12 0.01 0.1 32.9 0.18868 0.261899 1.77891 0.0109362 0.013294 711.187
178961 12 0.01 0.1 32.9 -0.171195 0.291498 1.06591 -0.00700277 0.0114389 658.581
179234 12 0.01 0.1 32.9 0.0517759 -0.270197 3.33397 0.00601576 -0.0273075 673.48
181721 12 0.01 0.1 32.9 -0.446224 -0.120912 0.531778 -0.00574993 -0.00260207 618.423
181894 12 0.01 0.1 32.9 0.151358 0.128484 6.38347 0.0267326 0.0224555 619.645
183241 12 0.01 0.1 32.9 0.485747 0.313689 1.39124 0.0191603 0.0138467 645.003
185228 12 0.01 0.1 32.9 0.446331 0.014788 2.80557 0.0392373 0.00175623 662.061
186791 12 0.01 0.1 32.9 -0.348353 -0.292618 6.05415 -0.0630582 -0.0532407 615.865
186971 12 0.01 0.1 32.9 -0.131935 0.25493 2.28683 -0.0100372 0.0187936 732.234
188004 12 0.01 0.1 32.9 0.43686 -0.398011 4.19669 0.0550204 -0.0529333 657.809
189889 12 0.01 0.1 32.9 -0.133966 -0.208528 2.48055 -0.0121625 -0.0138633 684.255
189892 12 0.01 0.1 32.9 -0.325338 0.0244952 2.33161 -0.0220313 0.00449089 682.997
190343 12 0.01 0.1 32.9 0.36995 0.0544001 1.60757 0.0187089 0.00316458 625.721
190555 12 0.01 0.1 32.9 -0.334519 -0.349375 2.72581 -0.0256254 -0.0287901 672.58
190595 12 0.01 0.1 32.9 0.452366 -0.443314 1.57386 0.0225945 -0.0219086 661.32
190710 12 0.01 0.1 32.9 0.320196 -0.375551 1.37411 0.0107446 -0.0170312 629.587
190811 12 0.01 0.1 32.9 -0.23464 -0.118378 4.74762 -0.0302038 -0.0178226 618.329
191760 12 0.01 0.1 32.9 0.231472 0.327494 1.9156 0.0140826 0.0180254 672.485
192826 12 0.01 0.1 32.9 -0.337012 0.0652244 1.97704 -0.0196686 0.000857618 706.65
193439 12 0.01 0.1 32.9 -0.0408959 -0.268495 6.14611 -0.0088126 -0.0480215 626.368
196364 12 0.01 0.1 32.9 -0.340164 -0.415789 2.27757 -0.0234963 -0.0283879 629.808
198578 12 0.01 0.1 32.9 0.112826 -0.448436 4.35331 0.0161935 -0.060539 613.386
198748 12 0.01 0.1 32.9 0.0821497 0.0849427 3.85163 0.0102245 0.0109137 645.388
198769 12 0.01 0.1 32.9 0.13626 -0.163143 10.0313 0.0412961 -0.0485129 603.848
200189 12 0.01 0.1 32.9 -0.254373 -0.0623177 2.74873 -0.0212534 -0.00652262 619.208
201946 12 0.01 0.1 32.9 0.36381 0.233956 0.804448 0.0110766 0.00476198 630.91
203149 12 0.01 0.1 32.9 -0.382826 0.0182085 1.15735 -0.0155011 -1.69635e-05 632.86
203439 12 0.01 0.1 32.9 0.228711 -0.424749 0.640403 0.00492493 -0.0054293 628.537
204320 12 0.01 0.1 32.9 0.0247954 -0.285443 1.85297 0.00272194 -0.0152976 661.663
204378 12 0.01 0.1 32.9 0.0224054 0.224401 5.13318 0.0049299 0.0363615 626.034
206408 12 0.01 0.1 32.9 0.205231 -0.36163 5.64813 0.034503 -0.0632837 633.042
206517 12 0.01 0.1 32.9 -0.471015 -0.0253814 6.5726 -0.0937355 -0.00404533 616.642
208532 12 0.01 0.1 32.9 -0.0469106 0.0288646 2.31934 -0.000445273 0.00440794 700.119
209309 12 0.01 0.1 32.9 -0.117952 0.341673 2.41709 -0.0103776 0.0238282 688.748
210333 12 0.01 0.1 32.9 -0.238222 -0.34549 1.95494 -0.0147592 -0.0209424 744.213
211890 12 0.01 0.1 32.9 0.260187 -0.3062 0.765997 0.00609411 -0.00933265 648.839
211974 12 0.01 0.1 32.9 0.163521 -0.265531 1.70225 0.00819819 -0.0122274 683.311
212502 12 0.01 0.1 32.9 0.218687 0.0228286 3.71197 0.0258562 0.00499392 635.698
212578 12 0.01 0.1 32.9 -0.172416 0.271928 4.16001 -0.021831 0.0305842 635.839
214550 12 0.01 0.1 32.9 -0.339252 -0.283367 2.80494 -0.0295713 -0.0237129 682.022
214943 12 0.01 0.1 32.9 0.486821 0.455058 1.83206 0.023503 0.0276255 726.618
215849 12 0.01 0.1 32.9 0.496723 -0.269568 4.85614 0.0735612 -0.0383505 644.662
215979 12 0.01 0.1 32.9 0.175477 0.470003 2.85167 0.0157431 0.0415833 614.845
216381 12 0.01 0.1 32.9 0.243494 -0.272257 1.95377 0.0162861 -0.013215 666.584
216500 12 0.01 0.1 32.9 0.174011 -0.309979 31.2309 0.164429 -0.297086 599.799
216666 12 0.01 0.1 32.9 -0.350304 -0.0604061 2.39937 -0.0255646 -0.00675497 725.65
218343 12 0.01 0.1 32.9 0.234032 -0.0406749 3.805 0.027012 -0.00679639 660.771
219522 12 0.01 0.1 32.9 0.443956 -0.180645 2.56213 0.0338365 -0.0161198 719.807
220073 12 0.01 0.1 32.9 -0.106035 -0.108875 3.97787 -0.0134584 -0.0117105 650.31
220579 12 0.01 0.1 32.9 0.314787 0.386234 4.15788 0.0374921 0.0488673 640.837
220660 12 0.01 0.1 32.9 -0.376981 -0.1014 1.56373 -0.0187592 -0.00369116 696.71
220962 12 0.01 0.1 32.9 -0.35879 0.355274 1.86324 -0.0213412 0.0182841 733.016
221658 12 0.01 0.1 32.9 0.0420381 -0.208983 2.53572 0.00442897 -0.0140714 660.847
222909 12 0.01 0.1 32.9 -0.296272 0.00014227 1.55615 -0.0149869 -0.000327777 717.991
223819 12 0.01 0.1 32.9 -0.474596 -0.282056 2.61864 -0.0376025 -0.0236801 648.094
226700 12 0.01 0.1 32.9 -0.339893 0.261004 3.51252 -0.0387514 0.0270369 656.568
226706 12 0.01 0.1 32.9 -0.0952153 0.342678 3.05556 -0.00915257 0.031132 694.638
226923 12 0.01 0.1 32.9 0.48163 0.256264 1.84948 0.0273722 0.0161585 702.214
227433 12 0.01 0.1 32.9 0.282957 -0.244792 2.5577 0.0232638 -0.019176 689.046
231303 12 0.01 0.1 32.9 0.0499632 -0.0683957 13.3233 0.0215062 -0.0273086 602.467
232360 12 0.01 0.1 32.9 -0.315812 0.232691 1.95449 -0.0184926 0.0156677 652.048
235951 12 0.01 0.1 32.9 -0.111694 -0.100117 2.18745 -0.0119183 -0.0075781 618.986
237388 12 0.01 0.1 32.9 -0.327579 0.190211 1.8052 -0.0185557 0.0115952 727.486
237531 12 0.01 0.1 32.9 -0.146417 0.231935 1.41213 -0.00476163 0.00915073 681.898
238041 12 0.01 0.1 32.9 0.0375394 0.441079 2.40117 0.00360446 0.0321382 648.217
238943 12 0.01 0.1 32.9 0.421543 0.200151 1.47456 0.0188393 0.00788923 711.678
240094 12 0.01 0.1 32.9 0.492997 -0.277705 4.05626 0.0605179 -0.0334395 631.969
240836 12 0.01 0.1 32.9 0.299637 -0.0423866 0.726304 0.00673458 0.00162921 657.362
241567 12 0.01 0.1 32.9 0.175729 -0.189831 1.84791 0.0122049 -0.0126474 696.204
242842 12 0.01 0.1 32.9 0.138328 -0.0575029 2.74257 0.0120292 -0.00429105 659.817
243550 12 0.01 0.1 32.9 -0.171056 0.254938 4.56331 -0.0221242 0.0354112 643.316
243800 12 0.01 0.1 32.9 -0.47617 -0.368296 3.93164 -0.0566622 -0.0469426 637.575
244934 12 0.01 0.1 32.9 -0.398645 0.049877 5.90812 -0.0705676 0.00806513 612.437
245206 12 0.01 0.1 32.9 0.486769 0.20022 2.27876 0.0323338 0.0126287 623.829
246971 12 0.01 0.1 32.9 -0.260098 0.360937 4.08476 -0.0325614 0.0456226 630.984
247993 12 0.01 0.1 32.9 0.113068 -0.157836 0.832845 0.00209983 -0.00501266 687.989
248755 12 0.01 0.1 32.9 0.325769 0.451787 0.896606 0.0110901 0.0140713 681.152
249010 12 0.01 0.1 32.9 -0.288357 -0.355843 1.87289 -0.0170054 -0.0191009 722.396
249368 12 0.01 0.1 32.9 0.497833 0.3829 2.85451 0.0406383 0.0333337 672.395
249574 12 0.01 0.1 32.9 -0.294171 0.0441743 3.6385 -0.0322875 0.00544455 659.565
250163 12 0.01 0.1 32.9 -0.0895192 0.266119 1.67768 -0.00520164 0.0113382 674.698
250844 12 0.01 0.1 32.9 -0.481779 0.201355 1.50094 -0.0212391 0.00826522 609.552
250952 12 0.01 0.1 32.9 0.281043 0.448316 3.41691 0.0307759 0.0458485 623.222
252315 12 0.01 0.1 32.9 -0.35662 0.253024 1.00518 -0.00890298 0.00964134 625.653
253066 12 0.01 0.1 32.9 0.277244 -0.274194 2.84069 0.0252945 -0.024098 701.995
253107 12 0.01 0.1 32.9 0.428111 -0.120963 3.09563 0.0414311 -0.0128492 645.298
253564 12 0.01 0.1 32.9 0.309465 -0.0112073 1.22716 0.0117587 -0.00196951 643.971
254944 12 0.01 0.1 32.9 0.166865 -0.288343 6.30974 0.0313384 -0.0566754 613.692
256261 12 0.01 0.1 32.9 0.350473 -0.157194 1.36185 0.0145474 -0.00759705 717.423
258900 12 0.01 0.1 32.9 0.153819 0.226435 2.09218 0.0108443 0.0139996 716.603
259717 12 0.01 0.1 32.9 -0.193691 0.00348465 4.0151 -0.0246235 0.000332582 641.486
259724 12 0.01 0.1 32.9 -0.458488 -0.135852 0.902334 -0.0121076 -0.00286496 638.195
260064 12 0.01 0.1 32.9 0.155175 0.0581111 2.47664 0.0102448 0.00694833 674.951
260613 12 0.01 0.1 32.9 0.242522 -0.0637544 1.10841 0.00801685 -0.00400455 618.254
261081 12 0.01 0.1 32.9 0.458046 0.323039 2.77297 0.0411465 0.0272166 649.644
262181 12 0.01 0.1 32.9 -0.0291214 0.156025 0.556454 -0.0012391 0.0048893 602.983
262901 12 0.01 0.1 32.9 0.377008 0.282633 1.92962 0.0213147 0.0180289 660.25
264162 12 0.01 0.1 32.9 0.335008 -0.124073 1.51857 0.0163961 -0.00733389 740.051
264905 12 0.01 0.1 32.9 -0.490339 0.100466 1.55004 -0.021932 0.00391986 691.416
265311 12 0.01 0.1 32.9 0.217516 -0.246099 0.740673 0.00619333 -0.00607825 628.597
265449 12 0.01 0.1 32.9 0.309808 0.377474 2.70271 0.0263469 0.0305376 696.532
266191 12 0.01 0.1 32.9 -0.247193 0.157752 3.55379 -0.0239728 0.0193416 677.796
266315 12 0.01 0.1 32.9 -0.441578 -0.0374411 3.60299 -0.0475489 -0.0068982 667.416
267451 12 0.01 0.1 32.9 0.317572 -0.0868704 1.91368 0.0167508 -0.00609551 724.238
268323 12 0.01 0.1 32.9 0.120066 0.218907 6.55661 0.021842 0.0452201 613.979
268330 12 0.01 0.1 32.9 -0.21518 0.451491 2.34312 -0.0136787 0.0304172 688.728
269036 12 0.01 0.1 32.9 -0.125517 0.0106665 5.95814 -0.0213363 -0.000836933 629.191
270626 12 0.01 0.1 32.9 -0.196489 0.289539 2.8904 -0.0164656 0.0263986 645.449
271123 12 0.01 0.1 32.9 0.200301 -0.375802 1.34964 0.00625364 -0.0156081 704.115
272615 12 0.01 0.1 32.9 -0.417611 0.00297504 4.2627 -0.0561413 0.000133458 639.863
272764 12 0.01 0.1 32.9 0.318872 -0.400228 3.38502 0.0337498 -0.0428676 612.012
273949 12 0.01 0.1 32.9 -0.0461099 -0.400525 2.51666 -0.00173209 -0.0311112 720.29
274173 12 0.01 0.1 32.9 0.387628 -0.136392 3.47691 0.0431572 -0.0124648 673.213
276065 12 0.01 0.1 32.9 -0.461517 -0.0388448 1.89241 -0.0286068 -0.00382087 625.703
278258 12 0.01 0.1 32.9 0.111446 -0.0884775 0.848195 0.00322814 -0.00153882 682.654
278738 12 0.01 0.1 32.9 0.146635 -0.387075 0.9662 0.00526562 -0.0108265 685.502
279714 12 0.01 0.1 32.9 -0.144789 0.460207 1.3173 -0.00507527 0.0174036 709.016
280518 12 0.01 0.1 32.9 -0.254352 0.25065 2.68336 -0.0229878 0.0207371 637.008
284788 12 0.01 0.1 32.9 0.339851 -0.0592368 2.93057 0.0306964 -0.00536184 639.389
284887 12 0.01 0.1 32.9 0.242884 -0.233796 1.16443 0.00771057 -0.00835154 663.37
285446 12 0.01 0.1 32.9 -0.463322 -0.44215 4.14734 -0.0586085 -0.0562661 657.033
286328 12 0.01 0.1 32.9 -0.256373 0.175741 2.31409 -0.0174705 0.00915871 706.415
286619 12 0.01 0.1 32.9 0.304433 -0.0105033 1.66467 0.013886 -0.00173272 694.177
286807 12 0.01 0.1 32.9 0.360473 -0.0361907 2.34169 0.0276082 -0.00178137 734.296
287229 12 0.01 0.1 32.9 0.45054 -0.322428 3.2585 0.0448592 -0.0309388 664.48
288268 12 0.01 0.1 32.9 0.166995 -0.414857 1.10297 0.00545535 -0.0146695 671.285
289210 12 0.01 0.1 32.9 -0.103286 0.175388 7.3508 -0.0239669 0.039888 618.183
289948 12 0.01 0.1 32.9 -0.00310286 0.28948 3.05265 0.00016502 0.0263374 654.923
290934 12 0.01 0.1 32.9 -0.134016 -0.237852 2.32944 -0.0095855 -0.0144008 690.88
291055 12 0.01 0.1 32.9 -0.272734 -0.0511406 2.45314 -0.0188368 -0.00187099 685.937
295397 12 0.01 0.1 32.9 -0.328039 0.0660566 2.21432 -0.0223815 0.00415985 707.278
297055 12 0.01 0.1 32.9 0.259387 -0.101226 1.48544 0.0157487 -0.0012333 700.175
299674 12 0.01 0.1 32.9 0.0513437 -0.0871489 1.64937 0.00197997 -0.00639075 669.717
300829 12 0.01 0.1 32.9 0.177926 0.21346 1.21014 0.00659737 0.00729653 652.441
301114 12 0.01 0.1 32.9 -0.243666 0.478319 1.39339 -0.00999121 0.0174174 694.821
303124 12 0.01 0.1 32.9 0.0739911 -0.389833 4.63945 0.010629 -0.0538854 620.188
303884 12 0.01 0.1 32.9 -0.0671416 0.402407 1.03218 -0.00128709 0.0115151 626.039
304477 12 0.01 0.1 32.9 -0.051575 0.00826565 1.88678 -0.00517352 0.00168258 651.308
305169 12 0.01 0.1 32.9 -0.327076 -0.445959 1.07774 -0.0103029 -0.0132254 661.456
305596 12 0.01 0.1 32.9 0.148274 -0.408847 2.85985 0.013836 -0.0344526 662.251
305795 12 0.01 0.1 32.9 0.136624 -0.115846 0.903257 0.00285279 -0.00423027 646.218
306437 12 0.01 0.1 32.9 0.0634688 -0.245227 2.00466 0.00304972 -0.0163826 706.091
307245 12 0.01 0.1 32.9 0.0352373 0.305925 6.4716 0.00637025 0.0636622 619.016
307263 12 0.01 0.1 32.9 -0.257721 0.364093 1.7724 -0.0126369 0.0195096 743.317
308981 12 0.01 0.1 32.9 0.460343 -0.300446 1.81672 0.0276571 -0.0155898 706.537
309001 12 0.01 0.1 32.9 -0.429299 -0.172447 2.78151 -0.0366413 -0.0117482 703.599
309099 12 0.01 0.1 32.9 -0.466133 0.161012 3.48642 -0.0504247 0.0155283 614.892
309269 12 0.01 0.1 32.9 -0.197947 0.114532 1.34023 -0.00766475 0.00454336 687.271
309344 12 0.01 0.1 32.9 0.340013 -0.366652 1.30962 0.0133255 -0.0155936 704.507
309425 12 0.01 0.1 32.9 -0.494596 -0.383932 0.777966 -0.0109329 -0.00847012 658.514
309754 12 0.01 0.1 32.9 -0.464115 -0.386449 0.485445 -0.00690481 -0.00856568 615.651
309980 12 0.01 0.1 32.9 0.0637943 0.0999105 1.21438 0.00323673 0.00303655 698.924
311307 12 0.01 0.1 32.9 0.00513987 0.167818 0.476383 -8.89354e-05 0.00435554 635.803
312389 12 0.01 0.1 32.9 -0.0305634 0.205006 1.4071 0.000562892 0.00947264 725.521
313566 12 0.01 0.1 32.9 -0.181506 -0.0537241 1.19666 -0.00570853 -0.00350528 657.915
314096 12 0.01 0.1 32.9 0.174235 -0.0439396 1.06707 0.00738182 -0.00223049 657.241
314222 12 0.01 0.1 32.9 0.00331186 -0.357272 1.49693 0.00080929 -0.0190128 692.477
314322 12 0.01 0.1 32.9 -0.285775 0.176966 1.16736 -0.0108493 0.00687843 718.357
315070 12 0.01 0.1 32.9 -0.351257 -0.383387 1.77597 -0.0191539 -0.0184898 741.099
315299 12 0.01 0.1 32.9 -0.114648 0.326569 3.03893 -0.00985003 0.0302156 619.923
315332 12 0.01 0.1 32.9 0.466399 -0.0129424 5.55563 0.0781402 -0.00152686 625.017
315457 12 0.01 0.1 32.9 -0.467721 -0.1138 2.81281 -0.0407169 -0.00906168 690.046
315666 12 0.01 0.1 32.9 -0.371322 0.19128 2.41215 -0.0273462 0.0135018 704.359
316443 12 0.01 0.1 32.9 -0.105504 -0.423087 2.2459 -0.00896034 -0.0306663 680.411
316858 12 0.01 0.1 32.9 0.346024 -0.343658 2.90423 0.0313642 -0.0297156 610.323
317466 12 0.01 0.1 32.9 -0.0020003 0.359934 1.88912 -0.000485681 0.0188794 705.759
318191 12 0.01 0.1 32.9 -0.26226 0.350459 1.37879 -0.00950071 0.0155059 722.835
318607 12 0.01 0.1 32.9 0.319211 -0.4877 4.08122 0.0398285 -0.061227 628.616
318621 12 0.01 0.1 32.9 0.0308203 -0.482577 2.14984 0.00326091 -0.0299462 689.137
319512 12 0.01 0.1 32.9 -0.320384 0.189217 2.48987 -0.0256159 0.012537 620.083
324869 12 0.01 0.1 32.9 -0.488047 -0.286109 1.3336 -0.0213471 -0.0114185 691.677
326246 12 0.01 0.1 32.9 -0.159336 0.374362 2.60562 -0.0126937 0.0312934 674.361
326295 12 0.01 0.1 32.9 0.351603 -0.0845805 4.43525 0.047362 -0.0109707 642.999
326772 12 0.01 0.1 32.9 -0.331196 -0.0882248 1.13089 -0.0105746 -0.00342479 705.483
327474 12 0.01 0.1 32.9 -0.245193 -0.292115 4.32491 -0.0304926 -0.0362853 607.17
328046 12 0.01 0.1 32.9 -0.472428 -0.077416 3.23502 -0.0481643 -0.00854619 627.284
331966 12 0.01 0.1 32.9 -0.0472316 -0.493092 2.31982 -0.00182324 -0.0352566 671.617
332253 12 0.01 0.1 32.9 0.204613 -0.0644816 1.82394 0.0101997 -0.00286374 675.854
333292 12 0.01 0.1 32.9 -0.340318 -0.141655 4.0955 -0.0411908 -0.0161378 655.436
333690 12 0.01 0.1 32.9 0.312347 0.399257 1.58326 0.014952 0.0177881 710.116
333978 12 0.01 0.1 32.9 0.143747 0.399727 2.08849 0.0110391 0.0258145 675.656
334136 12 0.01 0.1 32.9 0.356682 -0.270135 3.12223 0.0361573 -0.0250076 666.196
334278 12 0.01 0.1 32.9 0.336868 0.490569 0.603574 0.00771315 0.00991066 633.935
334587 12 0.01 0.1 32.9 0.299374 0.0448613 1.13966 0.0107755 0.000327261 718.598
335351 12 0.01 0.1 32.9 -0.069455 -0.299404 4.67569 -0.00919111 -0.0442194 648.079
337020 12 0.01 0.1 32.9 0.0747314 -0.197478 1.48331 0.00531998 -0.00872632 739.698
340696 12 0.01 0.1 32.9 0.445897 -0.37781 1.7206 0.0223374 -0.0200496 644.362
340701 12 0.01 0.1 32.9 0.199782 0.0705759 1.93659 0.01306 0.00265591 711.264
342803 12 0.01 0.1 32.9 -0.178677 0.263876 1.57917 -0.00850492 0.0103201 664.977
344048 12 0.01 0.1 32.9 0.0888928 0.0211214 7.2619 0.0190571 0.00542614 610.131
344374 12 0.01 0.1 32.9 0.245055 0.202803 4.49552 0.0340228 0.0275099 647.145
344556 12 0.01 0.1 32.9 -0.390884 0.441235 1.80078 -0.0230795 0.024934 684.589
345097 12 0.01 0.1 32.9 -0.223385 0.032419 2.08612 -0.0146131 0.00207703 728.888
346278 12 0.01 0.1 32.9 -0.229742 0.0994218 2.61301 -0.0207136 0.011613 651.451
346667 12 0.01 0.1 32.9 0.419545 0.0873325 3.57639 0.0467099 0.0103556 661.783
347270 12 0.01 0.1 32.9 0.138975 -0.139898 0.984018 0.00480083 -0.00394186 651.411
348293 12 0.01 0.1 32.9 0.0861669 -0.0103302 0.522873 0.00184687 0.00179764 611.318
348853 12 0.01 0.1 32.9 0.462155 0.481611 1.06929 0.0157683 0.0144538 641.247
351555 12 0.01 0.1 32.9 -0.401503 0.273864 1.4301 -0.0165427 0.0102658 700.694
351980 12 0.01 0.1 32.9 -0.0246025 -0.419728 7.3874 -0.00578278 -0.0937162 619.698
352215 12 0.01 0.1 32.9 -0.188946 0.1611 0.676451 -0.00266876 0.00241581 614.1
352445 12 0.01 0.1 32.9 -0.298218 0.269613 7.65004 -0.0687326 0.0604613 605.501
352817 12 0.01 0.1 32.9 -0.385906 -0.295036 5.54202 -0.0657052 -0.0490515 628.895
354018 12 0.01 0.1 32.9 -0.229747 -0.400248 5.10772 -0.0351326 -0.0636037 610.17
354345 12 0.01 0.1 32.9 -0.181778 0.147711 1.92764 -0.0106522 0.0085885 636.048
354651 12 0.01 0.1 32.9 -0.260166 -0.114208 6.9401 -0.0558381 -0.0235953 620.169
354767 12 0.01 0.1 32.9 -0.289559 0.0453169 2.9527 -0.0256522 0.00387811 690.628
355537 12 0.01 0.1 32.9 -0.289359 -0.172112 2.26533 -0.0202911 -0.0137822 656.189
356820 12 0.01 0.1 32.9 -0.157542 0.0166507 3.78375 -0.0205864 0.00465243 620.933
357733 12 0.01 0.1 32.9 -0.201202 0.476584 2.63585 -0.0137295 0.0400748 644.248
357884 12 0.01 0.1 32.9 0.119453 -0.44658 5.14173 0.0186354 -0.0709005 637.453
359587 12 0.01 0.1 32.9 -0.482668 -0.374109 2.22509 -0.0313004 -0.0267681 692.485
360281 12 0.01 0.1 32.9 0.0252781 -0.11665 1.46477 0.00193394 -0.00243222 724.084
363859 12 0.01 0.1 32.9 -0.157002 0.0979275 2.64153 -0.0119805 0.0103325 681.312
364519 12 0.01 0.1 32.9 -0.303384 -0.391172 6.64753 -0.0609052 -0.0818375 614.371
369605 12 0.01 0.1 32.9 0.192018 0.393441 3.15017 0.0189885 0.0347016 628.859
369911 12 0.01 0.1 32.9 0.170029 -0.337851 1.38613 0.0060349 -0.010823 625.245
370247 12 0.01 0.1 32.9 -0.235246 0.255082 1.7935 -0.0131035 0.0145621 642.592
370324 12 0.01 0.1 32.9 0.11094 0.487436 3.46775 0.0134902 0.0530955 622.295
370901 12 0.01 0.1 32.9 -0.107088 -0.0696693 7.17448 -0.0237696 -0.0163418 614.114
371469 12 0.01 0.1 32.9 -0.157855 -0.186336 0.932207 -0.00640863 -0.005401 694.517
371512 12 0.01 0.1 32.9 -0.37174 0.196891 0.794239 -0.0108866 0.00344821 614.256
373162 12 0.01 0.1 32.9 -0.20262 -0.0532831 2.80222 -0.0165233 -0.00100648 692.323
374847 12 0.01 0.1 32.9 -0.101668 -0.155669 3.56899 -0.00870993 -0.0174804 606.417
375276 12 0.01 0.1 32.9 -0.452057 -0.143549 1.66119 -0.0237247 -0.00759119 745.633
376238 12 0.01 0.1 32.9 0.108991 -0.0271557 1.79418 0.00883871 -0.00144139 743.204
377208 12 0.01 0.1 32.9 0.0467139 0.116892 3.41252 0.00550196 0.0117066 680.295
377584 12 0.01 0.1 32.9 -0.214315 0.195802 4.47116 -0.0276019 0.0272619 616.766
378323 12 0.01 0.1 32.9 -0.416475 0.00739707 1.96224 -0.0244944 0.000299462 694.831
379531 12 0.01 0.1 32.9 -0.0534547 -0.473587 4.55752 -0.0091369 -0.0643711 621.926
380389 12 0.01 0.1 32.9 -0.495928 0.337527 2.98486 -0.0449731 0.0285187 677.926
380733 12 0.01 0.1 32.9 -0.413838 0.456589 1.86144 -0.0227663 0.0255715 738.687
380769 12 0.01 0.1 32.9 -0.41045 0.283813 2.44933 -0.0325818 0.021122 728.537
380898 12 0.01 0.1 32.9 0.225838 0.358547 1.84729 0.0126173 0.0206846 715.006
380965 12 0.01 0.1 32.9 -0.478015 -0.0245799 0.624315 -0.0090599 -0.00241553 622.356
380983 12 0.01 0.1 32.9 0.0595901 0.173771 5.20159 0.00661169 0.0277556 627.956
381632 12 0.01 0.1 32.9 0.460965 -0.432028 1.97696 0.0281029 -0.0279808 653.536
383177 12 0.01 0.1 32.9 -0.340364 0.25962 3.00853 -0.0297575 0.0228657 684.802
384341 12 0.01 0.1 32.9 0.314065 -0.358898 5.68641 0.0544468 -0.0602451 606.732
384399 12 0.01 0.1 32.9 -0.325118 0.0508844 5.85515 -0.0588426 0.0097715 622.506
384688 12 0.01 0.1 32.9 0.374589 0.265804 1.20852 0.0153414 0.00878673 687.039
385489 12 0.01 0.1 32.9 -0.350932 -0.386574 3.50894 -0.0383923 -0.0435039 671.581
385523 12 0.01 0.1 32.9 -0.150856 -0.253346 0.644617 -0.00207619 -0.00441654 643.903
386264 12 0.01 0.1 32.9 -0.332725 -0.327767 7.23198 -0.0742104 -0.0715243 619.971
386877 12 0.01 0.1 32.9 -0.230594 0.246469 2.9369 -0.0208189 0.023572 701.758
387217 12 0.01 0.1 32.9 0.416553 0.32745 6.31768 0.0798985 0.0632312 610.769
389309 12 0.01 0.1 32.9 0.213002 -0.455513 3.97936 0.0251889 -0.0535731 647.872
390957 12 0.01 0.1 32.9 -0.0554957 -0.0091215 2.92316 -0.00572826 -0.0023322 680.141
392481 12 0.01 0.1 32.9 0.350215 0.159222 2.35273 0.0265064 0.0108625 692.546
395892 12 0.01 0.1 32.9 -0.468066 0.0391003 3.4831 -0.0506616 0.00308233 666.686
397572 12 0.01 0.1 32.9 -0.465684 -0.378983 1.96362 -0.0286752 -0.0244592 623.642
398635 12 0.01 0.1 32.9 0.090063 -0.128454 3.02154 0.00779328 -0.00947873 658.713
399663 12 0.01 0.1 32.9 0.434667 -0.451215 4.57252 0.0598523 -0.0635193 627.525
401513 12 0.01 0.1 32.9 0.232349 -0.28207 2.35181 0.0154549 -0.02157 692.217
403795 12 0.01 0.1 32.9 -0.440521 -0.279533 2.66031 -0.0355123 -0.0211867 679.575
404265 12 0.01 0.1 32.9 -0.356064 -0.187961 6.26083 -0.0664668 -0.0359357 625.2
406477 12 0.01 0.1 32.9 -0.229717 0.476372 1.33547 -0.00983711 0.017163 662.563
407843 12 0.01 0.1 32.9 -0.255259 0.114811 1.8579 -0.015224 0.00726205 670.234
408814 12 0.01 0.1 32.9 0.11167 -0.454684 3.0945 0.00867784 -0.0466783 661.826
409080 12 0.01 0.1 32.9 0.0380007 0.385847 0.640131 -0.000425156 0.00876065 623.685
410120 12 0.01 0.1 32.9 0.372387 0.30136 1.82488 0.021227 0.0176597 639.435
411039 12 0.01 0.1 32.9 -0.0125679 0.316783 3.29761 -0.0026653 0.0303387 611.135
412959 12 0.01 0.1 32.9 0.45831 0.171052 2.36139 0.0317436 0.0134369 692.248
413516 12 0.01 0.1 32.9 -0.136907 -0.0274397 1.38406 -0.00351173 -0.00192292 658.152
413807 12 0.01 0.1 32.9 -0.484126 0.15011 0.794681 -0.014036 0.00329401 694.961
414053 12 0.01 0.1 32.9 0.106255 0.356439 1.87796 0.00832504 0.0200843 656.055
414494 12 0.01 0.1 32.9 0.477744 0.0590936 1.56805 0.0233077 0.00342762 614.407
415223 12 0.01 0.1 32.9 0.0514762 0.279934 4.08392 0.00610188 0.0349639 649.988
415427 12 0.01 0.1 32.9 -0.112575 -0.0036314 1.72716 -0.00557015 0.00110819 716.124
415645 12 0.01 0.1 32.9 0.0861236 0.421185 2.23526 0.00563628 0.0284749 730.243
416010 12 0.01 0.1 32.9 0.289424 0.264111 1.90449 0.018767 0.0148786 717.87
416099 12 0.01 0.1 32.9 -0.360985 0.145261 3.17194 -0.0359899 0.0156591 665.089
416608 12 0.01 0.1 32.9 0.440172 0.330023 1.56888 0.0199193 0.0148421 697.834
419208 12 0.01 0.1 32.9 0.414615 -0.00412991 1.12221 0.0145757 -0.00121991 645.575
421477 12 0.01 0.1 32.9 -0.184669 -0.289335 2.15066 -0.0120119 -0.0183012 661.962
421506 12 0.01 0.1 32.9 0.41026 0.465927 2.66064 0.0352791 0.040153 678.782
421599 12 0.01 0.1 32.9 -0.375805 0.133844 1.42868 -0.0162871 0.00422371 658.489
422624 12 0.01 0.1 32.9 0.299472 0.103075 2.48192 0.0227308 0.006891 651.862
422965 12 0.01 0.1 32.9 0.02649 0.465426 3.13266 0.00423784 0.0412744 655.008
424500 12 0.01 0.1 32.9 0.210556 -0.052554 1.40773 0.00965109 -0.00107171 706.72
425306 12 0.01 0.1 32.9 0.310935 -0.214895 0.959616 0.0088883 -0.0077382 712.748
426575 12 0.01 0.1 32.9 0.229927 -0.186003 2.02073 0.0142275 -0.0119533 644.252
428280 12 0.01 0.1 32.9 0.00274454 -0.309011 5.11106 -0.00025326 -0.0490787 635.147
429513 12 0.01 0.1 32.9 -0.240621 -0.167878 3.19896 -0.0227389 -0.0153998 657.5
429590 12 0.01 0.1 32.9 0.121371 0.219825 1.64463 0.00758993 0.0120555 686.724
429747 12 0.01 0.1 32.9 0.484076 -0.253607 1.03586 0.0149452 -0.00583134 697.5
432847 12 0.01 0.1 32.9 0.332388 -0.148609 2.67017 0.0259671 -0.0122982 667.083
433194 12 0.01 0.1 32.9 -0.198219 -0.140602 1.33449 -0.00788749 -0.00689667 671.103
434095 12 0.01 0.1 32.9 0.191105 -0.185113 2.10539 0.0115211 -0.0117003 693.36
434177 12 0.01 0.1 32.9 -0.469568 0.411772 1.02547 -0.014706 0.0117794 726.812
435873 12 0.01 0.1 32.9 0.123195 -0.09433 1.0629 0.00525067 -0.00311702 725.105
436246 12 0.01 0.1 32.9 0.405101 -0.108479 1.27689 0.0170285 -0.0050957 718.796
436706 12 0.01 0.1 32.9 0.310965 -0.27146 1.91739 0.0189294 -0.0129366 724.098
441683 12 0.01 0.1 32.9 -0.465661 0.426732 2.49608 -0.0340964 0.0328594 632.754
442193 12 0.01 0.1 32.9 -0.355935 -0.418778 3.11368 -0.0341623 -0.0394053 654.66
444844 12 0.01 0.1 32.9 -0.344779 0.0314498 1.85276 -0.0219107 0.00197296 666.489
445755 12 0.01 0.1 32.9 -0.114054 -0.189635 9.92699 -0.0337843 -0.0559898 608.82
445765 12 0.01 0.1 32.9 -0.243946 -0.214291 1.19716 -0.00835208 -0.00668045 688.182
446560 12 0.01 0.1 32.9 0.354915 0.20411 1.40611 0.0157644 0.00942599 646.886
447583 12 0.01 0.1 32.9 -0.372361 -0.157979 0.778906 -0.00854965 -0.00235212 676.669
447585 12 0.01 0.1 32.9 0.472627 0.270576 2.90767 0.0432682 0.024282 617.477
448238 12 0.01 0.1 32.9 0.0487582 0.248859 3.91512 0.0059097 0.0295168 636.224
448533 12 0.01 0.1 32.9 -0.216762 0.366864 2.16777 -0.0144911 0.0210581 716.466
449369 12 0.01 0.1 32.9 0.0545226 -0.497619 1.4101 0.00155089 -0.0210054 694.717
449455 12 0.01 0.1 32.9 0.000316884 0.0593369 0.465421 -0.000211866 0.00275586 642.479
451325 12 0.01 0.1 32.9 0.0620615 -0.0381558 2.65435 0.00470766 -0.000260879 701.739
451518 12 0.01 0.1 32.9 0.0492472 0.0907692 3.1101 0.00561595 0.0052339 667.266
452353 12 0.01 0.1 32.9 -0.285508 0.109828 4.81812 -0.040794 0.0141359 635.831
454845 12 0.01 0.1 32.9 -0.287182 0.0953958 3.406 -0.0277502 0.00845445 651.925
455083 12 0.01 0.1 32.9 -0.421319 -0.19566 3.2113 -0.0425757 -0.0196578 626.832
455951 12 0.01 0.1 32.9 0.44665 0.110735 1.70662 0.023266 0.00726425 656.486
457182 12 0.01 0.1 32.9 -0.0433388 0.426456 4.22671 -0.00612656 0.0500947 640.175
457780 12 0.01 0.1 32.9 0.325921 -0.495264 1.52849 0.0159094 -0.0235756 729.79
460074 12 0.01 0.1 32.9 0.442006 0.0178364 1.38969 0.0190216 0.00139257 608.89
460648 12 0.01 0.1 32.9 -0.0203326 -0.178093 6.3332 -0.00278786 -0.0344815 607.387
462310 12 0.01 0.1 32.9 0.213916 0.408073 4.362 0.0295531 0.0548055 625.177
462996 12 0.01 0.1 32.9 0.0109003 0.395291 3.47784 -0.000360226 0.0406022 628.796
464049 12 0.01 0.1 32.9 -0.475123 -0.00660369 2.67814 -0.039438 0.00029348 708.078
464100 12 0.01 0.1 32.9 0.180076 -0.0972748 0.644471 0.00155061 -0.00380628 650.706
464608 12 0.01 0.1 32.9 0.272118 -0.283003 1.84129 0.0152847 -0.0159364 720.698
464896 12 0.01 0.1 32.9 -0.148892 0.200182 1.89857 -0.00899958 0.0119753 665.714
467129 12 0.01 0.1 32.9 -0.313905 -0.454766 1.65118 -0.0166191 -0.0217066 657.882
468339 12 0.01 0.1 32.9 -0.26498 0.0125007 1.3572 -0.0103526 0.00247356 725.142
469270 12 0.01 0.1 32.9 -0.494922 0.371758 1.96501 -0.0296315 0.0226057 672.091
469769 12 0.01 0.1 32.9 -0.335244 -0.0081516 3.94405 -0.0384038 -3.2382e-05 629.972
471486 12 0.01 0.1 32.9 0.376252 -0.310568 2.31962 0.0264446 -0.0218087 631.996
471998 12 0.01 0.1 32.9 0.219574 0.219798 3.76784 0.0244862 0.0239333 655.561
472051 12 0.01 0.1 32.9 -0.368648 -0.284136 0.775428 -0.00967445 -0.00271079 649.592
475999 12 0.01 0.1 32.9 0.179288 0.018932 3.68956 0.0189576 0.00261906 619.114
476129 12 0.01 0.1 32.9 -0.24822 -0.134508 1.57254 -0.0116902 -0.00579123 626.781
476416 12 0.01 0.1 32.9 -0.317909 0.20143 4.37865 -0.0439719 0.0283879 647.376
477206 12 0.01 0.1 32.9 0.240955 -0.0108399 1.5865 0.0114244 0.000862534 669.405
477382 12 0.01 0.1 32.9 -0.457944 0.320494 4.03198 -0.0570827 0.0391106 608.249
477466 12 0.01 0.1 32.9 -0.282527 -0.224028 1.18671 -0.0100505 -0.00671418 623.106
478681 12 0.01 0.1 32.9 0.446056 -0.450674 0.907711 0.0141997 -0.0116867 637.452
479154 12 0.01 0.1 32.9 0.00665738 0.216458 1.03928 -0.000638317 0.00795842 636.972
479580 12 0.01 0.1 32.9 -0.421894 0.212586 3.7119 -0.0474194 0.02208 631.66
480339 12 0.01 0.1 32.9 -0.162843 0.405852 2.06975 -0.00914579 0.0261743 678.733
480993 12 0.01 0.1 32.9 0.264082 0.315876 1.29489 0.00899779 0.0139028 714.416
481304 12 0.01 0.1 32.9 -0.46835 0.307466 4.9431 -0.0705812 0.0462253 642.574
481605 12 0.01 0.1 32.9 -0.149525 0.477769 3.85301 -0.0169003 0.0530434 660.352
483176 12 0.01 0.1 32.9 -0.192166 -0.395635 2.43697 -0.0135242 -0.0315115 684.568
483781 12 0.01 0.1 32.9 0.0679616 -0.482334 3.2258 0.00688775 -0.0503665 624.266
484316 12 0.01 0.1 32.9 -0.0990432 0.0739596 4.65531 -0.0146177 0.0134568 625.146
486717 12 0.01 0.1 32.9 0.242033 0.151422 3.65584 0.0261587 0.0165548 620.285
487431 12 0.01 0.1 32.9 -0.344021 0.374855 2.32018 -0.0240122 0.0264458 670.925
489027 12 0.01 0.1 32.9 -0.459708 -0.338199 1.82983 -0.025791 -0.0209578 711.554
490256 12 0.01 0.1 32.9 -0.378748 -0.47807 1.77654 -0.0197298 -0.0244655 666.831
491959 12 0.01 0.1 32.9 0.299062 0.051643 2.27787 0.0210413 0.00523097 699.906
492675 12 0.01 0.1 32.9 0.314437 -0.129691 2.9096 0.0262206 -0.0114506 671.974
494718 12 0.01 0.1 32.9 -0.122322 -0.357605 7.37297 -0.0290809 -0.0836942 613.877
494971 12 0.01 0.1 32.9 0.13173 0.321721 4.39496 0.0154997 0.0445528 622.809
496716 12 0.01 0.1 32.9 -0.256021 0.280859 1.46365 -0.0113388 0.00919447 710.09
496945 12 0.01 0.1 32.9 0.474287 -0.166968 2.57087 0.0386196 -0.0127237 705.566
498493 12 0.01 0.1 32.9 0.399673 0.0369355 5.43886 0.0666765 0.00726745 629.826
498985 12 0.01 0.1 32.9 -0.0745531 -0.0239043 1.52073 -0.0034343 -0.0019108 716.271
