503437 12 0.01 0.4 32.9 -0.31899 -0.464807 2.55725 -0.0259223 -0.0341273 294.504
503460 12 0.01 0.4 32.9 0.389092 -0.0803801 3.47146 0.042262 -0.00652134 294.504
504794 12 0.01 0.4 32.9 -0.0583933 0.0320924 1.19357 -0.00159469 0.00152621 294.504
505153 12 0.01 0.4 32.9 -0.218505 -0.252815 1.70989 -0.00851549 -0.0110691 294.504
507025 12 0.01 0.4 32.9 0.169512 -0.453496 2.68177 0.0143551 -0.0401194 294.504
507690 12 0.01 0.4 32.9 0.366985 0.220037 2.72815 0.0298543 0.0188306 294.504
515453 12 0.01 0.4 32.9 0.094967 -0.267037 0.994415 0.00392926 -0.00979735 294.504
518119 12 0.01 0.4 32.9 0.0545674 0.113995 1.01698 0.00249712 0.00340533 294.504
518514 12 0.01 0.4 32.9 -0.31543 0.0972296 1.95357 -0.0196708 0.00778047 294.504
519898 12 0.01 0.4 32.9 -0.104533 0.230632 1.84338 -0.00658885 0.0153921 294.504
519968 12 0.01 0.4 32.9 0.0565189 -0.459447 4.28396 0.00773225 -0.0597175 294.504
521215 12 0.01 0.4 32.9 0.147278 0.412296 1.39988 0.00625149 0.0166552 294.504
525572 12 0.01 0.4 32.9 -0.487614 -0.294136 1.33628 -0.0204873 -0.01122 294.504
528204 12 0.01 0.4 32.9 -0.315574 -0.373052 2.5916 -0.0239132 -0.028927 294.504
530758 12 0.01 0.4 32.9 0.357173 0.333911 2.49234 0.024841 0.0279508 294.504
532364 12 0.01 0.4 32.9 0.153567 0.486171 2.71142 0.0108645 0.0379435 294.504
534467 12 0.01 0.4 32.9 -0.378124 -0.0280407 1.00093 -0.0122089 0.00102666 294.504
535692 12 0.01 0.4 32.9 0.261967 -0.354509 2.80623 0.0239002 -0.0266452 294.504
536895 12 0.01 0.4 32.9 0.0527143 0.312966 6.79203 0.0104683 0.0655934 294.504
537170 12 0.01 0.4 32.9 0.187592 -0.0777335 3.8172 0.0209214 -0.00820171 294.504
541732 12 0.01 0.4 32.9 0.118566 0.345936 4.39344 0.0165093 0.0477765 294.504
546864 12 0.01 0.4 32.9 0.140311 -0.148776 2.23601 0.00943784 -0.0093542 294.504
551638 12 0.01 0.4 32.9 -0.176236 -0.246423 5.10798 -0.0276202 -0.0368443 294.504
552004 12 0.01 0.4 32.9 -0.0406917 0.361483 3.55699 -0.00472069 0.0367582 294.504
552104 12 0.01 0.4 32.9 -0.267733 -0.426741 3.27486 -0.026146 -0.0418871 294.504
554466 12 0.01 0.4 32.9 -0.321721 0.408253 1.39658 -0.0131234 0.0184905 294.504
555379 12 0.01 0.4 32.9 0.12981 0.176239 0.928455 0.00206097 0.00626413 294.504
560700 12 0.01 0.4 32.9 -0.24203 0.25687 1.94327 -0.0142918 0.0175833 294.504
561345 12 0.01 0.4 32.9 -0.248191 -0.0615313 1.84107 -0.0149578 -0.00137202 294.504
562912 12 0.01 0.4 32.9 0.205472 0.281325 2.5055 0.0170164 0.0222906 294.504
565245 12 0.01 0.4 32.9 0.0501749 0.483531 1.67479 0.0051728 0.0257203 294.504
569909 12 0.01 0.4 32.9 0.236773 0.410271 7.8921 0.0546623 0.100641 294.504
578079 12 0.01 0.4 32.9 0.218037 -0.0905531 1.87422 0.014586 -0.0062591 294.504
579059 12 0.01 0.4 32.9 0.396113 0.163015 6.72655 0.0801267 0.0348273 294.504
580171 12 0.01 0.4 32.9 -0.017003 0.0336468 3.71629 -0.00381958 0.00430221 294.504
588435 12 0.01 0.4 32.9 -0.0121016 0.158713 4.15916 -0.00248978 0.0224697 294.504
589160 12 0.01 0.4 32.9 0.460437 0.2023 2.595 0.0378139 0.0164772 294.504
590667 12 0.01 0.4 32.9 0.0809532 0.39268 7.4188 0.0196116 0.0884168 294.504
592567 12 0.01 0.4 32.9 -0.0208914 0.210508 2.3698 -0.00132496 0.0157066 294.504
593603 12 0.01 0.4 32.9 0.0147665 0.293319 2.44829 0.00338376 0.0224925 294.504
596289 12 0.01 0.4 32.9 -0.163737 0.466361 1.18403 -0.00554956 0.0160044 294.504
596392 12 0.01 0.4 32.9 0.361724 0.074349 2.27552 0.0256917 0.00339082 294.504
597029 12 0.01 0.4 32.9 0.225002 0.155098 1.66428 0.0104074 0.00859952 294.504
597069 12 0.01 0.4 32.9 -0.42493 -0.39942 3.40231 -0.0445606 -0.0406201 294.504
602768 12 0.01 0.4 32.9 0.0677773 -0.426627 1.77422 0.00170637 -0.0217232 294.504
606495 12 0.01 0.4 32.9 0.121748 -0.484484 0.668634 0.00203498 -0.00992916 294.504
609756 12 0.01 0.4 32.9 -0.283653 -0.00552747 1.83851 -0.01594 0.00255863 294.504
614626 12 0.01 0.4 32.9 -0.318545 -0.28866 2.50373 -0.0212451 -0.0240742 294.504
614799 12 0.01 0.4 32.9 -0.00668752 0.25531 2.27725 -0.00184685 0.016643 294.504
618121 12 0.01 0.4 32.9 -0.0133722 -0.38243 1.78968 -0.00276577 -0.0222838 294.504
618532 12 0.01 0.4 32.9 -0.185764 0.319858 3.74709 -0.0207378 0.0359684 294.504
618729 12 0.01 0.4 32.9 0.40388 0.153428 1.95221 0.0240141 0.0110193 294.504
620555 12 0.01 0.4 32.9 -0.210651 0.257422 1.59105 -0.011531 0.0147316 294.504
621262 12 0.01 0.4 32.9 -0.207812 0.497417 2.78336 -0.0176991 0.0438223 294.504
621705 12 0.01 0.4 32.9 0.161712 0.468295 1.46843 0.00768349 0.0210603 294.504
623349 12 0.01 0.4 32.9 -0.386342 0.258684 4.50407 -0.0535603 0.0359229 294.504
628789 12 0.01 0.4 32.9 -0.448908 0.167787 0.958923 -0.0137975 0.00791278 294.504
630087 12 0.01 0.4 32.9 0.162904 0.489082 1.88999 0.0093716 0.0274705 294.504
630725 12 0.01 0.4 32.9 -0.388245 0.248319 2.14185 -0.0251309 0.0185281 294.504
631569 12 0.01 0.4 32.9 -0.253622 0.12286 0.784691 -0.00554809 0.00200486 294.504
634526 12 0.01 0.4 32.9 0.382406 -0.346204 2.14262 0.0233953 -0.0200442 294.504
637108 12 0.01 0.4 32.9 -0.484375 0.123832 2.07632 -0.0316054 0.0101379 294.504
637651 12 0.01 0.4 32.9 -0.075601 0.475486 1.7411 -0.00180905 0.0272005 294.504
638121 12 0.01 0.4 32.9 0.126575 0.189873 4.33652 0.0164613 0.0250653 294.504
642242 12 0.01 0.4 32.9 -0.0417711 -0.0374886 2.61033 -0.00521215 -0.00186243 294.504
645644 12 0.01 0.4 32.9 -0.181621 0.236755 1.1479 -0.00687918 0.00736052 294.504
647591 12 0.01 0.4 32.9 -0.133307 0.0957763 0.692705 0.00191184 0.00340642 294.504
653172 12 0.01 0.4 32.9 0.0985603 -0.116319 3.12132 0.0106432 -0.0131513 294.504
653415 12 0.01 0.4 32.9 0.29384 0.0929844 0.857036 0.0107094 0.0029919 294.504
654866 12 0.01 0.4 32.9 0.0129613 0.148791 1.23739 0.000461376 0.00491005 294.504
656454 12 0.01 0.4 32.9 0.0201782 0.361425 5.94623 0.00573515 0.065979 294.504
663209 12 0.01 0.4 32.9 0.313108 -0.204977 2.38858 0.0240502 -0.01471 294.504
664092 12 0.01 0.4 32.9 -0.0977462 0.119236 0.983757 -0.00515049 0.00421811 294.504
665537 12 0.01 0.4 32.9 0.367337 0.173933 3.00742 0.0342789 0.0163996 294.504
666476 12 0.01 0.4 32.9 0.481133 -0.0134834 2.08795 0.0310135 -0.000496724 294.504
666498 12 0.01 0.4 32.9 -0.386365 -0.286854 2.43374 -0.0276471 -0.0201675 294.504
668393 12 0.01 0.4 32.9 -0.215048 -0.0971303 1.60613 -0.00968901 -0.00522193 294.504
670285 12 0.01 0.4 32.9 0.390001 -0.464001 3.14249 0.0380511 -0.0443033 294.504
670647 12 0.01 0.4 32.9 -0.115599 -0.0430285 2.69293 -0.00898708 -0.00350723 294.504
673322 12 0.01 0.4 32.9 0.238481 0.0876281 1.63405 0.0106845 0.0038095 294.504
674933 12 0.01 0.4 32.9 -0.471595 -0.306946 3.58262 -0.0524071 -0.0325276 294.504
675582 12 0.01 0.4 32.9 -0.48858 -0.494994 3.34959 -0.0485292 -0.0523422 294.504
679664 12 0.01 0.4 32.9 -0.102497 0.421205 2.38416 -0.00967298 0.0330304 294.504
680108 12 0.01 0.4 32.9 0.273498 -0.21089 2.66973 0.0231967 -0.0163781 294.504
687836 12 0.01 0.4 32.9 0.203484 0.483167 1.11346 0.00865246 0.01812 294.504
687951 12 0.01 0.4 32.9 0.00764517 -0.207874 5.42331 0.00067347 -0.0326264 294.504
689554 12 0.01 0.4 32.9 -0.0498022 0.464251 3.12307 -0.00458096 0.0467605 294.504
692762 12 0.01 0.4 32.9 -0.450156 0.389234 1.26424 -0.016809 0.016285 294.504
694256 12 0.01 0.4 32.9 0.216574 -0.0571586 1.74026 0.0116 -0.0016866 294.504
694947 12 0.01 0.4 32.9 -0.18614 0.272463 2.34759 -0.0160095 0.0193437 294.504
697836 12 0.01 0.4 32.9 0.436594 -0.459663 1.96051 0.0229049 -0.0285429 294.504
698630 12 0.01 0.4 32.9 -0.493533 -0.241937 3.33755 -0.0485824 -0.023359 294.504
700388 12 0.01 0.4 32.9 -0.355504 0.349475 5.2612 -0.0573719 0.0575589 294.504
703511 12 0.01 0.4 32.9 0.460748 -0.120108 2.27799 0.0318898 -0.00965256 294.504
703702 12 0.01 0.4 32.9 0.0989916 0.184738 2.64673 0.00850288 0.0172496 294.504
709084 12 0.01 0.4 32.9 -0.0647855 -0.384158 0.681706 -2.94511e-05 -0.00596942 294.504
709765 12 0.01 0.4 32.9 0.281948 -0.351619 1.91444 0.0144871 -0.0166722 294.504
711875 12 0.01 0.4 32.9 0.277104 -0.146819 1.29047 0.0118211 -0.00366904 294.504
714109 12 0.01 0.4 32.9 -0.188831 -0.450298 1.40977 -0.0106866 -0.018123 294.504
718970 12 0.01 0.4 32.9 -0.325711 0.184455 2.20569 -0.0214369 0.0127222 294.504
720662 12 0.01 0.4 32.9 0.291562 -0.0247559 0.803325 0.00666094 -0.00145196 294.504
722172 12 0.01 0.4 32.9 -0.303538 -0.35047 1.62079 -0.0158424 -0.0164358 294.504
722436 12 0.01 0.4 32.9 0.123023 0.0670424 0.489458 0.0046069 0.00144448 294.504
722720 12 0.01 0.4 32.9 -0.107777 0.392535 2.36466 -0.00837322 0.0305068 294.504
722878 12 0.01 0.4 32.9 0.0549321 0.34678 3.84151 0.00630255 0.0419135 294.504
723347 12 0.01 0.4 32.9 -0.207397 -0.247665 0.930683 -0.00885347 -0.00426119 294.504
724523 12 0.01 0.4 32.9 0.0888906 -0.0129351 3.5798 0.0095131 -0.0014525 294.504
725072 12 0.01 0.4 32.9 -0.074089 -0.177116 2.50091 -0.00359143 -0.0116848 294.504
726807 12 0.01 0.4 32.9 0.0860772 -0.44953 1.51728 0.00252617 -0.0212759 294.504
728863 12 0.01 0.4 32.9 0.123011 0.117271 2.30446 0.0103834 0.0103169 294.504
734369 12 0.01 0.4 32.9 -0.126572 0.460675 1.92682 -0.00773952 0.0285688 294.504
741664 12 0.01 0.4 32.9 0.29725 -0.252942 1.12788 0.0108751 -0.00599225 294.504
742695 12 0.01 0.4 32.9 -0.349091 -0.439049 0.491585 -0.00455501 -0.00427561 294.504
743422 12 0.01 0.4 32.9 -0.36863 0.0121357 7.04645 -0.0770961 0.00449959 294.504
744287 12 0.01 0.4 32.9 -0.164105 -0.13556 1.77478 -0.0111999 -0.00668621 294.504
746592 12 0.01 0.4 32.9 -0.413682 0.461898 3.50521 -0.046905 0.0528767 294.504
748886 12 0.01 0.4 32.9 -0.474391 -0.326573 3.54422 -0.0517259 -0.0349808 294.504
750946 12 0.01 0.4 32.9 0.397895 -0.130055 1.75241 0.0198742 -0.00493494 294.504
755412 12 0.01 0.4 32.9 0.384152 0.330836 1.23044 0.0111667 0.0141118 294.504
756937 12 0.01 0.4 32.9 -0.488251 -0.237516 2.89997 -0.0428396 -0.0214223 294.504
759422 12 0.01 0.4 32.9 0.220628 0.0293071 2.16394 0.0143368 0.0030075 294.504
760318 12 0.01 0.4 32.9 -0.25677 -0.267256 2.52659 -0.0206515 -0.020135 294.504
761182 12 0.01 0.4 32.9 -0.224111 0.44477 3.81394 -0.02688 0.0503572 294.504
761507 12 0.01 0.4 32.9 0.0350159 0.194951 1.20653 0.00191908 0.00878706 294.504
761638 12 0.01 0.4 32.9 -0.309916 -0.400699 3.07157 -0.0325742 -0.0363848 294.504
761862 12 0.01 0.4 32.9 0.481041 0.18332 1.21757 0.017389 0.00622082 294.504
761866 12 0.01 0.4 32.9 0.261783 0.131047 2.69936 0.0222899 0.011161 294.504
763813 12 0.01 0.4 32.9 -0.472572 0.205748 2.08381 -0.0280992 0.0123848 294.504
764786 12 0.01 0.4 32.9 -0.48065 -0.418213 1.57905 -0.0247045 -0.0194939 294.504
765221 12 0.01 0.4 32.9 -0.294896 0.12303 2.63241 -0.0232741 0.0103367 294.504
768518 12 0.01 0.4 32.9 -0.483845 -0.0234104 1.43828 -0.0187511 0.000191282 294.504
769224 12 0.01 0.4 32.9 0.128837 0.294783 3.12898 0.0119978 0.0295898 294.504
770404 12 0.01 0.4 32.9 0.292778 -0.013184 2.71055 0.0230628 0.00089637 294.504
773385 12 0.01 0.4 32.9 -0.276249 -0.136662 1.38086 -0.00994396 -0.00848435 294.504
774983 12 0.01 0.4 32.9 -0.419105 -0.11649 4.09012 -0.0494665 -0.0137587 294.504
777625 12 0.01 0.4 32.9 -0.425372 0.381744 3.04104 -0.036731 0.0352541 294.504
777681 12 0.01 0.4 32.9 0.285182 0.459651 2.84946 0.0254624 0.0395312 294.504
782063 12 0.01 0.4 32.9 -0.0979723 0.309527 1.09915 -0.00328826 0.0116841 294.504
782418 12 0.01 0.4 32.9 0.0951862 0.308727 2.35627 0.0067724 0.0213229 294.504
784014 12 0.01 0.4 32.9 0.318601 -0.0903454 1.6133 0.0138559 -0.000657292 294.504
788347 12 0.01 0.4 32.9 -0.463572 0.355251 2.07512 -0.0290038 0.0246485 294.504
789191 12 0.01 0.4 32.9 0.0953276 -0.348928 3.76524 0.0139324 -0.0403902 294.504
791340 12 0.01 0.4 32.9 -0.308489 0.225919 1.87574 -0.0177498 0.0126504 294.504
794541 12 0.01 0.4 32.9 0.140048 -0.477978 2.20646 0.00822543 -0.0315676 294.504
797880 12 0.01 0.4 32.9 0.413983 -0.465407 2.15677 0.0282755 -0.029784 294.504
797887 12 0.01 0.4 32.9 0.463479 -0.485116 0.885502 0.0110246 -0.0132613 294.504
798812 12 0.01 0.4 32.9 0.235189 -0.311889 1.88753 0.0145102 -0.0185792 294.504
801849 12 0.01 0.4 32.9 0.171701 0.442541 2.33195 0.0113168 0.0305827 294.504
802410 12 0.01 0.4 32.9 0.220644 -0.313692 2.56687 0.0188398 -0.024514 294.504
803166 12 0.01 0.4 32.9 -0.236423 -0.368796 0.625327 -0.00528838 -0.00411196 294.504
805690 12 0.01 0.4 32.9 0.377959 0.283852 3.12353 0.0325804 0.0257832 294.504
807934 12 0.01 0.4 32.9 -0.156809 -0.101278 1.3982 -0.00596505 -0.00231051 294.504
809137 12 0.01 0.4 32.9 -0.349924 0.490024 3.99928 -0.041549 0.0605082 294.504
810474 12 0.01 0.4 32.9 0.417785 0.0670381 2.92663 0.0373616 0.00497907 294.504
811736 12 0.01 0.4 32.9 -0.144805 -0.276881 1.35893 -0.00613495 -0.0109653 294.504
815268 12 0.01 0.4 32.9 -0.304527 -0.405647 1.30428 -0.0120314 -0.0123699 294.504
815332 12 0.01 0.4 32.9 -0.0867449 0.00686181 0.940346 -0.0016579 0.00150195 294.504
818124 12 0.01 0.4 32.9 0.0716275 -0.310862 6.53335 0.0151089 -0.0613699 294.504
819424 12 0.01 0.4 32.9 -0.40103 0.105973 1.23954 -0.0167847 0.00497735 294.504
822277 12 0.01 0.4 32.9 -0.445443 -0.338783 2.99634 -0.0397335 -0.0349113 294.504
822405 12 0.01 0.4 32.9 -0.158977 -0.0639389 5.11022 -0.0246138 -0.00969842 294.504
826973 12 0.01 0.4 32.9 0.132534 0.332077 4.06483 0.0164297 0.0436805 294.504
828556 12 0.01 0.4 32.9 0.262099 0.348793 2.67772 0.0214256 0.0290113 294.504
831520 12 0.01 0.4 32.9 0.49427 0.489159 1.85582 0.0266029 0.0280236 294.504
831818 12 0.01 0.4 32.9 0.121948 -0.427133 1.38893 0.00380582 -0.018537 294.504
832282 12 0.01 0.4 32.9 -0.266497 -0.376343 1.55515 -0.0110595 -0.0169381 294.504
834940 12 0.01 0.4 32.9 -0.255394 -0.30112 2.60986 -0.0180442 -0.0232498 294.504
836699 12 0.01 0.4 32.9 -0.298506 0.310551 0.521208 -0.00378771 0.00603645 294.504
838814 12 0.01 0.4 32.9 0.402798 0.263961 1.42657 0.0193405 0.0130722 294.504
840421 12 0.01 0.4 32.9 0.0610987 -0.137999 2.00582 0.00404854 -0.00718849 294.504
841230 12 0.01 0.4 32.9 -0.483739 0.316815 2.71997 -0.0392151 0.0258866 294.504
841564 12 0.01 0.4 32.9 -0.0548823 -0.467784 1.73619 -0.00215221 -0.0209868 294.504
842650 12 0.01 0.4 32.9 0.0376626 -0.176636 2.31046 0.00163606 -0.0108139 294.504
843834 12 0.01 0.4 32.9 0.14761 0.276903 6.7025 0.0293006 0.0554731 294.504
844075 12 0.01 0.4 32.9 -0.270146 -0.12601 0.50684 -0.00216211 0.00244172 294.504
844846 12 0.01 0.4 32.9 -0.447561 0.247245 4.39937 -0.0581814 0.0348343 294.504
847146 12 0.01 0.4 32.9 0.31224 0.28906 1.95664 0.0180344 0.0171243 294.504
847718 12 0.01 0.4 32.9 -0.347604 -0.0273794 2.27637 -0.0211986 -0.000126794 294.504
850286 12 0.01 0.4 32.9 0.258194 0.493062 3.05506 0.0259617 0.0456396 294.504
850873 12 0.01 0.4 32.9 -0.362079 -0.457319 1.24747 -0.0117976 -0.0167578 294.504
850924 12 0.01 0.4 32.9 -0.270275 -0.432985 1.98246 -0.0170522 -0.0249599 294.504
851016 12 0.01 0.4 32.9 0.453989 -0.272583 2.192 0.0293459 -0.0203435 294.504
852899 12 0.01 0.4 32.9 0.49243 0.183136 2.39353 0.0374248 0.0144484 294.504
855242 12 0.01 0.4 32.9 -0.0299542 0.493941 1.96021 -0.000620329 0.0274922 294.504
856388 12 0.01 0.4 32.9 -0.284765 -0.174111 2.20468 -0.0183073 -0.0109838 294.504
863421 12 0.01 0.4 32.9 0.322085 -0.49572 2.88833 0.0286734 -0.0457048 294.504
865968 12 0.01 0.4 32.9 -0.338725 0.02034 0.993774 -0.00992807 -0.00243351 294.504
867084 12 0.01 0.4 32.9 -0.457656 0.292784 2.75169 -0.0381095 0.0249714 294.504
867128 12 0.01 0.4 32.9 -0.126594 0.189202 1.82635 -0.00922813 0.0114987 294.504
869353 12 0.01 0.4 32.9 0.0934049 0.406131 0.43742 0.00319052 0.00794818 294.504
869637 12 0.01 0.4 32.9 0.281665 -0.0425871 1.95583 0.0171165 -0.00163516 294.504
874949 12 0.01 0.4 32.9 0.335437 -0.134579 2.5882 0.0290569 -0.00941429 294.504
875578 12 0.01 0.4 32.9 0.303246 0.298249 4.06365 0.0366513 0.0388712 294.504
875645 12 0.01 0.4 32.9 -0.0618398 -0.139166 1.51696 -0.00273741 -0.00750959 294.504
877983 12 0.01 0.4 32.9 -0.0363436 -0.343468 1.7858 -0.000550288 -0.0210148 294.504
880526 12 0.01 0.4 32.9 -0.360102 -0.348139 4.93365 -0.0575482 -0.0520009 294.504
884799 12 0.01 0.4 32.9 0.178742 -0.310412 1.4159 0.00725067 -0.0132718 294.504
887117 12 0.01 0.4 32.9 0.054919 0.274924 6.77003 0.0108713 0.056168 294.504
887134 12 0.01 0.4 32.9 -0.019273 -0.329017 1.26276 -0.00175013 -0.0121972 294.504
891946 12 0.01 0.4 32.9 -0.41716 0.370934 5.17976 -0.0651225 0.0603837 294.504
892713 12 0.01 0.4 32.9 0.310162 0.0966671 3.39951 0.030678 0.0104727 294.504
894989 12 0.01 0.4 32.9 0.42577 -0.16013 1.33318 0.0164986 -0.00529412 294.504
895919 12 0.01 0.4 32.9 -0.409297 -0.411516 5.12844 -0.0637875 -0.0649616 294.504
896737 12 0.01 0.4 32.9 -0.210159 0.0368899 1.59091 -0.0121267 0.000452273 294.504
898669 12 0.01 0.4 32.9 -0.0852309 -0.2068 1.80971 -0.00233844 -0.0119833 294.504
900392 12 0.01 0.4 32.9 0.277194 0.414149 0.806085 0.00560847 0.0108415 294.504
900616 12 0.01 0.4 32.9 -0.281225 0.128814 2.44963 -0.0197075 0.0125919 294.504
911219 12 0.01 0.4 32.9 0.266264 0.0503877 1.48836 0.0127315 0.00529028 294.504
913395 12 0.01 0.4 32.9 -0.127018 0.325972 2.67286 -0.0103624 0.0268292 294.504
914670 12 0.01 0.4 32.9 0.395856 -0.283794 3.76133 0.0448382 -0.0327504 294.504
915127 12 0.01 0.4 32.9 -0.12862 0.312085 1.34426 -0.00802804 0.0105496 294.504
919167 12 0.01 0.4 32.9 0.398436 -0.269634 4.62112 0.0546635 -0.0381475 294.504
919922 12 0.01 0.4 32.9 -0.289118 0.154379 4.85126 -0.0434516 0.0230598 294.504
920135 12 0.01 0.4 32.9 0.124061 -0.0661134 1.53461 0.00322753 -0.00359641 294.504
920653 12 0.01 0.4 32.9 0.258466 0.0992552 1.77112 0.0147128 0.00873409 294.504
920976 12 0.01 0.4 32.9 -0.178786 -0.294359 1.93831 -0.0111053 -0.0150352 294.504
921568 12 0.01 0.4 32.9 0.442858 0.484195 0.657583 0.00780562 0.0101889 294.504
921892 12 0.01 0.4 32.9 0.173062 -0.345735 1.07302 0.00656312 -0.00964231 294.504
922494 12 0.01 0.4 32.9 0.0795654 0.235531 2.86098 0.0059472 0.0205634 294.504
926723 12 0.01 0.4 32.9 -0.0424984 -0.437724 1.8252 -0.00116107 -0.0246326 294.504
927769 12 0.01 0.4 32.9 -0.00466961 -0.494718 3.315 -0.00103709 -0.047942 294.504
929847 12 0.01 0.4 32.9 0.385944 -0.0328707 6.90363 0.0814534 -0.00653759 294.504
929859 12 0.01 0.4 32.9 -0.467737 0.0487699 3.08623 -0.0431204 0.00328496 294.504
933446 12 0.01 0.4 32.9 0.0472625 0.186087 1.47075 0.00170492 0.00965395 294.504
935036 12 0.01 0.4 32.9 0.27776 -0.224393 2.28278 0.016964 -0.0144717 294.504
936306 12 0.01 0.4 32.9 0.497213 -0.030169 2.73798 0.0412616 -0.00121728 294.504
937249 12 0.01 0.4 32.9 0.145502 0.11696 2.22922 0.0111996 0.00910648 294.504
937942 12 0.01 0.4 32.9 0.0735893 0.142104 0.692819 -0.00121451 0.00541846 294.504
938113 12 0.01 0.4 32.9 0.209929 0.357486 4.64037 0.030094 0.0514057 294.504
940252 12 0.01 0.4 32.9 -0.10433 0.124761 2.12723 -0.00570857 0.00859556 294.504
946434 12 0.01 0.4 32.9 -0.49567 -0.209922 3.21188 -0.048394 -0.0212628 294.504
949874 12 0.01 0.4 32.9 -0.136767 -0.304404 2.0537 -0.00697545 -0.0163144 294.504
951784 12 0.01 0.4 32.9 -0.146395 0.0771947 2.67827 -0.0133637 0.00691233 294.504
951930 12 0.01 0.4 32.9 -0.379887 -0.262676 2.83068 -0.0321555 -0.0244724 294.504
954852 12 0.01 0.4 32.9 0.445374 -0.330931 1.46089 0.0212281 -0.0143438 294.504
960858 12 0.01 0.4 32.9 0.395929 0.0424128 2.75574 0.0345723 0.00553111 294.504
962962 12 0.01 0.4 32.9 0.441712 -0.113845 2.87459 0.0395381 -0.0100582 294.504
968264 12 0.01 0.4 32.9 0.163099 0.0521813 1.75752 0.0081727 0.00243945 294.504
969144 12 0.01 0.4 32.9 0.498023 0.0245478 4.47385 0.0673298 0.00395185 294.504
971544 12 0.01 0.4 32.9 -0.265737 0.147136 3.04819 -0.0252077 0.0128161 294.504
973293 12 0.01 0.4 32.9 0.237335 -0.468246 3.40258 0.0240041 -0.0492539 294.504
973637 12 0.01 0.4 32.9 -0.134079 0.377257 1.1382 -0.00537011 0.013877 294.504
973691 12 0.01 0.4 32.9 0.225356 0.114019 1.52785 0.0110442 0.00757391 294.504
976055 12 0.01 0.4 32.9 -0.0748312 -0.405084 2.94035 -0.00718207 -0.0370261 294.504
976126 12 0.01 0.4 32.9 0.148403 0.294957 1.71018 0.00865469 0.0135661 294.504
978367 12 0.01 0.4 32.9 0.222558 -0.452018 2.25183 0.0157194 -0.0321344 294.504
978729 12 0.01 0.4 32.9 -0.22581 0.355993 0.621076 -0.00488912 0.00787845 294.504
979307 12 0.01 0.4 32.9 0.0804568 0.447349 2.72035 0.00687564 0.0392003 294.504
979533 12 0.01 0.4 32.9 0.478065 0.445307 2.53473 0.0375589 0.0344043 294.504
981175 12 0.01 0.4 32.9 0.429139 0.0095019 3.3292 0.0428613 0.00150577 294.504
982330 12 0.01 0.4 32.9 -0.0887204 -0.107929 3.82119 -0.0100687 -0.0125408 294.504
984361 12 0.01 0.4 32.9 -0.0720674 0.195646 1.74807 -0.00182515 0.00916053 294.504
986208 12 0.01 0.4 32.9 -0.0232781 -0.0483307 3.4918 -0.00073289 -0.00197584 294.504
989911 12 0.01 0.4 32.9 0.411373 -0.0723118 1.07873 0.0114331 -0.00263772 294.504
990947 12 0.01 0.4 32.9 -0.239391 -0.0757278 2.08401 -0.0167664 -0.00490376 294.504
991904 12 0.01 0.4 32.9 -0.214309 0.169176 4.1567 -0.0290081 0.0199095 294.504
992449 12 0.01 0.4 32.9 0.422568 -0.480451 1.33859 0.0169581 -0.018758 294.504
993302 12 0.01 0.4 32.9 0.0408029 0.223773 2.20987 0.00269936 0.0156084 294.504
993381 12 0.01 0.4 32.9 -0.0770299 0.466777 2.00857 -0.00444234 0.029847 294.504
993671 12 0.01 0.4 32.9 0.14461 0.485613 7.84439 0.0325517 0.116809 294.504
993953 12 0.01 0.4 32.9 -0.102324 -0.18253 5.18351 -0.0141976 -0.028628 294.504
998497 12 0.01 0.4 32.9 -0.301308 -0.268707 2.33233 -0.0204801 -0.0169129 294.504
2996 12 0.01 0.4 32.9 -0.40386 0.427008 8.07622 -0.0984503 0.105451 295.964
5964 12 0.01 0.4 32.9 -0.264833 0.215387 0.548179 -0.00653163 0.00460894 295.964
6143 12 0.01 0.4 32.9 0.431919 -0.355236 7.38854 0.0977302 -0.0788417 295.964
9291 12 0.01 0.4 32.9 -0.181139 0.30734 3.68828 -0.021876 0.0367542 295.964
9485 12 0.01 0.4 32.9 -0.0460589 0.424193 0.64049 -0.00234948 0.0105512 295.964
12520 12 0.01 0.4 32.9 0.107897 0.25726 1.15488 0.002878 0.00959893 295.964
14099 12 0.01 0.4 32.9 -0.022148 -0.439879 2.63084 -0.00301933 -0.0326177 295.964
15048 12 0.01 0.4 32.9 -0.404104 -0.248218 2.50916 -0.0295884 -0.0192479 295.964
15563 12 0.01 0.4 32.9 -0.4543 0.392853 2.54167 -0.0343859 0.0313425 295.964
15974 12 0.01 0.4 32.9 0.2014 0.235083 3.09041 0.0182573 0.0218556 295.964
16042 12 0.01 0.4 32.9 0.405318 -0.362339 0.617472 0.00689932 -0.00711779 295.964
18593 12 0.01 0.4 32.9 0.266938 0.123641 4.01811 0.0306123 0.0142968 295.964
23857 12 0.01 0.4 32.9 0.386081 0.113339 2.48321 0.0283711 0.0120136 295.964
27613 12 0.01 0.4 32.9 0.361184 0.238039 1.94711 0.0224212 0.0118867 295.964
30972 12 0.01 0.4 32.9 -0.414327 -0.251954 1.39725 -0.0158345 -0.00996179 295.964
31269 12 0.01 0.4 32.9 0.203548 -0.320899 6.05158 0.0405778 -0.0579233 295.964
32856 12 0.01 0.4 32.9 -0.357512 -0.414978 2.51828 -0.0251922 -0.0319868 295.964
34323 12 0.01 0.4 32.9 0.400757 0.144146 1.77373 0.0216349 0.0098471 295.964
35173 12 0.01 0.4 32.9 -0.310865 0.396945 1.40342 -0.0137062 0.0188535 295.964
38250 12 0.01 0.4 32.9 0.00829464 0.455965 1.68537 0.000363886 0.0260409 295.964
39549 12 0.01 0.4 32.9 0.362039 0.339871 1.3444 0.0131102 0.0165666 295.964
44012 12 0.01 0.4 32.9 -0.100596 -0.237131 1.45918 -0.00382325 -0.00849231 295.964
45371 12 0.01 0.4 32.9 0.310239 0.369001 0.781868 0.00672504 0.00863018 295.964
46501 12 0.01 0.4 32.9 -0.369955 -0.476907 3.06746 -0.0339731 -0.043301 295.964
46985 12 0.01 0.4 32.9 0.0377248 -0.135654 2.05784 0.00475339 -0.0099918 295.964
49094 12 0.01 0.4 32.9 -0.0295375 0.287159 3.2934 -0.0031537 0.0302877 295.964
49537 12 0.01 0.4 32.9 0.255151 -0.0871527 3.53672 0.0252488 -0.00857301 295.964
49986 12 0.01 0.4 32.9 -0.0692858 -0.281786 3.94068 -0.00636234 -0.0305917 295.964
54898 12 0.01 0.4 32.9 0.103534 -0.470325 2.77902 0.0071468 -0.0403501 295.964
55259 12 0.01 0.4 32.9 -0.139058 -0.329662 4.99287 -0.0224484 -0.0511285 295.964
55528 12 0.01 0.4 32.9 -0.365485 0.213256 0.722468 -0.0071224 0.00563179 295.964
58059 12 0.01 0.4 32.9 0.223629 0.273951 2.81928 0.0185937 0.0248078 295.964
59616 12 0.01 0.4 32.9 -0.0139191 0.10136 2.67909 -9.70251e-05 0.0117164 295.964
60219 12 0.01 0.4 32.9 0.0380019 -0.183206 2.49011 0.00306381 -0.0123425 295.964
61046 12 0.01 0.4 32.9 -0.231378 -0.178051 0.512392 -0.00314768 -0.00239799 295.964
61311 12 0.01 0.4 32.9 -0.339511 0.211403 6.5032 -0.0683358 0.0408647 295.964
62916 12 0.01 0.4 32.9 -0.286582 0.12098 3.06205 -0.0249178 0.011276 295.964
64135 12 0.01 0.4 32.9 0.41006 -0.112505 3.73138 0.0472222 -0.0118629 295.964
65041 12 0.01 0.4 32.9 -0.307072 -0.263396 1.49489 -0.0134354 -0.0136385 295.964
65227 12 0.01 0.4 32.9 0.167527 0.414328 2.66437 0.0138592 0.0344798 295.964
65646 12 0.01 0.4 32.9 0.47585 0.390254 3.41624 0.0495842 0.042327 295.964
65952 12 0.01 0.4 32.9 0.202568 0.447981 1.65086 0.0115499 0.0209754 295.964
67649 12 0.01 0.4 32.9 -0.443204 0.416412 6.11871 -0.0834689 0.0817142 295.964
69141 12 0.01 0.4 32.9 -0.0737154 -0.119681 3.48859 -0.00721743 -0.0111813 295.964
72201 12 0.01 0.4 32.9 0.18912 0.107674 1.57104 0.00872396 0.00372251 295.964
78270 12 0.01 0.4 32.9 0.172412 -0.143935 1.62013 0.00870884 -0.00758284 295.964
78316 12 0.01 0.4 32.9 -0.0864971 0.488319 2.01618 -0.00500856 0.0284426 295.964
78544 12 0.01 0.4 32.9 0.112613 0.243653 1.56454 0.00380646 0.00978986 295.964
79180 12 0.01 0.4 32.9 -0.124952 0.13343 1.217 -0.00387908 0.00514692 295.964
79303 12 0.01 0.4 32.9 0.12775 0.244884 7.05288 0.027956 0.0543042 295.964
82498 12 0.01 0.4 32.9 -0.452146 0.356912 2.54064 -0.0350595 0.0283259 295.964
83756 12 0.01 0.4 32.9 0.400082 0.364531 5.08561 0.0619111 0.0574686 295.964
84314 12 0.01 0.4 32.9 0.438442 0.339185 2.90769 0.0368527 0.0318123 295.964
84858 12 0.01 0.4 32.9 -0.336054 -0.17872 2.61303 -0.0261343 -0.0142073 295.964
88147 12 0.01 0.4 32.9 -0.246514 0.195415 2.66343 -0.0201712 0.0157732 295.964
91851 12 0.01 0.4 32.9 0.392728 0.397955 1.36977 0.0157594 0.0138777 295.964
94543 12 0.01 0.4 32.9 0.257071 0.084681 2.25289 0.0152489 0.00796503 295.964
95770 12 0.01 0.4 32.9 -0.458739 0.25947 1.79457 -0.0248258 0.0131534 295.964
96315 12 0.01 0.4 32.9 -0.0707918 0.00191681 1.5348 -0.00255346 0.000205384 295.964
99479 12 0.01 0.4 32.9 0.156736 0.451325 2.36055 0.011379 0.0316018 295.964
99744 12 0.01 0.4 32.9 -0.0824922 -0.0239402 2.25218 -0.00384141 0.00100223 295.964
102946 12 0.01 0.4 32.9 -0.0893769 0.0829257 5.33899 -0.0161897 0.0135806 295.964
105389 12 0.01 0.4 32.9 0.0276208 0.477848 10.894 0.00731916 0.157083 295.964
105607 12 0.01 0.4 32.9 -0.251623 -0.370104 2.71281 -0.0210555 -0.0314157 295.964
107249 12 0.01 0.4 32.9 0.224339 -0.305255 2.79221 0.0188999 -0.0248682 295.964
107676 12 0.01 0.4 32.9 -0.37304 -0.467342 3.55785 -0.0411291 -0.0491558 295.964
108203 12 0.01 0.4 32.9 0.436178 0.311894 2.68973 0.0357641 0.0258609 295.964
108986 12 0.01 0.4 32.9 -0.488363 -0.22175 0.649317 -0.00877918 -0.000902558 295.964
112123 12 0.01 0.4 32.9 0.359513 -0.0897859 2.9367 0.0348543 -0.00785431 295.964
114639 12 0.01 0.4 32.9 0.440228 0.165749 0.998601 0.013577 0.00530867 295.964
118218 12 0.01 0.4 32.9 -0.0694307 -0.446941 0.817279 -0.00169666 -0.0110979 295.964
119135 12 0.01 0.4 32.9 0.109572 0.437289 1.32591 0.00360375 0.0188327 295.964
124688 12 0.01 0.4 32.9 -0.488752 -0.000737789 3.48747 -0.0529794 0.0023458 295.964
128736 12 0.01 0.4 32.9 -0.251552 -0.140147 2.35596 -0.018439 -0.0090442 295.964
129062 12 0.01 0.4 32.9 0.247474 0.165881 5.74708 0.0425053 0.030926 295.964
129734 12 0.01 0.4 32.9 -0.214172 0.297823 2.95513 -0.0195018 0.0287568 295.964
132716 12 0.01 0.4 32.9 -0.291791 0.345276 2.74857 -0.027995 0.0292594 295.964
136840 12 0.01 0.4 32.9 -0.447963 0.0316586 2.37447 -0.0327258 0.000840345 295.964
140153 12 0.01 0.4 32.9 -0.186041 -0.134128 1.42687 -0.00909276 -0.00494351 295.964
140611 12 0.01 0.4 32.9 0.330951 -0.460414 0.982035 0.0106381 -0.013753 295.964
140709 12 0.01 0.4 32.9 -0.427221 -0.45893 3.18942 -0.0451464 -0.0449491 295.964
141806 12 0.01 0.4 32.9 0.34182 -0.154139 2.17728 0.020496 -0.0100096 295.964
142857 12 0.01 0.4 32.9 0.414531 -0.0700424 3.47414 0.0420333 -0.00665703 295.964
143318 12 0.01 0.4 32.9 -0.208692 -0.0892714 2.36859 -0.016184 -0.00782181 295.964
145605 12 0.01 0.4 32.9 -0.0292596 0.237979 3.64955 -0.00345547 0.0271515 295.964
148422 12 0.01 0.4 32.9 -0.0370544 0.332001 0.929169 -0.00263691 0.0106731 295.964
148639 12 0.01 0.4 32.9 -0.289205 -0.467859 2.39684 -0.0207324 -0.0327135 295.964
150534 12 0.01 0.4 32.9 0.0312599 0.0522688 2.9156 0.00448421 0.00572931 295.964
151789 12 0.01 0.4 32.9 -0.366724 -0.143986 2.50577 -0.0277846 -0.0102847 295.964
152802 12 0.01 0.4 32.9 -0.192506 0.471412 6.52075 -0.0382766 0.0942977 295.964
153584 12 0.01 0.4 32.9 -0.251952 0.437713 1.89738 -0.0131919 0.0267493 295.964
155137 12 0.01 0.4 32.9 0.144289 -0.11734 3.22391 0.0140286 -0.0121886 295.964
156200 12 0.01 0.4 32.9 0.0663767 -0.305714 3.36463 0.00641923 -0.0302256 295.964
159560 12 0.01 0.4 32.9 0.474376 0.0223268 4.12821 0.0602138 0.00212211 295.964
159933 12 0.01 0.4 32.9 0.0511445 -0.216685 10.1456 0.0155579 -0.0650137 295.964
162284 12 0.01 0.4 32.9 0.462647 0.407229 2.78565 0.0412977 0.0339146 295.964
164939 12 0.01 0.4 32.9 0.135411 0.211665 0.721546 0.00426587 0.00542511 295.964
168272 12 0.01 0.4 32.9 -0.387395 -0.452455 1.95881 -0.0213134 -0.0278042 295.964
176615 12 0.01 0.4 32.9 -0.118335 -0.482081 5.3172 -0.0195575 -0.0794712 295.964
177785 12 0.01 0.4 32.9 -0.440985 -0.0466209 5.5283 -0.0761955 -0.00681912 295.964
181392 12 0.01 0.4 32.9 -0.0518417 -0.295342 3.37004 -0.00550129 -0.0302079 295.964
189888 12 0.01 0.4 32.9 0.407479 -0.388587 7.10247 0.0869819 -0.0817362 295.964
190172 12 0.01 0.4 32.9 0.0606951 -0.444669 4.121 0.0094729 -0.0528961 295.964
191904 12 0.01 0.4 32.9 -0.4612 0.214037 1.91489 -0.0272742 0.0122066 295.964
192476 12 0.01 0.4 32.9 0.0466479 -0.132226 1.67476 0.00130099 -0.00643781 295.964
195406 12 0.01 0.4 32.9 -0.0800259 -0.363115 3.73309 -0.00972051 -0.0397627 295.964
196123 12 0.01 0.4 32.9 0.240976 -0.46624 2.29357 0.0169881 -0.0296219 295.964
197421 12 0.01 0.4 32.9 0.460157 0.188276 0.992691 0.0125396 0.0042658 295.964
197689 12 0.01 0.4 32.9 0.365078 0.131361 3.57672 0.0399146 0.0165343 295.964
200467 12 0.01 0.4 32.9 -0.0730246 0.403238 2.31322 -0.00298379 0.0280626 295.964
203915 12 0.01 0.4 32.9 -0.152186 -0.322303 2.81508 -0.0135481 -0.0252222 295.964
204098 12 0.01 0.4 32.9 -0.175194 0.172275 1.6936 -0.00940904 0.0120825 295.964
204303 12 0.01 0.4 32.9 0.25035 0.426702 2.38881 0.0189518 0.0304703 295.964
209544 12 0.01 0.4 32.9 0.305222 -0.441776 4.00276 0.0374087 -0.0520478 295.964
212030 12 0.01 0.4 32.9 0.469097 -0.48459 3.66758 0.0522161 -0.0545574 295.964
212647 12 0.01 0.4 32.9 -0.462514 0.260715 2.52285 -0.0357587 0.0184209 295.964
213553 12 0.01 0.4 32.9 0.248754 -0.341618 5.29049 0.0416927 -0.054314 295.964
214855 12 0.01 0.4 32.9 -0.498303 0.0946122 7.2522 -0.109371 0.0213997 295.964
215577 12 0.01 0.4 32.9 -0.263802 0.129482 2.77036 -0.0241514 0.0132054 295.964
215865 12 0.01 0.4 32.9 -0.285317 0.475099 4.64542 -0.0396597 0.067662 295.964
216742 12 0.01 0.4 32.9 -0.230219 -0.175438 1.5886 -0.0116312 -0.00898649 295.964
219993 12 0.01 0.4 32.9 -0.467184 0.00205568 3.13762 -0.0468206 0.0007364 295.964
221169 12 0.01 0.4 32.9 -0.18463 0.350158 0.766854 -0.00394982 0.0110168 295.964
221929 12 0.01 0.4 32.9 -0.350321 0.0223241 0.501982 -0.0066119 5.45628e-05 295.964
226903 12 0.01 0.4 32.9 -0.254236 0.194146 1.66967 -0.0116802 0.0102813 295.964
229589 12 0.01 0.4 32.9 -0.362137 0.072898 2.41147 -0.0252375 0.00562368 295.964
234421 12 0.01 0.4 32.9 0.0315893 -0.467834 3.26312 0.00291191 -0.0473065 295.964
236192 12 0.01 0.4 32.9 -0.138247 -0.364536 1.38432 -0.00495191 -0.0155708 295.964
238500 12 0.01 0.4 32.9 0.36003 -0.170029 4.44825 0.0484084 -0.0207694 295.964
238657 12 0.01 0.4 32.9 -0.372465 -0.0378941 4.02052 -0.0447589 -0.0029925 295.964
250515 12 0.01 0.4 32.9 -0.398464 0.190603 0.330665 -0.00212136 0.00281144 295.964
250679 12 0.01 0.4 32.9 0.355358 0.430019 0.856307 0.00977571 0.0104645 295.964
251782 12 0.01 0.4 32.9 -0.191118 0.467603 1.89416 -0.0141614 0.0289301 295.964
254091 12 0.01 0.4 32.9 -0.168159 0.33617 4.05242 -0.0211621 0.0430218 295.964
257953 12 0.01 0.4 32.9 -0.320338 0.475045 1.9923 -0.0192343 0.0317839 295.964
258532 12 0.01 0.4 32.9 -0.164115 -0.251381 2.52795 -0.0121002 -0.0166295 295.964
261715 12 0.01 0.4 32.9 0.223672 0.0640237 1.33022 0.00991658 0.00176676 295.964
267535 12 0.01 0.4 32.9 -0.258236 -0.256256 1.43296 -0.0118965 -0.00962054 295.964
268373 12 0.01 0.4 32.9 0.477741 -0.335967 3.39812 0.0508828 -0.0317681 295.964
273866 12 0.01 0.4 32.9 0.313737 -0.011624 1.82055 0.0177477 -0.00122116 295.964
276124 12 0.01 0.4 32.9 -0.170805 -0.244875 1.62313 -0.0100762 -0.00903198 295.964
276836 12 0.01 0.4 32.9 -0.400163 -0.0963512 1.60057 -0.0180009 -0.00470751 295.964
277245 12 0.01 0.4 32.9 -0.373882 0.45947 2.861 -0.0338439 0.0406209 295.964
279527 12 0.01 0.4 32.9 0.186227 0.0955008 5.91242 0.0328464 0.0159367 295.964
280875 12 0.01 0.4 32.9 0.268843 -0.288438 2.61509 0.0217653 -0.023379 295.964
283268 12 0.01 0.4 32.9 0.362413 0.380278 6.39774 0.0724044 0.0747068 295.964
286471 12 0.01 0.4 32.9 -0.284711 -0.357009 4.80782 -0.0441549 -0.0496999 295.964
289574 12 0.01 0.4 32.9 -0.481494 0.194522 1.96325 -0.027581 0.0118168 295.964
295075 12 0.01 0.4 32.9 -0.163825 0.141306 1.83044 -0.00785494 0.00858818 295.964
299761 12 0.01 0.4 32.9 0.187109 -0.215454 4.0687 0.0236464 -0.0280211 295.964
300044 12 0.01 0.4 32.9 0.445977 0.347386 3.06518 0.0410961 0.0315335 295.964
305637 12 0.01 0.4 32.9 -0.0884097 0.23778 1.39083 -0.00311701 0.0115874 295.964
306429 12 0.01 0.4 32.9 0.305193 0.433442 3.10638 0.0308935 0.0406021 295.964
310130 12 0.01 0.4 32.9 0.175531 -0.490037 2.04565 0.00911796 -0.0292687 295.964
310266 12 0.01 0.4 32.9 0.186728 -0.245518 1.52041 0.00705531 -0.00929198 295.964
313589 12 0.01 0.4 32.9 0.257582 0.0563149 3.13898 0.0254381 0.00360404 295.964
315751 12 0.01 0.4 32.9 0.491665 -0.199802 2.0336 0.0310666 -0.0102664 295.964
321265 12 0.01 0.4 32.9 0.324774 0.151839 3.54176 0.0361263 0.0159601 295.964
324914 12 0.01 0.4 32.9 0.289724 -0.301484 2.50927 0.0215733 -0.0227295 295.964
325539 12 0.01 0.4 32.9 -0.203 -0.293959 2.11857 -0.0113248 -0.0177147 295.964
326845 12 0.01 0.4 32.9 -0.161948 -0.48884 3.34695 -0.0160735 -0.0479162 295.964
329448 12 0.01 0.4 32.9 0.275894 -0.155149 1.8941 0.0154233 -0.00802782 295.964
330208 12 0.01 0.4 32.9 -0.257285 -0.260552 0.627216 -0.00508034 -0.00652374 295.964
333058 12 0.01 0.4 32.9 0.175084 -0.180924 3.65597 0.0191589 -0.019613 295.964
333061 12 0.01 0.4 32.9 -0.453877 0.490015 1.62532 -0.0243335 0.0255576 295.964
333358 12 0.01 0.4 32.9 0.147085 0.491265 5.76407 0.0255178 0.0861141 295.964
336361 12 0.01 0.4 32.9 -0.487962 0.0675077 2.59469 -0.0419254 0.00712824 295.964
336937 12 0.01 0.4 32.9 0.361106 -0.114448 0.67876 0.00884188 -0.00260975 295.964
337965 12 0.01 0.4 32.9 -0.158508 -0.337388 4.33035 -0.0201304 -0.0444176 295.964
339568 12 0.01 0.4 32.9 0.449111 -0.279047 0.860935 0.0123137 -0.0081982 295.964
340827 12 0.01 0.4 32.9 -0.298471 0.115375 1.08472 -0.00930893 0.001838 295.964
341843 12 0.01 0.4 32.9 0.142381 0.0905775 0.97064 0.00713689 0.00524387 295.964
343684 12 0.01 0.4 32.9 -0.250108 0.00410119 19.2194 -0.148537 0.00297467 295.964
345932 12 0.01 0.4 32.9 -0.305191 0.260729 2.14454 -0.0182243 0.0204901 295.964
347189 12 0.01 0.4 32.9 -0.161892 0.0251015 3.46462 -0.0163721 0.00316521 295.964
350158 12 0.01 0.4 32.9 0.388687 -0.414297 4.93561 0.059793 -0.0608176 295.964
350213 12 0.01 0.4 32.9 -0.429216 -0.311797 1.45495 -0.0176352 -0.0139093 295.964
350778 12 0.01 0.4 32.9 -0.064059 0.492485 1.89285 -0.00155174 0.0266776 295.964
354009 12 0.01 0.4 32.9 0.348759 -0.275521 1.71779 0.0175217 -0.0129606 295.964
359531 12 0.01 0.4 32.9 0.117914 0.0539723 1.78061 0.00677974 0.00344449 295.964
363200 12 0.01 0.4 32.9 0.104482 -0.36211 1.96722 0.00739297 -0.0192928 295.964
363261 12 0.01 0.4 32.9 0.0508756 -0.332459 3.08866 0.00523023 -0.0274643 295.964
363531 12 0.01 0.4 32.9 -0.182071 -0.289644 0.681928 -0.00436785 -0.00194933 295.964
364117 12 0.01 0.4 32.9 0.104296 0.0969856 1.14822 0.00277119 0.00319189 295.964
364701 12 0.01 0.4 32.9 -0.338961 0.491099 1.64465 -0.0190785 0.0261667 295.964
365214 12 0.01 0.4 32.9 -0.425784 0.119816 1.50335 -0.0176121 0.0061767 295.964
365256 12 0.01 0.4 32.9 -0.431801 0.180448 4.29921 -0.0545283 0.0248212 295.964
368362 12 0.01 0.4 32.9 -0.310633 -0.49941 1.99654 -0.0175995 -0.0279669 295.964
368682 12 0.01 0.4 32.9 -0.0377934 0.326774 2.95725 -0.000979506 0.0293434 295.964
370824 12 0.01 0.4 32.9 -0.43043 0.404199 1.45003 -0.0224141 0.0180455 295.964
375827 12 0.01 0.4 32.9 -0.0527978 -0.277245 1.95007 -0.00330386 -0.0149066 295.964
375880 12 0.01 0.4 32.9 0.393091 0.01036 2.58329 0.0305617 -0.000135382 295.964
376807 12 0.01 0.4 32.9 -0.345971 0.325794 3.21901 -0.0318656 0.0303719 295.964
377364 12 0.01 0.4 32.9 0.0103034 0.395763 3.62771 0.00367818 0.0458868 295.964
378411 12 0.01 0.4 32.9 0.307284 -0.281788 4.45671 0.0417426 -0.0350316 295.964
381745 12 0.01 0.4 32.9 -0.16396 -0.209424 2.22921 -0.0128499 -0.0144666 295.964
385825 12 0.01 0.4 32.9 0.199832 0.139658 2.64622 0.0161702 0.0111753 295.964
388131 12 0.01 0.4 32.9 0.0658178 -0.132529 1.80724 0.0035088 -0.00651624 295.964
392196 12 0.01 0.4 32.9 -0.363353 0.0151941 2.56185 -0.0264556 0.00277002 295.964
392429 12 0.01 0.4 32.9 0.301141 0.296927 0.72869 0.00492307 0.00494853 295.964
392475 12 0.01 0.4 32.9 0.36048 0.0768231 4.3688 0.0474833 0.00916716 295.964
394671 12 0.01 0.4 32.9 0.465096 -0.0177144 5.92611 0.0842671 -0.000887544 295.964
395680 12 0.01 0.4 32.9 -0.211586 0.164056 3.91192 -0.0250854 0.0178678 295.964
402844 12 0.01 0.4 32.9 -0.142824 -0.309654 1.84309 -0.00854638 -0.0169226 295.964
405501 12 0.01 0.4 32.9 0.442819 0.490631 0.859543 0.00874113 0.015795 295.964
408623 12 0.01 0.4 32.9 -0.0901845 0.365121 4.63383 -0.0119849 0.0505686 295.964
412969 12 0.01 0.4 32.9 -0.0167938 -0.367142 2.5571 -0.00188341 -0.0272077 295.964
415202 12 0.01 0.4 32.9 0.171775 0.011579 2.11934 0.0135029 0.0028575 295.964
416991 12 0.01 0.4 32.9 -0.176274 0.238837 2.33804 -0.0139301 0.0189541 295.964
417382 12 0.01 0.4 32.9 -0.238325 -0.00963228 8.72283 -0.0623414 -0.00214866 295.964
419126 12 0.01 0.4 32.9 -0.115315 -0.320587 2.74416 -0.010265 -0.0276339 295.964
419902 12 0.01 0.4 32.9 -0.343284 0.468633 2.5227 -0.0244626 0.0343971 295.964
420945 12 0.01 0.4 32.9 0.181082 0.194723 6.73554 0.0370283 0.0438759 295.964
424717 12 0.01 0.4 32.9 0.212543 0.484328 1.79696 0.012326 0.0251199 295.964
427018 12 0.01 0.4 32.9 -0.324811 -0.151625 14.2402 -0.140984 -0.0651091 295.964
427263 12 0.01 0.4 32.9 0.360613 -0.199021 1.38858 0.0165992 -0.00865422 295.964
428256 12 0.01 0.4 32.9 0.0643623 0.110711 1.06076 0.00158634 0.00477215 295.964
429915 12 0.01 0.4 32.9 0.466522 -0.124373 3.16894 0.0447153 -0.0117403 295.964
430966 12 0.01 0.4 32.9 -0.083042 -0.159535 2.46479 -0.00773446 -0.0120288 295.964
432874 12 0.01 0.4 32.9 0.00496726 0.359887 5.57273 0.000986177 0.0610749 295.964
432878 12 0.01 0.4 32.9 0.065112 0.15918 3.05578 0.00615879 0.0145967 295.964
435487 12 0.01 0.4 32.9 0.0799945 -0.0952595 1.82102 0.00367051 -0.00442078 295.964
437627 12 0.01 0.4 32.9 0.119899 0.113501 7.75034 0.0301266 0.0274564 295.964
440183 12 0.01 0.4 32.9 -0.311966 -0.184488 0.665632 -0.00727925 -0.00217874 295.964
442571 12 0.01 0.4 32.9 0.431655 -0.215288 1.91084 0.0246152 -0.0124743 295.964
444089 12 0.01 0.4 32.9 -0.39596 -0.188598 2.80334 -0.0359564 -0.0180937 295.964
444857 12 0.01 0.4 32.9 -0.33868 -0.402148 4.00087 -0.0390889 -0.0462376 295.964
445833 12 0.01 0.4 32.9 0.274761 -0.0267675 5.0988 0.0431938 -0.00245946 295.964
446911 12 0.01 0.4 32.9 0.000543291 0.00999339 0.650951 0.000808448 -0.000595124 295.964
451512 12 0.01 0.4 32.9 -0.241532 -0.424293 1.1178 -0.00763341 -0.0126334 295.964
453908 12 0.01 0.4 32.9 -0.461543 -0.0791614 2.69162 -0.0369898 -0.00790734 295.964
454868 12 0.01 0.4 32.9 -0.146992 0.460901 1.03732 -0.00654654 0.0156098 295.964
455255 12 0.01 0.4 32.9 -0.0746569 -0.297977 1.66908 -0.00502076 -0.0151863 295.964
455987 12 0.01 0.4 32.9 -0.0750858 0.131447 0.917988 -0.00185173 0.00317799 295.964
459324 12 0.01 0.4 32.9 -0.00504528 0.0847025 2.06023 -0.000146677 0.00766928 295.964
459802 12 0.01 0.4 32.9 0.413435 0.366284 2.20476 0.0295027 0.0252728 295.964
460848 12 0.01 0.4 32.9 -0.328881 0.316884 3.08481 -0.0323111 0.030077 295.964
461710 12 0.01 0.4 32.9 -0.291339 0.345503 3.31944 -0.0298789 0.0371404 295.964
463432 12 0.01 0.4 32.9 -0.214317 -0.0407275 1.90296 -0.00981829 -0.00247793 295.964
468241 12 0.01 0.4 32.9 0.178324 -0.176686 2.40338 0.012463 -0.0129574 295.964
470183 12 0.01 0.4 32.9 0.282445 -0.128059 2.12849 0.0202498 -0.00623559 295.964
471122 12 0.01 0.4 32.9 -0.105265 -0.0041916 4.53021 -0.0164047 -0.00110119 295.964
472305 12 0.01 0.4 32.9 0.0264479 0.0896396 0.836566 -0.00014101 0.000746751 295.964
473156 12 0.01 0.4 32.9 -0.499563 -0.294942 1.28038 -0.0213632 -0.0114533 295.964
476294 12 0.01 0.4 32.9 0.0458021 -0.0682404 4.03131 0.0053434 -0.00784622 295.964
476428 12 0.01 0.4 32.9 -0.485868 -0.0288611 2.34701 -0.0332944 0.0027058 295.964
476910 12 0.01 0.4 32.9 0.180118 -0.4399 3.48118 0.0180923 -0.0461969 295.964
477137 12 0.01 0.4 32.9 -0.126576 -0.419273 2.6831 -0.0120559 -0.0331514 295.964
479900 12 0.01 0.4 32.9 0.338251 -0.180186 6.48566 0.0652936 -0.0351738 295.964
480060 12 0.01 0.4 32.9 0.313571 -0.399676 7.83556 0.0745885 -0.095799 295.964
480302 12 0.01 0.4 32.9 0.177035 0.286986 0.629451 0.00220395 0.00521035 295.964
481816 12 0.01 0.4 32.9 -0.299898 0.01506 1.06651 -0.00721601 0.00241509 295.964
482261 12 0.01 0.4 32.9 -0.415373 0.14948 2.51727 -0.0287875 0.0148568 295.964
484311 12 0.01 0.4 32.9 -0.124519 -0.0146711 1.0394 -0.00365285 0.000345413 295.964
486552 12 0.01 0.4 32.9 -0.211341 -0.323399 3.52873 -0.0240492 -0.0350529 295.964
487692 12 0.01 0.4 32.9 0.163966 0.0242908 1.12998 0.00386352 -0.000742908 295.964
488749 12 0.01 0.4 32.9 0.111838 -0.245538 3.94567 0.0133948 -0.0295912 295.964
488790 12 0.01 0.4 32.9 -0.33892 -0.392644 1.47309 -0.0148335 -0.0178076 295.964
489306 12 0.01 0.4 32.9 0.0228723 0.487993 5.17203 0.0059271 0.0763896 295.964
490884 12 0.01 0.4 32.9 -0.2741 -0.460458 4.22944 -0.0364905 -0.0603676 295.964
495337 12 0.01 0.4 32.9 0.0995892 0.260029 2.27869 0.00837464 0.0207717 295.964
498603 12 0.01 0.4 32.9 0.459493 -0.100665 2.31019 0.0329719 -0.00285468 295.964
498719 12 0.01 0.4 32.9 0.233317 0.226667 0.849855 0.00566732 0.00794555 295.964
499033 12 0.01 0.4 32.9 0.0783213 0.486582 5.58168 0.0125623 0.0844688 295.964
499608 12 0.01 0.4 32.9 -0.217937 -0.414226 1.81614 -0.0109178 -0.0225918 295.964
499622 12 0.01 0.4 32.9 -0.350556 -0.0322245 2.31947 -0.0251664 -0.000879201 295.964
