501127 12 0.01 0.4 32.9 0.00700719 -0.403994 0.589093 -0.00313839 -0.00556009 314.032
503437 12 0.01 0.4 32.9 -0.31899 -0.464807 2.55725 -0.0259223 -0.0341273 314.852
503460 12 0.01 0.4 32.9 0.389092 -0.0803801 3.47146 0.042262 -0.00652134 330.092
503650 12 0.01 0.4 32.9 -0.285329 -0.0655887 1.04739 -0.00924753 -0.00221899 322.378
504221 12 0.01 0.4 32.9 -0.406091 -0.226276 3.16184 -0.0396255 -0.021956 330.21
504228 12 0.01 0.4 32.9 -0.17414 -0.433455 2.75973 -0.0156525 -0.0368427 311.321
504786 12 0.01 0.4 32.9 0.162744 -0.0847258 2.04698 0.00932991 -0.00745663 360.429
504794 12 0.01 0.4 32.9 -0.0583933 0.0320924 1.19357 -0.00159469 0.00152621 316.965
505153 12 0.01 0.4 32.9 -0.218505 -0.252815 1.70989 -0.00851549 -0.0110691 339.533
506196 12 0.01 0.4 32.9 0.413 0.300647 3.24075 0.0400412 0.0263562 327.997
507025 12 0.01 0.4 32.9 0.169512 -0.453496 2.68177 0.0143551 -0.0401194 328.387
507494 12 0.01 0.4 32.9 -0.0892843 0.441113 1.70501 -0.00500141 0.024956 334.371
507690 12 0.01 0.4 32.9 0.366985 0.220037 2.72815 0.0298543 0.0188306 301.424
510587 12 0.01 0.4 32.9 0.39406 0.160961 2.19522 0.0278776 0.0100078 343.323
511084 12 0.01 0.4 32.9 -0.365407 0.123335 0.891886 -0.0093446 0.00345063 339.027
513848 12 0.01 0.4 32.9 -0.485502 -0.36689 0.854827 -0.011419 -0.00947125 305.774
515453 12 0.01 0.4 32.9 0.094967 -0.267037 0.994415 0.00392926 -0.00979735 328.547
515943 12 0.01 0.4 32.9 -0.0415777 -0.428673 11.4048 -0.0112899 -0.152412 297.377
518119 12 0.01 0.4 32.9 0.0545674 0.113995 1.01698 0.00249712 0.00340533 354.194
518514 12 0.01 0.4 32.9 -0.31543 0.0972296 1.95357 -0.0196708 0.00778047 359.212
519430 12 0.01 0.4 32.9 -0.091376 0.480523 2.48081 -0.00685619 0.0325732 340.254
519445 12 0.01 0.4 32.9 0.075317 -0.431673 3.20042 0.00802354 -0.0454459 317.973
519898 12 0.01 0.4 32.9 -0.104533 0.230632 1.84338 -0.00658885 0.0153921 321.211
519968 12 0.01 0.4 32.9 0.0565189 -0.459447 4.28396 0.00773225 -0.0597175 306.195
521215 12 0.01 0.4 32.9 0.147278 0.412296 1.39988 0.00625149 0.0166552 357.606
521449 12 0.01 0.4 32.9 -0.120051 -0.436424 3.31791 -0.0130025 -0.0444691 317.184
524890 12 0.01 0.4 32.9 -0.384707 0.0412425 3.20043 -0.0338576 0.00409239 306.714
525572 12 0.01 0.4 32.9 -0.487614 -0.294136 1.33628 -0.0204873 -0.01122 322.041
528204 12 0.01 0.4 32.9 -0.315574 -0.373052 2.5916 -0.0239132 -0.028927 353.635
529551 12 0.01 0.4 32.9 -0.0759345 -0.489904 4.29634 -0.00911705 -0.0646224 304.819
530758 12 0.01 0.4 32.9 0.357173 0.333911 2.49234 0.024841 0.0279508 317.117
532316 12 0.01 0.4 32.9 0.374384 0.326659 4.33314 0.0497798 0.0425322 318.781
532364 12 0.01 0.4 32.9 0.153567 0.486171 2.71142 0.0108645 0.0379435 350.488
534256 12 0.01 0.4 32.9 0.0718364 -0.32196 1.09488 0.000864739 -0.01458 312.018
534467 12 0.01 0.4 32.9 -0.378124 -0.0280407 1.00093 -0.0122089 0.00102666 321.119
535270 12 0.01 0.4 32.9 -0.203289 -0.417882 0.966144 -0.00495512 -0.0117666 315.885
535692 12 0.01 0.4 32.9 0.261967 -0.354509 2.80623 0.0239002 -0.0266452 310.984
536478 12 0.01 0.4 32.9 -0.114248 0.0843684 4.11404 -0.0131111 0.00920263 302.111
536895 12 0.01 0.4 32.9 0.0527143 0.312966 6.79203 0.0104683 0.0655934 304.247
537170 12 0.01 0.4 32.9 0.187592 -0.0777335 3.8172 0.0209214 -0.00820171 312.09
537247 12 0.01 0.4 32.9 -0.499487 -0.440483 3.41526 -0.0536997 -0.0462268 334.671
538213 12 0.01 0.4 32.9 -0.125078 0.0155396 1.67399 -0.00599184 0.00077059 356.14
538662 12 0.01 0.4 32.9 0.0457793 -0.401342 1.8289 0.0021717 -0.0227477 310.943
538733 12 0.01 0.4 32.9 -0.401392 -0.39163 3.99335 -0.0489841 -0.046218 320.275
541001 12 0.01 0.4 32.9 -0.333815 0.229119 1.35902 -0.0152222 0.00776942 331.591
541363 12 0.01 0.4 32.9 0.182611 0.228101 1.36533 0.0094798 0.00999341 356.955
541490 12 0.01 0.4 32.9 -0.207406 -0.0298504 1.22687 -0.0060228 -0.0018476 332.386
541732 12 0.01 0.4 32.9 0.118566 0.345936 4.39344 0.0165093 0.0477765 301.679
542850 12 0.01 0.4 32.9 0.00439181 -0.0800976 2.84126 0.000171434 -0.00715723 307.994
544136 12 0.01 0.4 32.9 -0.101317 0.276964 1.38294 -0.00319648 0.0088736 305.396
545734 12 0.01 0.4 32.9 -0.293059 -0.159209 2.8331 -0.0281924 -0.0133685 308.706
546864 12 0.01 0.4 32.9 0.140311 -0.148776 2.23601 0.00943784 -0.0093542 331.425
550090 12 0.01 0.4 32.9 -0.0132008 -0.453749 2.11595 -0.000128504 -0.028604 332.873
550114 12 0.01 0.4 32.9 -0.464907 -0.277117 1.74215 -0.022744 -0.0154654 364.193
550393 12 0.01 0.4 32.9 -0.435042 0.0515908 3.25003 -0.0451212 0.00527492 331.392
550633 12 0.01 0.4 32.9 -0.0146602 -0.453229 10.0921 -0.00205893 -0.138221 299.638
551638 12 0.01 0.4 32.9 -0.176236 -0.246423 5.10798 -0.0276202 -0.0368443 314.205
552004 12 0.01 0.4 32.9 -0.0406917 0.361483 3.55699 -0.00472069 0.0367582 310.24
552104 12 0.01 0.4 32.9 -0.267733 -0.426741 3.27486 -0.026146 -0.0418871 333.937
552882 12 0.01 0.4 32.9 -0.0463326 0.0602099 6.0537 -0.00904246 0.00943821 305.457
553166 12 0.01 0.4 32.9 0.189642 0.187129 2.78636 0.017232 0.0172098 315.125
553339 12 0.01 0.4 32.9 -0.0323194 -0.228457 0.774748 -0.000986384 -0.00532629 347.118
554466 12 0.01 0.4 32.9 -0.321721 0.408253 1.39658 -0.0131234 0.0184905 323.855
555312 12 0.01 0.4 32.9 -0.00519787 0.100178 1.36409 -0.000135211 0.00308942 321.793
555379 12 0.01 0.4 32.9 0.12981 0.176239 0.928455 0.00206097 0.00626413 333.019
557043 12 0.01 0.4 32.9 -0.299703 -0.350485 2.52694 -0.0232772 -0.0264103 324.914
557353 12 0.01 0.4 32.9 -0.081379 -0.38924 4.37315 -0.00893014 -0.0515129 309.574
557768 12 0.01 0.4 32.9 -0.214031 -0.275624 1.52525 -0.00902501 -0.013829 309.717
558449 12 0.01 0.4 32.9 0.078247 -0.33732 1.68026 0.00589228 -0.0203265 356.204
560700 12 0.01 0.4 32.9 -0.24203 0.25687 1.94327 -0.0142918 0.0175833 357.261
561345 12 0.01 0.4 32.9 -0.248191 -0.0615313 1.84107 -0.0149578 -0.00137202 341.5
561355 12 0.01 0.4 32.9 -0.0471125 -0.13094 2.35748 -0.00448135 -0.0111069 308.241
561618 12 0.01 0.4 32.9 0.135408 0.205576 3.021 0.0117667 0.0185672 310.4
561978 12 0.01 0.4 32.9 -0.476664 -0.37178 0.264499 0.000969327 -0.00229536 299.992
562912 12 0.01 0.4 32.9 0.205472 0.281325 2.5055 0.0170164 0.0222906 308.795
563527 12 0.01 0.4 32.9 -0.0195533 0.151598 2.52365 -0.000716779 0.00919786 345.825
565245 12 0.01 0.4 32.9 0.0501749 0.483531 1.67479 0.0051728 0.0257203 323.749
566954 12 0.01 0.4 32.9 0.172442 -0.467003 1.60859 0.00805291 -0.0224779 322.801
568931 12 0.01 0.4 32.9 0.301787 0.29424 2.72104 0.023009 0.0247616 339.805
569909 12 0.01 0.4 32.9 0.236773 0.410271 7.8921 0.0546623 0.100641 301.379
571943 12 0.01 0.4 32.9 0.0401384 -0.124389 2.68866 0.00313144 -0.0119032 343.098
574768 12 0.01 0.4 32.9 0.267405 0.327206 2.08656 0.0146958 0.0206305 358.027
575440 12 0.01 0.4 32.9 0.480137 0.381847 7.74157 0.11307 0.0875187 302.859
577790 12 0.01 0.4 32.9 0.473693 0.143716 6.37214 0.0913439 0.0277614 303.5
577989 12 0.01 0.4 32.9 -0.29509 0.211853 2.20455 -0.0197847 0.0113048 312.497
578079 12 0.01 0.4 32.9 0.218037 -0.0905531 1.87422 0.014586 -0.0062591 351.006
579059 12 0.01 0.4 32.9 0.396113 0.163015 6.72655 0.0801267 0.0348273 303.741
580171 12 0.01 0.4 32.9 -0.017003 0.0336468 3.71629 -0.00381958 0.00430221 316.834
581696 12 0.01 0.4 32.9 0.170161 -0.46738 0.509466 0.00368086 -0.00615927 309.437
582219 12 0.01 0.4 32.9 -0.291117 0.327358 1.20331 -0.0100638 0.0118361 345.327
582232 12 0.01 0.4 32.9 -0.306029 0.360544 1.23065 -0.0115654 0.0123753 340.505
582392 12 0.01 0.4 32.9 0.0807842 -0.48844 1.21076 0.00272453 -0.0186669 333.635
584218 12 0.01 0.4 32.9 0.226423 -0.171735 1.1683 0.00965726 -0.00669042 340.081
584998 12 0.01 0.4 32.9 -0.448251 0.250514 1.92401 -0.0248183 0.0152936 339.718
586388 12 0.01 0.4 32.9 -0.309286 -0.019406 3.36841 -0.0326894 -0.00269507 309.996
586778 12 0.01 0.4 32.9 0.283779 0.48606 2.25668 0.0208083 0.035118 331.198
588435 12 0.01 0.4 32.9 -0.0121016 0.158713 4.15916 -0.00248978 0.0224697 317.676
589160 12 0.01 0.4 32.9 0.460437 0.2023 2.595 0.0378139 0.0164772 321.065
590667 12 0.01 0.4 32.9 0.0809532 0.39268 7.4188 0.0196116 0.0884168 297.563
591422 12 0.01 0.4 32.9 0.0948654 -0.16065 2.79859 0.00899887 -0.0133335 318.464
591621 12 0.01 0.4 32.9 0.0749972 0.342995 2.17783 0.0033001 0.0232366 317.404
592567 12 0.01 0.4 32.9 -0.0208914 0.210508 2.3698 -0.00132496 0.0157066 309.265
593603 12 0.01 0.4 32.9 0.0147665 0.293319 2.44829 0.00338376 0.0224925 321.879
594693 12 0.01 0.4 32.9 -0.365838 0.170398 1.69922 -0.0211451 0.00677407 358.243
595191 12 0.01 0.4 32.9 0.409042 -0.355568 3.32827 0.0423002 -0.0367705 319.997
596289 12 0.01 0.4 32.9 -0.163737 0.466361 1.18403 -0.00554956 0.0160044 331.57
596392 12 0.01 0.4 32.9 0.361724 0.074349 2.27552 0.0256917 0.00339082 318.45
597029 12 0.01 0.4 32.9 0.225002 0.155098 1.66428 0.0104074 0.00859952 317.474
597069 12 0.01 0.4 32.9 -0.42493 -0.39942 3.40231 -0.0445606 -0.0406201 325.736
599549 12 0.01 0.4 32.9 0.42712 -0.260005 1.9405 0.0251048 -0.0158241 353.379
599995 12 0.01 0.4 32.9 -0.243886 -0.230631 2.80927 -0.0199145 -0.0200625 316.816
602768 12 0.01 0.4 32.9 0.0677773 -0.426627 1.77422 0.00170637 -0.0217232 319.002
605665 12 0.01 0.4 32.9 0.353899 0.457437 4.40289 0.0473908 0.060418 317.078
605682 12 0.01 0.4 32.9 -0.3155 0.124479 3.09996 -0.0283817 0.0103306 321.713
606069 12 0.01 0.4 32.9 -0.0182477 0.10884 0.737893 -0.00122284 0.00191775 323.887
606495 12 0.01 0.4 32.9 0.121748 -0.484484 0.668634 0.00203498 -0.00992916 305.253
607155 12 0.01 0.4 32.9 -0.25511 -0.151763 4.38004 -0.0334622 -0.0231114 307.238
608651 12 0.01 0.4 32.9 0.159141 -0.0238986 3.786 0.0179898 -0.00351533 325.037
609756 12 0.01 0.4 32.9 -0.283653 -0.00552747 1.83851 -0.01594 0.00255863 339.528
610691 12 0.01 0.4 32.9 -0.261702 -0.112321 5.98405 -0.0464439 -0.0243093 309.52
611212 12 0.01 0.4 32.9 -0.479721 -0.198577 2.56098 -0.0371682 -0.0149099 341.416
612619 12 0.01 0.4 32.9 -0.093906 -0.0596847 2.11429 -0.00400347 -0.00109579 353.969
613764 12 0.01 0.4 32.9 -0.366737 -0.334568 0.828711 -0.0109355 -0.00789326 330.407
613782 12 0.01 0.4 32.9 0.351737 0.104015 1.32789 0.0134628 0.00603818 357.485
614139 12 0.01 0.4 32.9 0.120998 0.194065 1.41938 0.0037694 0.00646834 353.557
614626 12 0.01 0.4 32.9 -0.318545 -0.28866 2.50373 -0.0212451 -0.0240742 356.1
614799 12 0.01 0.4 32.9 -0.00668752 0.25531 2.27725 -0.00184685 0.016643 352.254
617873 12 0.01 0.4 32.9 -0.162346 0.0741552 2.28129 -0.00806104 0.00440064 345.913
617998 12 0.01 0.4 32.9 0.240989 -0.201549 2.89177 0.0235046 -0.0199512 343.457
618121 12 0.01 0.4 32.9 -0.0133722 -0.38243 1.78968 -0.00276577 -0.0222838 306.642
618240 12 0.01 0.4 32.9 0.0294749 0.309821 3.43758 0.00322368 0.0326072 326.904
618532 12 0.01 0.4 32.9 -0.185764 0.319858 3.74709 -0.0207378 0.0359684 316.805
618539 12 0.01 0.4 32.9 -0.364138 0.215796 2.13305 -0.0215137 0.012475 354.769
618662 12 0.01 0.4 32.9 -0.207328 -0.351209 2.7458 -0.0168774 -0.0306077 340.012
618729 12 0.01 0.4 32.9 0.40388 0.153428 1.95221 0.0240141 0.0110193 314.671
618931 12 0.01 0.4 32.9 0.223277 -0.130698 1.9176 0.0109161 -0.00989745 337.277
619125 12 0.01 0.4 32.9 0.028577 -0.155101 1.23443 0.000700289 -0.00592627 355.959
620069 12 0.01 0.4 32.9 0.250236 0.100726 2.31549 0.0193284 0.00595371 355.223
620514 12 0.01 0.4 32.9 -0.332344 -0.144718 3.61793 -0.0355086 -0.0173519 331.734
620555 12 0.01 0.4 32.9 -0.210651 0.257422 1.59105 -0.011531 0.0147316 352.065
621262 12 0.01 0.4 32.9 -0.207812 0.497417 2.78336 -0.0176991 0.0438223 327.053
621705 12 0.01 0.4 32.9 0.161712 0.468295 1.46843 0.00768349 0.0210603 328.423
622944 12 0.01 0.4 32.9 0.226511 0.032899 1.92001 0.010666 0.00182355 340.114
623013 12 0.01 0.4 32.9 -0.401763 -0.0500608 2.15533 -0.0255337 -0.00428955 341.859
623279 12 0.01 0.4 32.9 -0.42833 0.0161919 1.18342 -0.0155704 0.000751687 350.437
623349 12 0.01 0.4 32.9 -0.386342 0.258684 4.50407 -0.0535603 0.0359229 300.101
625318 12 0.01 0.4 32.9 0.0325178 0.0701917 0.980088 -0.000278005 0.00406169 318.612
627914 12 0.01 0.4 32.9 0.0852932 0.173873 2.11864 0.00662424 0.00836087 331.774
628789 12 0.01 0.4 32.9 -0.448908 0.167787 0.958923 -0.0137975 0.00791278 336.797
629451 12 0.01 0.4 32.9 -0.10219 -0.0607739 0.921655 -0.00377504 -0.00318858 339.732
630087 12 0.01 0.4 32.9 0.162904 0.489082 1.88999 0.0093716 0.0274705 327.375
630725 12 0.01 0.4 32.9 -0.388245 0.248319 2.14185 -0.0251309 0.0185281 313.684
631569 12 0.01 0.4 32.9 -0.253622 0.12286 0.784691 -0.00554809 0.00200486 327.448
631619 12 0.01 0.4 32.9 0.459584 -0.428812 1.92889 0.0257628 -0.0281534 327.132
634362 12 0.01 0.4 32.9 -0.493732 -0.373137 3.37903 -0.0522587 -0.0357879 316.904
634526 12 0.01 0.4 32.9 0.382406 -0.346204 2.14262 0.0233953 -0.0200442 346.568
635944 12 0.01 0.4 32.9 -0.31308 0.4844 4.99205 -0.0495672 0.0729731 301.945
637108 12 0.01 0.4 32.9 -0.484375 0.123832 2.07632 -0.0316054 0.0101379 333.526
637651 12 0.01 0.4 32.9 -0.075601 0.475486 1.7411 -0.00180905 0.0272005 347.113
638121 12 0.01 0.4 32.9 0.126575 0.189873 4.33652 0.0164613 0.0250653 319.704
638818 12 0.01 0.4 32.9 -0.297972 -0.0819425 4.76754 -0.0431422 -0.0125509 315.718
640220 12 0.01 0.4 32.9 -0.460943 -0.352693 6.23524 -0.088393 -0.0669181 303.769
642242 12 0.01 0.4 32.9 -0.0417711 -0.0374886 2.61033 -0.00521215 -0.00186243 321.322
643322 12 0.01 0.4 32.9 -0.0762015 -0.398317 4.48213 -0.00990146 -0.0540917 307.128
644234 12 0.01 0.4 32.9 0.0634914 -0.364148 5.68228 0.00991212 -0.0632645 308.194
645580 12 0.01 0.4 32.9 -0.346561 0.193188 5.84405 -0.0626308 0.034906 301.44
645644 12 0.01 0.4 32.9 -0.181621 0.236755 1.1479 -0.00687918 0.00736052 349.105
645734 12 0.01 0.4 32.9 -0.359029 0.179638 2.15324 -0.0244157 0.0102936 341.949
646415 12 0.01 0.4 32.9 -0.295048 -0.0967541 2.27684 -0.022596 -0.0082399 314.711
647591 12 0.01 0.4 32.9 -0.133307 0.0957763 0.692705 0.00191184 0.00340642 318.96
648432 12 0.01 0.4 32.9 -0.0481957 0.271086 2.92274 -0.00388567 0.0206063 310.618
648564 12 0.01 0.4 32.9 0.353579 -0.179706 1.11108 0.0124562 -0.00864764 324.362
651134 12 0.01 0.4 32.9 -0.0587891 -0.359723 2.17561 -0.00394028 -0.022583 323.804
652129 12 0.01 0.4 32.9 -0.220951 0.143858 1.1447 -0.00583587 0.00467726 312.181
652960 12 0.01 0.4 32.9 0.0388304 -0.0454312 2.21113 0.00260501 -0.00407217 338.831
653172 12 0.01 0.4 32.9 0.0985603 -0.116319 3.12132 0.0106432 -0.0131513 329.946
653415 12 0.01 0.4 32.9 0.29384 0.0929844 0.857036 0.0107094 0.0029919 326.201
654866 12 0.01 0.4 32.9 0.0129613 0.148791 1.23739 0.000461376 0.00491005 349.529
656001 12 0.01 0.4 32.9 0.195713 0.378545 1.17325 0.0045825 0.0126487 347.374
656454 12 0.01 0.4 32.9 0.0201782 0.361425 5.94623 0.00573515 0.065979 306.193
657714 12 0.01 0.4 32.9 0.0227786 -0.267855 3.52884 0.00232835 -0.0274305 301.412
657751 12 0.01 0.4 32.9 0.338907 0.258515 0.764405 0.00687895 0.00536101 311.811
659819 12 0.01 0.4 32.9 -0.426996 -0.0778465 4.3829 -0.058166 -0.00995851 306.628
662204 12 0.01 0.4 32.9 -0.00213047 0.484454 3.34624 0.000415895 0.0473449 320.62
663209 12 0.01 0.4 32.9 0.313108 -0.204977 2.38858 0.0240502 -0.01471 333.714
664092 12 0.01 0.4 32.9 -0.0977462 0.119236 0.983757 -0.00515049 0.00421811 338.687
665537 12 0.01 0.4 32.9 0.367337 0.173933 3.00742 0.0342789 0.0163996 333.105
666376 12 0.01 0.4 32.9 -0.0991206 0.264717 2.0996 -0.0068611 0.01819 358.965
666476 12 0.01 0.4 32.9 0.481133 -0.0134834 2.08795 0.0310135 -0.000496724 323.368
666498 12 0.01 0.4 32.9 -0.386365 -0.286854 2.43374 -0.0276471 -0.0201675 309.141
666733 12 0.01 0.4 32.9 -0.231548 0.212141 0.909399 -0.0040937 0.00485226 331.662
667414 12 0.01 0.4 32.9 0.344347 0.288568 0.836225 0.00836006 0.0065787 322.073
668393 12 0.01 0.4 32.9 -0.215048 -0.0971303 1.60613 -0.00968901 -0.00522193 345.901
670206 12 0.01 0.4 32.9 0.123512 -0.457178 0.986195 0.00676142 -0.0133883 325.642
670285 12 0.01 0.4 32.9 0.390001 -0.464001 3.14249 0.0380511 -0.0443033 315.488
670334 12 0.01 0.4 32.9 -0.391065 -0.394213 2.17148 -0.0240813 -0.025845 320.183
670404 12 0.01 0.4 32.9 0.167501 0.42651 3.23524 0.0186112 0.039248 327.319
670647 12 0.01 0.4 32.9 -0.115599 -0.0430285 2.69293 -0.00898708 -0.00350723 341.139
673322 12 0.01 0.4 32.9 0.238481 0.0876281 1.63405 0.0106845 0.0038095 301.303
673643 12 0.01 0.4 32.9 -0.433842 0.447702 1.65673 -0.0244903 0.0219088 360.367
674933 12 0.01 0.4 32.9 -0.471595 -0.306946 3.58262 -0.0524071 -0.0325276 311.624
675582 12 0.01 0.4 32.9 -0.48858 -0.494994 3.34959 -0.0485292 -0.0523422 329.76
677804 12 0.01 0.4 32.9 -0.257871 -0.392225 5.60749 -0.0439059 -0.0699268 308.61
679664 12 0.01 0.4 32.9 -0.102497 0.421205 2.38416 -0.00967298 0.0330304 337.403
679942 12 0.01 0.4 32.9 -0.492872 0.391298 1.62925 -0.0252674 0.0193198 310.999
680108 12 0.01 0.4 32.9 0.273498 -0.21089 2.66973 0.0231967 -0.0163781 317.394
685575 12 0.01 0.4 32.9 0.154799 0.24912 1.38158 0.00693956 0.0102936 324.622
687536 12 0.01 0.4 32.9 0.11072 0.27649 2.04975 0.00685813 0.0181277 358.238
687836 12 0.01 0.4 32.9 0.203484 0.483167 1.11346 0.00865246 0.01812 312.765
687951 12 0.01 0.4 32.9 0.00764517 -0.207874 5.42331 0.00067347 -0.0326264 305.5
689554 12 0.01 0.4 32.9 -0.0498022 0.464251 3.12307 -0.00458096 0.0467605 331.299
690439 12 0.01 0.4 32.9 0.401411 0.163832 0.88062 0.00901876 0.00477475 332.717
691640 12 0.01 0.4 32.9 0.403346 0.353764 1.22647 0.016775 0.0117287 334.095
692762 12 0.01 0.4 32.9 -0.450156 0.389234 1.26424 -0.016809 0.016285 341.056
694256 12 0.01 0.4 32.9 0.216574 -0.0571586 1.74026 0.0116 -0.0016866 305.224
694947 12 0.01 0.4 32.9 -0.18614 0.272463 2.34759 -0.0160095 0.0193437 352.495
697836 12 0.01 0.4 32.9 0.436594 -0.459663 1.96051 0.0229049 -0.0285429 347.643
698004 12 0.01 0.4 32.9 0.112835 0.0505846 2.45325 0.00650754 0.0022758 333.955
698496 12 0.01 0.4 32.9 0.220563 0.344958 1.88144 0.0154084 0.0185996 328.873
698630 12 0.01 0.4 32.9 -0.493533 -0.241937 3.33755 -0.0485824 -0.023359 325.861
700388 12 0.01 0.4 32.9 -0.355504 0.349475 5.2612 -0.0573719 0.0575589 305.82
703511 12 0.01 0.4 32.9 0.460748 -0.120108 2.27799 0.0318898 -0.00965256 340.73
703702 12 0.01 0.4 32.9 0.0989916 0.184738 2.64673 0.00850288 0.0172496 313.649
704252 12 0.01 0.4 32.9 0.195617 0.362288 1.87457 0.010882 0.0177808 330.901
704305 12 0.01 0.4 32.9 0.222765 0.295014 2.9425 0.0205831 0.025675 343.423
708036 12 0.01 0.4 32.9 0.276445 0.174509 2.46555 0.0193331 0.0123422 340.882
709084 12 0.01 0.4 32.9 -0.0647855 -0.384158 0.681706 -2.94511e-05 -0.00596942 311.104
709280 12 0.01 0.4 32.9 0.254155 -0.418147 1.45266 0.0109695 -0.0198408 322.176
709545 12 0.01 0.4 32.9 0.47161 0.444161 5.98762 0.0844756 0.0789016 307.679
709765 12 0.01 0.4 32.9 0.281948 -0.351619 1.91444 0.0144871 -0.0166722 333.077
711415 12 0.01 0.4 32.9 -0.405664 0.197013 2.06745 -0.0247832 0.0102249 334.533
711875 12 0.01 0.4 32.9 0.277104 -0.146819 1.29047 0.0118211 -0.00366904 311.62
714109 12 0.01 0.4 32.9 -0.188831 -0.450298 1.40977 -0.0106866 -0.018123 324.584
716175 12 0.01 0.4 32.9 -0.488975 0.387036 1.97434 -0.0282298 0.0234249 319.392
718970 12 0.01 0.4 32.9 -0.325711 0.184455 2.20569 -0.0214369 0.0127222 333.484
720662 12 0.01 0.4 32.9 0.291562 -0.0247559 0.803325 0.00666094 -0.00145196 328.214
721868 12 0.01 0.4 32.9 0.0728349 -0.448689 1.29126 0.0042417 -0.0177587 309.385
722172 12 0.01 0.4 32.9 -0.303538 -0.35047 1.62079 -0.0158424 -0.0164358 343.162
722436 12 0.01 0.4 32.9 0.123023 0.0670424 0.489458 0.0046069 0.00144448 318.691
722720 12 0.01 0.4 32.9 -0.107777 0.392535 2.36466 -0.00837322 0.0305068 350.47
722878 12 0.01 0.4 32.9 0.0549321 0.34678 3.84151 0.00630255 0.0419135 319.006
723347 12 0.01 0.4 32.9 -0.207397 -0.247665 0.930683 -0.00885347 -0.00426119 329.729
724523 12 0.01 0.4 32.9 0.0888906 -0.0129351 3.5798 0.0095131 -0.0014525 330.501
725072 12 0.01 0.4 32.9 -0.074089 -0.177116 2.50091 -0.00359143 -0.0116848 310.953
726807 12 0.01 0.4 32.9 0.0860772 -0.44953 1.51728 0.00252617 -0.0212759 315.558
727572 12 0.01 0.4 32.9 -0.186898 -0.183859 2.31345 -0.0146673 -0.0122698 347.839
728863 12 0.01 0.4 32.9 0.123011 0.117271 2.30446 0.0103834 0.0103169 348.787
729259 12 0.01 0.4 32.9 -0.00418554 0.237614 2.29173 -0.000660068 0.0158985 336.131
729509 12 0.01 0.4 32.9 -0.203268 0.102792 2.46495 -0.0149262 0.00461295 356.199
730903 12 0.01 0.4 32.9 0.357883 0.422677 0.247019 0.00375635 0.000846539 315.847
731017 12 0.01 0.4 32.9 -0.0790048 0.263048 1.06828 -0.000258743 0.00491925 301.296
733297 12 0.01 0.4 32.9 -0.0426336 0.369746 1.06413 -0.000751792 0.0120489 302.013
734369 12 0.01 0.4 32.9 -0.126572 0.460675 1.92682 -0.00773952 0.0285688 342.577
735716 12 0.01 0.4 32.9 -0.448949 0.230937 4.04676 -0.0544966 0.0288203 311.21
735742 12 0.01 0.4 32.9 0.0189044 0.423645 8.48701 0.00362175 0.108149 301.615
738415 12 0.01 0.4 32.9 0.262689 -0.429896 1.30032 0.00952425 -0.0166135 347.67
739209 12 0.01 0.4 32.9 -0.231934 -0.354584 0.889925 -0.00681881 -0.00994565 300.476
739254 12 0.01 0.4 32.9 0.392782 -0.114781 3.18776 0.0369035 -0.0112139 307.026
739911 12 0.01 0.4 32.9 -0.154914 0.0652019 1.62823 -0.0085044 0.00486908 326.299
741664 12 0.01 0.4 32.9 0.29725 -0.252942 1.12788 0.0108751 -0.00599225 336.8
742695 12 0.01 0.4 32.9 -0.349091 -0.439049 0.491585 -0.00455501 -0.00427561 319.789
743422 12 0.01 0.4 32.9 -0.36863 0.0121357 7.04645 -0.0770961 0.00449959 300.417
744287 12 0.01 0.4 32.9 -0.164105 -0.13556 1.77478 -0.0111999 -0.00668621 325.42
745349 12 0.01 0.4 32.9 -0.0629714 0.0153763 1.79541 -0.00456785 0.000204466 336.028
745522 12 0.01 0.4 32.9 -0.0380728 -0.167469 3.24335 -0.0023105 -0.0176985 333.274
746592 12 0.01 0.4 32.9 -0.413682 0.461898 3.50521 -0.046905 0.0528767 311.288
748621 12 0.01 0.4 32.9 -0.0192509 -0.234003 1.98157 -0.0016756 -0.0171257 305.822
748886 12 0.01 0.4 32.9 -0.474391 -0.326573 3.54422 -0.0517259 -0.0349808 301.352
750946 12 0.01 0.4 32.9 0.397895 -0.130055 1.75241 0.0198742 -0.00493494 342.212
754466 12 0.01 0.4 32.9 -0.0409368 -0.156453 2.03897 0.000280151 -0.0106915 334.627
754875 12 0.01 0.4 32.9 -0.342735 -0.347509 3.36367 -0.0342403 -0.0332176 330.412
755412 12 0.01 0.4 32.9 0.384152 0.330836 1.23044 0.0111667 0.0141118 335.989
756937 12 0.01 0.4 32.9 -0.488251 -0.237516 2.89997 -0.0428396 -0.0214223 333.906
756940 12 0.01 0.4 32.9 -0.0404579 0.486723 3.25704 -0.00230809 0.0485708 331.41
757550 12 0.01 0.4 32.9 -0.335943 0.10736 3.58508 -0.0379447 0.00970103 320.001
758745 12 0.01 0.4 32.9 0.22334 -0.378299 1.33503 0.00848028 -0.0165347 345.427
758782 12 0.01 0.4 32.9 -0.21606 0.353511 2.53134 -0.0180308 0.0268447 345.411
759422 12 0.01 0.4 32.9 0.220628 0.0293071 2.16394 0.0143368 0.0030075 351.767
759708 12 0.01 0.4 32.9 0.0530405 0.498337 2.22279 0.00274912 0.033168 330.265
760318 12 0.01 0.4 32.9 -0.25677 -0.267256 2.52659 -0.0206515 -0.020135 340.57
761182 12 0.01 0.4 32.9 -0.224111 0.44477 3.81394 -0.02688 0.0503572 323.29
761507 12 0.01 0.4 32.9 0.0350159 0.194951 1.20653 0.00191908 0.00878706 340.346
761638 12 0.01 0.4 32.9 -0.309916 -0.400699 3.07157 -0.0325742 -0.0363848 335.943
761862 12 0.01 0.4 32.9 0.481041 0.18332 1.21757 0.017389 0.00622082 310.655
761866 12 0.01 0.4 32.9 0.261783 0.131047 2.69936 0.0222899 0.011161 350.741
762102 12 0.01 0.4 32.9 -0.147951 -0.119701 2.14108 -0.0127193 -0.00965788 347.074
763813 12 0.01 0.4 32.9 -0.472572 0.205748 2.08381 -0.0280992 0.0123848 322.28
764006 12 0.01 0.4 32.9 0.17302 -0.492441 1.15565 0.00596752 -0.0182678 322.212
764411 12 0.01 0.4 32.9 0.0171805 0.269083 2.37576 0.00313256 0.0178164 352.689
764786 12 0.01 0.4 32.9 -0.48065 -0.418213 1.57905 -0.0247045 -0.0194939 316.556
765221 12 0.01 0.4 32.9 -0.294896 0.12303 2.63241 -0.0232741 0.0103367 318.999
768518 12 0.01 0.4 32.9 -0.483845 -0.0234104 1.43828 -0.0187511 0.000191282 304.963
769224 12 0.01 0.4 32.9 0.128837 0.294783 3.12898 0.0119978 0.0295898 309.858
769830 12 0.01 0.4 32.9 -0.336517 0.0662174 3.22055 -0.0315692 0.00505635 312.031
770404 12 0.01 0.4 32.9 0.292778 -0.013184 2.71055 0.0230628 0.00089637 315.949
773095 12 0.01 0.4 32.9 0.372274 -0.241592 3.49384 0.0388954 -0.0264218 331.74
773385 12 0.01 0.4 32.9 -0.276249 -0.136662 1.38086 -0.00994396 -0.00848435 303.411
774983 12 0.01 0.4 32.9 -0.419105 -0.11649 4.09012 -0.0494665 -0.0137587 297.48
775731 12 0.01 0.4 32.9 0.0658357 0.43416 1.43503 0.00240739 0.0166238 317.186
775866 12 0.01 0.4 32.9 0.290719 -0.393381 1.65478 0.0129589 -0.0197822 309.771
777397 12 0.01 0.4 32.9 0.476707 0.0737463 3.21398 0.0481838 0.00717991 319.845
777625 12 0.01 0.4 32.9 -0.425372 0.381744 3.04104 -0.036731 0.0352541 316.561
777681 12 0.01 0.4 32.9 0.285182 0.459651 2.84946 0.0254624 0.0395312 333.192
778116 12 0.01 0.4 32.9 0.156402 0.404376 1.06932 0.00559027 0.012349 315.047
778139 12 0.01 0.4 32.9 -0.0807808 0.270716 1.23711 -0.00225127 0.0094819 313.024
778366 12 0.01 0.4 32.9 0.137565 -0.20251 7.08932 0.0276249 -0.0452057 302.418
781991 12 0.01 0.4 32.9 -0.257493 0.193497 2.33673 -0.01533 0.0125358 352.897
782063 12 0.01 0.4 32.9 -0.0979723 0.309527 1.09915 -0.00328826 0.0116841 346.444
782418 12 0.01 0.4 32.9 0.0951862 0.308727 2.35627 0.0067724 0.0213229 355.38
782964 12 0.01 0.4 32.9 0.0391021 -0.373157 3.07169 0.00362902 -0.0344654 308.593
784014 12 0.01 0.4 32.9 0.318601 -0.0903454 1.6133 0.0138559 -0.000657292 333.746
787721 12 0.01 0.4 32.9 0.0697052 -0.429396 6.35835 0.0109738 -0.0847712 300.352
787819 12 0.01 0.4 32.9 -0.377565 -0.367763 1.41698 -0.0154797 -0.0163593 308.149
788347 12 0.01 0.4 32.9 -0.463572 0.355251 2.07512 -0.0290038 0.0246485 317.704
789191 12 0.01 0.4 32.9 0.0953276 -0.348928 3.76524 0.0139324 -0.0403902 313.161
790753 12 0.01 0.4 32.9 -0.0591304 0.419437 1.78188 -0.00133632 0.0223275 336.077
791340 12 0.01 0.4 32.9 -0.308489 0.225919 1.87574 -0.0177498 0.0126504 347.008
791655 12 0.01 0.4 32.9 -0.0885353 0.225752 4.18466 -0.00988874 0.0271131 302.487
792296 12 0.01 0.4 32.9 0.0152379 -0.212778 3.10569 0.000730993 -0.0191261 315.87
792783 12 0.01 0.4 32.9 0.0314318 0.294632 4.75881 0.00296882 0.0393679 309.498
794452 12 0.01 0.4 32.9 0.249141 0.43533 2.02633 0.0135796 0.0249059 317.602
794541 12 0.01 0.4 32.9 0.140048 -0.477978 2.20646 0.00822543 -0.0315676 344.026
797880 12 0.01 0.4 32.9 0.413983 -0.465407 2.15677 0.0282755 -0.029784 324.284
797887 12 0.01 0.4 32.9 0.463479 -0.485116 0.885502 0.0110246 -0.0132613 328.624
798322 12 0.01 0.4 32.9 -0.0752306 -0.00396719 1.69837 -0.00550881 -0.00203927 310.784
798812 12 0.01 0.4 32.9 0.235189 -0.311889 1.88753 0.0145102 -0.0185792 343.913
799309 12 0.01 0.4 32.9 -0.380727 0.122938 0.237162 -0.00593225 -0.00124038 304.592
801084 12 0.01 0.4 32.9 0.344911 0.0794935 3.01598 0.0310254 0.00692784 316.188
801849 12 0.01 0.4 32.9 0.171701 0.442541 2.33195 0.0113168 0.0305827 345.881
802002 12 0.01 0.4 32.9 -0.4133 0.375255 3.62873 -0.0439355 0.0409365 329.319
802375 12 0.01 0.4 32.9 -0.470563 0.0143289 2.26052 -0.0322536 9.07755e-05 331.629
802410 12 0.01 0.4 32.9 0.220644 -0.313692 2.56687 0.0188398 -0.024514 352.946
803038 12 0.01 0.4 32.9 -0.410348 -0.142444 6.36677 -0.080412 -0.0290479 303.632
803166 12 0.01 0.4 32.9 -0.236423 -0.368796 0.625327 -0.00528838 -0.00411196 327.917
805292 12 0.01 0.4 32.9 -0.0843281 0.177338 3.37054 -0.00852997 0.0169179 303.09
805690 12 0.01 0.4 32.9 0.377959 0.283852 3.12353 0.0325804 0.0257832 315.798
807934 12 0.01 0.4 32.9 -0.156809 -0.101278 1.3982 -0.00596505 -0.00231051 324.354
809137 12 0.01 0.4 32.9 -0.349924 0.490024 3.99928 -0.041549 0.0605082 305.681
810474 12 0.01 0.4 32.9 0.417785 0.0670381 2.92663 0.0373616 0.00497907 318.008
811423 12 0.01 0.4 32.9 0.228915 0.307816 4.84047 0.0343392 0.0463202 316.386
811736 12 0.01 0.4 32.9 -0.144805 -0.276881 1.35893 -0.00613495 -0.0109653 325.554
812153 12 0.01 0.4 32.9 -0.161783 -0.310719 2.30871 -0.0120315 -0.022584 327.967
812537 12 0.01 0.4 32.9 0.23731 0.493235 2.44146 0.0187593 0.0367261 333.41
814195 12 0.01 0.4 32.9 0.164307 -0.0562775 5.32485 0.0266463 -0.0103482 307.3
815268 12 0.01 0.4 32.9 -0.304527 -0.405647 1.30428 -0.0120314 -0.0123699 353.782
815332 12 0.01 0.4 32.9 -0.0867449 0.00686181 0.940346 -0.0016579 0.00150195 344.83
817767 12 0.01 0.4 32.9 0.182828 -0.367717 1.76829 0.0103652 -0.0196804 311.073
818124 12 0.01 0.4 32.9 0.0716275 -0.310862 6.53335 0.0151089 -0.0613699 303.612
818367 12 0.01 0.4 32.9 0.13406 0.0652287 2.4095 0.00921915 0.00313424 356.66
819424 12 0.01 0.4 32.9 -0.40103 0.105973 1.23954 -0.0167847 0.00497735 311.476
819716 12 0.01 0.4 32.9 -0.222362 -0.40306 2.79184 -0.0194666 -0.0348034 342.216
820939 12 0.01 0.4 32.9 -0.496958 0.109153 0.399425 -0.0039196 -0.00172321 324.74
822277 12 0.01 0.4 32.9 -0.445443 -0.338783 2.99634 -0.0397335 -0.0349113 341.811
822405 12 0.01 0.4 32.9 -0.158977 -0.0639389 5.11022 -0.0246138 -0.00969842 305.431
822466 12 0.01 0.4 32.9 -0.298934 -0.368398 2.99846 -0.026411 -0.033019 340.77
826014 12 0.01 0.4 32.9 -0.23865 0.344039 2.4683 -0.0195114 0.0264473 353.744
826973 12 0.01 0.4 32.9 0.132534 0.332077 4.06483 0.0164297 0.0436805 322.337
828556 12 0.01 0.4 32.9 0.262099 0.348793 2.67772 0.0214256 0.0290113 312.194
831520 12 0.01 0.4 32.9 0.49427 0.489159 1.85582 0.0266029 0.0280236 313.428
831792 12 0.01 0.4 32.9 -0.0628483 0.467305 1.34419 -0.00375794 0.0186854 357.328
831818 12 0.01 0.4 32.9 0.121948 -0.427133 1.38893 0.00380582 -0.018537 354.974
832282 12 0.01 0.4 32.9 -0.266497 -0.376343 1.55515 -0.0110595 -0.0169381 342.678
834250 12 0.01 0.4 32.9 0.401077 -0.432306 1.591 0.0197212 -0.0214684 360.884
834940 12 0.01 0.4 32.9 -0.255394 -0.30112 2.60986 -0.0180442 -0.0232498 345.521
836699 12 0.01 0.4 32.9 -0.298506 0.310551 0.521208 -0.00378771 0.00603645 323.247
837065 12 0.01 0.4 32.9 0.396588 -0.420503 2.49919 0.0321071 -0.0331369 307.979
838814 12 0.01 0.4 32.9 0.402798 0.263961 1.42657 0.0193405 0.0130722 346.798
840421 12 0.01 0.4 32.9 0.0610987 -0.137999 2.00582 0.00404854 -0.00718849 329.657
841230 12 0.01 0.4 32.9 -0.483739 0.316815 2.71997 -0.0392151 0.0258866 312.447
841391 12 0.01 0.4 32.9 0.0707954 0.0121494 4.70241 0.0100555 0.000118188 314.404
841564 12 0.01 0.4 32.9 -0.0548823 -0.467784 1.73619 -0.00215221 -0.0209868 336.153
842650 12 0.01 0.4 32.9 0.0376626 -0.176636 2.31046 0.00163606 -0.0108139 336.649
843834 12 0.01 0.4 32.9 0.14761 0.276903 6.7025 0.0293006 0.0554731 303.852
844075 12 0.01 0.4 32.9 -0.270146 -0.12601 0.50684 -0.00216211 0.00244172 334.385
844846 12 0.01 0.4 32.9 -0.447561 0.247245 4.39937 -0.0581814 0.0348343 318.285
847146 12 0.01 0.4 32.9 0.31224 0.28906 1.95664 0.0180344 0.0171243 310.68
847587 12 0.01 0.4 32.9 -0.35853 0.457387 2.27728 -0.0252971 0.030635 353.593
847718 12 0.01 0.4 32.9 -0.347604 -0.0273794 2.27637 -0.0211986 -0.000126794 333.738
848394 12 0.01 0.4 32.9 -0.394203 -0.391939 2.25525 -0.0273762 -0.0285237 317.663
850286 12 0.01 0.4 32.9 0.258194 0.493062 3.05506 0.0259617 0.0456396 312.572
850873 12 0.01 0.4 32.9 -0.362079 -0.457319 1.24747 -0.0117976 -0.0167578 310.628
850924 12 0.01 0.4 32.9 -0.270275 -0.432985 1.98246 -0.0170522 -0.0249599 303.962
851016 12 0.01 0.4 32.9 0.453989 -0.272583 2.192 0.0293459 -0.0203435 343.169
851134 12 0.01 0.4 32.9 0.18155 0.201089 3.91847 0.0214874 0.0231197 301.844
852307 12 0.01 0.4 32.9 -0.320415 -0.171749 5.15313 -0.0489444 -0.0256414 296.905
852899 12 0.01 0.4 32.9 0.49243 0.183136 2.39353 0.0374248 0.0144484 349.997
853420 12 0.01 0.4 32.9 -0.391224 0.307284 0.654996 -0.0101837 0.00349558 325.979
855001 12 0.01 0.4 32.9 0.0204724 -0.104051 6.09968 0.00286458 -0.0179594 304.307
855242 12 0.01 0.4 32.9 -0.0299542 0.493941 1.96021 -0.000620329 0.0274922 302.152
855351 12 0.01 0.4 32.9 -0.454946 -0.1306 5.36008 -0.0733552 -0.0223814 305.85
856388 12 0.01 0.4 32.9 -0.284765 -0.174111 2.20468 -0.0183073 -0.0109838 318.274
858081 12 0.01 0.4 32.9 0.215488 -0.159203 2.95277 0.0190366 -0.0167309 330.575
858611 12 0.01 0.4 32.9 -0.0731867 -0.477788 2.15462 -0.00654274 -0.0313118 323.038
863421 12 0.01 0.4 32.9 0.322085 -0.49572 2.88833 0.0286734 -0.0457048 315.648
864919 12 0.01 0.4 32.9 -0.000443051 0.093977 1.1552 0.000189979 0.00432863 338.524
865968 12 0.01 0.4 32.9 -0.338725 0.02034 0.993774 -0.00992807 -0.00243351 314.597
866060 12 0.01 0.4 32.9 -0.361451 -0.0107045 0.797751 -0.00603846 -0.000725875 333.857
866283 12 0.01 0.4 32.9 -0.367911 -0.156139 4.10785 -0.0455195 -0.0211197 318.367
867084 12 0.01 0.4 32.9 -0.457656 0.292784 2.75169 -0.0381095 0.0249714 333.295
867128 12 0.01 0.4 32.9 -0.126594 0.189202 1.82635 -0.00922813 0.0114987 308.596
869353 12 0.01 0.4 32.9 0.0934049 0.406131 0.43742 0.00319052 0.00794818 306.389
869379 12 0.01 0.4 32.9 -0.216522 -0.0622798 2.26514 -0.0167106 -0.00437075 349.314
869637 12 0.01 0.4 32.9 0.281665 -0.0425871 1.95583 0.0171165 -0.00163516 321.629
871033 12 0.01 0.4 32.9 -0.365189 -0.250449 2.71905 -0.0308961 -0.0206392 322.979
871840 12 0.01 0.4 32.9 -0.00823707 -0.019238 4.01667 -0.000527073 -0.00338493 299.892
872470 12 0.01 0.4 32.9 0.337452 -0.00614404 1.44712 0.0135145 -0.00278733 354.948
873311 12 0.01 0.4 32.9 -0.0715224 -0.442722 2.08718 -0.00521755 -0.0297106 357.578
873752 12 0.01 0.4 32.9 0.391182 0.388466 5.25433 0.0625478 0.0623201 305.852
874054 12 0.01 0.4 32.9 0.444084 0.492587 1.87805 0.0259351 0.0288668 348.593
874949 12 0.01 0.4 32.9 0.335437 -0.134579 2.5882 0.0290569 -0.00941429 333.197
875578 12 0.01 0.4 32.9 0.303246 0.298249 4.06365 0.0366513 0.0388712 313.831
875645 12 0.01 0.4 32.9 -0.0618398 -0.139166 1.51696 -0.00273741 -0.00750959 360.217
875864 12 0.01 0.4 32.9 -0.209306 -0.0237748 3.6022 -0.0235233 -0.00322375 313.209
877983 12 0.01 0.4 32.9 -0.0363436 -0.343468 1.7858 -0.000550288 -0.0210148 332.959
880526 12 0.01 0.4 32.9 -0.360102 -0.348139 4.93365 -0.0575482 -0.0520009 298.359
880764 12 0.01 0.4 32.9 -0.299564 0.0188886 1.54831 -0.0159987 0.00176779 333.354
881927 12 0.01 0.4 32.9 -0.225935 0.192623 3.49258 -0.0226496 0.0199338 322.161
884799 12 0.01 0.4 32.9 0.178742 -0.310412 1.4159 0.00725067 -0.0132718 339.944
887117 12 0.01 0.4 32.9 0.054919 0.274924 6.77003 0.0108713 0.056168 301.714
887134 12 0.01 0.4 32.9 -0.019273 -0.329017 1.26276 -0.00175013 -0.0121972 327.546
887979 12 0.01 0.4 32.9 -0.440352 -0.0752168 4.44217 -0.0613102 -0.0108522 308.769
889113 12 0.01 0.4 32.9 -0.438233 -0.0403064 0.80971 -0.0108586 0.000618832 331.067
889736 12 0.01 0.4 32.9 0.0380823 -0.177775 2.9353 0.00318589 -0.0148755 338.776
890683 12 0.01 0.4 32.9 -0.229279 -0.36644 3.68064 -0.0260225 -0.0426764 329.635
890720 12 0.01 0.4 32.9 -0.385147 0.267742 9.89791 -0.118695 0.0789627 299.918
891946 12 0.01 0.4 32.9 -0.41716 0.370934 5.17976 -0.0651225 0.0603837 311.05
892397 12 0.01 0.4 32.9 -0.467161 -0.33999 0.983448 -0.0141958 -0.00826363 310.376
892713 12 0.01 0.4 32.9 0.310162 0.0966671 3.39951 0.030678 0.0104727 326.738
893618 12 0.01 0.4 32.9 0.428008 -0.040079 5.52838 0.070978 -0.00643264 308.996
894989 12 0.01 0.4 32.9 0.42577 -0.16013 1.33318 0.0164986 -0.00529412 315.053
895919 12 0.01 0.4 32.9 -0.409297 -0.411516 5.12844 -0.0637875 -0.0649616 306.698
896737 12 0.01 0.4 32.9 -0.210159 0.0368899 1.59091 -0.0121267 0.000452273 307.497
898669 12 0.01 0.4 32.9 -0.0852309 -0.2068 1.80971 -0.00233844 -0.0119833 361.964
900392 12 0.01 0.4 32.9 0.277194 0.414149 0.806085 0.00560847 0.0108415 306.893
900475 12 0.01 0.4 32.9 -0.0149314 -0.0150884 2.65219 0.00111662 -0.00260713 348.073
900616 12 0.01 0.4 32.9 -0.281225 0.128814 2.44963 -0.0197075 0.0125919 329.768
901440 12 0.01 0.4 32.9 -0.320884 -0.151187 2.84977 -0.0286418 -0.0139595 318.663
903754 12 0.01 0.4 32.9 -0.140359 -0.456642 1.90754 -0.00639347 -0.0268849 335.863
906651 12 0.01 0.4 32.9 0.0252134 -0.428593 1.23782 0.00258578 -0.0162673 313.272
908579 12 0.01 0.4 32.9 -0.390767 0.170766 2.25836 -0.0262506 0.010851 352.592
909053 12 0.01 0.4 32.9 0.286017 0.150662 0.719227 0.00517743 0.00236721 323.743
911219 12 0.01 0.4 32.9 0.266264 0.0503877 1.48836 0.0127315 0.00529028 323.092
911759 12 0.01 0.4 32.9 0.10146 0.262994 2.20321 0.00859844 0.0181577 313.379
913168 12 0.01 0.4 32.9 0.117456 -0.392035 1.49208 0.00291419 -0.0181849 308.242
913395 12 0.01 0.4 32.9 -0.127018 0.325972 2.67286 -0.0103624 0.0268292 327.826
913408 12 0.01 0.4 32.9 0.0536545 -0.485712 0.696644 0.000988106 -0.0106428 319.995
914670 12 0.01 0.4 32.9 0.395856 -0.283794 3.76133 0.0448382 -0.0327504 311.189
914969 12 0.01 0.4 32.9 0.106008 -0.185906 0.976829 0.00259508 -0.00872243 324.566
915127 12 0.01 0.4 32.9 -0.12862 0.312085 1.34426 -0.00802804 0.0105496 360.995
917192 12 0.01 0.4 32.9 0.0842606 -0.388378 3.52945 0.0120249 -0.0432977 329.38
919167 12 0.01 0.4 32.9 0.398436 -0.269634 4.62112 0.0546635 -0.0381475 309.718
919922 12 0.01 0.4 32.9 -0.289118 0.154379 4.85126 -0.0434516 0.0230598 308.807
920135 12 0.01 0.4 32.9 0.124061 -0.0661134 1.53461 0.00322753 -0.00359641 351.48
920246 12 0.01 0.4 32.9 -0.0465322 -0.184855 2.09463 -0.0044853 -0.0160982 363.428
920653 12 0.01 0.4 32.9 0.258466 0.0992552 1.77112 0.0147128 0.00873409 307.149
920857 12 0.01 0.4 32.9 0.398833 0.0292391 2.96378 0.0364594 0.00108967 344.581
920976 12 0.01 0.4 32.9 -0.178786 -0.294359 1.93831 -0.0111053 -0.0150352 355.756
921568 12 0.01 0.4 32.9 0.442858 0.484195 0.657583 0.00780562 0.0101889 316.348
921816 12 0.01 0.4 32.9 -0.038456 -0.442348 4.90793 -0.00671515 -0.066412 300.987
921892 12 0.01 0.4 32.9 0.173062 -0.345735 1.07302 0.00656312 -0.00964231 332.014
922494 12 0.01 0.4 32.9 0.0795654 0.235531 2.86098 0.0059472 0.0205634 337.006
925615 12 0.01 0.4 32.9 -0.052957 0.10491 4.28565 -0.00454929 0.0149219 321.279
926723 12 0.01 0.4 32.9 -0.0424984 -0.437724 1.8252 -0.00116107 -0.0246326 309.372
927769 12 0.01 0.4 32.9 -0.00466961 -0.494718 3.315 -0.00103709 -0.047942 314.66
929847 12 0.01 0.4 32.9 0.385944 -0.0328707 6.90363 0.0814534 -0.00653759 305.474
929859 12 0.01 0.4 32.9 -0.467737 0.0487699 3.08623 -0.0431204 0.00328496 336.134
933446 12 0.01 0.4 32.9 0.0472625 0.186087 1.47075 0.00170492 0.00965395 359.751
933488 12 0.01 0.4 32.9 0.330882 -0.136936 1.12345 0.0109692 -0.0042692 304.495
935036 12 0.01 0.4 32.9 0.27776 -0.224393 2.28278 0.016964 -0.0144717 322.032
935799 12 0.01 0.4 32.9 -0.495448 0.10641 2.32849 -0.0327606 0.00418613 311.775
936306 12 0.01 0.4 32.9 0.497213 -0.030169 2.73798 0.0412616 -0.00121728 338.672
937249 12 0.01 0.4 32.9 0.145502 0.11696 2.22922 0.0111996 0.00910648 350.159
937432 12 0.01 0.4 32.9 -0.140088 0.224881 3.91979 -0.0153772 0.0278234 319.295
937719 12 0.01 0.4 32.9 -0.209233 0.110892 2.92513 -0.0165083 0.00954164 320.09
937942 12 0.01 0.4 32.9 0.0735893 0.142104 0.692819 -0.00121451 0.00541846 323.691
938113 12 0.01 0.4 32.9 0.209929 0.357486 4.64037 0.030094 0.0514057 313.275
940252 12 0.01 0.4 32.9 -0.10433 0.124761 2.12723 -0.00570857 0.00859556 338.386
946340 12 0.01 0.4 32.9 0.0336097 0.0804325 1.77422 0.00284793 0.00450097 361.501
946434 12 0.01 0.4 32.9 -0.49567 -0.209922 3.21188 -0.048394 -0.0212628 302.118
949874 12 0.01 0.4 32.9 -0.136767 -0.304404 2.0537 -0.00697545 -0.0163144 362.452
951784 12 0.01 0.4 32.9 -0.146395 0.0771947 2.67827 -0.0133637 0.00691233 323.216
951930 12 0.01 0.4 32.9 -0.379887 -0.262676 2.83068 -0.0321555 -0.0244724 343.011
952903 12 0.01 0.4 32.9 -0.111719 -0.494542 3.29524 -0.0110991 -0.0505337 331.172
954852 12 0.01 0.4 32.9 0.445374 -0.330931 1.46089 0.0212281 -0.0143438 303.294
955263 12 0.01 0.4 32.9 0.288206 -0.165572 1.03708 0.00626925 -0.00739879 334.855
955506 12 0.01 0.4 32.9 -0.121047 0.307891 2.78958 -0.00876426 0.0248266 317.696
957449 12 0.01 0.4 32.9 -0.395909 0.154714 3.01422 -0.0332467 0.0127016 341.861
958442 12 0.01 0.4 32.9 -0.446338 0.365543 1.71553 -0.0230023 0.0182858 351.629
960858 12 0.01 0.4 32.9 0.395929 0.0424128 2.75574 0.0345723 0.00553111 331.684
962962 12 0.01 0.4 32.9 0.441712 -0.113845 2.87459 0.0395381 -0.0100582 346.482
963197 12 0.01 0.4 32.9 0.0800732 -0.0650398 1.72465 0.0027221 -0.00437961 356.569
964898 12 0.01 0.4 32.9 0.285686 -0.455418 1.77912 0.0152815 -0.0275271 357.319
966050 12 0.01 0.4 32.9 -0.0225708 0.135316 0.968732 -0.00129711 0.00188837 329.731
966672 12 0.01 0.4 32.9 0.0549635 0.326966 2.50955 0.00422245 0.0283527 312.327
967575 12 0.01 0.4 32.9 -0.408727 -0.0971031 3.25986 -0.0416472 -0.011641 311.212
968264 12 0.01 0.4 32.9 0.163099 0.0521813 1.75752 0.0081727 0.00243945 311.692
969144 12 0.01 0.4 32.9 0.498023 0.0245478 4.47385 0.0673298 0.00395185 319.074
971395 12 0.01 0.4 32.9 -0.426816 0.450435 2.15419 -0.0262674 0.0273195 338.177
971510 12 0.01 0.4 32.9 -0.00844985 0.00613331 1.88686 -0.00130067 -0.000877803 319.692
971544 12 0.01 0.4 32.9 -0.265737 0.147136 3.04819 -0.0252077 0.0128161 310.072
971909 12 0.01 0.4 32.9 0.400389 -0.0155645 4.44275 0.0551083 -0.00220499 318.335
972211 12 0.01 0.4 32.9 -0.435809 -0.437955 1.39067 -0.0173628 -0.021277 330.475
973009 12 0.01 0.4 32.9 0.124897 0.470282 4.73663 0.0185679 0.066099 303.279
973293 12 0.01 0.4 32.9 0.237335 -0.468246 3.40258 0.0240041 -0.0492539 328.825
973637 12 0.01 0.4 32.9 -0.134079 0.377257 1.1382 -0.00537011 0.013877 350.712
973691 12 0.01 0.4 32.9 0.225356 0.114019 1.52785 0.0110442 0.00757391 344.129
973923 12 0.01 0.4 32.9 0.0748238 0.250085 3.05999 0.0059041 0.0202884 309.938
974972 12 0.01 0.4 32.9 -0.117208 0.480436 5.30621 -0.0176705 0.0767441 306.872
976055 12 0.01 0.4 32.9 -0.0748312 -0.405084 2.94035 -0.00718207 -0.0370261 334.281
976126 12 0.01 0.4 32.9 0.148403 0.294957 1.71018 0.00865469 0.0135661 341.758
976221 12 0.01 0.4 32.9 0.417624 0.28333 0.554677 0.00553215 0.00395325 307.558
976968 12 0.01 0.4 32.9 0.0967008 0.415433 2.01434 0.00536102 0.0242167 298.122
977541 12 0.01 0.4 32.9 -0.0309101 0.442087 0.69006 0.00122445 0.00983335 315.847
977674 12 0.01 0.4 32.9 0.237206 0.182205 3.54278 0.0257175 0.0203087 297.474
978367 12 0.01 0.4 32.9 0.222558 -0.452018 2.25183 0.0157194 -0.0321344 334.916
978729 12 0.01 0.4 32.9 -0.22581 0.355993 0.621076 -0.00488912 0.00787845 317.712
978809 12 0.01 0.4 32.9 -0.0811653 0.0295754 1.69873 -0.00469698 0.000685754 317.268
979307 12 0.01 0.4 32.9 0.0804568 0.447349 2.72035 0.00687564 0.0392003 324.563
979533 12 0.01 0.4 32.9 0.478065 0.445307 2.53473 0.0375589 0.0344043 323.858
980678 12 0.01 0.4 32.9 0.0220453 -0.0246733 1.74113 0.000233929 0.000222249 343.305
981175 12 0.01 0.4 32.9 0.429139 0.0095019 3.3292 0.0428613 0.00150577 325.944
982330 12 0.01 0.4 32.9 -0.0887204 -0.107929 3.82119 -0.0100687 -0.0125408 307.64
983416 12 0.01 0.4 32.9 0.260926 -0.49438 1.21608 0.0106081 -0.0217588 307.531
984361 12 0.01 0.4 32.9 -0.0720674 0.195646 1.74807 -0.00182515 0.00916053 346.428
984469 12 0.01 0.4 32.9 0.245164 0.318966 3.17106 0.0206292 0.0309769 318.312
985352 12 0.01 0.4 32.9 -0.396961 0.480771 1.27363 -0.0160615 0.0176402 360.622
986208 12 0.01 0.4 32.9 -0.0232781 -0.0483307 3.4918 -0.00073289 -0.00197584 333.331
989911 12 0.01 0.4 32.9 0.411373 -0.0723118 1.07873 0.0114331 -0.00263772 343.225
990947 12 0.01 0.4 32.9 -0.239391 -0.0757278 2.08401 -0.0167664 -0.00490376 325.97
991904 12 0.01 0.4 32.9 -0.214309 0.169176 4.1567 -0.0290081 0.0199095 314.855
992220 12 0.01 0.4 32.9 -0.238618 0.274988 2.69115 -0.0179504 0.0199543 351.159
992449 12 0.01 0.4 32.9 0.422568 -0.480451 1.33859 0.0169581 -0.018758 328.837
993302 12 0.01 0.4 32.9 0.0408029 0.223773 2.20987 0.00269936 0.0156084 324.496
993381 12 0.01 0.4 32.9 -0.0770299 0.466777 2.00857 -0.00444234 0.029847 317.373
993671 12 0.01 0.4 32.9 0.14461 0.485613 7.84439 0.0325517 0.116809 302.99
993953 12 0.01 0.4 32.9 -0.102324 -0.18253 5.18351 -0.0141976 -0.028628 312.143
995967 12 0.01 0.4 32.9 -0.404717 0.110836 2.0017 -0.0235745 0.00754992 354.476
997303 12 0.01 0.4 32.9 0.134998 -0.398449 2.32441 0.00717605 -0.0299393 303.808
997366 12 0.01 0.4 32.9 0.219919 0.401943 2.95251 0.0190242 0.0350693 342.603
997933 12 0.01 0.4 32.9 -0.484958 -0.228162 3.68335 -0.054307 -0.0272398 310.859
998497 12 0.01 0.4 32.9 -0.301308 -0.268707 2.33233 -0.0204801 -0.0169129 348.204
2190 12 0.01 0.4 32.9 -0.0229137 0.232996 2.31794 -0.00218549 0.0117727 313.593
2996 12 0.01 0.4 32.9 -0.40386 0.427008 8.07622 -0.0984503 0.105451 303.284
3480 12 0.01 0.4 32.9 -0.296038 -0.0191093 1.00273 -0.0132311 -0.000881185 345.287
4981 12 0.01 0.4 32.9 0.226723 -0.305716 1.65466 0.0141909 -0.0169064 335.26
5152 12 0.01 0.4 32.9 -0.0314498 -0.0627067 1.28454 0.000962302 -0.0015099 356.487
5964 12 0.01 0.4 32.9 -0.264833 0.215387 0.548179 -0.00653163 0.00460894 313.389
6143 12 0.01 0.4 32.9 0.431919 -0.355236 7.38854 0.0977302 -0.0788417 300.181
7875 12 0.01 0.4 32.9 -0.064575 0.0493923 1.75544 -0.00357561 0.00304166 362.628
9291 12 0.01 0.4 32.9 -0.181139 0.30734 3.68828 -0.021876 0.0367542 311.395
9485 12 0.01 0.4 32.9 -0.0460589 0.424193 0.64049 -0.00234948 0.0105512 309.055
9799 12 0.01 0.4 32.9 -0.0812223 0.49217 2.05744 -0.0062032 0.03067 347.236
10925 12 0.01 0.4 32.9 0.141082 -0.283879 2.30871 0.00996776 -0.0191511 330.389
11378 12 0.01 0.4 32.9 0.0321765 -0.372367 2.59655 0.00399317 -0.0311682 305.869
12520 12 0.01 0.4 32.9 0.107897 0.25726 1.15488 0.002878 0.00959893 312.267
14099 12 0.01 0.4 32.9 -0.022148 -0.439879 2.63084 -0.00301933 -0.0326177 352.168
15048 12 0.01 0.4 32.9 -0.404104 -0.248218 2.50916 -0.0295884 -0.0192479 353.079
15563 12 0.01 0.4 32.9 -0.4543 0.392853 2.54167 -0.0343859 0.0313425 317.22
15974 12 0.01 0.4 32.9 0.2014 0.235083 3.09041 0.0182573 0.0218556 312.461
16042 12 0.01 0.4 32.9 0.405318 -0.362339 0.617472 0.00689932 -0.00711779 312.378
16561 12 0.01 0.4 32.9 0.0768584 -0.0250119 3.23407 0.00859451 -0.000911425 304.137
17462 12 0.01 0.4 32.9 -0.0619563 -0.476508 2.81887 -0.00591441 -0.0423542 321.473
17627 12 0.01 0.4 32.9 0.244357 -0.428237 2.49275 0.0181131 -0.0332125 322.267
18593 12 0.01 0.4 32.9 0.266938 0.123641 4.01811 0.0306123 0.0142968 316.428
20579 12 0.01 0.4 32.9 -0.336941 -0.408926 4.65315 -0.0478864 -0.0604453 313.746
21864 12 0.01 0.4 32.9 0.480248 -0.192144 2.98828 0.0422657 -0.0172426 335.132
22352 12 0.01 0.4 32.9 -0.37813 -0.452248 1.65237 -0.0198091 -0.0224566 368.967
22364 12 0.01 0.4 32.9 -0.16712 -0.149605 1.92785 -0.0088545 -0.00915468 330.393
23054 12 0.01 0.4 32.9 -0.469635 0.196484 4.02098 -0.0571152 0.026384 324.556
23857 12 0.01 0.4 32.9 0.386081 0.113339 2.48321 0.0283711 0.0120136 328.252
24739 12 0.01 0.4 32.9 0.368067 0.39164 0.671597 0.0106258 0.00784008 338.375
26353 12 0.01 0.4 32.9 0.188685 0.389465 1.49989 0.00681677 0.0177621 364.54
27125 12 0.01 0.4 32.9 -0.122678 0.289766 2.28978 -0.0106945 0.0204716 342.529
27339 12 0.01 0.4 32.9 0.0719724 0.0868326 3.18701 0.00823126 0.00704496 320.321
27613 12 0.01 0.4 32.9 0.361184 0.238039 1.94711 0.0224212 0.0118867 310.642
28840 12 0.01 0.4 32.9 -0.0872176 0.170213 3.43385 -0.00962386 0.0167162 326.809
29434 12 0.01 0.4 32.9 0.0477188 0.479984 1.57548 0.00276866 0.0236988 365.203
30824 12 0.01 0.4 32.9 -0.476252 -0.42091 1.51139 -0.0181229 -0.018725 366.105
30972 12 0.01 0.4 32.9 -0.414327 -0.251954 1.39725 -0.0158345 -0.00996179 330.1
31269 12 0.01 0.4 32.9 0.203548 -0.320899 6.05158 0.0405778 -0.0579233 307.899
32856 12 0.01 0.4 32.9 -0.357512 -0.414978 2.51828 -0.0251922 -0.0319868 341.6
34323 12 0.01 0.4 32.9 0.400757 0.144146 1.77373 0.0216349 0.0098471 368.818
35173 12 0.01 0.4 32.9 -0.310865 0.396945 1.40342 -0.0137062 0.0188535 327.145
36641 12 0.01 0.4 32.9 -0.0573229 0.477394 1.39009 -0.00354018 0.0208532 334.528
37113 12 0.01 0.4 32.9 0.155448 0.250603 0.749337 0.0026362 0.00514728 314.128
37561 12 0.01 0.4 32.9 -0.129112 0.288243 2.34611 -0.00730935 0.019993 351.363
38250 12 0.01 0.4 32.9 0.00829464 0.455965 1.68537 0.000363886 0.0260409 347.502
39549 12 0.01 0.4 32.9 0.362039 0.339871 1.3444 0.0131102 0.0165666 330.301
44012 12 0.01 0.4 32.9 -0.100596 -0.237131 1.45918 -0.00382325 -0.00849231 302.348
45371 12 0.01 0.4 32.9 0.310239 0.369001 0.781868 0.00672504 0.00863018 335.253
46501 12 0.01 0.4 32.9 -0.369955 -0.476907 3.06746 -0.0339731 -0.043301 303.248
46733 12 0.01 0.4 32.9 -0.187806 -0.0706438 0.79131 -0.00663924 -0.00196339 313.874
46866 12 0.01 0.4 32.9 0.258861 -0.456906 3.44185 0.0277671 -0.0489649 308.498
46985 12 0.01 0.4 32.9 0.0377248 -0.135654 2.05784 0.00475339 -0.0099918 354.672
47464 12 0.01 0.4 32.9 0.00027799 -0.307333 3.75824 0.000825524 -0.0359812 310.302
48701 12 0.01 0.4 32.9 0.137103 -0.227538 0.195962 0.000568279 -0.000383551 319.692
48735 12 0.01 0.4 32.9 -0.0286874 0.109247 4.52749 -0.00425783 0.017047 315.429
49094 12 0.01 0.4 32.9 -0.0295375 0.287159 3.2934 -0.0031537 0.0302877 312.483
49537 12 0.01 0.4 32.9 0.255151 -0.0871527 3.53672 0.0252488 -0.00857301 314.913
49986 12 0.01 0.4 32.9 -0.0692858 -0.281786 3.94068 -0.00636234 -0.0305917 325.954
52126 12 0.01 0.4 32.9 -0.213991 0.195219 2.48661 -0.01403 0.0127599 333.854
52157 12 0.01 0.4 32.9 -0.426823 -0.0675201 0.584747 -0.00948735 -0.00311841 316.356
53495 12 0.01 0.4 32.9 -0.466486 -0.203637 2.12123 -0.03166 -0.0143006 334.377
54898 12 0.01 0.4 32.9 0.103534 -0.470325 2.77902 0.0071468 -0.0403501 342.415
55259 12 0.01 0.4 32.9 -0.139058 -0.329662 4.99287 -0.0224484 -0.0511285 313.501
55528 12 0.01 0.4 32.9 -0.365485 0.213256 0.722468 -0.0071224 0.00563179 331.635
55754 12 0.01 0.4 32.9 -0.131658 1.52547e-05 2.15722 -0.00818196 0.00121355 305.709
56516 12 0.01 0.4 32.9 -0.302675 0.0237417 2.05891 -0.0209785 -0.00234408 361.888
58059 12 0.01 0.4 32.9 0.223629 0.273951 2.81928 0.0185937 0.0248078 328.919
58847 12 0.01 0.4 32.9 -0.410925 0.225164 1.13572 -0.0146644 0.00570708 341.048
59616 12 0.01 0.4 32.9 -0.0139191 0.10136 2.67909 -9.70251e-05 0.0117164 352.504
60219 12 0.01 0.4 32.9 0.0380019 -0.183206 2.49011 0.00306381 -0.0123425 332.487
60697 12 0.01 0.4 32.9 0.361972 0.0892902 6.21694 0.0688983 0.0151981 305.105
61046 12 0.01 0.4 32.9 -0.231378 -0.178051 0.512392 -0.00314768 -0.00239799 307.445
61311 12 0.01 0.4 32.9 -0.339511 0.211403 6.5032 -0.0683358 0.0408647 305.722
62916 12 0.01 0.4 32.9 -0.286582 0.12098 3.06205 -0.0249178 0.011276 334.087
63919 12 0.01 0.4 32.9 0.369182 -0.214842 1.02352 0.0138395 -0.00904529 306.954
64135 12 0.01 0.4 32.9 0.41006 -0.112505 3.73138 0.0472222 -0.0118629 327.26
65041 12 0.01 0.4 32.9 -0.307072 -0.263396 1.49489 -0.0134354 -0.0136385 345.798
65227 12 0.01 0.4 32.9 0.167527 0.414328 2.66437 0.0138592 0.0344798 338.098
65646 12 0.01 0.4 32.9 0.47585 0.390254 3.41624 0.0495842 0.042327 305.744
65952 12 0.01 0.4 32.9 0.202568 0.447981 1.65086 0.0115499 0.0209754 329.378
67649 12 0.01 0.4 32.9 -0.443204 0.416412 6.11871 -0.0834689 0.0817142 310.282
69141 12 0.01 0.4 32.9 -0.0737154 -0.119681 3.48859 -0.00721743 -0.0111813 316.739
69246 12 0.01 0.4 32.9 -0.34701 -0.143472 5.59576 -0.0584748 -0.0250755 308.809
69438 12 0.01 0.4 32.9 0.11195 -0.0505239 2.08861 0.00632309 -0.00331085 328.415
69583 12 0.01 0.4 32.9 -0.00451845 0.0254877 1.20609 0.000905487 0.00177273 326.886
70504 12 0.01 0.4 32.9 -0.363996 0.113928 4.42039 -0.0498489 0.0124244 305.385
71130 12 0.01 0.4 32.9 -0.255739 0.0883122 5.05342 -0.0377067 0.0105209 304.354
72201 12 0.01 0.4 32.9 0.18912 0.107674 1.57104 0.00872396 0.00372251 362.762
72373 12 0.01 0.4 32.9 -0.331862 0.172881 2.26137 -0.0203285 0.0112698 338.993
74342 12 0.01 0.4 32.9 0.434543 0.118926 1.66888 0.0222384 0.00586633 334.159
78270 12 0.01 0.4 32.9 0.172412 -0.143935 1.62013 0.00870884 -0.00758284 299.642
78316 12 0.01 0.4 32.9 -0.0864971 0.488319 2.01618 -0.00500856 0.0284426 335.577
78330 12 0.01 0.4 32.9 0.180881 -0.116103 1.28296 0.00582166 -0.00532227 348.038
78544 12 0.01 0.4 32.9 0.112613 0.243653 1.56454 0.00380646 0.00978986 362.71
78990 12 0.01 0.4 32.9 0.00342662 -0.195062 1.2065 0.00134933 -0.00802488 347.907
79180 12 0.01 0.4 32.9 -0.124952 0.13343 1.217 -0.00387908 0.00514692 333.521
79303 12 0.01 0.4 32.9 0.12775 0.244884 7.05288 0.027956 0.0543042 306.249
79712 12 0.01 0.4 32.9 0.115888 -0.304172 4.63909 0.0179875 -0.0450855 307.376
80130 12 0.01 0.4 32.9 0.125416 0.171515 2.03084 0.00740552 0.00933967 325.818
81608 12 0.01 0.4 32.9 -0.136784 0.407697 0.990786 -0.00252475 0.0111075 343.295
81831 12 0.01 0.4 32.9 -0.210614 -0.347886 2.59554 -0.0139315 -0.0308335 315.591
82498 12 0.01 0.4 32.9 -0.452146 0.356912 2.54064 -0.0350595 0.0283259 356.501
83756 12 0.01 0.4 32.9 0.400082 0.364531 5.08561 0.0619111 0.0574686 315.974
84164 12 0.01 0.4 32.9 -0.330262 0.21824 1.38459 -0.0150207 0.00726476 311.873
84314 12 0.01 0.4 32.9 0.438442 0.339185 2.90769 0.0368527 0.0318123 321.875
84858 12 0.01 0.4 32.9 -0.336054 -0.17872 2.61303 -0.0261343 -0.0142073 320.275
85439 12 0.01 0.4 32.9 0.262937 -0.118102 1.34159 0.00973674 -0.00632449 309.826
87276 12 0.01 0.4 32.9 0.44824 0.071584 1.19145 0.0166425 -0.00120823 349.119
88147 12 0.01 0.4 32.9 -0.246514 0.195415 2.66343 -0.0201712 0.0157732 334.494
88694 12 0.01 0.4 32.9 0.467423 0.43773 1.54122 0.021358 0.0195288 345.673
89257 12 0.01 0.4 32.9 0.349637 -0.228775 2.07807 0.0222092 -0.0158912 318.292
91851 12 0.01 0.4 32.9 0.392728 0.397955 1.36977 0.0157594 0.0138777 314.881
92429 12 0.01 0.4 32.9 -0.0190718 -0.299416 3.33298 -0.00121856 -0.0315272 307.175
94346 12 0.01 0.4 32.9 0.407883 0.060559 1.56875 0.0174507 0.00204762 343.785
94357 12 0.01 0.4 32.9 0.100215 0.301345 4.4656 0.0143832 0.0408053 313.08
94543 12 0.01 0.4 32.9 0.257071 0.084681 2.25289 0.0152489 0.00796503 325.358
95318 12 0.01 0.4 32.9 -0.075193 0.427969 1.90839 -0.00531381 0.0231353 363.493
95546 12 0.01 0.4 32.9 0.497677 0.00545257 1.29663 0.0181741 0.000862946 341.546
95770 12 0.01 0.4 32.9 -0.458739 0.25947 1.79457 -0.0248258 0.0131534 335.25
96279 12 0.01 0.4 32.9 0.257641 -0.250311 5.148 0.0408072 -0.0413143 314.748
96315 12 0.01 0.4 32.9 -0.0707918 0.00191681 1.5348 -0.00255346 0.000205384 349
97121 12 0.01 0.4 32.9 0.343801 -0.257788 5.01682 0.0541731 -0.0402592 307.276
97250 12 0.01 0.4 32.9 0.380118 0.263834 2.87234 0.0336657 0.0230976 317.628
99479 12 0.01 0.4 32.9 0.156736 0.451325 2.36055 0.011379 0.0316018 339.629
99744 12 0.01 0.4 32.9 -0.0824922 -0.0239402 2.25218 -0.00384141 0.00100223 318.954
102271 12 0.01 0.4 32.9 0.00487744 0.132745 2.87468 0.00289919 0.0118582 321.453
102946 12 0.01 0.4 32.9 -0.0893769 0.0829257 5.33899 -0.0161897 0.0135806 310.232
103383 12 0.01 0.4 32.9 0.303791 -0.374666 1.94988 0.0194198 -0.0231833 325.513
104079 12 0.01 0.4 32.9 0.0979391 -0.30431 3.96331 0.010647 -0.0376741 324.678
105357 12 0.01 0.4 32.9 -0.296059 -0.28177 2.094 -0.0217483 -0.0199854 301.196
105389 12 0.01 0.4 32.9 0.0276208 0.477848 10.894 0.00731916 0.157083 300.6
105607 12 0.01 0.4 32.9 -0.251623 -0.370104 2.71281 -0.0210555 -0.0314157 309.518
107249 12 0.01 0.4 32.9 0.224339 -0.305255 2.79221 0.0188999 -0.0248682 323.607
107639 12 0.01 0.4 32.9 0.371001 0.0773533 1.15389 0.0149746 0.00377949 307.439
107676 12 0.01 0.4 32.9 -0.37304 -0.467342 3.55785 -0.0411291 -0.0491558 315.319
108203 12 0.01 0.4 32.9 0.436178 0.311894 2.68973 0.0357641 0.0258609 308.702
108522 12 0.01 0.4 32.9 0.316369 -0.148466 2.91893 0.0279405 -0.0139536 309.434
108986 12 0.01 0.4 32.9 -0.488363 -0.22175 0.649317 -0.00877918 -0.000902558 315.853
111044 12 0.01 0.4 32.9 -0.282091 -0.117259 4.05166 -0.0345811 -0.015287 314.935
112123 12 0.01 0.4 32.9 0.359513 -0.0897859 2.9367 0.0348543 -0.00785431 316.567
114639 12 0.01 0.4 32.9 0.440228 0.165749 0.998601 0.013577 0.00530867 335.45
117331 12 0.01 0.4 32.9 -0.136184 -0.301663 3.45551 -0.0136242 -0.0334675 310.211
117917 12 0.01 0.4 32.9 0.218496 0.206238 1.22255 0.00892336 0.00814002 335.591
118218 12 0.01 0.4 32.9 -0.0694307 -0.446941 0.817279 -0.00169666 -0.0110979 335.548
119135 12 0.01 0.4 32.9 0.109572 0.437289 1.32591 0.00360375 0.0188327 364.892
121143 12 0.01 0.4 32.9 0.424561 -0.00249002 4.12192 0.0525317 -0.00184961 317.416
121149 12 0.01 0.4 32.9 0.140662 0.295232 4.00183 0.0177857 0.0338635 303.785
121924 12 0.01 0.4 32.9 -0.441877 0.141635 1.45342 -0.0201209 0.00559071 323.787
122006 12 0.01 0.4 32.9 -0.496101 0.134521 3.64486 -0.0541351 0.0158662 310.532
123307 12 0.01 0.4 32.9 -0.151182 0.16663 1.08471 -0.00600568 0.00687543 334.608
123660 12 0.01 0.4 32.9 0.104825 0.181369 3.7762 0.011465 0.0192358 328.513
123843 12 0.01 0.4 32.9 0.275839 0.0537236 3.01064 0.0237522 0.00565979 328.358
124134 12 0.01 0.4 32.9 -0.347145 0.39887 2.95729 -0.0318113 0.033596 329.587
124688 12 0.01 0.4 32.9 -0.488752 -0.000737789 3.48747 -0.0529794 0.0023458 330.373
127993 12 0.01 0.4 32.9 -0.117248 -0.339716 2.05147 -0.00698458 -0.0213969 337.151
128736 12 0.01 0.4 32.9 -0.251552 -0.140147 2.35596 -0.018439 -0.0090442 346.372
129062 12 0.01 0.4 32.9 0.247474 0.165881 5.74708 0.0425053 0.030926 311.574
129734 12 0.01 0.4 32.9 -0.214172 0.297823 2.95513 -0.0195018 0.0287568 327.109
132395 12 0.01 0.4 32.9 -0.227005 0.0934292 3.18234 -0.0208682 0.0106153 308.017
132716 12 0.01 0.4 32.9 -0.291791 0.345276 2.74857 -0.027995 0.0292594 348.31
132921 12 0.01 0.4 32.9 -0.266171 -0.281854 2.08686 -0.017945 -0.0163649 354.667
135667 12 0.01 0.4 32.9 -0.047915 0.328496 2.98919 -0.00545298 0.0287583 334.243
136840 12 0.01 0.4 32.9 -0.447963 0.0316586 2.37447 -0.0327258 0.000840345 348.881
140153 12 0.01 0.4 32.9 -0.186041 -0.134128 1.42687 -0.00909276 -0.00494351 364.077
140611 12 0.01 0.4 32.9 0.330951 -0.460414 0.982035 0.0106381 -0.013753 329.161
140709 12 0.01 0.4 32.9 -0.427221 -0.45893 3.18942 -0.0451464 -0.0449491 326.977
141806 12 0.01 0.4 32.9 0.34182 -0.154139 2.17728 0.020496 -0.0100096 365.126
142387 12 0.01 0.4 32.9 0.112388 -0.272163 3.3391 0.00960791 -0.0297991 303.573
142857 12 0.01 0.4 32.9 0.414531 -0.0700424 3.47414 0.0420333 -0.00665703 321.017
142997 12 0.01 0.4 32.9 -0.298782 0.00226154 4.66348 -0.0401775 -2.82532e-05 319.197
143213 12 0.01 0.4 32.9 -0.390864 -0.400771 3.30408 -0.0382734 -0.0413012 338.215
143318 12 0.01 0.4 32.9 -0.208692 -0.0892714 2.36859 -0.016184 -0.00782181 307.023
145605 12 0.01 0.4 32.9 -0.0292596 0.237979 3.64955 -0.00345547 0.0271515 322.594
146351 12 0.01 0.4 32.9 -0.0109006 0.224569 3.63947 -0.00278462 0.0244365 315.382
147591 12 0.01 0.4 32.9 0.306388 0.359747 2.20063 0.0219499 0.0247218 298.915
147698 12 0.01 0.4 32.9 0.296543 -0.127583 1.44651 0.0129168 -0.00562214 362.417
148081 12 0.01 0.4 32.9 0.372758 -0.247527 0.777753 0.00785885 -0.00794895 326.955
148422 12 0.01 0.4 32.9 -0.0370544 0.332001 0.929169 -0.00263691 0.0106731 312.57
148639 12 0.01 0.4 32.9 -0.289205 -0.467859 2.39684 -0.0207324 -0.0327135 314.189
150410 12 0.01 0.4 32.9 -0.385397 0.452034 3.98305 -0.047524 0.0563229 322.05
150534 12 0.01 0.4 32.9 0.0312599 0.0522688 2.9156 0.00448421 0.00572931 304.316
151789 12 0.01 0.4 32.9 -0.366724 -0.143986 2.50577 -0.0277846 -0.0102847 303.882
152802 12 0.01 0.4 32.9 -0.192506 0.471412 6.52075 -0.0382766 0.0942977 300.776
153584 12 0.01 0.4 32.9 -0.251952 0.437713 1.89738 -0.0131919 0.0267493 351.875
155137 12 0.01 0.4 32.9 0.144289 -0.11734 3.22391 0.0140286 -0.0121886 340.168
156200 12 0.01 0.4 32.9 0.0663767 -0.305714 3.36463 0.00641923 -0.0302256 334.081
156341 12 0.01 0.4 32.9 0.0685683 0.40761 3.63691 0.00762503 0.0440839 319.415
158471 12 0.01 0.4 32.9 0.370132 0.422224 1.20035 0.0128519 0.0156134 321
159560 12 0.01 0.4 32.9 0.474376 0.0223268 4.12821 0.0602138 0.00212211 322.729
159933 12 0.01 0.4 32.9 0.0511445 -0.216685 10.1456 0.0155579 -0.0650137 300.891
162284 12 0.01 0.4 32.9 0.462647 0.407229 2.78565 0.0412977 0.0339146 326.838
162367 12 0.01 0.4 32.9 0.308006 0.0221822 1.49654 0.0137608 0.00162431 366.917
162433 12 0.01 0.4 32.9 0.0135526 -0.0119167 11.7244 0.00355074 -0.00512961 298.973
162606 12 0.01 0.4 32.9 0.358768 0.490485 2.41896 0.0248794 0.036368 357.756
162981 12 0.01 0.4 32.9 0.256833 0.0214822 1.27827 0.0117303 0.0015377 314.695
164423 12 0.01 0.4 32.9 0.237716 0.255653 4.05178 0.0310088 0.0304667 326.976
164939 12 0.01 0.4 32.9 0.135411 0.211665 0.721546 0.00426587 0.00542511 317.884
168272 12 0.01 0.4 32.9 -0.387395 -0.452455 1.95881 -0.0213134 -0.0278042 351.591
171249 12 0.01 0.4 32.9 0.194125 0.447968 1.2896 0.0076227 0.0143043 350.374
171891 12 0.01 0.4 32.9 -0.0558374 -0.319406 1.33767 -0.00436396 -0.0143807 337.021
173227 12 0.01 0.4 32.9 0.06337 -0.477422 2.30257 0.00306577 -0.0328621 341.53
173930 12 0.01 0.4 32.9 -0.464054 0.288191 3.1887 -0.0467456 0.0295789 330.262
176615 12 0.01 0.4 32.9 -0.118335 -0.482081 5.3172 -0.0195575 -0.0794712 303.306
177733 12 0.01 0.4 32.9 -0.149588 0.433178 4.17206 -0.0173644 0.0555369 313.534
177785 12 0.01 0.4 32.9 -0.440985 -0.0466209 5.5283 -0.0761955 -0.00681912 313.383
180776 12 0.01 0.4 32.9 -0.225781 -0.0863527 3.68388 -0.0240934 -0.0123149 329.148
181392 12 0.01 0.4 32.9 -0.0518417 -0.295342 3.37004 -0.00550129 -0.0302079 319.399
181584 12 0.01 0.4 32.9 -0.0445351 -0.0123546 2.4656 -0.00345044 -0.000327182 358.211
182130 12 0.01 0.4 32.9 -0.376219 -0.388291 3.0247 -0.0348865 -0.0357352 345.022
182207 12 0.01 0.4 32.9 0.107441 0.336657 1.15936 0.00331736 0.00958265 320.223
183265 12 0.01 0.4 32.9 0.469441 -0.134331 1.63552 0.0240391 -0.00664468 330.96
186878 12 0.01 0.4 32.9 0.448556 0.246166 3.17593 0.0427152 0.023778 325.12
188133 12 0.01 0.4 32.9 0.284467 -0.325446 5.32863 0.0440228 -0.0539838 306.918
189888 12 0.01 0.4 32.9 0.407479 -0.388587 7.10247 0.0869819 -0.0817362 302.896
190172 12 0.01 0.4 32.9 0.0606951 -0.444669 4.121 0.0094729 -0.0528961 308.123
191510 12 0.01 0.4 32.9 0.40751 -0.176059 1.78403 0.0216367 -0.00998764 345.585
191904 12 0.01 0.4 32.9 -0.4612 0.214037 1.91489 -0.0272742 0.0122066 328.223
192181 12 0.01 0.4 32.9 -0.282963 -0.0642146 0.934997 -0.00823665 -0.00406972 339.592
192476 12 0.01 0.4 32.9 0.0466479 -0.132226 1.67476 0.00130099 -0.00643781 330.45
193903 12 0.01 0.4 32.9 0.371497 0.335212 1.57452 0.0166954 0.0145624 367.561
194371 12 0.01 0.4 32.9 0.127241 0.242614 1.35586 0.00609009 0.00813069 345.294
195406 12 0.01 0.4 32.9 -0.0800259 -0.363115 3.73309 -0.00972051 -0.0397627 320.55
195537 12 0.01 0.4 32.9 -0.003443 0.468672 4.26528 -0.00134049 0.0593455 321.862
196123 12 0.01 0.4 32.9 0.240976 -0.46624 2.29357 0.0169881 -0.0296219 337.186
197421 12 0.01 0.4 32.9 0.460157 0.188276 0.992691 0.0125396 0.0042658 351.451
197689 12 0.01 0.4 32.9 0.365078 0.131361 3.57672 0.0399146 0.0165343 322.609
198381 12 0.01 0.4 32.9 0.175957 0.428669 2.99037 0.0145439 0.0379883 322.892
199549 12 0.01 0.4 32.9 -0.42403 -0.213949 3.83057 -0.0507771 -0.0239822 300.101
200467 12 0.01 0.4 32.9 -0.0730246 0.403238 2.31322 -0.00298379 0.0280626 361.305
201531 12 0.01 0.4 32.9 -0.44601 -0.398068 0.832628 -0.0109935 -0.0120443 337.682
203445 12 0.01 0.4 32.9 -0.434533 -0.0890638 2.02377 -0.0248358 -0.00687808 334.902
203915 12 0.01 0.4 32.9 -0.152186 -0.322303 2.81508 -0.0135481 -0.0252222 312.081
204098 12 0.01 0.4 32.9 -0.175194 0.172275 1.6936 -0.00940904 0.0120825 338.24
204303 12 0.01 0.4 32.9 0.25035 0.426702 2.38881 0.0189518 0.0304703 338.018
204398 12 0.01 0.4 32.9 -0.101017 0.0354247 3.3562 -0.0123234 0.00381414 310.187
209544 12 0.01 0.4 32.9 0.305222 -0.441776 4.00276 0.0374087 -0.0520478 325.359
210620 12 0.01 0.4 32.9 -0.471851 0.380002 1.25181 -0.0180572 0.0145937 356.661
212001 12 0.01 0.4 32.9 -0.405011 0.259024 1.26168 -0.0167244 0.00836769 342.378
212030 12 0.01 0.4 32.9 0.469097 -0.48459 3.66758 0.0522161 -0.0545574 319.118
212647 12 0.01 0.4 32.9 -0.462514 0.260715 2.52285 -0.0357587 0.0184209 326.731
213553 12 0.01 0.4 32.9 0.248754 -0.341618 5.29049 0.0416927 -0.054314 312.164
214855 12 0.01 0.4 32.9 -0.498303 0.0946122 7.2522 -0.109371 0.0213997 302.956
215577 12 0.01 0.4 32.9 -0.263802 0.129482 2.77036 -0.0241514 0.0132054 307.407
215865 12 0.01 0.4 32.9 -0.285317 0.475099 4.64542 -0.0396597 0.067662 310.946
216742 12 0.01 0.4 32.9 -0.230219 -0.175438 1.5886 -0.0116312 -0.00898649 339.248
219993 12 0.01 0.4 32.9 -0.467184 0.00205568 3.13762 -0.0468206 0.0007364 330.587
220274 12 0.01 0.4 32.9 -0.0129912 0.0699188 2.12193 -0.00135551 0.00461973 328.381
221169 12 0.01 0.4 32.9 -0.18463 0.350158 0.766854 -0.00394982 0.0110168 326.774
221622 12 0.01 0.4 32.9 -0.486357 0.244213 2.22474 -0.0357336 0.014676 329.908
221751 12 0.01 0.4 32.9 0.40703 -0.0522606 4.05149 0.0513447 -0.00641267 326.904
221929 12 0.01 0.4 32.9 -0.350321 0.0223241 0.501982 -0.0066119 5.45628e-05 303.136
226903 12 0.01 0.4 32.9 -0.254236 0.194146 1.66967 -0.0116802 0.0102813 344.459
229589 12 0.01 0.4 32.9 -0.362137 0.072898 2.41147 -0.0252375 0.00562368 350.716
230097 12 0.01 0.4 32.9 0.237944 -0.238735 7.83866 0.0541491 -0.0575687 300.3
230800 12 0.01 0.4 32.9 -0.205354 -0.249189 2.91565 -0.0165503 -0.0239078 313.15
233962 12 0.01 0.4 32.9 0.0204042 0.118917 4.58333 0.0057714 0.0176713 318.555
234421 12 0.01 0.4 32.9 0.0315893 -0.467834 3.26312 0.00291191 -0.0473065 331.498
236192 12 0.01 0.4 32.9 -0.138247 -0.364536 1.38432 -0.00495191 -0.0155708 310.157
238467 12 0.01 0.4 32.9 0.434607 -0.0647061 3.03273 0.0376048 -0.00708653 330.787
238500 12 0.01 0.4 32.9 0.36003 -0.170029 4.44825 0.0484084 -0.0207694 312.013
238657 12 0.01 0.4 32.9 -0.372465 -0.0378941 4.02052 -0.0447589 -0.0029925 327.297
239852 12 0.01 0.4 32.9 -0.0534618 -0.491505 6.57606 -0.00964784 -0.0970516 307.587
242870 12 0.01 0.4 32.9 -0.499056 -0.36514 1.11677 -0.0169262 -0.0142562 343.982
245631 12 0.01 0.4 32.9 -0.450507 0.0522389 2.13511 -0.0312998 0.00353406 353.88
245774 12 0.01 0.4 32.9 0.333962 0.12807 2.83697 0.0294066 0.0110397 319.93
249508 12 0.01 0.4 32.9 -0.366328 0.17737 1.03032 -0.013103 0.00288627 361.325
250515 12 0.01 0.4 32.9 -0.398464 0.190603 0.330665 -0.00212136 0.00281144 309.787
250679 12 0.01 0.4 32.9 0.355358 0.430019 0.856307 0.00977571 0.0104645 354.516
250977 12 0.01 0.4 32.9 0.102582 0.350287 2.94584 0.00969047 0.0308835 325.126
251782 12 0.01 0.4 32.9 -0.191118 0.467603 1.89416 -0.0141614 0.0289301 350.3
254071 12 0.01 0.4 32.9 0.399124 0.000912354 3.80174 0.0468108 9.43127e-05 328.062
254091 12 0.01 0.4 32.9 -0.168159 0.33617 4.05242 -0.0211621 0.0430218 324.887
254441 12 0.01 0.4 32.9 -0.378534 0.399914 0.87376 -0.00979155 0.0100233 330.812
255596 12 0.01 0.4 32.9 -0.250364 0.142999 3.16142 -0.0233133 0.0141311 330.821
256281 12 0.01 0.4 32.9 0.342427 -0.271324 1.70208 0.0155716 -0.0141335 332.3
256882 12 0.01 0.4 32.9 -0.394985 -0.305597 0.481693 -0.00575692 -0.00642341 334.949
257213 12 0.01 0.4 32.9 0.0736587 -0.422863 3.0162 0.00762371 -0.0383818 335.755
257953 12 0.01 0.4 32.9 -0.320338 0.475045 1.9923 -0.0192343 0.0317839 308.994
258532 12 0.01 0.4 32.9 -0.164115 -0.251381 2.52795 -0.0121002 -0.0166295 357.135
259553 12 0.01 0.4 32.9 0.317838 0.365861 1.14818 0.0125321 0.0120997 339.402
261715 12 0.01 0.4 32.9 0.223672 0.0640237 1.33022 0.00991658 0.00176676 332.097
263203 12 0.01 0.4 32.9 -0.0122083 -0.200831 1.66853 0.000208701 -0.0114635 325.885
263392 12 0.01 0.4 32.9 -0.225762 0.0736937 0.861712 -0.00523353 0.00329598 335.763
264499 12 0.01 0.4 32.9 -0.222318 -0.352098 3.57532 -0.0242462 -0.0385047 311.629
265460 12 0.01 0.4 32.9 0.135892 -0.0543556 0.395008 0.00526419 0.000349965 301.81
267535 12 0.01 0.4 32.9 -0.258236 -0.256256 1.43296 -0.0118965 -0.00962054 329.895
268249 12 0.01 0.4 32.9 -0.024464 0.349928 0.728948 -0.000791912 0.00875516 322.645
268373 12 0.01 0.4 32.9 0.477741 -0.335967 3.39812 0.0508828 -0.0317681 314.917
269539 12 0.01 0.4 32.9 -0.254103 0.384512 6.93647 -0.0560097 0.0785604 307.027
273866 12 0.01 0.4 32.9 0.313737 -0.011624 1.82055 0.0177477 -0.00122116 306.151
273872 12 0.01 0.4 32.9 -0.238287 0.19209 5.62086 -0.0399976 0.0323799 312.994
274374 12 0.01 0.4 32.9 0.106281 0.470251 6.11611 0.0236995 0.0882609 308.31
275004 12 0.01 0.4 32.9 0.240086 -0.424016 2.04363 0.0173288 -0.0283976 329.904
276124 12 0.01 0.4 32.9 -0.170805 -0.244875 1.62313 -0.0100762 -0.00903198 334.15
276778 12 0.01 0.4 32.9 0.348281 0.0193716 5.04015 0.0516551 0.00466 315.08
276836 12 0.01 0.4 32.9 -0.400163 -0.0963512 1.60057 -0.0180009 -0.00470751 349.267
276926 12 0.01 0.4 32.9 -0.0643357 -0.0217685 0.327272 -0.00237829 -0.00109996 309.19
277245 12 0.01 0.4 32.9 -0.373882 0.45947 2.861 -0.0338439 0.0406209 330.588
279527 12 0.01 0.4 32.9 0.186227 0.0955008 5.91242 0.0328464 0.0159367 307.82
280875 12 0.01 0.4 32.9 0.268843 -0.288438 2.61509 0.0217653 -0.023379 353.267
281573 12 0.01 0.4 32.9 0.267749 -0.492996 0.859234 0.00919976 -0.0137684 320.874
282536 12 0.01 0.4 32.9 -0.188559 -0.328552 1.82334 -0.0114217 -0.0198131 368.926
283268 12 0.01 0.4 32.9 0.362413 0.380278 6.39774 0.0724044 0.0747068 307.171
284057 12 0.01 0.4 32.9 0.180206 0.0632285 3.30262 0.0183914 0.00663502 333.186
286416 12 0.01 0.4 32.9 -0.0808234 0.195075 2.26149 -0.00637139 0.0133409 361.446
286471 12 0.01 0.4 32.9 -0.284711 -0.357009 4.80782 -0.0441549 -0.0496999 302.088
288535 12 0.01 0.4 32.9 -0.307309 0.016537 2.66762 -0.0249204 -0.00127987 312.294
289405 12 0.01 0.4 32.9 0.0420363 -0.420042 5.73307 0.00767721 -0.0731509 305.964
289574 12 0.01 0.4 32.9 -0.481494 0.194522 1.96325 -0.027581 0.0118168 340.147
289717 12 0.01 0.4 32.9 0.477991 -0.0872405 3.68199 0.0553008 -0.0106841 330.386
291250 12 0.01 0.4 32.9 0.0623704 -0.341024 0.619187 0.00195314 -0.00888849 326.747
292431 12 0.01 0.4 32.9 -0.0860506 -0.489926 1.38642 -0.00394923 -0.0232205 311.259
295075 12 0.01 0.4 32.9 -0.163825 0.141306 1.83044 -0.00785494 0.00858818 366.128
295407 12 0.01 0.4 32.9 0.0455944 -0.166564 3.20067 0.00580698 -0.0155761 331.703
295869 12 0.01 0.4 32.9 -0.043362 -0.0664267 0.660825 0.000421962 -0.00124149 340.732
297128 12 0.01 0.4 32.9 -0.466607 0.43064 1.29047 -0.0183283 0.0168299 329.746
298065 12 0.01 0.4 32.9 -0.444179 0.203795 2.83232 -0.0389707 0.0168275 345.284
299761 12 0.01 0.4 32.9 0.187109 -0.215454 4.0687 0.0236464 -0.0280211 306.015
300044 12 0.01 0.4 32.9 0.445977 0.347386 3.06518 0.0410961 0.0315335 323.032
300829 12 0.01 0.4 32.9 0.0266877 -0.485906 1.77999 0.00122813 -0.0263928 308.093
303612 12 0.01 0.4 32.9 0.0787657 0.395301 2.72082 0.0095343 0.0313857 349.613
304401 12 0.01 0.4 32.9 -0.0453371 -0.112827 1.39962 -0.00142163 -0.00552723 351.035
304446 12 0.01 0.4 32.9 0.0610679 0.444139 3.02979 0.00680498 0.0424402 315.147
305637 12 0.01 0.4 32.9 -0.0884097 0.23778 1.39083 -0.00311701 0.0115874 328.701
306156 12 0.01 0.4 32.9 0.0851405 0.222956 1.37039 0.00486897 0.00909164 318.256
306429 12 0.01 0.4 32.9 0.305193 0.433442 3.10638 0.0308935 0.0406021 324.421
310130 12 0.01 0.4 32.9 0.175531 -0.490037 2.04565 0.00911796 -0.0292687 314.03
310266 12 0.01 0.4 32.9 0.186728 -0.245518 1.52041 0.00705531 -0.00929198 327.821
312392 12 0.01 0.4 32.9 -0.15837 0.162305 1.92051 -0.00792067 0.00880467 333.749
312637 12 0.01 0.4 32.9 -0.157963 0.0401008 1.24235 -0.0069304 0.0023848 349.548
313589 12 0.01 0.4 32.9 0.257582 0.0563149 3.13898 0.0254381 0.00360404 321.81
315261 12 0.01 0.4 32.9 -0.496018 -0.392696 2.02345 -0.031208 -0.0246885 313.094
315751 12 0.01 0.4 32.9 0.491665 -0.199802 2.0336 0.0310666 -0.0102664 324.641
317612 12 0.01 0.4 32.9 -0.121069 -0.274507 3.15049 -0.0123236 -0.0282147 339.54
321265 12 0.01 0.4 32.9 0.324774 0.151839 3.54176 0.0361263 0.0159601 323.145
322385 12 0.01 0.4 32.9 -0.359204 -0.413795 4.12756 -0.0439732 -0.0531984 317.25
324861 12 0.01 0.4 32.9 0.223199 -0.307091 2.35384 0.0143066 -0.0204279 352.365
324914 12 0.01 0.4 32.9 0.289724 -0.301484 2.50927 0.0215733 -0.0227295 307.392
325539 12 0.01 0.4 32.9 -0.203 -0.293959 2.11857 -0.0113248 -0.0177147 363.689
326445 12 0.01 0.4 32.9 -0.470062 -0.105284 5.74556 -0.0819465 -0.019606 303.222
326485 12 0.01 0.4 32.9 0.144057 -0.188399 1.52841 0.00806231 -0.00999936 344.234
326845 12 0.01 0.4 32.9 -0.161948 -0.48884 3.34695 -0.0160735 -0.0479162 327.781
329448 12 0.01 0.4 32.9 0.275894 -0.155149 1.8941 0.0154233 -0.00802782 362.285
329795 12 0.01 0.4 32.9 0.383089 -0.472518 0.725068 0.00866905 -0.0117988 341.3
330208 12 0.01 0.4 32.9 -0.257285 -0.260552 0.627216 -0.00508034 -0.00652374 328.212
330378 12 0.01 0.4 32.9 -0.279762 0.477387 3.14754 -0.0271429 0.0428153 330.72
332675 12 0.01 0.4 32.9 -0.460937 -0.496712 1.93194 -0.025691 -0.0279682 347.461
332824 12 0.01 0.4 32.9 -0.0880617 0.182315 1.63656 -0.00388685 0.00982596 333.591
332883 12 0.01 0.4 32.9 0.171902 -0.167407 2.06644 0.0108039 -0.0101204 322.002
333058 12 0.01 0.4 32.9 0.175084 -0.180924 3.65597 0.0191589 -0.019613 296.603
333061 12 0.01 0.4 32.9 -0.453877 0.490015 1.62532 -0.0243335 0.0255576 327.343
333293 12 0.01 0.4 32.9 -0.368449 -0.281421 2.22752 -0.0234103 -0.0196303 315.866
333358 12 0.01 0.4 32.9 0.147085 0.491265 5.76407 0.0255178 0.0861141 306.379
334608 12 0.01 0.4 32.9 -0.153489 -0.473381 1.08902 -0.00575552 -0.0174598 323.989
336361 12 0.01 0.4 32.9 -0.487962 0.0675077 2.59469 -0.0419254 0.00712824 310.983
336937 12 0.01 0.4 32.9 0.361106 -0.114448 0.67876 0.00884188 -0.00260975 329.077
337965 12 0.01 0.4 32.9 -0.158508 -0.337388 4.33035 -0.0201304 -0.0444176 322.926
338286 12 0.01 0.4 32.9 0.322733 0.0347807 2.44655 0.0248273 0.00146318 338.806
339568 12 0.01 0.4 32.9 0.449111 -0.279047 0.860935 0.0123137 -0.0081982 331.496
340827 12 0.01 0.4 32.9 -0.298471 0.115375 1.08472 -0.00930893 0.001838 337.531
341762 12 0.01 0.4 32.9 0.163431 -0.237103 2.84276 0.0132998 -0.0197407 332.207
341843 12 0.01 0.4 32.9 0.142381 0.0905775 0.97064 0.00713689 0.00524387 352.651
343257 12 0.01 0.4 32.9 0.390823 0.46752 5.8004 0.0688532 0.0823184 311.435
343684 12 0.01 0.4 32.9 -0.250108 0.00410119 19.2194 -0.148537 0.00297467 297.122
343949 12 0.01 0.4 32.9 0.223746 0.346051 3.09263 0.0195322 0.0329349 340.317
345932 12 0.01 0.4 32.9 -0.305191 0.260729 2.14454 -0.0182243 0.0204901 335.136
347189 12 0.01 0.4 32.9 -0.161892 0.0251015 3.46462 -0.0163721 0.00316521 325.156
347527 12 0.01 0.4 32.9 -0.496057 -0.258524 2.24699 -0.0356568 -0.0179268 339.885
350158 12 0.01 0.4 32.9 0.388687 -0.414297 4.93561 0.059793 -0.0608176 309.98
350213 12 0.01 0.4 32.9 -0.429216 -0.311797 1.45495 -0.0176352 -0.0139093 356.27
350778 12 0.01 0.4 32.9 -0.064059 0.492485 1.89285 -0.00155174 0.0266776 322.383
352374 12 0.01 0.4 32.9 0.0126753 -0.162732 2.62723 0.00120537 -0.0122364 305.907
352886 12 0.01 0.4 32.9 0.33968 -0.14022 1.65528 0.0172263 -0.0058783 356.115
354009 12 0.01 0.4 32.9 0.348759 -0.275521 1.71779 0.0175217 -0.0129606 326.039
354632 12 0.01 0.4 32.9 0.0509141 0.0546912 3.95202 0.00768743 0.00863245 325.095
355001 12 0.01 0.4 32.9 0.232797 -0.469134 3.60031 0.0247626 -0.0500127 306.094
358107 12 0.01 0.4 32.9 -0.0592294 0.444161 1.61876 -0.00242127 0.0244418 322.675
358272 12 0.01 0.4 32.9 -0.251438 0.135535 4.21843 -0.0336601 0.0165537 319.946
359473 12 0.01 0.4 32.9 0.187535 0.0322206 2.08449 0.0115262 0.00263825 306.144
359531 12 0.01 0.4 32.9 0.117914 0.0539723 1.78061 0.00677974 0.00344449 345.674
363200 12 0.01 0.4 32.9 0.104482 -0.36211 1.96722 0.00739297 -0.0192928 314.735
363261 12 0.01 0.4 32.9 0.0508756 -0.332459 3.08866 0.00523023 -0.0274643 342.072
363531 12 0.01 0.4 32.9 -0.182071 -0.289644 0.681928 -0.00436785 -0.00194933 313.748
364117 12 0.01 0.4 32.9 0.104296 0.0969856 1.14822 0.00277119 0.00319189 341.169
364701 12 0.01 0.4 32.9 -0.338961 0.491099 1.64465 -0.0190785 0.0261667 342.239
365214 12 0.01 0.4 32.9 -0.425784 0.119816 1.50335 -0.0176121 0.0061767 318.529
365256 12 0.01 0.4 32.9 -0.431801 0.180448 4.29921 -0.0545283 0.0248212 317.296
368362 12 0.01 0.4 32.9 -0.310633 -0.49941 1.99654 -0.0175995 -0.0279669 322.7
368682 12 0.01 0.4 32.9 -0.0377934 0.326774 2.95725 -0.000979506 0.0293434 323.197
368876 12 0.01 0.4 32.9 0.355049 0.276045 1.78478 0.0214151 0.014883 310.992
370824 12 0.01 0.4 32.9 -0.43043 0.404199 1.45003 -0.0224141 0.0180455 346.413
375086 12 0.01 0.4 32.9 0.493684 -0.412639 3.13097 0.0475524 -0.038614 338.895
375827 12 0.01 0.4 32.9 -0.0527978 -0.277245 1.95007 -0.00330386 -0.0149066 318.414
375880 12 0.01 0.4 32.9 0.393091 0.01036 2.58329 0.0305617 -0.000135382 350.845
376807 12 0.01 0.4 32.9 -0.345971 0.325794 3.21901 -0.0318656 0.0303719 331.464
377364 12 0.01 0.4 32.9 0.0103034 0.395763 3.62771 0.00367818 0.0458868 316.518
378154 12 0.01 0.4 32.9 0.352531 0.318234 1.17689 0.0109071 0.0129731 307.679
378411 12 0.01 0.4 32.9 0.307284 -0.281788 4.45671 0.0417426 -0.0350316 315.055
379811 12 0.01 0.4 32.9 0.162052 -0.480564 1.84404 0.00983129 -0.0262293 330.946
380326 12 0.01 0.4 32.9 0.0801007 0.0448948 2.00622 0.00669083 0.0040896 363.474
381745 12 0.01 0.4 32.9 -0.16396 -0.209424 2.22921 -0.0128499 -0.0144666 325.479
382109 12 0.01 0.4 32.9 0.465197 0.438206 1.78806 0.026293 0.0212886 364.585
385825 12 0.01 0.4 32.9 0.199832 0.139658 2.64622 0.0161702 0.0111753 316.297
388131 12 0.01 0.4 32.9 0.0658178 -0.132529 1.80724 0.0035088 -0.00651624 322.965
391552 12 0.01 0.4 32.9 0.289544 0.433705 1.36991 0.0110102 0.0169627 358.264
392196 12 0.01 0.4 32.9 -0.363353 0.0151941 2.56185 -0.0264556 0.00277002 349.077
392429 12 0.01 0.4 32.9 0.301141 0.296927 0.72869 0.00492307 0.00494853 324.084
392475 12 0.01 0.4 32.9 0.36048 0.0768231 4.3688 0.0474833 0.00916716 319.92
393311 12 0.01 0.4 32.9 -0.164001 0.240445 2.67065 -0.0146123 0.0182011 310.303
393406 12 0.01 0.4 32.9 0.244657 -0.0800431 3.52219 0.0256619 -0.00906923 326.929
394671 12 0.01 0.4 32.9 0.465096 -0.0177144 5.92611 0.0842671 -0.000887544 306.092
395241 12 0.01 0.4 32.9 0.339827 -0.198513 3.31889 0.0327231 -0.0218992 305.469
395680 12 0.01 0.4 32.9 -0.211586 0.164056 3.91192 -0.0250854 0.0178678 316.54
396790 12 0.01 0.4 32.9 0.246938 -0.0967352 0.537311 0.0035109 -0.00202756 311.292
398442 12 0.01 0.4 32.9 0.315465 0.0299241 1.40804 0.0128712 -0.00043913 335.985
400074 12 0.01 0.4 32.9 0.177958 -0.348608 5.07245 0.0275537 -0.0565249 312.391
402844 12 0.01 0.4 32.9 -0.142824 -0.309654 1.84309 -0.00854638 -0.0169226 342.348
403417 12 0.01 0.4 32.9 -0.413571 -0.168282 2.08335 -0.0253857 -0.00993682 346.738
404204 12 0.01 0.4 32.9 -0.267647 0.278932 1.99582 -0.0154194 0.0160087 354.31
405501 12 0.01 0.4 32.9 0.442819 0.490631 0.859543 0.00874113 0.015795 327.412
407308 12 0.01 0.4 32.9 -0.262426 -0.133338 1.41086 -0.0110819 -0.00727679 356.385
408623 12 0.01 0.4 32.9 -0.0901845 0.365121 4.63383 -0.0119849 0.0505686 311.828
411053 12 0.01 0.4 32.9 -0.381926 -0.297314 2.35031 -0.0276358 -0.0207653 353.3
411641 12 0.01 0.4 32.9 0.0627194 -0.404658 2.39492 0.00159798 -0.0293911 347.595
412009 12 0.01 0.4 32.9 -0.37033 -0.134529 1.47744 -0.0168226 -0.0053484 363.634
412969 12 0.01 0.4 32.9 -0.0167938 -0.367142 2.5571 -0.00188341 -0.0272077 337.151
415202 12 0.01 0.4 32.9 0.171775 0.011579 2.11934 0.0135029 0.0028575 324.434
415329 12 0.01 0.4 32.9 -0.351353 0.403186 1.30216 -0.0132802 0.0156818 320.709
415902 12 0.01 0.4 32.9 -0.486187 0.40183 3.12685 -0.0438507 0.0339894 321.536
416991 12 0.01 0.4 32.9 -0.176274 0.238837 2.33804 -0.0139301 0.0189541 319.71
417382 12 0.01 0.4 32.9 -0.238325 -0.00963228 8.72283 -0.0623414 -0.00214866 296.899
417682 12 0.01 0.4 32.9 0.328048 -0.0962097 1.9241 0.0183661 -0.00537989 366.494
419126 12 0.01 0.4 32.9 -0.115315 -0.320587 2.74416 -0.010265 -0.0276339 310.676
419902 12 0.01 0.4 32.9 -0.343284 0.468633 2.5227 -0.0244626 0.0343971 345.267
420945 12 0.01 0.4 32.9 0.181082 0.194723 6.73554 0.0370283 0.0438759 307.407
422398 12 0.01 0.4 32.9 0.0853314 0.239238 2.11071 0.00324595 0.0136422 339.974
422508 12 0.01 0.4 32.9 0.467949 -0.262545 1.99457 0.0268021 -0.0155087 335.66
424717 12 0.01 0.4 32.9 0.212543 0.484328 1.79696 0.012326 0.0251199 352.849
427018 12 0.01 0.4 32.9 -0.324811 -0.151625 14.2402 -0.140984 -0.0651091 298.347
427263 12 0.01 0.4 32.9 0.360613 -0.199021 1.38858 0.0165992 -0.00865422 321.529
427550 12 0.01 0.4 32.9 -0.371193 -0.0633881 4.63046 -0.0512636 -0.0117691 309.842
427588 12 0.01 0.4 32.9 0.482024 0.3416 2.50248 0.0386142 0.0255931 325.661
428256 12 0.01 0.4 32.9 0.0643623 0.110711 1.06076 0.00158634 0.00477215 351.607
429915 12 0.01 0.4 32.9 0.466522 -0.124373 3.16894 0.0447153 -0.0117403 340.415
430596 12 0.01 0.4 32.9 0.259129 -0.341956 1.73851 0.0144112 -0.018863 308.725
430966 12 0.01 0.4 32.9 -0.083042 -0.159535 2.46479 -0.00773446 -0.0120288 337.928
431445 12 0.01 0.4 32.9 -0.28281 0.47962 4.41195 -0.0378545 0.0640443 304.959
432837 12 0.01 0.4 32.9 0.465955 0.109647 6.23166 0.0884925 0.0198168 305.778
432874 12 0.01 0.4 32.9 0.00496726 0.359887 5.57273 0.000986177 0.0610749 313.28
432878 12 0.01 0.4 32.9 0.065112 0.15918 3.05578 0.00615879 0.0145967 333.759
434903 12 0.01 0.4 32.9 -0.451552 -0.201808 3.37916 -0.0455459 -0.019673 333.931
435487 12 0.01 0.4 32.9 0.0799945 -0.0952595 1.82102 0.00367051 -0.00442078 362.878
436522 12 0.01 0.4 32.9 0.478248 -0.286719 1.42498 0.0208712 -0.013104 341.414
437627 12 0.01 0.4 32.9 0.119899 0.113501 7.75034 0.0301266 0.0274564 301.592
439448 12 0.01 0.4 32.9 -0.0673909 0.243083 2.25592 -0.00296315 0.0167492 343.805
439605 12 0.01 0.4 32.9 0.209896 0.423552 2.52583 0.0131041 0.0308788 356.485
440183 12 0.01 0.4 32.9 -0.311966 -0.184488 0.665632 -0.00727925 -0.00217874 328.36
440701 12 0.01 0.4 32.9 0.491032 -0.162149 2.00765 0.0313769 -0.00987103 333.225
441006 12 0.01 0.4 32.9 -0.449271 -0.361497 1.96065 -0.0260885 -0.0210615 355.224
442571 12 0.01 0.4 32.9 0.431655 -0.215288 1.91084 0.0246152 -0.0124743 360.35
444089 12 0.01 0.4 32.9 -0.39596 -0.188598 2.80334 -0.0359564 -0.0180937 305.865
444857 12 0.01 0.4 32.9 -0.33868 -0.402148 4.00087 -0.0390889 -0.0462376 326.574
445833 12 0.01 0.4 32.9 0.274761 -0.0267675 5.0988 0.0431938 -0.00245946 310.115
446911 12 0.01 0.4 32.9 0.000543291 0.00999339 0.650951 0.000808448 -0.000595124 319.349
447453 12 0.01 0.4 32.9 0.483995 -0.268204 1.07054 0.013978 -0.00827633 312.331
448526 12 0.01 0.4 32.9 -0.150938 -0.499952 1.08578 -0.00693499 -0.0171269 340.64
449476 12 0.01 0.4 32.9 -0.416148 0.446965 2.65046 -0.0328342 0.0359406 333.891
451017 12 0.01 0.4 32.9 0.415461 0.302958 0.736315 0.00758074 0.00563262 337.099
451322 12 0.01 0.4 32.9 -0.330062 -0.187248 1.67241 -0.0158583 -0.0100238 346.314
451512 12 0.01 0.4 32.9 -0.241532 -0.424293 1.1178 -0.00763341 -0.0126334 345.649
453908 12 0.01 0.4 32.9 -0.461543 -0.0791614 2.69162 -0.0369898 -0.00790734 341.444
454701 12 0.01 0.4 32.9 -0.344035 0.114209 2.31162 -0.0259568 0.00603204 319.844
454868 12 0.01 0.4 32.9 -0.146992 0.460901 1.03732 -0.00654654 0.0156098 315.825
455255 12 0.01 0.4 32.9 -0.0746569 -0.297977 1.66908 -0.00502076 -0.0151863 324.396
455987 12 0.01 0.4 32.9 -0.0750858 0.131447 0.917988 -0.00185173 0.00317799 318.784
458472 12 0.01 0.4 32.9 0.2078 -0.177701 3.59887 0.020858 -0.0202158 323.428
459324 12 0.01 0.4 32.9 -0.00504528 0.0847025 2.06023 -0.000146677 0.00766928 350.906
459802 12 0.01 0.4 32.9 0.413435 0.366284 2.20476 0.0295027 0.0252728 306.911
460848 12 0.01 0.4 32.9 -0.328881 0.316884 3.08481 -0.0323111 0.030077 312.628
461710 12 0.01 0.4 32.9 -0.291339 0.345503 3.31944 -0.0298789 0.0371404 337.887
463092 12 0.01 0.4 32.9 0.427616 -0.437868 3.77422 0.0501228 -0.0512442 315.387
463432 12 0.01 0.4 32.9 -0.214317 -0.0407275 1.90296 -0.00981829 -0.00247793 326.097
466300 12 0.01 0.4 32.9 -0.476635 -0.1306 2.01969 -0.0298107 -0.00756086 342.388
466354 12 0.01 0.4 32.9 0.118133 -0.338725 4.23857 0.0166632 -0.044866 320.473
466522 12 0.01 0.4 32.9 0.174749 -0.499717 0.630527 0.00577909 -0.00981324 318.094
468241 12 0.01 0.4 32.9 0.178324 -0.176686 2.40338 0.012463 -0.0129574 356.392
470183 12 0.01 0.4 32.9 0.282445 -0.128059 2.12849 0.0202498 -0.00623559 360.487
470557 12 0.01 0.4 32.9 0.0463999 -0.437708 3.31731 0.00327531 -0.0445561 320.956
471122 12 0.01 0.4 32.9 -0.105265 -0.0041916 4.53021 -0.0164047 -0.00110119 308.449
472305 12 0.01 0.4 32.9 0.0264479 0.0896396 0.836566 -0.00014101 0.000746751 315.196
473156 12 0.01 0.4 32.9 -0.499563 -0.294942 1.28038 -0.0213632 -0.0114533 345.579
473191 12 0.01 0.4 32.9 -0.238264 0.207771 1.67201 -0.0126347 0.00976212 338.15
474783 12 0.01 0.4 32.9 -0.110247 0.330212 1.10583 -0.00477334 0.00881862 314.882
476294 12 0.01 0.4 32.9 0.0458021 -0.0682404 4.03131 0.0053434 -0.00784622 322.609
476428 12 0.01 0.4 32.9 -0.485868 -0.0288611 2.34701 -0.0332944 0.0027058 334.175
476910 12 0.01 0.4 32.9 0.180118 -0.4399 3.48118 0.0180923 -0.0461969 323.656
477137 12 0.01 0.4 32.9 -0.126576 -0.419273 2.6831 -0.0120559 -0.0331514 330.948
478894 12 0.01 0.4 32.9 -0.336555 0.28861 2.92532 -0.0333628 0.0247037 332.967
479546 12 0.01 0.4 32.9 -0.200424 -0.0907881 1.68782 -0.00895399 -0.00590801 336.105
479900 12 0.01 0.4 32.9 0.338251 -0.180186 6.48566 0.0652936 -0.0351738 308.844
480060 12 0.01 0.4 32.9 0.313571 -0.399676 7.83556 0.0745885 -0.095799 297.718
480302 12 0.01 0.4 32.9 0.177035 0.286986 0.629451 0.00220395 0.00521035 328.35
481791 12 0.01 0.4 32.9 0.380967 0.480178 2.44954 0.0289652 0.0339509 358.592
481816 12 0.01 0.4 32.9 -0.299898 0.01506 1.06651 -0.00721601 0.00241509 321.638
482261 12 0.01 0.4 32.9 -0.415373 0.14948 2.51727 -0.0287875 0.0148568 312.135
482413 12 0.01 0.4 32.9 -0.032187 0.208107 0.927477 -0.00116108 0.0051066 334.224
484113 12 0.01 0.4 32.9 -0.499423 -0.472069 1.29675 -0.0216316 -0.0198958 343.639
484311 12 0.01 0.4 32.9 -0.124519 -0.0146711 1.0394 -0.00365285 0.000345413 337.898
484377 12 0.01 0.4 32.9 0.0225874 0.263347 0.574262 -0.00181572 0.00753936 308.852
486552 12 0.01 0.4 32.9 -0.211341 -0.323399 3.52873 -0.0240492 -0.0350529 325.631
487692 12 0.01 0.4 32.9 0.163966 0.0242908 1.12998 0.00386352 -0.000742908 340.587
488095 12 0.01 0.4 32.9 0.148156 0.295672 2.47801 0.0090259 0.0224493 317.194
488749 12 0.01 0.4 32.9 0.111838 -0.245538 3.94567 0.0133948 -0.0295912 327.549
488790 12 0.01 0.4 32.9 -0.33892 -0.392644 1.47309 -0.0148335 -0.0178076 338.299
488926 12 0.01 0.4 32.9 -0.300544 -0.476618 1.42744 -0.0100582 -0.0208567 360.581
489306 12 0.01 0.4 32.9 0.0228723 0.487993 5.17203 0.0059271 0.0763896 313.79
490884 12 0.01 0.4 32.9 -0.2741 -0.460458 4.22944 -0.0364905 -0.0603676 316.034
491769 12 0.01 0.4 32.9 -0.164405 -0.404936 1.22232 -0.00680028 -0.01571 350.697
494088 12 0.01 0.4 32.9 0.376904 0.0695621 4.3389 0.0506943 0.00890627 320.227
494241 12 0.01 0.4 32.9 0.312008 0.0908046 2.22245 0.0206445 0.0053564 309.499
495337 12 0.01 0.4 32.9 0.0995892 0.260029 2.27869 0.00837464 0.0207717 321.986
496166 12 0.01 0.4 32.9 0.462214 0.376591 3.44145 0.0477837 0.0392905 307.864
497415 12 0.01 0.4 32.9 -0.469509 -0.10274 3.11669 -0.0446106 -0.0112002 316.123
498603 12 0.01 0.4 32.9 0.459493 -0.100665 2.31019 0.0329719 -0.00285468 360.191
498719 12 0.01 0.4 32.9 0.233317 0.226667 0.849855 0.00566732 0.00794555 298.793
499016 12 0.01 0.4 32.9 -0.193535 -0.0768674 1.28231 -0.00920246 -0.0035207 355.485
499033 12 0.01 0.4 32.9 0.0783213 0.486582 5.58168 0.0125623 0.0844688 309.889
499227 12 0.01 0.4 32.9 -0.236574 -0.302696 1.95395 -0.0124402 -0.020817 363.552
499608 12 0.01 0.4 32.9 -0.217937 -0.414226 1.81614 -0.0109178 -0.0225918 339.46
499622 12 0.01 0.4 32.9 -0.350556 -0.0322245 2.31947 -0.0251664 -0.000879201 308.266
