150 13 0.01 1.3 32.9 0.0310435 -0.425244 5.83682 0.00473516 -0.0729593 133.529
6349 13 0.01 1.3 32.9 0.194354 -0.0423662 2.2254 0.0145276 -0.00119889 138.782
6494 13 0.01 1.3 32.9 0.402005 -0.398243 9.21274 0.112743 -0.108352 127.609
6971 13 0.01 1.3 32.9 -0.129765 -0.419159 2.5846 -0.010101 -0.0360368 138.532
8211 13 0.01 1.3 32.9 0.337496 -0.0531496 3.832 0.0389723 -0.00616218 134.286
8511 13 0.01 1.3 32.9 0.476932 -0.39597 5.49813 0.0784748 -0.0661364 148.669
9334 13 0.01 1.3 32.9 -0.164758 0.229438 9.65657 -0.0490036 0.068622 134.458
10336 13 0.01 1.3 32.9 0.428355 -0.214412 10.4018 0.134756 -0.0662067 130.722
10547 13 0.01 1.3 32.9 0.492591 -0.19816 2.734 0.0423693 -0.0191779 137.836
11109 13 0.01 1.3 32.9 0.382828 -0.330585 6.64896 0.0769473 -0.0695341 140.417
11173 13 0.01 1.3 32.9 0.173982 0.382937 3.82485 0.020149 0.0460658 127.589
11530 13 0.01 1.3 32.9 -0.0396633 0.10606 8.10389 -0.0113366 0.0225119 132.411
12261 13 0.01 1.3 32.9 -0.0633823 0.0868981 4.85318 -0.00871177 0.015589 137.659
12404 13 0.01 1.3 32.9 0.0571618 0.0927547 4.02456 0.0089408 0.0105402 139.595
13147 13 0.01 1.3 32.9 0.0991969 0.442234 3.10303 0.00932076 0.0395579 125.05
13412 13 0.01 1.3 32.9 -0.320709 0.494969 4.72009 -0.0453202 0.0728882 150.31
15019 13 0.01 1.3 32.9 0.48318 -0.495327 5.38241 0.0791126 -0.0801505 146.629
15427 13 0.01 1.3 32.9 -0.241258 0.489975 4.83636 -0.0362864 0.0748822 143.625
18126 13 0.01 1.3 32.9 -0.405264 -0.403187 4.84192 -0.0604426 -0.060965 144.017
18370 13 0.01 1.3 32.9 0.0706564 0.0507671 3.6881 0.00665278 0.0065634 142.343
19285 13 0.01 1.3 32.9 -0.189816 0.377696 5.3338 -0.0307006 0.0610008 147.999
19524 13 0.01 1.3 32.9 0.494427 -0.142228 9.54017 0.144516 -0.0410811 128.61
20185 13 0.01 1.3 32.9 0.128669 0.057282 5.32427 0.0200288 0.0111247 145.695
21224 13 0.01 1.3 32.9 -0.0735673 0.0849213 2.70499 -0.0070106 0.00762123 144.622
21438 13 0.01 1.3 32.9 0.0743323 0.28353 2.83335 0.00485185 0.0284694 145.304
22427 13 0.01 1.3 32.9 0.444534 -0.40434 14.6029 0.19876 -0.180827 126.402
23235 13 0.01 1.3 32.9 -0.073385 0.055159 4.50969 -0.0115119 0.00600439 140.892
24681 13 0.01 1.3 32.9 0.398213 -0.419401 5.31123 0.0656228 -0.0683284 140.069
25291 13 0.01 1.3 32.9 0.46862 -0.422115 2.22638 0.030298 -0.0295623 141.315
25626 13 0.01 1.3 32.9 -0.170818 0.450819 5.20992 -0.0261974 0.0714273 140.866
25998 13 0.01 1.3 32.9 0.280102 0.308461 2.3139 0.0184543 0.0205887 145.653
27426 13 0.01 1.3 32.9 0.494303 0.399805 8.37065 0.124661 0.101324 126.493
27983 13 0.01 1.3 32.9 0.255256 0.211949 9.89886 0.0781175 0.0653368 132.562
28628 13 0.01 1.3 32.9 -0.432978 -0.185008 5.34373 -0.0717064 -0.0273665 141.651
29684 13 0.01 1.3 32.9 0.4306 -0.0140154 4.62343 0.0623599 0.000982832 149.157
29797 13 0.01 1.3 32.9 0.406048 -0.123583 7.00091 0.0858247 -0.0259621 140.147
30198 13 0.01 1.3 32.9 0.0338131 0.386581 4.76339 0.00462893 0.0589847 147.13
31421 13 0.01 1.3 32.9 -0.212735 0.259681 3.54167 -0.0219179 0.0277261 137.594
31520 13 0.01 1.3 32.9 0.157893 0.160654 10.1914 0.0514134 0.0486774 130.689
32685 13 0.01 1.3 32.9 0.411724 0.459372 7.0834 0.0883963 0.0976799 138.696
33111 13 0.01 1.3 32.9 0.0675525 -0.337217 3.65821 0.00668266 -0.0364336 140.683
33571 13 0.01 1.3 32.9 -0.407593 -0.0520475 3.94518 -0.048007 -0.0051113 145.436
33582 13 0.01 1.3 32.9 0.362282 0.219969 7.40857 0.0828075 0.0500133 132.691
34988 13 0.01 1.3 32.9 0.0117026 0.349928 3.51785 0.0043284 0.0341668 147.565
35670 13 0.01 1.3 32.9 -0.0823833 0.34809 5.65892 -0.0158849 0.0609109 141.476
36030 13 0.01 1.3 32.9 -0.0089712 0.463385 8.40471 -0.000182898 0.116697 129.544
36284 13 0.01 1.3 32.9 -0.364585 -0.462286 5.74439 -0.065144 -0.0844971 145.093
38653 13 0.01 1.3 32.9 0.185971 -0.13193 9.61005 0.0532262 -0.0359871 134.209
38710 13 0.01 1.3 32.9 -0.384408 0.0513136 4.43944 -0.0508703 0.00695986 127.064
39349 13 0.01 1.3 32.9 -0.472077 -0.13374 6.15679 -0.087944 -0.0248311 135.058
39381 13 0.01 1.3 32.9 0.0757359 0.0446016 3.45363 0.00546497 0.00332033 139.081
39834 13 0.01 1.3 32.9 0.142971 0.0449489 7.39843 0.0308117 0.00958014 135.883
40557 13 0.01 1.3 32.9 -0.0396049 0.163649 11.3362 -0.0136938 0.0565362 128.288
41050 13 0.01 1.3 32.9 -0.240162 -0.265076 9.08865 -0.0668908 -0.0742585 132.891
42779 13 0.01 1.3 32.9 0.451702 0.197405 5.20508 0.0727372 0.0324782 149.523
43863 13 0.01 1.3 32.9 0.122864 0.322114 7.60798 0.0277393 0.0748424 136.483
46150 13 0.01 1.3 32.9 0.033702 0.279216 8.15748 0.00822749 0.071324 130.944
46633 13 0.01 1.3 32.9 -0.491792 0.445888 2.50417 -0.0359422 0.0334665 136.162
47094 13 0.01 1.3 32.9 0.0655818 0.392924 5.43081 0.0113011 0.0659161 143.714
48347 13 0.01 1.3 32.9 -0.184374 0.0158364 3.02518 -0.0176728 0.000908748 145.323
48459 13 0.01 1.3 32.9 0.100862 -0.0558304 2.95082 0.00851854 -0.00298483 141.06
48481 13 0.01 1.3 32.9 0.378346 0.252614 2.02927 0.0245456 0.0161053 130.682
49913 13 0.01 1.3 32.9 0.297367 0.0208038 5.46354 0.0493931 0.00219516 146.91
50584 13 0.01 1.3 32.9 0.137337 0.422244 6.25077 0.0267636 0.078344 141.796
50758 13 0.01 1.3 32.9 -0.142683 -0.011937 14.8096 -0.0639791 -0.0058167 124.145
51044 13 0.01 1.3 32.9 0.237153 0.0842453 3.17281 0.0222518 0.00578417 132.831
51065 13 0.01 1.3 32.9 -0.215092 -0.37662 5.73257 -0.0373178 -0.0634095 135.983
51832 13 0.01 1.3 32.9 0.416804 -0.0539602 4.44883 0.0575743 -0.00709573 133.913
53542 13 0.01 1.3 32.9 0.0650295 -0.45704 6.29154 0.0133568 -0.0861783 140.797
53849 13 0.01 1.3 32.9 -0.112705 0.487475 8.89258 -0.0306317 0.133102 128.611
55092 13 0.01 1.3 32.9 0.288074 -0.00411615 19.3895 0.167302 -0.00221934 123.355
55592 13 0.01 1.3 32.9 -0.0563963 -0.43271 17.481 -0.0301571 -0.229733 124.351
55839 13 0.01 1.3 32.9 -0.210381 0.323639 5.68063 -0.0357842 0.0566906 134.968
57021 13 0.01 1.3 32.9 -0.248918 -0.0414499 4.76733 -0.0363456 -0.0046939 137.827
57714 13 0.01 1.3 32.9 -0.109368 0.369541 7.58055 -0.0270158 0.0842005 139.732
57876 13 0.01 1.3 32.9 0.0437614 0.00855535 6.9714 0.00694443 0.000452031 142.334
58760 13 0.01 1.3 32.9 0.100368 0.470413 4.29701 0.0136177 0.0644909 137.108
62036 13 0.01 1.3 32.9 0.320216 -0.237934 5.66642 0.0553091 -0.042194 138.128
62283 13 0.01 1.3 32.9 0.22992 0.140459 6.78108 0.0481275 0.0299312 142.982
63362 13 0.01 1.3 32.9 -0.0424846 0.227725 3.39509 -0.00444998 0.0259267 136.32
63511 13 0.01 1.3 32.9 0.435023 -0.138009 4.4048 0.0584026 -0.0197509 145.067
63858 13 0.01 1.3 32.9 -0.195137 -0.318586 6.13341 -0.0335445 -0.0599467 135.435
64624 13 0.01 1.3 32.9 -0.489147 -0.174684 6.88499 -0.10261 -0.0354715 141.944
64933 13 0.01 1.3 32.9 -0.467472 0.011718 1.73397 -0.0229043 -0.000617695 131.756
65074 13 0.01 1.3 32.9 -0.428441 -0.279481 1.93005 -0.0251425 -0.0160864 139.415
65534 13 0.01 1.3 32.9 0.103458 -0.397666 9.38145 0.0317034 -0.114537 135.058
66997 13 0.01 1.3 32.9 0.472431 -0.304202 13.41 0.193886 -0.121766 124.75
67325 13 0.01 1.3 32.9 -0.308417 0.295712 4.73641 -0.0469638 0.042255 146.676
67554 13 0.01 1.3 32.9 -0.120456 0.171393 5.76356 -0.0214064 0.028455 145.461
67981 13 0.01 1.3 32.9 -0.0879591 0.348449 3.43782 -0.00730473 0.0356989 144.592
69164 13 0.01 1.3 32.9 0.0593348 0.30603 5.24637 0.0102211 0.0468224 140.846
69537 13 0.01 1.3 32.9 -0.0934903 0.369369 2.93791 -0.00895927 0.0344749 142.775
70404 13 0.01 1.3 32.9 -0.342539 0.277321 21.7173 -0.228278 0.18677 122.811
70811 13 0.01 1.3 32.9 -0.0384813 -0.0424866 7.51551 -0.0108827 -0.0089432 138.945
71228 13 0.01 1.3 32.9 -0.480651 -0.187345 7.27584 -0.105384 -0.0425732 135.657
72031 13 0.01 1.3 32.9 -0.303151 0.326148 8.27971 -0.0790406 0.082374 133.923
72811 13 0.01 1.3 32.9 -0.0644362 0.482275 5.05585 -0.0115317 0.0709653 142.685
73117 13 0.01 1.3 32.9 0.184663 -0.369372 13.4516 0.0746551 -0.150915 126.995
73741 13 0.01 1.3 32.9 -0.204277 -0.207659 1.51836 -0.00945703 -0.00977968 144.167
73803 13 0.01 1.3 32.9 -0.24514 0.10069 10.0234 -0.073811 0.0289504 128.198
73884 13 0.01 1.3 32.9 -0.437308 0.443538 3.09948 -0.0419261 0.0446493 138.665
74494 13 0.01 1.3 32.9 -0.198209 0.0709467 5.96293 -0.0374775 0.0116273 147.022
75207 13 0.01 1.3 32.9 -0.394192 0.253779 6.36718 -0.0760333 0.0480945 144.992
76954 13 0.01 1.3 32.9 -0.391501 -0.150366 2.91199 -0.0325462 -0.0126075 145.777
78049 13 0.01 1.3 32.9 -0.363065 0.321493 2.94477 -0.0303981 0.0295714 130.746
78395 13 0.01 1.3 32.9 -0.227094 0.217806 10.5412 -0.0739127 0.0663878 130.94
79236 13 0.01 1.3 32.9 0.14718 0.290508 3.44095 0.0137507 0.0326088 145.75
80293 13 0.01 1.3 32.9 -0.38586 0.302873 6.0903 -0.0712197 0.0571671 142.07
81596 13 0.01 1.3 32.9 -0.208183 -0.0334654 2.82323 -0.0162425 -0.00117113 145.01
81600 13 0.01 1.3 32.9 -0.14863 -0.435141 5.46528 -0.0235579 -0.0726272 139.684
81636 13 0.01 1.3 32.9 0.422594 0.209979 2.85047 0.0377494 0.0193495 128.435
81904 13 0.01 1.3 32.9 0.489522 0.413365 2.43234 0.0361934 0.0292322 146.482
82110 13 0.01 1.3 32.9 0.0830756 -0.47899 3.85383 0.0104222 -0.0567506 144.019
82988 13 0.01 1.3 32.9 -0.173383 0.34863 4.60509 -0.0227833 0.0487386 139.565
83501 13 0.01 1.3 32.9 -0.0306981 0.414392 10.7213 -0.00966532 0.134363 129.594
85192 13 0.01 1.3 32.9 -0.108687 0.44952 8.60507 -0.0301524 0.115606 128.239
85343 13 0.01 1.3 32.9 -0.24424 0.38077 0.544455 -0.00863169 -0.000954638 142.636
86060 13 0.01 1.3 32.9 0.298903 0.138873 6.11237 0.0560008 0.0272845 141.506
88065 13 0.01 1.3 32.9 -0.107448 -0.24127 7.78094 -0.0240199 -0.0556715 123.847
89587 13 0.01 1.3 32.9 -0.362272 -0.0548884 3.15313 -0.0351398 -0.00503147 138.49
89709 13 0.01 1.3 32.9 -0.39068 -0.113166 1.55453 -0.018246 -0.00710817 144.77
90230 13 0.01 1.3 32.9 0.222786 -0.337736 5.33651 0.0341629 -0.055995 127.962
90723 13 0.01 1.3 32.9 -0.463793 -0.420983 6.22589 -0.0865931 -0.0816377 144.996
91408 13 0.01 1.3 32.9 0.281288 -0.370975 3.5694 0.0309047 -0.039616 145.696
93050 13 0.01 1.3 32.9 0.0158771 -0.202627 7.27804 0.00316878 -0.0430115 131.376
93772 13 0.01 1.3 32.9 0.366182 -0.267074 1.61568 0.0181445 -0.0123031 131.56
94543 13 0.01 1.3 32.9 -0.499028 0.0271798 3.88015 -0.0582974 0.00199272 146.172
94755 13 0.01 1.3 32.9 0.44376 -0.360512 10.2532 0.136417 -0.112183 132.766
94898 13 0.01 1.3 32.9 -0.265185 0.241944 7.01386 -0.058232 0.053584 142.54
96058 13 0.01 1.3 32.9 -0.39753 -0.198375 4.16431 -0.0532612 -0.0268781 138.324
96322 13 0.01 1.3 32.9 0.359928 0.182653 6.19643 0.0676547 0.0340214 144.242
96384 13 0.01 1.3 32.9 0.40222 0.118138 6.1935 0.0759439 0.0201781 129.762
96930 13 0.01 1.3 32.9 0.205424 0.0231175 6.86413 0.0425411 0.00321179 134.361
99593 13 0.01 1.3 32.9 -0.302945 0.244876 2.96394 -0.0286596 0.0215874 145.746
99924 13 0.01 1.3 32.9 0.185195 0.318331 7.75893 0.0453922 0.074115 139.19
100116 13 0.01 1.3 32.9 -0.235483 -0.0286044 2.46004 -0.0178442 -0.00145276 143.924
100350 13 0.01 1.3 32.9 0.242867 0.253175 3.87021 0.0294362 0.0306824 144.251
100670 13 0.01 1.3 32.9 0.156815 -0.347231 8.97617 0.0436583 -0.0947996 135.92
101320 13 0.01 1.3 32.9 0.0428725 -0.237774 6.02401 0.00855539 -0.0427006 145.823
101398 13 0.01 1.3 32.9 -0.376707 -0.358181 4.73191 -0.0532933 -0.0497428 142.926
101680 13 0.01 1.3 32.9 0.0362621 0.15406 5.36085 0.00661821 0.0246506 129.085
101992 13 0.01 1.3 32.9 0.15015 0.144401 2.43189 0.00945817 0.0124145 139.557
103621 13 0.01 1.3 32.9 0.171377 -0.0511367 5.57564 0.0301745 -0.00757112 145.72
103829 13 0.01 1.3 32.9 0.406991 0.390013 3.77449 0.0467606 0.0451402 145.259
104257 13 0.01 1.3 32.9 0.41369 0.242922 3.61309 0.0454163 0.0290169 132.677
104447 13 0.01 1.3 32.9 -0.0843197 -0.240088 6.15246 -0.0131352 -0.0450168 141.224
104786 13 0.01 1.3 32.9 -0.117023 -0.266317 7.15891 -0.0257664 -0.0580967 141.054
105475 13 0.01 1.3 32.9 0.287837 -0.124315 8.6147 0.0744546 -0.0326358 123.646
107402 13 0.01 1.3 32.9 0.147702 -0.0632659 6.71337 0.0279976 -0.0128926 140.298
109526 13 0.01 1.3 32.9 -0.0849144 -0.057045 4.84104 -0.0147595 -0.00880422 140.569
109791 13 0.01 1.3 32.9 -0.30421 -0.142832 16.5563 -0.151735 -0.0716388 123.339
110266 13 0.01 1.3 32.9 -0.227837 0.396711 6.43326 -0.046811 0.0798522 144.658
110369 13 0.01 1.3 32.9 0.0593322 0.444478 5.22035 0.0103503 0.0698602 130.126
110497 13 0.01 1.3 32.9 -0.00926818 0.0557504 4.66595 0.00044177 0.0065945 148.98
110939 13 0.01 1.3 32.9 0.487893 -0.201678 3.78042 0.0559304 -0.0238653 132.82
111994 13 0.01 1.3 32.9 0.362767 -0.167742 5.28964 0.0585129 -0.0274886 145.621
112689 13 0.01 1.3 32.9 -0.10082 -0.455203 3.20776 -0.0110345 -0.0435215 145.754
112961 13 0.01 1.3 32.9 -0.153937 -0.309399 5.97387 -0.0278884 -0.0541657 129.821
115371 13 0.01 1.3 32.9 0.00982808 -0.403213 7.27866 0.00283021 -0.0902978 136.975
117571 13 0.01 1.3 32.9 0.0570302 0.430355 3.87212 0.00597857 0.0488027 147.643
120165 13 0.01 1.3 32.9 0.181621 -0.453574 5.99803 0.0332986 -0.0829762 136.995
121622 13 0.01 1.3 32.9 0.239793 0.0612068 5.39354 0.0378761 0.0108444 137.255
122335 13 0.01 1.3 32.9 0.366216 -0.262727 4.11853 0.0454819 -0.0333325 149.853
122350 13 0.01 1.3 32.9 -0.476931 0.179263 4.02941 -0.0569735 0.0215509 132.895
122538 13 0.01 1.3 32.9 -0.145866 -0.294321 7.21358 -0.0284656 -0.0631082 138.982
123882 13 0.01 1.3 32.9 0.104644 -0.342152 6.89856 0.0224955 -0.0724142 138.783
124801 13 0.01 1.3 32.9 -0.385188 0.365207 9.45565 -0.108148 0.104003 131.253
124820 13 0.01 1.3 32.9 -0.0868235 -0.320137 2.04696 -0.00793659 -0.0168479 133.779
127622 13 0.01 1.3 32.9 -0.302355 0.48552 4.66616 -0.0424831 0.0681703 137.618
127653 13 0.01 1.3 32.9 0.00748039 -0.350722 4.55802 0.00188817 -0.0473854 142.928
127794 13 0.01 1.3 32.9 0.209823 0.388869 3.65713 0.0228295 0.0423681 139.616
129178 13 0.01 1.3 32.9 -0.313712 -0.285735 3.47461 -0.0331992 -0.032337 142.701
129192 13 0.01 1.3 32.9 0.0283616 -0.276791 6.76191 0.00527512 -0.0536697 125.192
130015 13 0.01 1.3 32.9 0.0825561 -0.0234365 5.03983 0.0106971 -0.00276 147.264
131035 13 0.01 1.3 32.9 0.465644 -0.468771 7.06476 0.0991625 -0.0988233 142.789
131045 13 0.01 1.3 32.9 0.0235063 0.470134 3.41643 0.00288264 0.0500472 146.069
131162 13 0.01 1.3 32.9 0.498121 0.105695 5.55271 0.0833203 0.0183927 139.51
131733 13 0.01 1.3 32.9 -0.0114533 -0.475445 7.58782 -0.00287944 -0.108173 136.201
132813 13 0.01 1.3 32.9 0.112286 -0.0506754 4.86112 0.0140442 -0.0051598 150.288
134229 13 0.01 1.3 32.9 0.0741596 -0.180031 7.66576 0.0167334 -0.0408544 129.434
134478 13 0.01 1.3 32.9 -0.0212629 -0.482772 3.23144 -0.00284386 -0.0491599 133.446
135198 13 0.01 1.3 32.9 0.345974 0.350943 5.50298 0.0585915 0.0588856 130.832
135280 13 0.01 1.3 32.9 -0.19425 0.15806 9.08853 -0.0562171 0.041775 132.214
135358 13 0.01 1.3 32.9 -0.140693 -0.131257 2.76851 -0.00996435 -0.00871984 133.493
137425 13 0.01 1.3 32.9 -0.191614 0.174635 4.69181 -0.0265322 0.0238932 136.44
137678 13 0.01 1.3 32.9 0.18075 0.23267 3.90596 0.0203359 0.0251449 146.447
138430 13 0.01 1.3 32.9 0.27894 -0.296705 4.7317 0.0402004 -0.0417589 150.343
138447 13 0.01 1.3 32.9 -0.245176 -0.0397449 3.79221 -0.0278495 -0.0052949 144.805
138699 13 0.01 1.3 32.9 0.487418 0.366874 3.23833 0.0466088 0.0363931 146.795
139101 13 0.01 1.3 32.9 -0.173165 0.36468 8.11475 -0.0444056 0.0880412 132.991
140513 13 0.01 1.3 32.9 -0.171357 -0.0590622 3.52848 -0.0187222 -0.00627389 134.633
140984 13 0.01 1.3 32.9 -0.434518 0.469376 12.0295 -0.15695 0.170755 126.347
141690 13 0.01 1.3 32.9 0.490512 0.0405131 3.05245 0.0442211 0.00424509 131.392
143404 13 0.01 1.3 32.9 -0.479999 0.499969 2.61565 -0.0402676 0.0427369 127.348
143715 13 0.01 1.3 32.9 0.345152 -0.148477 7.80336 0.0813412 -0.0350672 137.593
147265 13 0.01 1.3 32.9 0.264577 -0.354637 4.47212 0.036362 -0.0477655 144.887
147488 13 0.01 1.3 32.9 0.340441 0.0977047 6.58998 0.070048 0.0180671 142.816
147670 13 0.01 1.3 32.9 -0.131628 -0.183925 3.57629 -0.0147413 -0.0204076 132.341
147793 13 0.01 1.3 32.9 -0.108203 -0.407277 2.01932 -0.00748307 -0.0234358 142.955
148378 13 0.01 1.3 32.9 0.208211 -0.111468 11.5211 0.0731907 -0.0380507 128.697
148760 13 0.01 1.3 32.9 -0.0178892 -0.204144 7.5816 -0.00476267 -0.045552 138.338
150174 13 0.01 1.3 32.9 0.349956 -0.0698082 5.0191 0.0530785 -0.013278 140.599
152765 13 0.01 1.3 32.9 0.053972 -0.0641137 9.88484 0.0166128 -0.0202517 122.96
154912 13 0.01 1.3 32.9 -0.0753172 -0.301517 5.68812 -0.012698 -0.0521231 136.444
158537 13 0.01 1.3 32.9 0.477929 -0.385588 1.4507 0.0205924 -0.0147144 144.45
160683 13 0.01 1.3 32.9 0.0306934 0.309291 2.37921 0.00130706 0.023406 143.324
160976 13 0.01 1.3 32.9 -0.147451 0.232368 6.52116 -0.0284427 0.0447925 144.072
161061 13 0.01 1.3 32.9 -0.261489 -0.303056 10.2981 -0.0832364 -0.0953468 128.429
167009 13 0.01 1.3 32.9 -0.249508 -0.242215 10.0232 -0.0737936 -0.0723905 132.068
167613 13 0.01 1.3 32.9 -0.0345222 -0.0728219 4.1797 -0.00416674 -0.0109966 147.968
167704 13 0.01 1.3 32.9 -0.146878 -0.321836 3.99834 -0.0172172 -0.0387509 149.82
168447 13 0.01 1.3 32.9 -0.293695 0.0937988 3.77795 -0.0343613 0.00896347 136.237
169140 13 0.01 1.3 32.9 0.0411588 -0.260655 2.94589 0.00521957 -0.0245465 145.281
169532 13 0.01 1.3 32.9 0.294492 0.385808 1.93985 0.0171297 0.0239446 133.048
170514 13 0.01 1.3 32.9 -0.0705262 -0.114765 5.7602 -0.01404 -0.0176588 141.336
171129 13 0.01 1.3 32.9 0.260091 -0.157629 4.09563 0.0308329 -0.017962 129.227
172616 13 0.01 1.3 32.9 0.216587 0.191454 4.55772 0.0306124 0.0253341 137.974
176075 13 0.01 1.3 32.9 -0.15541 0.178624 10.6588 -0.0529382 0.0567732 131.848
177058 13 0.01 1.3 32.9 0.0855587 0.294862 5.73844 0.0154048 0.048626 140.193
177419 13 0.01 1.3 32.9 0.198957 0.0967203 2.48704 0.0162344 0.00547545 128.75
177621 13 0.01 1.3 32.9 -0.242661 -0.156677 4.21416 -0.0312745 -0.020166 150.122
178741 13 0.01 1.3 32.9 -0.361752 0.181376 2.09624 -0.023376 0.0111401 140.932
179124 13 0.01 1.3 32.9 0.392818 0.120361 2.31928 0.0271589 0.00891528 129.623
179541 13 0.01 1.3 32.9 0.0630601 0.20423 1.69351 0.00443299 0.0114839 125.203
179806 13 0.01 1.3 32.9 0.0360884 0.103379 0.54454 0.00829474 -0.00021267 138.59
180159 13 0.01 1.3 32.9 0.453204 0.268338 4.31947 0.059124 0.034069 132.48
180462 13 0.01 1.3 32.9 -0.167716 0.0815132 5.06928 -0.0254759 0.0099551 145.117
181933 13 0.01 1.3 32.9 0.237227 -0.372218 6.78786 0.0481518 -0.0775553 126.627
182772 13 0.01 1.3 32.9 0.31417 -0.239978 48.2849 0.462 -0.3529 120.925
183196 13 0.01 1.3 32.9 -0.179765 -0.153655 1.91207 -0.0115305 -0.00812967 144.564
184201 13 0.01 1.3 32.9 -0.448421 0.157058 1.42281 -0.0185166 0.0110476 127.551
185512 13 0.01 1.3 32.9 -0.289402 0.0701467 6.31036 -0.0553254 0.0145498 142.959
185628 13 0.01 1.3 32.9 -0.191371 -0.137499 5.72711 -0.0341955 -0.0213612 134.191
187805 13 0.01 1.3 32.9 0.300361 0.158317 12.8305 0.117344 0.0639546 126.087
187841 13 0.01 1.3 32.9 0.486679 0.381562 6.25553 0.0905825 0.074552 139.04
189396 13 0.01 1.3 32.9 -0.0217152 -0.294283 10.8032 -0.00675223 -0.0960733 130.695
189722 13 0.01 1.3 32.9 -0.447708 0.285295 3.55848 -0.0472318 0.0310418 136.92
190191 13 0.01 1.3 32.9 -0.155447 -0.155682 1.57899 -0.00752362 -0.0066013 131.659
190415 13 0.01 1.3 32.9 0.194791 -0.474359 3.18697 0.0175026 -0.0486429 124.431
191424 13 0.01 1.3 32.9 0.305426 -0.167857 7.2795 0.0668953 -0.0361721 125.311
192141 13 0.01 1.3 32.9 -0.446335 0.481404 9.73422 -0.13213 0.139189 131.621
193624 13 0.01 1.3 32.9 -0.151871 -0.475521 4.42554 -0.0175739 -0.0633024 127.254
194935 13 0.01 1.3 32.9 -0.267689 0.342368 4.099 -0.0330868 0.0423065 139.98
194945 13 0.01 1.3 32.9 -0.493883 -0.352257 2.38649 -0.034546 -0.0249985 141.984
197479 13 0.01 1.3 32.9 0.367534 -0.232651 7.84048 0.0904208 -0.0557547 132.444
198159 13 0.01 1.3 32.9 0.122058 0.257748 5.83869 0.0204928 0.0470637 145.183
198876 13 0.01 1.3 32.9 -0.362947 -0.251762 10.2485 -0.112085 -0.0788124 132.513
200443 13 0.01 1.3 32.9 -0.0432675 -0.303352 4.50815 -0.0040485 -0.0419951 132.675
202852 13 0.01 1.3 32.9 0.0935349 0.0469554 4.46842 0.0144751 0.00850136 148.937
203651 13 0.01 1.3 32.9 0.426161 0.0712395 10.0118 0.130044 0.0180208 133.381
203924 13 0.01 1.3 32.9 0.20776 -0.220872 6.29127 0.0398949 -0.0430916 141.873
204214 13 0.01 1.3 32.9 0.260783 0.0122172 4.0461 0.0318334 0.00239894 141.341
208006 13 0.01 1.3 32.9 0.342578 0.312403 4.52817 0.0468541 0.0449879 126.838
208224 13 0.01 1.3 32.9 0.414373 0.117476 3.86339 0.0465132 0.0150882 148.666
208250 13 0.01 1.3 32.9 0.22065 0.013863 3.46826 0.0223338 0.00295776 149.873
211351 13 0.01 1.3 32.9 -0.121201 -0.252333 3.34757 -0.0153695 -0.0268793 142.76
211399 13 0.01 1.3 32.9 -0.469344 0.494196 6.61291 -0.0937295 0.0977071 134.374
212502 13 0.01 1.3 32.9 0.462438 -0.0537958 1.87283 0.0287594 0.000816715 144.577
212604 13 0.01 1.3 32.9 -0.26259 0.146167 13.9483 -0.111005 0.0610245 126.678
214854 13 0.01 1.3 32.9 0.423173 -0.315271 1.44899 0.0154625 -0.0146234 142.917
215385 13 0.01 1.3 32.9 -0.271595 -0.466617 6.41862 -0.0537434 -0.0920515 140.928
216314 13 0.01 1.3 32.9 -0.05716 0.217993 1.74819 -0.000336426 0.0150407 135.563
216480 13 0.01 1.3 32.9 -0.14253 -0.347077 7.10653 -0.0319316 -0.0711453 137.38
217956 13 0.01 1.3 32.9 0.211629 -0.0105379 7.66992 0.0482702 -0.0036493 133.425
218443 13 0.01 1.3 32.9 0.455998 0.27065 7.77874 0.10767 0.0654476 134.246
219348 13 0.01 1.3 32.9 0.283211 0.0427075 4.02784 0.0344239 0.00288246 136.907
219769 13 0.01 1.3 32.9 -0.000551505 0.343722 2.80039 0.0019094 0.0280278 137.146
220494 13 0.01 1.3 32.9 0.318712 -0.429718 5.99984 0.0576 -0.0797213 144.571
220626 13 0.01 1.3 32.9 -0.0331896 0.0170717 4.5919 -0.00634997 0.00309004 141.044
221236 13 0.01 1.3 32.9 0.301899 -0.462937 2.7415 0.0214862 -0.0395631 146.372
221944 13 0.01 1.3 32.9 -0.47874 -0.0187201 8.96661 -0.131636 -0.00800813 134.319
222357 13 0.01 1.3 32.9 0.118827 0.327197 3.52332 0.0122146 0.0340116 147.446
223197 13 0.01 1.3 32.9 -0.210969 -0.138276 3.42867 -0.0223052 -0.0161449 146.975
223873 13 0.01 1.3 32.9 -0.348272 -0.290951 8.34014 -0.0883651 -0.0722458 128.297
224003 13 0.01 1.3 32.9 -0.358867 -0.081783 18.6151 -0.203548 -0.045439 123.498
225536 13 0.01 1.3 32.9 -0.134093 0.45589 7.78736 -0.0338826 0.106764 139.092
225913 13 0.01 1.3 32.9 -0.361351 0.135359 7.25577 -0.0810082 0.0307116 128.55
226766 13 0.01 1.3 32.9 0.329088 0.395574 8.27443 0.0813728 0.0958397 123.881
232940 13 0.01 1.3 32.9 0.441878 0.144569 4.73126 0.0645474 0.0197526 149.27
233555 13 0.01 1.3 32.9 0.379731 -0.195948 2.95209 0.0354147 -0.0195286 144.131
234567 13 0.01 1.3 32.9 0.25529 0.396876 11.5987 0.0914066 0.141992 129.14
234601 13 0.01 1.3 32.9 -0.299844 -0.254773 6.76705 -0.062354 -0.0534102 142.925
235048 13 0.01 1.3 32.9 -0.416254 0.333811 6.91033 -0.0874182 0.0704215 131.712
237085 13 0.01 1.3 32.9 0.290479 0.141056 4.11094 0.0353089 0.0182802 148.445
237146 13 0.01 1.3 32.9 -0.463249 0.123756 2.87936 -0.0405096 0.0135285 142.085
237712 13 0.01 1.3 32.9 0.17894 -0.194293 11.9393 0.0659824 -0.0738282 129.681
239195 13 0.01 1.3 32.9 0.251436 0.32833 4.17145 0.0325497 0.0418504 130.031
239337 13 0.01 1.3 32.9 -0.115025 -0.308033 5.82339 -0.0191491 -0.0556942 138.568
240663 13 0.01 1.3 32.9 -0.362823 -0.332636 10.5288 -0.114383 -0.105021 132.39
242596 13 0.01 1.3 32.9 0.214533 -0.215074 6.79948 0.045156 -0.0437866 141.833
242898 13 0.01 1.3 32.9 -0.326504 -0.200881 7.2986 -0.0709682 -0.0443149 127.928
243125 13 0.01 1.3 32.9 -0.290338 0.197784 6.60795 -0.0560317 0.0402635 135.502
243366 13 0.01 1.3 32.9 0.0673764 -0.191825 6.53172 0.0139232 -0.0379129 137.959
243679 13 0.01 1.3 32.9 -0.0601953 -0.294335 10.3125 -0.0194974 -0.0924353 129.56
244293 13 0.01 1.3 32.9 -0.0412344 0.472715 6.24522 -0.0102386 0.0892032 139.56
244578 13 0.01 1.3 32.9 -0.128204 -0.0691471 3.87257 -0.0151214 -0.00710124 148.388
244889 13 0.01 1.3 32.9 0.116404 0.186319 10.3166 0.0351987 0.0570415 130.889
246266 13 0.01 1.3 32.9 0.446969 -0.480181 1.03151 0.013072 -0.0155934 138.986
248522 13 0.01 1.3 32.9 0.269548 -0.437828 3.13568 0.022927 -0.0428184 141.814
249974 13 0.01 1.3 32.9 -0.286293 -0.14658 5.3725 -0.0460377 -0.0224256 141.467
249997 13 0.01 1.3 32.9 -0.165943 -0.350251 4.73021 -0.0242071 -0.049219 146.108
251797 13 0.01 1.3 32.9 -0.0790634 0.246498 3.12849 -0.0087998 0.0255978 145.897
251936 13 0.01 1.3 32.9 0.104746 -0.462671 3.38885 0.0106909 -0.0484593 146.637
252663 13 0.01 1.3 32.9 0.221163 0.458927 3.31686 0.019989 0.0491738 144.701
253635 13 0.01 1.3 32.9 -0.415934 0.070408 2.46887 -0.0294828 0.00537788 133.217
254449 13 0.01 1.3 32.9 0.365095 -0.163477 2.92392 0.0343856 -0.0118126 146.235
259197 13 0.01 1.3 32.9 0.371511 0.383356 3.61391 0.0400588 0.0421983 145.053
261526 13 0.01 1.3 32.9 0.226626 -0.233256 4.63425 0.0317307 -0.0307003 150.433
262399 13 0.01 1.3 32.9 0.426379 -0.101121 6.3534 0.0838884 -0.0200502 135.861
265150 13 0.01 1.3 32.9 -0.309236 -0.466295 5.49418 -0.0522471 -0.0783289 133.038
266880 13 0.01 1.3 32.9 0.0451251 0.287064 4.93708 0.00798968 0.0409224 130.573
270148 13 0.01 1.3 32.9 0.402004 -0.233425 2.54245 0.033405 -0.0185055 136.205
271314 13 0.01 1.3 32.9 -0.329547 0.327708 14.3056 -0.144157 0.140912 126.05
273633 13 0.01 1.3 32.9 -0.311593 -0.392876 6.94401 -0.0638095 -0.0809227 139.316
275362 13 0.01 1.3 32.9 0.0676524 0.105465 62.9885 0.129142 0.201744 120.668
276018 13 0.01 1.3 32.9 -0.0216635 0.312105 4.98014 -0.00247385 0.0476301 146.247
276239 13 0.01 1.3 32.9 -0.0675825 -0.0822214 3.38617 -0.00834356 -0.00875599 145.581
276681 13 0.01 1.3 32.9 -0.449883 -0.351719 6.24611 -0.0848428 -0.0690009 143.417
276898 13 0.01 1.3 32.9 0.0637964 -0.353338 7.94522 0.0172399 -0.0854545 137.19
280155 13 0.01 1.3 32.9 0.306968 0.41485 4.2927 0.0384689 0.0537008 137.399
280690 13 0.01 1.3 32.9 0.146469 0.299755 4.43805 0.0211609 0.0416961 128.628
282247 13 0.01 1.3 32.9 -0.389326 -0.121123 6.38267 -0.0752502 -0.0233389 140.926
282756 13 0.01 1.3 32.9 0.428248 0.190511 3.65666 0.0499432 0.0224325 146.124
284944 13 0.01 1.3 32.9 0.125025 -0.259157 8.47491 0.0332718 -0.0660922 128.52
286516 13 0.01 1.3 32.9 0.0303332 -0.148654 6.57526 0.00490045 -0.0315002 142.717
287236 13 0.01 1.3 32.9 -0.435191 0.229791 3.8999 -0.050788 0.0233316 144.833
287267 13 0.01 1.3 32.9 0.335153 -0.175999 1.18238 0.0122672 -0.006423 130.56
287404 13 0.01 1.3 32.9 0.354939 -0.171226 4.76955 0.0497833 -0.0255222 149.173
287906 13 0.01 1.3 32.9 -0.0725568 0.0872912 6.19558 -0.0145566 0.0146695 136.007
288310 13 0.01 1.3 32.9 0.0371703 0.142098 24.0286 0.030238 0.104918 122.751
288416 13 0.01 1.3 32.9 0.216212 -0.262383 4.12556 0.0296092 -0.0322874 148.953
288603 13 0.01 1.3 32.9 0.168274 0.425077 5.9508 0.0324409 0.0775236 145.682
288912 13 0.01 1.3 32.9 0.369366 -0.395458 8.2605 0.0944131 -0.0958028 132.813
289343 13 0.01 1.3 32.9 -0.133444 -0.447157 4.79918 -0.018189 -0.065266 132.368
290423 13 0.01 1.3 32.9 0.392938 0.462049 6.73903 0.0785125 0.0944479 143.837
294105 13 0.01 1.3 32.9 0.00251283 -0.431263 4.53734 9.5863e-05 -0.0581107 145.631
294130 13 0.01 1.3 32.9 -0.00961767 -0.0249301 7.25675 -0.00261645 -0.00492992 138.674
294165 13 0.01 1.3 32.9 0.451531 -0.429203 6.09237 0.0821219 -0.0795955 144.231
294569 13 0.01 1.3 32.9 0.353773 0.496575 11.3279 0.120281 0.172973 126.151
294753 13 0.01 1.3 32.9 -0.39889 -0.262788 4.31755 -0.0519661 -0.0347842 141.468
295091 13 0.01 1.3 32.9 -0.313281 0.363385 5.07697 -0.0497927 0.0558928 142.055
297743 13 0.01 1.3 32.9 -0.255775 -0.173132 1.41203 -0.012151 -0.00728708 143.378
299032 13 0.01 1.3 32.9 -0.330759 0.294571 5.09131 -0.0524583 0.0462384 148.832
299386 13 0.01 1.3 32.9 -0.357814 0.146124 5.11314 -0.0567334 0.0239732 123.552
299587 13 0.01 1.3 32.9 0.43824 -0.282463 4.29591 0.0563357 -0.0398598 149.004
300063 13 0.01 1.3 32.9 -0.0417176 -0.2247 3.21375 -0.00400419 -0.0240528 145.442
303388 13 0.01 1.3 32.9 -0.19041 0.171934 2.26994 -0.0130264 0.00920638 136.226
303896 13 0.01 1.3 32.9 -0.00340647 -0.0788037 9.15778 0.000403692 -0.0228812 132.735
304862 13 0.01 1.3 32.9 0.453166 -0.0938304 9.14645 0.126767 -0.0248854 133.745
305999 13 0.01 1.3 32.9 0.202676 0.440873 5.82014 0.0358669 0.079397 141.101
306649 13 0.01 1.3 32.9 -0.0500545 0.424866 5.13714 -0.00768701 0.0669847 141.44
307073 13 0.01 1.3 32.9 0.406358 -0.0636589 4.98388 0.0576319 -0.00902515 136.23
307114 13 0.01 1.3 32.9 -0.132189 0.221999 5.06658 -0.01893 0.0344384 149.46
307200 13 0.01 1.3 32.9 0.251242 0.367114 4.50014 0.0315655 0.0511419 144.619
307490 13 0.01 1.3 32.9 -0.403428 -0.112249 2.21046 -0.0256214 -0.00913506 143.881
307946 13 0.01 1.3 32.9 0.170535 -0.183649 6.94586 0.035623 -0.0400462 127.936
309758 13 0.01 1.3 32.9 -0.38 -0.43024 3.72249 -0.0418981 -0.0495663 148.161
309834 13 0.01 1.3 32.9 0.389756 -0.233532 12.9639 0.156048 -0.0923296 128.171
310029 13 0.01 1.3 32.9 -0.169827 0.482974 2.08881 -0.0117285 0.0325156 142.385
311089 13 0.01 1.3 32.9 0.422495 -0.361116 3.51492 0.0448598 -0.0392097 147.005
311572 13 0.01 1.3 32.9 -0.0288471 0.446739 6.99946 -0.00589156 0.0966787 131.166
311729 13 0.01 1.3 32.9 -0.464847 0.280313 3.34437 -0.0460943 0.0309596 139.999
312068 13 0.01 1.3 32.9 0.194004 0.0429453 2.98933 0.0179291 0.00172102 126.101
312406 13 0.01 1.3 32.9 0.354437 -0.187469 2.77453 0.0294567 -0.0158396 129.091
313372 13 0.01 1.3 32.9 -0.186692 -0.110203 5.94607 -0.03105 -0.0229411 146.154
313754 13 0.01 1.3 32.9 -0.119292 -0.278506 11.028 -0.0391484 -0.0937163 123.848
314599 13 0.01 1.3 32.9 -0.299793 -0.452844 1.60692 -0.0118183 -0.0201317 138.821
315606 13 0.01 1.3 32.9 -0.106951 0.0633096 15.3418 -0.0493395 0.0302037 126.079
316579 13 0.01 1.3 32.9 0.182439 0.35985 4.80634 0.0253609 0.0497747 145.481
316886 13 0.01 1.3 32.9 -0.173521 -0.372406 4.08231 -0.021621 -0.0459641 141.778
316932 13 0.01 1.3 32.9 0.482583 -0.452333 15.6299 0.229844 -0.212892 123.668
317822 13 0.01 1.3 32.9 -0.16416 -0.0771327 2.58633 -0.0112449 -0.00776796 143.627
319319 13 0.01 1.3 32.9 0.220988 0.00137755 9.91088 0.0673499 -0.000363921 125.03
320198 13 0.01 1.3 32.9 0.402383 -0.207713 2.14988 0.0268522 -0.0166652 138.597
320471 13 0.01 1.3 32.9 -0.404755 -0.28933 4.4642 -0.0541225 -0.0384325 144.406
321747 13 0.01 1.3 32.9 -0.429749 -0.264111 4.80658 -0.064244 -0.0396738 143.058
321914 13 0.01 1.3 32.9 -0.22252 -0.207897 9.28485 -0.0603955 -0.0577588 133.33
321966 13 0.01 1.3 32.9 -0.48379 -0.246956 5.09591 -0.0738826 -0.0396853 145.63
322076 13 0.01 1.3 32.9 -0.088655 0.0331712 4.28818 -0.0114801 0.0052673 126.773
322431 13 0.01 1.3 32.9 0.443883 0.346154 2.32766 0.0311277 0.022793 139.766
323226 13 0.01 1.3 32.9 -0.0321522 -0.478655 2.94489 -0.00313734 -0.0439592 138.016
326040 13 0.01 1.3 32.9 -0.298017 -0.424901 5.7049 -0.0535929 -0.0717365 142.986
327036 13 0.01 1.3 32.9 -0.343426 0.472527 8.11024 -0.084906 0.118024 135.055
328878 13 0.01 1.3 32.9 -0.08498 0.457907 3.83518 -0.0101166 0.0517387 143.636
330988 13 0.01 1.3 32.9 -0.0270937 -0.425519 4.9011 -0.000954493 -0.0635054 147.322
331756 13 0.01 1.3 32.9 0.0398807 0.181615 5.1207 0.00632867 0.0281643 134.09
331934 13 0.01 1.3 32.9 -0.464751 -0.135257 1.80454 -0.0271494 -0.0119855 140.291
332068 13 0.01 1.3 32.9 -0.354931 -0.128358 4.67651 -0.0516134 -0.01785 150.046
332985 13 0.01 1.3 32.9 0.280182 -0.285943 3.18496 0.027706 -0.0276973 142.646
335442 13 0.01 1.3 32.9 -0.388515 -0.131688 5.68244 -0.066774 -0.0222255 136.577
335879 13 0.01 1.3 32.9 -0.408828 0.355528 2.72468 -0.0334252 0.0285619 140.556
335945 13 0.01 1.3 32.9 -0.071747 0.0937275 9.54497 -0.0220431 0.0284609 131.418
336275 13 0.01 1.3 32.9 -0.231638 -0.307197 9.87461 -0.0688842 -0.093938 122.58
336683 13 0.01 1.3 32.9 0.295003 0.423653 6.57517 0.0582373 0.0874488 144.684
336974 13 0.01 1.3 32.9 0.0720888 0.18046 8.80378 0.0214996 0.0453274 133.813
337958 13 0.01 1.3 32.9 0.192365 -0.2252 7.02702 0.0423821 -0.0452593 136.422
339519 13 0.01 1.3 32.9 -0.157303 0.308797 4.82922 -0.0228159 0.044796 148.185
339642 13 0.01 1.3 32.9 0.0888608 -0.115916 2.56065 0.00602605 -0.0108336 126.325
340440 13 0.01 1.3 32.9 -0.317048 0.224846 4.47173 -0.044068 0.031072 142.327
340701 13 0.01 1.3 32.9 -0.422684 0.0331221 4.81916 -0.0622781 0.00609747 135.044
341262 13 0.01 1.3 32.9 0.107515 -0.111286 2.93823 0.00845592 -0.0108706 138.451
341352 13 0.01 1.3 32.9 0.0571262 0.0402442 3.12368 0.00779 0.00617195 125.53
341843 13 0.01 1.3 32.9 -0.260202 -0.313929 5.21238 -0.0390576 -0.047725 141.19
342804 13 0.01 1.3 32.9 0.466682 0.463772 3.02296 0.043183 0.0459135 141.625
344868 13 0.01 1.3 32.9 -0.360252 0.13919 15.0285 -0.16379 0.0607927 125.202
345930 13 0.01 1.3 32.9 -0.373944 -0.407398 1.81136 -0.0219541 -0.0237883 125.846
347297 13 0.01 1.3 32.9 -0.0425284 -0.375728 2.803 -0.00265319 -0.0326997 141.568
348834 13 0.01 1.3 32.9 -0.0861823 0.490827 3.8787 -0.0120712 0.056014 141.073
349364 13 0.01 1.3 32.9 0.217534 -0.330152 2.84585 0.0180497 -0.0259941 148.216
351658 13 0.01 1.3 32.9 -0.477016 0.23404 5.70439 -0.08571 0.0404846 130.367
351865 13 0.01 1.3 32.9 -0.162394 0.0106886 7.78227 -0.0403946 0.00121612 138.819
352553 13 0.01 1.3 32.9 -0.0946805 0.213904 3.17349 -0.0103573 0.0213576 141.839
352707 13 0.01 1.3 32.9 -0.483567 -0.0903565 7.48013 -0.108026 -0.0184311 129.989
353163 13 0.01 1.3 32.9 0.187837 0.131088 7.91998 0.044977 0.0289001 136.984
355406 13 0.01 1.3 32.9 0.492491 -0.00547096 5.17833 0.0773431 -0.00181746 140.63
356559 13 0.01 1.3 32.9 -0.164443 -0.260598 4.94694 -0.0247353 -0.0371049 136.585
357034 13 0.01 1.3 32.9 -0.183701 0.366151 11.1548 -0.0619336 0.125002 127.142
357185 13 0.01 1.3 32.9 0.366493 0.0122791 4.86983 0.0535124 0.000996272 147.463
357226 13 0.01 1.3 32.9 0.184065 0.188258 2.78623 0.0169895 0.0141427 137.357
358241 13 0.01 1.3 32.9 0.44989 0.0405018 6.36497 0.0862472 0.00560482 134.81
358559 13 0.01 1.3 32.9 0.074554 -0.0809524 4.35616 0.00951366 -0.0102898 149.291
361725 13 0.01 1.3 32.9 -0.0848548 0.331678 6.61302 -0.0154924 0.0662518 143.496
362753 13 0.01 1.3 32.9 -0.109385 -0.102187 12.3238 -0.0394363 -0.0367738 128.09
363020 13 0.01 1.3 32.9 0.00178703 -0.44397 6.33614 -0.00111553 -0.0856213 129.111
363185 13 0.01 1.3 32.9 0.361341 -0.225765 6.1155 0.0666472 -0.0433556 142.419
363755 13 0.01 1.3 32.9 -0.317515 0.268493 4.34889 -0.0442304 0.0341197 129.271
364751 13 0.01 1.3 32.9 0.330132 -0.395932 2.14702 0.0229104 -0.0260259 129.068
364769 13 0.01 1.3 32.9 0.00698292 -0.444728 6.46486 0.00106368 -0.0866244 127.737
365271 13 0.01 1.3 32.9 0.369481 -0.425471 4.94309 0.0547299 -0.064022 138.852
365999 13 0.01 1.3 32.9 0.0551703 -0.406001 3.81025 0.00418787 -0.0445531 146.415
367136 13 0.01 1.3 32.9 0.360486 0.452867 1.83113 0.0173579 0.0225994 133.323
367648 13 0.01 1.3 32.9 0.320634 0.405288 2.7522 0.0270985 0.0328122 140.579
371123 13 0.01 1.3 32.9 0.469097 -0.00197383 4.53527 0.0645026 -0.000378841 137.981
372615 13 0.01 1.3 32.9 -0.189322 -0.200707 4.3699 -0.0265887 -0.0259574 127.358
372970 13 0.01 1.3 32.9 -0.196504 -0.420488 6.34342 -0.0386857 -0.0844533 141.765
373099 13 0.01 1.3 32.9 0.235611 -0.202109 7.09519 0.0521966 -0.0438805 138.208
374301 13 0.01 1.3 32.9 0.0514189 -0.282655 5.60673 0.00714192 -0.0476511 138.533
374420 13 0.01 1.3 32.9 -0.441068 -0.179657 5.53579 -0.0755958 -0.0283546 132.03
374563 13 0.01 1.3 32.9 -0.210191 -0.0188415 2.82949 -0.0181795 -3.49056e-05 141.858
374813 13 0.01 1.3 32.9 -0.388076 -0.296132 3.59159 -0.0421856 -0.0316028 135.575
374914 13 0.01 1.3 32.9 -0.0476702 0.114568 9.26985 -0.0154193 0.032381 129.272
375252 13 0.01 1.3 32.9 0.00593625 0.0667921 3.8731 0.000242917 0.0103553 138.855
375604 13 0.01 1.3 32.9 -0.0989319 0.0205082 7.13191 -0.021828 0.00414311 141.254
375680 13 0.01 1.3 32.9 -0.201472 0.0833577 3.20567 -0.0224084 0.0121718 139.877
376593 13 0.01 1.3 32.9 0.255592 -0.3204 3.68012 0.0279951 -0.0376189 143.898
377198 13 0.01 1.3 32.9 0.35998 -0.0414409 6.30624 0.0687392 -0.00837778 133.668
378047 13 0.01 1.3 32.9 0.182314 0.00866954 6.168 0.0330338 0.000520082 130.084
378285 13 0.01 1.3 32.9 0.0313185 0.300682 6.19782 0.00430955 0.0566362 139.289
378536 13 0.01 1.3 32.9 0.211035 -0.294652 2.94833 0.0195155 -0.0290414 138.19
380016 13 0.01 1.3 32.9 0.278499 -0.422408 3.97558 0.0340283 -0.0523218 135.924
380424 13 0.01 1.3 32.9 -0.231981 0.332238 2.18304 -0.0178386 0.0222817 135.421
384329 13 0.01 1.3 32.9 0.21873 0.340022 1.66775 0.00768047 0.0163395 130.957
384434 13 0.01 1.3 32.9 -0.330069 0.375891 3.4122 -0.0363484 0.0377954 130.889
386409 13 0.01 1.3 32.9 0.384163 0.0298843 8.03549 0.0946399 0.0059103 133.97
388720 13 0.01 1.3 32.9 0.272901 -0.368616 4.55663 0.0360369 -0.0522368 142.143
391264 13 0.01 1.3 32.9 -0.486539 -0.398193 4.16937 -0.0623566 -0.0466108 129.538
391519 13 0.01 1.3 32.9 -0.10514 -0.309642 7.41386 -0.023329 -0.0715572 130.659
391674 13 0.01 1.3 32.9 0.166649 -0.242227 5.76155 0.0300088 -0.0432867 123.132
392691 13 0.01 1.3 32.9 -0.346392 0.231969 6.09113 -0.0630168 0.0439745 142.556
393879 13 0.01 1.3 32.9 -0.410186 -0.152321 3.32342 -0.0418697 -0.0167505 149.384
394183 13 0.01 1.3 32.9 0.253808 0.415747 2.03309 0.0168654 0.0256371 131.667
394928 13 0.01 1.3 32.9 -0.31938 -0.0616098 6.71909 -0.0643379 -0.0133509 138.547
395349 13 0.01 1.3 32.9 0.189574 0.481917 5.41487 0.0282702 0.0788989 146.499
395939 13 0.01 1.3 32.9 -0.248048 -0.0553779 6.3889 -0.0473861 -0.00637674 143.128
396212 13 0.01 1.3 32.9 0.349225 -0.269615 5.42073 0.0581078 -0.0452431 133.221
396643 13 0.01 1.3 32.9 0.173509 0.13318 7.5358 0.0409488 0.0299004 134.874
397614 13 0.01 1.3 32.9 0.401332 0.443838 2.12396 0.0239963 0.0307466 139.97
398351 13 0.01 1.3 32.9 0.201883 0.432002 5.79184 0.0355762 0.0751468 139.2
399809 13 0.01 1.3 32.9 -0.407719 -0.401649 5.20434 -0.0634823 -0.0621163 143.9
400816 13 0.01 1.3 32.9 -0.10206 0.287724 3.19821 -0.0102006 0.0294919 147.365
400823 13 0.01 1.3 32.9 -0.202555 -0.149962 2.30451 -0.0158203 -0.0105934 136.616
402731 13 0.01 1.3 32.9 0.392528 0.466133 5.70792 0.0673227 0.0803566 141.864
403633 13 0.01 1.3 32.9 -0.493341 -0.271637 5.04181 -0.0762569 -0.0405961 132.147
405090 13 0.01 1.3 32.9 -0.0682117 0.300245 1.58399 -0.00360644 0.0135638 137.441
408206 13 0.01 1.3 32.9 -0.159626 0.296603 4.00203 -0.0209091 0.0360796 140.906
408354 13 0.01 1.3 32.9 -0.345112 0.0721372 5.59119 -0.0580262 0.0124796 147.172
409573 13 0.01 1.3 32.9 0.152441 -0.495819 5.43604 0.0240664 -0.0834552 134.776
410425 13 0.01 1.3 32.9 0.374281 -0.377467 6.8391 0.0774274 -0.0756219 136.61
415616 13 0.01 1.3 32.9 -0.108838 -0.217553 7.0048 -0.0235977 -0.0451803 134.472
416067 13 0.01 1.3 32.9 -0.377092 -0.432179 5.65262 -0.0678959 -0.0746986 146.457
416136 13 0.01 1.3 32.9 0.0647649 0.396475 2.07577 0.0049803 0.0257126 138.954
416418 13 0.01 1.3 32.9 -0.0405779 0.0689354 5.29825 -0.0080412 0.00997829 148.779
416737 13 0.01 1.3 32.9 0.390796 0.274526 4.38114 0.0531337 0.0347013 134.584
417941 13 0.01 1.3 32.9 0.21665 0.0271304 3.29398 0.0207661 0.00188634 129.409
420041 13 0.01 1.3 32.9 -0.310405 -0.16873 8.74279 -0.0834126 -0.0442774 132.188
420119 13 0.01 1.3 32.9 0.295319 -0.475978 9.05397 0.0820637 -0.1308 126.601
421343 13 0.01 1.3 32.9 0.379674 0.142287 4.85834 0.0538872 0.0199652 143.525
422502 13 0.01 1.3 32.9 0.419256 0.133321 3.64427 0.0469052 0.014324 144.369
424630 13 0.01 1.3 32.9 -0.136309 0.469602 5.28324 -0.0214822 0.0749228 140.497
424895 13 0.01 1.3 32.9 0.2395 -0.338009 1.39247 0.0149883 -0.015149 126.341
426271 13 0.01 1.3 32.9 0.407005 0.137798 4.64185 0.0586252 0.0207682 142.809
428077 13 0.01 1.3 32.9 -0.0184172 -0.0385324 7.56707 -0.00545046 -0.0109766 135.631
429110 13 0.01 1.3 32.9 0.0581344 0.279682 5.06524 0.00782205 0.0443223 126.312
429160 13 0.01 1.3 32.9 -0.455846 -0.0492505 5.70655 -0.078239 -0.0095125 142.487
430031 13 0.01 1.3 32.9 0.271838 0.174051 7.58632 0.0629759 0.0391531 129.685
430649 13 0.01 1.3 32.9 0.0142434 0.413279 8.09931 0.00544056 0.0997155 128.492
432476 13 0.01 1.3 32.9 0.0951442 0.203034 13.0966 0.0382144 0.0822273 127.008
433915 13 0.01 1.3 32.9 0.161145 -0.428891 6.6683 0.0331723 -0.0864612 132.574
434712 13 0.01 1.3 32.9 -0.47325 0.421912 6.64459 -0.0963144 0.0841241 142.774
436262 13 0.01 1.3 32.9 0.451668 0.491402 2.90301 0.0397555 0.0436572 140.519
436616 13 0.01 1.3 32.9 -0.375308 0.188754 4.47951 -0.0520185 0.0227292 138.487
440959 13 0.01 1.3 32.9 -0.415209 0.415657 4.9484 -0.0611432 0.0628486 128.061
441151 13 0.01 1.3 32.9 0.322707 0.246341 4.85643 0.0455693 0.0361625 135.018
441545 13 0.01 1.3 32.9 -0.0306436 -0.255014 3.10149 -0.000988747 -0.0274696 147.242
442344 13 0.01 1.3 32.9 -0.0175778 -0.037597 3.54374 -0.00385093 -0.00284631 143.349
442839 13 0.01 1.3 32.9 0.140944 0.40625 5.0418 0.0203963 0.0613138 138.516
444766 13 0.01 1.3 32.9 0.340549 0.409012 2.74643 0.030586 0.0342228 138.007
444889 13 0.01 1.3 32.9 -0.258891 -0.381479 4.44462 -0.0338561 -0.0510808 150.467
444913 13 0.01 1.3 32.9 -0.381361 -0.479582 8.93267 -0.106464 -0.129892 133.479
445099 13 0.01 1.3 32.9 0.464141 0.054858 2.07355 0.0271063 0.00221031 137.784
445772 13 0.01 1.3 32.9 -0.0569765 0.456043 4.97815 -0.00774971 0.0662585 130.688
446072 13 0.01 1.3 32.9 -0.178703 0.379201 1.32283 -0.00740842 0.0167372 125.23
446419 13 0.01 1.3 32.9 0.329228 0.449326 7.94892 0.0793503 0.108835 138.541
446649 13 0.01 1.3 32.9 -0.310513 -0.470664 0.799778 -0.00740647 -0.010617 131.292
446724 13 0.01 1.3 32.9 0.446451 0.410173 4.05801 0.0538084 0.049309 140.045
446844 13 0.01 1.3 32.9 0.242784 0.128929 5.23105 0.0374813 0.0189296 139.564
447521 13 0.01 1.3 32.9 0.44037 -0.350487 4.30541 0.0592653 -0.0497892 150.284
448049 13 0.01 1.3 32.9 0.026122 -0.213385 4.69313 0.00256632 -0.0299403 133.825
449036 13 0.01 1.3 32.9 -0.314074 -0.26782 3.80639 -0.0359419 -0.0315197 132.676
452040 13 0.01 1.3 32.9 0.406793 -0.0646896 6.43978 0.0800501 -0.00924013 136.276
452687 13 0.01 1.3 32.9 -0.169537 0.488994 7.58242 -0.0395215 0.113356 139.522
453964 13 0.01 1.3 32.9 -0.0870401 0.389904 2.7038 -0.00488888 0.0332984 140.364
454880 13 0.01 1.3 32.9 0.226164 0.492539 3.77618 0.027625 0.0561315 148.565
456583 13 0.01 1.3 32.9 0.00973483 -0.263665 5.42689 -0.00058551 -0.0458323 145.651
459019 13 0.01 1.3 32.9 -0.470275 0.235888 7.07548 -0.100893 0.0492729 135.361
459153 13 0.01 1.3 32.9 0.495176 0.406019 5.62117 0.085568 0.0708434 128.901
459815 13 0.01 1.3 32.9 0.296097 0.494356 7.3544 0.0670392 0.111144 126.538
460668 13 0.01 1.3 32.9 0.306412 0.235904 10.9408 0.101569 0.0785892 129.908
460932 13 0.01 1.3 32.9 0.456946 -0.196769 6.61732 0.0909316 -0.0380884 142.799
461746 13 0.01 1.3 32.9 0.230179 -0.470619 11.5703 0.0796311 -0.165061 124.73
462205 13 0.01 1.3 32.9 0.0207721 -0.305011 4.35393 0.00185302 -0.0389258 148.276
463061 13 0.01 1.3 32.9 -0.322686 0.391897 7.34172 -0.0715188 0.0874943 136.431
463554 13 0.01 1.3 32.9 -0.48005 -0.176803 2.28031 -0.03431 -0.0142023 136.52
466114 13 0.01 1.3 32.9 -0.241796 0.185411 6.54959 -0.0460956 0.0383211 127.799
467531 13 0.01 1.3 32.9 0.133273 -0.275878 2.3944 0.00850644 -0.0213259 138.905
467549 13 0.01 1.3 32.9 0.123213 0.446788 10.0505 0.0372025 0.136383 125.758
467809 13 0.01 1.3 32.9 -0.245842 0.41131 19.4268 -0.144847 0.242772 123.652
468934 13 0.01 1.3 32.9 0.0912113 0.331766 3.10259 0.00594721 0.0313626 137.266
470777 13 0.01 1.3 32.9 -0.214798 0.153362 2.67487 -0.0177475 0.0118702 124.831
471855 13 0.01 1.3 32.9 -0.0422177 -0.186859 4.39473 -0.00520939 -0.0260963 147.877
472365 13 0.01 1.3 32.9 0.223085 0.360958 5.21456 0.0364201 0.0556161 149.21
475228 13 0.01 1.3 32.9 0.336457 -0.436541 3.37617 0.0339733 -0.0453113 139.387
477299 13 0.01 1.3 32.9 0.38306 -0.244722 4.70268 0.0571406 -0.0343978 139.719
478964 13 0.01 1.3 32.9 -0.200655 -0.442791 4.44121 -0.0270748 -0.0590092 146.629
479037 13 0.01 1.3 32.9 -0.446262 -0.143531 9.50799 -0.129178 -0.0403245 134.007
479455 13 0.01 1.3 32.9 0.487497 -0.170317 3.98157 0.0605911 -0.0234647 140.688
483097 13 0.01 1.3 32.9 0.339246 0.24435 8.34764 0.0836618 0.0628401 135.644
484444 13 0.01 1.3 32.9 -0.447514 -0.148653 5.82642 -0.0798388 -0.0251337 126.173
487115 13 0.01 1.3 32.9 -0.206152 0.164932 2.37005 -0.0142127 0.0120169 140.231
487786 13 0.01 1.3 32.9 0.316945 -0.274444 2.10092 0.0207812 -0.0148393 141.603
489225 13 0.01 1.3 32.9 0.179788 -0.315324 6.88539 0.0373555 -0.0674216 140.491
489725 13 0.01 1.3 32.9 -0.17983 -0.279349 2.77491 -0.0129564 -0.0254562 129.704
490912 13 0.01 1.3 32.9 -0.203906 0.14989 6.41124 -0.0400311 0.0300166 144.179
491633 13 0.01 1.3 32.9 -0.364162 0.117024 5.23903 -0.0560422 0.0169188 137.917
492887 13 0.01 1.3 32.9 0.462439 0.315314 4.10612 0.0590925 0.0365693 147.774
493900 13 0.01 1.3 32.9 -0.145043 -0.397405 15.0873 -0.067353 -0.183381 121.559
494113 13 0.01 1.3 32.9 0.00036885 -0.303924 6.58867 -0.00333438 -0.0610533 142.315
494398 13 0.01 1.3 32.9 0.2206 0.0612375 4.50832 0.0311023 0.00910996 131.682
494933 13 0.01 1.3 32.9 0.0980656 0.28291 2.99182 0.00689066 0.0275455 130.652
498164 13 0.01 1.3 32.9 -0.0536127 0.173813 7.87509 -0.0131818 0.0438271 130.513
