4440 12 0.01 0.3 32.9 0.434994 -0.39322 1.14793 0.0179435 -0.0137366 593.076
6123 12 0.01 0.3 32.9 0.402254 -0.158566 1.22352 0.0140392 -0.00213917 593.076
6450 12 0.01 0.3 32.9 0.0637774 0.0347995 2.65109 0.00761478 0.00604071 593.076
8117 12 0.01 0.3 32.9 -0.242624 -0.260187 5.36122 -0.0408633 -0.0427861 593.076
12249 12 0.01 0.3 32.9 -0.465425 0.0576895 3.54892 -0.0507328 0.00606067 593.076
12965 12 0.01 0.3 32.9 0.472844 -0.210872 5.92044 0.0867788 -0.0373428 593.076
14044 12 0.01 0.3 32.9 -0.119516 0.0220259 1.61526 -0.00543146 0.000436265 593.076
17702 12 0.01 0.3 32.9 0.391478 0.137858 2.45056 0.0300764 0.0101537 593.076
19060 12 0.01 0.3 32.9 0.16032 0.412966 2.26526 0.010403 0.029177 593.076
20782 12 0.01 0.3 32.9 0.37125 -0.230347 0.467174 0.00671899 -0.00485245 593.076
21125 12 0.01 0.3 32.9 -0.213646 0.224072 6.66275 -0.0445392 0.044952 593.076
21929 12 0.01 0.3 32.9 0.477994 0.45922 2.15285 0.0302874 0.032261 593.076
22158 12 0.01 0.3 32.9 0.0793095 0.13364 0.813023 0.00204377 0.00283749 593.076
22294 12 0.01 0.3 32.9 -0.00872584 0.110899 0.689115 -0.00304908 0.00141756 593.076
23032 12 0.01 0.3 32.9 -0.229228 0.30551 0.975894 -0.00631531 0.0115987 593.076
24751 12 0.01 0.3 32.9 0.272369 0.098017 2.80553 0.0228926 0.00774869 593.076
25337 12 0.01 0.3 32.9 0.308003 0.149385 3.83396 0.0337886 0.0185635 593.076
32539 12 0.01 0.3 32.9 -0.29403 0.403558 2.49982 -0.0203307 0.0317815 593.076
35021 12 0.01 0.3 32.9 0.0314908 0.108451 1.18974 0.00129673 0.00468605 593.076
35120 12 0.01 0.3 32.9 -0.428471 0.0227625 0.385964 -0.00701636 0.0017033 593.076
41924 12 0.01 0.3 32.9 -0.0819616 0.275366 4.27377 -0.0104357 0.0358166 593.076
44624 12 0.01 0.3 32.9 -0.273876 0.197194 2.57759 -0.0189815 0.0167382 593.076
46553 12 0.01 0.3 32.9 0.340426 -0.148584 1.92755 0.020144 -0.0100764 593.076
49783 12 0.01 0.3 32.9 -0.408593 0.215917 0.523079 -0.0060993 0.00573829 593.076
50562 12 0.01 0.3 32.9 -0.14204 0.248045 2.29088 -0.00905812 0.0165156 593.076
52138 12 0.01 0.3 32.9 -0.176681 0.327613 2.73983 -0.0157413 0.0269548 593.076
52566 12 0.01 0.3 32.9 0.130797 0.172109 0.888627 0.00409863 0.00764414 593.076
53136 12 0.01 0.3 32.9 -0.114667 -0.173685 1.3957 -0.00433337 -0.00580512 593.076
55644 12 0.01 0.3 32.9 0.429146 0.315732 3.46477 0.0447415 0.034615 593.076
57727 12 0.01 0.3 32.9 0.251082 0.381115 4.15498 0.0308983 0.0468911 593.076
57762 12 0.01 0.3 32.9 -0.495083 0.250647 2.45442 -0.035076 0.0212753 593.076
57885 12 0.01 0.3 32.9 -0.0103819 0.111903 3.49919 -0.00166555 0.0116926 593.076
59783 12 0.01 0.3 32.9 -0.4443 -0.18101 7.47974 -0.0995482 -0.0413249 593.076
60649 12 0.01 0.3 32.9 -0.431169 0.384903 2.28422 -0.0302055 0.0261329 593.076
62128 12 0.01 0.3 32.9 0.441024 -0.309491 4.54285 0.0591518 -0.0424892 593.076
62679 12 0.01 0.3 32.9 0.02659 0.412722 1.83737 0.00110916 0.0236446 593.076
65517 12 0.01 0.3 32.9 -0.154935 -0.387101 1.53189 -0.00401144 -0.0169194 593.076
67944 12 0.01 0.3 32.9 -0.271001 0.350605 1.46484 -0.0119614 0.0165083 593.076
70749 12 0.01 0.3 32.9 -0.375329 -0.00372821 1.79356 -0.0224433 -0.000372638 593.076
73561 12 0.01 0.3 32.9 -0.488986 -0.18163 2.5198 -0.0377123 -0.0136276 593.076
74957 12 0.01 0.3 32.9 -0.262592 0.238034 0.647591 -0.00552776 0.00492608 593.076
76258 12 0.01 0.3 32.9 0.439057 0.487656 1.59203 0.0218099 0.0231247 593.076
77057 12 0.01 0.3 32.9 -0.480277 0.415899 0.854042 -0.0122728 0.0112225 593.076
77697 12 0.01 0.3 32.9 -0.108341 0.176062 3.11529 -0.010845 0.0180745 593.076
79853 12 0.01 0.3 32.9 0.453993 0.00308693 3.29926 0.0451939 -0.000704397 593.076
80756 12 0.01 0.3 32.9 0.194941 0.481524 1.70036 0.0097107 0.0255375 593.076
81245 12 0.01 0.3 32.9 -0.0386243 0.414517 2.102 -0.00260265 0.0274132 593.076
82436 12 0.01 0.3 32.9 0.180675 0.123888 6.52032 0.0371677 0.0266045 593.076
82633 12 0.01 0.3 32.9 0.247319 -0.0347455 1.40892 0.0105212 -0.00186014 593.076
82724 12 0.01 0.3 32.9 -0.109773 0.0501346 3.29891 -0.0110113 0.00412749 593.076
83489 12 0.01 0.3 32.9 -0.471015 0.386268 1.90254 -0.027436 0.0251231 593.076
83998 12 0.01 0.3 32.9 -0.450896 0.129115 2.00821 -0.0266796 0.0101908 593.076
85422 12 0.01 0.3 32.9 0.148177 -0.0631109 2.84328 0.0124096 -0.00512381 593.076
85957 12 0.01 0.3 32.9 0.283448 -0.0971916 1.52045 0.0119788 -0.0057798 593.076
86967 12 0.01 0.3 32.9 -0.0912024 -0.232514 3.78751 -0.0109083 -0.0250084 593.076
90200 12 0.01 0.3 32.9 0.366194 0.0702502 4.81245 0.0547012 0.0122487 593.076
91255 12 0.01 0.3 32.9 0.10578 -0.0162827 2.90408 0.0115451 -0.000594228 593.076
91615 12 0.01 0.3 32.9 0.133564 0.0295641 0.790904 0.0055476 0.00180758 593.076
93121 12 0.01 0.3 32.9 -0.439445 -0.0757101 5.7575 -0.0775327 -0.0126996 593.076
95295 12 0.01 0.3 32.9 -0.12285 -0.369289 0.630673 -0.00366497 -0.00630698 593.076
96191 12 0.01 0.3 32.9 -0.406323 0.148906 3.29098 -0.037825 0.0123564 593.076
96526 12 0.01 0.3 32.9 0.310227 -0.277854 1.16188 0.0103905 -0.00974203 593.076
99824 12 0.01 0.3 32.9 -0.395763 -0.229515 0.560904 -0.00792428 -0.00393497 593.076
99853 12 0.01 0.3 32.9 0.242896 0.145979 4.14812 0.031117 0.0209588 593.076
101536 12 0.01 0.3 32.9 -0.218113 -0.335939 0.82197 -0.00759054 -0.00717192 593.076
104152 12 0.01 0.3 32.9 0.166859 -0.139927 3.24522 0.0180966 -0.0146076 593.076
104609 12 0.01 0.3 32.9 -0.045149 0.243035 3.2324 -0.00474257 0.0266015 593.076
105374 12 0.01 0.3 32.9 -0.102402 -0.400925 2.92199 -0.0109496 -0.0357001 593.076
107472 12 0.01 0.3 32.9 0.380001 -0.238451 2.3973 0.0261703 -0.0168257 593.076
110704 12 0.01 0.3 32.9 0.415973 0.442251 2.06109 0.0245779 0.0298182 593.076
111950 12 0.01 0.3 32.9 -0.163659 -0.354743 3.08064 -0.0150782 -0.0312045 593.076
112854 12 0.01 0.3 32.9 -0.353548 0.323427 3.91032 -0.041079 0.0391672 593.076
114342 12 0.01 0.3 32.9 0.144497 0.0726938 1.72621 0.00749595 0.00409697 593.076
116291 12 0.01 0.3 32.9 0.0600453 -0.213363 3.24834 0.00445565 -0.0206991 593.076
118211 12 0.01 0.3 32.9 -0.491682 0.281127 5.46764 -0.0812603 0.045592 593.076
119186 12 0.01 0.3 32.9 0.20824 -0.319337 2.62703 0.0150267 -0.0249861 593.076
119738 12 0.01 0.3 32.9 0.106344 0.252959 3.01694 0.0098475 0.0261788 593.076
120155 12 0.01 0.3 32.9 -0.128269 -0.134248 4.24774 -0.0195102 -0.0154024 593.076
120596 12 0.01 0.3 32.9 -0.165899 0.0243543 0.369623 -0.00270313 4.03138e-05 593.076
120992 12 0.01 0.3 32.9 -0.438824 -0.295385 1.33611 -0.0166832 -0.010687 593.076
121924 12 0.01 0.3 32.9 0.0205664 -0.0358319 4.02813 0.00332113 -0.00617059 593.076
122615 12 0.01 0.3 32.9 0.467989 -0.429881 4.98975 0.0698729 -0.0645651 593.076
129443 12 0.01 0.3 32.9 0.0860661 0.138385 3.69221 0.0101111 0.0164946 593.076
132462 12 0.01 0.3 32.9 -0.173937 -0.358645 6.11498 -0.0315236 -0.0675254 593.076
134954 12 0.01 0.3 32.9 -0.20345 0.0119643 0.641131 -0.00437338 0.00117434 593.076
135570 12 0.01 0.3 32.9 0.11464 -0.0316618 2.10685 0.00939814 -0.00136139 593.076
137630 12 0.01 0.3 32.9 -0.410295 -0.347363 2.37011 -0.02997 -0.0237664 593.076
137718 12 0.01 0.3 32.9 -0.0729582 0.440253 2.64942 -0.0063997 0.0369868 593.076
149900 12 0.01 0.3 32.9 0.472581 -0.0927809 3.67481 0.0515626 -0.00916409 593.076
150332 12 0.01 0.3 32.9 -0.157646 0.0299773 3.03521 -0.0149892 0.00326269 593.076
152569 12 0.01 0.3 32.9 -0.34857 0.158189 7.31818 -0.0762799 0.0349336 593.076
154163 12 0.01 0.3 32.9 0.374031 -0.066027 5.44889 0.0646491 -0.0116935 593.076
154342 12 0.01 0.3 32.9 -0.392633 0.0685136 2.16702 -0.0264305 0.00572258 593.076
154670 12 0.01 0.3 32.9 0.498862 0.0437469 2.03189 0.0301389 0.00236111 593.076
156999 12 0.01 0.3 32.9 0.210854 -0.119512 3.15417 0.0199582 -0.00910924 593.076
161155 12 0.01 0.3 32.9 -0.237793 0.121636 2.78608 -0.0215656 0.0117039 593.076
163422 12 0.01 0.3 32.9 -0.303848 0.011697 2.03858 -0.0192672 0.00241984 593.076
164356 12 0.01 0.3 32.9 -0.260017 0.323454 1.18905 -0.00825577 0.0118602 593.076
166336 12 0.01 0.3 32.9 0.116253 -0.0023654 3.1634 0.0101857 0.00283684 593.076
167711 12 0.01 0.3 32.9 0.240263 -0.218235 1.24822 0.00888606 -0.00704895 593.076
169867 12 0.01 0.3 32.9 -0.161968 0.099815 1.89204 -0.0106422 0.00531186 593.076
169870 12 0.01 0.3 32.9 0.487141 0.111658 3.6925 0.0540938 0.0129598 593.076
169943 12 0.01 0.3 32.9 0.156871 0.25918 0.437593 2.6607e-05 0.0046359 593.076
170304 12 0.01 0.3 32.9 -0.167392 -0.172333 0.996334 -0.00508991 -0.00465325 593.076
175704 12 0.01 0.3 32.9 0.139207 -0.264169 2.03791 0.00814013 -0.0166336 593.076
178930 12 0.01 0.3 32.9 -0.144322 -0.353107 2.6233 -0.0126284 -0.0267844 593.076
183741 12 0.01 0.3 32.9 0.414382 0.267973 3.65187 0.0447007 0.0313788 593.076
183968 12 0.01 0.3 32.9 -0.0542489 -0.023122 1.19588 -0.000515861 -0.000196061 593.076
184108 12 0.01 0.3 32.9 -0.0416489 0.051383 1.86735 -0.00358177 0.00306656 593.076
184528 12 0.01 0.3 32.9 -0.292356 -0.0676419 1.44333 -0.0128622 -0.0018091 593.076
184559 12 0.01 0.3 32.9 -0.238342 -0.262171 1.55401 -0.0137914 -0.00964462 593.076
186516 12 0.01 0.3 32.9 0.127204 0.473132 1.81145 0.00423215 0.0251176 593.076
186760 12 0.01 0.3 32.9 0.218362 0.284189 1.03223 0.00462976 0.0102808 593.076
187509 12 0.01 0.3 32.9 0.102337 -0.48642 1.35299 0.00430343 -0.0187561 593.076
187816 12 0.01 0.3 32.9 0.206649 0.0582398 3.6393 0.0236029 0.00565308 593.076
188092 12 0.01 0.3 32.9 0.110806 0.218655 1.27679 0.00405851 0.00821163 593.076
188216 12 0.01 0.3 32.9 -0.320649 0.177621 5.08092 -0.0500269 0.0269474 593.076
191312 12 0.01 0.3 32.9 0.0654687 -0.160934 3.86014 0.0085115 -0.0169062 593.076
192262 12 0.01 0.3 32.9 -0.344581 -0.178767 6.33953 -0.0680063 -0.0330319 593.076
193058 12 0.01 0.3 32.9 -0.167808 -0.453399 4.81284 -0.0260244 -0.0661839 593.076
195765 12 0.01 0.3 32.9 0.0242155 -0.129859 1.22771 -0.000382225 -0.00115239 593.076
196429 12 0.01 0.3 32.9 0.385414 0.276931 2.48297 0.0283869 0.0211361 593.076
198467 12 0.01 0.3 32.9 0.0580618 0.253805 1.43772 0.00304214 0.0112722 593.076
200466 12 0.01 0.3 32.9 -0.360642 0.45185 1.31116 -0.0128558 0.0194547 593.076
205203 12 0.01 0.3 32.9 0.382762 -0.45293 1.5526 0.0203727 -0.0216362 593.076
206331 12 0.01 0.3 32.9 0.198295 -0.311085 1.98417 0.0112017 -0.0193925 593.076
208600 12 0.01 0.3 32.9 0.350121 0.430959 2.34007 0.0229169 0.0329344 593.076
212252 12 0.01 0.3 32.9 -0.406405 -0.167049 3.29978 -0.0399526 -0.0171348 593.076
213486 12 0.01 0.3 32.9 0.128233 -0.0181465 2.55869 0.00863327 -0.00353091 593.076
217138 12 0.01 0.3 32.9 -0.0934814 0.0822956 0.6714 -0.00537523 0.00475899 593.076
218949 12 0.01 0.3 32.9 -0.0328101 0.39474 6.22622 -0.00637485 0.0783431 593.076
222580 12 0.01 0.3 32.9 0.488026 -0.424083 1.82792 0.0270496 -0.0226045 593.076
222629 12 0.01 0.3 32.9 0.177649 0.175175 0.453803 0.00177648 0.00187458 593.076
222808 12 0.01 0.3 32.9 -0.480512 0.262482 2.56769 -0.038265 0.0192601 593.076
226468 12 0.01 0.3 32.9 -0.135358 0.058664 2.99889 -0.0107809 0.00613518 593.076
226845 12 0.01 0.3 32.9 -0.318625 -0.0968028 1.96176 -0.0199424 -0.00452435 593.076
227849 12 0.01 0.3 32.9 -0.193603 -0.0389803 1.12537 -0.00708786 -0.000577348 593.076
229154 12 0.01 0.3 32.9 0.19033 0.393621 2.36849 0.0134059 0.0288718 593.076
229915 12 0.01 0.3 32.9 -0.121387 0.163802 2.71245 -0.0119179 0.0152125 593.076
231473 12 0.01 0.3 32.9 -0.360446 -0.347997 0.922072 -0.00808778 -0.00784496 593.076
231703 12 0.01 0.3 32.9 -0.339792 -0.00143084 5.42639 -0.0590685 -0.000149061 593.076
231772 12 0.01 0.3 32.9 -0.0476153 0.176022 2.85794 -0.00323522 0.0159579 593.076
232918 12 0.01 0.3 32.9 -0.107676 -0.2619 1.08201 -0.0027071 -0.00695308 593.076
237452 12 0.01 0.3 32.9 0.30985 -0.364198 7.15528 0.0690275 -0.0805762 593.076
238762 12 0.01 0.3 32.9 0.125585 0.411936 5.61397 0.0230812 0.0698166 593.076
241580 12 0.01 0.3 32.9 0.499556 0.408047 1.50536 0.0222884 0.0183949 593.076
242137 12 0.01 0.3 32.9 0.259828 -0.395165 9.80383 0.0777592 -0.117968 593.076
242828 12 0.01 0.3 32.9 0.269408 -0.424942 2.16275 0.0200412 -0.0268171 593.076
243669 12 0.01 0.3 32.9 -0.322306 -0.364334 4.21613 -0.0427697 -0.0445777 593.076
248459 12 0.01 0.3 32.9 0.179335 0.470579 1.73996 0.00947922 0.0275155 593.076
252620 12 0.01 0.3 32.9 0.419428 -0.27429 0.61788 0.00653159 -0.00608772 593.076
254559 12 0.01 0.3 32.9 0.499786 -0.417246 3.69385 0.0522995 -0.045272 593.076
258714 12 0.01 0.3 32.9 0.0349117 0.131581 1.64438 0.00201869 0.00677926 593.076
260084 12 0.01 0.3 32.9 0.497537 -0.451078 1.98507 0.0288166 -0.028327 593.076
261246 12 0.01 0.3 32.9 0.280282 -0.102969 2.16925 0.0172203 -0.00474825 593.076
261463 12 0.01 0.3 32.9 0.281017 -0.279718 2.32257 0.0200963 -0.02057 593.076
264303 12 0.01 0.3 32.9 0.452963 -0.076498 4.95321 0.068002 -0.00943535 593.076
266751 12 0.01 0.3 32.9 -0.0923773 0.28979 2.9909 -0.00484238 0.028143 593.076
267341 12 0.01 0.3 32.9 -0.200493 -0.201992 1.47162 -0.006364 -0.00870103 593.076
271084 12 0.01 0.3 32.9 -0.139437 -0.119654 4.89693 -0.0219952 -0.0182292 593.076
276467 12 0.01 0.3 32.9 0.219477 0.310932 1.64155 0.0111259 0.0158557 593.076
280575 12 0.01 0.3 32.9 0.00274149 -0.415186 2.28158 -0.00258898 -0.0276978 593.076
281451 12 0.01 0.3 32.9 0.0421005 -0.317681 0.763283 0.00299649 -0.00548437 593.076
281711 12 0.01 0.3 32.9 -0.496386 0.165561 2.50015 -0.0383356 0.0119576 593.076
283429 12 0.01 0.3 32.9 -0.0216303 0.0362959 2.35347 -0.00143011 0.00173376 593.076
283580 12 0.01 0.3 32.9 0.0309068 -0.144328 3.25179 0.0035166 -0.0161056 593.076
285512 12 0.01 0.3 32.9 -0.338899 0.0491899 4.20389 -0.0447755 0.00659151 593.076
286641 12 0.01 0.3 32.9 -0.127335 -0.265851 3.24378 -0.0150188 -0.0241237 593.076
289564 12 0.01 0.3 32.9 0.185229 -0.260788 3.27925 0.0166388 -0.0249997 593.076
289783 12 0.01 0.3 32.9 0.345764 0.375355 2.31417 0.0266269 0.0244622 593.076
293155 12 0.01 0.3 32.9 -0.0972936 -0.14183 3.40808 -0.0110315 -0.0133229 593.076
293860 12 0.01 0.3 32.9 -0.425602 -0.149041 1.25074 -0.015728 -0.00634445 593.076
295370 12 0.01 0.3 32.9 0.471755 0.249233 2.53409 0.0355855 0.019254 593.076
300026 12 0.01 0.3 32.9 -0.401696 -0.0703714 2.24184 -0.0273773 -0.00163929 593.076
301540 12 0.01 0.3 32.9 0.0610252 0.206737 1.74768 0.00352595 0.0112136 593.076
303043 12 0.01 0.3 32.9 0.456102 -0.405977 1.11891 0.0183775 -0.0126152 593.076
303077 12 0.01 0.3 32.9 0.249665 -0.327008 1.08003 0.00699211 -0.0134125 593.076
304696 12 0.01 0.3 32.9 0.400284 -0.388329 0.751219 0.00902146 -0.00767528 593.076
305629 12 0.01 0.3 32.9 -0.44346 0.164297 0.854813 -0.0137261 0.00401928 593.076
305656 12 0.01 0.3 32.9 0.227554 -0.177435 3.04921 0.0210799 -0.0154477 593.076
311623 12 0.01 0.3 32.9 -0.15398 0.108906 1.60538 -0.0076745 0.00531771 593.076
312312 12 0.01 0.3 32.9 -0.301077 -0.119497 2.54885 -0.0233814 -0.00884791 593.076
314754 12 0.01 0.3 32.9 -0.0922548 0.343148 4.14344 -0.0130921 0.0427421 593.076
314859 12 0.01 0.3 32.9 0.258974 -0.089535 5.33295 0.042433 -0.0116746 593.076
315412 12 0.01 0.3 32.9 0.110105 -0.466109 1.17032 0.0040643 -0.0169091 593.076
320189 12 0.01 0.3 32.9 -0.20619 -0.111316 2.40194 -0.0147 -0.0078847 593.076
321391 12 0.01 0.3 32.9 0.167586 0.453106 8.37601 0.038195 0.116777 593.076
322321 12 0.01 0.3 32.9 0.181465 -0.348542 1.73148 0.00871144 -0.0161588 593.076
324252 12 0.01 0.3 32.9 -0.446435 -0.44742 1.58954 -0.0218557 -0.0235348 593.076
326495 12 0.01 0.3 32.9 -0.274264 0.106444 2.06136 -0.0169138 0.00619017 593.076
329039 12 0.01 0.3 32.9 0.366547 -0.365276 3.72544 0.0417568 -0.0400984 593.076
329856 12 0.01 0.3 32.9 -0.336168 0.356933 1.4826 -0.015385 0.0163274 593.076
330178 12 0.01 0.3 32.9 0.152058 0.0484797 2.11418 0.00914395 0.00576708 593.076
330423 12 0.01 0.3 32.9 -0.430402 -0.0158767 1.43204 -0.0181326 -0.00107187 593.076
331055 12 0.01 0.3 32.9 0.26961 -0.363262 2.00721 0.01598 -0.0205208 593.076
340588 12 0.01 0.3 32.9 -0.45589 -0.347039 4.86847 -0.0680491 -0.0502344 593.076
341076 12 0.01 0.3 32.9 0.372317 -0.377987 2.60825 0.0301228 -0.0300321 593.076
341722 12 0.01 0.3 32.9 0.0486371 -0.198588 3.05101 0.00279438 -0.0144529 593.076
344159 12 0.01 0.3 32.9 -0.135945 -0.251352 3.57699 -0.0155464 -0.0282838 593.076
344877 12 0.01 0.3 32.9 0.410996 0.0348628 1.2118 0.0153271 0.00104348 593.076
346410 12 0.01 0.3 32.9 0.341365 0.178416 0.91967 0.00984282 0.0069155 593.076
347664 12 0.01 0.3 32.9 -0.142805 0.304544 1.32473 -0.00601238 0.0158604 593.076
349366 12 0.01 0.3 32.9 -0.493302 -0.345731 2.85458 -0.0434153 -0.0295623 593.076
351108 12 0.01 0.3 32.9 0.323263 -0.332264 2.09822 0.0217535 -0.0216482 593.076
351921 12 0.01 0.3 32.9 0.496055 0.311544 2.36604 0.0353751 0.024357 593.076
351937 12 0.01 0.3 32.9 -0.391833 0.100538 2.33022 -0.0262095 0.00801946 593.076
352164 12 0.01 0.3 32.9 0.0969282 -0.39362 5.0462 0.013968 -0.0601216 593.076
355409 12 0.01 0.3 32.9 0.217487 0.313788 3.19523 0.0228204 0.0317281 593.076
355816 12 0.01 0.3 32.9 0.144812 0.19521 1.14631 0.00583922 0.00931388 593.076
360972 12 0.01 0.3 32.9 0.32573 -0.109011 1.24349 0.0115112 -0.00311481 593.076
364056 12 0.01 0.3 32.9 -0.0907577 -0.27026 3.05079 -0.00810692 -0.025566 593.076
365110 12 0.01 0.3 32.9 0.363706 0.3853 1.80144 0.0191103 0.0244693 593.076
366012 12 0.01 0.3 32.9 -0.318241 0.389837 2.10071 -0.0193105 0.0249136 593.076
366492 12 0.01 0.3 32.9 0.204216 0.441111 2.7766 0.016672 0.0356481 593.076
367056 12 0.01 0.3 32.9 -0.308313 0.318044 2.56081 -0.0228187 0.0261402 593.076
369058 12 0.01 0.3 32.9 0.340999 -0.304084 0.672699 0.00605223 -0.00371089 593.076
369570 12 0.01 0.3 32.9 0.33703 0.419568 1.55339 0.0151853 0.0207088 593.076
369723 12 0.01 0.3 32.9 0.333867 -0.194882 2.54487 0.0263198 -0.0169529 593.076
369737 12 0.01 0.3 32.9 0.208909 0.0376131 0.507384 0.00383156 0.00229951 593.076
369897 12 0.01 0.3 32.9 0.155036 0.0181572 1.88136 0.010168 0.00213437 593.076
370867 12 0.01 0.3 32.9 0.108156 0.251375 1.46933 0.00152951 0.012388 593.076
375874 12 0.01 0.3 32.9 0.485781 -0.433025 2.51741 0.036012 -0.0331682 593.076
381951 12 0.01 0.3 32.9 -0.0989795 -0.00390882 17.9589 -0.0546783 -0.00151635 593.076
383855 12 0.01 0.3 32.9 0.0656931 0.298782 2.05864 0.00555133 0.0203326 593.076
384065 12 0.01 0.3 32.9 -0.404117 -0.115708 4.7631 -0.0598661 -0.0148091 593.076
387017 12 0.01 0.3 32.9 0.490275 0.204305 1.50017 0.0192031 0.0110604 593.076
387211 12 0.01 0.3 32.9 0.0744536 0.00643595 3.79824 0.00873147 0.00316379 593.076
387921 12 0.01 0.3 32.9 0.0903576 -0.129158 1.79959 0.00513117 -0.00556409 593.076
388724 12 0.01 0.3 32.9 0.114577 0.0894452 1.98316 0.00611751 0.00550241 593.076
390720 12 0.01 0.3 32.9 0.283504 -0.196738 0.467793 0.00382845 -0.00180896 593.076
394126 12 0.01 0.3 32.9 -0.120311 0.248654 7.82477 -0.0279505 0.0595551 593.076
395067 12 0.01 0.3 32.9 -0.471685 0.359297 1.05646 -0.0159776 0.011671 593.076
395525 12 0.01 0.3 32.9 -0.16627 0.244621 3.055 -0.01676 0.0242779 593.076
396630 12 0.01 0.3 32.9 0.244234 0.410375 2.81695 0.0189837 0.0346379 593.076
396808 12 0.01 0.3 32.9 -0.260699 -0.192104 2.62217 -0.0216179 -0.0149202 593.076
397508 12 0.01 0.3 32.9 -0.00719007 0.173292 2.87984 0.00168537 0.015343 593.076
398224 12 0.01 0.3 32.9 0.169935 0.137119 3.01888 0.0141358 0.0111433 593.076
404686 12 0.01 0.3 32.9 -0.430217 0.47264 1.89376 -0.0243039 0.027381 593.076
406024 12 0.01 0.3 32.9 -0.335265 0.0836403 0.458291 -0.00229075 -0.00118081 593.076
415094 12 0.01 0.3 32.9 -0.136101 -0.401137 4.67608 -0.0185577 -0.0575629 593.076
418507 12 0.01 0.3 32.9 -0.245855 -0.477855 0.974932 -0.00858426 -0.0118663 593.076
420219 12 0.01 0.3 32.9 0.120729 0.0288417 2.80795 0.0110631 0.00401007 593.076
420456 12 0.01 0.3 32.9 0.468014 0.327856 1.81756 0.0257752 0.0191318 593.076
422248 12 0.01 0.3 32.9 0.421689 -0.0803699 0.795991 0.00886615 0.0012472 593.076
426607 12 0.01 0.3 32.9 0.309251 0.176585 5.87478 0.0552565 0.0337797 593.076
429195 12 0.01 0.3 32.9 0.0047136 -0.295355 3.24066 -1.7843e-05 -0.0275798 593.076
430300 12 0.01 0.3 32.9 -0.013789 0.0607507 5.23263 -0.001308 0.0106072 593.076
431158 12 0.01 0.3 32.9 -0.31184 0.353654 2.79952 -0.0246214 0.0277073 593.076
435373 12 0.01 0.3 32.9 -0.0518599 -0.0025802 6.46327 -0.00939819 0.000193664 593.076
435571 12 0.01 0.3 32.9 0.406001 -0.237049 1.85944 0.0242222 -0.0124916 593.076
439710 12 0.01 0.3 32.9 0.279811 -0.0800272 2.03354 0.0189502 -0.00370045 593.076
440445 12 0.01 0.3 32.9 0.070409 0.412499 1.74246 0.0034371 0.022836 593.076
444844 12 0.01 0.3 32.9 -0.345899 0.428701 4.498 -0.0497104 0.0588308 593.076
446020 12 0.01 0.3 32.9 -0.0499804 0.10364 0.892343 -0.00286501 0.00252562 593.076
446556 12 0.01 0.3 32.9 0.333179 0.0846066 2.00299 0.0183079 0.00662252 593.076
449585 12 0.01 0.3 32.9 0.31494 0.358915 2.90186 0.0284158 0.0336892 593.076
449852 12 0.01 0.3 32.9 -0.326538 0.171067 1.9388 -0.0207081 0.0108296 593.076
452103 12 0.01 0.3 32.9 0.46924 -0.0878607 1.01133 0.0156349 -0.00148492 593.076
454157 12 0.01 0.3 32.9 0.248148 -0.0119035 2.7578 0.0224891 -0.00202246 593.076
455731 12 0.01 0.3 32.9 0.0677506 0.334311 7.7756 0.0149161 0.0801006 593.076
457830 12 0.01 0.3 32.9 -0.330759 0.474792 0.792356 -0.00691326 0.0126641 593.076
457884 12 0.01 0.3 32.9 -0.359344 -0.231937 2.79091 -0.0312565 -0.0202499 593.076
460222 12 0.01 0.3 32.9 -0.0800812 -0.199581 2.99307 -0.00853859 -0.0162092 593.076
461142 12 0.01 0.3 32.9 0.203441 0.211116 6.5113 0.0397842 0.043661 593.076
462742 12 0.01 0.3 32.9 0.0990569 0.253421 2.82091 0.0079508 0.0224617 593.076
462956 12 0.01 0.3 32.9 -0.477452 0.284193 5.54657 -0.0837105 0.0484987 593.076
464279 12 0.01 0.3 32.9 0.057108 -0.0198235 0.351858 -0.00164694 0.000941556 593.076
464773 12 0.01 0.3 32.9 0.258921 0.209238 9.11664 0.0705573 0.0602911 593.076
470724 12 0.01 0.3 32.9 -0.425121 0.126072 1.8596 -0.0246983 0.00605239 593.076
476376 12 0.01 0.3 32.9 -0.202731 -0.202987 3.31322 -0.0225734 -0.019958 593.076
476750 12 0.01 0.3 32.9 0.340466 -0.0594185 1.67111 0.0176562 -0.00275522 593.076
478482 12 0.01 0.3 32.9 0.353323 -0.000958837 1.209 0.0140685 0.000214945 593.076
479007 12 0.01 0.3 32.9 0.423839 0.487629 5.05261 0.0653715 0.076862 593.076
479574 12 0.01 0.3 32.9 0.430598 -0.168209 2.87767 0.0372264 -0.0150265 593.076
480877 12 0.01 0.3 32.9 0.439263 -0.010399 5.00619 0.0681172 0.00193025 593.076
484620 12 0.01 0.3 32.9 0.30933 -0.138702 7.72512 0.0736452 -0.0306005 593.076
488589 12 0.01 0.3 32.9 -0.178604 -0.0410581 2.44073 -0.015243 -0.0027936 593.076
488931 12 0.01 0.3 32.9 -0.0918674 0.491519 3.48109 -0.00855272 0.0506836 593.076
491755 12 0.01 0.3 32.9 0.145795 0.170786 0.767565 0.00346417 0.00359735 593.076
497548 12 0.01 0.3 32.9 0.288632 0.205352 2.14868 0.0202642 0.0148398 593.076
498493 12 0.01 0.3 32.9 0.477369 -0.0666255 2.0637 0.0318143 -0.000599315 593.076
498726 12 0.01 0.3 32.9 0.456131 -0.375037 1.41146 0.0191167 -0.0165885 593.076
499006 12 0.01 0.3 32.9 0.340836 0.0667004 6.23664 0.0660715 0.0127154 593.076
