169 12 0.01 0.3 32.9 0.481228 0.354855 2.17552 0.0323665 0.0213207 661.331
1198 12 0.01 0.3 32.9 0.0260705 -0.442838 1.9139 -3.36354e-05 -0.0255612 685.476
2750 12 0.01 0.3 32.9 -0.191736 0.224617 4.64346 -0.0263744 0.0300143 625.346
4440 12 0.01 0.3 32.9 0.434994 -0.39322 1.14793 0.0179435 -0.0137366 672.464
5442 12 0.01 0.3 32.9 0.0287417 -0.319032 2.8143 0.00204653 -0.027455 686.516
6123 12 0.01 0.3 32.9 0.402254 -0.158566 1.22352 0.0140392 -0.00213917 676.259
6450 12 0.01 0.3 32.9 0.0637774 0.0347995 2.65109 0.00761478 0.00604071 661.421
8117 12 0.01 0.3 32.9 -0.242624 -0.260187 5.36122 -0.0408633 -0.0427861 613.412
11707 12 0.01 0.3 32.9 0.396441 -0.233927 1.16232 0.0135965 -0.00732598 707.482
11851 12 0.01 0.3 32.9 0.0590509 0.471846 1.5987 0.00395062 0.0222938 652.752
12249 12 0.01 0.3 32.9 -0.465425 0.0576895 3.54892 -0.0507328 0.00606067 662.951
12965 12 0.01 0.3 32.9 0.472844 -0.210872 5.92044 0.0867788 -0.0373428 624.138
12981 12 0.01 0.3 32.9 0.386294 -0.0653485 0.588402 0.00805078 -0.000998122 674.517
13460 12 0.01 0.3 32.9 0.0735207 0.490737 0.624163 0.00138164 0.00942521 633.807
14044 12 0.01 0.3 32.9 -0.119516 0.0220259 1.61526 -0.00543146 0.000436265 652.411
15375 12 0.01 0.3 32.9 0.0141217 0.293333 2.36237 0.000262539 0.0204629 688.825
16728 12 0.01 0.3 32.9 0.160496 0.283131 2.45489 0.0129359 0.021063 648.06
17702 12 0.01 0.3 32.9 0.391478 0.137858 2.45056 0.0300764 0.0101537 664.133
17955 12 0.01 0.3 32.9 0.252873 0.225307 3.7797 0.0262152 0.0244826 635.004
19060 12 0.01 0.3 32.9 0.16032 0.412966 2.26526 0.010403 0.029177 700.853
20782 12 0.01 0.3 32.9 0.37125 -0.230347 0.467174 0.00671899 -0.00485245 644.39
21125 12 0.01 0.3 32.9 -0.213646 0.224072 6.66275 -0.0445392 0.044952 606.996
21929 12 0.01 0.3 32.9 0.477994 0.45922 2.15285 0.0302874 0.032261 721.557
22037 12 0.01 0.3 32.9 0.134149 -0.489778 3.63773 0.0134449 -0.0539865 635.802
22158 12 0.01 0.3 32.9 0.0793095 0.13364 0.813023 0.00204377 0.00283749 679.268
22294 12 0.01 0.3 32.9 -0.00872584 0.110899 0.689115 -0.00304908 0.00141756 634.141
22433 12 0.01 0.3 32.9 -0.232545 -0.454433 4.59183 -0.0311378 -0.0635099 614.735
23032 12 0.01 0.3 32.9 -0.229228 0.30551 0.975894 -0.00631531 0.0115987 619.957
24751 12 0.01 0.3 32.9 0.272369 0.098017 2.80553 0.0228926 0.00774869 660.811
24794 12 0.01 0.3 32.9 -0.192917 -0.15822 2.53727 -0.0166184 -0.0120167 662.348
25337 12 0.01 0.3 32.9 0.308003 0.149385 3.83396 0.0337886 0.0185635 633.343
27858 12 0.01 0.3 32.9 0.191019 -0.0795663 1.22556 0.00381953 -0.00414204 703.776
29277 12 0.01 0.3 32.9 0.202399 -0.141743 2.56403 0.0187287 -0.0120827 710.073
29823 12 0.01 0.3 32.9 0.137378 -0.038076 0.637377 0.00228283 -0.00266663 627.259
29912 12 0.01 0.3 32.9 0.442234 -0.35498 4.28711 0.0572522 -0.0468894 624.667
30793 12 0.01 0.3 32.9 -0.249572 0.39445 5.58227 -0.0450459 0.0660519 627.68
32539 12 0.01 0.3 32.9 -0.29403 0.403558 2.49982 -0.0203307 0.0317815 665.001
35021 12 0.01 0.3 32.9 0.0314908 0.108451 1.18974 0.00129673 0.00468605 663.313
35120 12 0.01 0.3 32.9 -0.428471 0.0227625 0.385964 -0.00701636 0.0017033 619.306
35274 12 0.01 0.3 32.9 0.257687 0.00592914 3.23995 0.0237375 0.000641002 651.856
35689 12 0.01 0.3 32.9 -0.0130758 0.349196 3.31101 -0.000126641 0.0331583 679.178
36297 12 0.01 0.3 32.9 0.483039 -0.219751 1.94625 0.0284534 -0.0141508 683.455
36736 12 0.01 0.3 32.9 0.0485262 -0.0138361 4.72046 0.00631991 -0.00311654 624.465
37497 12 0.01 0.3 32.9 -0.434205 -0.0595403 2.8359 -0.0383737 -0.0073597 679.086
39499 12 0.01 0.3 32.9 0.228603 0.383556 2.24474 0.0161193 0.0240976 657.844
41808 12 0.01 0.3 32.9 -0.44997 0.120135 2.82643 -0.0404821 0.00888056 664.019
41924 12 0.01 0.3 32.9 -0.0819616 0.275366 4.27377 -0.0104357 0.0358166 649.76
43643 12 0.01 0.3 32.9 -0.467881 -0.412382 0.892372 -0.0132896 -0.0115737 675.737
44624 12 0.01 0.3 32.9 -0.273876 0.197194 2.57759 -0.0189815 0.0167382 641.965
44814 12 0.01 0.3 32.9 0.245249 -0.450663 1.31629 0.00845391 -0.0171712 672.6
46553 12 0.01 0.3 32.9 0.340426 -0.148584 1.92755 0.020144 -0.0100764 619.528
47503 12 0.01 0.3 32.9 0.46361 0.100444 4.21387 0.0590532 0.0119121 642.737
49195 12 0.01 0.3 32.9 0.0244115 -0.359947 0.79036 -0.000104606 -0.0109128 622.648
49783 12 0.01 0.3 32.9 -0.408593 0.215917 0.523079 -0.0060993 0.00573829 619.158
50562 12 0.01 0.3 32.9 -0.14204 0.248045 2.29088 -0.00905812 0.0165156 694.556
52138 12 0.01 0.3 32.9 -0.176681 0.327613 2.73983 -0.0157413 0.0269548 663.117
52566 12 0.01 0.3 32.9 0.130797 0.172109 0.888627 0.00409863 0.00764414 648.9
53136 12 0.01 0.3 32.9 -0.114667 -0.173685 1.3957 -0.00433337 -0.00580512 682.095
55581 12 0.01 0.3 32.9 0.189462 -0.249553 2.87665 0.014768 -0.0212396 680.921
55621 12 0.01 0.3 32.9 -0.0536216 -0.207139 2.56874 -0.00407294 -0.0152398 668.354
55644 12 0.01 0.3 32.9 0.429146 0.315732 3.46477 0.0447415 0.034615 652.851
57727 12 0.01 0.3 32.9 0.251082 0.381115 4.15498 0.0308983 0.0468911 626.475
57762 12 0.01 0.3 32.9 -0.495083 0.250647 2.45442 -0.035076 0.0212753 621.056
57885 12 0.01 0.3 32.9 -0.0103819 0.111903 3.49919 -0.00166555 0.0116926 625.193
59783 12 0.01 0.3 32.9 -0.4443 -0.18101 7.47974 -0.0995482 -0.0413249 604.089
60244 12 0.01 0.3 32.9 -0.411989 0.0628212 1.37942 -0.0186093 0.00502377 719.97
60276 12 0.01 0.3 32.9 -0.202666 0.0600966 2.22805 -0.014846 0.00382134 722.333
60649 12 0.01 0.3 32.9 -0.431169 0.384903 2.28422 -0.0302055 0.0261329 721.756
61271 12 0.01 0.3 32.9 -0.423757 0.274931 1.54177 -0.0213263 0.0117369 701.675
61963 12 0.01 0.3 32.9 0.13992 -0.442961 2.38755 0.0106939 -0.0327501 656.383
62128 12 0.01 0.3 32.9 0.441024 -0.309491 4.54285 0.0591518 -0.0424892 619.796
62679 12 0.01 0.3 32.9 0.02659 0.412722 1.83737 0.00110916 0.0236446 725.258
63726 12 0.01 0.3 32.9 0.0292865 -0.470077 2.11774 0.00446928 -0.0298132 617.025
65084 12 0.01 0.3 32.9 0.208147 -0.348383 2.5602 0.0157727 -0.0291302 698.312
65517 12 0.01 0.3 32.9 -0.154935 -0.387101 1.53189 -0.00401144 -0.0169194 630.021
65673 12 0.01 0.3 32.9 -0.180501 -0.0514177 1.94893 -0.0102715 -0.00374757 698.492
67944 12 0.01 0.3 32.9 -0.271001 0.350605 1.46484 -0.0119614 0.0165083 650.915
69547 12 0.01 0.3 32.9 -0.0594522 -0.00820521 0.894339 -0.000488553 -0.000904564 623.5
69576 12 0.01 0.3 32.9 0.323714 0.32003 0.448451 0.00361432 0.00339878 617.209
69966 12 0.01 0.3 32.9 0.110683 0.374781 1.8922 0.00578006 0.0203379 715.1
70392 12 0.01 0.3 32.9 -0.117056 0.178719 4.17679 -0.0146624 0.0208877 624.823
70565 12 0.01 0.3 32.9 0.362962 0.362703 1.54418 0.0177424 0.0159461 674.175
70749 12 0.01 0.3 32.9 -0.375329 -0.00372821 1.79356 -0.0224433 -0.000372638 716.133
72902 12 0.01 0.3 32.9 -0.258408 0.330318 1.14763 -0.00832241 0.0122775 627.4
72913 12 0.01 0.3 32.9 -0.148747 -0.151183 3.43522 -0.0157695 -0.0158258 629.417
73561 12 0.01 0.3 32.9 -0.488986 -0.18163 2.5198 -0.0377123 -0.0136276 694.215
74957 12 0.01 0.3 32.9 -0.262592 0.238034 0.647591 -0.00552776 0.00492608 631.785
75179 12 0.01 0.3 32.9 -0.0452056 -0.474028 1.11539 -0.00384595 -0.0169964 678.491
76258 12 0.01 0.3 32.9 0.439057 0.487656 1.59203 0.0218099 0.0231247 660.207
77057 12 0.01 0.3 32.9 -0.480277 0.415899 0.854042 -0.0122728 0.0112225 616.16
77697 12 0.01 0.3 32.9 -0.108341 0.176062 3.11529 -0.010845 0.0180745 642.573
79853 12 0.01 0.3 32.9 0.453993 0.00308693 3.29926 0.0451939 -0.000704397 657.936
80104 12 0.01 0.3 32.9 -0.105054 0.301517 1.38362 -0.00489741 0.0112435 664.86
80756 12 0.01 0.3 32.9 0.194941 0.481524 1.70036 0.0097107 0.0255375 739.603
81245 12 0.01 0.3 32.9 -0.0386243 0.414517 2.102 -0.00260265 0.0274132 712.344
82436 12 0.01 0.3 32.9 0.180675 0.123888 6.52032 0.0371677 0.0266045 618.382
82633 12 0.01 0.3 32.9 0.247319 -0.0347455 1.40892 0.0105212 -0.00186014 674.534
82724 12 0.01 0.3 32.9 -0.109773 0.0501346 3.29891 -0.0110113 0.00412749 630.743
83489 12 0.01 0.3 32.9 -0.471015 0.386268 1.90254 -0.027436 0.0251231 611.469
83511 12 0.01 0.3 32.9 0.411162 0.0739938 1.27017 0.0160555 0.00477092 626.705
83998 12 0.01 0.3 32.9 -0.450896 0.129115 2.00821 -0.0266796 0.0101908 703.799
84087 12 0.01 0.3 32.9 0.452317 0.0220478 4.83862 0.0668236 0.00336064 612.336
84254 12 0.01 0.3 32.9 -0.139726 -0.21545 1.5922 -0.00717559 -0.00919993 602.196
85095 12 0.01 0.3 32.9 0.137649 -0.49051 2.95478 0.0118693 -0.0448512 646.891
85283 12 0.01 0.3 32.9 0.341913 0.169743 1.54199 0.0161276 0.00698494 720.19
85321 12 0.01 0.3 32.9 0.439561 0.400281 5.98628 0.0766583 0.0704759 622.103
85422 12 0.01 0.3 32.9 0.148177 -0.0631109 2.84328 0.0124096 -0.00512381 674.034
85700 12 0.01 0.3 32.9 0.323186 -0.0124914 2.42857 0.0229501 -0.000779246 656.769
85710 12 0.01 0.3 32.9 -0.218983 0.366982 7.73316 -0.0540852 0.0867202 611.036
85957 12 0.01 0.3 32.9 0.283448 -0.0971916 1.52045 0.0119788 -0.0057798 646.256
86967 12 0.01 0.3 32.9 -0.0912024 -0.232514 3.78751 -0.0109083 -0.0250084 616.801
87139 12 0.01 0.3 32.9 0.397186 0.126426 0.841223 0.0127714 0.00367789 684.14
89880 12 0.01 0.3 32.9 -0.428319 -0.483058 4.7847 -0.0609882 -0.0692366 639.11
90200 12 0.01 0.3 32.9 0.366194 0.0702502 4.81245 0.0547012 0.0122487 618.154
90675 12 0.01 0.3 32.9 0.386638 -0.0265702 0.952602 0.0119464 -0.000963026 614.77
90709 12 0.01 0.3 32.9 -0.434961 0.178471 0.752084 -0.00992886 0.00456118 637.812
91255 12 0.01 0.3 32.9 0.10578 -0.0162827 2.90408 0.0115451 -0.000594228 666.864
91468 12 0.01 0.3 32.9 -0.407328 -0.244132 7.49509 -0.0930835 -0.0563273 606.82
91615 12 0.01 0.3 32.9 0.133564 0.0295641 0.790904 0.0055476 0.00180758 681.547
93121 12 0.01 0.3 32.9 -0.439445 -0.0757101 5.7575 -0.0775327 -0.0126996 606.716
94670 12 0.01 0.3 32.9 0.489814 -0.37739 1.0486 0.0166246 -0.0152781 640.429
94714 12 0.01 0.3 32.9 -0.474153 0.0760971 0.20757 -0.00340833 0.00324065 607.179
95295 12 0.01 0.3 32.9 -0.12285 -0.369289 0.630673 -0.00366497 -0.00630698 656.043
96191 12 0.01 0.3 32.9 -0.406323 0.148906 3.29098 -0.037825 0.0123564 610.165
96526 12 0.01 0.3 32.9 0.310227 -0.277854 1.16188 0.0103905 -0.00974203 660.894
99446 12 0.01 0.3 32.9 -0.433148 -0.0145914 0.588839 -0.00927985 -0.000895456 629.52
99824 12 0.01 0.3 32.9 -0.395763 -0.229515 0.560904 -0.00792428 -0.00393497 627.252
99853 12 0.01 0.3 32.9 0.242896 0.145979 4.14812 0.031117 0.0209588 618.855
101536 12 0.01 0.3 32.9 -0.218113 -0.335939 0.82197 -0.00759054 -0.00717192 622.016
102446 12 0.01 0.3 32.9 0.320954 0.465347 6.05037 0.0599662 0.086706 606.427
103722 12 0.01 0.3 32.9 -0.184734 -0.0539445 2.48685 -0.0121892 -0.00683141 649.097
104152 12 0.01 0.3 32.9 0.166859 -0.139927 3.24522 0.0180966 -0.0146076 641.147
104609 12 0.01 0.3 32.9 -0.045149 0.243035 3.2324 -0.00474257 0.0266015 626.845
105374 12 0.01 0.3 32.9 -0.102402 -0.400925 2.92199 -0.0109496 -0.0357001 640.957
105574 12 0.01 0.3 32.9 0.110628 0.282277 2.66456 0.0104919 0.0220082 613.752
107472 12 0.01 0.3 32.9 0.380001 -0.238451 2.3973 0.0261703 -0.0168257 633.082
110690 12 0.01 0.3 32.9 -0.484006 -0.414692 2.83084 -0.0389673 -0.0368952 696.659
110704 12 0.01 0.3 32.9 0.415973 0.442251 2.06109 0.0245779 0.0298182 671.482
110870 12 0.01 0.3 32.9 -0.256828 0.196795 3.3898 -0.0266838 0.0209467 658.216
111950 12 0.01 0.3 32.9 -0.163659 -0.354743 3.08064 -0.0150782 -0.0312045 629.121
112854 12 0.01 0.3 32.9 -0.353548 0.323427 3.91032 -0.041079 0.0391672 655.716
112958 12 0.01 0.3 32.9 -0.0319384 -0.417661 2.32233 -0.00318229 -0.0296816 694.359
114342 12 0.01 0.3 32.9 0.144497 0.0726938 1.72621 0.00749595 0.00409697 686.756
115088 12 0.01 0.3 32.9 0.394253 -0.084117 0.366631 0.00444339 -0.00142915 658.851
116291 12 0.01 0.3 32.9 0.0600453 -0.213363 3.24834 0.00445565 -0.0206991 659.424
118211 12 0.01 0.3 32.9 -0.491682 0.281127 5.46764 -0.0812603 0.045592 629.418
118395 12 0.01 0.3 32.9 -0.464586 0.0707207 2.62118 -0.035553 0.00580986 692.182
118432 12 0.01 0.3 32.9 0.126161 -0.211296 1.32218 0.00482293 -0.00983967 688.628
119186 12 0.01 0.3 32.9 0.20824 -0.319337 2.62703 0.0150267 -0.0249861 633.897
119738 12 0.01 0.3 32.9 0.106344 0.252959 3.01694 0.0098475 0.0261788 620.873
120155 12 0.01 0.3 32.9 -0.128269 -0.134248 4.24774 -0.0195102 -0.0154024 641.609
120596 12 0.01 0.3 32.9 -0.165899 0.0243543 0.369623 -0.00270313 4.03138e-05 630.781
120978 12 0.01 0.3 32.9 -0.132545 0.255415 3.38715 -0.0145098 0.0258177 626.025
120992 12 0.01 0.3 32.9 -0.438824 -0.295385 1.33611 -0.0166832 -0.010687 676.675
121924 12 0.01 0.3 32.9 0.0205664 -0.0358319 4.02813 0.00332113 -0.00617059 634.497
122615 12 0.01 0.3 32.9 0.467989 -0.429881 4.98975 0.0698729 -0.0645651 617.23
124474 12 0.01 0.3 32.9 0.407033 0.383792 2.24808 0.0269013 0.0252788 702.957
127929 12 0.01 0.3 32.9 0.40412 0.068973 1.6633 0.0196102 0.000832018 667.579
129443 12 0.01 0.3 32.9 0.0860661 0.138385 3.69221 0.0101111 0.0164946 635.006
130099 12 0.01 0.3 32.9 0.0620784 -0.0494002 3.23308 0.00614521 -0.00668778 643.779
131785 12 0.01 0.3 32.9 0.13452 -0.269709 2.69278 0.0121161 -0.0223604 625.708
132070 12 0.01 0.3 32.9 0.0334962 0.263943 4.93808 0.00579303 0.0399989 625.371
132462 12 0.01 0.3 32.9 -0.173937 -0.358645 6.11498 -0.0315236 -0.0675254 620.843
132826 12 0.01 0.3 32.9 -0.24822 -0.402063 4.08995 -0.0285898 -0.0496862 653.664
133577 12 0.01 0.3 32.9 -0.233954 0.385945 1.77924 -0.0140011 0.0228072 739.263
133753 12 0.01 0.3 32.9 0.440803 -0.319461 2.36527 0.0317273 -0.0218093 626.443
134677 12 0.01 0.3 32.9 0.0941369 0.0149204 1.05142 0.00398011 -0.000223952 642.828
134920 12 0.01 0.3 32.9 0.445573 -0.110655 3.38804 0.0459779 -0.011522 616.705
134954 12 0.01 0.3 32.9 -0.20345 0.0119643 0.641131 -0.00437338 0.00117434 641.129
135570 12 0.01 0.3 32.9 0.11464 -0.0316618 2.10685 0.00939814 -0.00136139 677.19
137630 12 0.01 0.3 32.9 -0.410295 -0.347363 2.37011 -0.02997 -0.0237664 713.214
137718 12 0.01 0.3 32.9 -0.0729582 0.440253 2.64942 -0.0063997 0.0369868 631.586
140317 12 0.01 0.3 32.9 -0.185157 -0.244371 1.20225 -0.00739465 -0.00747549 676.049
143943 12 0.01 0.3 32.9 -0.0954291 -0.130597 2.17832 -0.0075376 -0.00819972 619.56
147990 12 0.01 0.3 32.9 0.423969 0.395317 4.00535 0.055962 0.047139 623.825
149900 12 0.01 0.3 32.9 0.472581 -0.0927809 3.67481 0.0515626 -0.00916409 653.46
150332 12 0.01 0.3 32.9 -0.157646 0.0299773 3.03521 -0.0149892 0.00326269 643.115
152286 12 0.01 0.3 32.9 -0.360101 0.323472 1.62291 -0.0160991 0.0171988 650.187
152569 12 0.01 0.3 32.9 -0.34857 0.158189 7.31818 -0.0762799 0.0349336 604.757
152798 12 0.01 0.3 32.9 0.0418843 0.415056 3.52225 0.00432185 0.0409049 661.165
154138 12 0.01 0.3 32.9 0.0847798 -0.206535 6.77418 0.0196307 -0.0434922 616.348
154163 12 0.01 0.3 32.9 0.374031 -0.066027 5.44889 0.0646491 -0.0116935 605.236
154342 12 0.01 0.3 32.9 -0.392633 0.0685136 2.16702 -0.0264305 0.00572258 659.718
154670 12 0.01 0.3 32.9 0.498862 0.0437469 2.03189 0.0301389 0.00236111 724.847
156222 12 0.01 0.3 32.9 0.294211 -0.0893305 1.93926 0.0175302 -0.00742211 728.218
156999 12 0.01 0.3 32.9 0.210854 -0.119512 3.15417 0.0199582 -0.00910924 617.963
161155 12 0.01 0.3 32.9 -0.237793 0.121636 2.78608 -0.0215656 0.0117039 660.354
163040 12 0.01 0.3 32.9 -0.405052 -0.212574 1.91947 -0.0225607 -0.0140391 687.973
163422 12 0.01 0.3 32.9 -0.303848 0.011697 2.03858 -0.0192672 0.00241984 660.898
163445 12 0.01 0.3 32.9 0.49009 -0.416139 4.12092 0.0607306 -0.0543334 631.978
163551 12 0.01 0.3 32.9 -0.410399 0.0665077 2.09832 -0.0279936 0.00208097 730.53
164356 12 0.01 0.3 32.9 -0.260017 0.323454 1.18905 -0.00825577 0.0118602 624.606
165655 12 0.01 0.3 32.9 0.321434 0.253658 4.69904 0.0495744 0.0361879 615.892
166336 12 0.01 0.3 32.9 0.116253 -0.0023654 3.1634 0.0101857 0.00283684 642.587
167711 12 0.01 0.3 32.9 0.240263 -0.218235 1.24822 0.00888606 -0.00704895 649.196
168988 12 0.01 0.3 32.9 -0.0408816 -0.234639 5.34142 -0.00528784 -0.0385779 626.043
169867 12 0.01 0.3 32.9 -0.161968 0.099815 1.89204 -0.0106422 0.00531186 620.821
169870 12 0.01 0.3 32.9 0.487141 0.111658 3.6925 0.0540938 0.0129598 626.921
169943 12 0.01 0.3 32.9 0.156871 0.25918 0.437593 2.6607e-05 0.0046359 614.585
170304 12 0.01 0.3 32.9 -0.167392 -0.172333 0.996334 -0.00508991 -0.00465325 610.336
172161 12 0.01 0.3 32.9 0.40161 -0.371302 1.09372 0.0106937 -0.0107647 675.678
172956 12 0.01 0.3 32.9 -0.122293 0.31647 4.62767 -0.0160266 0.0431352 640.754
173963 12 0.01 0.3 32.9 0.336288 0.485692 4.1308 0.0407679 0.0607861 630.244
175123 12 0.01 0.3 32.9 -0.482315 0.108998 2.68717 -0.0391335 0.00841968 605.306
175374 12 0.01 0.3 32.9 -0.395226 0.0823702 1.51239 -0.0188845 0.00403085 732.524
175704 12 0.01 0.3 32.9 0.139207 -0.264169 2.03791 0.00814013 -0.0166336 675.137
178930 12 0.01 0.3 32.9 -0.144322 -0.353107 2.6233 -0.0126284 -0.0267844 684.998
180028 12 0.01 0.3 32.9 0.344944 -0.487804 1.84056 0.0200841 -0.0295928 728.96
180637 12 0.01 0.3 32.9 0.019711 -0.326154 2.18831 0.000224826 -0.0249304 658.492
183741 12 0.01 0.3 32.9 0.414382 0.267973 3.65187 0.0447007 0.0313788 659.29
183968 12 0.01 0.3 32.9 -0.0542489 -0.023122 1.19588 -0.000515861 -0.000196061 677.159
184108 12 0.01 0.3 32.9 -0.0416489 0.051383 1.86735 -0.00358177 0.00306656 665.008
184528 12 0.01 0.3 32.9 -0.292356 -0.0676419 1.44333 -0.0128622 -0.0018091 617.014
184559 12 0.01 0.3 32.9 -0.238342 -0.262171 1.55401 -0.0137914 -0.00964462 681.406
184662 12 0.01 0.3 32.9 -0.0828553 0.392015 1.43653 -0.00507249 0.0153234 643.195
185301 12 0.01 0.3 32.9 0.104691 -0.468254 0.409204 0.00372405 -0.00530152 629.283
186516 12 0.01 0.3 32.9 0.127204 0.473132 1.81145 0.00423215 0.0251176 628.545
186760 12 0.01 0.3 32.9 0.218362 0.284189 1.03223 0.00462976 0.0102808 689.759
187509 12 0.01 0.3 32.9 0.102337 -0.48642 1.35299 0.00430343 -0.0187561 681.89
187572 12 0.01 0.3 32.9 -0.0174203 0.0534116 2.7932 -0.000655456 0.00188917 680.344
187816 12 0.01 0.3 32.9 0.206649 0.0582398 3.6393 0.0236029 0.00565308 639.177
188092 12 0.01 0.3 32.9 0.110806 0.218655 1.27679 0.00405851 0.00821163 645.29
188216 12 0.01 0.3 32.9 -0.320649 0.177621 5.08092 -0.0500269 0.0269474 631.33
189412 12 0.01 0.3 32.9 -0.459302 0.20931 3.16091 -0.0444063 0.0180437 667.967
190012 12 0.01 0.3 32.9 -0.321895 0.39878 1.29082 -0.010953 0.0148839 706.988
190597 12 0.01 0.3 32.9 0.0793172 0.447437 1.06207 0.00162987 0.0104401 628.167
191312 12 0.01 0.3 32.9 0.0654687 -0.160934 3.86014 0.0085115 -0.0169062 660.86
192262 12 0.01 0.3 32.9 -0.344581 -0.178767 6.33953 -0.0680063 -0.0330319 612.777
193058 12 0.01 0.3 32.9 -0.167808 -0.453399 4.81284 -0.0260244 -0.0661839 627.821
193468 12 0.01 0.3 32.9 -0.490005 -0.326578 2.70109 -0.0421616 -0.0276145 691.505
193713 12 0.01 0.3 32.9 0.423645 -0.0231763 3.51741 0.0438207 -0.00263555 667.372
195765 12 0.01 0.3 32.9 0.0242155 -0.129859 1.22771 -0.000382225 -0.00115239 621.26
196103 12 0.01 0.3 32.9 0.271226 -0.464558 10.5463 0.0858557 -0.148779 599.634
196429 12 0.01 0.3 32.9 0.385414 0.276931 2.48297 0.0283869 0.0211361 666.005
198467 12 0.01 0.3 32.9 0.0580618 0.253805 1.43772 0.00304214 0.0112722 720.57
200466 12 0.01 0.3 32.9 -0.360642 0.45185 1.31116 -0.0128558 0.0194547 707.914
200674 12 0.01 0.3 32.9 0.397986 0.396757 3.44278 0.0409437 0.041891 650.613
201088 12 0.01 0.3 32.9 0.186215 -0.296855 1.87851 0.00900113 -0.0184156 666.689
202669 12 0.01 0.3 32.9 0.442192 0.494982 1.35736 0.0204723 0.0212538 627.103
204794 12 0.01 0.3 32.9 -0.345828 -0.406155 2.6169 -0.0283754 -0.032764 691.915
205203 12 0.01 0.3 32.9 0.382762 -0.45293 1.5526 0.0203727 -0.0216362 718.464
206223 12 0.01 0.3 32.9 0.276457 0.0384612 1.3417 0.0115059 -0.000962853 684.121
206331 12 0.01 0.3 32.9 0.198295 -0.311085 1.98417 0.0112017 -0.0193925 698.45
206796 12 0.01 0.3 32.9 0.141562 0.425367 1.91036 0.00978026 0.0259903 685.947
206869 12 0.01 0.3 32.9 0.451562 -0.293153 3.21531 0.0424477 -0.0291692 603.939
208600 12 0.01 0.3 32.9 0.350121 0.430959 2.34007 0.0229169 0.0329344 666.729
209381 12 0.01 0.3 32.9 -0.337439 -0.492557 2.54889 -0.0232629 -0.042624 614.131
212252 12 0.01 0.3 32.9 -0.406405 -0.167049 3.29978 -0.0399526 -0.0171348 641.201
212385 12 0.01 0.3 32.9 -0.493872 -0.191541 0.54812 -0.00947774 -0.00393043 643.423
213486 12 0.01 0.3 32.9 0.128233 -0.0181465 2.55869 0.00863327 -0.00353091 633.988
216367 12 0.01 0.3 32.9 0.245026 0.139542 1.50862 0.012033 0.0061631 665.467
217138 12 0.01 0.3 32.9 -0.0934814 0.0822956 0.6714 -0.00537523 0.00475899 668.853
218949 12 0.01 0.3 32.9 -0.0328101 0.39474 6.22622 -0.00637485 0.0783431 608.4
219893 12 0.01 0.3 32.9 0.0909967 -0.0342346 1.78611 0.00264201 -0.00201252 627.339
220179 12 0.01 0.3 32.9 0.213945 -0.412934 2.20824 0.0152435 -0.0280967 658.384
222580 12 0.01 0.3 32.9 0.488026 -0.424083 1.82792 0.0270496 -0.0226045 657.364
222629 12 0.01 0.3 32.9 0.177649 0.175175 0.453803 0.00177648 0.00187458 637.863
222808 12 0.01 0.3 32.9 -0.480512 0.262482 2.56769 -0.038265 0.0192601 662.012
223545 12 0.01 0.3 32.9 -0.0602033 -0.177921 0.707818 -0.0028598 -0.0050566 665.576
224253 12 0.01 0.3 32.9 -0.226322 0.118454 3.92192 -0.0285915 0.0136133 657.218
224372 12 0.01 0.3 32.9 0.229379 0.434035 3.86983 0.027825 0.0507802 621.552
224611 12 0.01 0.3 32.9 -0.263696 0.350423 1.875 -0.0164945 0.0179262 642.31
226468 12 0.01 0.3 32.9 -0.135358 0.058664 2.99889 -0.0107809 0.00613518 684.461
226845 12 0.01 0.3 32.9 -0.318625 -0.0968028 1.96176 -0.0199424 -0.00452435 650.874
227849 12 0.01 0.3 32.9 -0.193603 -0.0389803 1.12537 -0.00708786 -0.000577348 707.595
229154 12 0.01 0.3 32.9 0.19033 0.393621 2.36849 0.0134059 0.0288718 649.373
229915 12 0.01 0.3 32.9 -0.121387 0.163802 2.71245 -0.0119179 0.0152125 685.214
231473 12 0.01 0.3 32.9 -0.360446 -0.347997 0.922072 -0.00808778 -0.00784496 675.155
231703 12 0.01 0.3 32.9 -0.339792 -0.00143084 5.42639 -0.0590685 -0.000149061 614.818
231772 12 0.01 0.3 32.9 -0.0476153 0.176022 2.85794 -0.00323522 0.0159579 646.269
232918 12 0.01 0.3 32.9 -0.107676 -0.2619 1.08201 -0.0027071 -0.00695308 654.916
233844 12 0.01 0.3 32.9 0.0933274 0.0509477 1.97664 0.00545537 0.00357598 697.074
236459 12 0.01 0.3 32.9 0.273204 -0.177324 0.788834 0.00820387 -0.00485921 675.642
237452 12 0.01 0.3 32.9 0.30985 -0.364198 7.15528 0.0690275 -0.0805762 604.335
237531 12 0.01 0.3 32.9 0.207866 -0.0651868 6.28553 0.0404976 -0.0147903 609.538
237630 12 0.01 0.3 32.9 0.205188 -0.457262 4.87185 0.0297299 -0.0655975 628.581
238279 12 0.01 0.3 32.9 -0.491211 -0.39942 3.95836 -0.0620675 -0.0469928 642.887
238616 12 0.01 0.3 32.9 -0.430761 -0.378337 4.53667 -0.0598845 -0.0522532 639.45
238762 12 0.01 0.3 32.9 0.125585 0.411936 5.61397 0.0230812 0.0698166 604.639
239535 12 0.01 0.3 32.9 0.301843 -0.147968 5.7403 0.0500218 -0.0261809 616.496
239615 12 0.01 0.3 32.9 -0.148069 0.343789 5.57839 -0.0249833 0.0584875 614.951
240109 12 0.01 0.3 32.9 -0.0868039 -0.400056 2.7484 -0.00621025 -0.0350684 656.605
240463 12 0.01 0.3 32.9 -0.489762 -0.209749 2.09969 -0.0296052 -0.0148685 662.457
240992 12 0.01 0.3 32.9 0.220667 0.494789 5.08538 0.034307 0.0788797 610.113
241580 12 0.01 0.3 32.9 0.499556 0.408047 1.50536 0.0222884 0.0183949 723.472
242137 12 0.01 0.3 32.9 0.259828 -0.395165 9.80383 0.0777592 -0.117968 598.81
242828 12 0.01 0.3 32.9 0.269408 -0.424942 2.16275 0.0200412 -0.0268171 689.134
243669 12 0.01 0.3 32.9 -0.322306 -0.364334 4.21613 -0.0427697 -0.0445777 649.721
245604 12 0.01 0.3 32.9 0.471277 -0.33768 5.00059 0.0724092 -0.0515598 626.712
248459 12 0.01 0.3 32.9 0.179335 0.470579 1.73996 0.00947922 0.0275155 689.372
250281 12 0.01 0.3 32.9 -0.114811 -0.132249 5.90413 -0.0192834 -0.0244723 621.453
251305 12 0.01 0.3 32.9 0.3788 -0.38218 2.12369 0.0231443 -0.0244507 612.835
252620 12 0.01 0.3 32.9 0.419428 -0.27429 0.61788 0.00653159 -0.00608772 638.746
252695 12 0.01 0.3 32.9 0.145821 -0.148885 2.16037 0.0094853 -0.010186 634.111
253518 12 0.01 0.3 32.9 -0.0708249 -0.365168 2.13655 -0.00487331 -0.0267566 670.918
253884 12 0.01 0.3 32.9 -0.344879 -0.284403 4.07887 -0.041637 -0.0336908 623.081
254467 12 0.01 0.3 32.9 0.293959 -0.405216 2.1458 0.0187791 -0.0273743 727.989
254559 12 0.01 0.3 32.9 0.499786 -0.417246 3.69385 0.0522995 -0.045272 642.337
256524 12 0.01 0.3 32.9 0.239138 0.321252 4.5965 0.0348354 0.0438068 615.327
256746 12 0.01 0.3 32.9 -0.28486 -0.0154299 1.28645 -0.00907875 9.00334e-05 652.866
258714 12 0.01 0.3 32.9 0.0349117 0.131581 1.64438 0.00201869 0.00677926 738.235
259536 12 0.01 0.3 32.9 0.219097 -0.242576 2.28058 0.0169188 -0.0181474 627.654
259547 12 0.01 0.3 32.9 0.117651 -0.228093 8.08444 0.0290662 -0.0571937 610.225
260084 12 0.01 0.3 32.9 0.497537 -0.451078 1.98507 0.0288166 -0.028327 672.369
261246 12 0.01 0.3 32.9 0.280282 -0.102969 2.16925 0.0172203 -0.00474825 644.656
261463 12 0.01 0.3 32.9 0.281017 -0.279718 2.32257 0.0200963 -0.02057 654.333
262120 12 0.01 0.3 32.9 0.0969505 0.208094 0.982095 0.00340758 0.00508221 650.336
263097 12 0.01 0.3 32.9 -0.402262 -0.0930411 3.01144 -0.0368826 -0.0106658 687.303
263759 12 0.01 0.3 32.9 0.317872 0.405023 1.62619 0.0142747 0.0179715 721.973
264286 12 0.01 0.3 32.9 -0.2217 -0.437182 2.01592 -0.0139193 -0.0271807 731.844
264303 12 0.01 0.3 32.9 0.452963 -0.076498 4.95321 0.068002 -0.00943535 624.382
266598 12 0.01 0.3 32.9 -0.0199125 -0.461013 1.21774 -0.000809367 -0.0181623 630.318
266751 12 0.01 0.3 32.9 -0.0923773 0.28979 2.9909 -0.00484238 0.028143 691.527
267341 12 0.01 0.3 32.9 -0.200493 -0.201992 1.47162 -0.006364 -0.00870103 722.201
269121 12 0.01 0.3 32.9 -0.39133 -0.270732 2.49683 -0.0288661 -0.0205613 650.138
270686 12 0.01 0.3 32.9 -0.368375 0.0311747 1.07607 -0.0119487 0.00159097 689.175
271084 12 0.01 0.3 32.9 -0.139437 -0.119654 4.89693 -0.0219952 -0.0182292 633.555
272210 12 0.01 0.3 32.9 0.0901845 0.270716 1.4821 0.00293644 0.0125529 655.588
274008 12 0.01 0.3 32.9 -0.0363869 -0.11705 1.13091 0.00104561 -0.00470378 694.63
276110 12 0.01 0.3 32.9 0.412048 0.32258 2.65243 0.0322443 0.0260971 626.832
276467 12 0.01 0.3 32.9 0.219477 0.310932 1.64155 0.0111259 0.0158557 673.545
279379 12 0.01 0.3 32.9 0.353205 0.0984071 2.00148 0.0208307 0.00529959 705.147
279619 12 0.01 0.3 32.9 0.463463 -0.0196792 2.14449 0.029936 -0.000958558 617.358
280575 12 0.01 0.3 32.9 0.00274149 -0.415186 2.28158 -0.00258898 -0.0276978 636.567
280681 12 0.01 0.3 32.9 -0.0352245 0.354831 1.29192 -0.00256484 0.00960352 713.452
281451 12 0.01 0.3 32.9 0.0421005 -0.317681 0.763283 0.00299649 -0.00548437 654.441
281711 12 0.01 0.3 32.9 -0.496386 0.165561 2.50015 -0.0383356 0.0119576 650.244
282703 12 0.01 0.3 32.9 -0.475862 -0.103021 0.878069 -0.015689 -0.00239134 610.999
282815 12 0.01 0.3 32.9 -0.242839 -0.0786042 1.15457 -0.00887194 -0.00405299 661.542
283429 12 0.01 0.3 32.9 -0.0216303 0.0362959 2.35347 -0.00143011 0.00173376 634.086
283580 12 0.01 0.3 32.9 0.0309068 -0.144328 3.25179 0.0035166 -0.0161056 643.822
285512 12 0.01 0.3 32.9 -0.338899 0.0491899 4.20389 -0.0447755 0.00659151 603.968
286641 12 0.01 0.3 32.9 -0.127335 -0.265851 3.24378 -0.0150188 -0.0241237 652.971
289564 12 0.01 0.3 32.9 0.185229 -0.260788 3.27925 0.0166388 -0.0249997 667.504
289783 12 0.01 0.3 32.9 0.345764 0.375355 2.31417 0.0266269 0.0244622 724.404
289897 12 0.01 0.3 32.9 -0.419181 -0.49801 5.36069 -0.0683115 -0.0811255 625.44
290192 12 0.01 0.3 32.9 -0.152414 -0.0548674 2.51292 -0.0122223 -0.00431041 604.725
290408 12 0.01 0.3 32.9 -0.247092 -0.245487 7.00673 -0.0544025 -0.0537538 607.51
291579 12 0.01 0.3 32.9 -0.397889 -0.263775 0.585482 -0.00854615 -0.00633496 643.26
292014 12 0.01 0.3 32.9 -0.172168 -0.334078 3.11034 -0.0172512 -0.0311843 629.001
293155 12 0.01 0.3 32.9 -0.0972936 -0.14183 3.40808 -0.0110315 -0.0133229 672.129
293516 12 0.01 0.3 32.9 0.0705714 -0.163082 1.27796 0.00247199 -0.00624645 638.227
293860 12 0.01 0.3 32.9 -0.425602 -0.149041 1.25074 -0.015728 -0.00634445 675.918
294022 12 0.01 0.3 32.9 0.314557 -0.00103549 3.44883 0.0324494 -0.000406221 659.128
295370 12 0.01 0.3 32.9 0.471755 0.249233 2.53409 0.0355855 0.019254 643.068
295886 12 0.01 0.3 32.9 -0.149166 0.102022 2.19155 -0.0101464 0.00556235 710.971
296060 12 0.01 0.3 32.9 0.160673 0.00752228 3.13435 0.0113576 0.000448684 658.134
296861 12 0.01 0.3 32.9 0.24889 0.421364 3.38127 0.026325 0.0414755 665.072
298196 12 0.01 0.3 32.9 -0.318647 -0.235694 1.5457 -0.0158708 -0.0107523 609.077
299035 12 0.01 0.3 32.9 -0.396746 -0.20436 2.93875 -0.0366871 -0.0187546 607.878
300026 12 0.01 0.3 32.9 -0.401696 -0.0703714 2.24184 -0.0273773 -0.00163929 652.464
301540 12 0.01 0.3 32.9 0.0610252 0.206737 1.74768 0.00352595 0.0112136 662.167
303043 12 0.01 0.3 32.9 0.456102 -0.405977 1.11891 0.0183775 -0.0126152 666.895
303077 12 0.01 0.3 32.9 0.249665 -0.327008 1.08003 0.00699211 -0.0134125 668.78
303591 12 0.01 0.3 32.9 0.0267094 -0.232679 1.13299 -3.26867e-05 -0.00750339 659.064
303831 12 0.01 0.3 32.9 0.0504903 -0.257333 2.68452 0.00682131 -0.0207263 641.461
304696 12 0.01 0.3 32.9 0.400284 -0.388329 0.751219 0.00902146 -0.00767528 633.892
305629 12 0.01 0.3 32.9 -0.44346 0.164297 0.854813 -0.0137261 0.00401928 654.788
305656 12 0.01 0.3 32.9 0.227554 -0.177435 3.04921 0.0210799 -0.0154477 647.944
305898 12 0.01 0.3 32.9 0.176966 0.00503825 1.83668 0.0104895 -0.00166516 649.269
306124 12 0.01 0.3 32.9 -0.266119 -0.201786 4.77948 -0.0382389 -0.0332275 610.582
306486 12 0.01 0.3 32.9 -0.489512 -0.408384 2.56136 -0.0379289 -0.0302569 623.733
308537 12 0.01 0.3 32.9 0.0438961 -0.359284 0.808866 0.000391854 -0.0108932 626.109
309558 12 0.01 0.3 32.9 -0.14824 0.269216 0.630949 -0.00456509 0.00645408 633.73
310740 12 0.01 0.3 32.9 -0.00118667 -0.362016 3.28705 -0.000528912 -0.0359111 667.475
311190 12 0.01 0.3 32.9 -0.405702 0.271923 4.25054 -0.051411 0.0385567 600.304
311623 12 0.01 0.3 32.9 -0.15398 0.108906 1.60538 -0.0076745 0.00531771 675.014
311804 12 0.01 0.3 32.9 0.242808 -0.365549 0.982323 0.00679437 -0.0106849 669.994
312312 12 0.01 0.3 32.9 -0.301077 -0.119497 2.54885 -0.0233814 -0.00884791 673.554
313831 12 0.01 0.3 32.9 -0.451737 0.314436 2.01078 -0.0258688 0.0183487 702.259
314649 12 0.01 0.3 32.9 0.0763766 -0.431824 2.51566 0.00622423 -0.0327894 628.094
314754 12 0.01 0.3 32.9 -0.0922548 0.343148 4.14344 -0.0130921 0.0427421 620.845
314859 12 0.01 0.3 32.9 0.258974 -0.089535 5.33295 0.042433 -0.0116746 627.047
315412 12 0.01 0.3 32.9 0.110105 -0.466109 1.17032 0.0040643 -0.0169091 663.122
315999 12 0.01 0.3 32.9 0.448612 -0.123936 1.40877 0.0185947 -0.00552183 726.982
317416 12 0.01 0.3 32.9 -0.111495 -0.427481 1.94157 -0.00568063 -0.0256603 687.006
320080 12 0.01 0.3 32.9 0.274124 0.0131852 3.12948 0.0257968 0.000624457 670.062
320189 12 0.01 0.3 32.9 -0.20619 -0.111316 2.40194 -0.0147 -0.0078847 702.167
321391 12 0.01 0.3 32.9 0.167586 0.453106 8.37601 0.038195 0.116777 608.549
322321 12 0.01 0.3 32.9 0.181465 -0.348542 1.73148 0.00871144 -0.0161588 741.251
323500 12 0.01 0.3 32.9 0.104395 0.178335 3.30723 0.0104712 0.0196646 679.506
323972 12 0.01 0.3 32.9 0.413018 0.249269 0.562163 0.00712177 0.00299243 639.869
324252 12 0.01 0.3 32.9 -0.446435 -0.44742 1.58954 -0.0218557 -0.0235348 617.075
325340 12 0.01 0.3 32.9 0.202967 -0.40895 3.16462 0.0216757 -0.0427789 663.587
326495 12 0.01 0.3 32.9 -0.274264 0.106444 2.06136 -0.0169138 0.00619017 634.136
327253 12 0.01 0.3 32.9 0.0683339 -0.0156542 2.18248 0.00409058 -0.00358113 721.928
329039 12 0.01 0.3 32.9 0.366547 -0.365276 3.72544 0.0417568 -0.0400984 632.067
329856 12 0.01 0.3 32.9 -0.336168 0.356933 1.4826 -0.015385 0.0163274 718.918
330178 12 0.01 0.3 32.9 0.152058 0.0484797 2.11418 0.00914395 0.00576708 692.712
330423 12 0.01 0.3 32.9 -0.430402 -0.0158767 1.43204 -0.0181326 -0.00107187 622.565
331055 12 0.01 0.3 32.9 0.26961 -0.363262 2.00721 0.01598 -0.0205208 650.769
331430 12 0.01 0.3 32.9 0.231671 -0.235472 2.98433 0.020361 -0.0225627 626.27
332643 12 0.01 0.3 32.9 -0.0478811 0.250333 2.9093 -0.00241256 0.0176291 674.556
336259 12 0.01 0.3 32.9 0.215377 0.430834 2.26501 0.0170156 0.0281819 710.206
337577 12 0.01 0.3 32.9 0.425145 -0.106454 2.77729 0.0355244 -0.0093559 689.051
339948 12 0.01 0.3 32.9 -0.362613 -0.0396766 4.90716 -0.0509984 -0.0062552 630.542
340588 12 0.01 0.3 32.9 -0.45589 -0.347039 4.86847 -0.0680491 -0.0502344 633.634
341076 12 0.01 0.3 32.9 0.372317 -0.377987 2.60825 0.0301228 -0.0300321 670.892
341677 12 0.01 0.3 32.9 -0.121319 -0.0742507 0.635191 -0.00351272 -0.00250511 623.001
341722 12 0.01 0.3 32.9 0.0486371 -0.198588 3.05101 0.00279438 -0.0144529 672.498
342995 12 0.01 0.3 32.9 0.111338 -0.0731873 2.05028 0.00653163 -0.00465189 732.976
344159 12 0.01 0.3 32.9 -0.135945 -0.251352 3.57699 -0.0155464 -0.0282838 655.918
344877 12 0.01 0.3 32.9 0.410996 0.0348628 1.2118 0.0153271 0.00104348 622.961
346410 12 0.01 0.3 32.9 0.341365 0.178416 0.91967 0.00984282 0.0069155 674.933
347626 12 0.01 0.3 32.9 -0.464036 0.122659 4.37364 -0.0625881 0.0142522 633.049
347664 12 0.01 0.3 32.9 -0.142805 0.304544 1.32473 -0.00601238 0.0158604 708.671
349366 12 0.01 0.3 32.9 -0.493302 -0.345731 2.85458 -0.0434153 -0.0295623 652.897
350420 12 0.01 0.3 32.9 0.207635 -0.219383 2.7282 0.0162446 -0.0201634 670.876
350646 12 0.01 0.3 32.9 0.127813 0.302647 1.5536 0.00479958 0.0131937 599.766
351108 12 0.01 0.3 32.9 0.323263 -0.332264 2.09822 0.0217535 -0.0216482 623.941
351403 12 0.01 0.3 32.9 0.148678 0.399814 2.67106 0.0130003 0.0338073 640.666
351921 12 0.01 0.3 32.9 0.496055 0.311544 2.36604 0.0353751 0.024357 687.12
351937 12 0.01 0.3 32.9 -0.391833 0.100538 2.33022 -0.0262095 0.00801946 651.394
352164 12 0.01 0.3 32.9 0.0969282 -0.39362 5.0462 0.013968 -0.0601216 624.467
352208 12 0.01 0.3 32.9 -0.294668 -0.442789 1.99637 -0.0185663 -0.0281552 653.21
355409 12 0.01 0.3 32.9 0.217487 0.313788 3.19523 0.0228204 0.0317281 672.969
355719 12 0.01 0.3 32.9 0.26685 -0.14537 0.253447 0.00145578 -0.00280419 646.799
355816 12 0.01 0.3 32.9 0.144812 0.19521 1.14631 0.00583922 0.00931388 707.126
356476 12 0.01 0.3 32.9 0.178248 -0.333288 8.78048 0.0487601 -0.0896461 605.271
357416 12 0.01 0.3 32.9 -0.00800039 0.0193455 1.64358 0.000316998 -0.000957841 719.19
357818 12 0.01 0.3 32.9 -0.290328 0.475504 2.87237 -0.0252132 0.0442907 626.839
358449 12 0.01 0.3 32.9 0.375183 -0.15111 7.19078 0.0827239 -0.032595 612.633
359059 12 0.01 0.3 32.9 0.142151 -0.0933003 1.71946 0.00843972 -0.0068619 634.076
360972 12 0.01 0.3 32.9 0.32573 -0.109011 1.24349 0.0115112 -0.00311481 666.525
361287 12 0.01 0.3 32.9 -0.467388 -0.136102 2.48339 -0.0343693 -0.0116264 655.771
361540 12 0.01 0.3 32.9 -0.381578 0.0472946 1.05784 -0.0106384 -0.0003682 634.114
364056 12 0.01 0.3 32.9 -0.0907577 -0.27026 3.05079 -0.00810692 -0.025566 628.68
364805 12 0.01 0.3 32.9 0.331986 -0.463713 1.65614 0.0157942 -0.0242499 725.337
365030 12 0.01 0.3 32.9 -0.0581572 -0.155547 6.83858 -0.0133047 -0.032695 605.049
365110 12 0.01 0.3 32.9 0.363706 0.3853 1.80144 0.0191103 0.0244693 705.551
366012 12 0.01 0.3 32.9 -0.318241 0.389837 2.10071 -0.0193105 0.0249136 695.545
366492 12 0.01 0.3 32.9 0.204216 0.441111 2.7766 0.016672 0.0356481 654.951
367056 12 0.01 0.3 32.9 -0.308313 0.318044 2.56081 -0.0228187 0.0261402 623.446
369058 12 0.01 0.3 32.9 0.340999 -0.304084 0.672699 0.00605223 -0.00371089 655.794
369570 12 0.01 0.3 32.9 0.33703 0.419568 1.55339 0.0151853 0.0207088 643.803
369723 12 0.01 0.3 32.9 0.333867 -0.194882 2.54487 0.0263198 -0.0169529 642.804
369737 12 0.01 0.3 32.9 0.208909 0.0376131 0.507384 0.00383156 0.00229951 619.358
369897 12 0.01 0.3 32.9 0.155036 0.0181572 1.88136 0.010168 0.00213437 689.346
370867 12 0.01 0.3 32.9 0.108156 0.251375 1.46933 0.00152951 0.012388 623.073
371604 12 0.01 0.3 32.9 0.276444 0.475403 2.24871 0.0179118 0.0322786 709.52
371914 12 0.01 0.3 32.9 -0.0905589 -0.384192 1.97806 -0.00493947 -0.0236678 693.072
371921 12 0.01 0.3 32.9 -0.087964 -0.476639 5.43522 -0.0138373 -0.0817849 599.449
374045 12 0.01 0.3 32.9 0.266929 0.410407 4.84639 0.0412541 0.0631173 616.158
375874 12 0.01 0.3 32.9 0.485781 -0.433025 2.51741 0.036012 -0.0331682 695.638
379241 12 0.01 0.3 32.9 0.251953 0.252827 4.01409 0.0311159 0.0286691 644.485
379307 12 0.01 0.3 32.9 0.266476 -0.0791589 5.06276 0.0424491 -0.0114209 621.139
380168 12 0.01 0.3 32.9 0.158949 -0.439139 2.53368 0.0104985 -0.0349533 655.674
381951 12 0.01 0.3 32.9 -0.0989795 -0.00390882 17.9589 -0.0546783 -0.00151635 596.387
382880 12 0.01 0.3 32.9 0.371136 -0.0217826 1.78268 0.0182709 -0.00160176 616.718
383855 12 0.01 0.3 32.9 0.0656931 0.298782 2.05864 0.00555133 0.0203326 735.236
384065 12 0.01 0.3 32.9 -0.404117 -0.115708 4.7631 -0.0598661 -0.0148091 631.377
384963 12 0.01 0.3 32.9 -0.295654 0.466601 3.2576 -0.0299505 0.0454358 620.808
386864 12 0.01 0.3 32.9 -0.202445 0.4127 2.10565 -0.0125412 0.0253399 735.325
387017 12 0.01 0.3 32.9 0.490275 0.204305 1.50017 0.0192031 0.0110604 621.375
387189 12 0.01 0.3 32.9 0.436257 -0.470433 2.36994 0.0305514 -0.0332503 686.394
387211 12 0.01 0.3 32.9 0.0744536 0.00643595 3.79824 0.00873147 0.00316379 610.956
387921 12 0.01 0.3 32.9 0.0903576 -0.129158 1.79959 0.00513117 -0.00556409 627.263
388724 12 0.01 0.3 32.9 0.114577 0.0894452 1.98316 0.00611751 0.00550241 699.5
390720 12 0.01 0.3 32.9 0.283504 -0.196738 0.467793 0.00382845 -0.00180896 639.166
393018 12 0.01 0.3 32.9 -0.224085 0.0290356 3.75768 -0.0258045 0.00118036 645.521
394126 12 0.01 0.3 32.9 -0.120311 0.248654 7.82477 -0.0279505 0.0595551 597.508
395067 12 0.01 0.3 32.9 -0.471685 0.359297 1.05646 -0.0159776 0.011671 632.272
395525 12 0.01 0.3 32.9 -0.16627 0.244621 3.055 -0.01676 0.0242779 616.664
396630 12 0.01 0.3 32.9 0.244234 0.410375 2.81695 0.0189837 0.0346379 665.74
396808 12 0.01 0.3 32.9 -0.260699 -0.192104 2.62217 -0.0216179 -0.0149202 624.382
397508 12 0.01 0.3 32.9 -0.00719007 0.173292 2.87984 0.00168537 0.015343 667.093
398224 12 0.01 0.3 32.9 0.169935 0.137119 3.01888 0.0141358 0.0111433 635.651
401665 12 0.01 0.3 32.9 0.283042 0.00936466 3.45104 0.0309798 0.00155884 618.427
402715 12 0.01 0.3 32.9 -0.201806 0.388797 1.39234 -0.0083722 0.0148617 698.592
404686 12 0.01 0.3 32.9 -0.430217 0.47264 1.89376 -0.0243039 0.027381 669.573
405302 12 0.01 0.3 32.9 0.241371 -0.380413 1.79937 0.0102827 -0.0220542 709.239
405373 12 0.01 0.3 32.9 -0.26122 0.0898381 2.78855 -0.0213309 0.00723214 613.267
406024 12 0.01 0.3 32.9 -0.335265 0.0836403 0.458291 -0.00229075 -0.00118081 662.733
408169 12 0.01 0.3 32.9 0.448411 0.322458 2.3596 0.0354614 0.0220508 695.115
408356 12 0.01 0.3 32.9 -0.302097 0.428386 5.72346 -0.0520139 0.073291 616.27
411646 12 0.01 0.3 32.9 0.229136 -0.492878 2.35736 0.0154731 -0.0357924 715.706
412273 12 0.01 0.3 32.9 -0.103954 -0.398746 1.39631 -0.00459529 -0.0191974 667.429
412376 12 0.01 0.3 32.9 -0.474087 0.42165 1.56282 -0.0212614 0.0210065 644.392
413820 12 0.01 0.3 32.9 0.184707 0.240417 1.46376 0.00731589 0.0107589 719.336
415094 12 0.01 0.3 32.9 -0.136101 -0.401137 4.67608 -0.0185577 -0.0575629 622.474
417269 12 0.01 0.3 32.9 -0.338889 0.431895 0.640628 -0.00640185 0.00786152 648.24
417777 12 0.01 0.3 32.9 -0.0529457 0.383366 0.982989 -0.00083672 0.00915582 633.863
418507 12 0.01 0.3 32.9 -0.245855 -0.477855 0.974932 -0.00858426 -0.0118663 683.036
420219 12 0.01 0.3 32.9 0.120729 0.0288417 2.80795 0.0110631 0.00401007 668.126
420456 12 0.01 0.3 32.9 0.468014 0.327856 1.81756 0.0257752 0.0191318 722.839
420758 12 0.01 0.3 32.9 0.485939 -0.319452 2.35074 0.0347896 -0.0235328 636.798
421459 12 0.01 0.3 32.9 0.145142 -0.165241 2.71081 0.0114522 -0.016484 651.998
422248 12 0.01 0.3 32.9 0.421689 -0.0803699 0.795991 0.00886615 0.0012472 653.825
423928 12 0.01 0.3 32.9 0.402264 -0.453155 3.37502 0.0424176 -0.0463075 667.726
423975 12 0.01 0.3 32.9 0.381697 -0.367787 1.1108 0.0151289 -0.0113924 686.945
426607 12 0.01 0.3 32.9 0.309251 0.176585 5.87478 0.0552565 0.0337797 616.549
426710 12 0.01 0.3 32.9 0.143498 0.29534 0.615839 0.00422167 0.0031005 628.069
428146 12 0.01 0.3 32.9 0.208248 0.108752 1.97504 0.0131951 0.00581637 643.274
428771 12 0.01 0.3 32.9 -0.423933 -0.0382051 16.8773 -0.218495 -0.0208803 595.91
429195 12 0.01 0.3 32.9 0.0047136 -0.295355 3.24066 -1.7843e-05 -0.0275798 654.218
429350 12 0.01 0.3 32.9 -0.0480151 0.394069 4.92824 -0.00654537 0.0589447 617.948
430300 12 0.01 0.3 32.9 -0.013789 0.0607507 5.23263 -0.001308 0.0106072 599.073
430906 12 0.01 0.3 32.9 0.414625 -0.0363511 3.85714 0.0495057 -0.00553827 654.237
431158 12 0.01 0.3 32.9 -0.31184 0.353654 2.79952 -0.0246214 0.0277073 658.761
433596 12 0.01 0.3 32.9 -0.0217959 0.0804408 12.2692 -0.00862283 0.0276472 600.699
434445 12 0.01 0.3 32.9 -0.378334 -0.136472 2.67825 -0.029453 -0.0120983 614.335
435045 12 0.01 0.3 32.9 -0.147421 -0.13226 1.78999 -0.00727115 -0.0067807 726.286
435373 12 0.01 0.3 32.9 -0.0518599 -0.0025802 6.46327 -0.00939819 0.000193664 606.585
435571 12 0.01 0.3 32.9 0.406001 -0.237049 1.85944 0.0242222 -0.0124916 685.463
436087 12 0.01 0.3 32.9 0.312358 -0.240006 1.41348 0.012537 -0.00984564 643.106
436824 12 0.01 0.3 32.9 -0.026571 -0.345044 2.19857 -0.00110726 -0.0230531 673.413
439688 12 0.01 0.3 32.9 0.476093 -0.230138 2.15174 0.0313915 -0.0164035 729.544
439710 12 0.01 0.3 32.9 0.279811 -0.0800272 2.03354 0.0189502 -0.00370045 704.156
439840 12 0.01 0.3 32.9 -0.105876 -0.00741272 3.99069 -0.0151686 -0.00476432 626.458
440445 12 0.01 0.3 32.9 0.070409 0.412499 1.74246 0.0034371 0.022836 626.266
441810 12 0.01 0.3 32.9 0.122032 0.0325379 0.668965 -8.59515e-06 0.00335462 627.316
442045 12 0.01 0.3 32.9 -0.357846 -0.415146 2.0088 -0.0212131 -0.0266101 683.232
444844 12 0.01 0.3 32.9 -0.345899 0.428701 4.498 -0.0497104 0.0588308 628.917
445962 12 0.01 0.3 32.9 0.230334 -0.0415946 2.6795 0.0199106 -0.00140279 692.157
446020 12 0.01 0.3 32.9 -0.0499804 0.10364 0.892343 -0.00286501 0.00252562 682.327
446556 12 0.01 0.3 32.9 0.333179 0.0846066 2.00299 0.0183079 0.00662252 702.723
448490 12 0.01 0.3 32.9 0.270043 0.347012 1.1832 0.0088284 0.013832 684.235
449585 12 0.01 0.3 32.9 0.31494 0.358915 2.90186 0.0284158 0.0336892 622.603
449852 12 0.01 0.3 32.9 -0.326538 0.171067 1.9388 -0.0207081 0.0108296 739.813
451143 12 0.01 0.3 32.9 0.407679 0.212664 2.4247 0.0281813 0.0150862 711.759
451613 12 0.01 0.3 32.9 0.205504 0.231881 0.608433 0.00445694 0.00392531 648.68
452103 12 0.01 0.3 32.9 0.46924 -0.0878607 1.01133 0.0156349 -0.00148492 689.558
452153 12 0.01 0.3 32.9 0.468396 -0.487639 1.34377 0.0173064 -0.022897 641.388
453396 12 0.01 0.3 32.9 -0.320535 0.262012 0.892217 -0.00713084 0.00810381 643.075
454157 12 0.01 0.3 32.9 0.248148 -0.0119035 2.7578 0.0224891 -0.00202246 630.112
455731 12 0.01 0.3 32.9 0.0677506 0.334311 7.7756 0.0149161 0.0801006 611.788
456386 12 0.01 0.3 32.9 -0.128422 -0.337798 1.40537 -0.00668439 -0.0150438 650.693
456943 12 0.01 0.3 32.9 0.390252 0.0584401 1.84885 0.0222316 0.00279076 710.2
457165 12 0.01 0.3 32.9 0.378323 0.240377 1.98859 0.0217105 0.012788 689.44
457339 12 0.01 0.3 32.9 0.126497 0.413274 2.24303 0.00644977 0.0259493 652.116
457830 12 0.01 0.3 32.9 -0.330759 0.474792 0.792356 -0.00691326 0.0126641 636.706
457884 12 0.01 0.3 32.9 -0.359344 -0.231937 2.79091 -0.0312565 -0.0202499 693
460222 12 0.01 0.3 32.9 -0.0800812 -0.199581 2.99307 -0.00853859 -0.0162092 630.292
460240 12 0.01 0.3 32.9 0.072451 -0.277502 2.05294 0.00526963 -0.0172898 667.705
460390 12 0.01 0.3 32.9 -0.354633 0.45304 1.35302 -0.0144272 0.0184806 681.182
461142 12 0.01 0.3 32.9 0.203441 0.211116 6.5113 0.0397842 0.043661 609.832
462742 12 0.01 0.3 32.9 0.0990569 0.253421 2.82091 0.0079508 0.0224617 686.363
462956 12 0.01 0.3 32.9 -0.477452 0.284193 5.54657 -0.0837105 0.0484987 628.385
463070 12 0.01 0.3 32.9 -0.318455 0.240825 0.384732 -0.00337263 0.00274541 634.892
463662 12 0.01 0.3 32.9 0.0446152 0.45269 4.02577 0.00359743 0.0556699 620.342
464279 12 0.01 0.3 32.9 0.057108 -0.0198235 0.351858 -0.00164694 0.000941556 639.798
464773 12 0.01 0.3 32.9 0.258921 0.209238 9.11664 0.0705573 0.0602911 598.671
466348 12 0.01 0.3 32.9 0.339001 -0.476892 3.01349 0.0312726 -0.0439871 630.928
466995 12 0.01 0.3 32.9 -0.383795 -0.116612 3.31016 -0.0390923 -0.0107902 622.958
470724 12 0.01 0.3 32.9 -0.425121 0.126072 1.8596 -0.0246983 0.00605239 682.471
473352 12 0.01 0.3 32.9 -0.157577 0.484537 2.67772 -0.0126161 0.03779 606.826
474624 12 0.01 0.3 32.9 -0.248281 -0.0743239 1.13277 -0.007164 -0.00363058 666.988
475264 12 0.01 0.3 32.9 0.200306 -0.421561 1.37725 0.00862794 -0.0188429 657.394
476376 12 0.01 0.3 32.9 -0.202731 -0.202987 3.31322 -0.0225734 -0.019958 623.725
476407 12 0.01 0.3 32.9 0.347175 0.201583 4.03953 0.04236 0.0247031 625.02
476750 12 0.01 0.3 32.9 0.340466 -0.0594185 1.67111 0.0176562 -0.00275522 733.724
477302 12 0.01 0.3 32.9 -0.328833 -0.453364 1.77859 -0.0184367 -0.0248308 681.666
477892 12 0.01 0.3 32.9 0.109744 -0.37145 2.43023 0.00410772 -0.0283117 705.512
478482 12 0.01 0.3 32.9 0.353323 -0.000958837 1.209 0.0140685 0.000214945 705.842
478583 12 0.01 0.3 32.9 -0.0220946 0.215142 2.5133 -0.00190908 0.0184359 629.935
479007 12 0.01 0.3 32.9 0.423839 0.487629 5.05261 0.0653715 0.076862 634.212
479523 12 0.01 0.3 32.9 0.168661 0.0377607 3.08061 0.0169717 0.00572664 681.648
479574 12 0.01 0.3 32.9 0.430598 -0.168209 2.87767 0.0372264 -0.0150265 619.259
480064 12 0.01 0.3 32.9 -0.417765 0.473497 2.8034 -0.0338457 0.0380372 620.052
480877 12 0.01 0.3 32.9 0.439263 -0.010399 5.00619 0.0681172 0.00193025 621.089
481798 12 0.01 0.3 32.9 -0.137193 0.263224 1.35081 -0.00637353 0.0118734 629.428
482033 12 0.01 0.3 32.9 0.0174145 0.0848816 0.883851 -0.00184083 0.00146781 638.875
484620 12 0.01 0.3 32.9 0.30933 -0.138702 7.72512 0.0736452 -0.0306005 603.869
486116 12 0.01 0.3 32.9 0.370239 0.0455184 5.39436 0.060185 0.00683678 621.713
486869 12 0.01 0.3 32.9 0.253731 -0.0700487 0.780603 0.0046501 -0.000103287 650.706
487278 12 0.01 0.3 32.9 -0.15964 -0.403919 2.13149 -0.0110698 -0.0278954 652.317
487282 12 0.01 0.3 32.9 0.279769 0.448046 2.51054 0.0209383 0.0339005 698.979
487604 12 0.01 0.3 32.9 -0.393058 -0.472151 7.22667 -0.0836099 -0.103815 605.485
488589 12 0.01 0.3 32.9 -0.178604 -0.0410581 2.44073 -0.015243 -0.0027936 662.06
488931 12 0.01 0.3 32.9 -0.0918674 0.491519 3.48109 -0.00855272 0.0506836 662.9
491658 12 0.01 0.3 32.9 -0.14548 -0.0347942 2.40227 -0.010777 -0.00265509 668.324
491755 12 0.01 0.3 32.9 0.145795 0.170786 0.767565 0.00346417 0.00359735 617.105
492689 12 0.01 0.3 32.9 -0.438916 0.263027 0.957266 -0.0147175 0.00621397 606.73
493220 12 0.01 0.3 32.9 0.223644 -0.300387 6.09735 0.0399652 -0.0554605 603.757
494376 12 0.01 0.3 32.9 0.242172 -0.254131 1.55225 0.0106697 -0.0130356 662.339
497548 12 0.01 0.3 32.9 0.288632 0.205352 2.14868 0.0202642 0.0148398 667.395
498493 12 0.01 0.3 32.9 0.477369 -0.0666255 2.0637 0.0318143 -0.000599315 606.969
498726 12 0.01 0.3 32.9 0.456131 -0.375037 1.41146 0.0191167 -0.0165885 623.085
499006 12 0.01 0.3 32.9 0.340836 0.0667004 6.23664 0.0660715 0.0127154 597.113
499753 12 0.01 0.3 32.9 0.147958 -0.40768 2.13498 0.0101446 -0.0271009 730.339
