86003744 0 0.01 33 32.9 -0.429045 -0.344612 10.1724 -0.123201 -0.111401 1.93039
86006032 0 0.01 33 32.9 0.344677 0.0227 23.0677 0.240735 0.0202003 1.93039
86008606 0 0.01 33 32.9 0.291507 -0.167799 27.417 0.242731 -0.139252 1.93039
86010396 0 0.01 33 32.9 0.245072 0.245331 31.2546 0.232169 0.230664 1.93039
86010856 0 0.01 33 32.9 0.264969 -0.0315001 31.0322 0.247487 -0.0305312 1.93039
86012425 0 0.01 33 32.9 0.101004 -0.290411 23.9098 0.0718196 -0.213713 1.93039
86012626 0 0.01 33 32.9 -0.0876698 0.281913 9.0442 -0.0180451 0.0825998 1.93039
86017782 0 0.01 33 32.9 0.339964 -0.320078 25.9066 0.26869 -0.251689 1.93039
86018170 0 0.01 33 32.9 0.475612 -0.0844474 29.0341 0.416828 -0.0727078 1.93039
86020465 0 0.01 33 32.9 0.0722953 -0.238169 15.5421 0.0335418 -0.112048 1.93039
53000698 0 0.01 33 32.9 0.084028 -0.452296 66.0607 0.167683 -0.911249 1.93007
53001555 0 0.01 33 32.9 -0.398724 0.316642 27.4308 -0.333484 0.267607 1.93007
53001669 0 0.01 33 32.9 0.11124 0.24676 31.5787 0.109662 0.233442 1.93007
53002031 0 0.01 33 32.9 -0.261116 -0.0511953 25.6312 -0.201444 -0.0406005 1.93007
53003398 0 0.01 33 32.9 -0.25982 -0.103469 30.7013 -0.242261 -0.0957304 1.93007
53003877 0 0.01 33 32.9 -0.392311 -0.314407 32.2489 -0.384487 -0.308441 1.93007
53005839 0 0.01 33 32.9 0.321728 0.186841 40.0464 0.388573 0.227344 1.93007
53008350 0 0.01 33 32.9 0.127904 0.240647 32.1141 0.12065 0.23529 1.93007
53008602 0 0.01 33 32.9 0.132878 0.38785 45.8461 0.184799 0.54133 1.93007
53010230 0 0.01 33 32.9 0.216356 -0.404956 51.7913 0.342213 -0.637 1.93007
53016349 0 0.01 33 32.9 -0.485471 -0.437731 30.4791 -0.449877 -0.405977 1.93007
53017743 0 0.01 33 32.9 -0.473181 -0.35467 25.7283 -0.372828 -0.274676 1.93007
53018589 0 0.01 33 32.9 -0.0264077 0.0166749 24.0645 -0.0184636 0.0101006 1.93007
53019180 0 0.01 33 32.9 -0.0719599 0.374186 30.3664 -0.0658004 0.346096 1.93007
53020647 0 0.01 33 32.9 0.235711 0.297006 26.2222 0.192817 0.240929 1.93007
53020786 0 0.01 33 32.9 -0.00805236 0.382488 26.7412 -0.00790283 0.311637 1.93007
52005505 0 0.01 33 32.9 0.257367 -0.34171 28.6055 0.222239 -0.298835 1.92957
52010638 0 0.01 33 32.9 -0.0243237 -0.0914444 23.2183 -0.0172232 -0.0644149 1.92957
52011862 0 0.01 33 32.9 0.0693196 0.421802 20.6026 0.040693 0.266086 1.92957
52015886 0 0.01 33 32.9 0.00788643 -0.250746 24.3472 0.00511323 -0.184657 1.92957
52018514 0 0.01 33 32.9 -0.386366 -0.27012 25.3626 -0.295838 -0.208719 1.92957
52018603 0 0.01 33 32.9 0.386321 -0.284855 30.8519 0.361504 -0.268178 1.92957
52020981 0 0.01 33 32.9 -0.0640942 -0.342889 57.919 -0.112418 -0.601478 1.92957
58000518 0 0.01 33 32.9 -0.106802 0.310715 31.1445 -0.100181 0.291658 1.9289
58000843 0 0.01 33 32.9 0.199947 -0.298615 30.7452 0.191206 -0.27892 1.9289
58001645 0 0.01 33 32.9 -0.353744 -0.0720354 20.548 -0.216035 -0.0437799 1.9289
58005242 0 0.01 33 32.9 0.203149 -0.274457 24.4395 0.149547 -0.200909 1.9289
58006309 0 0.01 33 32.9 -0.300416 0.146922 24.4652 -0.225554 0.11166 1.9289
58008105 0 0.01 33 32.9 0.387013 -0.455257 19.6316 0.23257 -0.271081 1.9289
58008194 0 0.01 33 32.9 -0.477602 0.374229 25.1328 -0.364829 0.285073 1.9289
58008798 0 0.01 33 32.9 -0.145618 -0.30256 93.4864 -0.41244 -0.859103 1.9289
58009550 0 0.01 33 32.9 0.211275 0.0962275 24.2559 0.160434 0.0713609 1.9289
58010221 0 0.01 33 32.9 -0.0578897 0.216253 27.0552 -0.0463982 0.180639 1.9289
58011464 0 0.01 33 32.9 -0.0918655 0.401081 30.5652 -0.0846462 0.37365 1.9289
58011677 0 0.01 33 32.9 -0.274853 -0.177997 27.8189 -0.232129 -0.148349 1.9289
58013290 0 0.01 33 32.9 0.415681 -0.0880963 24.7813 0.312776 -0.064369 1.9289
58016473 0 0.01 33 32.9 0.186217 0.366765 26.9525 0.151637 0.305506 1.9289
58018039 0 0.01 33 32.9 -0.0934863 0.450464 48.5435 -0.138967 0.666266 1.9289
58018612 0 0.01 33 32.9 0.203839 0.115721 25.9508 0.157485 0.0948967 1.9289
58019278 0 0.01 33 32.9 0.439598 -0.401547 26.7683 0.359757 -0.320372 1.9289
49000237 0 0.01 33 32.9 0.334212 -0.000964898 31.8957 0.323653 -0.00119339 1.93036
49003103 0 0.01 33 32.9 -0.296019 -0.0909299 24.7277 -0.220473 -0.0667518 1.93036
49003712 0 0.01 33 32.9 0.493579 0.0959085 30.8414 0.464202 0.0910375 1.93036
49003959 0 0.01 33 32.9 0.0074028 0.252208 24.3413 0.00633116 0.18769 1.93036
49006324 0 0.01 33 32.9 0.0738066 0.13294 8.14103 0.024848 0.0370174 1.93036
49008492 0 0.01 33 32.9 -0.0962108 0.345776 30.8525 -0.0894467 0.325491 1.93036
49009622 0 0.01 33 32.9 0.148653 -0.490152 25.9006 0.117478 -0.385877 1.93036
49010811 0 0.01 33 32.9 -0.442712 -0.368824 29.5186 -0.398718 -0.32961 1.93036
49011526 0 0.01 33 32.9 0.0515214 0.109905 29.7713 0.0450986 0.0990539 1.93036
49014046 0 0.01 33 32.9 0.0861501 -0.224166 30.8084 0.0854517 -0.205702 1.93036
49020378 0 0.01 33 32.9 0.0984867 0.292657 24.6708 0.0728515 0.22065 1.93036
57000252 0 0.01 33 32.9 0.0804077 -0.220848 41.1097 0.0998149 -0.276441 1.92916
57003139 0 0.01 33 32.9 -0.0228973 -0.479238 27.8315 -0.0239835 -0.404837 1.92916
57003277 0 0.01 33 32.9 -0.0620134 -0.305811 14.6172 -0.029174 -0.135884 1.92916
57007840 0 0.01 33 32.9 -0.0803326 0.242739 24.0515 -0.0579312 0.177582 1.92916
57008378 0 0.01 33 32.9 0.0658181 0.413033 30.9614 0.0649812 0.389432 1.92916
57012524 0 0.01 33 32.9 0.0298349 -0.45309 32.4514 0.0322297 -0.444572 1.92916
57015251 0 0.01 33 32.9 -0.461402 0.114811 44.8949 -0.629684 0.158924 1.92916
57016111 0 0.01 33 32.9 0.29086 -0.0414217 23.5191 0.206525 -0.0315549 1.92916
57019681 0 0.01 33 32.9 -0.257499 -0.0223143 27.7054 -0.216803 -0.0173492 1.92916
56001186 0 0.01 33 32.9 0.334303 -0.00187101 26.8421 0.272934 -0.000809834 1.93006
56001747 0 0.01 33 32.9 0.215778 -0.157138 30.6765 0.200861 -0.145183 1.93006
56002303 0 0.01 33 32.9 -0.417169 0.17665 42.0035 -0.532412 0.228221 1.93006
56009176 0 0.01 33 32.9 -0.222417 -0.324763 44.9731 -0.299369 -0.445581 1.93006
56010660 0 0.01 33 32.9 0.312371 0.473326 24.8415 0.237547 0.358055 1.93006
56013221 0 0.01 33 32.9 0.0337985 -0.330192 21.7229 0.0208004 -0.215681 1.93006
56019311 0 0.01 33 32.9 -0.263705 -0.400573 28.3201 -0.227217 -0.347464 1.93006
55000609 0 0.01 33 32.9 0.152391 -0.12821 31.0589 0.144475 -0.121788 1.93031
55003501 0 0.01 33 32.9 0.096546 0.168345 22.0008 0.0641756 0.118637 1.93031
55004477 0 0.01 33 32.9 0.282547 0.136523 30.4189 0.26244 0.127402 1.93031
55006590 0 0.01 33 32.9 0.16893 0.37233 6.6713 0.0362004 0.0768582 1.93031
55006960 0 0.01 33 32.9 0.127013 0.31799 52.8819 0.203258 0.511587 1.93031
55007543 0 0.01 33 32.9 0.196179 0.0564656 39.366 0.234007 0.0667662 1.93031
55008061 0 0.01 33 32.9 0.370623 -0.398357 28.9009 0.326229 -0.348232 1.93031
55009334 0 0.01 33 32.9 0.32105 0.22581 12.7993 0.124239 0.0869346 1.93031
55013381 0 0.01 33 32.9 -0.184284 0.410586 29.2316 -0.16386 0.368753 1.93031
55013802 0 0.01 33 32.9 0.00901271 0.448069 55.7019 0.0158022 0.757044 1.93031
55013876 0 0.01 33 32.9 0.118449 0.404212 30.864 0.110609 0.378591 1.93031
55014424 0 0.01 33 32.9 -0.208565 -0.390583 31.5546 -0.200863 -0.371618 1.93031
55014517 0 0.01 33 32.9 -0.0866711 -0.295662 31.0372 -0.0783221 -0.278113 1.93031
55016019 0 0.01 33 32.9 -0.277474 0.240967 31.4008 -0.263686 0.229159 1.93031
55020688 0 0.01 33 32.9 0.11159 -0.192682 25.1688 0.0846852 -0.141789 1.93031
54004868 0 0.01 33 32.9 0.302316 0.430153 28.2949 0.258814 0.372928 1.92943
54005104 0 0.01 33 32.9 -0.464478 -0.195253 11.9745 -0.169963 -0.0743304 1.92943
54005242 0 0.01 33 32.9 -0.464776 0.101781 25.0834 -0.356475 0.0762082 1.92943
54009025 0 0.01 33 32.9 0.354035 0.272744 17.7699 0.193655 0.14616 1.92943
54014620 0 0.01 33 32.9 -0.249732 -0.074546 30.2245 -0.227184 -0.06907 1.92943
54016468 0 0.01 33 32.9 0.110361 0.471923 21.398 0.0700085 0.309087 1.92943
54017255 0 0.01 33 32.9 0.137084 0.409667 42.4476 0.175326 0.529832 1.92943
54017477 0 0.01 33 32.9 -0.218375 0.457775 29.9205 -0.20009 0.415065 1.92943
54018083 0 0.01 33 32.9 -0.347264 0.320925 19.2032 -0.200655 0.193109 1.92943
54019989 0 0.01 33 32.9 -0.0036146 -0.190736 15.3672 0.00204223 -0.0882334 1.92943
54020067 0 0.01 33 32.9 -0.0862773 -0.204912 17.9853 -0.0489587 -0.114822 1.92943
51001708 0 0.01 33 32.9 0.237769 0.133292 24.5432 0.177479 0.0993755 1.93031
51004297 0 0.01 33 32.9 0.364313 0.250419 38.8906 0.430959 0.29454 1.93031
51005311 0 0.01 33 32.9 0.17975 0.211476 21.3977 0.119104 0.143863 1.93031
51006935 0 0.01 33 32.9 0.261654 -0.0644666 30.9607 0.246807 -0.0563995 1.93031
51013447 0 0.01 33 32.9 -0.026271 -0.113381 17.5749 -0.0144811 -0.0605337 1.93031
51013673 0 0.01 33 32.9 -0.18633 -0.0861345 60.2975 -0.341946 -0.157786 1.93031
51015788 0 0.01 33 32.9 -0.202371 -0.364562 30.3273 -0.18757 -0.336131 1.93031
51019850 0 0.01 33 32.9 -0.140104 -0.454261 30.1996 -0.126319 -0.41798 1.93031
51021761 0 0.01 33 32.9 0.308234 0.185703 30.1794 0.282196 0.171266 1.93031
50000583 0 0.01 33 32.9 0.278974 -0.202988 30.792 0.262363 -0.187065 1.9304
50007436 0 0.01 33 32.9 0.111778 0.124594 16.9934 0.0519859 0.0639542 1.9304
50008593 0 0.01 33 32.9 -0.45429 0.182441 24.9556 -0.342526 0.140394 1.9304
50010610 0 0.01 33 32.9 0.149725 0.0754305 19.3793 0.0903237 0.0476959 1.9304
50015868 0 0.01 33 32.9 -0.352987 0.23782 18.0198 -0.19395 0.13344 1.9304
50016032 0 0.01 33 32.9 0.0141117 0.246569 17.5961 0.0114767 0.135347 1.9304
50020405 0 0.01 33 32.9 -0.0264214 -0.482003 29.8015 -0.0242279 -0.434347 1.9304
29000037 0 0.01 33 32.9 -0.442443 0.457715 8.85171 -0.122644 0.122396 1.92856
29000580 0 0.01 33 32.9 -0.48422 0.421758 33.2987 -0.492634 0.42633 1.92856
29003024 0 0.01 33 32.9 0.259615 0.490114 31.8112 0.249283 0.474912 1.92856
29003491 0 0.01 33 32.9 -0.0670071 -0.00390266 42.1212 -0.086131 -0.00189334 1.92856
29003606 0 0.01 33 32.9 -0.139403 -0.314976 23.7028 -0.0983189 -0.225294 1.92856
29005372 0 0.01 33 32.9 -0.32967 0.454326 48.9445 -0.493691 0.676712 1.92856
29008096 0 0.01 33 32.9 0.493662 -0.285808 11.2872 0.168533 -0.093804 1.92856
29008510 0 0.01 33 32.9 -0.107206 0.0699036 15.5682 -0.0494694 0.0314754 1.92856
29008857 0 0.01 33 32.9 -0.195405 0.396979 29.8983 -0.179345 0.36049 1.92856
29009055 0 0.01 33 32.9 -0.48344 0.325888 27.2895 -0.403127 0.268516 1.92856
29009074 0 0.01 33 32.9 -0.496414 0.377066 32.2581 -0.486962 0.371979 1.92856
29009165 0 0.01 33 32.9 0.19416 0.100808 30.9483 0.183056 0.0976382 1.92856
29017220 0 0.01 33 32.9 0.471444 0.115904 21.4523 0.305353 0.0794499 1.92856
29017524 0 0.01 33 32.9 0.375197 -0.0106329 27.1056 0.307103 -0.00804933 1.92856
29021600 0 0.01 33 32.9 -0.355739 -0.0898294 16.2473 -0.175253 -0.0430181 1.92856
1000527 0 0.01 33 32.9 -0.0211797 -0.0655765 21.9676 -0.0109878 -0.0427197 1.93053
1000727 0 0.01 33 32.9 -0.0643467 -0.097819 21.5143 -0.0438834 -0.0644298 1.93053
1001258 0 0.01 33 32.9 0.372967 -0.323038 11.6495 0.135122 -0.116365 1.93053
1001358 0 0.01 33 32.9 0.184549 -0.356501 23.3563 0.128779 -0.253184 1.93053
1002540 0 0.01 33 32.9 0.364129 0.395314 79.9344 0.885426 0.963222 1.93053
1006725 0 0.01 33 32.9 0.347094 0.151901 34.4646 0.364685 0.16182 1.93053
1007146 0 0.01 33 32.9 -0.452603 0.0616898 30.5179 -0.41805 0.057058 1.93053
1007555 0 0.01 33 32.9 -0.00869535 0.0475902 29.3664 -0.0061789 0.0408036 1.93053
1009128 0 0.01 33 32.9 0.111251 -0.010229 23.1018 0.0804774 -0.00601999 1.93053
1010720 0 0.01 33 32.9 0.131247 -0.361927 30.3795 0.123872 -0.336205 1.93053
1011677 0 0.01 33 32.9 0.178494 0.498201 24.4945 0.132539 0.36957 1.93053
1015282 0 0.01 33 32.9 0.254044 -0.420749 17.112 0.133431 -0.21648 1.93053
1015770 0 0.01 33 32.9 0.0984009 -0.00974961 29.6549 0.0883849 -0.00985436 1.93053
1016771 0 0.01 33 32.9 0.0457125 -0.113867 30.9574 0.0407406 -0.108982 1.93053
1019168 0 0.01 33 32.9 0.278118 0.241822 55.9895 0.471971 0.409751 1.93053
28000561 0 0.01 33 32.9 -0.0147589 0.303059 40.9928 -0.0192603 0.379546 1.92933
28001004 0 0.01 33 32.9 -0.184915 0.14867 31.8992 -0.18168 0.141769 1.92933
28003757 0 0.01 33 32.9 0.223571 -0.486203 30.744 0.208097 -0.45375 1.92933
28004279 0 0.01 33 32.9 0.40045 0.337335 33.0008 0.402996 0.340693 1.92933
28004720 0 0.01 33 32.9 0.114266 0.0502244 27.119 0.0914474 0.0419796 1.92933
28007519 0 0.01 33 32.9 0.409846 0.0145826 30.6176 0.384909 0.0151104 1.92933
28009711 0 0.01 33 32.9 0.49945 0.454908 50.0981 0.757435 0.691444 1.92933
28010755 0 0.01 33 32.9 -0.166548 -0.0617488 27.1824 -0.142429 -0.0473808 1.92933
28010846 0 0.01 33 32.9 -0.39599 -0.0317331 32.6449 -0.395145 -0.0302477 1.92933
28014963 0 0.01 33 32.9 -0.243135 0.380962 21.5021 -0.161595 0.249745 1.92933
28015306 0 0.01 33 32.9 0.409572 0.163209 26.3166 0.328802 0.136028 1.92933
28016414 0 0.01 33 32.9 0.114271 0.410502 10.2949 0.0429939 0.123913 1.92933
28018074 0 0.01 33 32.9 0.489646 -0.060562 33.7632 0.499353 -0.0616534 1.92933
28019387 0 0.01 33 32.9 0.404533 -0.408589 27.4916 0.337426 -0.338537 1.92933
28021082 0 0.01 33 32.9 0.0236279 -0.255874 21.8162 0.0131309 -0.167257 1.92933
27001611 0 0.01 33 32.9 0.261342 0.354872 21.1973 0.166116 0.232731 1.92884
27001623 0 0.01 33 32.9 -0.0185222 -0.447817 42.8984 -0.0250451 -0.584001 1.92884
27004516 0 0.01 33 32.9 0.335527 -0.409632 9.96234 0.100375 -0.12291 1.92884
27005855 0 0.01 33 32.9 -0.418047 0.222492 16.7001 -0.209747 0.110663 1.92884
27007891 0 0.01 33 32.9 0.0591295 0.375629 28.7601 0.052004 0.328153 1.92884
27009935 0 0.01 33 32.9 -0.00449238 -0.423066 26.9613 -0.00644385 -0.344361 1.92884
27011322 0 0.01 33 32.9 -0.439507 0.415728 27.0851 -0.360846 0.341921 1.92884
27012904 0 0.01 33 32.9 0.251304 0.351446 38.88 0.294262 0.416129 1.92884
27014822 0 0.01 33 32.9 0.396058 -0.216995 29.7279 0.357043 -0.195116 1.92884
27015645 0 0.01 33 32.9 -0.280993 -0.423225 27.2785 -0.232549 -0.34685 1.92884
27016232 0 0.01 33 32.9 -0.214937 0.151013 13.2396 -0.0810943 0.0532409 1.92884
27017631 0 0.01 33 32.9 -0.398012 0.0291243 22.5884 -0.273745 0.0177378 1.92884
27017721 0 0.01 33 32.9 -0.433893 0.1938 24.4481 -0.32148 0.141447 1.92884
27019339 0 0.01 33 32.9 -0.325813 -0.238575 24.761 -0.245131 -0.180249 1.92884
26001164 0 0.01 33 32.9 0.173834 0.209202 27.292 0.145916 0.176114 1.93012
26006492 0 0.01 33 32.9 0.405738 -0.0119157 36.6849 0.45408 -0.00950412 1.93012
26009122 0 0.01 33 32.9 0.297067 0.410133 25.2114 0.231323 0.315981 1.93012
26012016 0 0.01 33 32.9 -0.325723 0.0549631 27.4857 -0.27048 0.0502593 1.93012
26012024 0 0.01 33 32.9 0.2626 0.314286 48.5026 0.388439 0.464058 1.93012
26013198 0 0.01 33 32.9 -0.00821969 -0.291714 116.986 -0.0282646 -1.03754 1.93012
26017264 0 0.01 33 32.9 -0.126376 0.175283 24.2124 -0.0934219 0.128341 1.93012
26017733 0 0.01 33 32.9 0.337132 -0.377405 20.023 0.207905 -0.222382 1.93012
26018850 0 0.01 33 32.9 -0.0335484 0.140426 29.1216 -0.0281124 0.126534 1.93012
26019718 0 0.01 33 32.9 -0.261484 -0.317925 30.1098 -0.241171 -0.293711 1.93012
26020361 0 0.01 33 32.9 -0.291044 -0.320764 29.636 -0.262753 -0.287149 1.93012
26020477 0 0.01 33 32.9 -0.378179 -0.0573398 180.155 -2.07089 -0.311183 1.93012
25002307 0 0.01 33 32.9 -0.173555 -0.360993 30.144 -0.15468 -0.331775 1.93056
25009198 0 0.01 33 32.9 -0.139769 -0.143967 31.2009 -0.13322 -0.136154 1.93056
25014063 0 0.01 33 32.9 -0.0393488 0.0835748 14.5893 -0.0220234 0.0389541 1.93056
25014171 0 0.01 33 32.9 -0.217961 0.0533265 43.0843 -0.287407 0.0687805 1.93056
25014477 0 0.01 33 32.9 0.302843 -0.344267 53.0008 0.485725 -0.55487 1.93056
25015001 0 0.01 33 32.9 0.0884551 0.112005 19.5924 0.0533712 0.0676032 1.93056
25017803 0 0.01 33 32.9 0.45145 0.388122 28.5782 0.391265 0.336261 1.93056
25021240 0 0.01 33 32.9 0.293181 -0.428623 44.9774 0.398619 -0.585514 1.93056
24000610 0 0.01 33 32.9 -0.107327 0.25893 31.7629 -0.102784 0.251465 1.92933
24000738 0 0.01 33 32.9 0.143869 -0.195295 22.0535 0.0914171 -0.129635 1.92933
24002093 0 0.01 33 32.9 -0.178295 0.0736487 16.825 -0.0908309 0.0401334 1.92933
24003647 0 0.01 33 32.9 0.436067 -0.385273 28.6127 0.378583 -0.33506 1.92933
24005038 0 0.01 33 32.9 0.175395 0.376305 15.467 0.0840386 0.174709 1.92933
24005235 0 0.01 33 32.9 0.0176598 -0.349838 31.8276 0.0172591 -0.332879 1.92933
24006200 0 0.01 33 32.9 -0.151561 -0.424774 17.9416 -0.0884184 -0.234652 1.92933
24006206 0 0.01 33 32.9 0.0932273 -0.180452 22.4275 0.0636702 -0.121585 1.92933
24012829 0 0.01 33 32.9 -0.31253 -0.065039 50.2496 -0.476758 -0.0993043 1.92933
24013478 0 0.01 33 32.9 0.369396 -0.128936 25.1018 0.284507 -0.099509 1.92933
24017652 0 0.01 33 32.9 0.472422 0.153062 19.1936 0.274236 0.0925969 1.92933
24018461 0 0.01 33 32.9 -0.268844 -0.425509 37.4585 -0.30793 -0.486231 1.92933
23000363 0 0.01 33 32.9 0.460631 -0.433155 39.1274 0.543513 -0.514391 1.93031
23003938 0 0.01 33 32.9 -0.138115 0.359602 29.1201 -0.122641 0.318418 1.93031
23004442 0 0.01 33 32.9 -0.0843109 0.126835 26.1337 -0.069147 0.102401 1.93031
23004937 0 0.01 33 32.9 0.248418 0.0536552 38.6002 0.294226 0.0654824 1.93031
23005701 0 0.01 33 32.9 0.48066 0.093649 24.7039 0.361715 0.0735248 1.93031
23006735 0 0.01 33 32.9 0.231073 0.158088 30.1472 0.209481 0.14411 1.93031
23007916 0 0.01 33 32.9 0.00859521 -0.323967 29.7493 0.00942688 -0.29296 1.93031
23007977 0 0.01 33 32.9 0.425907 0.124251 43.6737 0.562482 0.166426 1.93031
23010308 0 0.01 33 32.9 -0.0607297 0.192543 32.7009 -0.059697 0.194581 1.93031
23014685 0 0.01 33 32.9 -0.188332 -0.294588 31.418 -0.178769 -0.283791 1.93031
23014755 0 0.01 33 32.9 -0.0937187 -0.221817 15.5742 -0.0512361 -0.103306 1.93031
23015852 0 0.01 33 32.9 0.174448 0.243064 32.3506 0.172247 0.236886 1.93031
23016303 0 0.01 33 32.9 -0.393024 0.406096 37.8729 -0.451367 0.46569 1.93031
23017371 0 0.01 33 32.9 0.113422 -0.268391 31.9611 0.111622 -0.260261 1.93031
22001700 0 0.01 33 32.9 -0.0914812 0.480979 20.0521 -0.055219 0.292598 1.92993
22004003 0 0.01 33 32.9 -0.316556 0.246185 33.5875 -0.321743 0.253645 1.92993
22004190 0 0.01 33 32.9 0.368386 -0.281271 28.8759 0.321096 -0.245437 1.92993
22007308 0 0.01 33 32.9 -0.233322 0.171877 25.0381 -0.1809 0.136091 1.92993
22007469 0 0.01 33 32.9 -0.226311 -0.239891 0.370942 0.0196457 0.0863961 1.92993
22008937 0 0.01 33 32.9 0.0314397 0.234962 29.0045 0.0272131 0.210834 1.92993
22013470 0 0.01 33 32.9 -0.0110516 -0.00676637 14 -0.000397706 -0.00366797 1.92993
22014723 0 0.01 33 32.9 0.0304502 -0.270141 30.6681 0.0295069 -0.251024 1.92993
22016557 0 0.01 33 32.9 -0.113244 0.371406 21.7426 -0.0763995 0.242402 1.92993
22018091 0 0.01 33 32.9 0.20873 0.00222232 26.2991 0.167069 0.00183386 1.92993
22019663 0 0.01 33 32.9 -0.10825 0.32257 32.9752 -0.113365 0.323401 1.92993
21000023 0 0.01 33 32.9 0.322399 -0.498694 60.6717 0.59568 -0.91795 1.93018
21000427 0 0.01 33 32.9 -0.0594789 -0.0034703 31.5258 -0.0564821 -0.00599065 1.93018
21002280 0 0.01 33 32.9 -0.0586911 -0.202385 23.9943 -0.0409805 -0.139844 1.93018
21007641 0 0.01 33 32.9 -0.379215 -0.221768 53.5476 -0.617457 -0.359894 1.93018
21009262 0 0.01 33 32.9 0.154579 -0.047818 29.1294 0.138518 -0.0423898 1.93018
21011719 0 0.01 33 32.9 -0.42502 -0.348764 29.3717 -0.380657 -0.309357 1.93018
21014128 0 0.01 33 32.9 0.0765936 -0.103145 29.173 0.0700906 -0.0892034 1.93018
21014370 0 0.01 33 32.9 0.179202 -0.0645147 22.2091 0.122369 -0.0466431 1.93018
21017411 0 0.01 33 32.9 0.385518 -0.0994056 26.3825 0.304857 -0.0823992 1.93018
21019661 0 0.01 33 32.9 -0.318662 0.281697 26.1307 -0.251811 0.224979 1.93018
21020302 0 0.01 33 32.9 -0.338183 -0.435116 41.231 -0.425594 -0.543611 1.93018
20003961 0 0.01 33 32.9 0.0341456 -0.264101 27.6844 0.0280484 -0.221168 1.93128
20004610 0 0.01 33 32.9 -0.079388 0.232775 31.1438 -0.0751646 0.225915 1.93128
20004669 0 0.01 33 32.9 -0.38986 -0.012033 12.2744 -0.144425 -0.00591798 1.93128
20005149 0 0.01 33 32.9 0.449238 -0.480251 33.2405 0.455992 -0.485746 1.93128
20006940 0 0.01 33 32.9 0.369228 0.12575 26.5139 0.298312 0.0997842 1.93128
20006948 0 0.01 33 32.9 0.49805 -0.141979 33.1295 0.502837 -0.143109 1.93128
20015154 0 0.01 33 32.9 0.187737 -0.262241 16.8467 0.0965086 -0.132254 1.93128
20017286 0 0.01 33 32.9 0.316938 0.00720803 28.2831 0.272272 0.00463952 1.93128
20017689 0 0.01 33 32.9 0.453994 0.358079 33.1927 0.460272 0.360815 1.93128
20017884 0 0.01 33 32.9 -0.215528 0.0567853 30.5549 -0.200631 0.0534962 1.93128
20018420 0 0.01 33 32.9 -0.232317 0.341461 24.4949 -0.176195 0.257113 1.93128
20019313 0 0.01 33 32.9 -0.129711 0.327019 27.8279 -0.109854 0.276737 1.93128
20019491 0 0.01 33 32.9 0.0367456 -0.134294 20.0006 0.0240055 -0.0835516 1.93128
19000373 0 0.01 33 32.9 0.272348 0.0719537 20.8962 0.177877 0.0483293 1.92984
19001089 0 0.01 33 32.9 0.0190156 -0.0334978 11.2916 0.00231645 -0.0115249 1.92984
19003321 0 0.01 33 32.9 0.0816602 -0.255543 27.0289 0.0681937 -0.207284 1.92984
19003568 0 0.01 33 32.9 -0.384563 0.0225984 30.6351 -0.361588 0.0204374 1.92984
19008261 0 0.01 33 32.9 0.325361 0.267928 21.9945 0.214936 0.181412 1.92984
19009486 0 0.01 33 32.9 -0.415967 0.110201 32.5504 -0.408943 0.11022 1.92984
19016484 0 0.01 33 32.9 -0.483588 0.378631 25.6778 -0.379081 0.296408 1.92984
73000629 0 0.01 33 32.9 -0.146221 -0.0567218 25.381 -0.113072 -0.041309 1.93016
73002255 0 0.01 33 32.9 -0.12099 -0.385711 32.0713 -0.11881 -0.378809 1.93016
73002729 0 0.01 33 32.9 -0.167346 0.34312 31.9175 -0.162377 0.328823 1.93016
73006472 0 0.01 33 32.9 0.36188 -0.429737 32.2991 0.352731 -0.421365 1.93016
73007477 0 0.01 33 32.9 -0.121761 0.263264 30.9921 -0.114946 0.248909 1.93016
73009190 0 0.01 33 32.9 -0.451224 -0.111171 53.5754 -0.733268 -0.179337 1.93016
73013908 0 0.01 33 32.9 -0.312849 -0.169006 22.6297 -0.21625 -0.114316 1.93016
73018952 0 0.01 33 32.9 0.472511 -0.233723 24.6726 0.352581 -0.17306 1.93016
36000252 0 0.01 33 32.9 -0.0275094 0.186437 77.0457 -0.0628897 0.435514 1.92926
36000270 0 0.01 33 32.9 0.0835779 -0.415091 23.2532 0.0532233 -0.291902 1.92926
36001208 0 0.01 33 32.9 0.386378 0.210835 13.4974 0.157705 0.0837139 1.92926
36001397 0 0.01 33 32.9 -0.498133 0.172621 29.2325 -0.443605 0.155509 1.92926
36002353 0 0.01 33 32.9 0.224304 0.44477 43.1453 0.29076 0.581181 1.92926
36002373 0 0.01 33 32.9 0.442851 -0.168913 38.6935 0.518393 -0.197529 1.92926
36002852 0 0.01 33 32.9 0.251072 0.0600228 23.6437 0.180209 0.0427567 1.92926
36003691 0 0.01 33 32.9 0.446383 0.319849 30.1464 0.409962 0.292974 1.92926
36005283 0 0.01 33 32.9 0.341233 -0.131306 25.6204 0.266155 -0.102366 1.92926
36006506 0 0.01 33 32.9 0.398329 -0.0718951 62.5882 0.758429 -0.138123 1.92926
36007508 0 0.01 33 32.9 0.430764 0.207728 29.3614 0.38526 0.185418 1.92926
36008723 0 0.01 33 32.9 0.194028 0.0323251 32.2353 0.186533 0.0311939 1.92926
36013213 0 0.01 33 32.9 0.411384 0.403721 26.3239 0.329923 0.32015 1.92926
36021644 0 0.01 33 32.9 -0.457847 0.265756 28.6876 -0.399549 0.233605 1.92926
35000842 0 0.01 33 32.9 0.348513 0.410421 31.4752 0.332653 0.394868 1.93
35002486 0 0.01 33 32.9 -0.453636 -0.43547 13.8937 -0.19281 -0.18073 1.93
35007697 0 0.01 33 32.9 -0.00670155 -0.297785 29.7467 -0.00895741 -0.267384 1.93
35013286 0 0.01 33 32.9 -0.00819781 -0.297217 27.6297 -0.00635791 -0.250273 1.93
35015359 0 0.01 33 32.9 0.227193 -0.41455 20.4488 0.145338 -0.263455 1.93
35015930 0 0.01 33 32.9 -0.00264189 -0.135647 30.8485 -0.00784326 -0.126724 1.93
35017160 0 0.01 33 32.9 0.395002 -0.162479 30.1262 0.363117 -0.150228 1.93
35017474 0 0.01 33 32.9 -0.169997 -0.266735 29.228 -0.149276 -0.235449 1.93
33004618 0 0.01 33 32.9 -0.283907 0.376285 30.2397 -0.262424 0.343649 1.93035
33010028 0 0.01 33 32.9 -0.366673 -0.425034 31.0686 -0.346678 -0.399413 1.93035
33011473 0 0.01 33 32.9 -0.436996 -0.179538 27.6278 -0.370998 -0.150377 1.93035
33014232 0 0.01 33 32.9 -0.388249 0.385842 30.5834 -0.361319 0.359212 1.93035
33014352 0 0.01 33 32.9 0.0063031 -0.12666 24.5273 0.00196392 -0.0954911 1.93035
33015051 0 0.01 33 32.9 0.256303 0.0996981 31.5288 0.249655 0.0959945 1.93035
33018041 0 0.01 33 32.9 0.438045 -0.371967 24.7977 0.33263 -0.277904 1.93035
33019928 0 0.01 33 32.9 0.21781 -0.457214 44.5686 0.294467 -0.618455 1.93035
34002487 0 0.01 33 32.9 -0.0168898 -0.387754 25.733 -0.0136642 -0.303904 1.92964
34003246 0 0.01 33 32.9 -0.0963305 -0.234911 26.2201 -0.0778881 -0.185575 1.92964
34003582 0 0.01 33 32.9 0.0374464 0.377729 33.2084 0.0385078 0.381949 1.92964
34003815 0 0.01 33 32.9 0.395466 -0.43675 24.6874 0.299085 -0.326714 1.92964
34005560 0 0.01 33 32.9 -0.118763 -0.447901 24.2701 -0.0863675 -0.329849 1.92964
34005836 0 0.01 33 32.9 -0.232642 -0.176888 49.6312 -0.352597 -0.267223 1.92964
34006091 0 0.01 33 32.9 -0.198531 -0.395971 29.5403 -0.178502 -0.35659 1.92964
34007175 0 0.01 33 32.9 -0.324473 0.0833266 29.9666 -0.295667 0.0734571 1.92964
34008191 0 0.01 33 32.9 -0.199256 -0.0156865 8.9607 -0.0540764 -0.00547779 1.92964
34008832 0 0.01 33 32.9 -0.02631 0.344373 13.6166 -0.00982254 0.14672 1.92964
34009212 0 0.01 33 32.9 0.0587385 0.352628 16.8455 0.0290958 0.179162 1.92964
34009450 0 0.01 33 32.9 0.225417 0.4222 44.28 0.300303 0.569913 1.92964
34012968 0 0.01 33 32.9 0.422141 -0.352343 29.6424 0.378981 -0.314775 1.92964
34013182 0 0.01 33 32.9 0.466045 0.101233 28.5736 0.407586 0.089573 1.92964
34018042 0 0.01 33 32.9 0.248392 -0.0145303 15.789 0.123094 -0.0102085 1.92964
34018581 0 0.01 33 32.9 -0.261007 0.327704 31.412 -0.251674 0.313626 1.92964
96004277 0 0.01 33 32.9 0.264338 -0.394792 18.983 0.150943 -0.228698 1.92996
96004686 0 0.01 33 32.9 0.0194817 -0.0922432 14.7567 0.0123361 -0.0462537 1.92996
96007584 0 0.01 33 32.9 0.246417 0.368802 30.4747 0.228326 0.343501 1.92996
96012611 0 0.01 33 32.9 0.184004 -0.449409 22.8021 0.12596 -0.30933 1.92996
96014643 0 0.01 33 32.9 0.331517 0.0424559 66.8483 0.672945 0.0856541 1.92996
96015810 0 0.01 33 32.9 -0.279966 -0.269591 30.6177 -0.258605 -0.245842 1.92996
96017732 0 0.01 33 32.9 0.318024 0.453163 43.0949 0.416124 0.591848 1.92996
96018130 0 0.01 33 32.9 -0.45515 0.134438 46.6417 -0.647393 0.192728 1.92996
96018749 0 0.01 33 32.9 0.397422 0.260885 29.5253 0.357124 0.239994 1.92996
96019500 0 0.01 33 32.9 -0.0465489 0.245589 30.9817 -0.0434434 0.233591 1.92996
96020847 0 0.01 33 32.9 -0.44221 -0.330273 50.4479 -0.679744 -0.506533 1.92996
96021142 0 0.01 33 32.9 0.476242 0.345844 31.5752 0.456365 0.332183 1.92996
66003187 0 0.01 33 32.9 0.000776933 -0.315043 33.5639 6.03355e-05 -0.320018 1.93059
66003209 0 0.01 33 32.9 -0.114001 -0.0749274 79.0983 -0.274576 -0.17936 1.93059
66007081 0 0.01 33 32.9 -0.324478 0.0774093 27.9003 -0.277081 0.0627317 1.93059
66012175 0 0.01 33 32.9 0.083874 0.204202 13.8462 0.032931 0.0880032 1.93059
66012340 0 0.01 33 32.9 -0.111546 0.211884 11.135 -0.0348832 0.065533 1.93059
66014530 0 0.01 33 32.9 0.00420823 0.0616906 31.9123 0.0036979 0.0609842 1.93059
66015115 0 0.01 33 32.9 0.0346804 0.224282 19.9017 0.022067 0.138118 1.93059
66015553 0 0.01 33 32.9 -0.226135 0.473903 27.6589 -0.189586 0.39935 1.93059
66015577 0 0.01 33 32.9 -0.110528 -0.291512 31.3647 -0.104682 -0.278926 1.93059
66015850 0 0.01 33 32.9 -0.23516 0.0700974 29.1042 -0.20765 0.0651647 1.93059
66018100 0 0.01 33 32.9 -0.419467 0.0824139 31.1425 -0.394049 0.0779287 1.93059
65000458 0 0.01 33 32.9 0.469126 0.260834 32.1198 0.456899 0.252343 1.92951
65002643 0 0.01 33 32.9 0.208371 0.131226 25.0341 0.157779 0.10091 1.92951
65003853 0 0.01 33 32.9 0.413636 0.0272301 29.0332 0.366706 0.0245725 1.92951
65005396 0 0.01 33 32.9 -0.094792 0.432565 12.1133 -0.0371686 0.164077 1.92951
65007251 0 0.01 33 32.9 -0.14888 0.343372 4.48958 -0.019246 0.0347478 1.92951
65012076 0 0.01 33 32.9 0.0404132 -0.465839 27.8324 0.0353599 -0.387974 1.92951
65013255 0 0.01 33 32.9 -0.237725 -0.37618 29.1568 -0.206863 -0.330621 1.92951
65013750 0 0.01 33 32.9 0.346859 -0.0696551 20.3887 0.217091 -0.0393067 1.92951
65014196 0 0.01 33 32.9 0.179996 0.248143 91.4903 0.502358 0.691414 1.92951
65020182 0 0.01 33 32.9 -0.102943 -0.327935 39.1105 -0.125668 -0.388913 1.92951
64002814 0 0.01 33 32.9 0.405952 0.214516 29.4917 0.362477 0.196485 1.93102
64003306 0 0.01 33 32.9 -0.185195 -0.257888 16.2273 -0.0933353 -0.125597 1.93102
64004163 0 0.01 33 32.9 -0.0385572 -0.158244 10.7559 -0.00658288 -0.047774 1.93102
64006638 0 0.01 33 32.9 0.393019 -0.13583 30.969 0.374817 -0.1255 1.93102
64007143 0 0.01 33 32.9 0.397277 0.366946 11.7182 0.142984 0.121065 1.93102
64008670 0 0.01 33 32.9 -0.0157636 0.0630811 25.0968 -0.00821843 0.0499105 1.93102
64013573 0 0.01 33 32.9 -0.240662 -0.23695 30.4633 -0.224658 -0.218854 1.93102
64017571 0 0.01 33 32.9 0.346731 0.462113 29.7888 0.316066 0.416622 1.93102
64020050 0 0.01 33 32.9 0.00242788 0.210677 28.468 0.00365777 0.18244 1.93102
64021171 0 0.01 33 32.9 -0.291975 0.44035 23.7921 -0.207869 0.31815 1.93102
63004578 0 0.01 33 32.9 -0.340366 0.126829 29.3612 -0.304544 0.112145 1.92843
63006668 0 0.01 33 32.9 -0.345854 0.0239533 28.4641 -0.299632 0.0190171 1.92843
63007198 0 0.01 33 32.9 -0.306899 0.100468 30.4863 -0.280295 0.0954607 1.92843
63007384 0 0.01 33 32.9 0.129147 0.310698 9.28428 0.0357589 0.0906524 1.92843
63012686 0 0.01 33 32.9 0.334021 0.315697 73.8502 0.751239 0.70786 1.92843
63016734 0 0.01 33 32.9 -0.155252 0.450768 30.4327 -0.14582 0.414686 1.92843
63017467 0 0.01 33 32.9 -0.187536 0.0284826 28.0131 -0.161657 0.0224541 1.92843
62000375 0 0.01 33 32.9 -0.0739437 -0.278998 11.5719 -0.0269265 -0.104571 1.93019
62002793 0 0.01 33 32.9 0.133925 0.282755 31.5634 0.128542 0.267748 1.93019
62002839 0 0.01 33 32.9 0.260926 0.426626 17.6883 0.141057 0.230848 1.93019
62005848 0 0.01 33 32.9 -0.105863 -0.27078 29.2734 -0.0928683 -0.240392 1.93019
62005934 0 0.01 33 32.9 -0.234358 0.373183 30.9781 -0.221599 0.35073 1.93019
62007917 0 0.01 33 32.9 0.0066992 -0.112749 29.2931 0.00563974 -0.102953 1.93019
62008645 0 0.01 33 32.9 0.357821 -0.454589 31.1497 0.335517 -0.428405 1.93019
62010136 0 0.01 33 32.9 -0.0153751 0.184526 25.2656 -0.0170418 0.143196 1.93019
62010961 0 0.01 33 32.9 0.151856 0.330825 25.302 0.115913 0.254189 1.93019
62011119 0 0.01 33 32.9 -0.418594 -0.229901 33.7983 -0.429416 -0.237982 1.93019
62020908 0 0.01 33 32.9 -0.215042 -0.225042 18.29 -0.117994 -0.125648 1.93019
61002840 0 0.01 33 32.9 0.0781203 -0.360958 14.8829 0.0422339 -0.162805 1.92961
61004083 0 0.01 33 32.9 -0.421621 -0.446457 31.4009 -0.399217 -0.424857 1.92961
61005556 0 0.01 33 32.9 -0.237056 0.0707952 30.0747 -0.216936 0.0692451 1.92961
61006040 0 0.01 33 32.9 -0.0117165 0.298114 23.9919 -0.00978103 0.221757 1.92961
61009281 0 0.01 33 32.9 0.469115 0.0377294 31.3739 0.449392 0.0385623 1.92961
61010253 0 0.01 33 32.9 -0.0301356 -0.215239 30.5115 -0.0224473 -0.201272 1.92961
61010259 0 0.01 33 32.9 -0.290474 0.357711 31.3156 -0.27804 0.340709 1.92961
61010475 0 0.01 33 32.9 0.375332 0.345419 29.1377 0.334087 0.305113 1.92961
61011326 0 0.01 33 32.9 0.309883 0.287501 32.3698 0.30498 0.28167 1.92961
61013116 0 0.01 33 32.9 -0.0814794 -0.369109 55.4325 -0.138546 -0.623 1.92961
61013486 0 0.01 33 32.9 0.277985 -0.455156 29.7846 0.254295 -0.412805 1.92961
61015785 0 0.01 33 32.9 0.212144 -0.218065 21.3532 0.13713 -0.142719 1.92961
61017185 0 0.01 33 32.9 -0.129797 0.192438 20.9618 -0.0799811 0.124603 1.92961
61019426 0 0.01 33 32.9 -0.218398 0.309912 27.4226 -0.176806 0.25706 1.92961
61019480 0 0.01 33 32.9 0.17646 -0.465479 13.4216 0.0733244 -0.19246 1.92961
61020057 0 0.01 33 32.9 -0.366907 -0.215188 16.3775 -0.184937 -0.109962 1.92961
61021432 0 0.01 33 32.9 0.413851 0.298035 28.5161 0.355177 0.25811 1.92961
60002330 0 0.01 33 32.9 0.0819975 -0.163311 31.1824 0.0791689 -0.152877 1.92887
60002932 0 0.01 33 32.9 -0.430434 0.432776 26.264 -0.344872 0.348137 1.92887
60003711 0 0.01 33 32.9 0.0572336 -0.480291 26.7615 0.0444804 -0.394758 1.92887
60005899 0 0.01 33 32.9 0.0999802 -0.161709 30.6653 0.0937578 -0.14986 1.92887
60008560 0 0.01 33 32.9 0.053609 -0.399877 24.1976 0.0429816 -0.296026 1.92887
60014780 0 0.01 33 32.9 -0.0187027 0.20487 27.252 -0.0117075 0.167354 1.92887
60015754 0 0.01 33 32.9 0.163219 0.420064 16.928 0.0850474 0.213447 1.92887
60019951 0 0.01 33 32.9 0.477516 0.0302082 30.5612 0.441109 0.0286096 1.92887
46000559 0 0.01 33 32.9 0.130846 0.449156 3.36425 0.00987854 0.0599346 1.93018
46004512 0 0.01 33 32.9 0.455305 -0.0795223 33.1682 0.460972 -0.0769383 1.93018
46008452 0 0.01 33 32.9 -0.215997 0.35931 7.48374 -0.0469997 0.0926799 1.93018
46010838 0 0.01 33 32.9 0.0733408 0.323913 13.1727 0.0274863 0.125078 1.93018
46012529 0 0.01 33 32.9 0.130764 0.248979 42.053 0.166841 0.318608 1.93018
46013299 0 0.01 33 32.9 -0.173824 0.031473 30.1479 -0.160835 0.0302102 1.93018
46014605 0 0.01 33 32.9 -0.31654 0.444864 25.0083 -0.240119 0.340093 1.93018
46014606 0 0.01 33 32.9 0.201098 0.413178 31.1057 0.189948 0.392958 1.93018
46015712 0 0.01 33 32.9 0.479201 -0.169147 25.0934 0.363415 -0.129145 1.93018
46016455 0 0.01 33 32.9 0.21708 0.0805292 15.5798 0.10027 0.0332513 1.93018
46016709 0 0.01 33 32.9 0.341757 -0.426413 27.7309 0.287202 -0.359024 1.93018
45000538 0 0.01 33 32.9 0.448336 0.458718 9.84609 0.132895 0.136515 1.92992
45001549 0 0.01 33 32.9 -0.21914 0.255735 24.7343 -0.16542 0.194323 1.92992
45002870 0 0.01 33 32.9 -0.0628347 0.233383 23.5611 -0.0432461 0.163847 1.92992
45006199 0 0.01 33 32.9 -0.420091 -0.462526 27.2431 -0.350035 -0.38177 1.92992
45006390 0 0.01 33 32.9 0.412766 -0.0808348 13.9619 0.177569 -0.0371428 1.92992
45006732 0 0.01 33 32.9 0.227299 -0.319694 59.4333 0.409605 -0.577052 1.92992
45007661 0 0.01 33 32.9 -0.24265 0.177008 30.029 -0.221032 0.161912 1.92992
45013227 0 0.01 33 32.9 0.222015 0.239431 31.3162 0.210924 0.229217 1.92992
45017206 0 0.01 33 32.9 -0.44649 0.28932 21.2922 -0.288188 0.187094 1.92992
45018879 0 0.01 33 32.9 -0.382033 -0.440392 31.2451 -0.362504 -0.416037 1.92992
45021750 0 0.01 33 32.9 0.186253 -0.259957 26.1064 0.14846 -0.206058 1.92992
44000723 0 0.01 33 32.9 0.194093 0.460525 31.4492 0.185697 0.439354 1.92852
44002547 0 0.01 33 32.9 -0.258724 0.438028 38.1202 -0.29753 0.51036 1.92852
44006857 0 0.01 33 32.9 -0.451245 -0.497814 32.3246 -0.443155 -0.48686 1.92852
44011010 0 0.01 33 32.9 0.373353 -0.229711 25.0916 0.283218 -0.174954 1.92852
44011216 0 0.01 33 32.9 -0.360957 0.413057 30.8847 -0.338155 0.385563 1.92852
44012851 0 0.01 33 32.9 -0.30729 -0.415781 29.8493 -0.275156 -0.375085 1.92852
44013209 0 0.01 33 32.9 0.403496 0.00668774 41.8627 0.511825 0.0077605 1.92852
44013459 0 0.01 33 32.9 0.190668 0.000503529 31.9248 0.181791 -0.000705249 1.92852
44014303 0 0.01 33 32.9 -0.166744 0.481392 30.8178 -0.153953 0.450137 1.92852
44016777 0 0.01 33 32.9 0.25765 -0.198123 27.8007 0.212809 -0.166762 1.92852
44020481 0 0.01 33 32.9 -0.316746 -0.336115 32.6014 -0.313773 -0.330658 1.92852
4001087 0 0.01 33 32.9 -0.332141 0.447837 28.6504 -0.289026 0.392264 1.92997
4001351 0 0.01 33 32.9 0.229915 0.35633 29.8795 0.208357 0.320363 1.92997
4004464 0 0.01 33 32.9 0.228042 0.20573 78.324 0.54299 0.487112 1.92997
4004774 0 0.01 33 32.9 -0.164664 -0.096228 32.6242 -0.161889 -0.0978927 1.92997
4010724 0 0.01 33 32.9 0.0298823 -0.134618 15.1001 0.00803455 -0.0580055 1.92997
4011442 0 0.01 33 32.9 -0.25557 -0.0334757 15.5925 -0.122154 -0.0148524 1.92997
4011482 0 0.01 33 32.9 0.0539947 -0.180572 30.9834 0.0491067 -0.171278 1.92997
4011716 0 0.01 33 32.9 0.0175389 0.436007 18.1632 0.0111375 0.241997 1.92997
4013917 0 0.01 33 32.9 0.355509 -0.136003 31.4503 0.340329 -0.128914 1.92997
4014760 0 0.01 33 32.9 -0.356717 0.177524 25.6279 -0.277211 0.138308 1.92997
4015530 0 0.01 33 32.9 0.0878054 0.0903642 27.3168 0.0726099 0.0763583 1.92997
4019228 0 0.01 33 32.9 0.139037 0.293126 21.1713 0.090239 0.189223 1.92997
4020083 0 0.01 33 32.9 0.366527 0.292695 12.6192 0.143432 0.110817 1.92997
4021212 0 0.01 33 32.9 -0.474623 0.130088 78.4457 -1.13116 0.309214 1.92997
4021259 0 0.01 33 32.9 0.13503 0.443611 25.7643 0.106333 0.345927 1.92997
41002922 0 0.01 33 32.9 -0.204183 -0.0291385 23.7888 -0.149691 -0.0186871 1.92226
41003743 0 0.01 33 32.9 0.240605 -0.378857 21.1404 0.155206 -0.246088 1.92226
41004157 0 0.01 33 32.9 0.202889 0.391688 28.4063 0.172004 0.339803 1.92226
41005735 0 0.01 33 32.9 0.271639 -0.054388 19.1704 0.156348 -0.0312587 1.92226
41007411 0 0.01 33 32.9 -0.0516364 0.371926 31.244 -0.0501415 0.354104 1.92226
41008114 0 0.01 33 32.9 -0.244199 0.210639 14.7343 -0.105915 0.0930104 1.92226
41009311 0 0.01 33 32.9 0.276644 0.0635692 32.1466 0.269379 0.0613032 1.92226
41011422 0 0.01 33 32.9 -0.117583 -0.217957 35.8276 -0.128797 -0.235689 1.92226
41014899 0 0.01 33 32.9 -0.127121 -0.299978 30.5702 -0.118287 -0.274766 1.92226
41015323 0 0.01 33 32.9 -0.238788 -0.0138469 22.138 -0.160245 -0.00832 1.92226
41015719 0 0.01 33 32.9 -0.0279931 0.153105 21.7965 -0.0150403 0.103779 1.92226
41016431 0 0.01 33 32.9 -0.498613 -0.473587 24.1571 -0.364664 -0.347502 1.92226
41019276 0 0.01 33 32.9 0.320115 0.245548 12.9904 0.126827 0.102973 1.92226
41020327 0 0.01 33 32.9 0.304924 -0.478434 31.3156 0.286978 -0.453607 1.92226
48001930 0 0.01 33 32.9 -0.408253 -0.367664 30.2092 -0.376216 -0.339381 1.92993
48004171 0 0.01 33 32.9 0.32043 0.175624 41.7223 0.406484 0.22148 1.92993
48004262 0 0.01 33 32.9 -0.466661 -0.0323952 25.2972 -0.354884 -0.0212215 1.92993
48010321 0 0.01 33 32.9 -0.281133 0.0412735 25.0922 -0.217076 0.029007 1.92993
48012020 0 0.01 33 32.9 0.308622 0.121473 19.0676 0.178 0.0672613 1.92993
48012856 0 0.01 33 32.9 0.483238 0.326732 26.0693 0.387277 0.259768 1.92993
48014281 0 0.01 33 32.9 -0.466931 0.0909876 30.0375 -0.424732 0.0828874 1.92993
48014730 0 0.01 33 32.9 -0.188035 -0.157755 31.4414 -0.181351 -0.148597 1.92993
48015251 0 0.01 33 32.9 -0.266521 -0.238115 29.0199 -0.235137 -0.209289 1.92993
48019499 0 0.01 33 32.9 -0.492222 -0.103773 26.3766 -0.392568 -0.0838747 1.92993
59007853 0 0.01 33 32.9 0.227395 0.110122 19.58 0.132312 0.0694346 1.93102
59008617 0 0.01 33 32.9 0.0940689 0.428398 13.0621 0.0358471 0.172169 1.93102
59009113 0 0.01 33 32.9 0.220918 0.19778 31.5929 0.211545 0.189102 1.93102
59013287 0 0.01 33 32.9 -0.471185 0.246931 33.3283 -0.474257 0.252198 1.93102
59016436 0 0.01 33 32.9 -0.196337 -0.217258 28.4847 -0.171667 -0.189908 1.93102
59016838 0 0.01 33 32.9 0.205318 0.300076 27.9174 0.174383 0.254098 1.93102
59018150 0 0.01 33 32.9 -0.218248 0.385454 16.0274 -0.105182 0.192739 1.93102
59018378 0 0.01 33 32.9 0.460222 0.428934 21.8456 0.308392 0.285192 1.93102
59018906 0 0.01 33 32.9 0.326103 0.0321315 30.3209 0.300225 0.0309561 1.93102
3000263 0 0.01 33 32.9 0.392064 -0.290766 30.3203 0.362068 -0.269624 1.93065
3001818 0 0.01 33 32.9 -0.0365352 -0.150644 10.0291 -0.0136153 -0.0459181 1.93065
3003766 0 0.01 33 32.9 0.411103 -0.366746 19.9658 0.248981 -0.223859 1.93065
3004767 0 0.01 33 32.9 -0.302135 -0.425383 41.2088 -0.380597 -0.532631 1.93065
3005672 0 0.01 33 32.9 0.0118264 -0.295747 35.146 0.0117476 -0.314353 1.93065
3005796 0 0.01 33 32.9 -0.107564 -0.124891 28.5341 -0.0957692 -0.107771 1.93065
3012851 0 0.01 33 32.9 0.326605 -0.216379 48.7 0.482628 -0.320808 1.93065
3014365 0 0.01 33 32.9 0.458359 -0.486591 30.489 0.428103 -0.447376 1.93065
3015717 0 0.01 33 32.9 -0.160094 -0.21408 22.9942 -0.112855 -0.151564 1.93065
3017030 0 0.01 33 32.9 -0.0576895 0.305968 38.1052 -0.0692878 0.354997 1.93065
3017350 0 0.01 33 32.9 0.184639 0.367503 24.6141 0.136746 0.26887 1.93065
3021332 0 0.01 33 32.9 -0.487011 -0.291263 46.9068 -0.696022 -0.415003 1.93065
47000559 0 0.01 33 32.9 -0.318667 0.0934399 29.863 -0.28986 0.0841718 1.93102
47001219 0 0.01 33 32.9 -0.124431 -0.181399 31.6771 -0.117866 -0.17455 1.93102
47003649 0 0.01 33 32.9 0.0455444 0.360384 28.3339 0.040761 0.310137 1.93102
47003746 0 0.01 33 32.9 -0.214424 0.276685 35.7366 -0.232825 0.299249 1.93102
47005626 0 0.01 33 32.9 0.366004 0.112961 30.1276 0.335982 0.104678 1.93102
47007910 0 0.01 33 32.9 -0.329805 -0.0819068 29.2698 -0.294424 -0.0745168 1.93102
47010388 0 0.01 33 32.9 0.349509 0.498496 31.3558 0.33521 0.479178 1.93102
47011001 0 0.01 33 32.9 0.302078 -0.304959 25.1355 0.22815 -0.234291 1.93102
47011995 0 0.01 33 32.9 -0.147835 -0.414612 31.6382 -0.140678 -0.405184 1.93102
47015387 0 0.01 33 32.9 -0.273178 -0.322245 46.8472 -0.389171 -0.462381 1.93102
47018263 0 0.01 33 32.9 -0.0454292 -0.422182 25.0407 -0.0341767 -0.319857 1.93102
43002839 0 0.01 33 32.9 -0.22524 0.432964 19.8706 -0.134953 0.266236 1.92962
43003188 0 0.01 33 32.9 0.437353 0.296308 31.5788 0.421653 0.28514 1.92962
43007181 0 0.01 33 32.9 -0.3228 0.028391 24.8086 -0.245244 0.0224862 1.92962
43010403 0 0.01 33 32.9 0.491946 0.213824 28.4855 0.427433 0.189709 1.92962
43011564 0 0.01 33 32.9 -0.362911 0.226756 30.8402 -0.341858 0.211708 1.92962
43013888 0 0.01 33 32.9 -0.393284 0.336282 26.9281 -0.322511 0.27411 1.92962
43014733 0 0.01 33 32.9 0.454185 -0.255898 23.0512 0.319416 -0.178741 1.92962
43015726 0 0.01 33 32.9 0.478088 0.14526 26.2289 0.383075 0.116235 1.92962
43016938 0 0.01 33 32.9 0.435298 -0.313 36.0473 0.475669 -0.34313 1.92962
43017138 0 0.01 33 32.9 0.123227 0.418928 29.7542 0.112817 0.378544 1.92962
43017166 0 0.01 33 32.9 -0.19507 0.185081 30.2473 -0.182717 0.169667 1.92962
43019643 0 0.01 33 32.9 0.306289 -0.339452 28.4484 0.263799 -0.293964 1.92962
43020931 0 0.01 33 32.9 -0.328679 -0.140619 36.1575 -0.362374 -0.152273 1.92962
42001743 0 0.01 33 32.9 -0.359145 0.161872 28.4367 -0.311619 0.140478 1.93014
42003582 0 0.01 33 32.9 0.231182 -0.161923 14.3444 0.101426 -0.0690825 1.93014
42005731 0 0.01 33 32.9 -0.0823042 0.238822 40.1689 -0.101959 0.291824 1.93014
42007255 0 0.01 33 32.9 0.399783 0.00798237 26.2099 0.318577 0.007376 1.93014
42011430 0 0.01 33 32.9 0.311498 -0.361486 17.8479 0.167756 -0.193843 1.93014
42012614 0 0.01 33 32.9 0.329986 -0.376201 32.9576 0.331391 -0.3761 1.93014
42014191 0 0.01 33 32.9 -0.330939 -0.146706 50.3582 -0.508202 -0.222331 1.93014
42015613 0 0.01 33 32.9 -0.0202073 0.24492 24.8323 -0.0151622 0.185864 1.93014
42021394 0 0.01 33 32.9 0.439923 -0.425665 31.8006 0.424301 -0.411711 1.93014
14004433 0 0.01 33 32.9 -0.457662 -0.112895 27.8296 -0.387579 -0.0948195 1.93
14004657 0 0.01 33 32.9 -0.382045 -0.445394 40.7366 -0.471047 -0.548859 1.93
14005933 0 0.01 33 32.9 0.0869734 -0.326401 31.2254 0.0793501 -0.312401 1.93
14006316 0 0.01 33 32.9 -0.131855 0.448305 8.99038 -0.0351355 0.123765 1.93
14006892 0 0.01 33 32.9 0.0137208 0.456942 17.8698 0.00849047 0.245562 1.93
14007316 0 0.01 33 32.9 0.190158 -0.235874 34.4554 0.197168 -0.249681 1.93
14007405 0 0.01 33 32.9 -0.00318255 -0.438471 31.8706 -0.00360214 -0.419161 1.93
14008557 0 0.01 33 32.9 -0.189703 0.160185 14.57 -0.0845254 0.0728528 1.93
14010495 0 0.01 33 32.9 -0.317544 0.130791 39.093 -0.377627 0.155998 1.93
14012098 0 0.01 33 32.9 -0.402468 0.253178 22.8547 -0.279091 0.174223 1.93
14012282 0 0.01 33 32.9 -0.285246 -0.124922 20.3504 -0.176157 -0.0741557 1.93
14014775 0 0.01 33 32.9 0.280579 0.160434 25.2656 0.21629 0.123323 1.93
14015399 0 0.01 33 32.9 0.266694 -0.285823 25.5296 0.207245 -0.223355 1.93
14015691 0 0.01 33 32.9 -0.266754 0.38836 19.9888 -0.161356 0.237404 1.93
14020997 0 0.01 33 32.9 0.179471 -0.193989 40.7399 0.222463 -0.237918 1.93
13002213 0 0.01 33 32.9 0.231751 -0.484976 25.0306 0.17877 -0.367585 1.93076
13005251 0 0.01 33 32.9 0.409569 -0.20306 18.213 0.224219 -0.1138 1.93076
13012259 0 0.01 33 32.9 -0.160895 0.191978 31.9634 -0.159363 0.184762 1.93076
13012599 0 0.01 33 32.9 -0.328337 -0.329916 25.283 -0.252436 -0.252329 1.93076
13012653 0 0.01 33 32.9 0.102417 -0.157641 27.4562 0.0812571 -0.134608 1.93076
13013359 0 0.01 33 32.9 -0.140579 0.175842 8.16173 -0.0312897 0.0574215 1.93076
13013657 0 0.01 33 32.9 0.176647 -0.344395 31.8963 0.171106 -0.334788 1.93076
13015564 0 0.01 33 32.9 -0.461381 0.344569 56.7383 -0.796758 0.596248 1.93076
13017783 0 0.01 33 32.9 -0.480209 0.429795 32.6243 -0.473046 0.426042 1.93076
13018305 0 0.01 33 32.9 -0.291206 0.265008 23.8096 -0.213269 0.191905 1.93076
13020833 0 0.01 33 32.9 -0.328377 0.106829 6.97863 -0.0656498 0.0209155 1.93076
12000026 0 0.01 33 32.9 -0.458665 -0.485334 36.6622 -0.508198 -0.538855 1.92951
12000748 0 0.01 33 32.9 -0.150777 0.0200001 32.027 -0.147068 0.0228239 1.92951
12000828 0 0.01 33 32.9 0.274766 -0.342061 29.6685 0.243825 -0.309146 1.92951
12001139 0 0.01 33 32.9 0.0194468 0.00644593 42.6274 0.0264495 0.00890655 1.92951
12002524 0 0.01 33 32.9 0.130169 -0.161341 30.3825 0.12184 -0.150187 1.92951
12003207 0 0.01 33 32.9 -0.494155 0.0934823 27.1835 -0.407048 0.0797712 1.92951
12003664 0 0.01 33 32.9 0.366016 -0.0742378 22.375 0.251096 -0.0467405 1.92951
12003867 0 0.01 33 32.9 0.486646 -0.197388 31.2778 0.463498 -0.18824 1.92951
12005721 0 0.01 33 32.9 0.482583 -0.249912 11.2677 0.156578 -0.0874418 1.92951
12006953 0 0.01 33 32.9 -0.401967 0.357747 32.34 -0.395454 0.353215 1.92951
12008413 0 0.01 33 32.9 0.134821 0.14561 24.5183 0.0991388 0.108141 1.92951
12009484 0 0.01 33 32.9 0.329673 0.337229 16.7864 0.169574 0.167321 1.92951
12012458 0 0.01 33 32.9 0.199482 0.204832 29.8122 0.18193 0.186021 1.92951
12013306 0 0.01 33 32.9 0.0974856 -0.222763 36.2569 0.109532 -0.24751 1.92951
12016366 0 0.01 33 32.9 -0.406842 0.121979 48.9235 -0.603493 0.184525 1.92951
12019768 0 0.01 33 32.9 -0.385122 0.176306 27.4058 -0.320111 0.147707 1.92951
12020442 0 0.01 33 32.9 -0.310075 0.115614 28.9951 -0.274439 0.103635 1.92951
11005618 0 0.01 33 32.9 -0.0261274 -0.365297 22.9311 -0.0163465 -0.254467 1.93018
11006448 0 0.01 33 32.9 -0.322933 -0.0482308 16.5019 -0.156836 -0.0263306 1.93018
11006822 0 0.01 33 32.9 0.313972 -0.415547 30.383 0.29081 -0.382614 1.93018
11007747 0 0.01 33 32.9 0.188123 0.405975 24.578 0.14189 0.304749 1.93018
11007859 0 0.01 33 32.9 0.129123 0.0568192 24.5996 0.0954757 0.0467667 1.93018
11008916 0 0.01 33 32.9 -0.368685 -0.384209 23.7929 -0.266618 -0.276059 1.93018
11009026 0 0.01 33 32.9 -0.107144 -0.304331 30.0446 -0.0976722 -0.277928 1.93018
11009456 0 0.01 33 32.9 0.117979 -0.154308 28.4961 0.10145 -0.134297 1.93018
11009658 0 0.01 33 32.9 -0.412594 -0.278696 27.115 -0.34122 -0.230384 1.93018
11014057 0 0.01 33 32.9 0.200091 0.0374059 29.2337 0.178858 0.0350684 1.93018
11015347 0 0.01 33 32.9 -0.493513 -0.0979555 24.489 -0.364664 -0.0692123 1.93018
11015398 0 0.01 33 32.9 0.397638 0.187379 26.4888 0.31851 0.14977 1.93018
11017615 0 0.01 33 32.9 0.0662991 -0.0165632 20.4901 0.0417481 -0.0104526 1.93018
11018127 0 0.01 33 32.9 0.187105 0.236414 31.3253 0.177763 0.229028 1.93018
11020678 0 0.01 33 32.9 0.443869 0.182806 29.2962 0.391462 0.166063 1.93018
11021684 0 0.01 33 32.9 0.0544805 -0.242292 41.3123 0.0681023 -0.305578 1.93018
10000009 0 0.01 33 32.9 -0.401548 -0.476996 62.4364 -0.760083 -0.905265 1.92998
10001987 0 0.01 33 32.9 0.384839 0.352093 64.7535 0.757883 0.691309 1.92998
10003096 0 0.01 33 32.9 0.135299 -0.293182 27.6808 0.115044 -0.248784 1.92998
10005873 0 0.01 33 32.9 0.295074 0.392377 40.7156 0.361283 0.485237 1.92998
10008058 0 0.01 33 32.9 -0.241106 0.150914 28.4087 -0.206089 0.131035 1.92998
10011807 0 0.01 33 32.9 -0.325195 0.441198 20.5632 -0.20433 0.270626 1.92998
10012828 0 0.01 33 32.9 -0.312819 0.385714 15.8784 -0.153103 0.186558 1.92998
10013650 0 0.01 33 32.9 -0.293508 -0.385221 48.4498 -0.432865 -0.569093 1.92998
10014610 0 0.01 33 32.9 -0.473331 -0.279273 33.7409 -0.485294 -0.286145 1.92998
10015102 0 0.01 33 32.9 -0.353182 0.0753641 22.9177 -0.247097 0.0530766 1.92998
10015260 0 0.01 33 32.9 0.00830069 0.0017874 22.2 0.00780064 -0.000206903 1.92998
10015690 0 0.01 33 32.9 0.203569 0.143898 36.8048 0.228112 0.164631 1.92998
10017355 0 0.01 33 32.9 -0.0644856 0.0217872 30.7882 -0.0618225 0.0214065 1.92998
10017934 0 0.01 33 32.9 0.445183 0.422784 48.1952 0.651487 0.6224 1.92998
10018915 0 0.01 33 32.9 -0.480713 0.173651 55.9319 -0.816777 0.294531 1.92998
10019392 0 0.01 33 32.9 -0.177266 0.357879 27.6775 -0.149671 0.303323 1.92998
10020032 0 0.01 33 32.9 0.430271 0.49767 30.6626 0.39686 0.461866 1.92998
9003367 0 0.01 33 32.9 0.322258 0.209689 40.848 0.400279 0.260131 1.92928
9004619 0 0.01 33 32.9 0.127247 -0.30072 29.3908 0.111351 -0.267085 1.92928
9005131 0 0.01 33 32.9 0.438799 -0.33985 27.9949 0.373755 -0.287982 1.92928
9005798 0 0.01 33 32.9 0.0738929 -0.137329 18.0716 0.0430969 -0.0749233 1.92928
9006219 0 0.01 33 32.9 -0.061678 -0.431325 29.8115 -0.0569143 -0.387393 1.92928
9006664 0 0.01 33 32.9 -0.16729 -0.336202 40.0018 -0.203432 -0.410306 1.92928
9007011 0 0.01 33 32.9 -0.0171781 0.0300726 27.9063 -0.0167915 0.0247422 1.92928
9008277 0 0.01 33 32.9 0.149276 0.229045 16.0019 0.0754065 0.114708 1.92928
9008413 0 0.01 33 32.9 -0.0972226 -0.39776 22.2122 -0.0622738 -0.265409 1.92928
9008596 0 0.01 33 32.9 -0.271174 -0.384233 22.449 -0.1884 -0.257464 1.92928
9009259 0 0.01 33 32.9 -0.321528 -0.361154 15.2635 -0.153771 -0.168405 1.92928
9010446 0 0.01 33 32.9 -0.496129 0.143371 12.2714 -0.186766 0.0589707 1.92928
9011503 0 0.01 33 32.9 0.356962 -0.0964041 35.4774 0.386436 -0.104645 1.92928
9015848 0 0.01 33 32.9 0.198105 0.458023 38.0157 0.23141 0.53005 1.92928
99002190 0 0.01 33 32.9 -0.136521 0.0468947 22.4869 -0.0925873 0.0345268 1.93027
99011360 0 0.01 33 32.9 0.0715459 -0.47432 30.5604 0.0669678 -0.442743 1.93027
99012228 0 0.01 33 32.9 0.392714 0.206854 30.372 0.361671 0.192119 1.93027
99014362 0 0.01 33 32.9 -0.269868 0.352346 35.8408 -0.29449 0.382339 1.93027
99017610 0 0.01 33 32.9 -0.400555 0.398953 26.4421 -0.32422 0.324763 1.93027
99018686 0 0.01 33 32.9 0.0985368 0.0114908 57.1606 0.172312 0.0218124 1.93027
8001072 0 0.01 33 32.9 0.224092 -0.448627 30.9999 0.207855 -0.424846 1.93014
8004228 0 0.01 33 32.9 -0.0487513 0.490252 17.8783 -0.0313962 0.272499 1.93014
8004423 0 0.01 33 32.9 -0.2506 -0.286263 30.2894 -0.232717 -0.262054 1.93014
8005574 0 0.01 33 32.9 0.0409767 0.347251 23.626 0.0321783 0.251127 1.93014
8007101 0 0.01 33 32.9 0.176523 0.149055 26.6234 0.146239 0.124535 1.93014
8007231 0 0.01 33 32.9 0.444884 0.0814493 27.8959 0.375445 0.0714124 1.93014
8007522 0 0.01 33 32.9 0.033353 0.242518 30.1211 0.0310099 0.222298 1.93014
8007959 0 0.01 33 32.9 0.0174102 -0.124959 25.592 0.0131285 -0.0947032 1.93014
8010538 0 0.01 33 32.9 -0.357417 0.456587 50.4072 -0.549343 0.701152 1.93014
8012150 0 0.01 33 32.9 -0.0260903 -0.316247 11.8885 -0.0186783 -0.116962 1.93014
8012422 0 0.01 33 32.9 -0.190768 -0.348655 31.9008 -0.185941 -0.335725 1.93014
8014662 0 0.01 33 32.9 0.0852142 -0.0460031 30.9052 0.0798378 -0.0452782 1.93014
8015778 0 0.01 33 32.9 -0.0815718 -0.485431 32.1578 -0.0778292 -0.477041 1.93014
8016382 0 0.01 33 32.9 -0.0843096 0.14045 24.9259 -0.0635106 0.110284 1.93014
8017933 0 0.01 33 32.9 -0.439942 -0.445803 15.0632 -0.202561 -0.200866 1.93014
8021307 0 0.01 33 32.9 0.0883942 -0.424293 28.5807 0.0739966 -0.36669 1.93014
98000724 0 0.01 33 32.9 0.0379289 0.44457 33.1097 0.0393299 0.448744 1.93051
98001006 0 0.01 33 32.9 0.173892 -0.0064567 10.4603 0.0553563 0.00250864 1.93051
98001306 0 0.01 33 32.9 0.340821 0.253859 35.0579 0.366143 0.270766 1.93051
98002085 0 0.01 33 32.9 -0.484544 -0.315026 28.71 -0.424794 -0.275292 1.93051
98002638 0 0.01 33 32.9 -0.121284 0.00269598 13.0892 -0.0481599 0.00616656 1.93051
98005731 0 0.01 33 32.9 0.464641 -0.14812 34.1185 0.483151 -0.155059 1.93051
98007083 0 0.01 33 32.9 0.00153022 -0.458473 33.2603 0.000516065 -0.462479 1.93051
98009753 0 0.01 33 32.9 -0.495048 -0.319611 1.6118 -0.0249601 -0.0432349 1.93051
98010740 0 0.01 33 32.9 -0.387911 -0.398903 51.3149 -0.605743 -0.621868 1.93051
98010919 0 0.01 33 32.9 0.0771416 -0.304181 6.9224 0.0198182 -0.0536635 1.93051
98010949 0 0.01 33 32.9 -0.332215 -0.157023 16.3386 -0.166347 -0.0737087 1.93051
98013971 0 0.01 33 32.9 0.349934 -0.318934 30.6209 0.324746 -0.296084 1.93051
98014578 0 0.01 33 32.9 -0.479825 0.447983 25.6034 -0.374551 0.348717 1.93051
98020015 0 0.01 33 32.9 -0.315476 0.483579 29.669 -0.283948 0.43296 1.93051
97000351 0 0.01 33 32.9 -0.323181 0.259815 17.9855 -0.182182 0.140013 1.9298
97002510 0 0.01 33 32.9 0.443227 -0.48734 30.4283 0.409189 -0.451465 1.9298
97007616 0 0.01 33 32.9 -0.0708274 -0.0711053 34.3714 -0.0786338 -0.0741192 1.9298
97007801 0 0.01 33 32.9 0.0437255 0.0927222 43.1749 0.0580898 0.118677 1.9298
97010329 0 0.01 33 32.9 0.4694 0.171812 26.6456 0.381051 0.140907 1.9298
97011002 0 0.01 33 32.9 -0.312221 0.464159 28.7201 -0.271588 0.406126 1.9298
97011190 0 0.01 33 32.9 0.237027 0.232271 25.3657 0.185468 0.182781 1.9298
97011818 0 0.01 33 32.9 0.37216 -0.36681 30.6373 0.347422 -0.341943 1.9298
97013005 0 0.01 33 32.9 0.396013 0.13549 25.2766 0.301314 0.10456 1.9298
97018672 0 0.01 33 32.9 -0.431092 0.254902 15.8963 -0.208676 0.121768 1.9298
97019278 0 0.01 33 32.9 -0.20226 -0.129551 13.9598 -0.0919831 -0.0578864 1.9298
95000871 0 0.01 33 32.9 0.0745877 0.0193088 14.0802 0.0295281 0.00980521 1.93026
95004191 0 0.01 33 32.9 0.350797 0.0106981 28.8303 0.307631 0.00763955 1.93026
95004934 0 0.01 33 32.9 -0.164675 0.115833 36.2245 -0.186306 0.1282 1.93026
95005240 0 0.01 33 32.9 -0.0917015 0.0907369 32.0986 -0.088869 0.0903123 1.93026
95006281 0 0.01 33 32.9 -0.0694631 -0.23196 15.213 -0.0349982 -0.101485 1.93026
95015203 0 0.01 33 32.9 -0.49042 -0.0499992 23.4181 -0.354158 -0.0354205 1.93026
95016002 0 0.01 33 32.9 0.46646 -0.426383 142.497 2.01945 -1.8475 1.93026
95017046 0 0.01 33 32.9 -0.0455406 0.404419 21.3083 -0.0315453 0.26606 1.93026
95017413 0 0.01 33 32.9 -0.110251 -0.306025 30.7578 -0.104601 -0.286396 1.93026
95017601 0 0.01 33 32.9 0.0229391 0.425052 31.1572 0.0198213 0.406481 1.93026
95017669 0 0.01 33 32.9 -0.0612221 -0.157433 27.237 -0.0508624 -0.130044 1.93026
93002473 0 0.01 33 32.9 -0.1237 0.0278761 27.3448 -0.10067 0.0220356 1.92993
93002887 0 0.01 33 32.9 -0.167261 -0.0269651 20.4694 -0.103069 -0.0171777 1.92993
93003236 0 0.01 33 32.9 -0.0985275 0.380075 26.6312 -0.0817593 0.305308 1.92993
93003426 0 0.01 33 32.9 0.299702 0.0217236 47.0687 0.429921 0.0334421 1.92993
93004104 0 0.01 33 32.9 -0.353142 -0.0521432 22.2881 -0.237184 -0.0368666 1.92993
93007137 0 0.01 33 32.9 -0.350501 -0.384391 30.0922 -0.320831 -0.350205 1.92993
93010051 0 0.01 33 32.9 -0.461219 -0.136877 13.3918 -0.18308 -0.0589684 1.92993
93014450 0 0.01 33 32.9 -0.292956 -0.200989 25.3407 -0.228226 -0.157418 1.92993
93016660 0 0.01 33 32.9 -0.390131 0.290197 17.1203 -0.200412 0.153582 1.92993
93020222 0 0.01 33 32.9 0.156321 0.146621 28.1789 0.130699 0.130492 1.92993
93021725 0 0.01 33 32.9 0.142103 0.298813 31.4444 0.129715 0.285722 1.92993
93021806 0 0.01 33 32.9 0.0759408 -0.423977 23.4807 0.052717 -0.302313 1.92993
94000886 0 0.01 33 32.9 -0.369906 0.364238 28.0659 -0.317987 0.310368 1.93076
94001295 0 0.01 33 32.9 0.438502 -0.310913 46.0866 0.617507 -0.434818 1.93076
94002412 0 0.01 33 32.9 0.0650889 0.317244 29.0625 0.0587081 0.280112 1.93076
94002616 0 0.01 33 32.9 0.402367 0.290294 5.25255 0.0452753 0.0449618 1.93076
94002854 0 0.01 33 32.9 -0.297717 -0.36883 29.7908 -0.271331 -0.334524 1.93076
94005882 0 0.01 33 32.9 0.297069 0.0163665 4.63343 0.034359 -0.0068045 1.93076
94006807 0 0.01 33 32.9 -0.35844 0.0911388 30.0185 -0.328063 0.0847689 1.93076
94007228 0 0.01 33 32.9 0.335473 -0.106135 17.3591 0.180219 -0.0554041 1.93076
94009115 0 0.01 33 32.9 0.373442 -0.0385524 29.3484 0.337122 -0.0326344 1.93076
94009193 0 0.01 33 32.9 -0.435513 -0.199211 15.3522 -0.201007 -0.0885489 1.93076
94009251 0 0.01 33 32.9 -0.160082 0.0603932 23.7077 -0.11918 0.0438858 1.93076
94009649 0 0.01 33 32.9 0.0515977 0.375295 36.8383 0.0597579 0.422727 1.93076
94011377 0 0.01 33 32.9 -0.236762 -0.144947 24.7483 -0.18165 -0.106581 1.93076
94012306 0 0.01 33 32.9 0.412586 -0.0414946 30.4092 0.382291 -0.0384066 1.93076
94012427 0 0.01 33 32.9 0.308238 0.485317 24.2068 0.229415 0.360516 1.93076
94012822 0 0.01 33 32.9 -0.0908163 -0.00677367 27.8601 -0.081765 -0.00547297 1.93076
94013880 0 0.01 33 32.9 0.119816 -0.393392 14.8273 0.0558542 -0.175189 1.93076
94014773 0 0.01 33 32.9 0.152618 -0.193249 24.7985 0.116529 -0.140654 1.93076
94015193 0 0.01 33 32.9 -0.149489 0.0839334 33.3169 -0.153024 0.0887826 1.93076
94016278 0 0.01 33 32.9 0.115332 0.330825 24.7076 0.0849078 0.252226 1.93076
94017720 0 0.01 33 32.9 -0.0801879 0.052541 32.6712 -0.0759053 0.0474154 1.93076
94019079 0 0.01 33 32.9 0.175375 -0.299595 90.0052 0.480164 -0.817189 1.93076
94020344 0 0.01 33 32.9 0.279323 -0.136924 30.8514 0.264401 -0.128751 1.93076
94021459 0 0.01 33 32.9 -0.470144 -0.411152 27.8571 -0.396606 -0.344203 1.93076
91000134 0 0.01 33 32.9 -0.1942 -0.0948257 25.0571 -0.148832 -0.0709013 1.93067
91000259 0 0.01 33 32.9 -0.246945 -0.183758 32.7767 -0.246384 -0.182506 1.93067
91001541 0 0.01 33 32.9 0.192261 0.364018 30.8623 0.177896 0.340821 1.93067
91002870 0 0.01 33 32.9 -0.279333 0.373417 29.8318 -0.250819 0.338977 1.93067
91003955 0 0.01 33 32.9 0.267607 0.239995 29.1505 0.23745 0.213131 1.93067
91004409 0 0.01 33 32.9 -0.229027 -0.220239 28.1636 -0.198809 -0.187604 1.93067
91007438 0 0.01 33 32.9 0.252426 -0.408767 11.0633 0.0820861 -0.136937 1.93067
91011080 0 0.01 33 32.9 0.147836 -0.0794057 33.1193 0.150922 -0.0763234 1.93067
91011732 0 0.01 33 32.9 0.0464592 0.297346 23.6319 0.0318925 0.215221 1.93067
91012097 0 0.01 33 32.9 -0.179861 0.131156 31.8667 -0.176438 0.125294 1.93067
91012235 0 0.01 33 32.9 0.124747 -0.230533 11.0394 0.0446131 -0.0785992 1.93067
91012450 0 0.01 33 32.9 0.37236 -0.378265 20.7998 0.232796 -0.23704 1.93067
91012935 0 0.01 33 32.9 -0.391294 -0.405662 33.9852 -0.401523 -0.418222 1.93067
91013688 0 0.01 33 32.9 0.260187 -0.284048 23.8584 0.192937 -0.207297 1.93067
91013899 0 0.01 33 32.9 -0.162793 0.278473 13.5922 -0.0671383 0.114978 1.93067
91014663 0 0.01 33 32.9 -0.455677 -0.000752251 30.4912 -0.423292 -0.000672563 1.93067
91014961 0 0.01 33 32.9 -0.214159 0.0792674 30.954 -0.202083 0.0742612 1.93067
91017808 0 0.01 33 32.9 -0.392928 -0.105944 29.2718 -0.352149 -0.0940146 1.93067
91018822 0 0.01 33 32.9 0.33366 -0.323119 38.4341 0.390308 -0.375066 1.93067
91020898 0 0.01 33 32.9 -0.189381 -0.219853 19.5086 -0.116033 -0.130116 1.93067
91021412 0 0.01 33 32.9 -0.419502 -0.288075 33.586 -0.427109 -0.291802 1.93067
90002208 0 0.01 33 32.9 -0.181042 0.25706 40.0469 -0.220357 0.314368 1.92907
90002245 0 0.01 33 32.9 -0.462944 0.298996 30.7861 -0.434239 0.28115 1.92907
90002348 0 0.01 33 32.9 -0.157476 -0.299214 24.0692 -0.113881 -0.217214 1.92907
90006197 0 0.01 33 32.9 0.10705 -0.478308 30.407 0.101411 -0.442548 1.92907
90013579 0 0.01 33 32.9 -0.461892 0.393696 31.9195 -0.445624 0.382748 1.92907
90014063 0 0.01 33 32.9 -0.196255 -0.424031 32.6857 -0.19417 -0.41719 1.92907
90014841 0 0.01 33 32.9 0.22233 0.0578444 29.8787 0.204882 0.0511951 1.92907
90015424 0 0.01 33 32.9 0.425048 0.215178 7.55203 0.102694 0.0534798 1.92907
90019075 0 0.01 33 32.9 0.125158 0.170444 32.2762 0.12288 0.169978 1.92907
90020911 0 0.01 33 32.9 0.335197 -0.399797 28.538 0.28832 -0.344871 1.92907
92001239 0 0.01 33 32.9 -0.251817 -0.0112682 27.1576 -0.206209 -0.00842459 1.92952
92001270 0 0.01 33 32.9 -0.27907 0.219103 22.127 -0.185727 0.148016 1.92952
92001714 0 0.01 33 32.9 -0.305356 -0.308267 30.7925 -0.289041 -0.286131 1.92952
92003618 0 0.01 33 32.9 0.0233095 0.453524 30.5027 0.0220183 0.421571 1.92952
92003886 0 0.01 33 32.9 -0.356599 -0.124183 30.7872 -0.334766 -0.11408 1.92952
92004313 0 0.01 33 32.9 -0.144087 -0.435145 81.5279 -0.357188 -1.07667 1.92952
92006266 0 0.01 33 32.9 0.0617809 0.166373 18.8183 0.0347636 0.0990309 1.92952
92007600 0 0.01 33 32.9 -0.394015 -0.105186 33.1265 -0.396977 -0.104189 1.92952
92008327 0 0.01 33 32.9 -0.177853 0.273654 22.7825 -0.122138 0.189175 1.92952
92008342 0 0.01 33 32.9 0.118917 0.0637113 42.2305 0.152683 0.0833316 1.92952
92009261 0 0.01 33 32.9 -0.389777 -0.0564958 29.8889 -0.355824 -0.0513508 1.92952
92009334 0 0.01 33 32.9 -0.0234415 -0.257966 29.9366 -0.0197408 -0.232805 1.92952
92010237 0 0.01 33 32.9 0.178647 -0.19676 29.8997 0.160867 -0.178924 1.92952
92010378 0 0.01 33 32.9 -0.0982766 -0.214311 16.9172 -0.0562165 -0.105263 1.92952
92011349 0 0.01 33 32.9 0.224441 0.113736 42.1262 0.286423 0.146246 1.92952
92014182 0 0.01 33 32.9 -0.0498601 0.0954299 27.9535 -0.0419292 0.0840593 1.92952
92016655 0 0.01 33 32.9 -0.374185 -0.31443 31.5883 -0.359556 -0.298848 1.92952
92018197 0 0.01 33 32.9 0.121936 0.0826434 12.0977 0.0405535 0.0273234 1.92952
92018333 0 0.01 33 32.9 0.223909 0.126734 26.1681 0.173587 0.099583 1.92952
92020604 0 0.01 33 32.9 -0.443952 -0.0285535 15.5767 -0.210462 -0.0156809 1.92952
7003402 0 0.01 33 32.9 0.458014 -0.0234331 39.9942 0.55373 -0.0302052 1.93093
7004383 0 0.01 33 32.9 0.0530024 -0.47318 30.6274 0.0503778 -0.440115 1.93093
7006462 0 0.01 33 32.9 -0.148509 0.389619 30.913 -0.137515 0.370548 1.93093
7009100 0 0.01 33 32.9 0.0223219 -0.312959 20.2956 0.0171749 -0.194334 1.93093
7009791 0 0.01 33 32.9 0.274522 -0.127083 31.7988 0.268893 -0.119577 1.93093
7011840 0 0.01 33 32.9 0.283594 -0.000630689 18.7379 0.164517 -0.00158597 1.93093
7012548 0 0.01 33 32.9 0.283263 0.449553 9.54628 0.0822329 0.119321 1.93093
7018131 0 0.01 33 32.9 0.482012 0.308895 32.8347 0.479489 0.307866 1.93093
7019152 0 0.01 33 32.9 -0.334117 -0.448328 28.1016 -0.288177 -0.38599 1.93093
7019218 0 0.01 33 32.9 0.461208 0.210243 29.5035 0.413351 0.192634 1.93093
89002828 0 0.01 33 32.9 -0.315748 0.193587 28.2084 -0.274865 0.170046 1.92956
89003178 0 0.01 33 32.9 0.0143945 -0.250461 46.1495 0.0199759 -0.350857 1.92956
89003463 0 0.01 33 32.9 0.420463 -0.00107315 31.4621 0.401028 -0.00300965 1.92956
89007291 0 0.01 33 32.9 0.0768353 -0.1151 48.1154 0.113449 -0.167479 1.92956
89007346 0 0.01 33 32.9 0.482848 0.0906531 20.405 0.294642 0.0601183 1.92956
89008534 0 0.01 33 32.9 0.370733 -0.0809585 26.4589 0.300401 -0.0656748 1.92956
89009945 0 0.01 33 32.9 -0.243966 0.131933 30.3173 -0.219922 0.121387 1.92956
89013321 0 0.01 33 32.9 0.424779 0.14563 30.8737 0.399104 0.136899 1.92956
89013411 0 0.01 33 32.9 0.321891 -0.361551 26.8914 0.260546 -0.294405 1.92956
89015577 0 0.01 33 32.9 -0.321361 0.499616 33.1734 -0.321565 0.503617 1.92956
89016140 0 0.01 33 32.9 -0.432468 0.174473 25.6665 -0.337356 0.137241 1.92956
89018489 0 0.01 33 32.9 0.0712299 0.181288 27.8927 0.0619595 0.150572 1.92956
89018509 0 0.01 33 32.9 0.401299 -0.464595 27.1014 0.33242 -0.377459 1.92956
89021069 0 0.01 33 32.9 0.153517 -0.282419 20.9121 0.098439 -0.173544 1.92956
5003380 0 0.01 33 32.9 0.478781 -0.0227395 32.6521 0.474652 -0.0201364 1.93043
5005021 0 0.01 33 32.9 -0.0920587 -0.00298503 18.5333 -0.0525812 0.00186548 1.93043
5005287 0 0.01 33 32.9 -0.360342 -0.460721 32.0347 -0.351755 -0.450876 1.93043
5013966 0 0.01 33 32.9 -0.174494 0.360349 26.0899 -0.136262 0.287331 1.93043
5014734 0 0.01 33 32.9 -0.277148 0.28716 24.6644 -0.207965 0.216165 1.93043
5020995 0 0.01 33 32.9 -0.179672 0.117615 11.7984 -0.0639745 0.0489319 1.93043
82000293 0 0.01 33 32.9 -0.390072 -0.332334 30.2067 -0.356469 -0.305718 1.93001
82001043 0 0.01 33 32.9 0.317369 -0.134774 64.4953 0.622485 -0.262582 1.93001
82001058 0 0.01 33 32.9 -0.149657 0.33501 28.8585 -0.135834 0.295782 1.93001
82001709 0 0.01 33 32.9 -0.391681 -0.328441 32.1783 -0.38153 -0.320227 1.93001
82005194 0 0.01 33 32.9 -0.348114 0.259078 55.6328 -0.588886 0.439749 1.93001
82005565 0 0.01 33 32.9 -0.133983 -0.238496 28.1988 -0.115423 -0.204925 1.93001
82006964 0 0.01 33 32.9 0.300982 -0.206591 49.8891 0.457882 -0.313775 1.93001
82007161 0 0.01 33 32.9 0.379779 -0.416662 25.3297 0.2987 -0.321367 1.93001
82007654 0 0.01 33 32.9 0.0503676 0.379498 39.0439 0.0603561 0.452989 1.93001
82009067 0 0.01 33 32.9 -0.184555 -0.0480968 37.2848 -0.209374 -0.0535919 1.93001
82010570 0 0.01 33 32.9 0.00645757 -0.199007 28.4985 0.00371613 -0.172032 1.93001
82012521 0 0.01 33 32.9 0.311449 0.0657142 26.1655 0.250937 0.0547719 1.93001
82018302 0 0.01 33 32.9 -0.381659 -0.106833 23.4923 -0.266292 -0.0798074 1.93001
82018554 0 0.01 33 32.9 0.189629 -0.396465 28.7314 0.164247 -0.343284 1.93001
81000322 0 0.01 33 32.9 0.32292 0.0924406 26.4628 0.257821 0.076511 1.92994
81000943 0 0.01 33 32.9 -0.135978 0.228487 26.3593 -0.106026 0.184423 1.92994
81001511 0 0.01 33 32.9 0.223645 0.484462 30.6781 0.207778 0.450574 1.92994
81004067 0 0.01 33 32.9 0.401194 -0.383463 30.4902 0.374976 -0.352739 1.92994
81004285 0 0.01 33 32.9 0.152017 0.0587043 16.5252 0.0751434 0.0295961 1.92994
81004440 0 0.01 33 32.9 -0.234236 -0.337606 28.6377 -0.203156 -0.292063 1.92994
81005005 0 0.01 33 32.9 -0.116139 0.0938539 60.4735 -0.211708 0.173579 1.92994
81008180 0 0.01 33 32.9 0.0514233 0.317363 31.7777 0.0463579 0.308832 1.92994
81008910 0 0.01 33 32.9 -0.453979 0.156205 28.1579 -0.389321 0.135865 1.92994
81009200 0 0.01 33 32.9 0.453155 0.137879 46.3064 0.638436 0.195489 1.92994
81013737 0 0.01 33 32.9 0.110069 -0.432619 31.8765 0.106354 -0.416374 1.92994
81015650 0 0.01 33 32.9 -0.370321 -0.377711 27.1055 -0.30752 -0.308812 1.92994
81017048 0 0.01 33 32.9 0.0859509 -0.412958 27.44 0.0705161 -0.342238 1.92994
81017595 0 0.01 33 32.9 0.458501 -0.0865242 31.5777 0.44046 -0.0854038 1.92994
81018756 0 0.01 33 32.9 -0.201751 -0.0767277 32.5671 -0.199573 -0.0765723 1.92994
81018863 0 0.01 33 32.9 -0.00187793 0.115228 24.4904 -0.000426906 0.0829181 1.92994
81020441 0 0.01 33 32.9 -0.143898 -0.36062 26.6722 -0.114148 -0.292115 1.92994
80000071 0 0.01 33 32.9 -0.216325 -0.33157 34.5571 -0.224706 -0.350203 1.92993
80001592 0 0.01 33 32.9 -0.421534 -0.0721015 30.2259 -0.385246 -0.0656441 1.92993
80009028 0 0.01 33 32.9 0.428219 0.344119 25.9321 0.334879 0.27313 1.92993
80009521 0 0.01 33 32.9 -0.183988 0.483652 28.0574 -0.156805 0.416591 1.92993
80011270 0 0.01 33 32.9 -0.212893 -0.342893 28.3958 -0.179963 -0.294467 1.92993
80013035 0 0.01 33 32.9 -0.146421 -0.357851 19.5777 -0.0873902 -0.208872 1.92993
80013435 0 0.01 33 32.9 -0.300014 0.374221 19.4853 -0.176666 0.222686 1.92993
80013690 0 0.01 33 32.9 -0.23934 -0.360148 12.8443 -0.0958533 -0.140149 1.92993
80013954 0 0.01 33 32.9 0.0448114 0.320797 12.7675 0.0144434 0.126728 1.92993
80015041 0 0.01 33 32.9 0.265832 0.236415 30.6357 0.245612 0.221569 1.92993
80015166 0 0.01 33 32.9 -0.191284 0.437191 28.1262 -0.165545 0.378032 1.92993
80017857 0 0.01 33 32.9 0.136504 0.124513 42.1491 0.176735 0.163068 1.92993
80019321 0 0.01 33 32.9 -0.437732 -0.292216 22.5143 -0.296605 -0.198896 1.92993
80019449 0 0.01 33 32.9 0.459064 -0.0479854 33.6903 0.470906 -0.0462421 1.92993
79002265 0 0.01 33 32.9 0.0503389 -0.326419 28.9634 0.0436852 -0.288593 1.92766
79003485 0 0.01 33 32.9 -0.136767 0.30474 6.16115 -0.0260016 0.0552316 1.92766
79003511 0 0.01 33 32.9 -0.383517 -0.107878 27.554 -0.321031 -0.0895604 1.92766
79004734 0 0.01 33 32.9 -0.085422 0.0755961 22.4588 -0.0629176 0.0543549 1.92766
79005809 0 0.01 33 32.9 0.138497 -0.275523 35.4151 0.147694 -0.295299 1.92766
79009515 0 0.01 33 32.9 -0.0723822 -0.0295299 36.0268 -0.078818 -0.0303183 1.92766
79014699 0 0.01 33 32.9 0.381619 -0.28819 31.6071 0.364887 -0.275594 1.92766
79017555 0 0.01 33 32.9 -0.375143 -0.493175 21.8027 -0.248136 -0.325288 1.92766
79018350 0 0.01 33 32.9 -0.162835 -0.364062 7.08368 -0.0313622 -0.0776858 1.92766
79018514 0 0.01 33 32.9 -0.0909946 0.463603 31.3952 -0.0863247 0.44219 1.92766
68002506 0 0.01 33 32.9 -0.460441 0.149251 113.005 -1.58371 0.513534 1.92961
68003301 0 0.01 33 32.9 0.306144 -0.407344 24.1689 0.227387 -0.299286 1.92961
68003666 0 0.01 33 32.9 0.209746 -0.473952 31.5011 0.202997 -0.455728 1.92961
68006905 0 0.01 33 32.9 -0.109671 -0.17585 30.7939 -0.102684 -0.162239 1.92961
68010062 0 0.01 33 32.9 0.196619 -0.0975179 46.629 0.279167 -0.139581 1.92961
68010202 0 0.01 33 32.9 0.447682 -0.0352722 21.8065 0.296227 -0.0259392 1.92961
68010594 0 0.01 33 32.9 0.395375 -0.472009 55.5406 0.671679 -0.796311 1.92961
68011003 0 0.01 33 32.9 -0.470741 -0.0908946 32.0313 -0.457857 -0.08954 1.92961
68012069 0 0.01 33 32.9 -0.267335 -0.115329 27.1803 -0.215471 -0.093566 1.92961
68012656 0 0.01 33 32.9 0.137289 0.288328 33.1598 0.13678 0.290208 1.92961
68013553 0 0.01 33 32.9 0.141214 -0.366157 34.7978 0.150151 -0.388039 1.92961
68014028 0 0.01 33 32.9 -0.119883 -0.363895 200.562 -0.732598 -2.21934 1.92961
68014913 0 0.01 33 32.9 -0.169594 -0.348364 29.5504 -0.150598 -0.314681 1.92961
68016428 0 0.01 33 32.9 -0.298675 -0.307404 28.8305 -0.260715 -0.271293 1.92961
68019505 0 0.01 33 32.9 0.297688 0.0595297 27.9549 0.254081 0.0464658 1.92961
68019630 0 0.01 33 32.9 0.422459 0.243246 25.5 0.32401 0.190567 1.92961
67005051 0 0.01 33 32.9 0.260384 -0.428474 31.6719 0.251311 -0.410623 1.93077
67005479 0 0.01 33 32.9 0.435959 -0.415327 18.6094 0.248976 -0.233912 1.93077
67005494 0 0.01 33 32.9 0.347809 -0.119066 27.4742 0.288556 -0.0981894 1.93077
67010571 0 0.01 33 32.9 -0.0929755 0.0328358 30.3633 -0.0894857 0.0322729 1.93077
67010761 0 0.01 33 32.9 -0.108221 -0.0641991 13.6975 -0.0483182 -0.0280141 1.93077
67013472 0 0.01 33 32.9 0.125637 0.26628 22.0859 0.0882071 0.178654 1.93077
67014436 0 0.01 33 32.9 -0.316992 0.43341 31.9217 -0.308355 0.421884 1.93077
67014564 0 0.01 33 32.9 -0.442084 -0.332872 25.4079 -0.340027 -0.256608 1.93077
67016580 0 0.01 33 32.9 -0.132793 -0.0385631 28.593 -0.119181 -0.0284533 1.93077
67018034 0 0.01 33 32.9 0.00454143 0.413849 31.2534 0.00315172 0.396215 1.93077
67020801 0 0.01 33 32.9 0.00319656 0.25367 47.3905 0.00642127 0.366986 1.93077
67021989 0 0.01 33 32.9 0.241396 0.469398 26.9013 0.196222 0.386366 1.93077
40000150 0 0.01 33 32.9 0.275793 -0.150636 43.4082 0.36423 -0.200552 1.92979
40000786 0 0.01 33 32.9 -0.0847932 -0.0158102 9.04878 -0.0244975 -0.00860598 1.92979
40006000 0 0.01 33 32.9 0.490055 0.282288 33.2909 0.495917 0.286905 1.92979
40006115 0 0.01 33 32.9 -0.392383 0.447243 8.7963 -0.106496 0.122088 1.92979
40007951 0 0.01 33 32.9 -0.184523 0.0563629 27.0827 -0.152385 0.0465862 1.92979
40011554 0 0.01 33 32.9 -0.372054 -0.0574488 12.0214 -0.125193 -0.0208372 1.92979
40014274 0 0.01 33 32.9 0.468899 0.178169 29.8559 0.422877 0.163407 1.92979
40014843 0 0.01 33 32.9 -0.0908081 -0.281517 20.2222 -0.0617253 -0.171376 1.92979
40015055 0 0.01 33 32.9 -0.463937 -0.0397347 26.6301 -0.375007 -0.0304436 1.92979
40016421 0 0.01 33 32.9 0.234918 0.200496 46.4089 0.329444 0.285983 1.92979
40017028 0 0.01 33 32.9 0.488321 -0.017127 26.9563 0.404223 -0.0118662 1.92979
40017591 0 0.01 33 32.9 0.420219 -0.153422 32.8442 0.420547 -0.152557 1.92979
40017929 0 0.01 33 32.9 0.36135 -0.467419 15.8874 0.175012 -0.22125 1.92979
40019785 0 0.01 33 32.9 -0.342143 0.365482 49.9908 -0.519133 0.556314 1.92979
40020690 0 0.01 33 32.9 -0.473486 -0.40685 19.9997 -0.289183 -0.246479 1.92979
40021728 0 0.01 33 32.9 -0.20921 -0.181472 30.1464 -0.193093 -0.162938 1.92979
653 0 0.01 33 32.9 0.347578 0.155306 40.3509 0.42656 0.190859 1.93059
1106 0 0.01 33 32.9 -0.183631 0.400741 34.8633 -0.192131 0.424835 1.93059
3620 0 0.01 33 32.9 0.18938 0.11309 32.0295 0.182877 0.11138 1.93059
4003 0 0.01 33 32.9 0.332802 -0.47142 40.6328 0.408867 -0.582708 1.93059
6172 0 0.01 33 32.9 0.398496 0.292274 17.0072 0.204105 0.149518 1.93059
6368 0 0.01 33 32.9 -0.0192555 -0.0347784 15.5561 -0.00827868 -0.0131896 1.93059
8500 0 0.01 33 32.9 -0.447751 -0.402009 18.8401 -0.25735 -0.23069 1.93059
10690 0 0.01 33 32.9 0.474925 0.306829 8.68869 0.120452 0.0795518 1.93059
12095 0 0.01 33 32.9 0.415576 -0.120914 31.8281 0.403044 -0.114889 1.93059
12228 0 0.01 33 32.9 -0.267245 0.114408 14.7828 -0.125447 0.0586956 1.93059
16249 0 0.01 33 32.9 0.176618 0.418335 25.9852 0.140766 0.330657 1.93059
19491 0 0.01 33 32.9 0.424477 -0.0153886 27.4416 0.351964 -0.0125558 1.93059
20438 0 0.01 33 32.9 0.28621 -0.398434 30.0231 0.260768 -0.363367 1.93059
18001837 0 0.01 33 32.9 0.379212 0.367032 27.4331 0.31772 0.305912 1.93076
18002625 0 0.01 33 32.9 -0.206009 0.465598 24.4128 -0.154686 0.346554 1.93076
18003134 0 0.01 33 32.9 -0.351964 -0.0665696 17.0029 -0.186409 -0.0340066 1.93076
18003284 0 0.01 33 32.9 -0.0694414 0.0334923 14.1242 -0.0306666 0.0126309 1.93076
18003730 0 0.01 33 32.9 -0.429736 0.420668 26.3482 -0.342771 0.336716 1.93076
18004087 0 0.01 33 32.9 0.469339 -0.34583 8.31263 0.119312 -0.0878903 1.93076
18004518 0 0.01 33 32.9 0.13782 -0.363928 10.5949 0.0455106 -0.112096 1.93076
18004938 0 0.01 33 32.9 -0.336055 -0.456467 53.4217 -0.544745 -0.741744 1.93076
18005718 0 0.01 33 32.9 0.406318 0.300248 29.9724 0.370992 0.275599 1.93076
18007973 0 0.01 33 32.9 0.391323 0.280917 24.7011 0.29638 0.213167 1.93076
18010161 0 0.01 33 32.9 -0.202936 0.408429 22.3332 -0.141396 0.273677 1.93076
18011352 0 0.01 33 32.9 -0.467826 0.063833 23.269 -0.331274 0.0486809 1.93076
18013377 0 0.01 33 32.9 0.263915 -0.40315 31.0882 0.250547 -0.382178 1.93076
18013708 0 0.01 33 32.9 0.421737 -0.0588299 30.2681 0.385941 -0.0520009 1.93076
18020376 0 0.01 33 32.9 0.340378 -0.221635 29.972 0.309069 -0.203769 1.93076
17004366 0 0.01 33 32.9 -0.299563 0.099776 26.284 -0.237893 0.0802935 1.93038
17004881 0 0.01 33 32.9 -0.122174 -0.185961 35.5408 -0.131522 -0.199492 1.93038
17004957 0 0.01 33 32.9 0.0545704 -0.0902134 29.2318 0.0450809 -0.0791703 1.93038
17004971 0 0.01 33 32.9 0.225041 0.0999834 28.4201 0.194582 0.0857067 1.93038
17006060 0 0.01 33 32.9 -0.411701 0.280154 26.1571 -0.322461 0.224903 1.93038
17007285 0 0.01 33 32.9 -0.485588 0.156612 33.424 -0.492359 0.161684 1.93038
17007928 0 0.01 33 32.9 0.099734 -0.0661863 31.2067 0.0957807 -0.0616385 1.93038
17008593 0 0.01 33 32.9 0.275572 0.054135 30.1799 0.251103 0.0464923 1.93038
17009560 0 0.01 33 32.9 -0.175339 0.352325 30.6859 -0.16106 0.33292 1.93038
17012793 0 0.01 33 32.9 -0.0476128 0.233305 29.6191 -0.0415636 0.213873 1.93038
17015504 0 0.01 33 32.9 0.45991 0.0529061 24.2352 0.337863 0.0413663 1.93038
17019167 0 0.01 33 32.9 0.44881 0.389192 22.5367 0.308279 0.265319 1.93038
17019608 0 0.01 33 32.9 -0.172423 0.383071 31.4674 -0.16305 0.367076 1.93038
17021569 0 0.01 33 32.9 0.109964 0.282179 20.6316 0.0639509 0.178819 1.93038
30000047 0 0.01 33 32.9 0.358237 -0.201677 27.8157 0.299681 -0.17211 1.93021
30000292 0 0.01 33 32.9 -0.259728 0.164065 26.4456 -0.21134 0.133856 1.93021
30001060 0 0.01 33 32.9 0.421751 0.376719 21.2792 0.2724 0.244262 1.93021
30004399 0 0.01 33 32.9 0.155793 -0.191666 20.2047 0.0984535 -0.117385 1.93021
30006893 0 0.01 33 32.9 -0.449329 -0.424971 27.4608 -0.376375 -0.353299 1.93021
30009406 0 0.01 33 32.9 0.236467 -0.393851 28.861 0.208256 -0.343761 1.93021
30011299 0 0.01 33 32.9 -0.180895 -0.0974918 31.5248 -0.174577 -0.0911472 1.93021
30011609 0 0.01 33 32.9 -0.110053 -0.0491377 20.1471 -0.0721786 -0.0232954 1.93021
30018404 0 0.01 33 32.9 0.40244 0.243734 31.8624 0.392733 0.236215 1.93021
30021517 0 0.01 33 32.9 0.119597 -0.275838 18.3133 0.0662263 -0.14933 1.93021
16002279 0 0.01 33 32.9 0.170452 0.384926 59.9217 0.311296 0.700905 1.92925
16004598 0 0.01 33 32.9 0.0878785 -0.130509 28.2947 0.0755994 -0.114948 1.92925
16005101 0 0.01 33 32.9 0.0624635 0.315173 19.384 0.0307395 0.18371 1.92925
16007213 0 0.01 33 32.9 0.30071 0.466042 31.6136 0.287589 0.448961 1.92925
16009082 0 0.01 33 32.9 0.241776 -0.0121255 44.9895 0.331788 -0.0154887 1.92925
16010217 0 0.01 33 32.9 -0.111896 -0.164816 20.2973 -0.0663838 -0.101901 1.92925
16013358 0 0.01 33 32.9 0.320876 0.249436 38.7766 0.378294 0.289864 1.92925
16016376 0 0.01 33 32.9 0.192032 0.402689 31.8477 0.183755 0.392879 1.92925
16019789 0 0.01 33 32.9 -0.220778 -0.0687398 67.3448 -0.454413 -0.139506 1.92925
15003669 0 0.01 33 32.9 0.291749 0.0334471 27.136 0.238947 0.0270572 1.9299
15007201 0 0.01 33 32.9 -0.0414266 -0.480231 31.1765 -0.0404663 -0.45215 1.9299
15007288 0 0.01 33 32.9 -0.0189477 -0.105981 19.9313 -0.00754964 -0.0613614 1.9299
15009069 0 0.01 33 32.9 0.328329 -0.370953 31.7908 0.31763 -0.359882 1.9299
15011659 0 0.01 33 32.9 -0.176237 -0.0512854 23.9262 -0.127201 -0.0364332 1.9299
15012551 0 0.01 33 32.9 -0.351146 0.11116 36.245 -0.386792 0.124664 1.9299
15013138 0 0.01 33 32.9 -0.0755168 0.17111 18.535 -0.0448844 0.0979709 1.9299
15014639 0 0.01 33 32.9 -0.10125 0.408996 25.8187 -0.0803961 0.321207 1.9299
15016217 0 0.01 33 32.9 -0.173235 0.453947 30.823 -0.162184 0.42435 1.9299
15016590 0 0.01 33 32.9 -0.204384 0.0377157 28.4541 -0.175325 0.0294518 1.9299
15016754 0 0.01 33 32.9 0.0755391 -0.107443 38.7453 0.0890986 -0.122958 1.9299
15016792 0 0.01 33 32.9 0.256329 -0.316947 31.2936 0.243976 -0.299436 1.9299
15019369 0 0.01 33 32.9 -0.299858 -0.146593 30.6975 -0.277603 -0.135224 1.9299
88000350 0 0.01 33 32.9 0.0923396 -0.42832 30.6687 0.0837927 -0.396607 1.93048
88001605 0 0.01 33 32.9 0.389002 0.0970495 29.248 0.346244 0.0913378 1.93048
88002142 0 0.01 33 32.9 0.324232 -0.282657 31.4559 0.308513 -0.268902 1.93048
88005472 0 0.01 33 32.9 -0.157867 0.498205 25.1541 -0.120176 0.379521 1.93048
88007508 0 0.01 33 32.9 0.0196946 -0.197463 21.1749 0.0129975 -0.129025 1.93048
88010844 0 0.01 33 32.9 0.0507601 0.0123897 46.2272 0.0689148 0.0158611 1.93048
88011032 0 0.01 33 32.9 -0.375847 0.328357 13.9349 -0.157267 0.134873 1.93048
88011289 0 0.01 33 32.9 -0.161629 -0.322233 30.7374 -0.151631 -0.299165 1.93048
88011953 0 0.01 33 32.9 -0.103601 0.125631 17.2055 -0.0535977 0.0599631 1.93048
88016892 0 0.01 33 32.9 -0.138859 0.271217 30.9192 -0.131839 0.255638 1.93048
88018383 0 0.01 33 32.9 0.206511 0.173025 31.4789 0.200029 0.166476 1.93048
88019226 0 0.01 33 32.9 -0.477631 0.44473 25.474 -0.367843 0.344982 1.93048
77000686 0 0.01 33 32.9 -0.381114 -0.32649 28.8479 -0.335779 -0.283019 1.92936
77001562 0 0.01 33 32.9 -0.0394661 0.470804 39.3422 -0.0454871 0.566195 1.92936
77003424 0 0.01 33 32.9 -0.288343 0.467667 29.1676 -0.253609 0.417367 1.92936
77003749 0 0.01 33 32.9 0.00673893 0.116705 39.9434 0.0073072 0.140068 1.92936
77008503 0 0.01 33 32.9 -0.116748 0.150882 23.3034 -0.0826635 0.106378 1.92936
77011667 0 0.01 33 32.9 0.321492 0.253497 26.4164 0.260029 0.205604 1.92936
77014428 0 0.01 33 32.9 -0.278211 0.12225 29.0905 -0.241956 0.108842 1.92936
77015077 0 0.01 33 32.9 -0.456 0.49797 19.5945 -0.271562 0.29405 1.92936
77016744 0 0.01 33 32.9 -0.443603 -0.0525189 30.6856 -0.414097 -0.0469535 1.92936
77017580 0 0.01 33 32.9 0.398979 0.326499 44.3167 0.538282 0.441995 1.92936
77018452 0 0.01 33 32.9 0.448428 -0.263361 30.6469 0.415988 -0.242436 1.92936
77018899 0 0.01 33 32.9 0.341087 -0.265029 22.8211 0.235976 -0.179639 1.92936
77020741 0 0.01 33 32.9 0.0858516 0.080863 11.3357 0.0315806 0.0284921 1.92936
76000396 0 0.01 33 32.9 -0.204329 -0.1768 32.293 -0.203677 -0.172278 1.93007
76000480 0 0.01 33 32.9 -0.368185 -0.110053 19.153 -0.213356 -0.0641217 1.93007
76000948 0 0.01 33 32.9 -0.101652 -0.423298 17.405 -0.0498807 -0.21664 1.93007
76001772 0 0.01 33 32.9 0.00902013 0.137563 27.3651 0.0079136 0.115668 1.93007
76001813 0 0.01 33 32.9 -0.0135501 -0.293847 9.28294 -0.00400456 -0.0831468 1.93007
76004053 0 0.01 33 32.9 -0.0486311 0.0401654 34.0178 -0.0488803 0.0423976 1.93007
76008671 0 0.01 33 32.9 0.45818 -0.439748 39.8444 0.552424 -0.53167 1.93007
76011095 0 0.01 33 32.9 0.319812 -0.258337 28.5606 0.278813 -0.227195 1.93007
76011867 0 0.01 33.0001 32.9 -0.0407795 -0.499725 45.4084 -0.0553119 -0.68848 1.93007
76013816 0 0.01 33 32.9 -0.387947 0.416778 17.8197 -0.212086 0.228987 1.93007
76013830 0 0.01 33 32.9 -0.46023 -0.348486 20.9234 -0.295305 -0.215539 1.93007
76015062 0 0.01 33 32.9 0.144948 -0.0181083 30.3712 0.131839 -0.0178054 1.93007
76017851 0 0.01 33 32.9 -0.24286 0.245303 31.3579 -0.230505 0.236259 1.93007
76019967 0 0.01 33 32.9 0.308306 -0.145965 19.7364 0.18419 -0.0922875 1.93007
6002388 0 0.01 33 32.9 -0.231293 0.310524 43.5565 -0.303695 0.409552 1.92935
6003298 0 0.01 33 32.9 0.325601 0.115134 28.3655 0.281756 0.100834 1.92935
6003417 0 0.01 33 32.9 0.100285 -0.322259 26.5856 0.0862428 -0.260251 1.92935
6003811 0 0.01 33 32.9 0.264184 -0.121758 21.9228 0.175599 -0.0809153 1.92935
6006929 0 0.01 33 32.9 -0.218334 -0.264366 24.5593 -0.159408 -0.199049 1.92935
6007354 0 0.01 33 32.9 -0.38962 0.473771 14.3005 -0.163876 0.207934 1.92935
6010059 0 0.01 33 32.9 0.427614 -0.27104 19.4088 0.251805 -0.157048 1.92935
6012326 0 0.01 33 32.9 0.0435101 -0.133512 27.9275 0.0373951 -0.114185 1.92935
6015511 0 0.01 33 32.9 0.272578 0.0617491 25.8103 0.211651 0.0484581 1.92935
6017048 0 0.01 33 32.9 -0.436357 -0.344166 51.7808 -0.687845 -0.54026 1.92935
6020299 0 0.01 33 32.9 -0.411242 0.198638 29.5491 -0.369061 0.180728 1.92935
78000296 0 0.01 33 32.9 -0.24755 -0.168528 48.8101 -0.366594 -0.251407 1.92985
78000700 0 0.01 33 32.9 0.0953893 -0.242326 16.3475 0.0503657 -0.120781 1.92985
78002375 0 0.01 33 32.9 -0.167922 0.349144 31.3782 -0.159743 0.333535 1.92985
78004131 0 0.01 33 32.9 -0.236805 0.426223 10.7859 -0.0788458 0.138697 1.92985
78005214 0 0.01 33 32.9 0.441844 -0.373292 15.5242 0.211488 -0.178918 1.92985
78005339 0 0.01 33 32.9 -0.0172407 -0.325497 29.7683 -0.0094667 -0.292739 1.92985
78008951 0 0.01 33 32.9 -0.305254 0.494837 41.9559 -0.388399 0.63352 1.92985
78010453 0 0.01 33 32.9 0.3627 -0.0117462 27.0583 0.299334 -0.00774054 1.92985
78010877 0 0.01 33 32.9 -0.380695 -0.220534 32.1314 -0.37294 -0.214841 1.92985
78013512 0 0.01 33 32.9 0.235868 -0.243111 15.3791 0.112379 -0.115278 1.92985
78014640 0 0.01 33 32.9 -0.459312 -0.0769385 43.6665 -0.609865 -0.100777 1.92985
78014797 0 0.01 33 32.9 0.339907 -0.15846 24.3518 0.251537 -0.121219 1.92985
78016373 0 0.01 33 32.9 -0.103227 -0.441403 15.0066 -0.0479078 -0.207575 1.92985
78021125 0 0.01 33 32.9 -0.0222888 0.287135 31.9741 -0.0232734 0.281656 1.92985
75002284 0 0.01 33 32.9 0.136283 0.100471 17.0911 0.0738447 0.0545114 1.93022
75004583 0 0.01 33 32.9 0.0929129 -0.249411 33.0576 0.0942035 -0.248585 1.93022
75009075 0 0.01 33 32.9 -0.142373 -0.225367 31.0301 -0.13348 -0.211903 1.93022
75009525 0 0.01 33 32.9 -0.148489 -0.298397 29.7614 -0.132845 -0.266825 1.93022
75010765 0 0.01 33 32.9 0.366004 0.497722 31.2387 0.346771 0.47557 1.93022
75010879 0 0.01 33 32.9 -0.0622726 0.30671 17.6585 -0.0368324 0.1634 1.93022
75011373 0 0.01 33 32.9 -0.489712 0.32485 25.1159 -0.375753 0.247354 1.93022
75012623 0 0.01 33 32.9 0.42125 -0.0642587 14.7466 0.195109 -0.0323431 1.93022
75021322 0 0.01 33 32.9 0.11012 -0.136646 29.7828 0.102571 -0.12085 1.93022
38001040 0 0.01 33 32.9 -0.144851 -0.341693 25.7382 -0.113512 -0.268279 1.92948
38001306 0 0.01 33 32.9 -0.164671 -0.243251 31.6561 -0.158275 -0.23506 1.92948
38003254 0 0.01 33 32.9 0.0502499 -0.479884 29.138 0.0441179 -0.425407 1.92948
38005354 0 0.01 33 32.9 0.00422402 0.249074 14.6147 -0.000538076 0.119486 1.92948
38005742 0 0.01 33 32.9 -0.39695 -0.114588 19.7652 -0.235645 -0.0690676 1.92948
38007156 0 0.01 33 32.9 0.319653 -0.103816 28.6187 0.277602 -0.0909286 1.92948
38008177 0 0.01 33 32.9 -0.296195 0.205985 29.0402 -0.261319 0.186081 1.92948
38010347 0 0.01 33 32.9 -0.0770988 -0.310977 15.7422 -0.0349339 -0.14734 1.92948
38010753 0 0.01 33 32.9 -0.0277106 0.305451 41.0289 -0.0346153 0.379106 1.92948
38012255 0 0.01 33 32.9 0.294508 0.460607 29.5732 0.26312 0.414792 1.92948
38012721 0 0.01 33 32.9 -0.346768 -0.354961 25.112 -0.262501 -0.268162 1.92948
38015805 0 0.01 33 32.9 -0.493452 0.271975 61.3254 -0.918722 0.50833 1.92948
38016820 0 0.01 33 32.9 -0.124816 0.0464547 31.8709 -0.120663 0.0450214 1.92948
38017564 0 0.01 33 32.9 0.173128 0.307919 27.3096 0.144271 0.253575 1.92948
38018239 0 0.01 33 32.9 -0.381418 -0.0332815 37.8304 -0.440727 -0.0403029 1.92948
38019148 0 0.01 33 32.9 0.352026 0.177957 32.7377 0.349787 0.177965 1.92948
38019956 0 0.01 33 32.9 0.496298 -0.434175 19.8646 0.300854 -0.262885 1.92948
74000799 0 0.01 33 32.9 0.476693 -0.150059 32.744 0.473918 -0.148591 1.92917
74002881 0 0.01 33 32.9 -0.296767 0.487275 30.3661 -0.276594 0.450986 1.92917
74002919 0 0.01 33 32.9 0.400788 0.0148059 29.3259 0.358043 0.0132464 1.92917
74003102 0 0.01 33 32.9 -0.076146 0.335131 17.7355 -0.0393378 0.183824 1.92917
74003966 0 0.01 33 32.9 -0.300786 0.464886 45.5106 -0.413168 0.643506 1.92917
74005682 0 0.01 33 32.9 0.358281 0.404968 52.7182 0.57506 0.652194 1.92917
74006174 0 0.01 33 32.9 -0.409322 0.348264 8.93273 -0.111887 0.0842272 1.92917
74006773 0 0.01 33 32.9 -0.227118 -0.45176 22.7688 -0.156403 -0.314094 1.92917
74007927 0 0.01 33 32.9 0.107059 -0.197572 24.6304 0.0820105 -0.146962 1.92917
74009818 0 0.01 33 32.9 0.0835379 0.497979 24.2149 0.0614542 0.368755 1.92917
74013884 0 0.01 33 32.9 -0.0733499 0.286729 18.1934 -0.0419064 0.156242 1.92917
74014138 0 0.01 33 32.9 -0.163996 0.163397 31.3291 -0.158238 0.153234 1.92917
74017349 0 0.01 33 32.9 0.431528 -0.181685 49.4599 0.647004 -0.274433 1.92917
74017741 0 0.01 33 32.9 0.188489 0.431134 24.3395 0.139616 0.322464 1.92917
74018626 0 0.01 33 32.9 0.00184588 0.31877 22.3595 -3.45645e-05 0.218659 1.92917
74018923 0 0.01 33 32.9 -0.124502 -0.0220551 20.8413 -0.0817054 -0.0117679 1.92917
74020270 0 0.01 33 32.9 0.239328 -0.152332 31.8205 0.229747 -0.149272 1.92917
74020718 0 0.01 33 32.9 -0.487959 -0.164549 28.6604 -0.422267 -0.144012 1.92917
87001142 0 0.01 33 32.9 0.498654 -0.292974 21.4371 0.325145 -0.192925 1.93072
87001952 0 0.01 33 32.9 -0.053481 0.276563 19.9208 -0.0321333 0.167688 1.93072
87002726 0 0.01 33 32.9 0.302463 0.273122 6.15487 0.0498969 0.0515815 1.93072
87003771 0 0.01 33 32.9 0.338 -0.329963 30.2299 0.30966 -0.301516 1.93072
87006641 0 0.01 33 32.9 0.495006 -0.111982 12.5074 0.189382 -0.037924 1.93072
87006668 0 0.01 33 32.9 0.172832 0.242155 25.2467 0.130781 0.189821 1.93072
87012253 0 0.01 33 32.9 0.0709946 -0.451958 10.9367 0.0265743 -0.151026 1.93072
87013070 0 0.01 33 32.9 -0.431114 0.3132 45.0174 -0.589451 0.428591 1.93072
87015652 0 0.01 33 32.9 -0.388751 -0.0358329 21.3424 -0.251211 -0.0272045 1.93072
87016035 0 0.01 33 32.9 -0.41897 0.376557 27.2677 -0.348068 0.315388 1.93072
87017282 0 0.01 33 32.9 -0.411826 0.183617 30.8874 -0.385687 0.175819 1.93072
87017457 0 0.01 33 32.9 -0.349788 -0.304628 29.7198 -0.3157 -0.275817 1.93072
72002834 0 0.01 33 32.9 -0.0187129 0.149565 35.8594 -0.0202595 0.166174 1.92977
72004781 0 0.01 33 32.9 -0.291543 -0.146496 29.8795 -0.263376 -0.129816 1.92977
72006614 0 0.01 33 32.9 -0.268505 0.497905 26.7347 -0.220325 0.404155 1.92977
72007593 0 0.01 33 32.9 -0.171905 -0.126938 14.6237 -0.0737265 -0.0582808 1.92977
72007872 0 0.01 33 32.9 -0.0284908 0.352398 31.7318 -0.0274927 0.344718 1.92977
72008515 0 0.01 33 32.9 -0.323334 0.415833 18.618 -0.178769 0.235376 1.92977
72011312 0 0.01 33 32.9 0.230588 0.0522935 30.5009 0.213441 0.0523593 1.92977
72012495 0 0.01 33 32.9 0.172455 -0.352973 19.5155 0.103685 -0.215839 1.92977
72013278 0 0.01 33 32.9 0.235105 0.104691 28.7107 0.205449 0.0934242 1.92977
72018213 0 0.01 33 32.9 -0.196738 0.0787669 29.7259 -0.178863 0.0692109 1.92977
72019158 0 0.01 33 32.9 0.30952 0.493697 35.9375 0.337802 0.539454 1.92977
72019903 0 0.01 33 32.9 0.199546 -0.325348 28.6166 0.174779 -0.282059 1.92977
72020859 0 0.01 33 32.9 -0.393562 -0.444823 28.3747 -0.34011 -0.380946 1.92977
72021809 0 0.01 33 32.9 -0.0904512 -0.152144 16.7376 -0.047799 -0.0736699 1.92977
71004579 0 0.01 33 32.9 -0.0333008 -0.454073 31.7502 -0.0319434 -0.437344 1.93023
71005079 0 0.01 33 32.9 0.227174 0.374161 16.586 0.114584 0.191031 1.93023
71008674 0 0.01 33 32.9 -0.0646667 0.496418 31.1757 -0.0598334 0.469286 1.93023
71011070 0 0.01 33 32.9 0.119046 0.0544142 59.1461 0.213365 0.0999494 1.93023
71011370 0 0.01 33 32.9 -0.0228493 0.129811 57.1254 -0.0393836 0.224432 1.93023
71011496 0 0.01 33 32.9 0.404708 -0.217197 42.1721 0.516256 -0.275568 1.93023
71013442 0 0.01 33 32.9 0.0106572 -0.437805 23.6278 0.00834862 -0.313239 1.93023
71014823 0 0.01 33 32.9 -0.299962 -0.294224 51.6287 -0.470839 -0.461105 1.93023
71015579 0 0.01 33 32.9 -0.424213 -0.234329 27.5041 -0.351904 -0.196737 1.93023
71017760 0 0.01 33 32.9 0.241947 0.25089 21.2773 0.159579 0.165035 1.93023
71019885 0 0.01 33 32.9 0.408951 0.0772994 26.041 0.32676 0.0632909 1.93023
85000242 0 0.01 33 32.9 -0.404798 0.229467 77.708 -0.956154 0.541966 1.93018
85002971 0 0.01 33 32.9 0.361211 0.449181 31.6813 0.345121 0.433517 1.93018
85003448 0 0.01 33 32.9 -0.428741 0.397712 27.0112 -0.350739 0.326259 1.93018
85004333 0 0.01 33 32.9 -0.392705 -0.376969 27.4284 -0.329035 -0.31104 1.93018
85004689 0 0.01 33 32.9 -0.444834 0.364803 20.6991 -0.273834 0.228936 1.93018
85007466 0 0.01 33 32.9 0.153678 -0.458344 33.4787 0.156095 -0.466682 1.93018
85007521 0 0.01 33 32.9 0.0705808 0.104177 49.2284 0.106848 0.156608 1.93018
85007903 0 0.01 33 32.9 0.122251 -0.0582193 42.9158 0.161477 -0.0746562 1.93018
85008869 0 0.01 33 32.9 0.303064 -0.444491 32.0026 0.293844 -0.430719 1.93018
85010875 0 0.01 33 32.9 0.38429 -0.345623 30.5946 0.359688 -0.315466 1.93018
85015297 0 0.01 33 32.9 0.14502 -0.0464551 40.845 0.181238 -0.0588424 1.93018
85016355 0 0.01 33 32.9 0.0566021 0.164535 21.3254 0.036007 0.105333 1.93018
85017926 0 0.01 33 32.9 -0.142021 -0.0959834 26.2095 -0.110196 -0.0759593 1.93018
85018052 0 0.01 33 32.9 0.148241 0.455473 43.3288 0.195025 0.60363 1.93018
85019273 0 0.01 33 32.9 0.015718 -0.0773396 24.0035 0.00975698 -0.0578637 1.93018
2005282 0 0.01 33 32.9 0.454042 -0.20647 35.8108 0.492115 -0.223802 1.93024
2007381 0 0.01 33 32.9 0.0281881 -0.0951512 6.61527 0.0125578 -0.0185931 1.93024
2008227 0 0.01 33 32.9 -0.129003 0.23297 25.8574 -0.102506 0.185025 1.93024
2017781 0 0.01 33 32.9 -0.189107 0.147174 30.8506 -0.177657 0.135626 1.93024
84000794 0 0.01 33 32.9 0.139693 -0.421369 14.2039 0.0577923 -0.180601 1.92954
84002555 0 0.01 33 32.9 0.0118869 0.441794 28.9723 0.010476 0.389863 1.92954
84008701 0 0.01 33 32.9 0.358664 0.0114594 33.3948 0.362027 0.0153107 1.92954
84009363 0 0.01 33 32.9 -0.464932 -0.110895 25.8036 -0.363493 -0.0852057 1.92954
84013681 0 0.01 33 32.9 0.309832 -0.461302 16.4528 0.154485 -0.232965 1.92954
84015269 0 0.01 33 32.9 0.468881 0.388474 29.615 0.426219 0.353511 1.92954
84015302 0 0.01 33 32.9 -0.197178 -0.495838 17.603 -0.109117 -0.266175 1.92954
84019071 0 0.01 33 32.9 0.153537 -0.0264415 29.312 0.135107 -0.0265249 1.92954
84019719 0 0.01 33 32.9 -0.15447 -0.00227116 31.7569 -0.151801 -0.00198961 1.92954
32000311 0 0.01 33 32.9 -0.423189 0.389325 30.3718 -0.388373 0.358613 1.93044
32000891 0 0.01 33 32.9 0.111987 -0.246392 34.4026 0.115363 -0.256248 1.93044
32002750 0 0.01 33 32.9 -0.341709 -0.235856 23.734 -0.248649 -0.16757 1.93044
32005469 0 0.01 33 32.9 -0.227944 -0.272924 19.1998 -0.132588 -0.158402 1.93044
32006779 0 0.01 33 32.9 0.3463 0.387813 28.1083 0.292645 0.333138 1.93044
32012238 0 0.01 33 32.9 -0.39211 -0.205363 25.7014 -0.306254 -0.161413 1.93044
32013551 0 0.01 33 32.9 -0.190145 -0.376999 25.6014 -0.150026 -0.291553 1.93044
32013585 0 0.01 33 32.9 0.326581 0.432843 29.3197 0.287952 0.386464 1.93044
32014080 0 0.01 33 32.9 -0.382715 -0.370999 28.3084 -0.331025 -0.315686 1.93044
32015262 0 0.01 33 32.9 -0.318036 0.384699 12.0131 -0.113342 0.146026 1.93044
32016552 0 0.01 33 32.9 -0.439763 0.261668 29.6994 -0.395669 0.237524 1.93044
32017776 0 0.01 33 32.9 -0.497104 -0.495822 27.0603 -0.408342 -0.40361 1.93044
32019541 0 0.01 33 32.9 -0.117773 -0.402041 22.0712 -0.0796833 -0.268626 1.93044
70011975 0 0.01 33 32.9 -0.024381 -0.147915 29.6593 -0.0236758 -0.131832 1.9299
70012739 0 0.01 33 32.9 0.43146 -0.0756779 22.7726 0.300448 -0.047591 1.9299
70012939 0 0.01 33 32.9 -0.395207 0.381157 24.1019 -0.292217 0.2798 1.9299
70019239 0 0.01 33 32.9 0.345486 0.472124 20.4206 0.21508 0.295739 1.9299
70020175 0 0.01 33 32.9 -0.171432 -0.0133016 32.3031 -0.166928 -0.0126006 1.9299
70020621 0 0.01 33 32.9 0.073655 0.0418791 32.7349 0.0714287 0.0440568 1.9299
83000368 0 0.01 33 32.9 -0.310702 -0.0598797 32.1109 -0.302076 -0.0598191 1.93038
83003272 0 0.01 33 32.9 0.0972509 -0.336108 21.8702 0.0640346 -0.222707 1.93038
83003548 0 0.01 33 32.9 0.314383 0.322714 30.1317 0.289052 0.297206 1.93038
83004269 0 0.01 33 32.9 -0.299192 -0.229096 9.46777 -0.0759942 -0.0665394 1.93038
83005137 0 0.01 33 32.9 0.451287 0.354811 23.6483 0.325507 0.256938 1.93038
83005596 0 0.01 33 32.9 -0.37851 0.279194 32.4137 -0.375319 0.274294 1.93038
83007603 0 0.01 33 32.9 0.123534 0.272462 22.7838 0.0907536 0.190502 1.93038
83008056 0 0.01 33 32.9 0.486951 -0.309543 42.9062 0.635992 -0.399691 1.93038
83009584 0 0.01 33 32.9 -0.284814 0.287062 29.7542 -0.258271 0.260669 1.93038
83011228 0 0.01 33 32.9 0.221484 0.0348509 8.62611 0.0574194 0.00707067 1.93038
83012662 0 0.01 33 32.9 0.296494 0.149952 48.2908 0.432915 0.219161 1.93038
83014946 0 0.01 33 32.9 -0.180363 0.246947 30.6344 -0.165569 0.230412 1.93038
83020267 0 0.01 33 32.9 0.0664331 0.320613 15.9606 0.026757 0.160026 1.93038
83020346 0 0.01 33 32.9 -0.275508 -0.293712 30.1645 -0.254972 -0.269169 1.93038
83020579 0 0.01 33 32.9 0.19461 -0.164628 11.5437 0.0662622 -0.0566088 1.93038
69000223 0 0.01 33 32.9 0.46138 0.193137 24.8291 0.350183 0.141345 1.93031
69003187 0 0.01 33 32.9 -0.0099014 -0.0230819 32.682 -0.010227 -0.0177686 1.93031
69003628 0 0.01 33 32.9 -0.10702 -0.144825 21.2122 -0.0714548 -0.093433 1.93031
69004652 0 0.01 33 32.9 -0.347799 0.0400935 35.5893 -0.374966 0.0440281 1.93031
69008609 0 0.01 33 32.9 -0.0252409 0.347646 50.0864 -0.0393846 0.530809 1.93031
69011037 0 0.01 33 32.9 -0.417562 -0.473241 23.889 -0.300911 -0.341736 1.93031
69013509 0 0.01 33 32.9 0.308244 -0.0353699 35.8036 0.334287 -0.0368885 1.93031
69014944 0 0.01 33 32.9 0.463837 0.374361 27.9734 0.392385 0.318584 1.93031
69016164 0 0.01 33 32.9 -0.42658 -0.454229 20.7612 -0.269135 -0.28924 1.93031
69019307 0 0.01 33 32.9 0.293222 0.176042 24.372 0.216712 0.131057 1.93031
69019610 0 0.01 33 32.9 -0.219916 -0.467443 28.2601 -0.193502 -0.402315 1.93031
69021924 0 0.01 33.0001 32.9 0.106014 -0.0484785 71.9686 0.235219 -0.103681 1.93031
37002320 0 0.01 33 32.9 -0.363007 0.216444 34.7541 -0.382975 0.232078 1.9293
37002888 0 0.01 33 32.9 0.0705925 -0.30199 26.9922 0.0583808 -0.244271 1.9293
37004300 0 0.01 33 32.9 -0.178943 -0.374618 20.9154 -0.113838 -0.238237 1.9293
37004515 0 0.01 33 32.9 -0.360928 0.26852 23.3952 -0.255952 0.192959 1.9293
37007126 0 0.01 33 32.9 0.259865 -0.315944 9.09828 0.0668124 -0.0748021 1.9293
37008687 0 0.01 33 32.9 -0.436603 0.170284 33.7443 -0.450886 0.173439 1.9293
37008713 0 0.01 33 32.9 0.0293332 -0.497712 32.1206 0.028434 -0.484581 1.9293
37009426 0 0.01 33 32.9 -0.398507 -0.3543 38.6837 -0.469964 -0.414875 1.9293
37013078 0 0.01 33 32.9 -0.150526 -0.358036 27.9429 -0.127907 -0.303408 1.9293
37014990 0 0.01 33 32.9 0.254166 -0.464824 26.4622 0.206099 -0.37444 1.9293
37015072 0 0.01 33 32.9 0.206066 0.366367 27.65 0.174424 0.312185 1.9293
37016710 0 0.01 33 32.9 0.101018 -0.0897016 31.3874 0.0969822 -0.085867 1.9293
37019185 0 0.01 33 32.9 -0.180834 0.202736 28.4895 -0.158533 0.178642 1.9293
39001832 0 0.01 33 32.9 0.0598673 -0.0958522 33.8895 0.061882 -0.0972816 1.92887
39002384 0 0.01 33 32.9 -0.232128 0.182057 20.455 -0.138995 0.110852 1.92887
39005526 0 0.01 33 32.9 -0.103499 -0.316448 34.6845 -0.109722 -0.333501 1.92887
39005631 0 0.01 33 32.9 0.0425546 -0.187268 15.6267 0.0255775 -0.0887579 1.92887
39013829 0 0.01 33 32.9 0.280328 0.241549 32.3995 0.275824 0.235752 1.92887
39014055 0 0.01 33 32.9 -0.155572 0.0639832 64.6453 -0.308125 0.128544 1.92887
39016414 0 0.01 33 32.9 0.302298 0.476529 23.8105 0.222285 0.342284 1.92887
39017767 0 0.01 33 32.9 -0.271764 -0.350474 84.6453 -0.700927 -0.899553 1.92887
39020411 0 0.01 33 32.9 0.487712 0.21575 28.7017 0.427254 0.187936 1.92887
39021246 0 0.01 33 32.9 0.383661 0.282892 32.3583 0.377257 0.280025 1.92887
31006584 0 0.01 33 32.9 0.426076 0.178184 29.6052 0.381257 0.164918 1.93128
31007015 0 0.01 33 32.9 -0.0841113 -0.100014 70.6428 -0.181945 -0.214674 1.93128
31007762 0 0.01 33 32.9 -0.328924 0.0654249 6.53372 -0.0674576 0.0145734 1.93128
31008152 0 0.01 33 32.9 -0.336244 0.468314 31.186 -0.320968 0.444586 1.93128
31008480 0 0.01 33 32.9 -0.330295 0.021486 81.6014 -0.819256 0.0531757 1.93128
31010019 0 0.01 33 32.9 -0.269272 0.378785 21.5297 -0.173469 0.250201 1.93128
31011270 0 0.01 33 32.9 -0.234562 -0.384742 12.2688 -0.0909989 -0.144711 1.93128
31011907 0 0.01 33 32.9 -0.432821 0.00783097 31.6917 -0.417946 0.0102175 1.93128
31013385 0 0.01 33 32.9 0.093264 0.0417036 51.3698 0.145383 0.064582 1.93128
31013790 0 0.01 33 32.9 -0.392195 0.0319053 28.0058 -0.335365 0.031885 1.93128
31014873 0 0.01 33 32.9 -0.147953 -0.196328 21.5954 -0.0931606 -0.12901 1.93128
31016640 0 0.01 33 32.9 -0.143817 -0.136412 20.2624 -0.0924656 -0.087364 1.93128
31016712 0 0.01 33 32.9 0.163249 -0.348911 41.3346 0.205918 -0.437342 1.93128
31021031 0 0.01 33 32.9 0.495698 0.45537 25.8714 0.390297 0.356824 1.93128
31021084 0 0.01 33 32.9 -0.192443 0.14298 20.9145 -0.118837 0.0892689 1.93128
