717 12 0.01 0.35 32.9 0.120852 -0.347004 1.16827 0.00425542 -0.0131133 658.588
3216 12 0.01 0.35 32.9 0.0765779 -0.314569 1.21754 0.00197152 -0.0111997 683.015
4970 12 0.01 0.35 32.9 0.147069 0.200479 1.3198 0.00647153 0.00830556 717.253
5355 12 0.01 0.35 32.9 -0.37656 0.347743 1.57344 -0.0190014 0.0144882 655.032
5711 12 0.01 0.35 32.9 0.309356 -0.0332469 1.14958 0.0104198 -0.00279971 698.319
5987 12 0.01 0.35 32.9 -0.472766 0.229883 1.67917 -0.0254504 0.0139277 606.586
6596 12 0.01 0.35 32.9 -0.278096 0.495072 1.72363 -0.0129816 0.0264285 659.869
7295 12 0.01 0.35 32.9 0.25292 0.221714 6.04656 0.0459676 0.0418033 602.742
7829 12 0.01 0.35 32.9 0.0250271 -0.477875 0.749291 -0.00033906 -0.0118609 607.471
8191 12 0.01 0.35 32.9 -0.0663689 0.0285674 1.12096 -0.00264617 0.00282453 650.207
8676 12 0.01 0.35 32.9 0.149602 0.368057 3.78769 0.0164276 0.0437395 641.555
10573 12 0.01 0.35 32.9 -0.490761 0.475648 0.942661 -0.016252 0.00906698 703.052
11090 12 0.01 0.35 32.9 0.343998 0.072163 0.721819 0.0075921 0.00151683 682.488
13196 12 0.01 0.35 32.9 0.289429 0.0133056 2.99108 0.027248 0.00152393 676.739
14843 12 0.01 0.35 32.9 -0.347056 -0.0270832 4.73519 -0.0508328 -0.00208517 632.073
19219 12 0.01 0.35 32.9 0.120052 -0.014958 2.46316 0.0114941 -0.00113616 694.909
19298 12 0.01 0.35 32.9 -0.0535402 0.0276357 1.00825 -0.000940967 0.00202055 678.89
19387 12 0.01 0.35 32.9 -0.139288 -0.239099 1.9953 -0.00944334 -0.0155048 703.381
20426 12 0.01 0.35 32.9 -0.000485953 0.479362 1.97929 0.00117066 0.0298311 624.652
21445 12 0.01 0.35 32.9 0.0578476 0.324773 1.93951 0.0054391 0.0196566 664.203
22208 12 0.01 0.35 32.9 0.105973 -0.208012 2.27122 0.00915545 -0.0143016 619.67
22558 12 0.01 0.35 32.9 0.295375 0.384915 1.04566 0.0109006 0.0125241 663.036
23189 12 0.01 0.35 32.9 -0.330736 0.373521 3.35991 -0.030168 0.0374401 649.579
23776 12 0.01 0.35 32.9 -0.457159 0.437874 4.29872 -0.0578578 0.0553523 633.549
24635 12 0.01 0.35 32.9 0.119347 0.0534531 4.5855 0.0169631 0.00987492 628.75
26909 12 0.01 0.35 32.9 0.389618 -0.195442 2.16117 0.026039 -0.0115637 686.71
27312 12 0.01 0.35 32.9 -0.0866792 -0.110548 1.87484 -0.00625914 -0.00633108 609.712
27403 12 0.01 0.35 32.9 -0.301726 0.49944 1.16448 -0.0113649 0.0186102 651.064
27795 12 0.01 0.35 32.9 -0.222067 0.245399 2.53575 -0.0186925 0.0195066 615.896
29025 12 0.01 0.35 32.9 -0.256968 -0.152068 5.26597 -0.0390641 -0.0219462 623.683
29136 12 0.01 0.35 32.9 0.33836 0.287831 6.01167 0.0607287 0.0507777 617.808
29439 12 0.01 0.35 32.9 0.374765 -0.0485787 1.87798 0.0207875 -0.00214618 687.278
29903 12 0.01 0.35 32.9 -0.263851 0.449925 1.12027 -0.00968813 0.0155702 681.734
30312 12 0.01 0.35 32.9 -0.0468261 0.313534 4.72297 -0.0069089 0.0452017 605.403
30363 12 0.01 0.35 32.9 0.435128 0.127901 2.33035 0.0306296 0.00927639 703.173
31018 12 0.01 0.35 32.9 -0.266554 -0.304125 1.42314 -0.0136694 -0.0118415 633.748
31193 12 0.01 0.35 32.9 -0.307084 0.432451 1.10539 -0.00754997 0.0138205 675.41
31535 12 0.01 0.35 32.9 0.174213 0.395134 2.85052 0.0157236 0.0307129 641.841
31573 12 0.01 0.35 32.9 -0.33726 -0.486391 6.16891 -0.0654084 -0.0900461 610.456
31716 12 0.01 0.35 32.9 0.44155 0.344955 3.43739 0.0480761 0.0381804 664.449
33412 12 0.01 0.35 32.9 0.152427 0.413505 1.31248 0.007271 0.0172829 714.847
33662 12 0.01 0.35 32.9 0.369368 0.00483888 2.06793 0.0255345 -0.000174016 704.426
34132 12 0.01 0.35 32.9 0.342447 0.151942 2.57536 0.0274799 0.00982227 654.32
34887 12 0.01 0.35 32.9 0.146424 -0.216354 3.98127 0.0168504 -0.0241292 650.758
35680 12 0.01 0.35 32.9 -0.361836 0.451122 1.62573 -0.0198908 0.0209906 696.862
36230 12 0.01 0.35 32.9 0.496295 0.149987 0.928246 0.0132901 0.00429901 670.586
38020 12 0.01 0.35 32.9 0.119381 -0.450871 1.44556 0.0064295 -0.0186509 603.799
38576 12 0.01 0.35 32.9 -0.436329 -0.162616 3.16501 -0.0419717 -0.0144391 645.736
38577 12 0.01 0.35 32.9 0.405983 -0.0836089 1.80821 0.0229263 -0.00419149 722.099
41072 12 0.01 0.35 32.9 -0.216655 -0.0472006 5.27469 -0.0356384 -0.00664284 612.162
41840 12 0.01 0.35 32.9 -0.370493 0.00296815 2.68224 -0.0316805 -0.000614353 647.951
42885 12 0.01 0.35 32.9 0.0101353 -0.391051 5.82356 0.00127348 -0.0690999 621.164
43443 12 0.01 0.35 32.9 0.254556 -0.396077 3.53724 0.0271245 -0.0422389 653.343
43937 12 0.01 0.35 32.9 -0.49235 0.306402 2.23689 -0.03155 0.0201158 673.417
45970 12 0.01 0.35 32.9 -0.364966 -0.239867 0.91599 -0.00813525 -0.00778653 664.569
46352 12 0.01 0.35 32.9 0.369 0.130586 0.980475 0.00857036 0.00344444 686.363
47774 12 0.01 0.35 32.9 -0.063301 0.360407 1.12821 0.000197818 0.0143561 691.852
47797 12 0.01 0.35 32.9 0.282872 0.329005 1.8159 0.015658 0.0204384 692.28
47959 12 0.01 0.35 32.9 -0.499832 0.447806 1.97753 -0.029975 0.0244831 672.475
49863 12 0.01 0.35 32.9 0.0176513 -0.347831 1.45018 0.00113605 -0.0138153 623.211
49995 12 0.01 0.35 32.9 -0.245359 -0.449601 3.17081 -0.019871 -0.0468297 684.016
50207 12 0.01 0.35 32.9 0.174375 0.439757 1.83587 0.0077331 0.0284609 674.009
52839 12 0.01 0.35 32.9 0.407177 -0.473024 7.20195 0.0865064 -0.103828 603.687
52946 12 0.01 0.35 32.9 -0.0555759 0.266881 2.7708 -0.00627404 0.0227373 656.768
54543 12 0.01 0.35 32.9 -0.306831 -0.00874436 2.75596 -0.0264708 0.00194459 699.403
55173 12 0.01 0.35 32.9 -0.123651 -0.375242 1.71647 -0.0063328 -0.0182414 657.038
55626 12 0.01 0.35 32.9 0.179704 -0.0456494 2.46222 0.0113765 -0.00453994 615.776
57607 12 0.01 0.35 32.9 0.155411 -0.197928 2.91514 0.0144317 -0.0158495 617.499
58430 12 0.01 0.35 32.9 -0.1383 0.0227712 5.60796 -0.0223733 0.00342456 610.798
61587 12 0.01 0.35 32.9 0.483496 -0.0644748 1.34438 0.0217167 -0.00203115 717.622
62061 12 0.01 0.35 32.9 0.379217 0.145083 3.13276 0.0362538 0.0145433 665.645
62941 12 0.01 0.35 32.9 -0.422397 0.260611 1.2182 -0.0165182 0.0107639 631.588
63291 12 0.01 0.35 32.9 0.295355 -0.0708182 5.16171 0.0468123 -0.0100212 626.355
63694 12 0.01 0.35 32.9 0.395094 0.347844 0.667758 0.00859381 0.0111275 629.329
64819 12 0.01 0.35 32.9 0.0715992 0.418865 1.7727 0.002294 0.0223525 680.713
66596 12 0.01 0.35 32.9 0.425588 -0.37152 1.83728 0.0271449 -0.0228774 669.649
66715 12 0.01 0.35 32.9 0.130832 0.422839 1.54225 0.00549274 0.0234199 701.803
67769 12 0.01 0.35 32.9 0.0464998 -0.111871 2.04181 0.0028786 -0.00739914 728.328
69049 12 0.01 0.35 32.9 0.377531 -0.302854 3.07696 0.0356705 -0.030431 653.652
72907 12 0.01 0.35 32.9 -0.461923 -0.347544 2.16883 -0.0299591 -0.0227423 672.915
78282 12 0.01 0.35 32.9 0.250068 0.100105 3.47241 0.0251243 0.0115281 619.001
78471 12 0.01 0.35 32.9 -0.15685 0.133741 2.90826 -0.0110627 0.0118167 685.997
79567 12 0.01 0.35 32.9 0.32058 0.122164 0.995542 0.00985413 0.0058355 618.585
79709 12 0.01 0.35 32.9 -0.163779 0.43394 0.930693 -0.00598491 0.0125311 630.982
82098 12 0.01 0.35 32.9 0.417432 0.03254 6.30493 0.0823569 0.00456222 618.655
83511 12 0.01 0.35 32.9 -0.319259 -0.027767 8.70156 -0.0844847 -0.00817045 606.108
84196 12 0.01 0.35 32.9 0.121251 0.375273 0.897451 0.00379132 0.00944921 696.109
85113 12 0.01 0.35 32.9 0.098307 0.379897 2.64275 0.00748565 0.0305692 669.274
85538 12 0.01 0.35 32.9 0.336865 0.318696 1.74399 0.0176631 0.0178597 641.824
87040 12 0.01 0.35 32.9 -0.394751 -0.151899 2.3572 -0.0286309 -0.0134342 613.842
87455 12 0.01 0.35 32.9 0.331229 -0.272275 1.72826 0.0175621 -0.0159005 726.841
87628 12 0.01 0.35 32.9 0.318303 -0.405187 2.69672 0.0274971 -0.0339772 674.845
87913 12 0.01 0.35 32.9 0.190852 0.388082 0.963975 0.00454913 0.0100068 637.253
88485 12 0.01 0.35 32.9 -0.0952092 -0.38065 2.65288 -0.00493325 -0.029696 637.694
88996 12 0.01 0.35 32.9 0.488225 -0.139856 1.04875 0.0154275 -0.00326364 683.816
89220 12 0.01 0.35 32.9 -0.235479 0.135869 1.61696 -0.0113245 0.00475274 675.608
89387 12 0.01 0.35 32.9 -0.374553 0.0299134 2.03368 -0.023724 0.000165484 674.214
90210 12 0.01 0.35 32.9 -0.101699 -0.317222 5.19184 -0.0139028 -0.0493057 607.298
91852 12 0.01 0.35 32.9 -0.219705 0.466388 2.84 -0.0209193 0.0406496 625.629
92305 12 0.01 0.35 32.9 -0.110369 0.0514515 1.25799 -0.00659908 0.00314876 713.05
92338 12 0.01 0.35 32.9 0.467354 0.349439 8.0423 0.11131 0.0842206 605.689
94461 12 0.01 0.35 32.9 -0.290743 0.182813 3.61661 -0.0334475 0.0192573 644.769
94585 12 0.01 0.35 32.9 -0.338313 0.0629904 1.46742 -0.0140556 0.00318248 687.735
96229 12 0.01 0.35 32.9 -0.0568975 -0.229078 1.92881 3.44293e-05 -0.0138101 665.261
96724 12 0.01 0.35 32.9 -0.479808 -0.200714 1.23803 -0.0161035 -0.00674851 663.51
99430 12 0.01 0.35 32.9 -0.252709 0.182503 4.10937 -0.0320489 0.0224327 629.608
100542 12 0.01 0.35 32.9 -0.25475 0.255971 3.91351 -0.0296862 0.0290052 636.234
102134 12 0.01 0.35 32.9 0.451191 0.180954 3.79329 0.0496654 0.0203937 633.291
102147 12 0.01 0.35 32.9 0.372077 0.0914113 1.48863 0.0167945 0.00483658 725.153
102344 12 0.01 0.35 32.9 -0.436093 -0.101748 2.36619 -0.0294212 -0.00654154 700.466
103463 12 0.01 0.35 32.9 0.349409 -0.280892 1.27294 0.0133833 -0.0110861 677.1
105637 12 0.01 0.35 32.9 0.367611 -0.0275073 1.32968 0.0173796 -0.00323686 629.933
105691 12 0.01 0.35 32.9 -0.301628 -0.189609 0.312647 -0.00247338 0.00175163 611.854
106155 12 0.01 0.35 32.9 -0.18838 0.190032 3.54612 -0.0171924 0.0180681 664.425
107378 12 0.01 0.35 32.9 0.33161 0.235313 1.1181 0.0115548 0.00873927 685.914
108743 12 0.01 0.35 32.9 -0.442846 -0.0607763 3.667 -0.0492533 -0.006648 641.381
110186 12 0.01 0.35 32.9 -0.188713 0.382631 1.37752 -0.00799449 0.0155874 711.937
110749 12 0.01 0.35 32.9 -0.253485 -0.335214 1.85771 -0.015954 -0.0167173 683.502
111561 12 0.01 0.35 32.9 0.319302 0.00423196 0.751141 0.00815714 -0.00089628 635.25
112072 12 0.01 0.35 32.9 0.360316 -0.310631 5.21444 0.0579042 -0.0495229 601.989
112830 12 0.01 0.35 32.9 0.403553 0.0367872 1.53198 0.0198193 0.00219104 665.428
113047 12 0.01 0.35 32.9 0.427617 -0.42118 2.91111 0.0369843 -0.0390528 622.934
115041 12 0.01 0.35 32.9 0.408812 0.405777 1.4445 0.0150753 0.018232 629.323
115559 12 0.01 0.35 32.9 0.498577 0.140624 2.96557 0.0436178 0.0148494 607.225
115939 12 0.01 0.35 32.9 0.362534 0.0642889 1.85414 0.0188229 0.00193758 628.366
116861 12 0.01 0.35 32.9 -0.179288 -0.190686 1.12726 -0.00827201 -0.0081695 668.33
117242 12 0.01 0.35 32.9 0.0210304 -0.343072 2.6654 -0.000390654 -0.0281752 604.997
117554 12 0.01 0.35 32.9 0.319515 0.04491 7.22326 0.072998 0.00917805 612.199
118070 12 0.01 0.35 32.9 0.26463 -0.270282 1.36097 0.00808758 -0.0116914 691.962
118547 12 0.01 0.35 32.9 0.209361 0.452509 0.825601 0.00505006 0.0129807 659.291
119372 12 0.01 0.35 32.9 -0.365628 -0.195062 2.32953 -0.0250943 -0.01311 658.133
119445 12 0.01 0.35 32.9 -0.129112 -0.166223 4.10403 -0.0154598 -0.0218512 633.027
120632 12 0.01 0.35 32.9 -0.247591 -0.233161 2.42548 -0.0186258 -0.0158075 678.876
123235 12 0.01 0.35 32.9 0.440177 -0.216262 3.18214 0.0428787 -0.0243247 623.815
128160 12 0.01 0.35 32.9 0.441787 -0.272328 1.61888 0.0245529 -0.0135837 671.991
129007 12 0.01 0.35 32.9 -0.296333 -0.339589 1.97628 -0.0174234 -0.0213659 650.999
130267 12 0.01 0.35 32.9 0.304131 0.218823 3.38494 0.0315485 0.0233508 660.112
130858 12 0.01 0.35 32.9 0.480614 -0.16712 1.08694 0.0171449 -0.00353217 644.748
130928 12 0.01 0.35 32.9 -0.405466 0.289105 5.42749 -0.0682792 0.0491086 624.432
131127 12 0.01 0.35 32.9 0.0850037 -0.25348 1.44289 0.00114804 -0.0106263 675.59
131167 12 0.01 0.35 32.9 0.0547697 0.180135 3.56195 0.00599079 0.0187602 654.194
133510 12 0.01 0.35 32.9 -0.454695 0.226802 2.57033 -0.0365201 0.0178607 694.248
133823 12 0.01 0.35 32.9 0.462227 0.119511 6.51509 0.0927685 0.0230468 611.209
133983 12 0.01 0.35 32.9 0.214434 0.417045 11.2482 0.0741377 0.14366 598.096
135429 12 0.01 0.35 32.9 -0.0600405 0.482739 3.53913 -0.00865685 0.052959 620.635
135607 12 0.01 0.35 32.9 0.0966361 -0.21546 0.590836 0.0019446 -0.00655193 635.209
136113 12 0.01 0.35 32.9 0.379247 0.0433049 2.56827 0.031779 0.00216461 656.206
138104 12 0.01 0.35 32.9 -0.337629 0.414007 2.39822 -0.0242541 0.030121 721.302
138130 12 0.01 0.35 32.9 0.0806686 -0.24427 1.16982 0.00348624 -0.00811097 616.569
138252 12 0.01 0.35 32.9 0.0274627 -0.400058 2.38132 0.00268791 -0.0279063 659.768
138521 12 0.01 0.35 32.9 -0.332456 0.153522 1.24031 -0.0146327 0.00642169 690.639
138824 12 0.01 0.35 32.9 0.330234 -0.0265905 5.64928 0.0597322 -0.00424753 608.2
139183 12 0.01 0.35 32.9 0.237214 0.377798 1.69372 0.0123585 0.0177498 623.93
139940 12 0.01 0.35 32.9 -0.00114362 -0.382806 1.66544 -0.000428957 -0.0178407 641.048
143297 12 0.01 0.35 32.9 0.130677 0.491997 1.64902 0.00588049 0.0248832 625.524
144125 12 0.01 0.35 32.9 -0.288115 -0.124926 1.44501 -0.0131751 -0.00414495 681.587
147242 12 0.01 0.35 32.9 -0.215634 -0.0597039 1.72089 -0.00996732 -0.00304946 665.764
147552 12 0.01 0.35 32.9 0.0783108 0.369734 1.51147 0.00420631 0.0173583 617.87
151183 12 0.01 0.35 32.9 0.243263 0.464271 2.21999 0.016988 0.0319682 623.624
152389 12 0.01 0.35 32.9 -0.489954 -0.33324 0.621682 -0.00816349 -0.00501866 616.315
152654 12 0.01 0.35 32.9 0.444938 0.309943 0.693256 0.0105801 0.00904254 633.674
152932 12 0.01 0.35 32.9 -0.0211455 -0.186364 1.86287 -0.00115424 -0.010046 613.761
153569 12 0.01 0.35 32.9 0.200835 -0.102605 2.67949 0.0160994 -0.00856289 661.365
154306 12 0.01 0.35 32.9 0.328398 -0.443022 9.14005 0.089829 -0.123472 603.823
154535 12 0.01 0.35 32.9 -0.152984 0.450621 1.00522 -0.00710505 0.0113945 664.612
154784 12 0.01 0.35 32.9 0.389715 -0.290382 8.13493 0.0963205 -0.0719536 601.891
160068 12 0.01 0.35 32.9 -0.219374 0.198868 1.45393 -0.00769828 0.0105576 623.847
160517 12 0.01 0.35 32.9 -0.399212 -0.111367 5.40088 -0.0632857 -0.017414 622.538
162237 12 0.01 0.35 32.9 0.401143 -0.223916 1.11452 0.0126246 -0.00854681 701.295
162362 12 0.01 0.35 32.9 0.00219378 0.478619 1.4035 -0.000808217 0.0185663 620.207
162968 12 0.01 0.35 32.9 0.238144 -0.493713 1.18721 0.010297 -0.0186626 661.781
163487 12 0.01 0.35 32.9 -0.0596828 0.258092 1.65661 -0.00222646 0.0134646 608.43
163759 12 0.01 0.35 32.9 0.272946 0.361916 2.07467 0.0164438 0.0268818 724.602
165633 12 0.01 0.35 32.9 -0.0263099 -0.0768334 2.6871 -0.00110176 -0.0030568 700.653
165864 12 0.01 0.35 32.9 0.114123 0.0212634 4.07578 0.0162696 0.000783568 651.413
168263 12 0.01 0.35 32.9 0.464574 -0.0455176 3.70946 0.049149 -0.00454122 653.885
168978 12 0.01 0.35 32.9 0.248179 -0.160082 3.19457 0.0244329 -0.0141174 661.421
171132 12 0.01 0.35 32.9 -0.376952 0.46509 1.64459 -0.0171601 0.0243293 633.358
171618 12 0.01 0.35 32.9 -0.389165 -0.179931 7.03929 -0.0814565 -0.038361 611.997
172625 12 0.01 0.35 32.9 0.233179 -0.333524 2.15069 0.0163552 -0.0201716 685.985
172732 12 0.01 0.35 32.9 0.125547 -0.289285 7.08448 0.0263698 -0.0643987 612.248
173308 12 0.01 0.35 32.9 0.0965021 -0.179456 1.7784 0.00505922 -0.0105946 634.776
175870 12 0.01 0.35 32.9 0.460427 -0.474566 6.20395 0.0856596 -0.0880875 617.997
176047 12 0.01 0.35 32.9 0.362841 -0.172942 8.29237 0.0945588 -0.0402261 607.267
176852 12 0.01 0.35 32.9 0.231752 -0.0778898 2.19333 0.0164869 -0.00338101 675.659
178016 12 0.01 0.35 32.9 0.350239 0.428079 2.17794 0.018089 0.0298783 659.354
178110 12 0.01 0.35 32.9 -0.15377 0.312984 0.91105 -0.00197167 0.0105666 639.19
179760 12 0.01 0.35 32.9 0.00563524 -0.382398 1.435 -0.00132957 -0.0162557 621.875
179954 12 0.01 0.35 32.9 0.416491 0.152749 1.80708 0.0210998 0.00561216 693.937
181192 12 0.01 0.35 32.9 -0.253256 0.225344 2.66506 -0.0218893 0.0175386 649.121
182964 12 0.01 0.35 32.9 -0.394459 0.486166 0.520335 -0.00685969 0.00538771 623.797
184812 12 0.01 0.35 32.9 -0.32804 0.0820097 1.96335 -0.0198228 0.00700756 713.622
185538 12 0.01 0.35 32.9 0.235428 0.34262 6.91172 0.0497877 0.0727951 614.444
186001 12 0.01 0.35 32.9 0.10127 -0.225481 1.02347 0.0023371 -0.00474461 673.682
186153 12 0.01 0.35 32.9 -0.280795 0.144571 2.84621 -0.0249248 0.0111369 603.639
186156 12 0.01 0.35 32.9 -0.147751 0.397781 0.503303 -0.00344379 0.00636246 642.823
188404 12 0.01 0.35 32.9 -0.321567 -0.213664 2.54275 -0.0229817 -0.0178924 692.596
188895 12 0.01 0.35 32.9 0.185662 -0.20801 3.06132 0.0162494 -0.0201541 642.392
189131 12 0.01 0.35 32.9 0.366507 0.111903 1.8615 0.0215238 0.00647761 704.051
189691 12 0.01 0.35 32.9 -0.257355 -0.307069 0.575064 -0.0055356 -0.00412368 613.966
190509 12 0.01 0.35 32.9 0.397593 0.227557 1.68329 0.0178731 0.0104345 644.146
190759 12 0.01 0.35 32.9 0.0494964 0.182122 1.80036 0.00452005 0.00938705 623.305
190809 12 0.01 0.35 32.9 0.10414 0.201326 3.14931 0.00790819 0.0182628 669.306
191008 12 0.01 0.35 32.9 0.177977 0.185048 3.12329 0.0152951 0.0195683 672.297
191971 12 0.01 0.35 32.9 0.384118 0.456239 2.52624 0.0278934 0.0360069 610.451
198801 12 0.01 0.35 32.9 0.150099 0.39971 6.5643 0.0304355 0.082285 608.584
198978 12 0.01 0.35 32.9 -0.0182752 0.00290456 2.60273 0.000285444 -0.00180262 621.003
199647 12 0.01 0.35 32.9 -0.471078 -0.484224 1.4092 -0.0206553 -0.0195301 697.803
199743 12 0.01 0.35 32.9 -0.419545 -0.0688836 2.43053 -0.0290506 -0.00413393 674.748
200422 12 0.01 0.35 32.9 -0.066666 -0.463183 5.83473 -0.0117529 -0.0824174 615.872
201542 12 0.01 0.35 32.9 -0.362121 -0.454581 3.334 -0.0337278 -0.0477664 624.616
202426 12 0.01 0.35 32.9 0.151082 0.273793 2.91219 0.0119339 0.0250118 655.277
203181 12 0.01 0.35 32.9 -0.272454 -0.268412 5.09807 -0.0417446 -0.0429645 611.119
203393 12 0.01 0.35 32.9 0.0428865 -0.173026 2.46789 0.00308065 -0.0136158 698.388
204564 12 0.01 0.35 32.9 -0.215849 0.102025 3.36446 -0.0210635 0.00819789 642.304
205135 12 0.01 0.35 32.9 0.25885 -0.358535 1.11033 0.0082971 -0.013278 681.619
205762 12 0.01 0.35 32.9 0.199404 -0.0754838 4.45812 0.0263734 -0.0104744 637.035
206401 12 0.01 0.35 32.9 -0.318906 0.0654349 6.93052 -0.0696829 0.0143243 612.461
206405 12 0.01 0.35 32.9 -0.418293 0.0689316 1.58852 -0.0212729 0.00254351 715.594
208144 12 0.01 0.35 32.9 -0.443092 -0.404256 2.53357 -0.0327593 -0.0309189 661.389
209109 12 0.01 0.35 32.9 0.126974 0.423911 1.2581 0.00881779 0.0144652 665.73
209170 12 0.01 0.35 32.9 0.0842017 -0.0550697 1.34321 0.00196751 -0.000543085 627.118
209224 12 0.01 0.35 32.9 0.471572 -0.0132482 3.63306 0.0509962 -0.0021795 605.835
209939 12 0.01 0.35 32.9 -0.352091 0.21224 4.31018 -0.0451454 0.0263974 641.612
210916 12 0.01 0.35 32.9 -0.0244733 0.252879 2.1463 -0.00154044 0.0174701 626.1
211035 12 0.01 0.35 32.9 0.000254581 0.18781 2.76792 -0.00117858 0.0165704 652.783
211922 12 0.01 0.35 32.9 0.441712 -0.244243 2.19263 0.029474 -0.0172512 674.85
213347 12 0.01 0.35 32.9 -0.364894 -0.382424 2.35976 -0.0236319 -0.027898 652.039
213802 12 0.01 0.35 32.9 -0.346516 -0.19703 3.3927 -0.0380926 -0.0184157 655.575
214419 12 0.01 0.35 32.9 0.0431604 -0.0409601 2.40442 0.00267338 -0.00228628 716.42
215244 12 0.01 0.35 32.9 0.403173 0.281699 12.9523 0.160275 0.113135 595.964
215600 12 0.01 0.35 32.9 0.464661 -0.384303 2.49344 0.034208 -0.0310733 698.247
216540 12 0.01 0.35 32.9 -0.0454378 0.472766 3.01751 -0.00456183 0.0428625 606.517
217427 12 0.01 0.35 32.9 0.386395 -0.126021 4.56557 0.0530607 -0.0187623 625.541
217481 12 0.01 0.35 32.9 0.402603 0.0542183 2.65809 0.0311823 0.00365497 698.513
218170 12 0.01 0.35 32.9 -0.335365 -0.25202 1.4725 -0.0140038 -0.0117768 641.445
218535 12 0.01 0.35 32.9 -0.280714 -0.363521 1.51413 -0.0106916 -0.0151224 684.156
221607 12 0.01 0.35 32.9 0.378157 -0.0293823 2.77935 0.0330189 -0.00228149 695.272
222436 12 0.01 0.35 32.9 -0.417317 -0.470174 0.812587 -0.0105181 -0.00920808 607.861
222552 12 0.01 0.35 32.9 0.05562 0.415068 0.858837 0.00154946 0.00768256 615.911
222660 12 0.01 0.35 32.9 -0.248542 -0.0742009 1.78845 -0.0133903 -0.0048214 674.693
223997 12 0.01 0.35 32.9 0.30817 0.151537 0.965731 0.00776784 0.00206664 621.604
224209 12 0.01 0.35 32.9 -0.413747 0.387383 1.43867 -0.0178962 0.0165875 651.384
224347 12 0.01 0.35 32.9 0.339874 -0.0585987 2.94449 0.0289802 -0.00261069 690.49
224575 12 0.01 0.35 32.9 -0.487014 -0.243218 1.25388 -0.0207603 -0.0112082 714.701
224655 12 0.01 0.35 32.9 0.271855 0.160001 2.10723 0.016413 0.0103464 668.139
225024 12 0.01 0.35 32.9 -0.37219 0.453761 2.36871 -0.0272707 0.0337821 711.185
225090 12 0.01 0.35 32.9 -0.473692 0.314732 0.953762 -0.0139358 0.00967548 648.174
226025 12 0.01 0.35 32.9 0.0783944 -0.174377 3.62165 0.00947045 -0.0176063 619.782
226475 12 0.01 0.35 32.9 -0.0765493 0.179919 1.15528 -0.00232536 0.00821572 700.586
227477 12 0.01 0.35 32.9 0.139532 -0.477538 1.76779 0.0061562 -0.0265968 645.901
227572 12 0.01 0.35 32.9 0.353708 -0.0460888 1.4652 0.0152022 -0.00366053 704.825
228991 12 0.01 0.35 32.9 -0.447407 0.179383 4.98845 -0.0668784 0.0266289 610.381
229568 12 0.01 0.35 32.9 -0.155192 -0.380484 6.06189 -0.0300682 -0.0693064 613.506
229923 12 0.01 0.35 32.9 -0.0677201 -0.0731811 1.23084 -0.00525441 -0.00389477 634.368
230102 12 0.01 0.35 32.9 -0.318531 0.392918 2.66322 -0.0253028 0.0309241 679.13
232017 12 0.01 0.35 32.9 -0.404748 -0.23721 1.94536 -0.023615 -0.0128302 732.436
232040 12 0.01 0.35 32.9 -0.471815 0.225288 2.53059 -0.0371627 0.0175719 706.315
233922 12 0.01 0.35 32.9 -0.250296 0.304465 3.29051 -0.0251447 0.0295463 615.936
235524 12 0.01 0.35 32.9 0.0268147 -0.34665 1.30033 0.00238995 -0.0126963 700.766
238775 12 0.01 0.35 32.9 -0.394999 -0.262715 2.61807 -0.0309041 -0.0192855 616.872
239352 12 0.01 0.35 32.9 -0.404093 -0.367936 2.99938 -0.0362739 -0.0323647 651.566
239503 12 0.01 0.35 32.9 -0.0875806 0.105929 2.7162 -0.00817021 0.00836365 665.678
239706 12 0.01 0.35 32.9 0.195349 -0.248227 2.29581 0.0137915 -0.0160806 660.085
240751 12 0.01 0.35 32.9 -0.108654 0.318489 6.27284 -0.0204188 0.0625679 614.567
240968 12 0.01 0.35 32.9 -0.423007 -0.0513717 1.38028 -0.0203078 -0.000274318 672.017
241302 12 0.01 0.35 32.9 -0.21653 -0.198209 2.02474 -0.0104878 -0.00991326 693.86
241871 12 0.01 0.35 32.9 -0.129574 0.254737 3.62924 -0.014309 0.0287734 666.095
241904 12 0.01 0.35 32.9 0.0647647 -0.0138641 2.57222 0.00514624 -0.00334833 687.156
241962 12 0.01 0.35 32.9 -0.213992 -0.289038 0.994983 -0.00801847 -0.00991702 652.276
242604 12 0.01 0.35 32.9 -0.280876 -0.303302 1.99449 -0.0164256 -0.0183458 629.067
242612 12 0.01 0.35 32.9 -0.287173 -0.354171 4.83572 -0.0443406 -0.0513708 635.542
243124 12 0.01 0.35 32.9 0.0712174 -0.0248241 1.31045 0.00435836 0.000687978 697.754
245064 12 0.01 0.35 32.9 0.16117 -0.108462 2.97427 0.0142643 -0.0113076 665.143
245346 12 0.01 0.35 32.9 -0.149855 0.301702 1.38228 -0.00809245 0.0157562 719.64
247855 12 0.01 0.35 32.9 -0.1887 -0.302315 1.52522 -0.0107413 -0.0114249 649.818
248063 12 0.01 0.35 32.9 -0.406979 0.319777 4.37567 -0.0523295 0.0412892 623.825
249794 12 0.01 0.35 32.9 -0.134113 0.00180224 0.597522 -0.00101622 -0.000464098 621.104
249978 12 0.01 0.35 32.9 0.459451 -0.0603769 4.12108 0.0578898 -0.010247 600.885
251038 12 0.01 0.35 32.9 -0.0345831 0.158411 1.03506 0.00127139 0.00529423 619.821
251213 12 0.01 0.35 32.9 0.0295614 -0.108923 1.03474 0.00188667 -0.000419122 682.88
252106 12 0.01 0.35 32.9 0.330443 -0.47699 1.89289 0.0182862 -0.0282532 714.979
252340 12 0.01 0.35 32.9 -0.309099 0.408683 0.712715 -0.00554759 0.0104507 628.248
253732 12 0.01 0.35 32.9 0.306942 -0.15551 1.39419 0.0133975 -0.00888417 713.295
255605 12 0.01 0.35 32.9 -0.471502 0.0288083 2.37507 -0.0346108 0.00207581 639.674
255848 12 0.01 0.35 32.9 -0.164025 0.496787 3.80611 -0.0182667 0.0567883 648.57
256189 12 0.01 0.35 32.9 0.219102 -0.345058 3.35655 0.023242 -0.0340475 643.522
256190 12 0.01 0.35 32.9 -0.205804 -0.438338 3.0212 -0.017611 -0.0410414 688.666
257113 12 0.01 0.35 32.9 0.496995 0.133648 1.55719 0.0237767 0.00672279 681.151
257519 12 0.01 0.35 32.9 0.142561 -0.340326 2.31478 0.0103062 -0.0232134 724.948
260601 12 0.01 0.35 32.9 -0.267011 -0.114135 2.18 -0.0157989 -0.00654151 673.245
260804 12 0.01 0.35 32.9 0.115523 -0.0371169 1.29493 0.00383748 -0.00500639 670.772
263226 12 0.01 0.35 32.9 0.0876287 0.382354 5.26323 0.0130253 0.0604904 602.562
263305 12 0.01 0.35 32.9 0.477133 -0.259631 6.5331 0.0952749 -0.0496762 615.195
264182 12 0.01 0.35 32.9 0.211483 0.184062 6.71082 0.0445347 0.0385277 615.882
265633 12 0.01 0.35 32.9 0.158366 0.459895 2.45288 0.0113862 0.0346476 615.491
266517 12 0.01 0.35 32.9 0.204273 0.191356 4.11846 0.0252408 0.022638 640.64
266679 12 0.01 0.35 32.9 0.277956 -0.0934408 3.01061 0.0256872 -0.00907399 633.563
266820 12 0.01 0.35 32.9 0.227894 0.474557 3.15969 0.0204208 0.0460719 673.395
268362 12 0.01 0.35 32.9 -0.313283 0.133487 2.7864 -0.0276921 0.010806 680.407
269275 12 0.01 0.35 32.9 -0.25431 -0.132602 0.679869 -0.0051689 -0.00290672 653.011
269800 12 0.01 0.35 32.9 0.491822 0.313732 3.20095 0.0462684 0.0320205 634.348
270093 12 0.01 0.35 32.9 0.38099 0.232866 1.58271 0.0167972 0.0110263 695.093
270818 12 0.01 0.35 32.9 -0.379722 0.0521036 0.44004 -0.00553313 0.00258979 627.605
271388 12 0.01 0.35 32.9 -0.246654 -0.158271 0.902487 -0.00556949 -0.00526848 606.684
272298 12 0.01 0.35 32.9 -0.219858 -0.21534 2.0847 -0.0138514 -0.0154778 710.388
272820 12 0.01 0.35 32.9 0.410823 0.358004 3.91801 0.0474109 0.0448181 647.676
273636 12 0.01 0.35 32.9 0.274698 0.118098 4.28221 0.0351142 0.016548 633.294
273867 12 0.01 0.35 32.9 0.486035 -0.42395 3.20852 0.0473544 -0.0416613 652.287
273967 12 0.01 0.35 32.9 0.131952 0.292356 2.39726 0.0100701 0.0209444 674.43
275659 12 0.01 0.35 32.9 0.0158409 -0.351026 1.36926 0.00155146 -0.0167369 611.079
275876 12 0.01 0.35 32.9 -0.486499 -0.29978 18.3016 -0.272844 -0.164456 594.935
275918 12 0.01 0.35 32.9 0.0610836 0.0358626 1.67714 -3.97227e-05 0.00254488 655.689
276263 12 0.01 0.35 32.9 0.391981 -0.240905 3.27343 0.03933 -0.0261439 617.64
277701 12 0.01 0.35 32.9 -0.264878 0.142424 3.28821 -0.0239852 0.0142667 663.947
277733 12 0.01 0.35 32.9 0.0487875 0.143188 2.42072 0.0047797 0.00967349 700.866
278584 12 0.01 0.35 32.9 -0.322306 -0.439335 5.87963 -0.0590216 -0.0793154 622.149
278673 12 0.01 0.35 32.9 -0.198847 -0.0425673 1.59812 -0.00889006 -0.00187361 636.651
278866 12 0.01 0.35 32.9 0.261982 -0.341929 1.83281 0.0152097 -0.0193976 712.284
278890 12 0.01 0.35 32.9 0.410145 0.149831 2.79609 0.0370091 0.0143806 664.204
278906 12 0.01 0.35 32.9 0.336154 -0.109388 6.58353 0.0696641 -0.0218899 613.002
279925 12 0.01 0.35 32.9 0.388286 -0.115706 1.5275 0.0190266 -0.00458317 713.061
283117 12 0.01 0.35 32.9 0.000815727 -0.348914 4.27233 -8.36836e-06 -0.0441547 618.141
283956 12 0.01 0.35 32.9 -0.334787 0.441347 1.90888 -0.0189494 0.0257739 668.11
284188 12 0.01 0.35 32.9 -0.0867672 0.208607 1.48687 -0.00449942 0.00912637 706.216
284864 12 0.01 0.35 32.9 -0.346139 -0.275561 4.33047 -0.0448643 -0.0372736 633.558
285755 12 0.01 0.35 32.9 -0.340586 -0.169647 3.13099 -0.0316771 -0.0158844 657.442
286027 12 0.01 0.35 32.9 -0.29676 0.380579 3.23801 -0.027422 0.0368359 636.054
286030 12 0.01 0.35 32.9 0.164803 0.453182 7.34398 0.0376785 0.098678 609.77
286216 12 0.01 0.35 32.9 0.439891 -0.333857 4.86794 0.0650932 -0.0527559 630.609
286878 12 0.01 0.35 32.9 0.278618 -0.380718 1.51275 0.0132508 -0.0197027 675.297
288038 12 0.01 0.35 32.9 0.179235 0.292195 6.0441 0.0352841 0.0559762 614.283
288412 12 0.01 0.35 32.9 -0.205122 0.108828 1.50965 -0.00994661 0.00551796 714.436
288436 12 0.01 0.35 32.9 -0.189412 -0.431153 4.49544 -0.02398 -0.0589713 636.248
288874 12 0.01 0.35 32.9 0.379263 0.107852 3.42452 0.040453 0.012959 635.057
289087 12 0.01 0.35 32.9 0.472309 -0.0673292 1.84001 0.027526 -0.00549409 691.697
290019 12 0.01 0.35 32.9 0.0539479 -0.0446506 3.78509 0.00654394 -0.00464203 594.031
290725 12 0.01 0.35 32.9 0.389755 0.262478 2.74237 0.0306692 0.0199865 641.245
292775 12 0.01 0.35 32.9 -0.460536 0.165865 1.95567 -0.026808 0.0102908 644.344
293049 12 0.01 0.35 32.9 -0.184754 0.403739 8.68742 -0.0490449 0.105011 606.245
294499 12 0.01 0.35 32.9 -0.405368 0.0860739 1.81372 -0.0229755 0.00552085 708.729
294831 12 0.01 0.35 32.9 0.319049 0.0983622 2.02632 0.0181579 0.00667463 724.157
295208 12 0.01 0.35 32.9 -0.174472 0.188106 1.08384 -0.0046394 0.006054 669.85
297561 12 0.01 0.35 32.9 0.225688 0.309115 2.27646 0.013993 0.023778 657.32
297574 12 0.01 0.35 32.9 -0.138315 -0.385104 4.53999 -0.0200801 -0.0537782 626.267
298063 12 0.01 0.35 32.9 0.245779 -0.492749 2.50383 0.0178466 -0.0366574 629.642
299048 12 0.01 0.35 32.9 -0.136903 0.123808 3.30473 -0.0137916 0.0124725 596.119
300079 12 0.01 0.35 32.9 0.170316 -0.132692 4.36359 0.0254175 -0.0159624 629.864
300448 12 0.01 0.35 32.9 0.324369 0.492374 1.55488 0.0147503 0.0241083 695.04
300839 12 0.01 0.35 32.9 -0.112279 0.30781 3.21137 -0.0109033 0.0296856 649.669
300853 12 0.01 0.35 32.9 -0.178899 0.0450356 0.580001 -0.00478209 0.00117846 625.598
301418 12 0.01 0.35 32.9 -0.429391 -0.0433236 0.419879 -0.00460944 0.000823879 610.624
301568 12 0.01 0.35 32.9 0.158853 0.0123236 3.01903 0.013717 0.000991026 678.267
302498 12 0.01 0.35 32.9 -0.0731002 -0.299963 4.05273 -0.0117996 -0.0354728 629.809
302572 12 0.01 0.35 32.9 0.132407 0.232325 1.58913 0.00757272 0.0106791 642.303
302588 12 0.01 0.35 32.9 -0.474242 0.0630077 2.38295 -0.0360403 0.00287791 686.113
303633 12 0.01 0.35 32.9 0.0647708 -0.137637 1.35434 0.00230118 -0.00579917 715.2
308905 12 0.01 0.35 32.9 0.198997 0.0297117 2.05489 0.0134177 0.000705985 731.016
310358 12 0.01 0.35 32.9 -0.330298 -0.153053 3.9807 -0.0404317 -0.0201424 606.092
311952 12 0.01 0.35 32.9 0.364005 -0.498726 2.22517 0.0246227 -0.0341924 608.167
312353 12 0.01 0.35 32.9 -0.242269 -0.226362 0.880732 -0.00799679 -0.00929947 684.15
313220 12 0.01 0.35 32.9 -0.316883 0.259981 4.72997 -0.0444245 0.0381149 617.017
313324 12 0.01 0.35 32.9 -0.442831 0.10697 2.44712 -0.0319168 0.00547615 608.15
315098 12 0.01 0.35 32.9 -0.0878517 0.204595 2.16952 -0.00661427 0.0149255 660.579
315969 12 0.01 0.35 32.9 -0.352323 0.316688 7.58788 -0.0821201 0.0727755 605.413
316887 12 0.01 0.35 32.9 -0.168241 -0.492166 4.64683 -0.0250219 -0.0678903 630.302
317899 12 0.01 0.35 32.9 0.495457 -0.329239 3.86846 0.0560426 -0.0401504 626.76
318689 12 0.01 0.35 32.9 0.465053 0.0288796 2.48542 0.0374467 0.00122467 640.33
318740 12 0.01 0.35 32.9 0.127446 -0.294133 1.25099 0.0044736 -0.0126 630
319502 12 0.01 0.35 32.9 -0.324307 0.402209 1.87762 -0.0177483 0.0235905 684.331
320152 12 0.01 0.35 32.9 0.438886 -0.330067 7.19123 0.0956185 -0.0729631 601.7
321595 12 0.01 0.35 32.9 -0.0459045 0.112922 5.64246 -0.0075161 0.0191752 613.647
323433 12 0.01 0.35 32.9 0.441694 0.496582 0.695639 0.00808937 0.0138347 642.458
323900 12 0.01 0.35 32.9 0.319818 -0.0393527 2.83368 0.0251671 -0.00457211 676.93
324331 12 0.01 0.35 32.9 -0.338071 0.33487 3.59039 -0.0371507 0.0384055 617.948
325312 12 0.01 0.35 32.9 0.44313 0.406653 2.98309 0.0425048 0.0362645 680.627
325705 12 0.01 0.35 32.9 -0.186063 0.377613 0.450608 -0.00363622 0.00358545 664.659
327495 12 0.01 0.35 32.9 0.265325 -0.168194 2.42102 0.0203806 -0.0128073 679.939
328424 12 0.01 0.35 32.9 0.248509 -0.128055 2.70698 0.0179562 -0.00993466 616.522
328610 12 0.01 0.35 32.9 0.108077 -0.306649 1.2456 0.00172958 -0.0113797 653.366
328734 12 0.01 0.35 32.9 -0.342143 -0.0145319 3.38971 -0.0374898 -0.000849914 620.447
329138 12 0.01 0.35 32.9 0.426119 -0.245114 1.07951 0.0124658 -0.00806378 711.46
329200 12 0.01 0.35 32.9 -0.416248 0.392758 3.21625 -0.0398388 0.0408547 623.655
330018 12 0.01 0.35 32.9 0.0967763 0.462245 1.03065 0.00209123 0.0144397 671.527
330474 12 0.01 0.35 32.9 -0.00116798 0.367893 1.72035 -0.000436159 0.017704 673.773
331723 12 0.01 0.35 32.9 0.190635 0.424742 1.25864 0.00845098 0.0152051 656.698
332144 12 0.01 0.35 32.9 0.106789 0.0920579 1.76472 0.00507933 0.00615354 697.354
333638 12 0.01 0.35 32.9 -0.338367 0.355934 9.05982 -0.0930074 0.0983261 603.399
334256 12 0.01 0.35 32.9 0.1148 -0.274858 1.68976 0.00677738 -0.0134331 736.092
335007 12 0.01 0.35 32.9 -0.222664 -0.407563 2.97324 -0.0203005 -0.0373855 651.958
338842 12 0.01 0.35 32.9 -0.11665 0.441842 1.51505 -0.00601064 0.0207779 618.546
339418 12 0.01 0.35 32.9 0.464896 -0.120123 1.44293 0.0209749 -0.00431923 703.633
339507 12 0.01 0.35 32.9 -0.456874 0.0608013 3.35437 -0.0471329 0.0056673 619.005
339520 12 0.01 0.35 32.9 -0.148552 -0.0819084 4.24623 -0.0187258 -0.0122648 634.038
339952 12 0.01 0.35 32.9 -0.293118 0.141285 1.94543 -0.0156689 0.00723864 616.519
340256 12 0.01 0.35 32.9 0.4976 0.154792 2.57464 0.0370425 0.0133068 619.947
340653 12 0.01 0.35 32.9 -0.208977 0.0793009 2.38278 -0.0146592 0.00627773 708.251
340669 12 0.01 0.35 32.9 -0.457726 0.240624 1.39165 -0.0192262 0.0117137 719.302
341310 12 0.01 0.35 32.9 0.225396 0.397591 1.87211 0.0126457 0.0191775 626.914
343652 12 0.01 0.35 32.9 0.244957 0.0362771 3.3157 0.0239255 0.00371096 656.644
346326 12 0.01 0.35 32.9 -0.385705 -0.248425 1.02642 -0.0125153 -0.00798988 679.593
346597 12 0.01 0.35 32.9 0.108317 -0.303899 2.84027 0.00766088 -0.0270548 636.568
347315 12 0.01 0.35 32.9 0.243626 -0.429235 3.17993 0.0227601 -0.0433129 628.794
349259 12 0.01 0.35 32.9 -0.482377 -0.369178 5.41773 -0.0789786 -0.0613722 621.738
351177 12 0.01 0.35 32.9 0.0234011 -0.0530148 1.51189 0.00155034 -0.00360743 725.625
351351 12 0.01 0.35 32.9 -0.233099 -0.229974 1.66421 -0.0107634 -0.0117734 676.788
351364 12 0.01 0.35 32.9 -0.317647 0.380303 2.24777 -0.0224788 0.026582 707.314
351714 12 0.01 0.35 32.9 -0.336924 0.388113 1.60803 -0.0186337 0.017385 717.136
352690 12 0.01 0.35 32.9 -0.26486 0.406951 1.90634 -0.0166457 0.0221758 739.008
353501 12 0.01 0.35 32.9 0.170227 0.320606 4.08036 0.0228483 0.0368642 649.976
353654 12 0.01 0.35 32.9 -0.330455 -0.488539 5.95876 -0.0583173 -0.0871821 612.644
355303 12 0.01 0.35 32.9 -0.238321 0.433404 3.93243 -0.031248 0.0521024 648.734
355486 12 0.01 0.35 32.9 -0.4688 0.00903552 7.45872 -0.105924 0.00168978 609.301
358972 12 0.01 0.35 32.9 -0.30581 0.192349 6.22476 -0.0562879 0.0361908 602.38
359612 12 0.01 0.35 32.9 -0.0267193 -0.133559 2.78941 -0.00183765 -0.00973412 641.231
361095 12 0.01 0.35 32.9 0.290363 0.0360692 7.23967 0.062189 0.00790034 601.526
363071 12 0.01 0.35 32.9 -0.0959385 0.234983 1.31383 -0.00596792 0.00782556 691.963
363433 12 0.01 0.35 32.9 0.450423 0.138034 1.8484 0.0250787 0.00807698 694.874
363535 12 0.01 0.35 32.9 0.215503 0.0312982 1.96967 0.0121468 0.00289282 616.828
364474 12 0.01 0.35 32.9 -0.111541 0.00952307 1.58791 -0.00768454 -0.00146132 663.739
364542 12 0.01 0.35 32.9 -0.267447 0.448485 3.01819 -0.0249369 0.0410145 656.95
365320 12 0.01 0.35 32.9 -0.233398 -0.381135 1.72211 -0.0147119 -0.0212991 664.135
365797 12 0.01 0.35 32.9 -0.0510213 -0.231739 2.17932 -0.00179466 -0.0146835 687.103
367171 12 0.01 0.35 32.9 0.0498028 0.414356 1.20297 0.00203072 0.0157664 657.239
368290 12 0.01 0.35 32.9 0.266558 0.116079 2.61477 0.0214314 0.012226 615.334
368455 12 0.01 0.35 32.9 -0.452479 -0.360726 3.94794 -0.0540955 -0.0439176 634.425
370467 12 0.01 0.35 32.9 0.325304 0.415367 1.39571 0.0137046 0.017672 660.22
371541 12 0.01 0.35 32.9 0.197421 0.255838 1.44568 0.00992475 0.0136974 632.655
371734 12 0.01 0.35 32.9 0.17141 -0.391664 1.64641 0.00825756 -0.0177094 665.82
371936 12 0.01 0.35 32.9 0.00674305 -0.281493 1.20518 -0.000253667 -0.0100555 640.623
372000 12 0.01 0.35 32.9 -0.225095 -0.231984 3.10872 -0.0197256 -0.0219278 674.581
375438 12 0.01 0.35 32.9 -0.0873592 0.410134 2.39153 -0.00531537 0.0291808 673.21
375515 12 0.01 0.35 32.9 -0.215165 -0.00259072 2.15124 -0.0124011 0.00268168 711.103
375772 12 0.01 0.35 32.9 0.0217773 0.445086 2.79902 0.00434224 0.0388649 686.446
376755 12 0.01 0.35 32.9 0.0662121 0.129699 3.33244 0.00632395 0.0103919 661.855
376830 12 0.01 0.35 32.9 0.109091 0.152802 1.20248 0.00424648 0.0049466 697.602
377153 12 0.01 0.35 32.9 0.033054 0.0675535 2.22764 0.00341667 0.00747082 721.355
378128 12 0.01 0.35 32.9 0.151297 -0.494403 4.49454 0.0199943 -0.0669176 632.098
378219 12 0.01 0.35 32.9 -0.274396 0.254272 3.13143 -0.0265332 0.0234654 622.996
378446 12 0.01 0.35 32.9 0.243802 0.332675 2.83804 0.0216117 0.0296163 654.464
378528 12 0.01 0.35 32.9 -0.439908 -0.011267 2.90602 -0.037669 -0.000535173 658.499
378570 12 0.01 0.35 32.9 -0.384924 0.338648 2.40932 -0.027514 0.0221103 684.424
378737 12 0.01 0.35 32.9 -0.352564 0.201147 1.83332 -0.0218104 0.0103068 734.969
378859 12 0.01 0.35 32.9 0.0719923 0.0350446 1.86895 0.00340243 0.00107601 613.467
379403 12 0.01 0.35 32.9 -0.476336 0.319959 2.41729 -0.0340839 0.0222714 697.301
380572 12 0.01 0.35 32.9 0.190894 -0.448686 4.63517 0.0276919 -0.0598601 630.411
382692 12 0.01 0.35 32.9 0.216495 -0.406004 1.12645 0.00928597 -0.0161736 609.524
382832 12 0.01 0.35 32.9 -0.0227508 0.335245 4.77785 -0.00319671 0.0475176 613.246
383360 12 0.01 0.35 32.9 0.436969 -0.186637 3.59808 0.0490608 -0.0202808 662.475
383791 12 0.01 0.35 32.9 0.0619404 0.186592 1.13272 0.00437428 0.00473582 687.578
384162 12 0.01 0.35 32.9 -0.226258 0.16932 2.05217 -0.0146987 0.00878305 636.802
385093 12 0.01 0.35 32.9 -0.226485 -0.325449 1.67856 -0.0138746 -0.0164149 621.66
385863 12 0.01 0.35 32.9 0.141859 -0.195017 5.24587 0.0228136 -0.0291647 621.966
390000 12 0.01 0.35 32.9 0.383074 -0.113248 4.35897 0.0504108 -0.0148843 614.13
390999 12 0.01 0.35 32.9 0.16387 0.189228 3.64239 0.0167287 0.0217816 656.381
392570 12 0.01 0.35 32.9 0.490374 0.423241 1.87351 0.0289461 0.0263002 703.087
392846 12 0.01 0.35 32.9 0.0959145 0.309309 5.72448 0.016452 0.054927 607.777
392942 12 0.01 0.35 32.9 0.245044 0.0281422 0.429044 0.00580035 0.00322821 618.448
394890 12 0.01 0.35 32.9 0.174316 -0.179652 3.64228 0.0200589 -0.0222911 634.157
395860 12 0.01 0.35 32.9 0.152483 -0.335571 2.23333 0.0100611 -0.0219235 646.119
396181 12 0.01 0.35 32.9 -0.152766 0.27985 0.748441 -0.00307058 0.00455409 633.719
398122 12 0.01 0.35 32.9 -0.34742 -0.280149 2.74718 -0.0282537 -0.0218189 629.685
398660 12 0.01 0.35 32.9 -0.0362192 0.280359 2.44279 -0.00201946 0.0198145 697.17
403074 12 0.01 0.35 32.9 -0.234222 0.491686 1.98587 -0.0148499 0.0289909 698.603
404461 12 0.01 0.35 32.9 -0.0968805 0.0414008 5.60136 -0.0152652 0.00574341 612.934
404488 12 0.01 0.35 32.9 -0.322364 -0.433179 2.53405 -0.0249129 -0.0321014 703.392
406238 12 0.01 0.35 32.9 -0.08317 0.38915 1.09249 -0.00121845 0.0129758 694.977
406975 12 0.01 0.35 32.9 -0.237923 -0.424051 0.849511 -0.00626009 -0.0103126 665.663
407368 12 0.01 0.35 32.9 -0.379516 0.178754 1.66055 -0.0175559 0.00766455 713.619
410457 12 0.01 0.35 32.9 -0.433948 0.464825 3.17681 -0.0410341 0.0458196 653.104
411071 12 0.01 0.35 32.9 -0.247838 -0.0563177 0.759086 -0.00333322 -0.00207739 671.116
411305 12 0.01 0.35 32.9 -0.0636308 -0.114511 3.33162 -0.00754965 -0.0121371 645.676
411775 12 0.01 0.35 32.9 0.138943 -0.178548 1.68198 0.00677329 -0.0055617 655.676
413392 12 0.01 0.35 32.9 0.192175 -0.3497 3.59871 0.0204148 -0.0391862 643.73
414012 12 0.01 0.35 32.9 -0.168144 -0.372779 2.42546 -0.0126549 -0.0272445 689.1
414594 12 0.01 0.35 32.9 -0.371155 0.0117882 1.22978 -0.0141171 -3.5893e-05 671.218
414744 12 0.01 0.35 32.9 0.39387 -0.173794 2.79577 0.0349546 -0.0175056 645.011
415092 12 0.01 0.35 32.9 0.0119909 0.190134 1.32882 -0.000803526 0.00595016 717.366
415109 12 0.01 0.35 32.9 -0.368841 0.229921 1.06968 -0.0126178 0.00803452 624.716
415255 12 0.01 0.35 32.9 0.451052 0.229144 2.93627 0.0379143 0.0201237 692.076
416256 12 0.01 0.35 32.9 0.0174344 0.317924 4.13681 0.00151921 0.0397998 631.391
417050 12 0.01 0.35 32.9 -0.459021 0.0873385 1.91731 -0.0289703 0.00687645 721.005
417529 12 0.01 0.35 32.9 0.437619 0.0541879 1.22286 0.0153692 0.000389522 708.244
418279 12 0.01 0.35 32.9 0.279983 0.215504 1.22485 0.0117321 0.00505343 676.84
419421 12 0.01 0.35 32.9 0.220275 0.101726 1.32676 0.00862382 0.00311966 660.798
419589 12 0.01 0.35 32.9 -0.467744 0.260831 2.78084 -0.0362022 0.0223579 625.564
419868 12 0.01 0.35 32.9 -0.352549 0.119441 2.61108 -0.026588 0.0100616 655.982
420207 12 0.01 0.35 32.9 -0.196926 0.142732 1.43868 -0.010086 0.00704845 670.351
420912 12 0.01 0.35 32.9 0.297897 0.246415 1.92145 0.0189442 0.0151851 702.171
421128 12 0.01 0.35 32.9 -0.432379 0.339435 1.41948 -0.0181309 0.0177127 714.682
422711 12 0.01 0.35 32.9 0.156519 -0.360366 3.41612 0.0160034 -0.033679 646.501
422760 12 0.01 0.35 32.9 -0.445419 0.196491 2.2944 -0.0329675 0.0157547 670.807
422860 12 0.01 0.35 32.9 0.283221 0.24115 3.0943 0.0275995 0.0225781 607.83
425516 12 0.01 0.35 32.9 -0.143818 0.26661 2.02078 -0.00817027 0.0160626 603.802
426566 12 0.01 0.35 32.9 0.214612 0.470819 6.3246 0.0412778 0.0908808 607.486
427183 12 0.01 0.35 32.9 0.40154 0.476702 5.02212 0.0614466 0.0751436 614.88
428085 12 0.01 0.35 32.9 0.361052 -0.407804 4.74201 0.0542289 -0.0583884 638.631
429162 12 0.01 0.35 32.9 -0.324009 0.145117 2.53467 -0.0244589 0.0132478 710.575
429229 12 0.01 0.35 32.9 0.468722 0.19487 1.21239 0.0161107 0.00552374 648.844
430654 12 0.01 0.35 32.9 0.140099 -0.417121 1.91951 0.00840037 -0.0219373 693.309
431862 12 0.01 0.35 32.9 0.293758 -0.0725994 3.86859 0.0328036 -0.00533248 656.365
432148 12 0.01 0.35 32.9 0.35349 -0.184757 2.59866 0.0267404 -0.0131929 702.01
432319 12 0.01 0.35 32.9 0.271401 -0.47546 3.44491 0.0300293 -0.0494551 609.43
434524 12 0.01 0.35 32.9 0.0181723 0.468393 1.6712 0.000767355 0.0233807 627.712
435985 12 0.01 0.35 32.9 0.135732 -0.357109 1.45433 0.00538965 -0.0171301 699.591
436351 12 0.01 0.35 32.9 0.0113334 -0.0126918 2.31643 -0.000474615 -0.0014233 612.715
444237 12 0.01 0.35 32.9 0.075158 -0.364156 1.67049 0.00468484 -0.0188677 635.119
444593 12 0.01 0.35 32.9 0.194748 0.315777 1.64885 0.0101874 0.0163713 680.969
444890 12 0.01 0.35 32.9 0.210574 0.154408 2.08257 0.0139766 0.0105656 634.829
445219 12 0.01 0.35 32.9 0.249108 0.334184 3.03889 0.0241901 0.0330022 678.709
445973 12 0.01 0.35 32.9 -0.179177 0.288767 1.86625 -0.00969243 0.0162089 680.598
446039 12 0.01 0.35 32.9 -0.324517 -0.168604 3.25525 -0.0348172 -0.0165834 665.353
447189 12 0.01 0.35 32.9 0.35831 0.240707 3.26291 0.036892 0.0248604 649.834
447542 12 0.01 0.35 32.9 0.486669 0.0355529 1.56392 0.0242828 0.00246479 637.392
447679 12 0.01 0.35 32.9 -0.0593585 0.362769 1.2243 -0.00244126 0.0138424 674.29
448960 12 0.01 0.35 32.9 0.358735 -0.050525 1.87495 0.0234547 -0.00267078 692.748
449496 12 0.01 0.35 32.9 0.104098 -0.256404 3.41214 0.0137099 -0.0257361 647.351
449879 12 0.01 0.35 32.9 -0.366218 -0.119833 1.57802 -0.0168231 -0.00591323 669.744
449960 12 0.01 0.35 32.9 0.165813 -0.261229 2.41774 0.0123172 -0.0191844 708.123
450780 12 0.01 0.35 32.9 -0.244278 -0.0912634 3.02841 -0.0245623 -0.00600241 673.863
451833 12 0.01 0.35 32.9 0.141493 -0.00625457 2.91059 0.0116488 -0.00238165 651.707
452128 12 0.01 0.35 32.9 0.161579 -0.374751 2.04182 0.0105041 -0.0269427 691.077
452791 12 0.01 0.35 32.9 -0.319567 0.354882 2.34771 -0.022824 0.0264623 601.99
455810 12 0.01 0.35 32.9 0.269304 0.0470786 2.43496 0.022763 0.00469261 650.21
457011 12 0.01 0.35 32.9 0.319823 -0.172333 4.15524 0.0400968 -0.022389 621.643
457257 12 0.01 0.35 32.9 -0.194032 0.42607 2.63037 -0.0156493 0.0328898 652.518
460137 12 0.01 0.35 32.9 -0.17596 0.227665 1.02228 -0.00602525 0.00516884 638.568
460957 12 0.01 0.35 32.9 0.0712555 0.334578 1.94174 0.00420018 0.0201899 689.912
460980 12 0.01 0.35 32.9 -0.35966 -0.200662 3.14655 -0.0330747 -0.0162456 637.533
465331 12 0.01 0.35 32.9 0.356987 0.455898 1.92281 0.0214429 0.0284492 641.601
465894 12 0.01 0.35 32.9 -0.121503 -0.0744222 1.85804 -0.00653868 -0.005115 614.767
466594 12 0.01 0.35 32.9 0.24432 0.30314 3.73668 0.0274639 0.0341791 659.044
466925 12 0.01 0.35 32.9 0.00314224 0.329227 6.06661 0.00142543 0.0623088 614.22
470416 12 0.01 0.35 32.9 0.364692 -0.130932 3.80627 0.0420029 -0.0150177 656.996
470460 12 0.01 0.35 32.9 -0.238482 -0.255352 1.28671 -0.00959539 -0.00863676 672.679
470752 12 0.01 0.35 32.9 -0.0477431 0.188491 3.69798 -0.00626075 0.0193243 635.667
470825 12 0.01 0.35 32.9 -0.00384031 0.190495 2.37494 -0.00309547 0.0125853 711.127
470954 12 0.01 0.35 32.9 0.0260358 -0.235035 2.31078 0.000756408 -0.0169062 680.036
473613 12 0.01 0.35 32.9 0.156514 -0.0536239 4.00075 0.0207813 -0.00548274 644.55
474264 12 0.01 0.35 32.9 0.397128 -0.261668 1.89797 0.0242169 -0.0153757 632.406
475286 12 0.01 0.35 32.9 0.260577 -0.18874 1.28691 0.0118617 -0.0118486 646.221
475921 12 0.01 0.35 32.9 -0.441412 0.198315 3.22643 -0.0438126 0.0184021 673.745
476050 12 0.01 0.35 32.9 -0.315503 -0.299409 0.838561 -0.00924802 -0.00585986 655.94
477920 12 0.01 0.35 32.9 -0.225291 -0.0112282 2.68404 -0.0172067 -0.00162576 684.449
478260 12 0.01 0.35 32.9 0.422126 -0.267053 0.508075 0.00429435 -0.0056594 622.911
478345 12 0.01 0.35 32.9 -0.188361 -0.216598 0.888079 -0.00504622 -0.00475312 655.474
481108 12 0.01 0.35 32.9 0.233426 0.0164661 1.05115 0.00749357 0.00156628 694.728
481930 12 0.01 0.35 32.9 0.0268193 0.366139 3.71467 0.0050374 0.0387979 621.765
487165 12 0.01 0.35 32.9 0.167239 -0.0202029 3.52991 0.0178871 -0.0020791 652.176
491168 12 0.01 0.35 32.9 -0.297571 -0.0286441 3.42013 -0.0310826 -0.00228137 626.817
491471 12 0.01 0.35 32.9 0.34659 -0.150353 1.23446 0.0114142 -0.00716462 662.131
492439 12 0.01 0.35 32.9 -0.226641 -0.474046 1.13558 -0.00559579 -0.0132147 696.79
494643 12 0.01 0.35 32.9 0.264938 -0.033753 3.28528 0.0253081 -0.00194542 645.049
495218 12 0.01 0.35 32.9 0.32797 0.274597 4.62715 0.0468997 0.0364345 617.777
495475 12 0.01 0.35 32.9 0.0931716 0.0260822 1.20844 0.00527646 0.00199369 696.347
496756 12 0.01 0.35 32.9 -0.208466 0.392233 1.23984 -0.00930506 0.0134692 706.082
496810 12 0.01 0.35 32.9 0.0276145 0.264186 2.8856 0.00137279 0.0202224 681.071
497341 12 0.01 0.35 32.9 -0.135616 0.494711 3.93553 -0.0153392 0.0599294 647.509
497410 12 0.01 0.35 32.9 0.0569997 0.371798 0.426621 -0.000528864 0.00677039 629.133
498398 12 0.01 0.35 32.9 -0.277429 0.152005 1.57508 -0.0128054 0.00810805 615.375
