3216 12 0.01 0.35 32.9 0.0765779 -0.314569 1.21754 0.00197152 -0.0111997 591.895
5987 12 0.01 0.35 32.9 -0.472766 0.229883 1.67917 -0.0254504 0.0139277 591.895
6596 12 0.01 0.35 32.9 -0.278096 0.495072 1.72363 -0.0129816 0.0264285 591.895
7295 12 0.01 0.35 32.9 0.25292 0.221714 6.04656 0.0459676 0.0418033 591.895
8676 12 0.01 0.35 32.9 0.149602 0.368057 3.78769 0.0164276 0.0437395 591.895
11090 12 0.01 0.35 32.9 0.343998 0.072163 0.721819 0.0075921 0.00151683 591.895
14843 12 0.01 0.35 32.9 -0.347056 -0.0270832 4.73519 -0.0508328 -0.00208517 591.895
19298 12 0.01 0.35 32.9 -0.0535402 0.0276357 1.00825 -0.000940967 0.00202055 591.895
20426 12 0.01 0.35 32.9 -0.000485953 0.479362 1.97929 0.00117066 0.0298311 591.895
21445 12 0.01 0.35 32.9 0.0578476 0.324773 1.93951 0.0054391 0.0196566 591.895
22558 12 0.01 0.35 32.9 0.295375 0.384915 1.04566 0.0109006 0.0125241 591.895
24635 12 0.01 0.35 32.9 0.119347 0.0534531 4.5855 0.0169631 0.00987492 591.895
26909 12 0.01 0.35 32.9 0.389618 -0.195442 2.16117 0.026039 -0.0115637 591.895
27312 12 0.01 0.35 32.9 -0.0866792 -0.110548 1.87484 -0.00625914 -0.00633108 591.895
27403 12 0.01 0.35 32.9 -0.301726 0.49944 1.16448 -0.0113649 0.0186102 591.895
27795 12 0.01 0.35 32.9 -0.222067 0.245399 2.53575 -0.0186925 0.0195066 591.895
29025 12 0.01 0.35 32.9 -0.256968 -0.152068 5.26597 -0.0390641 -0.0219462 591.895
29903 12 0.01 0.35 32.9 -0.263851 0.449925 1.12027 -0.00968813 0.0155702 591.895
30363 12 0.01 0.35 32.9 0.435128 0.127901 2.33035 0.0306296 0.00927639 591.895
31193 12 0.01 0.35 32.9 -0.307084 0.432451 1.10539 -0.00754997 0.0138205 591.895
31573 12 0.01 0.35 32.9 -0.33726 -0.486391 6.16891 -0.0654084 -0.0900461 591.895
31716 12 0.01 0.35 32.9 0.44155 0.344955 3.43739 0.0480761 0.0381804 591.895
33412 12 0.01 0.35 32.9 0.152427 0.413505 1.31248 0.007271 0.0172829 591.895
34132 12 0.01 0.35 32.9 0.342447 0.151942 2.57536 0.0274799 0.00982227 591.895
34887 12 0.01 0.35 32.9 0.146424 -0.216354 3.98127 0.0168504 -0.0241292 591.895
36230 12 0.01 0.35 32.9 0.496295 0.149987 0.928246 0.0132901 0.00429901 591.895
38576 12 0.01 0.35 32.9 -0.436329 -0.162616 3.16501 -0.0419717 -0.0144391 591.895
38577 12 0.01 0.35 32.9 0.405983 -0.0836089 1.80821 0.0229263 -0.00419149 591.895
41072 12 0.01 0.35 32.9 -0.216655 -0.0472006 5.27469 -0.0356384 -0.00664284 591.895
41840 12 0.01 0.35 32.9 -0.370493 0.00296815 2.68224 -0.0316805 -0.000614353 591.895
42885 12 0.01 0.35 32.9 0.0101353 -0.391051 5.82356 0.00127348 -0.0690999 591.895
43937 12 0.01 0.35 32.9 -0.49235 0.306402 2.23689 -0.03155 0.0201158 591.895
47797 12 0.01 0.35 32.9 0.282872 0.329005 1.8159 0.015658 0.0204384 591.895
49863 12 0.01 0.35 32.9 0.0176513 -0.347831 1.45018 0.00113605 -0.0138153 591.895
50207 12 0.01 0.35 32.9 0.174375 0.439757 1.83587 0.0077331 0.0284609 591.895
52946 12 0.01 0.35 32.9 -0.0555759 0.266881 2.7708 -0.00627404 0.0227373 591.895
54543 12 0.01 0.35 32.9 -0.306831 -0.00874436 2.75596 -0.0264708 0.00194459 591.895
55173 12 0.01 0.35 32.9 -0.123651 -0.375242 1.71647 -0.0063328 -0.0182414 591.895
55626 12 0.01 0.35 32.9 0.179704 -0.0456494 2.46222 0.0113765 -0.00453994 591.895
57607 12 0.01 0.35 32.9 0.155411 -0.197928 2.91514 0.0144317 -0.0158495 591.895
62061 12 0.01 0.35 32.9 0.379217 0.145083 3.13276 0.0362538 0.0145433 591.895
62941 12 0.01 0.35 32.9 -0.422397 0.260611 1.2182 -0.0165182 0.0107639 591.895
63291 12 0.01 0.35 32.9 0.295355 -0.0708182 5.16171 0.0468123 -0.0100212 591.895
63694 12 0.01 0.35 32.9 0.395094 0.347844 0.667758 0.00859381 0.0111275 591.895
64819 12 0.01 0.35 32.9 0.0715992 0.418865 1.7727 0.002294 0.0223525 591.895
66596 12 0.01 0.35 32.9 0.425588 -0.37152 1.83728 0.0271449 -0.0228774 591.895
66715 12 0.01 0.35 32.9 0.130832 0.422839 1.54225 0.00549274 0.0234199 591.895
72907 12 0.01 0.35 32.9 -0.461923 -0.347544 2.16883 -0.0299591 -0.0227423 591.895
78282 12 0.01 0.35 32.9 0.250068 0.100105 3.47241 0.0251243 0.0115281 591.895
79709 12 0.01 0.35 32.9 -0.163779 0.43394 0.930693 -0.00598491 0.0125311 591.895
83511 12 0.01 0.35 32.9 -0.319259 -0.027767 8.70156 -0.0844847 -0.00817045 591.895
87628 12 0.01 0.35 32.9 0.318303 -0.405187 2.69672 0.0274971 -0.0339772 591.895
88996 12 0.01 0.35 32.9 0.488225 -0.139856 1.04875 0.0154275 -0.00326364 591.895
91852 12 0.01 0.35 32.9 -0.219705 0.466388 2.84 -0.0209193 0.0406496 591.895
92305 12 0.01 0.35 32.9 -0.110369 0.0514515 1.25799 -0.00659908 0.00314876 591.895
94585 12 0.01 0.35 32.9 -0.338313 0.0629904 1.46742 -0.0140556 0.00318248 591.895
96724 12 0.01 0.35 32.9 -0.479808 -0.200714 1.23803 -0.0161035 -0.00674851 591.895
102147 12 0.01 0.35 32.9 0.372077 0.0914113 1.48863 0.0167945 0.00483658 591.895
102344 12 0.01 0.35 32.9 -0.436093 -0.101748 2.36619 -0.0294212 -0.00654154 591.895
105691 12 0.01 0.35 32.9 -0.301628 -0.189609 0.312647 -0.00247338 0.00175163 591.895
107378 12 0.01 0.35 32.9 0.33161 0.235313 1.1181 0.0115548 0.00873927 591.895
108743 12 0.01 0.35 32.9 -0.442846 -0.0607763 3.667 -0.0492533 -0.006648 591.895
110749 12 0.01 0.35 32.9 -0.253485 -0.335214 1.85771 -0.015954 -0.0167173 591.895
112072 12 0.01 0.35 32.9 0.360316 -0.310631 5.21444 0.0579042 -0.0495229 591.895
112830 12 0.01 0.35 32.9 0.403553 0.0367872 1.53198 0.0198193 0.00219104 591.895
113047 12 0.01 0.35 32.9 0.427617 -0.42118 2.91111 0.0369843 -0.0390528 591.895
115041 12 0.01 0.35 32.9 0.408812 0.405777 1.4445 0.0150753 0.018232 591.895
115559 12 0.01 0.35 32.9 0.498577 0.140624 2.96557 0.0436178 0.0148494 591.895
117242 12 0.01 0.35 32.9 0.0210304 -0.343072 2.6654 -0.000390654 -0.0281752 591.895
117554 12 0.01 0.35 32.9 0.319515 0.04491 7.22326 0.072998 0.00917805 591.895
118070 12 0.01 0.35 32.9 0.26463 -0.270282 1.36097 0.00808758 -0.0116914 591.895
118547 12 0.01 0.35 32.9 0.209361 0.452509 0.825601 0.00505006 0.0129807 591.895
129007 12 0.01 0.35 32.9 -0.296333 -0.339589 1.97628 -0.0174234 -0.0213659 591.895
130267 12 0.01 0.35 32.9 0.304131 0.218823 3.38494 0.0315485 0.0233508 591.895
130858 12 0.01 0.35 32.9 0.480614 -0.16712 1.08694 0.0171449 -0.00353217 591.895
131127 12 0.01 0.35 32.9 0.0850037 -0.25348 1.44289 0.00114804 -0.0106263 591.895
133510 12 0.01 0.35 32.9 -0.454695 0.226802 2.57033 -0.0365201 0.0178607 591.895
133983 12 0.01 0.35 32.9 0.214434 0.417045 11.2482 0.0741377 0.14366 591.895
135429 12 0.01 0.35 32.9 -0.0600405 0.482739 3.53913 -0.00865685 0.052959 591.895
138130 12 0.01 0.35 32.9 0.0806686 -0.24427 1.16982 0.00348624 -0.00811097 591.895
138252 12 0.01 0.35 32.9 0.0274627 -0.400058 2.38132 0.00268791 -0.0279063 591.895
138521 12 0.01 0.35 32.9 -0.332456 0.153522 1.24031 -0.0146327 0.00642169 591.895
147242 12 0.01 0.35 32.9 -0.215634 -0.0597039 1.72089 -0.00996732 -0.00304946 591.895
151183 12 0.01 0.35 32.9 0.243263 0.464271 2.21999 0.016988 0.0319682 591.895
152389 12 0.01 0.35 32.9 -0.489954 -0.33324 0.621682 -0.00816349 -0.00501866 591.895
152654 12 0.01 0.35 32.9 0.444938 0.309943 0.693256 0.0105801 0.00904254 591.895
153569 12 0.01 0.35 32.9 0.200835 -0.102605 2.67949 0.0160994 -0.00856289 591.895
160068 12 0.01 0.35 32.9 -0.219374 0.198868 1.45393 -0.00769828 0.0105576 591.895
162237 12 0.01 0.35 32.9 0.401143 -0.223916 1.11452 0.0126246 -0.00854681 591.895
162968 12 0.01 0.35 32.9 0.238144 -0.493713 1.18721 0.010297 -0.0186626 591.895
163487 12 0.01 0.35 32.9 -0.0596828 0.258092 1.65661 -0.00222646 0.0134646 591.895
163759 12 0.01 0.35 32.9 0.272946 0.361916 2.07467 0.0164438 0.0268818 591.895
165633 12 0.01 0.35 32.9 -0.0263099 -0.0768334 2.6871 -0.00110176 -0.0030568 591.895
168263 12 0.01 0.35 32.9 0.464574 -0.0455176 3.70946 0.049149 -0.00454122 591.895
168978 12 0.01 0.35 32.9 0.248179 -0.160082 3.19457 0.0244329 -0.0141174 591.895
171618 12 0.01 0.35 32.9 -0.389165 -0.179931 7.03929 -0.0814565 -0.038361 591.895
172625 12 0.01 0.35 32.9 0.233179 -0.333524 2.15069 0.0163552 -0.0201716 591.895
175870 12 0.01 0.35 32.9 0.460427 -0.474566 6.20395 0.0856596 -0.0880875 591.895
176047 12 0.01 0.35 32.9 0.362841 -0.172942 8.29237 0.0945588 -0.0402261 591.895
176852 12 0.01 0.35 32.9 0.231752 -0.0778898 2.19333 0.0164869 -0.00338101 591.895
178016 12 0.01 0.35 32.9 0.350239 0.428079 2.17794 0.018089 0.0298783 591.895
178110 12 0.01 0.35 32.9 -0.15377 0.312984 0.91105 -0.00197167 0.0105666 591.895
181192 12 0.01 0.35 32.9 -0.253256 0.225344 2.66506 -0.0218893 0.0175386 591.895
184812 12 0.01 0.35 32.9 -0.32804 0.0820097 1.96335 -0.0198228 0.00700756 591.895
185538 12 0.01 0.35 32.9 0.235428 0.34262 6.91172 0.0497877 0.0727951 591.895
186001 12 0.01 0.35 32.9 0.10127 -0.225481 1.02347 0.0023371 -0.00474461 591.895
186156 12 0.01 0.35 32.9 -0.147751 0.397781 0.503303 -0.00344379 0.00636246 591.895
189131 12 0.01 0.35 32.9 0.366507 0.111903 1.8615 0.0215238 0.00647761 591.895
189691 12 0.01 0.35 32.9 -0.257355 -0.307069 0.575064 -0.0055356 -0.00412368 591.895
198801 12 0.01 0.35 32.9 0.150099 0.39971 6.5643 0.0304355 0.082285 591.895
199647 12 0.01 0.35 32.9 -0.471078 -0.484224 1.4092 -0.0206553 -0.0195301 591.895
199743 12 0.01 0.35 32.9 -0.419545 -0.0688836 2.43053 -0.0290506 -0.00413393 591.895
203181 12 0.01 0.35 32.9 -0.272454 -0.268412 5.09807 -0.0417446 -0.0429645 591.895
203393 12 0.01 0.35 32.9 0.0428865 -0.173026 2.46789 0.00308065 -0.0136158 591.895
204564 12 0.01 0.35 32.9 -0.215849 0.102025 3.36446 -0.0210635 0.00819789 591.895
205135 12 0.01 0.35 32.9 0.25885 -0.358535 1.11033 0.0082971 -0.013278 591.895
205762 12 0.01 0.35 32.9 0.199404 -0.0754838 4.45812 0.0263734 -0.0104744 591.895
206401 12 0.01 0.35 32.9 -0.318906 0.0654349 6.93052 -0.0696829 0.0143243 591.895
206405 12 0.01 0.35 32.9 -0.418293 0.0689316 1.58852 -0.0212729 0.00254351 591.895
208144 12 0.01 0.35 32.9 -0.443092 -0.404256 2.53357 -0.0327593 -0.0309189 591.895
209109 12 0.01 0.35 32.9 0.126974 0.423911 1.2581 0.00881779 0.0144652 591.895
209170 12 0.01 0.35 32.9 0.0842017 -0.0550697 1.34321 0.00196751 -0.000543085 591.895
210916 12 0.01 0.35 32.9 -0.0244733 0.252879 2.1463 -0.00154044 0.0174701 591.895
211035 12 0.01 0.35 32.9 0.000254581 0.18781 2.76792 -0.00117858 0.0165704 591.895
213347 12 0.01 0.35 32.9 -0.364894 -0.382424 2.35976 -0.0236319 -0.027898 591.895
213802 12 0.01 0.35 32.9 -0.346516 -0.19703 3.3927 -0.0380926 -0.0184157 591.895
214419 12 0.01 0.35 32.9 0.0431604 -0.0409601 2.40442 0.00267338 -0.00228628 591.895
215244 12 0.01 0.35 32.9 0.403173 0.281699 12.9523 0.160275 0.113135 591.895
216540 12 0.01 0.35 32.9 -0.0454378 0.472766 3.01751 -0.00456183 0.0428625 591.895
217427 12 0.01 0.35 32.9 0.386395 -0.126021 4.56557 0.0530607 -0.0187623 591.895
218170 12 0.01 0.35 32.9 -0.335365 -0.25202 1.4725 -0.0140038 -0.0117768 591.895
218535 12 0.01 0.35 32.9 -0.280714 -0.363521 1.51413 -0.0106916 -0.0151224 591.895
221607 12 0.01 0.35 32.9 0.378157 -0.0293823 2.77935 0.0330189 -0.00228149 591.895
222436 12 0.01 0.35 32.9 -0.417317 -0.470174 0.812587 -0.0105181 -0.00920808 591.895
224209 12 0.01 0.35 32.9 -0.413747 0.387383 1.43867 -0.0178962 0.0165875 591.895
224347 12 0.01 0.35 32.9 0.339874 -0.0585987 2.94449 0.0289802 -0.00261069 591.895
225024 12 0.01 0.35 32.9 -0.37219 0.453761 2.36871 -0.0272707 0.0337821 591.895
225090 12 0.01 0.35 32.9 -0.473692 0.314732 0.953762 -0.0139358 0.00967548 591.895
226025 12 0.01 0.35 32.9 0.0783944 -0.174377 3.62165 0.00947045 -0.0176063 591.895
227477 12 0.01 0.35 32.9 0.139532 -0.477538 1.76779 0.0061562 -0.0265968 591.895
227572 12 0.01 0.35 32.9 0.353708 -0.0460888 1.4652 0.0152022 -0.00366053 591.895
229568 12 0.01 0.35 32.9 -0.155192 -0.380484 6.06189 -0.0300682 -0.0693064 591.895
229923 12 0.01 0.35 32.9 -0.0677201 -0.0731811 1.23084 -0.00525441 -0.00389477 591.895
235524 12 0.01 0.35 32.9 0.0268147 -0.34665 1.30033 0.00238995 -0.0126963 591.895
238775 12 0.01 0.35 32.9 -0.394999 -0.262715 2.61807 -0.0309041 -0.0192855 591.895
239352 12 0.01 0.35 32.9 -0.404093 -0.367936 2.99938 -0.0362739 -0.0323647 591.895
239503 12 0.01 0.35 32.9 -0.0875806 0.105929 2.7162 -0.00817021 0.00836365 591.895
239706 12 0.01 0.35 32.9 0.195349 -0.248227 2.29581 0.0137915 -0.0160806 591.895
240751 12 0.01 0.35 32.9 -0.108654 0.318489 6.27284 -0.0204188 0.0625679 591.895
240968 12 0.01 0.35 32.9 -0.423007 -0.0513717 1.38028 -0.0203078 -0.000274318 591.895
241302 12 0.01 0.35 32.9 -0.21653 -0.198209 2.02474 -0.0104878 -0.00991326 591.895
241871 12 0.01 0.35 32.9 -0.129574 0.254737 3.62924 -0.014309 0.0287734 591.895
241904 12 0.01 0.35 32.9 0.0647647 -0.0138641 2.57222 0.00514624 -0.00334833 591.895
241962 12 0.01 0.35 32.9 -0.213992 -0.289038 0.994983 -0.00801847 -0.00991702 591.895
242604 12 0.01 0.35 32.9 -0.280876 -0.303302 1.99449 -0.0164256 -0.0183458 591.895
243124 12 0.01 0.35 32.9 0.0712174 -0.0248241 1.31045 0.00435836 0.000687978 591.895
245064 12 0.01 0.35 32.9 0.16117 -0.108462 2.97427 0.0142643 -0.0113076 591.895
245346 12 0.01 0.35 32.9 -0.149855 0.301702 1.38228 -0.00809245 0.0157562 591.895
251038 12 0.01 0.35 32.9 -0.0345831 0.158411 1.03506 0.00127139 0.00529423 591.895
251213 12 0.01 0.35 32.9 0.0295614 -0.108923 1.03474 0.00188667 -0.000419122 591.895
253732 12 0.01 0.35 32.9 0.306942 -0.15551 1.39419 0.0133975 -0.00888417 591.895
256189 12 0.01 0.35 32.9 0.219102 -0.345058 3.35655 0.023242 -0.0340475 591.895
256190 12 0.01 0.35 32.9 -0.205804 -0.438338 3.0212 -0.017611 -0.0410414 591.895
257113 12 0.01 0.35 32.9 0.496995 0.133648 1.55719 0.0237767 0.00672279 591.895
263226 12 0.01 0.35 32.9 0.0876287 0.382354 5.26323 0.0130253 0.0604904 591.895
263305 12 0.01 0.35 32.9 0.477133 -0.259631 6.5331 0.0952749 -0.0496762 591.895
264182 12 0.01 0.35 32.9 0.211483 0.184062 6.71082 0.0445347 0.0385277 591.895
265633 12 0.01 0.35 32.9 0.158366 0.459895 2.45288 0.0113862 0.0346476 591.895
268362 12 0.01 0.35 32.9 -0.313283 0.133487 2.7864 -0.0276921 0.010806 591.895
269800 12 0.01 0.35 32.9 0.491822 0.313732 3.20095 0.0462684 0.0320205 591.895
270093 12 0.01 0.35 32.9 0.38099 0.232866 1.58271 0.0167972 0.0110263 591.895
270818 12 0.01 0.35 32.9 -0.379722 0.0521036 0.44004 -0.00553313 0.00258979 591.895
272820 12 0.01 0.35 32.9 0.410823 0.358004 3.91801 0.0474109 0.0448181 591.895
275876 12 0.01 0.35 32.9 -0.486499 -0.29978 18.3016 -0.272844 -0.164456 591.895
275918 12 0.01 0.35 32.9 0.0610836 0.0358626 1.67714 -3.97227e-05 0.00254488 591.895
277701 12 0.01 0.35 32.9 -0.264878 0.142424 3.28821 -0.0239852 0.0142667 591.895
278584 12 0.01 0.35 32.9 -0.322306 -0.439335 5.87963 -0.0590216 -0.0793154 591.895
278673 12 0.01 0.35 32.9 -0.198847 -0.0425673 1.59812 -0.00889006 -0.00187361 591.895
278866 12 0.01 0.35 32.9 0.261982 -0.341929 1.83281 0.0152097 -0.0193976 591.895
278890 12 0.01 0.35 32.9 0.410145 0.149831 2.79609 0.0370091 0.0143806 591.895
278906 12 0.01 0.35 32.9 0.336154 -0.109388 6.58353 0.0696641 -0.0218899 591.895
283117 12 0.01 0.35 32.9 0.000815727 -0.348914 4.27233 -8.36836e-06 -0.0441547 591.895
286027 12 0.01 0.35 32.9 -0.29676 0.380579 3.23801 -0.027422 0.0368359 591.895
288038 12 0.01 0.35 32.9 0.179235 0.292195 6.0441 0.0352841 0.0559762 591.895
288412 12 0.01 0.35 32.9 -0.205122 0.108828 1.50965 -0.00994661 0.00551796 591.895
288436 12 0.01 0.35 32.9 -0.189412 -0.431153 4.49544 -0.02398 -0.0589713 591.895
288874 12 0.01 0.35 32.9 0.379263 0.107852 3.42452 0.040453 0.012959 591.895
290019 12 0.01 0.35 32.9 0.0539479 -0.0446506 3.78509 0.00654394 -0.00464203 591.895
292775 12 0.01 0.35 32.9 -0.460536 0.165865 1.95567 -0.026808 0.0102908 591.895
294831 12 0.01 0.35 32.9 0.319049 0.0983622 2.02632 0.0181579 0.00667463 591.895
295208 12 0.01 0.35 32.9 -0.174472 0.188106 1.08384 -0.0046394 0.006054 591.895
297561 12 0.01 0.35 32.9 0.225688 0.309115 2.27646 0.013993 0.023778 591.895
297574 12 0.01 0.35 32.9 -0.138315 -0.385104 4.53999 -0.0200801 -0.0537782 591.895
298063 12 0.01 0.35 32.9 0.245779 -0.492749 2.50383 0.0178466 -0.0366574 591.895
300079 12 0.01 0.35 32.9 0.170316 -0.132692 4.36359 0.0254175 -0.0159624 591.895
300448 12 0.01 0.35 32.9 0.324369 0.492374 1.55488 0.0147503 0.0241083 591.895
300853 12 0.01 0.35 32.9 -0.178899 0.0450356 0.580001 -0.00478209 0.00117846 591.895
301418 12 0.01 0.35 32.9 -0.429391 -0.0433236 0.419879 -0.00460944 0.000823879 591.895
301568 12 0.01 0.35 32.9 0.158853 0.0123236 3.01903 0.013717 0.000991026 591.895
302588 12 0.01 0.35 32.9 -0.474242 0.0630077 2.38295 -0.0360403 0.00287791 591.895
303633 12 0.01 0.35 32.9 0.0647708 -0.137637 1.35434 0.00230118 -0.00579917 591.895
313220 12 0.01 0.35 32.9 -0.316883 0.259981 4.72997 -0.0444245 0.0381149 591.895
315969 12 0.01 0.35 32.9 -0.352323 0.316688 7.58788 -0.0821201 0.0727755 591.895
316887 12 0.01 0.35 32.9 -0.168241 -0.492166 4.64683 -0.0250219 -0.0678903 591.895
318740 12 0.01 0.35 32.9 0.127446 -0.294133 1.25099 0.0044736 -0.0126 591.895
319502 12 0.01 0.35 32.9 -0.324307 0.402209 1.87762 -0.0177483 0.0235905 591.895
321595 12 0.01 0.35 32.9 -0.0459045 0.112922 5.64246 -0.0075161 0.0191752 591.895
323433 12 0.01 0.35 32.9 0.441694 0.496582 0.695639 0.00808937 0.0138347 591.895
324331 12 0.01 0.35 32.9 -0.338071 0.33487 3.59039 -0.0371507 0.0384055 591.895
328610 12 0.01 0.35 32.9 0.108077 -0.306649 1.2456 0.00172958 -0.0113797 591.895
328734 12 0.01 0.35 32.9 -0.342143 -0.0145319 3.38971 -0.0374898 -0.000849914 591.895
329138 12 0.01 0.35 32.9 0.426119 -0.245114 1.07951 0.0124658 -0.00806378 591.895
329200 12 0.01 0.35 32.9 -0.416248 0.392758 3.21625 -0.0398388 0.0408547 591.895
330018 12 0.01 0.35 32.9 0.0967763 0.462245 1.03065 0.00209123 0.0144397 591.895
331723 12 0.01 0.35 32.9 0.190635 0.424742 1.25864 0.00845098 0.0152051 591.895
332144 12 0.01 0.35 32.9 0.106789 0.0920579 1.76472 0.00507933 0.00615354 591.895
333638 12 0.01 0.35 32.9 -0.338367 0.355934 9.05982 -0.0930074 0.0983261 591.895
334256 12 0.01 0.35 32.9 0.1148 -0.274858 1.68976 0.00677738 -0.0134331 591.895
335007 12 0.01 0.35 32.9 -0.222664 -0.407563 2.97324 -0.0203005 -0.0373855 591.895
338842 12 0.01 0.35 32.9 -0.11665 0.441842 1.51505 -0.00601064 0.0207779 591.895
339418 12 0.01 0.35 32.9 0.464896 -0.120123 1.44293 0.0209749 -0.00431923 591.895
340256 12 0.01 0.35 32.9 0.4976 0.154792 2.57464 0.0370425 0.0133068 591.895
340653 12 0.01 0.35 32.9 -0.208977 0.0793009 2.38278 -0.0146592 0.00627773 591.895
340669 12 0.01 0.35 32.9 -0.457726 0.240624 1.39165 -0.0192262 0.0117137 591.895
343652 12 0.01 0.35 32.9 0.244957 0.0362771 3.3157 0.0239255 0.00371096 591.895
347315 12 0.01 0.35 32.9 0.243626 -0.429235 3.17993 0.0227601 -0.0433129 591.895
351177 12 0.01 0.35 32.9 0.0234011 -0.0530148 1.51189 0.00155034 -0.00360743 591.895
351714 12 0.01 0.35 32.9 -0.336924 0.388113 1.60803 -0.0186337 0.017385 591.895
358972 12 0.01 0.35 32.9 -0.30581 0.192349 6.22476 -0.0562879 0.0361908 591.895
359612 12 0.01 0.35 32.9 -0.0267193 -0.133559 2.78941 -0.00183765 -0.00973412 591.895
361095 12 0.01 0.35 32.9 0.290363 0.0360692 7.23967 0.062189 0.00790034 591.895
363071 12 0.01 0.35 32.9 -0.0959385 0.234983 1.31383 -0.00596792 0.00782556 591.895
363433 12 0.01 0.35 32.9 0.450423 0.138034 1.8484 0.0250787 0.00807698 591.895
363535 12 0.01 0.35 32.9 0.215503 0.0312982 1.96967 0.0121468 0.00289282 591.895
364542 12 0.01 0.35 32.9 -0.267447 0.448485 3.01819 -0.0249369 0.0410145 591.895
365320 12 0.01 0.35 32.9 -0.233398 -0.381135 1.72211 -0.0147119 -0.0212991 591.895
365797 12 0.01 0.35 32.9 -0.0510213 -0.231739 2.17932 -0.00179466 -0.0146835 591.895
368290 12 0.01 0.35 32.9 0.266558 0.116079 2.61477 0.0214314 0.012226 591.895
370467 12 0.01 0.35 32.9 0.325304 0.415367 1.39571 0.0137046 0.017672 591.895
371541 12 0.01 0.35 32.9 0.197421 0.255838 1.44568 0.00992475 0.0136974 591.895
371734 12 0.01 0.35 32.9 0.17141 -0.391664 1.64641 0.00825756 -0.0177094 591.895
372000 12 0.01 0.35 32.9 -0.225095 -0.231984 3.10872 -0.0197256 -0.0219278 591.895
375515 12 0.01 0.35 32.9 -0.215165 -0.00259072 2.15124 -0.0124011 0.00268168 591.895
375772 12 0.01 0.35 32.9 0.0217773 0.445086 2.79902 0.00434224 0.0388649 591.895
376830 12 0.01 0.35 32.9 0.109091 0.152802 1.20248 0.00424648 0.0049466 591.895
377153 12 0.01 0.35 32.9 0.033054 0.0675535 2.22764 0.00341667 0.00747082 591.895
378219 12 0.01 0.35 32.9 -0.274396 0.254272 3.13143 -0.0265332 0.0234654 591.895
378446 12 0.01 0.35 32.9 0.243802 0.332675 2.83804 0.0216117 0.0296163 591.895
378859 12 0.01 0.35 32.9 0.0719923 0.0350446 1.86895 0.00340243 0.00107601 591.895
380572 12 0.01 0.35 32.9 0.190894 -0.448686 4.63517 0.0276919 -0.0598601 591.895
384162 12 0.01 0.35 32.9 -0.226258 0.16932 2.05217 -0.0146987 0.00878305 591.895
385863 12 0.01 0.35 32.9 0.141859 -0.195017 5.24587 0.0228136 -0.0291647 591.895
390999 12 0.01 0.35 32.9 0.16387 0.189228 3.64239 0.0167287 0.0217816 591.895
392570 12 0.01 0.35 32.9 0.490374 0.423241 1.87351 0.0289461 0.0263002 591.895
392942 12 0.01 0.35 32.9 0.245044 0.0281422 0.429044 0.00580035 0.00322821 591.895
395860 12 0.01 0.35 32.9 0.152483 -0.335571 2.23333 0.0100611 -0.0219235 591.895
398122 12 0.01 0.35 32.9 -0.34742 -0.280149 2.74718 -0.0282537 -0.0218189 591.895
404488 12 0.01 0.35 32.9 -0.322364 -0.433179 2.53405 -0.0249129 -0.0321014 591.895
410457 12 0.01 0.35 32.9 -0.433948 0.464825 3.17681 -0.0410341 0.0458196 591.895
411775 12 0.01 0.35 32.9 0.138943 -0.178548 1.68198 0.00677329 -0.0055617 591.895
415255 12 0.01 0.35 32.9 0.451052 0.229144 2.93627 0.0379143 0.0201237 591.895
416256 12 0.01 0.35 32.9 0.0174344 0.317924 4.13681 0.00151921 0.0397998 591.895
417050 12 0.01 0.35 32.9 -0.459021 0.0873385 1.91731 -0.0289703 0.00687645 591.895
419421 12 0.01 0.35 32.9 0.220275 0.101726 1.32676 0.00862382 0.00311966 591.895
419868 12 0.01 0.35 32.9 -0.352549 0.119441 2.61108 -0.026588 0.0100616 591.895
420207 12 0.01 0.35 32.9 -0.196926 0.142732 1.43868 -0.010086 0.00704845 591.895
420912 12 0.01 0.35 32.9 0.297897 0.246415 1.92145 0.0189442 0.0151851 591.895
421128 12 0.01 0.35 32.9 -0.432379 0.339435 1.41948 -0.0181309 0.0177127 591.895
422711 12 0.01 0.35 32.9 0.156519 -0.360366 3.41612 0.0160034 -0.033679 591.895
422760 12 0.01 0.35 32.9 -0.445419 0.196491 2.2944 -0.0329675 0.0157547 591.895
425516 12 0.01 0.35 32.9 -0.143818 0.26661 2.02078 -0.00817027 0.0160626 591.895
426566 12 0.01 0.35 32.9 0.214612 0.470819 6.3246 0.0412778 0.0908808 591.895
427183 12 0.01 0.35 32.9 0.40154 0.476702 5.02212 0.0614466 0.0751436 591.895
429162 12 0.01 0.35 32.9 -0.324009 0.145117 2.53467 -0.0244589 0.0132478 591.895
430654 12 0.01 0.35 32.9 0.140099 -0.417121 1.91951 0.00840037 -0.0219373 591.895
431862 12 0.01 0.35 32.9 0.293758 -0.0725994 3.86859 0.0328036 -0.00533248 591.895
432148 12 0.01 0.35 32.9 0.35349 -0.184757 2.59866 0.0267404 -0.0131929 591.895
432319 12 0.01 0.35 32.9 0.271401 -0.47546 3.44491 0.0300293 -0.0494551 591.895
434524 12 0.01 0.35 32.9 0.0181723 0.468393 1.6712 0.000767355 0.0233807 591.895
444237 12 0.01 0.35 32.9 0.075158 -0.364156 1.67049 0.00468484 -0.0188677 591.895
444890 12 0.01 0.35 32.9 0.210574 0.154408 2.08257 0.0139766 0.0105656 591.895
445219 12 0.01 0.35 32.9 0.249108 0.334184 3.03889 0.0241901 0.0330022 591.895
446039 12 0.01 0.35 32.9 -0.324517 -0.168604 3.25525 -0.0348172 -0.0165834 591.895
449496 12 0.01 0.35 32.9 0.104098 -0.256404 3.41214 0.0137099 -0.0257361 591.895
450780 12 0.01 0.35 32.9 -0.244278 -0.0912634 3.02841 -0.0245623 -0.00600241 591.895
451833 12 0.01 0.35 32.9 0.141493 -0.00625457 2.91059 0.0116488 -0.00238165 591.895
452791 12 0.01 0.35 32.9 -0.319567 0.354882 2.34771 -0.022824 0.0264623 591.895
455810 12 0.01 0.35 32.9 0.269304 0.0470786 2.43496 0.022763 0.00469261 591.895
457011 12 0.01 0.35 32.9 0.319823 -0.172333 4.15524 0.0400968 -0.022389 591.895
457257 12 0.01 0.35 32.9 -0.194032 0.42607 2.63037 -0.0156493 0.0328898 591.895
460980 12 0.01 0.35 32.9 -0.35966 -0.200662 3.14655 -0.0330747 -0.0162456 591.895
465331 12 0.01 0.35 32.9 0.356987 0.455898 1.92281 0.0214429 0.0284492 591.895
466925 12 0.01 0.35 32.9 0.00314224 0.329227 6.06661 0.00142543 0.0623088 591.895
470460 12 0.01 0.35 32.9 -0.238482 -0.255352 1.28671 -0.00959539 -0.00863676 591.895
470954 12 0.01 0.35 32.9 0.0260358 -0.235035 2.31078 0.000756408 -0.0169062 591.895
474264 12 0.01 0.35 32.9 0.397128 -0.261668 1.89797 0.0242169 -0.0153757 591.895
476050 12 0.01 0.35 32.9 -0.315503 -0.299409 0.838561 -0.00924802 -0.00585986 591.895
477920 12 0.01 0.35 32.9 -0.225291 -0.0112282 2.68404 -0.0172067 -0.00162576 591.895
478345 12 0.01 0.35 32.9 -0.188361 -0.216598 0.888079 -0.00504622 -0.00475312 591.895
481108 12 0.01 0.35 32.9 0.233426 0.0164661 1.05115 0.00749357 0.00156628 591.895
487165 12 0.01 0.35 32.9 0.167239 -0.0202029 3.52991 0.0178871 -0.0020791 591.895
492439 12 0.01 0.35 32.9 -0.226641 -0.474046 1.13558 -0.00559579 -0.0132147 591.895
495218 12 0.01 0.35 32.9 0.32797 0.274597 4.62715 0.0468997 0.0364345 591.895
495475 12 0.01 0.35 32.9 0.0931716 0.0260822 1.20844 0.00527646 0.00199369 591.895
497341 12 0.01 0.35 32.9 -0.135616 0.494711 3.93553 -0.0153392 0.0599294 591.895
497410 12 0.01 0.35 32.9 0.0569997 0.371798 0.426621 -0.000528864 0.00677039 591.895
498398 12 0.01 0.35 32.9 -0.277429 0.152005 1.57508 -0.0128054 0.00810805 591.895
