301 14 0.01 0.4 32.9 0.215934 0.281239 9.99906 0.0675415 0.0873602 33.1271
1838 14 0.01 0.4 32.9 -0.412102 -0.167294 6.44127 -0.0789547 -0.0336322 35.9512
2069 14 0.01 0.4 32.9 0.00215764 -0.216154 4.45064 0.00147402 -0.0303178 37.5867
2385 14 0.01 0.4 32.9 0.378983 -0.104348 4.83749 0.0564068 -0.0165291 33.8624
3960 14 0.01 0.4 32.9 -0.38643 -0.117249 6.65491 -0.0790599 -0.0246864 33.2951
4796 14 0.01 0.4 32.9 0.43571 -0.498172 5.0906 0.0686846 -0.0750958 38.182
5410 14 0.01 0.4 32.9 0.18206 0.449702 6.34683 0.0368675 0.0850453 34.6336
5844 14 0.01 0.4 32.9 0.0271915 0.203598 2.46096 0.00142577 0.0159515 36.1793
7662 14 0.01 0.4 32.9 -0.178851 -0.316601 4.71859 -0.0245114 -0.0443701 36.8392
8122 14 0.01 0.4 32.9 0.466969 0.254133 13.5912 0.194683 0.103426 32.0793
8653 14 0.01 0.4 32.9 0.199674 -0.0613817 4.16752 0.0252807 -0.00743248 33.9893
10079 14 0.01 0.4 32.9 -0.385909 0.130734 3.91329 -0.0469478 0.0177012 33.7694
10666 14 0.01 0.4 32.9 -0.191408 -0.247518 4.33392 -0.023068 -0.0343724 33.3874
11081 14 0.01 0.4 32.9 -0.0662578 -0.382141 2.84039 -0.00591495 -0.0321485 35.0893
11807 14 0.01 0.4 32.9 -0.12709 0.054464 4.29704 -0.0168643 0.00856062 37.3481
12521 14 0.01 0.4 32.9 0.441938 0.298174 22.1003 0.29766 0.202476 31.0597
13719 14 0.01 0.4 32.9 -0.259537 -0.146441 1.30696 -0.0135861 -0.00573905 34.8216
18659 14 0.01 0.4 32.9 -0.186196 -0.456844 6.64907 -0.0390679 -0.0932497 35.5177
18849 14 0.01 0.4 32.9 0.221566 0.437195 3.20452 0.0235518 0.0409184 35.8179
18926 14 0.01 0.4 32.9 0.375238 0.146577 4.96167 0.056818 0.0219861 35.63
19119 14 0.01 0.4 32.9 -0.0352481 -0.272385 5.45655 -0.0052912 -0.0463419 36.8835
19310 14 0.01 0.4 32.9 0.0243329 0.321041 12.4344 0.0109741 0.121913 33.3419
19716 14 0.01 0.4 32.9 0.263328 0.133139 4.52934 0.0365715 0.0186379 36.4075
19982 14 0.01 0.4 32.9 0.294473 -0.305709 6.47501 0.0553957 -0.0610115 33.8764
20454 14 0.01 0.4 32.9 -0.377731 0.208337 3.7235 -0.0410931 0.0233944 36.8586
21604 14 0.01 0.4 32.9 0.249162 0.467391 4.53231 0.0330216 0.0611361 34.4618
22061 14 0.01 0.4 32.9 0.08995 0.200224 6.24994 0.0186505 0.0386183 36.9598
22309 14 0.01 0.4 32.9 -0.394632 -0.285092 1.42829 -0.0173839 -0.0136335 33.2417
24861 14 0.01 0.4 32.9 -0.252348 0.197255 12.6156 -0.0972993 0.0736892 33.2438
25286 14 0.01 0.4 32.9 -0.138863 -0.394894 2.84719 -0.0137242 -0.0339081 36.2803
25574 14 0.01 0.4 32.9 -0.182541 0.475813 4.69305 -0.0281583 0.0649936 37.8528
26561 14 0.01 0.4 32.9 0.199926 -0.120322 3.97576 0.0223181 -0.014837 37.5378
26903 14 0.01 0.4 32.9 0.349697 -0.442958 2.23201 0.0244426 -0.0295259 33.7586
28321 14 0.01 0.4 32.9 -0.17615 0.398377 3.80787 -0.0198515 0.0460583 36.8955
29951 14 0.01 0.4 32.9 0.472109 0.259914 7.19278 0.103033 0.0595885 33.3778
30527 14 0.01 0.4 32.9 -0.168136 0.408539 5.70606 -0.0271953 0.0715542 37.0892
33952 14 0.01 0.4 32.9 -0.338262 0.38726 4.94206 -0.0516383 0.0583342 38.324
34768 14 0.01 0.4 32.9 -0.278033 0.442418 8.4953 -0.0713845 0.114463 35.6467
35074 14 0.01 0.4 32.9 0.168369 -0.150593 5.2778 0.0273573 -0.0243154 32.9776
35654 14 0.01 0.4 32.9 0.182152 -0.132418 3.41235 0.0166813 -0.0151039 36.873
37198 14 0.01 0.4 32.9 0.0127795 0.207949 4.01525 0.000282601 0.0240741 32.6658
37935 14 0.01 0.4 32.9 0.467983 -0.222586 15.545 0.218813 -0.102693 31.9178
39565 14 0.01 0.4 32.9 -0.362276 -0.380841 5.06831 -0.0545988 -0.0587487 36.7405
42139 14 0.01 0.4 32.9 -0.021704 0.492027 1.2619 -0.00511694 0.0184271 31.6367
42381 14 0.01 0.4 32.9 -0.286667 -0.422018 2.6417 -0.0245861 -0.0350855 32.7514
42838 14 0.01 0.4 32.9 0.409652 -0.0550171 5.23796 0.0632722 -0.00796299 34.539
42991 14 0.01 0.4 32.9 -0.00584125 0.423083 4.80684 -0.00033251 0.0626155 38.3163
43636 14 0.01 0.4 32.9 0.226407 -0.32839 3.8093 0.0284217 -0.0379107 36.8689
44472 14 0.01 0.4 32.9 -0.344864 0.136798 8.16564 -0.0859829 0.0355396 35.1001
44774 14 0.01 0.4 32.9 0.249046 -0.172074 4.90696 0.0367181 -0.0243486 36.0858
45813 14 0.01 0.4 32.9 -0.35163 0.226714 6.37407 -0.0704331 0.0447482 36.5855
46156 14 0.01 0.4 32.9 0.148696 0.102958 2.12548 0.00862734 0.00664215 33.8478
46242 14 0.01 0.4 32.9 0.0496096 0.265654 6.05204 0.00997477 0.0483727 37.2703
46426 14 0.01 0.4 32.9 -0.22033 0.122359 1.81041 -0.0128575 0.00491407 33.3379
47034 14 0.01 0.4 32.9 0.491687 -0.0504287 5.76221 0.0857952 -0.0111194 33.78
47582 14 0.01 0.4 32.9 0.219137 0.104364 2.23131 0.0153986 0.00847111 33.8689
48033 14 0.01 0.4 32.9 0.0324912 0.12816 9.95082 0.0107176 0.0392923 32.9206
48549 14 0.01 0.4 32.9 -0.257472 0.108948 5.54045 -0.0440584 0.0175921 38.0136
49680 14 0.01 0.4 32.9 -0.264039 -0.265131 8.08475 -0.0663791 -0.0666569 33.0373
49910 14 0.01 0.4 32.9 -0.489377 0.343586 5.39885 -0.0781746 0.0550524 38.196
50118 14 0.01 0.4 32.9 0.417031 0.128811 5.2037 0.0673214 0.019311 38.0321
50181 14 0.01 0.4 32.9 0.298376 0.451851 5.51587 0.0492745 0.0753837 37.5853
50643 14 0.01 0.4 32.9 0.378487 -0.395872 5.22996 0.0617863 -0.0616921 37.1981
52642 14 0.01 0.4 32.9 -0.22283 0.493553 4.44572 -0.0297721 0.0671377 36.0913
52675 14 0.01 0.4 32.9 0.0462594 -0.115964 12.8514 0.0178129 -0.0426224 32.9787
53321 14 0.01 0.4 32.9 -0.378497 -0.027331 6.42192 -0.073398 -0.00694642 33.0102
53678 14 0.01 0.4 32.9 -0.237082 0.0654561 5.22548 -0.0367655 0.00981209 35.0625
53696 14 0.01 0.4 32.9 -0.432008 0.324992 2.06725 -0.0290016 0.0210128 36.3361
56619 14 0.01 0.4 32.9 0.391789 0.387555 2.80904 0.0331996 0.0369252 35.5469
57209 14 0.01 0.4 32.9 -0.283118 -0.0858664 5.37117 -0.0471195 -0.0113541 36.1651
58100 14 0.01 0.4 32.9 0.0713529 -0.305008 6.8007 0.0143888 -0.0639732 36.3709
58817 14 0.01 0.4 32.9 -0.16333 -0.427147 3.56464 -0.0169025 -0.0473828 32.329
59055 14 0.01 0.4 32.9 0.240471 0.221902 4.14594 0.0294661 0.0277726 35.3742
59067 14 0.01 0.4 32.9 -0.0457544 0.167905 2.56898 -0.00431306 0.0115136 34.3397
59525 14 0.01 0.4 32.9 -0.128016 -0.3371 5.05622 -0.0197582 -0.051907 35.8907
59783 14 0.01 0.4 32.9 0.427452 -0.0602475 4.07911 0.0529645 -0.00848352 37.7249
60530 14 0.01 0.4 32.9 -0.405995 -0.231596 3.2761 -0.0409621 -0.0224348 31.6197
61590 14 0.01 0.4 32.9 0.0630557 -0.141024 3.36063 0.0056614 -0.011399 35.484
63080 14 0.01 0.4 32.9 0.215278 -0.377048 6.9513 0.0479478 -0.0814757 33.2008
63466 14 0.01 0.4 32.9 -0.307453 0.455884 4.87872 -0.0446607 0.0681284 38.3568
63469 14 0.01 0.4 32.9 0.350514 -0.42961 2.57342 0.0285895 -0.033708 34.5159
67348 14 0.01 0.4 32.9 0.308783 -0.103376 8.46635 0.0783117 -0.0277951 35.1289
68268 14 0.01 0.4 32.9 0.307689 0.35514 8.65014 0.0805797 0.0940171 31.5961
68397 14 0.01 0.4 32.9 0.0764484 -0.406178 6.25624 0.0150822 -0.0787167 35.543
68430 14 0.01 0.4 32.9 -0.48963 -0.235862 2.86655 -0.0407177 -0.0192825 33.9416
68626 14 0.01 0.4 32.9 -0.123033 -0.237906 4.68055 -0.0164323 -0.035419 33.8997
68876 14 0.01 0.4 32.9 0.0761774 0.109828 4.43821 0.0094118 0.0139811 36.1924
69989 14 0.01 0.4 32.9 0.445408 -0.413099 5.17618 0.0729318 -0.0658375 34.2238
71777 14 0.01 0.4 32.9 -0.437606 -0.183073 2.7727 -0.0359739 -0.0173276 34.942
73905 14 0.01 0.4 32.9 0.0731578 -0.181993 4.30464 0.00660571 -0.0255431 35.5099
73960 14 0.01 0.4 32.9 0.0725202 0.432624 0.93761 0.0048877 0.0113668 35.8281
76008 14 0.01 0.4 32.9 0.0102723 0.413681 2.74414 -0.000773672 0.0323732 35.0151
77897 14 0.01 0.4 32.9 0.245048 -0.200223 5.75587 0.0435868 -0.0360179 35.3002
78268 14 0.01 0.4 32.9 0.298644 -0.108958 2.87717 0.0263477 -0.00773987 34.4354
78539 14 0.01 0.4 32.9 0.317147 0.393907 17.3442 0.167707 0.206302 31.9322
80067 14 0.01 0.4 32.9 0.386114 -0.375487 11.5578 0.135106 -0.130412 32.4829
80171 14 0.01 0.4 32.9 -0.216168 0.487301 2.34282 -0.0151899 0.0367362 36.6875
80411 14 0.01 0.4 32.9 0.394549 -0.35778 6.83333 0.0800962 -0.0746972 34.2471
80976 14 0.01 0.4 32.9 -0.429327 0.105384 3.48609 -0.0461143 0.0102944 34.7199
84325 14 0.01 0.4 32.9 -0.268694 0.103786 7.73877 -0.0625429 0.0222844 35.0215
84951 14 0.01 0.4 32.9 -0.277564 0.461282 7.81488 -0.064974 0.110205 35.693
85286 14 0.01 0.4 32.9 0.266642 -0.164154 10.1109 0.0822124 -0.0503277 31.8682
85889 14 0.01 0.4 32.9 0.453496 -0.125619 2.83458 0.0391858 -0.00929613 35.5216
86400 14 0.01 0.4 32.9 0.328688 0.280887 3.59912 0.0365167 0.0308143 37.5638
87768 14 0.01 0.4 32.9 0.166297 -0.18094 2.57047 0.0132053 -0.0135099 34.5099
88135 14 0.01 0.4 32.9 0.266131 0.131753 6.68359 0.0549506 0.0267692 37.2908
89316 14 0.01 0.4 32.9 0.0518749 -0.0907491 2.67095 0.00361468 -0.00771944 35.0307
89355 14 0.01 0.4 32.9 0.396198 0.187821 2.82033 0.0362612 0.0163001 32.4128
89847 14 0.01 0.4 32.9 -0.376642 0.212318 1.48524 -0.0155455 0.0104695 32.186
92282 14 0.01 0.4 32.9 0.358298 -0.292228 3.24818 0.0363213 -0.0286233 36.1728
94103 14 0.01 0.4 32.9 0.211209 0.0572073 15.5924 0.0996463 0.0286918 32.137
94249 14 0.01 0.4 32.9 0.121979 -0.449902 4.48603 0.0160589 -0.0603285 36.4963
95257 14 0.01 0.4 32.9 -0.191553 -0.382508 5.83058 -0.0343981 -0.0689074 37.796
96704 14 0.01 0.4 32.9 0.163305 0.233887 3.56851 0.0180365 0.0228487 37.3513
97493 14 0.01 0.4 32.9 -0.377473 -0.334699 8.32748 -0.0952549 -0.0848191 32.6742
100378 14 0.01 0.4 32.9 0.222078 0.0281479 8.59054 0.0590272 0.00647521 33.7638
100816 14 0.01 0.4 32.9 0.345489 0.179437 6.28857 0.066553 0.0336583 36.1946
100952 14 0.01 0.4 32.9 -0.335293 0.250902 3.6458 -0.0366082 0.0280283 36.6925
101539 14 0.01 0.4 32.9 -0.420999 0.40591 8.63558 -0.111191 0.106196 33.8033
101986 14 0.01 0.4 32.9 0.000419672 0.344502 4.3026 -3.08722e-05 0.0452423 36.9613
103241 14 0.01 0.4 32.9 0.0818848 -0.4473 2.6514 0.00857433 -0.037279 37.7489
104843 14 0.01 0.4 32.9 -0.310148 0.094911 12.1224 -0.113006 0.0366549 31.8309
105395 14 0.01 0.4 32.9 -0.385542 -0.440506 4.36525 -0.0490345 -0.057572 34.1461
106125 14 0.01 0.4 32.9 -0.361797 -0.178802 7.18234 -0.0820892 -0.0381481 35.0577
107011 14 0.01 0.4 32.9 0.386774 -0.172893 2.66133 0.0341034 -0.0129747 34.9915
107195 14 0.01 0.4 32.9 0.331764 -0.421875 0.368308 0.00485276 -0.00560972 32.3793
108765 14 0.01 0.4 32.9 0.0581661 -0.265521 2.25309 0.00381887 -0.0184007 34.0493
109927 14 0.01 0.4 32.9 -0.205214 -0.465662 6.21404 -0.0403058 -0.0889734 36.757
113252 14 0.01 0.4 32.9 -0.320611 -0.00654742 3.96775 -0.0390478 0.00142269 34.7678
115408 14 0.01 0.4 32.9 0.0746814 0.457666 5.31539 0.0134522 0.0723472 38.1806
117536 14 0.01 0.4 32.9 -0.101249 -0.153617 4.80803 -0.0144381 -0.0205395 35.4749
117785 14 0.01 0.4 32.9 -0.183198 0.393859 1.99293 -0.0109624 0.0253618 32.112
117813 14 0.01 0.4 32.9 -0.28611 -0.024524 3.1887 -0.0285756 -0.0014163 36.0358
117930 14 0.01 0.4 32.9 -0.132196 -0.254081 1.89713 -0.00734543 -0.0168738 37.5532
118746 14 0.01 0.4 32.9 -0.165471 0.165481 4.6148 -0.0221388 0.0251889 38.001
119047 14 0.01 0.4 32.9 0.316886 -0.231963 7.84006 0.0761097 -0.0523491 33.1048
119805 14 0.01 0.4 32.9 -0.445619 -0.066145 4.76105 -0.0656939 -0.00813203 36.2425
119841 14 0.01 0.4 32.9 -0.251924 -0.446097 9.999 -0.0775166 -0.137958 34.4874
121880 14 0.01 0.4 32.9 0.444489 -0.385973 1.80501 0.0236118 -0.0185219 37.3819
121895 14 0.01 0.4 32.9 -0.226419 -0.190532 4.25742 -0.0269994 -0.0257122 38.0061
123460 14 0.01 0.4 32.9 0.314184 -0.068875 6.29433 0.0614096 -0.0145559 37.4893
125800 14 0.01 0.4 32.9 -0.281514 -0.394595 8.58848 -0.074851 -0.102775 35.3421
126489 14 0.01 0.4 32.9 0.0120498 -0.139913 6.86615 0.0022957 -0.0281362 35.864
126899 14 0.01 0.4 32.9 -0.390916 -0.314209 1.93742 -0.0229121 -0.0188041 35.5137
127137 14 0.01 0.4 32.9 -0.205528 -0.450949 4.01849 -0.0255643 -0.0575576 31.9472
128810 14 0.01 0.4 32.9 0.447405 0.115312 4.32949 0.0588184 0.0183862 31.1845
129930 14 0.01 0.4 32.9 -0.0340182 0.199179 5.76184 -0.00416005 0.0359992 35.8331
131043 14 0.01 0.4 32.9 -0.380704 0.0729994 4.11193 -0.0494044 0.00991995 37.8975
131206 14 0.01 0.4 32.9 -0.235208 -0.346855 6.49843 -0.0459621 -0.0687199 33.1027
132337 14 0.01 0.4 32.9 0.100404 0.405439 8.32629 0.0259264 0.104942 33.5355
134082 14 0.01 0.4 32.9 0.469424 -0.43697 4.12207 0.0580673 -0.0551113 36.637
135547 14 0.01 0.4 32.9 -0.030914 -0.17019 3.89918 -0.00546446 -0.0188558 35.4467
137136 14 0.01 0.4 32.9 0.0774638 0.469709 18.1696 0.0409704 0.258767 31.9808
139567 14 0.01 0.4 32.9 0.441999 -0.113066 5.5809 0.0747688 -0.0193542 37.6636
141591 14 0.01 0.4 32.9 -0.11508 0.340074 6.85111 -0.024423 0.0713647 32.7923
141649 14 0.01 0.4 32.9 -0.0898836 -0.300058 4.8413 -0.0117233 -0.0428155 35.3562
142499 14 0.01 0.4 32.9 0.289915 -0.280207 8.26702 0.0730452 -0.0714336 34.1063
142709 14 0.01 0.4 32.9 0.0787973 -0.191355 3.07536 0.00869278 -0.0190499 32.5746
143198 14 0.01 0.4 32.9 -0.120201 0.226859 4.47617 -0.0156902 0.0324451 33.5811
145037 14 0.01 0.4 32.9 -0.196631 0.171562 3.65069 -0.0201929 0.0177291 31.8507
146137 14 0.01 0.4 32.9 -0.24441 0.120223 3.48801 -0.0271444 0.0134132 35.5336
146639 14 0.01 0.4 32.9 -0.422733 -0.366772 5.2969 -0.0666928 -0.0564918 37.706
146937 14 0.01 0.4 32.9 0.15602 0.219825 8.80333 0.0403222 0.0572943 32.5531
148476 14 0.01 0.4 32.9 -0.370368 0.333882 3.61935 -0.0400278 0.0394201 37.1416
148952 14 0.01 0.4 32.9 -0.0780894 -0.319618 3.60253 -0.00637135 -0.0346057 37.5093
150158 14 0.01 0.4 32.9 0.117652 -0.00804566 4.37362 0.0124801 0.000286066 37.2515
151053 14 0.01 0.4 32.9 -0.358803 -0.430908 7.69388 -0.0850805 -0.100047 35.8074
151168 14 0.01 0.4 32.9 -0.081024 -0.152752 9.60172 -0.0227646 -0.0443206 33.7206
152894 14 0.01 0.4 32.9 0.145349 -0.491304 4.72199 0.0200459 -0.0716811 32.2173
153734 14 0.01 0.4 32.9 0.0813694 -0.391951 4.31686 0.011738 -0.0535062 33.1137
154985 14 0.01 0.4 32.9 -0.453081 -0.0726524 7.75915 -0.106276 -0.0168264 31.8487
155040 14 0.01 0.4 32.9 0.346017 0.231488 4.77232 0.0497676 0.0329088 36.2992
155366 14 0.01 0.4 32.9 -0.327992 -0.313487 7.3078 -0.0724452 -0.0720175 36.4845
156816 14 0.01 0.4 32.9 -0.0859263 -0.457104 9.95377 -0.0265699 -0.138713 34.3646
158905 14 0.01 0.4 32.9 -0.487889 -0.00154684 4.26704 -0.0646905 -0.000836947 31.6053
159358 14 0.01 0.4 32.9 -0.12516 -0.478899 5.26906 -0.020618 -0.0762475 33.7127
160387 14 0.01 0.4 32.9 -0.203272 -0.0916064 8.60347 -0.0516753 -0.0243793 35.311
161020 14 0.01 0.4 32.9 0.498398 -0.0777597 6.57024 0.102344 -0.0157014 36.8215
161329 14 0.01 0.4 32.9 0.487162 -0.131296 1.18243 0.0191107 -0.00548407 32.7158
161489 14 0.01 0.4 32.9 0.0718902 -0.481067 2.51869 0.00524597 -0.0385488 34.608
163098 14 0.01 0.4 32.9 0.159013 -0.449881 10.1026 0.0485051 -0.138563 34.1507
164289 14 0.01 0.4 32.9 -0.166607 -0.152631 10.3779 -0.0536959 -0.0476945 34.2859
164904 14 0.01 0.4 32.9 -0.395874 -0.350405 5.58806 -0.0702652 -0.0586401 37.7749
165209 14 0.01 0.4 32.9 -0.461638 -0.386676 20.8468 -0.29349 -0.244047 31.3284
165427 14 0.01 0.4 32.9 -0.0383729 -0.397512 2.03969 -0.0030434 -0.0266109 36.6502
165767 14 0.01 0.4 32.9 -0.00490932 -0.419387 6.50412 -0.00285814 -0.0806635 35.0073
166497 14 0.01 0.4 32.9 0.121921 -0.230888 5.42359 0.0200202 -0.0389234 36.4893
167125 14 0.01 0.4 32.9 -0.462837 0.129349 2.31814 -0.0327302 0.0102575 37.5955
169538 14 0.01 0.4 32.9 0.449753 0.389194 3.51053 0.0469752 0.0405187 37.0473
170508 14 0.01 0.4 32.9 0.39762 -0.378638 11.0759 0.13436 -0.128853 32.9134
170988 14 0.01 0.4 32.9 0.304301 -0.479526 7.9736 0.0733134 -0.117305 36.0829
171132 14 0.01 0.4 32.9 0.276733 -0.356805 5.80296 0.0507234 -0.0621924 37.7293
171484 14 0.01 0.4 32.9 0.380737 -0.193171 5.10355 0.0608248 -0.0291491 32.3127
172858 14 0.01 0.4 32.9 0.233552 0.280195 13.2197 0.094531 0.110685 32.5193
173713 14 0.01 0.4 32.9 -0.0790032 -0.0658585 5.75271 -0.01145 -0.0108476 32.8679
173967 14 0.01 0.4 32.9 0.305264 -0.189477 6.64593 0.0617479 -0.0381374 37.1784
175483 14 0.01 0.4 32.9 0.482018 -0.386492 3.91725 0.0556343 -0.0445925 37.3297
178147 14 0.01 0.4 32.9 0.303987 -0.327725 6.4484 0.0600634 -0.0652871 33.8479
178722 14 0.01 0.4 32.9 0.370832 0.182435 4.74527 0.055638 0.0270872 38.0794
178975 14 0.01 0.4 32.9 0.376065 -0.4828 8.85142 0.100937 -0.129112 34.343
180839 14 0.01 0.4 32.9 0.48497 -0.108252 3.47283 0.0522098 -0.0130051 37.4588
181129 14 0.01 0.4 32.9 -0.211848 -0.247393 3.91687 -0.0227905 -0.0310704 36.1731
183786 14 0.01 0.4 32.9 -0.380821 -0.498036 3.47028 -0.041329 -0.0529168 32.7744
184133 14 0.01 0.4 32.9 -0.482612 -0.284856 8.96336 -0.131602 -0.0776573 33.0354
184509 14 0.01 0.4 32.9 0.224202 -0.257576 2.06626 0.0139943 -0.018244 36.6047
186548 14 0.01 0.4 32.9 -0.322083 -0.325245 6.37262 -0.0624084 -0.064191 32.7255
186973 14 0.01 0.4 32.9 0.374323 0.32576 2.85399 0.0320646 0.0281443 35.2552
187119 14 0.01 0.4 32.9 -0.317096 0.267058 6.55894 -0.0606636 0.0530505 36.5159
187698 14 0.01 0.4 32.9 0.23328 -0.180658 11.1349 0.0778523 -0.0608842 32.7317
187749 14 0.01 0.4 32.9 0.166399 0.398536 5.47953 0.0275583 0.0667258 36.8921
189167 14 0.01 0.4 32.9 0.423049 -0.483205 6.13374 0.0780619 -0.0881789 34.356
189276 14 0.01 0.4 32.9 0.245897 0.425687 1.04293 0.00944979 0.0149811 33.9216
190121 14 0.01 0.4 32.9 0.132217 0.283852 5.35633 0.0199522 0.0444985 37.1389
191797 14 0.01 0.4 32.9 0.494132 0.269258 3.51919 0.0523243 0.0285338 32.8747
192109 14 0.01 0.4 32.9 0.0775434 -0.283953 20.4314 0.0490153 -0.179031 31.1079
193340 14 0.01 0.4 32.9 0.286789 0.111685 1.33637 0.0114431 0.00489406 33.501
193610 14 0.01 0.4 32.9 -0.394163 -0.0294137 9.33453 -0.111764 -0.00819182 32.1979
193798 14 0.01 0.4 32.9 0.227841 -0.492419 5.10914 0.0342704 -0.0742108 34.6288
194243 14 0.01 0.4 32.9 -0.132018 0.0343609 4.23898 -0.0157531 0.00263523 32.6458
196003 14 0.01 0.4 32.9 -0.326274 -0.49695 15.4915 -0.151766 -0.233079 32.3758
196289 14 0.01 0.4 32.9 -0.36524 0.345528 4.15258 -0.0478873 0.0420453 35.0246
196470 14 0.01 0.4 32.9 0.180696 0.373534 3.69218 0.0203874 0.0415459 35.7834
196538 14 0.01 0.4 32.9 -0.320827 -0.246208 7.6683 -0.0739345 -0.058527 33.4779
197023 14 0.01 0.4 32.9 0.115407 0.263158 6.05397 0.0206087 0.0476114 37.4051
197126 14 0.01 0.4 32.9 0.208681 0.132341 4.93022 0.0316944 0.0198986 36.6005
197176 14 0.01 0.4 32.9 -0.155036 -0.265127 5.8748 -0.027957 -0.0453319 37.0595
197876 14 0.01 0.4 32.9 -0.218209 0.00901737 6.65642 -0.0430734 0.00186702 34.3078
199555 14 0.01 0.4 32.9 0.177412 0.37408 7.35803 0.0401466 0.0828199 36.2111
200597 14 0.01 0.4 32.9 0.132821 0.342677 2.95836 0.00800278 0.029162 35.0524
200762 14 0.01 0.4 32.9 0.238099 -0.445536 3.03169 0.0211642 -0.0405003 33.0357
201223 14 0.01 0.4 32.9 -0.471808 0.210516 14.0734 -0.201394 0.0900551 31.9346
201311 14 0.01 0.4 32.9 -0.313268 -0.294519 3.77261 -0.0336193 -0.0369044 33.1862
201591 14 0.01 0.4 32.9 0.149601 -0.0725659 3.8143 0.0169649 -0.01045 36.6376
202707 14 0.01 0.4 32.9 0.286145 0.347545 5.8059 0.0494304 0.0622228 36.7311
202741 14 0.01 0.4 32.9 0.322969 0.420998 4.39236 0.0432838 0.0578562 37.6456
202890 14 0.01 0.4 32.9 -0.47154 -0.390491 11.7207 -0.1708 -0.139822 31.9151
203761 14 0.01 0.4 32.9 0.421684 0.201728 7.00135 0.0896623 0.042737 31.7005
204339 14 0.01 0.4 32.9 -0.0355052 0.142641 6.45512 -0.00717198 0.0279885 36.3448
206658 14 0.01 0.4 32.9 0.411702 -0.184044 21.4182 0.268254 -0.119611 31.0076
206929 14 0.01 0.4 32.9 0.0646852 0.144597 6.97864 0.0136329 0.0288654 36.8416
208527 14 0.01 0.4 32.9 0.043535 0.176344 2.71664 0.00194814 0.0154781 33.3441
208566 14 0.01 0.4 32.9 0.19995 -0.147123 4.40302 0.0276017 -0.0189157 33.1214
209402 14 0.01 0.4 32.9 -0.437474 -0.277448 8.02756 -0.104234 -0.0677136 35.6927
212660 14 0.01 0.4 32.9 0.468766 -0.111286 2.72701 0.0397755 -0.00689148 36.2158
212982 14 0.01 0.4 32.9 -0.277689 0.382549 9.94618 -0.0841572 0.116692 33.8237
213524 14 0.01 0.4 32.9 0.422028 0.409036 2.29176 0.0295375 0.0277233 36.1586
215457 14 0.01 0.4 32.9 0.262429 -0.135762 6.26361 0.050532 -0.0250433 37.3165
216186 14 0.01 0.4 32.9 -0.495288 0.111268 9.84343 -0.14832 0.0356406 31.7179
217101 14 0.01 0.4 32.9 -0.342044 0.101386 4.43046 -0.0441355 0.0169599 37.1814
217298 14 0.01 0.4 32.9 -0.372979 0.0669958 9.70783 -0.108762 0.0193577 32.2683
217541 14 0.01 0.4 32.9 -0.204209 0.128427 1.28105 -0.00884926 0.00422224 33.5077
218828 14 0.01 0.4 32.9 -0.0480131 0.375475 4.3387 -0.00407736 0.0484343 37.543
218980 14 0.01 0.4 32.9 -0.059169 0.21834 2.87949 -0.00523869 0.0181982 35.3366
219165 14 0.01 0.4 32.9 0.158246 0.46727 5.01929 0.0256794 0.0722224 37.1588
221015 14 0.01 0.4 32.9 -0.0030195 -0.490333 3.96632 0.00223319 -0.0567395 37.5377
221037 14 0.01 0.4 32.9 0.304446 0.349482 3.64949 0.0340588 0.0407431 31.3719
221378 14 0.01 0.4 32.9 0.00176884 -0.363685 7.76081 -0.000509739 -0.0848384 34.2049
221463 14 0.01 0.4 32.9 -0.472288 0.370435 4.16187 -0.0608714 0.0481632 36.0451
221659 14 0.01 0.4 32.9 0.00797167 -0.120284 2.63804 0.000535996 -0.0115667 35.1914
223703 14 0.01 0.4 32.9 -0.207516 0.133659 3.88462 -0.0235171 0.0164397 34.8153
224481 14 0.01 0.4 32.9 0.0712291 -0.294876 3.44961 0.00971728 -0.0304569 34.4924
224886 14 0.01 0.4 32.9 0.135378 0.0574218 6.40008 0.0265414 0.00796127 36.1088
226236 14 0.01 0.4 32.9 0.320919 0.44282 16.642 0.163104 0.226791 31.2462
226910 14 0.01 0.4 32.9 -0.195639 0.103038 4.55562 -0.0270496 0.0147489 36.1713
227261 14 0.01 0.4 32.9 0.469374 0.316714 2.05319 0.0274081 0.0191576 36.4696
227398 14 0.01 0.4 32.9 -0.146561 0.282714 6.65766 -0.0312362 0.0571218 33.8819
227952 14 0.01 0.4 32.9 -0.386368 0.311785 3.461 -0.0404557 0.0346012 35.7874
228324 14 0.01 0.4 32.9 -0.23178 0.333083 2.50937 -0.0156214 0.0284344 32.8666
228857 14 0.01 0.4 32.9 -0.47132 0.0928649 11.8264 -0.168491 0.0325652 33.4756
228912 14 0.01 0.4 32.9 -0.0190576 0.0249622 8.01553 -0.0050404 0.00718423 35.514
229032 14 0.01 0.4 32.9 -0.0905898 -0.153351 6.06245 -0.0146828 -0.0290373 33.4517
230020 14 0.01 0.4 32.9 0.149602 -0.49874 7.78094 0.0370931 -0.119303 35.0512
230291 14 0.01 0.4 32.9 0.356615 0.26313 3.18761 0.0357743 0.0254725 36.735
231417 14 0.01 0.4 32.9 0.312968 0.159435 8.46783 0.0808149 0.040851 35.048
231418 14 0.01 0.4 32.9 -0.369007 -0.457595 3.50977 -0.0399758 -0.0483397 36.6202
231506 14 0.01 0.4 32.9 0.0695557 0.0828148 6.11311 0.0131202 0.0160238 35.0994
232383 14 0.01 0.4 32.9 -0.0504152 0.0205018 1.03512 -0.000254829 0.00118629 33.8475
234001 14 0.01 0.4 32.9 0.201461 0.456883 3.92083 0.024217 0.0517553 35.5583
234705 14 0.01 0.4 32.9 -0.0639053 0.320594 2.59296 -0.00447341 0.0255018 34.3398
234890 14 0.01 0.4 32.9 -0.380126 0.113252 5.13142 -0.0590794 0.015962 38.3174
235195 14 0.01 0.4 32.9 0.340056 -0.0540092 4.95196 0.0502686 -0.00599852 36.8199
235553 14 0.01 0.4 32.9 -0.473544 0.0282362 8.47375 -0.122248 0.00711595 35.6448
238546 14 0.01 0.4 32.9 0.167255 0.144061 9.87991 0.0520139 0.0420296 34.0065
240000 14 0.01 0.4 32.9 -0.288016 0.129268 2.50858 -0.0248375 0.0105443 34.6977
241346 14 0.01 0.4 32.9 -0.257398 0.152518 10.8956 -0.0853199 0.0506771 32.9783
242274 14 0.01 0.4 32.9 0.4903 0.400611 6.56845 0.0949656 0.0808959 34.6583
244060 14 0.01 0.4 32.9 -0.446552 -0.200936 3.42083 -0.0448104 -0.0218391 34.5934
246367 14 0.01 0.4 32.9 -0.202637 -0.0123991 7.61659 -0.0464519 -0.00295012 33.5988
246532 14 0.01 0.4 32.9 0.107908 0.225867 5.90402 0.0199301 0.0411223 35.9256
248555 14 0.01 0.4 32.9 -0.0660791 0.000383274 7.9311 -0.0156671 0.000741704 33.7622
250293 14 0.01 0.4 32.9 -0.244936 -0.476938 8.18784 -0.0618951 -0.118928 35.8935
250739 14 0.01 0.4 32.9 -0.0688289 0.234577 5.22438 -0.0109412 0.0390025 31.9258
250965 14 0.01 0.4 32.9 0.493848 0.102994 4.06417 0.0613698 0.0143628 35.0544
254798 14 0.01 0.4 32.9 -0.253017 -0.0658014 7.57515 -0.0577961 -0.014162 36.1994
254862 14 0.01 0.4 32.9 0.0806978 0.0359401 7.81626 0.0189694 0.00750966 33.5972
255230 14 0.01 0.4 32.9 0.412195 0.0343916 3.72472 0.0454937 0.00406812 37.1367
255521 14 0.01 0.4 32.9 -0.331713 -0.0621815 0.677839 -0.00433955 -0.000779929 31.2031
255661 14 0.01 0.4 32.9 -0.178048 0.199202 2.74742 -0.0148556 0.0157696 34.8165
256056 14 0.01 0.4 32.9 0.320516 0.271432 5.59578 0.0507247 0.0470624 35.5492
257033 14 0.01 0.4 32.9 -0.14881 0.3365 8.62674 -0.0397805 0.087944 31.7597
259164 14 0.01 0.4 32.9 0.0749274 -0.365717 3.01526 0.00894334 -0.0336887 33.0632
259793 14 0.01 0.4 32.9 -0.331407 0.147726 2.89325 -0.0286118 0.0136078 35.5691
260219 14 0.01 0.4 32.9 -0.402309 0.0666662 4.41961 -0.0545008 0.0075216 37.6565
261020 14 0.01 0.4 32.9 0.00824221 -0.455131 7.62417 0.000288743 -0.103409 35.649
262090 14 0.01 0.4 32.9 -0.441307 0.479049 4.85421 -0.0662943 0.0703266 37.5832
262891 14 0.01 0.4 32.9 -0.171349 -0.318051 3.83208 -0.0208896 -0.0381041 36.4763
263060 14 0.01 0.4 32.9 -0.0612685 -0.0578876 4.1063 -0.00817708 -0.0075993 37.6812
263586 14 0.01 0.4 32.9 -0.164742 0.366426 3.80518 -0.0176368 0.0434139 33.3369
263636 14 0.01 0.4 32.9 0.238971 0.213433 18.7223 0.137301 0.12276 31.3802
264971 14 0.01 0.4 32.9 0.431241 0.471899 5.12192 0.0661975 0.0734369 32.4061
265676 14 0.01 0.4 32.9 -0.0189953 0.423142 5.98914 -0.00628586 0.07542 37.8088
266118 14 0.01 0.4 32.9 -0.0673882 -0.043363 16.4111 -0.0341532 -0.0216929 31.9656
267244 14 0.01 0.4 32.9 0.464502 -0.18078 7.55261 0.106395 -0.0409002 34.5256
267789 14 0.01 0.4 32.9 -0.206703 -0.47681 2.54789 -0.0148164 -0.0346126 37.8036
268683 14 0.01 0.4 32.9 0.212381 0.00498279 6.55893 0.0432707 -0.000672153 34.6728
271326 14 0.01 0.4 32.9 0.264388 -0.329416 2.16221 0.0174366 -0.0202929 35.0582
271873 14 0.01 0.4 32.9 0.0544907 -0.0907315 1.91877 0.00307723 -0.006396 35.9508
273025 14 0.01 0.4 32.9 -0.402499 0.165587 2.39987 -0.0284334 0.00725938 37.1885
273684 14 0.01 0.4 32.9 0.209304 0.0291153 8.07634 0.0513928 0.00898176 34.5362
274050 14 0.01 0.4 32.9 0.178601 -0.287687 8.11079 0.0444543 -0.0720086 34.1951
274239 14 0.01 0.4 32.9 -0.36208 -0.300361 6.10276 -0.0673208 -0.0551202 32.517
274365 14 0.01 0.4 32.9 -0.441465 0.305896 1.57367 -0.020425 0.0162577 33.8893
274695 14 0.01 0.4 32.9 -0.141173 0.262937 10.4695 -0.0440696 0.0825207 33.521
275538 14 0.01 0.4 32.9 -0.335792 0.0892155 4.6874 -0.0482984 0.0141873 37.7772
275873 14 0.01 0.4 32.9 0.122061 -0.103671 13.3139 0.0490459 -0.0401805 31.8048
276533 14 0.01 0.4 32.9 -0.0652739 0.486909 4.85513 -0.00960117 0.0719534 36.4892
277147 14 0.01 0.4 32.9 0.306025 -0.350428 4.65277 0.0414601 -0.0508472 36.2307
277483 14 0.01 0.4 32.9 0.436204 -0.0388261 8.31404 0.109956 -0.00957458 34.5895
279272 14 0.01 0.4 32.9 -0.376771 0.118837 5.33199 -0.0597516 0.0175394 34.6754
280775 14 0.01 0.4 32.9 -0.432158 0.0827983 8.97787 -0.116556 0.0208556 34.3855
280796 14 0.01 0.4 32.9 0.489494 -0.122747 4.82349 0.0719913 -0.016352 36.5294
280977 14 0.01 0.4 32.9 0.187412 0.0421912 8.72394 0.0489107 0.0117083 31.9292
282110 14 0.01 0.4 32.9 0.176783 0.328332 3.47015 0.0183434 0.0328865 34.3722
282703 14 0.01 0.4 32.9 -0.30273 0.239698 7.08883 -0.0628462 0.0518712 33.8754
283368 14 0.01 0.4 32.9 -0.394434 0.437417 8.73138 -0.102566 0.114666 34.6346
283494 14 0.01 0.4 32.9 0.199402 -0.428477 19.9626 0.122492 -0.258292 31.7361
285453 14 0.01 0.4 32.9 0.0166754 -0.423364 1.54769 0.00159775 -0.0179993 34.8857
285598 14 0.01 0.4 32.9 0.1467 -0.49671 15.7813 0.0718191 -0.235582 32.1879
285712 14 0.01 0.4 32.9 -0.488492 -0.36396 3.30972 -0.048211 -0.0363181 34.6604
287246 14 0.01 0.4 32.9 0.123198 0.367945 7.11245 0.0285666 0.0786006 36.6797
287266 14 0.01 0.4 32.9 -0.0196395 -0.097318 8.42939 -0.00491846 -0.0256349 33.8282
287306 14 0.01 0.4 32.9 0.28973 0.333445 3.41747 0.0313169 0.0338279 36.4078
288438 14 0.01 0.4 32.9 0.426626 -0.385831 4.49717 0.0579038 -0.0515053 37.6093
288580 14 0.01 0.4 32.9 -0.45563 -0.262111 4.18392 -0.0573014 -0.0322154 33.8141
289418 14 0.01 0.4 32.9 0.289286 -0.209885 5.44957 0.0443671 -0.0365364 33.305
290882 14 0.01 0.4 32.9 0.0826444 -0.434166 2.90535 0.00620072 -0.0372499 35.1633
291151 14 0.01 0.4 32.9 0.227137 -0.35471 5.46668 0.0368745 -0.0568162 37.6263
292185 14 0.01 0.4 32.9 -0.385743 -0.411226 4.19082 -0.0496182 -0.0520953 37.4887
292401 14 0.01 0.4 32.9 -0.29374 0.0210418 6.45281 -0.0595794 0.00409677 32.9548
293200 14 0.01 0.4 32.9 0.249503 0.211922 6.91315 0.0516453 0.0453903 33.8028
293428 14 0.01 0.4 32.9 -0.221642 -0.421925 4.76579 -0.0309442 -0.0607894 34.4212
295977 14 0.01 0.4 32.9 -0.443316 -0.172863 3.04558 -0.0413455 -0.0159923 36.0287
296505 14 0.01 0.4 32.9 -0.105633 0.275506 10.1622 -0.0336641 0.0867524 34.3447
298939 14 0.01 0.4 32.9 0.345482 -0.0910925 8.97669 0.0930161 -0.0257405 34.4572
299227 14 0.01 0.4 32.9 -0.160965 0.340297 4.84713 -0.0229859 0.0480807 38.3579
302439 14 0.01 0.4 32.9 -0.0288709 0.389829 15.1968 -0.0152184 0.18156 32.2574
302834 14 0.01 0.4 32.9 -0.10139 0.0669778 11.8449 -0.0385031 0.0221722 32.4397
303211 14 0.01 0.4 32.9 -0.408638 0.329621 9.4416 -0.116977 0.094117 31.8943
305077 14 0.01 0.4 32.9 -0.132971 -0.00571976 2.77876 -0.00996173 0.00148327 31.657
305112 14 0.01 0.4 32.9 0.283283 -0.368504 5.00891 0.0437357 -0.0548146 36.8107
305792 14 0.01 0.4 32.9 -0.0311932 -0.370279 7.96699 -0.00784887 -0.0893648 33.7504
305872 14 0.01 0.4 32.9 0.0689694 -0.322658 3.06328 0.00590041 -0.0310703 35.0561
307616 14 0.01 0.4 32.9 0.261987 -0.371133 4.76849 0.0373532 -0.0539872 36.8444
309692 14 0.01 0.4 32.9 -0.294634 0.373319 9.07619 -0.0805429 0.102326 34.1186
310209 14 0.01 0.4 32.9 0.339653 -0.290474 7.71325 0.0796317 -0.0674336 36.1836
310239 14 0.01 0.4 32.9 0.0491402 0.32681 5.35381 0.00640254 0.0540649 37.707
311092 14 0.01 0.4 32.9 -0.0908818 -0.374528 6.26115 -0.0149458 -0.0715196 37.009
312214 14 0.01 0.4 32.9 -0.372855 -0.17117 3.18753 -0.0371424 -0.0178832 32.2123
313300 14 0.01 0.4 32.9 0.129457 0.0111092 2.8978 0.0111792 0.000997695 37.294
313912 14 0.01 0.4 32.9 -0.133718 0.352977 4.46752 -0.0188319 0.0492174 33.8033
313981 14 0.01 0.4 32.9 -0.48724 0.099706 4.69278 -0.0693444 0.0165627 37.3322
314992 14 0.01 0.4 32.9 -0.0652772 0.493779 3.4908 -0.00581692 0.0502921 36.6572
315266 14 0.01 0.4 32.9 -0.302697 -0.499127 3.31656 -0.0299192 -0.0503807 35.1968
318188 14 0.01 0.4 32.9 0.166875 0.360503 3.45544 0.0153949 0.0387516 36.4937
318765 14 0.01 0.4 32.9 0.448586 0.0244492 4.72513 0.0624838 0.00244466 32.5077
318823 14 0.01 0.4 32.9 0.144919 0.337873 5.25941 0.0237846 0.0527398 38.2004
319040 14 0.01 0.4 32.9 0.00040292 0.418676 3.99739 -0.001185 0.0520439 34.7974
320624 14 0.01 0.4 32.9 -0.017739 0.173259 10.109 -0.00640202 0.0520426 33.6991
320706 14 0.01 0.4 32.9 -0.110558 0.118189 3.31861 -0.0115656 0.0102263 36.9475
320993 14 0.01 0.4 32.9 -0.459973 0.153015 6.08181 -0.0862717 0.0253001 32.4043
321448 14 0.01 0.4 32.9 0.421471 -0.167193 5.51342 0.0669516 -0.0272969 35.8995
321700 14 0.01 0.4 32.9 -0.0502618 -0.448812 5.34802 -0.0087652 -0.0716593 37.5899
322988 14 0.01 0.4 32.9 -0.172188 0.412884 5.17325 -0.0271993 0.0664603 37.7045
323089 14 0.01 0.4 32.9 -0.129857 -0.430096 1.78828 -0.00836405 -0.0229567 36.7903
323223 14 0.01 0.4 32.9 -0.344505 -0.330195 6.87814 -0.0716486 -0.0682675 35.914
323692 14 0.01 0.4 32.9 0.323477 -0.373453 7.6308 0.0727515 -0.0863884 33.4748
323990 14 0.01 0.4 32.9 0.496383 0.2964 7.70632 0.115204 0.0686113 34.8287
324607 14 0.01 0.4 32.9 -0.0667517 0.13451 10.0028 -0.0188158 0.0404919 32.0566
324682 14 0.01 0.4 32.9 -0.172644 0.278471 8.02663 -0.0416352 0.0680408 35.3859
324910 14 0.01 0.4 32.9 -0.117067 -0.0152403 8.32988 -0.0290619 -0.00279886 34.6338
325086 14 0.01 0.4 32.9 -0.157403 0.48186 5.20333 -0.0251129 0.0778954 34.9306
325607 14 0.01 0.4 32.9 0.490095 -0.284704 3.29916 0.0501577 -0.0289791 36.5964
326007 14 0.01 0.4 32.9 0.241044 -0.136162 5.37834 0.0412028 -0.0238758 37.2235
326399 14 0.01 0.4 32.9 0.295699 -0.307311 5.58241 0.0493956 -0.0490382 34.2506
328480 14 0.01 0.4 32.9 0.492528 -0.431854 4.3679 0.0650613 -0.0577325 33.9322
328903 14 0.01 0.4 32.9 -0.479655 -0.0599114 7.84117 -0.11254 -0.0136834 35.6746
330697 14 0.01 0.4 32.9 -0.139267 -0.372526 2.92953 -0.0117909 -0.0319786 35.087
330841 14 0.01 0.4 32.9 0.419234 -0.458568 11.7812 0.149433 -0.162114 32.9708
331164 14 0.01 0.4 32.9 0.113466 0.0603984 5.94888 0.0209185 0.0131291 36.8419
331788 14 0.01 0.4 32.9 0.219822 -0.111098 3.06676 0.0222264 -0.0114885 35.2818
332043 14 0.01 0.4 32.9 -0.0953386 0.486298 8.43472 -0.0241503 0.126334 33.6987
334188 14 0.01 0.4 32.9 -0.229587 -0.285781 16.6368 -0.115551 -0.143535 31.6737
334737 14 0.01 0.4 32.9 0.181049 -0.130499 8.00693 0.0435682 -0.0289538 34.3059
334891 14 0.01 0.4 32.9 0.180742 -0.460975 7.28403 0.0370769 -0.0994043 36.3354
334964 14 0.01 0.4 32.9 0.39626 0.393235 2.50774 0.0307343 0.0326012 36.9985
334987 14 0.01 0.4 32.9 -0.0581094 -0.253552 5.10181 -0.0102541 -0.0387093 34.959
335591 14 0.01 0.4 32.9 -0.284278 -0.20259 5.39198 -0.0475935 -0.0335607 37.7779
336025 14 0.01 0.4 32.9 -0.0124279 0.122131 3.09455 -0.000402096 0.0091193 35.732
337088 14 0.01 0.4 32.9 -0.000155831 -0.224101 7.84122 0.00286783 -0.0556022 35.6557
337754 14 0.01 0.4 32.9 0.164432 0.41182 3.30989 0.0170267 0.0395652 35.5389
338185 14 0.01 0.4 32.9 0.0564638 0.243268 3.06084 0.00449168 0.0242032 34.4918
338984 14 0.01 0.4 32.9 -0.228598 0.124729 3.65514 -0.0249936 0.0119286 34.2829
339053 14 0.01 0.4 32.9 0.462693 0.413364 6.09172 0.0855056 0.0751417 36.2854
340455 14 0.01 0.4 32.9 0.308099 -0.0188086 4.66153 0.0423208 -0.00330239 34.9762
340703 14 0.01 0.4 32.9 0.187942 -0.158781 5.85336 0.0328726 -0.0282026 36.8392
342034 14 0.01 0.4 32.9 -0.135177 -0.196023 7.12226 -0.0291147 -0.0436567 34.2109
343823 14 0.01 0.4 32.9 0.0755018 -0.0091161 4.789 0.0121849 0.000584687 34.4723
344005 14 0.01 0.4 32.9 -0.190982 0.354131 9.33201 -0.0522695 0.0996072 33.8599
345006 14 0.01 0.4 32.9 0.453966 -0.448877 3.79723 0.0517331 -0.052856 34.3839
345601 14 0.01 0.4 32.9 -0.205796 -0.0243984 9.36745 -0.0602853 -0.00559636 34.7095
346097 14 0.01 0.4 32.9 -0.0728136 -0.112605 23.1143 -0.0492017 -0.0813656 31.0659
346757 14 0.01 0.4 32.9 -0.172889 0.185659 6.85022 -0.0339674 0.0365574 36.9397
347449 14 0.01 0.4 32.9 -0.341166 -0.118876 4.37164 -0.0454726 -0.0172232 37.1714
348802 14 0.01 0.4 32.9 -0.365028 -0.109226 7.11595 -0.0796287 -0.0206742 34.7723
348934 14 0.01 0.4 32.9 0.0597783 -0.0499706 8.67937 0.0150617 -0.0122788 34.7892
349805 14 0.01 0.4 32.9 0.407365 -0.483889 11.2683 0.139046 -0.166256 33.2588
349900 14 0.01 0.4 32.9 0.393905 -0.377868 5.75276 0.0678384 -0.0689705 36.386
350295 14 0.01 0.4 32.9 0.428507 0.408353 5.03303 0.0656596 0.0601555 35.4283
351372 14 0.01 0.4 32.9 0.439084 -0.205973 2.53665 0.0349463 -0.0179434 35.2389
351802 14 0.01 0.4 32.9 -0.076438 -0.0645968 3.86788 -0.00994265 -0.00649639 35.1353
352676 14 0.01 0.4 32.9 0.237228 0.399829 4.11562 0.0298165 0.0485491 35.0741
353103 14 0.01 0.4 32.9 -0.307668 0.452813 3.85632 -0.0363711 0.0532295 32.7512
354717 14 0.01 0.4 32.9 0.477057 -0.0989148 8.7525 0.127704 -0.0277511 35.0681
355185 14 0.01 0.4 32.9 -0.0799391 -0.315838 1.72632 -0.00299468 -0.0146551 32.1789
355338 14 0.01 0.4 32.9 -0.448351 0.354145 5.22578 -0.0701298 0.0556944 32.3159
355636 14 0.01 0.4 32.9 0.0415301 -0.0778562 2.11745 0.00444307 -0.00875905 32.7511
360286 14 0.01 0.4 32.9 0.0787658 0.411649 1.42169 0.00373896 0.0195069 32.3454
360381 14 0.01 0.4 32.9 0.219232 -0.437029 6.43535 0.0430372 -0.0879323 37.4613
362322 14 0.01 0.4 32.9 -0.105317 0.49446 3.2808 -0.0107301 0.0488859 37.7537
362827 14 0.01 0.4 32.9 -0.156853 -0.270491 16.6363 -0.0802091 -0.139366 32.1276
363134 14 0.01 0.4 32.9 -0.0626779 0.3272 11.7768 -0.0231521 0.115853 33.1023
363203 14 0.01 0.4 32.9 -0.496458 -0.215192 5.45131 -0.0802086 -0.0344017 37.6163
365333 14 0.01 0.4 32.9 0.0393833 -0.479258 1.39432 0.000121233 -0.0195526 31.2864
365951 14 0.01 0.4 32.9 0.369676 0.379163 0.669746 0.00778927 0.00737298 34.015
366313 14 0.01 0.4 32.9 0.214865 0.0619517 6.22836 0.0426703 0.0114014 35.943
368017 14 0.01 0.4 32.9 -0.282626 0.292286 9.33014 -0.0820827 0.0798918 31.9776
368946 14 0.01 0.4 32.9 0.19558 -0.348582 4.62132 0.0252428 -0.0489617 36.792
370036 14 0.01 0.4 32.9 -0.353982 -0.371563 5.17463 -0.0541439 -0.0583293 37.6127
370238 14 0.01 0.4 32.9 0.275168 -0.483329 4.25776 0.0350408 -0.0616139 36.4636
370376 14 0.01 0.4 32.9 0.276847 -0.0812812 3.01069 0.0277133 -0.00807868 35.8564
370632 14 0.01 0.4 32.9 -0.338894 0.0492954 6.64592 -0.0681359 0.00805457 36.6892
370995 14 0.01 0.4 32.9 0.388821 -0.100227 4.56249 0.0535648 -0.0116943 36.8672
372060 14 0.01 0.4 32.9 0.436476 -0.374051 4.18967 0.0539234 -0.0473285 36.999
372486 14 0.01 0.4 32.9 0.156947 -0.387943 7.04436 0.0315282 -0.0832999 35.9969
373791 14 0.01 0.4 32.9 0.435363 0.313168 3.61088 0.0494085 0.035373 36.9137
375397 14 0.01 0.4 32.9 -0.444126 -0.145633 6.1956 -0.0825115 -0.0284247 34.3421
375491 14 0.01 0.4 32.9 -0.0880662 -0.323349 5.0189 -0.0154054 -0.0478651 37.9627
378227 14 0.01 0.4 32.9 0.0468978 0.209663 8.68258 0.0117887 0.0546764 34.7784
379492 14 0.01 0.4 32.9 -0.0462604 0.363078 3.93735 -0.00411533 0.0432153 37.9102
380284 14 0.01 0.4 32.9 0.396393 0.108097 10.2442 0.122536 0.0327151 33.7242
380723 14 0.01 0.4 32.9 -0.49111 -0.147976 1.98843 -0.0295107 -0.0131642 35.4095
381722 14 0.01 0.4 32.9 0.208522 -0.114302 5.2991 0.0326152 -0.0205623 37.9359
382425 14 0.01 0.4 32.9 -0.0697007 0.0530962 4.73709 -0.011195 0.00375435 35.0237
382978 14 0.01 0.4 32.9 0.316899 -0.161866 0.545635 0.00635652 -0.00133854 32.9544
383082 14 0.01 0.4 32.9 -0.311641 0.0716422 8.21261 -0.0770326 0.0182565 32.5928
383197 14 0.01 0.4 32.9 -0.10151 0.418772 11.739 -0.0343556 0.150321 33.4645
387099 14 0.01 0.4 32.9 -0.257602 0.145025 19.8197 -0.152636 0.0873239 31.6498
389600 14 0.01 0.4 32.9 0.229507 -0.486692 4.92116 0.0361525 -0.0743213 37.7743
390967 14 0.01 0.4 32.9 -0.234801 0.294601 6.85636 -0.0485484 0.0618004 34.7374
391531 14 0.01 0.4 32.9 -0.0279491 0.435694 16.4916 -0.013901 0.218923 31.3845
391840 14 0.01 0.4 32.9 -0.0808987 0.466586 34.9983 -0.0850834 0.495649 30.9716
395056 14 0.01 0.4 32.9 0.409151 -0.308996 5.23528 0.0668962 -0.0473991 36.1198
395085 14 0.01 0.4 32.9 0.332822 -0.116137 13.514 0.136136 -0.0462212 31.4782
397494 14 0.01 0.4 32.9 0.140911 -0.0516748 6.96904 0.0290609 -0.00997221 36.6848
398252 14 0.01 0.4 32.9 0.447159 0.351999 1.85844 0.0243757 0.0212406 32.0038
398911 14 0.01 0.4 32.9 -0.452138 0.370331 3.06327 -0.0435315 0.0350625 36.7023
400150 14 0.01 0.4 32.9 0.0467087 -0.128764 4.62874 0.00621856 -0.0184857 36.9746
400799 14 0.01 0.4 32.9 0.421478 0.00315096 4.40889 0.0535058 0.000158324 35.0323
401027 14 0.01 0.4 32.9 0.493297 0.196593 7.79013 0.116903 0.0459961 35.5755
402432 14 0.01 0.4 32.9 -0.0123092 0.0221166 11.3145 -0.00567957 0.00942815 33.0563
403494 14 0.01 0.4 32.9 0.49752 0.131811 3.08707 0.0453689 0.0147749 34.1536
403696 14 0.01 0.4 32.9 -0.425817 0.229897 6.60611 -0.0848327 0.0459849 36.0653
404844 14 0.01 0.4 32.9 0.257484 0.160968 3.98538 0.0307763 0.0195665 37.3566
405137 14 0.01 0.4 32.9 -0.327941 -0.49182 3.99865 -0.038957 -0.0579981 37.4177
405485 14 0.01 0.4 32.9 -0.0318978 0.416105 9.21287 -0.00986727 0.117608 34.3422
405636 14 0.01 0.4 32.9 0.381586 0.425028 4.70173 0.0546725 0.0640883 34.2852
405801 14 0.01 0.4 32.9 -0.202052 -0.146439 1.55369 -0.00989556 -0.00620195 32.1504
406214 14 0.01 0.4 32.9 -0.190713 0.335789 6.98239 -0.0392504 0.0704766 32.8874
406858 14 0.01 0.4 32.9 0.00250287 0.439373 3.00252 -0.000919733 0.0432141 34.2392
408408 14 0.01 0.4 32.9 -0.362481 -0.490812 5.06767 -0.0550133 -0.0780453 34.7128
409538 14 0.01 0.4 32.9 0.249539 0.145991 5.67078 0.0441392 0.0241301 33.215
410474 14 0.01 0.4 32.9 -0.203998 0.152829 5.35181 -0.0353396 0.0248346 35.7533
411104 14 0.01 0.4 32.9 0.461892 0.385297 10.5816 0.147135 0.122757 33.8643
411318 14 0.01 0.4 32.9 -0.0752815 -0.329969 4.66189 -0.0107421 -0.0506305 35.5349
411938 14 0.01 0.4 32.9 -0.41291 -0.103443 12.7313 -0.161244 -0.0395284 32.5069
412094 14 0.01 0.4 32.9 0.093073 0.189363 9.39421 0.0288103 0.0531878 33.12
412412 14 0.01 0.4 32.9 -0.260487 -0.258143 7.00789 -0.0551939 -0.0543757 31.967
413861 14 0.01 0.4 32.9 0.143335 0.485554 11.2445 0.0484447 0.163767 31.7998
414351 14 0.01 0.4 32.9 -0.336908 0.315396 4.38322 -0.0437718 0.043358 35.0976
415452 14 0.01 0.4 32.9 -0.0614271 0.426387 7.97475 -0.0152069 0.104398 34.3056
415966 14 0.01 0.4 32.9 -0.253065 0.0336502 6.01166 -0.0486076 0.00591182 35.657
416264 14 0.01 0.4 32.9 -0.218448 0.26864 13.2015 -0.0872435 0.108437 32.5523
416900 14 0.01 0.4 32.9 -0.282298 0.184199 4.38713 -0.0356552 0.0235227 37.9211
417356 14 0.01 0.4 32.9 -0.457152 -0.451946 3.73797 -0.0520906 -0.0514046 36.5946
417765 14 0.01 0.4 32.9 0.380916 -0.492147 5.43126 0.0632753 -0.0831092 37.1669
418087 14 0.01 0.4 32.9 0.242103 0.107489 9.72389 0.072663 0.0326132 32.6655
418751 14 0.01 0.4 32.9 0.26865 0.0839816 7.37065 0.0611557 0.0202738 34.7534
419119 14 0.01 0.4 32.9 -0.282743 -0.0689105 0.790577 -0.00583419 -0.000198088 34.5003
420617 14 0.01 0.4 32.9 0.088733 -0.112081 5.17518 0.0150132 -0.0160482 33.561
421259 14 0.01 0.4 32.9 0.0570191 0.0297958 7.73898 0.0132862 0.00839743 35.5476
421758 14 0.01 0.4 32.9 -0.0386246 0.0367196 4.3985 -0.00523442 0.00423852 34.9142
422628 14 0.01 0.4 32.9 -0.489817 -0.201366 6.44479 -0.0954066 -0.0394823 34.5228
427007 14 0.01 0.4 32.9 0.494688 0.0304573 5.97419 0.0898446 0.00529351 36.2147
427517 14 0.01 0.4 32.9 0.253908 0.326838 7.01908 0.0546761 0.068237 32.6948
427672 14 0.01 0.4 32.9 0.421009 -0.230694 7.11072 0.0895906 -0.0498427 36.4261
428014 14 0.01 0.4 32.9 -0.358431 -0.146255 15.7912 -0.171978 -0.0724062 31.8225
428767 14 0.01 0.4 32.9 -0.0854116 0.385143 7.15614 -0.0219755 0.0838318 35.7669
429084 14 0.01 0.4 32.9 0.00109486 -0.0679521 10.3672 0.00133132 -0.019873 33.9901
429608 14 0.01 0.4 32.9 -0.205712 -0.344732 2.17327 -0.0132226 -0.0288702 31.9438
431980 14 0.01 0.4 32.9 0.0672188 0.270058 5.43876 0.0131643 0.0442392 35.8745
432022 14 0.01 0.4 32.9 -0.416432 -0.0139471 13.2015 -0.167141 -0.0054216 32.9526
434202 14 0.01 0.4 32.9 0.0900342 0.443908 9.49097 0.0281856 0.12797 34.4975
434269 14 0.01 0.4 32.9 0.079877 -0.4894 11.0735 0.0252236 -0.164755 33.7465
434509 14 0.01 0.4 32.9 -0.411922 0.204924 5.40288 -0.0707899 0.0358689 36.0438
435067 14 0.01 0.4 32.9 0.293735 0.449057 5.86816 0.0518815 0.0805541 33.5027
435262 14 0.01 0.4 32.9 0.286845 -0.191388 5.74847 0.0510894 -0.0317333 37.9256
435327 14 0.01 0.4 32.9 0.0406038 0.447331 2.75532 0.00365467 0.0382633 37.5604
435475 14 0.01 0.4 32.9 0.167079 0.338651 6.51023 0.0344188 0.0669644 31.7987
436249 14 0.01 0.4 32.9 -0.456676 0.326683 11.7877 -0.163905 0.118083 31.7831
437058 14 0.01 0.4 32.9 -0.18452 0.276664 3.29638 -0.0175962 0.0270768 36.2995
437493 14 0.01 0.4 32.9 0.428823 0.383251 2.44898 0.0305274 0.0300597 32.5345
438987 14 0.01 0.4 32.9 0.0312031 -0.466585 6.01499 0.00686986 -0.0855342 37.6257
439092 14 0.01 0.4 32.9 -0.273768 0.106545 4.56246 -0.0372089 0.0148917 33.5437
439425 14 0.01 0.4 32.9 0.460873 0.353652 2.99847 0.0422821 0.0316369 35.1111
443490 14 0.01 0.4 32.9 -0.490688 0.124405 5.07743 -0.075941 0.0224425 36.115
443970 14 0.01 0.4 32.9 -0.475777 0.0566388 2.11673 -0.0324773 0.00479896 36.4146
444870 14 0.01 0.4 32.9 0.120536 0.481491 3.3455 0.0119853 0.0517108 36.5105
445332 14 0.01 0.4 32.9 0.355788 0.362627 7.2176 0.0774012 0.0800428 34.5846
446110 14 0.01 0.4 32.9 0.186413 0.122637 1.7547 0.00998168 0.00801943 32.4433
447286 14 0.01 0.4 32.9 -0.241497 -0.401837 3.23917 -0.0228398 -0.0375839 33.6492
447700 14 0.01 0.4 32.9 0.49717 -0.437153 3.22869 0.0477943 -0.0444874 37.2689
450750 14 0.01 0.4 32.9 0.41547 0.445376 15.0698 0.190281 0.202455 32.2198
451130 14 0.01 0.4 32.9 0.0896424 -0.141751 5.48488 0.0126706 -0.0242002 37.4666
452435 14 0.01 0.4 32.9 0.0065969 -0.0756798 3.86746 -0.00228543 -0.00851265 32.3191
453442 14 0.01 0.4 32.9 -0.129781 0.442491 3.12889 -0.0140164 0.0408454 34.1018
453708 14 0.01 0.4 32.9 0.105173 -0.24085 14.5332 0.0504586 -0.106679 32.215
453958 14 0.01 0.4 32.9 0.423776 -0.0831357 6.64044 0.0862439 -0.0179025 33.9915
454371 14 0.01 0.4 32.9 0.23848 0.129812 9.1018 0.0628584 0.0365804 33.6739
456533 14 0.01 0.4 32.9 -0.319479 0.0835209 3.78023 -0.0393466 0.0094855 32.5644
457022 14 0.01 0.4 32.9 -0.232242 -0.300446 2.49727 -0.0183558 -0.0233586 33.9273
458002 14 0.01 0.4 32.9 -0.240293 0.332629 10.5382 -0.075695 0.106973 33.3666
458231 14 0.01 0.4 32.9 0.333887 -0.245868 4.82002 0.0491887 -0.0369898 37.5997
458795 14 0.01 0.4 32.9 0.311213 -0.413642 5.53821 0.0510116 -0.0712743 34.6001
459049 14 0.01 0.4 32.9 -0.485798 0.27815 5.47081 -0.0799925 0.0442761 36.7453
460229 14 0.01 0.4 32.9 0.0709184 -0.317834 3.48512 0.0102252 -0.0310682 34.2959
460383 14 0.01 0.4 32.9 -0.423219 0.497118 5.16098 -0.0666084 0.0776326 32.6842
460868 14 0.01 0.4 32.9 0.464949 -0.367934 10.4148 0.14515 -0.115779 32.6414
461732 14 0.01 0.4 32.9 -0.38163 -0.192902 2.89951 -0.0351585 -0.0146265 37.2171
462026 14 0.01 0.4 32.9 -0.0873616 -0.277895 2.35905 -0.00775283 -0.018434 35.4848
466692 14 0.01 0.4 32.9 -0.44298 -0.420468 2.32018 -0.0328385 -0.0276856 35.4861
466938 14 0.01 0.4 32.9 -0.307224 -0.297005 8.49683 -0.0796504 -0.0778177 33.8917
467346 14 0.01 0.4 32.9 0.445516 -0.470725 3.8441 0.0543393 -0.0553607 36.5643
467640 14 0.01 0.4 32.9 -0.215611 0.174575 2.01226 -0.0121129 0.00968765 36.1184
468232 14 0.01 0.4 32.9 0.442661 0.353488 3.42116 0.0456961 0.0352418 32.8124
468517 14 0.01 0.4 32.9 -0.261116 0.0658945 4.25209 -0.0346902 0.00915939 37.204
468526 14 0.01 0.4 32.9 -0.0696045 0.184701 16.0588 -0.0324715 0.0933871 32.024
468630 14 0.01 0.4 32.9 -0.299644 -0.302228 10.049 -0.0893067 -0.091079 32.6216
469562 14 0.01 0.4 32.9 0.0635574 0.347287 4.61254 0.00562482 0.0499522 37.73
470038 14 0.01 0.4 32.9 0.389123 -0.388318 1.53914 0.0164396 -0.0204265 32.9659
470132 14 0.01 0.4 32.9 -0.397096 -0.0635819 8.16381 -0.0985539 -0.014644 34.8754
470377 14 0.01 0.4 32.9 0.190219 -0.270404 9.98215 0.0583391 -0.0823792 33.1008
471080 14 0.01 0.4 32.9 0.0830055 0.345763 4.73925 0.0120418 0.0498278 38.3346
471536 14 0.01 0.4 32.9 0.108064 -0.347944 10.746 0.0326611 -0.112626 31.7207
471641 14 0.01 0.4 32.9 0.0352639 0.0836695 7.30129 0.00733281 0.0191495 36.1694
472029 14 0.01 0.4 32.9 -0.19944 -0.0317589 2.70459 -0.0168906 -0.00298141 33.1583
472286 14 0.01 0.4 32.9 -0.329202 0.0243329 4.19069 -0.0426932 0.00529268 37.2491
472845 14 0.01 0.4 32.9 0.295751 -0.459945 3.49335 0.0327007 -0.0488345 35.8412
472993 14 0.01 0.4 32.9 -0.469707 -0.448966 8.10342 -0.117316 -0.110462 35.9523
473182 14 0.01 0.4 32.9 -0.0923138 0.28474 2.80229 -0.00670669 0.0229306 33.787
473627 14 0.01 0.4 32.9 -0.202221 0.222369 6.0767 -0.0368849 0.0394214 33.9695
474456 14 0.01 0.4 32.9 -0.0254158 0.257738 4.67972 -0.00510814 0.0374521 36.8687
475088 14 0.01 0.4 32.9 0.132438 0.161337 5.66439 0.0237792 0.0279048 35.6208
476702 14 0.01 0.4 32.9 0.0466375 -0.101142 3.05618 0.00249352 -0.00942466 34.8322
477589 14 0.01 0.4 32.9 0.372065 -0.177267 7.6898 0.0871357 -0.0409615 36.0263
478281 14 0.01 0.4 32.9 -0.178698 0.445249 2.51559 -0.0134292 0.0321178 37.4827
478408 14 0.01 0.4 32.9 0.106699 0.237418 10.497 0.0333126 0.0778797 33.0802
478580 14 0.01 0.4 32.9 0.045982 0.37778 8.48203 0.0140396 0.0985775 31.3146
478918 14 0.01 0.4 32.9 -0.431175 0.137969 2.53956 -0.0320991 0.0108413 35.5335
480157 14 0.01 0.4 32.9 -0.229038 0.461684 6.50118 -0.0440553 0.090659 34.484
481067 14 0.01 0.4 32.9 0.0920379 0.264448 3.64682 0.0115447 0.026807 32.165
481779 14 0.01 0.4 32.9 0.411643 -0.133215 2.29293 0.0280933 -0.0111838 33.6583
482684 14 0.01 0.4 32.9 0.402321 -0.359673 5.2719 0.0647207 -0.057638 37.0335
482761 14 0.01 0.4 32.9 0.139045 0.372126 15.0735 0.0645604 0.170142 31.4023
483141 14 0.01 0.4 32.9 0.473534 -0.386412 5.65566 0.0807194 -0.0669886 36.0353
483561 14 0.01 0.4 32.9 -0.178022 0.256958 10.5964 -0.0573139 0.0838627 32.1968
484074 14 0.01 0.4 32.9 -0.480543 -0.150886 6.76092 -0.0983407 -0.0291215 36.4502
484469 14 0.01 0.4 32.9 -0.0569849 0.106528 3.92198 -0.00864041 0.0144908 37.497
484500 14 0.01 0.4 32.9 0.475484 -0.288459 1.23348 0.0170547 -0.0108938 36.4178
487187 14 0.01 0.4 32.9 -0.116896 0.270171 3.65673 -0.0140041 0.0321506 37.7365
487592 14 0.01 0.4 32.9 -0.232965 0.277936 7.25521 -0.0516152 0.0625517 36.6976
489519 14 0.01 0.4 32.9 0.0456208 0.344465 3.01372 0.00333524 0.0346044 34.0536
489741 14 0.01 0.4 32.9 -0.0586556 0.0296256 6.41343 -0.00827041 0.00399962 34.6522
489822 14 0.01 0.4 32.9 0.245104 -0.0162037 7.16673 0.0512737 -0.00300499 33.7067
496437 14 0.01 0.4 32.9 -0.275914 0.482721 6.40577 -0.054695 0.0941984 36.5161
496721 14 0.01 0.4 32.9 0.490498 0.0320208 4.35044 0.0641686 0.00561294 38.0668
499119 14 0.01 0.4 32.9 0.37644 -0.444261 11.2346 0.128156 -0.150918 32.2679
