301 14 0.01 0.4 32.9 0.215934 0.281239 9.99906 0.0675415 0.0873602 30.6815
2069 14 0.01 0.4 32.9 0.00215764 -0.216154 4.45064 0.00147402 -0.0303178 30.6815
3960 14 0.01 0.4 32.9 -0.38643 -0.117249 6.65491 -0.0790599 -0.0246864 30.6815
7662 14 0.01 0.4 32.9 -0.178851 -0.316601 4.71859 -0.0245114 -0.0443701 30.6815
11081 14 0.01 0.4 32.9 -0.0662578 -0.382141 2.84039 -0.00591495 -0.0321485 30.6815
11807 14 0.01 0.4 32.9 -0.12709 0.054464 4.29704 -0.0168643 0.00856062 30.6815
12521 14 0.01 0.4 32.9 0.441938 0.298174 22.1003 0.29766 0.202476 30.6815
13719 14 0.01 0.4 32.9 -0.259537 -0.146441 1.30696 -0.0135861 -0.00573905 30.6815
19716 14 0.01 0.4 32.9 0.263328 0.133139 4.52934 0.0365715 0.0186379 30.6815
28321 14 0.01 0.4 32.9 -0.17615 0.398377 3.80787 -0.0198515 0.0460583 30.6815
29951 14 0.01 0.4 32.9 0.472109 0.259914 7.19278 0.103033 0.0595885 30.6815
34768 14 0.01 0.4 32.9 -0.278033 0.442418 8.4953 -0.0713845 0.114463 30.6815
35074 14 0.01 0.4 32.9 0.168369 -0.150593 5.2778 0.0273573 -0.0243154 30.6815
37935 14 0.01 0.4 32.9 0.467983 -0.222586 15.545 0.218813 -0.102693 30.6815
42139 14 0.01 0.4 32.9 -0.021704 0.492027 1.2619 -0.00511694 0.0184271 30.6815
42838 14 0.01 0.4 32.9 0.409652 -0.0550171 5.23796 0.0632722 -0.00796299 30.6815
42991 14 0.01 0.4 32.9 -0.00584125 0.423083 4.80684 -0.00033251 0.0626155 30.6815
44472 14 0.01 0.4 32.9 -0.344864 0.136798 8.16564 -0.0859829 0.0355396 30.6815
45813 14 0.01 0.4 32.9 -0.35163 0.226714 6.37407 -0.0704331 0.0447482 30.6815
47582 14 0.01 0.4 32.9 0.219137 0.104364 2.23131 0.0153986 0.00847111 30.6815
49910 14 0.01 0.4 32.9 -0.489377 0.343586 5.39885 -0.0781746 0.0550524 30.6815
50643 14 0.01 0.4 32.9 0.378487 -0.395872 5.22996 0.0617863 -0.0616921 30.6815
52642 14 0.01 0.4 32.9 -0.22283 0.493553 4.44572 -0.0297721 0.0671377 30.6815
53696 14 0.01 0.4 32.9 -0.432008 0.324992 2.06725 -0.0290016 0.0210128 30.6815
56619 14 0.01 0.4 32.9 0.391789 0.387555 2.80904 0.0331996 0.0369252 30.6815
57209 14 0.01 0.4 32.9 -0.283118 -0.0858664 5.37117 -0.0471195 -0.0113541 30.6815
58100 14 0.01 0.4 32.9 0.0713529 -0.305008 6.8007 0.0143888 -0.0639732 30.6815
61590 14 0.01 0.4 32.9 0.0630557 -0.141024 3.36063 0.0056614 -0.011399 30.6815
77897 14 0.01 0.4 32.9 0.245048 -0.200223 5.75587 0.0435868 -0.0360179 30.6815
78268 14 0.01 0.4 32.9 0.298644 -0.108958 2.87717 0.0263477 -0.00773987 30.6815
80171 14 0.01 0.4 32.9 -0.216168 0.487301 2.34282 -0.0151899 0.0367362 30.6815
84325 14 0.01 0.4 32.9 -0.268694 0.103786 7.73877 -0.0625429 0.0222844 30.6815
84951 14 0.01 0.4 32.9 -0.277564 0.461282 7.81488 -0.064974 0.110205 30.6815
85286 14 0.01 0.4 32.9 0.266642 -0.164154 10.1109 0.0822124 -0.0503277 30.6815
85889 14 0.01 0.4 32.9 0.453496 -0.125619 2.83458 0.0391858 -0.00929613 30.6815
86400 14 0.01 0.4 32.9 0.328688 0.280887 3.59912 0.0365167 0.0308143 30.6815
87768 14 0.01 0.4 32.9 0.166297 -0.18094 2.57047 0.0132053 -0.0135099 30.6815
88135 14 0.01 0.4 32.9 0.266131 0.131753 6.68359 0.0549506 0.0267692 30.6815
89316 14 0.01 0.4 32.9 0.0518749 -0.0907491 2.67095 0.00361468 -0.00771944 30.6815
89355 14 0.01 0.4 32.9 0.396198 0.187821 2.82033 0.0362612 0.0163001 30.6815
89847 14 0.01 0.4 32.9 -0.376642 0.212318 1.48524 -0.0155455 0.0104695 30.6815
97493 14 0.01 0.4 32.9 -0.377473 -0.334699 8.32748 -0.0952549 -0.0848191 30.6815
101986 14 0.01 0.4 32.9 0.000419672 0.344502 4.3026 -3.08722e-05 0.0452423 30.6815
103241 14 0.01 0.4 32.9 0.0818848 -0.4473 2.6514 0.00857433 -0.037279 30.6815
107011 14 0.01 0.4 32.9 0.386774 -0.172893 2.66133 0.0341034 -0.0129747 30.6815
107195 14 0.01 0.4 32.9 0.331764 -0.421875 0.368308 0.00485276 -0.00560972 30.6815
108765 14 0.01 0.4 32.9 0.0581661 -0.265521 2.25309 0.00381887 -0.0184007 30.6815
109927 14 0.01 0.4 32.9 -0.205214 -0.465662 6.21404 -0.0403058 -0.0889734 30.6815
113252 14 0.01 0.4 32.9 -0.320611 -0.00654742 3.96775 -0.0390478 0.00142269 30.6815
117813 14 0.01 0.4 32.9 -0.28611 -0.024524 3.1887 -0.0285756 -0.0014163 30.6815
118746 14 0.01 0.4 32.9 -0.165471 0.165481 4.6148 -0.0221388 0.0251889 30.6815
119047 14 0.01 0.4 32.9 0.316886 -0.231963 7.84006 0.0761097 -0.0523491 30.6815
121880 14 0.01 0.4 32.9 0.444489 -0.385973 1.80501 0.0236118 -0.0185219 30.6815
121895 14 0.01 0.4 32.9 -0.226419 -0.190532 4.25742 -0.0269994 -0.0257122 30.6815
125800 14 0.01 0.4 32.9 -0.281514 -0.394595 8.58848 -0.074851 -0.102775 30.6815
126489 14 0.01 0.4 32.9 0.0120498 -0.139913 6.86615 0.0022957 -0.0281362 30.6815
128810 14 0.01 0.4 32.9 0.447405 0.115312 4.32949 0.0588184 0.0183862 30.6815
129930 14 0.01 0.4 32.9 -0.0340182 0.199179 5.76184 -0.00416005 0.0359992 30.6815
131043 14 0.01 0.4 32.9 -0.380704 0.0729994 4.11193 -0.0494044 0.00991995 30.6815
132337 14 0.01 0.4 32.9 0.100404 0.405439 8.32629 0.0259264 0.104942 30.6815
134082 14 0.01 0.4 32.9 0.469424 -0.43697 4.12207 0.0580673 -0.0551113 30.6815
135547 14 0.01 0.4 32.9 -0.030914 -0.17019 3.89918 -0.00546446 -0.0188558 30.6815
139567 14 0.01 0.4 32.9 0.441999 -0.113066 5.5809 0.0747688 -0.0193542 30.6815
141591 14 0.01 0.4 32.9 -0.11508 0.340074 6.85111 -0.024423 0.0713647 30.6815
143198 14 0.01 0.4 32.9 -0.120201 0.226859 4.47617 -0.0156902 0.0324451 30.6815
145037 14 0.01 0.4 32.9 -0.196631 0.171562 3.65069 -0.0201929 0.0177291 30.6815
146639 14 0.01 0.4 32.9 -0.422733 -0.366772 5.2969 -0.0666928 -0.0564918 30.6815
148476 14 0.01 0.4 32.9 -0.370368 0.333882 3.61935 -0.0400278 0.0394201 30.6815
151053 14 0.01 0.4 32.9 -0.358803 -0.430908 7.69388 -0.0850805 -0.100047 30.6815
151168 14 0.01 0.4 32.9 -0.081024 -0.152752 9.60172 -0.0227646 -0.0443206 30.6815
152894 14 0.01 0.4 32.9 0.145349 -0.491304 4.72199 0.0200459 -0.0716811 30.6815
153734 14 0.01 0.4 32.9 0.0813694 -0.391951 4.31686 0.011738 -0.0535062 30.6815
155040 14 0.01 0.4 32.9 0.346017 0.231488 4.77232 0.0497676 0.0329088 30.6815
161020 14 0.01 0.4 32.9 0.498398 -0.0777597 6.57024 0.102344 -0.0157014 30.6815
164289 14 0.01 0.4 32.9 -0.166607 -0.152631 10.3779 -0.0536959 -0.0476945 30.6815
164904 14 0.01 0.4 32.9 -0.395874 -0.350405 5.58806 -0.0702652 -0.0586401 30.6815
165427 14 0.01 0.4 32.9 -0.0383729 -0.397512 2.03969 -0.0030434 -0.0266109 30.6815
165767 14 0.01 0.4 32.9 -0.00490932 -0.419387 6.50412 -0.00285814 -0.0806635 30.6815
166497 14 0.01 0.4 32.9 0.121921 -0.230888 5.42359 0.0200202 -0.0389234 30.6815
167125 14 0.01 0.4 32.9 -0.462837 0.129349 2.31814 -0.0327302 0.0102575 30.6815
170508 14 0.01 0.4 32.9 0.39762 -0.378638 11.0759 0.13436 -0.128853 30.6815
171484 14 0.01 0.4 32.9 0.380737 -0.193171 5.10355 0.0608248 -0.0291491 30.6815
172858 14 0.01 0.4 32.9 0.233552 0.280195 13.2197 0.094531 0.110685 30.6815
173967 14 0.01 0.4 32.9 0.305264 -0.189477 6.64593 0.0617479 -0.0381374 30.6815
175483 14 0.01 0.4 32.9 0.482018 -0.386492 3.91725 0.0556343 -0.0445925 30.6815
181129 14 0.01 0.4 32.9 -0.211848 -0.247393 3.91687 -0.0227905 -0.0310704 30.6815
184509 14 0.01 0.4 32.9 0.224202 -0.257576 2.06626 0.0139943 -0.018244 30.6815
187119 14 0.01 0.4 32.9 -0.317096 0.267058 6.55894 -0.0606636 0.0530505 30.6815
187698 14 0.01 0.4 32.9 0.23328 -0.180658 11.1349 0.0778523 -0.0608842 30.6815
187749 14 0.01 0.4 32.9 0.166399 0.398536 5.47953 0.0275583 0.0667258 30.6815
189167 14 0.01 0.4 32.9 0.423049 -0.483205 6.13374 0.0780619 -0.0881789 30.6815
191797 14 0.01 0.4 32.9 0.494132 0.269258 3.51919 0.0523243 0.0285338 30.6815
193340 14 0.01 0.4 32.9 0.286789 0.111685 1.33637 0.0114431 0.00489406 30.6815
193610 14 0.01 0.4 32.9 -0.394163 -0.0294137 9.33453 -0.111764 -0.00819182 30.6815
193798 14 0.01 0.4 32.9 0.227841 -0.492419 5.10914 0.0342704 -0.0742108 30.6815
196003 14 0.01 0.4 32.9 -0.326274 -0.49695 15.4915 -0.151766 -0.233079 30.6815
196289 14 0.01 0.4 32.9 -0.36524 0.345528 4.15258 -0.0478873 0.0420453 30.6815
196470 14 0.01 0.4 32.9 0.180696 0.373534 3.69218 0.0203874 0.0415459 30.6815
197126 14 0.01 0.4 32.9 0.208681 0.132341 4.93022 0.0316944 0.0198986 30.6815
197176 14 0.01 0.4 32.9 -0.155036 -0.265127 5.8748 -0.027957 -0.0453319 30.6815
197876 14 0.01 0.4 32.9 -0.218209 0.00901737 6.65642 -0.0430734 0.00186702 30.6815
201223 14 0.01 0.4 32.9 -0.471808 0.210516 14.0734 -0.201394 0.0900551 30.6815
202741 14 0.01 0.4 32.9 0.322969 0.420998 4.39236 0.0432838 0.0578562 30.6815
204339 14 0.01 0.4 32.9 -0.0355052 0.142641 6.45512 -0.00717198 0.0279885 30.6815
206929 14 0.01 0.4 32.9 0.0646852 0.144597 6.97864 0.0136329 0.0288654 30.6815
208566 14 0.01 0.4 32.9 0.19995 -0.147123 4.40302 0.0276017 -0.0189157 30.6815
212660 14 0.01 0.4 32.9 0.468766 -0.111286 2.72701 0.0397755 -0.00689148 30.6815
213524 14 0.01 0.4 32.9 0.422028 0.409036 2.29176 0.0295375 0.0277233 30.6815
215457 14 0.01 0.4 32.9 0.262429 -0.135762 6.26361 0.050532 -0.0250433 30.6815
216186 14 0.01 0.4 32.9 -0.495288 0.111268 9.84343 -0.14832 0.0356406 30.6815
217101 14 0.01 0.4 32.9 -0.342044 0.101386 4.43046 -0.0441355 0.0169599 30.6815
217541 14 0.01 0.4 32.9 -0.204209 0.128427 1.28105 -0.00884926 0.00422224 30.6815
219165 14 0.01 0.4 32.9 0.158246 0.46727 5.01929 0.0256794 0.0722224 30.6815
221015 14 0.01 0.4 32.9 -0.0030195 -0.490333 3.96632 0.00223319 -0.0567395 30.6815
221037 14 0.01 0.4 32.9 0.304446 0.349482 3.64949 0.0340588 0.0407431 30.6815
221378 14 0.01 0.4 32.9 0.00176884 -0.363685 7.76081 -0.000509739 -0.0848384 30.6815
221463 14 0.01 0.4 32.9 -0.472288 0.370435 4.16187 -0.0608714 0.0481632 30.6815
223703 14 0.01 0.4 32.9 -0.207516 0.133659 3.88462 -0.0235171 0.0164397 30.6815
226236 14 0.01 0.4 32.9 0.320919 0.44282 16.642 0.163104 0.226791 30.6815
227952 14 0.01 0.4 32.9 -0.386368 0.311785 3.461 -0.0404557 0.0346012 30.6815
228324 14 0.01 0.4 32.9 -0.23178 0.333083 2.50937 -0.0156214 0.0284344 30.6815
228912 14 0.01 0.4 32.9 -0.0190576 0.0249622 8.01553 -0.0050404 0.00718423 30.6815
231417 14 0.01 0.4 32.9 0.312968 0.159435 8.46783 0.0808149 0.040851 30.6815
231418 14 0.01 0.4 32.9 -0.369007 -0.457595 3.50977 -0.0399758 -0.0483397 30.6815
232383 14 0.01 0.4 32.9 -0.0504152 0.0205018 1.03512 -0.000254829 0.00118629 30.6815
234705 14 0.01 0.4 32.9 -0.0639053 0.320594 2.59296 -0.00447341 0.0255018 30.6815
235195 14 0.01 0.4 32.9 0.340056 -0.0540092 4.95196 0.0502686 -0.00599852 30.6815
242274 14 0.01 0.4 32.9 0.4903 0.400611 6.56845 0.0949656 0.0808959 30.6815
244060 14 0.01 0.4 32.9 -0.446552 -0.200936 3.42083 -0.0448104 -0.0218391 30.6815
246367 14 0.01 0.4 32.9 -0.202637 -0.0123991 7.61659 -0.0464519 -0.00295012 30.6815
246532 14 0.01 0.4 32.9 0.107908 0.225867 5.90402 0.0199301 0.0411223 30.6815
248555 14 0.01 0.4 32.9 -0.0660791 0.000383274 7.9311 -0.0156671 0.000741704 30.6815
250293 14 0.01 0.4 32.9 -0.244936 -0.476938 8.18784 -0.0618951 -0.118928 30.6815
250739 14 0.01 0.4 32.9 -0.0688289 0.234577 5.22438 -0.0109412 0.0390025 30.6815
250965 14 0.01 0.4 32.9 0.493848 0.102994 4.06417 0.0613698 0.0143628 30.6815
254798 14 0.01 0.4 32.9 -0.253017 -0.0658014 7.57515 -0.0577961 -0.014162 30.6815
255230 14 0.01 0.4 32.9 0.412195 0.0343916 3.72472 0.0454937 0.00406812 30.6815
255521 14 0.01 0.4 32.9 -0.331713 -0.0621815 0.677839 -0.00433955 -0.000779929 30.6815
256056 14 0.01 0.4 32.9 0.320516 0.271432 5.59578 0.0507247 0.0470624 30.6815
263636 14 0.01 0.4 32.9 0.238971 0.213433 18.7223 0.137301 0.12276 30.6815
266118 14 0.01 0.4 32.9 -0.0673882 -0.043363 16.4111 -0.0341532 -0.0216929 30.6815
267244 14 0.01 0.4 32.9 0.464502 -0.18078 7.55261 0.106395 -0.0409002 30.6815
271326 14 0.01 0.4 32.9 0.264388 -0.329416 2.16221 0.0174366 -0.0202929 30.6815
273684 14 0.01 0.4 32.9 0.209304 0.0291153 8.07634 0.0513928 0.00898176 30.6815
274239 14 0.01 0.4 32.9 -0.36208 -0.300361 6.10276 -0.0673208 -0.0551202 30.6815
274365 14 0.01 0.4 32.9 -0.441465 0.305896 1.57367 -0.020425 0.0162577 30.6815
275538 14 0.01 0.4 32.9 -0.335792 0.0892155 4.6874 -0.0482984 0.0141873 30.6815
275873 14 0.01 0.4 32.9 0.122061 -0.103671 13.3139 0.0490459 -0.0401805 30.6815
277483 14 0.01 0.4 32.9 0.436204 -0.0388261 8.31404 0.109956 -0.00957458 30.6815
280796 14 0.01 0.4 32.9 0.489494 -0.122747 4.82349 0.0719913 -0.016352 30.6815
282703 14 0.01 0.4 32.9 -0.30273 0.239698 7.08883 -0.0628462 0.0518712 30.6815
283494 14 0.01 0.4 32.9 0.199402 -0.428477 19.9626 0.122492 -0.258292 30.6815
285453 14 0.01 0.4 32.9 0.0166754 -0.423364 1.54769 0.00159775 -0.0179993 30.6815
285598 14 0.01 0.4 32.9 0.1467 -0.49671 15.7813 0.0718191 -0.235582 30.6815
285712 14 0.01 0.4 32.9 -0.488492 -0.36396 3.30972 -0.048211 -0.0363181 30.6815
287266 14 0.01 0.4 32.9 -0.0196395 -0.097318 8.42939 -0.00491846 -0.0256349 30.6815
287306 14 0.01 0.4 32.9 0.28973 0.333445 3.41747 0.0313169 0.0338279 30.6815
288438 14 0.01 0.4 32.9 0.426626 -0.385831 4.49717 0.0579038 -0.0515053 30.6815
292401 14 0.01 0.4 32.9 -0.29374 0.0210418 6.45281 -0.0595794 0.00409677 30.6815
296505 14 0.01 0.4 32.9 -0.105633 0.275506 10.1622 -0.0336641 0.0867524 30.6815
302439 14 0.01 0.4 32.9 -0.0288709 0.389829 15.1968 -0.0152184 0.18156 30.6815
302834 14 0.01 0.4 32.9 -0.10139 0.0669778 11.8449 -0.0385031 0.0221722 30.6815
305077 14 0.01 0.4 32.9 -0.132971 -0.00571976 2.77876 -0.00996173 0.00148327 30.6815
305112 14 0.01 0.4 32.9 0.283283 -0.368504 5.00891 0.0437357 -0.0548146 30.6815
305792 14 0.01 0.4 32.9 -0.0311932 -0.370279 7.96699 -0.00784887 -0.0893648 30.6815
309692 14 0.01 0.4 32.9 -0.294634 0.373319 9.07619 -0.0805429 0.102326 30.6815
310209 14 0.01 0.4 32.9 0.339653 -0.290474 7.71325 0.0796317 -0.0674336 30.6815
310239 14 0.01 0.4 32.9 0.0491402 0.32681 5.35381 0.00640254 0.0540649 30.6815
311092 14 0.01 0.4 32.9 -0.0908818 -0.374528 6.26115 -0.0149458 -0.0715196 30.6815
313300 14 0.01 0.4 32.9 0.129457 0.0111092 2.8978 0.0111792 0.000997695 30.6815
313981 14 0.01 0.4 32.9 -0.48724 0.099706 4.69278 -0.0693444 0.0165627 30.6815
315266 14 0.01 0.4 32.9 -0.302697 -0.499127 3.31656 -0.0299192 -0.0503807 30.6815
318188 14 0.01 0.4 32.9 0.166875 0.360503 3.45544 0.0153949 0.0387516 30.6815
318765 14 0.01 0.4 32.9 0.448586 0.0244492 4.72513 0.0624838 0.00244466 30.6815
319040 14 0.01 0.4 32.9 0.00040292 0.418676 3.99739 -0.001185 0.0520439 30.6815
320624 14 0.01 0.4 32.9 -0.017739 0.173259 10.109 -0.00640202 0.0520426 30.6815
322988 14 0.01 0.4 32.9 -0.172188 0.412884 5.17325 -0.0271993 0.0664603 30.6815
323089 14 0.01 0.4 32.9 -0.129857 -0.430096 1.78828 -0.00836405 -0.0229567 30.6815
323692 14 0.01 0.4 32.9 0.323477 -0.373453 7.6308 0.0727515 -0.0863884 30.6815
323990 14 0.01 0.4 32.9 0.496383 0.2964 7.70632 0.115204 0.0686113 30.6815
324682 14 0.01 0.4 32.9 -0.172644 0.278471 8.02663 -0.0416352 0.0680408 30.6815
324910 14 0.01 0.4 32.9 -0.117067 -0.0152403 8.32988 -0.0290619 -0.00279886 30.6815
325086 14 0.01 0.4 32.9 -0.157403 0.48186 5.20333 -0.0251129 0.0778954 30.6815
326399 14 0.01 0.4 32.9 0.295699 -0.307311 5.58241 0.0493956 -0.0490382 30.6815
328480 14 0.01 0.4 32.9 0.492528 -0.431854 4.3679 0.0650613 -0.0577325 30.6815
330697 14 0.01 0.4 32.9 -0.139267 -0.372526 2.92953 -0.0117909 -0.0319786 30.6815
330841 14 0.01 0.4 32.9 0.419234 -0.458568 11.7812 0.149433 -0.162114 30.6815
331164 14 0.01 0.4 32.9 0.113466 0.0603984 5.94888 0.0209185 0.0131291 30.6815
332043 14 0.01 0.4 32.9 -0.0953386 0.486298 8.43472 -0.0241503 0.126334 30.6815
334188 14 0.01 0.4 32.9 -0.229587 -0.285781 16.6368 -0.115551 -0.143535 30.6815
334737 14 0.01 0.4 32.9 0.181049 -0.130499 8.00693 0.0435682 -0.0289538 30.6815
334891 14 0.01 0.4 32.9 0.180742 -0.460975 7.28403 0.0370769 -0.0994043 30.6815
334964 14 0.01 0.4 32.9 0.39626 0.393235 2.50774 0.0307343 0.0326012 30.6815
334987 14 0.01 0.4 32.9 -0.0581094 -0.253552 5.10181 -0.0102541 -0.0387093 30.6815
338185 14 0.01 0.4 32.9 0.0564638 0.243268 3.06084 0.00449168 0.0242032 30.6815
345601 14 0.01 0.4 32.9 -0.205796 -0.0243984 9.36745 -0.0602853 -0.00559636 30.6815
348802 14 0.01 0.4 32.9 -0.365028 -0.109226 7.11595 -0.0796287 -0.0206742 30.6815
348934 14 0.01 0.4 32.9 0.0597783 -0.0499706 8.67937 0.0150617 -0.0122788 30.6815
349805 14 0.01 0.4 32.9 0.407365 -0.483889 11.2683 0.139046 -0.166256 30.6815
351802 14 0.01 0.4 32.9 -0.076438 -0.0645968 3.86788 -0.00994265 -0.00649639 30.6815
352676 14 0.01 0.4 32.9 0.237228 0.399829 4.11562 0.0298165 0.0485491 30.6815
353103 14 0.01 0.4 32.9 -0.307668 0.452813 3.85632 -0.0363711 0.0532295 30.6815
355338 14 0.01 0.4 32.9 -0.448351 0.354145 5.22578 -0.0701298 0.0556944 30.6815
360286 14 0.01 0.4 32.9 0.0787658 0.411649 1.42169 0.00373896 0.0195069 30.6815
362322 14 0.01 0.4 32.9 -0.105317 0.49446 3.2808 -0.0107301 0.0488859 30.6815
363203 14 0.01 0.4 32.9 -0.496458 -0.215192 5.45131 -0.0802086 -0.0344017 30.6815
365333 14 0.01 0.4 32.9 0.0393833 -0.479258 1.39432 0.000121233 -0.0195526 30.6815
365951 14 0.01 0.4 32.9 0.369676 0.379163 0.669746 0.00778927 0.00737298 30.6815
366313 14 0.01 0.4 32.9 0.214865 0.0619517 6.22836 0.0426703 0.0114014 30.6815
368946 14 0.01 0.4 32.9 0.19558 -0.348582 4.62132 0.0252428 -0.0489617 30.6815
370995 14 0.01 0.4 32.9 0.388821 -0.100227 4.56249 0.0535648 -0.0116943 30.6815
372486 14 0.01 0.4 32.9 0.156947 -0.387943 7.04436 0.0315282 -0.0832999 30.6815
373791 14 0.01 0.4 32.9 0.435363 0.313168 3.61088 0.0494085 0.035373 30.6815
375397 14 0.01 0.4 32.9 -0.444126 -0.145633 6.1956 -0.0825115 -0.0284247 30.6815
375491 14 0.01 0.4 32.9 -0.0880662 -0.323349 5.0189 -0.0154054 -0.0478651 30.6815
382978 14 0.01 0.4 32.9 0.316899 -0.161866 0.545635 0.00635652 -0.00133854 30.6815
389600 14 0.01 0.4 32.9 0.229507 -0.486692 4.92116 0.0361525 -0.0743213 30.6815
395056 14 0.01 0.4 32.9 0.409151 -0.308996 5.23528 0.0668962 -0.0473991 30.6815
395085 14 0.01 0.4 32.9 0.332822 -0.116137 13.514 0.136136 -0.0462212 30.6815
397494 14 0.01 0.4 32.9 0.140911 -0.0516748 6.96904 0.0290609 -0.00997221 30.6815
398252 14 0.01 0.4 32.9 0.447159 0.351999 1.85844 0.0243757 0.0212406 30.6815
398911 14 0.01 0.4 32.9 -0.452138 0.370331 3.06327 -0.0435315 0.0350625 30.6815
401027 14 0.01 0.4 32.9 0.493297 0.196593 7.79013 0.116903 0.0459961 30.6815
402432 14 0.01 0.4 32.9 -0.0123092 0.0221166 11.3145 -0.00567957 0.00942815 30.6815
403494 14 0.01 0.4 32.9 0.49752 0.131811 3.08707 0.0453689 0.0147749 30.6815
403696 14 0.01 0.4 32.9 -0.425817 0.229897 6.60611 -0.0848327 0.0459849 30.6815
405137 14 0.01 0.4 32.9 -0.327941 -0.49182 3.99865 -0.038957 -0.0579981 30.6815
405485 14 0.01 0.4 32.9 -0.0318978 0.416105 9.21287 -0.00986727 0.117608 30.6815
405636 14 0.01 0.4 32.9 0.381586 0.425028 4.70173 0.0546725 0.0640883 30.6815
406214 14 0.01 0.4 32.9 -0.190713 0.335789 6.98239 -0.0392504 0.0704766 30.6815
406858 14 0.01 0.4 32.9 0.00250287 0.439373 3.00252 -0.000919733 0.0432141 30.6815
410474 14 0.01 0.4 32.9 -0.203998 0.152829 5.35181 -0.0353396 0.0248346 30.6815
411938 14 0.01 0.4 32.9 -0.41291 -0.103443 12.7313 -0.161244 -0.0395284 30.6815
412094 14 0.01 0.4 32.9 0.093073 0.189363 9.39421 0.0288103 0.0531878 30.6815
414351 14 0.01 0.4 32.9 -0.336908 0.315396 4.38322 -0.0437718 0.043358 30.6815
415452 14 0.01 0.4 32.9 -0.0614271 0.426387 7.97475 -0.0152069 0.104398 30.6815
416264 14 0.01 0.4 32.9 -0.218448 0.26864 13.2015 -0.0872435 0.108437 30.6815
417356 14 0.01 0.4 32.9 -0.457152 -0.451946 3.73797 -0.0520906 -0.0514046 30.6815
417765 14 0.01 0.4 32.9 0.380916 -0.492147 5.43126 0.0632753 -0.0831092 30.6815
418087 14 0.01 0.4 32.9 0.242103 0.107489 9.72389 0.072663 0.0326132 30.6815
418751 14 0.01 0.4 32.9 0.26865 0.0839816 7.37065 0.0611557 0.0202738 30.6815
419119 14 0.01 0.4 32.9 -0.282743 -0.0689105 0.790577 -0.00583419 -0.000198088 30.6815
420617 14 0.01 0.4 32.9 0.088733 -0.112081 5.17518 0.0150132 -0.0160482 30.6815
422628 14 0.01 0.4 32.9 -0.489817 -0.201366 6.44479 -0.0954066 -0.0394823 30.6815
428767 14 0.01 0.4 32.9 -0.0854116 0.385143 7.15614 -0.0219755 0.0838318 30.6815
429084 14 0.01 0.4 32.9 0.00109486 -0.0679521 10.3672 0.00133132 -0.019873 30.6815
432022 14 0.01 0.4 32.9 -0.416432 -0.0139471 13.2015 -0.167141 -0.0054216 30.6815
434202 14 0.01 0.4 32.9 0.0900342 0.443908 9.49097 0.0281856 0.12797 30.6815
434269 14 0.01 0.4 32.9 0.079877 -0.4894 11.0735 0.0252236 -0.164755 30.6815
434509 14 0.01 0.4 32.9 -0.411922 0.204924 5.40288 -0.0707899 0.0358689 30.6815
435262 14 0.01 0.4 32.9 0.286845 -0.191388 5.74847 0.0510894 -0.0317333 30.6815
435327 14 0.01 0.4 32.9 0.0406038 0.447331 2.75532 0.00365467 0.0382633 30.6815
435475 14 0.01 0.4 32.9 0.167079 0.338651 6.51023 0.0344188 0.0669644 30.6815
436249 14 0.01 0.4 32.9 -0.456676 0.326683 11.7877 -0.163905 0.118083 30.6815
437493 14 0.01 0.4 32.9 0.428823 0.383251 2.44898 0.0305274 0.0300597 30.6815
439092 14 0.01 0.4 32.9 -0.273768 0.106545 4.56246 -0.0372089 0.0148917 30.6815
439425 14 0.01 0.4 32.9 0.460873 0.353652 2.99847 0.0422821 0.0316369 30.6815
443490 14 0.01 0.4 32.9 -0.490688 0.124405 5.07743 -0.075941 0.0224425 30.6815
443970 14 0.01 0.4 32.9 -0.475777 0.0566388 2.11673 -0.0324773 0.00479896 30.6815
444870 14 0.01 0.4 32.9 0.120536 0.481491 3.3455 0.0119853 0.0517108 30.6815
446110 14 0.01 0.4 32.9 0.186413 0.122637 1.7547 0.00998168 0.00801943 30.6815
447286 14 0.01 0.4 32.9 -0.241497 -0.401837 3.23917 -0.0228398 -0.0375839 30.6815
447700 14 0.01 0.4 32.9 0.49717 -0.437153 3.22869 0.0477943 -0.0444874 30.6815
450750 14 0.01 0.4 32.9 0.41547 0.445376 15.0698 0.190281 0.202455 30.6815
453708 14 0.01 0.4 32.9 0.105173 -0.24085 14.5332 0.0504586 -0.106679 30.6815
457022 14 0.01 0.4 32.9 -0.232242 -0.300446 2.49727 -0.0183558 -0.0233586 30.6815
458002 14 0.01 0.4 32.9 -0.240293 0.332629 10.5382 -0.075695 0.106973 30.6815
458231 14 0.01 0.4 32.9 0.333887 -0.245868 4.82002 0.0491887 -0.0369898 30.6815
460229 14 0.01 0.4 32.9 0.0709184 -0.317834 3.48512 0.0102252 -0.0310682 30.6815
461732 14 0.01 0.4 32.9 -0.38163 -0.192902 2.89951 -0.0351585 -0.0146265 30.6815
462026 14 0.01 0.4 32.9 -0.0873616 -0.277895 2.35905 -0.00775283 -0.018434 30.6815
466692 14 0.01 0.4 32.9 -0.44298 -0.420468 2.32018 -0.0328385 -0.0276856 30.6815
466938 14 0.01 0.4 32.9 -0.307224 -0.297005 8.49683 -0.0796504 -0.0778177 30.6815
468517 14 0.01 0.4 32.9 -0.261116 0.0658945 4.25209 -0.0346902 0.00915939 30.6815
468526 14 0.01 0.4 32.9 -0.0696045 0.184701 16.0588 -0.0324715 0.0933871 30.6815
468630 14 0.01 0.4 32.9 -0.299644 -0.302228 10.049 -0.0893067 -0.091079 30.6815
470132 14 0.01 0.4 32.9 -0.397096 -0.0635819 8.16381 -0.0985539 -0.014644 30.6815
470377 14 0.01 0.4 32.9 0.190219 -0.270404 9.98215 0.0583391 -0.0823792 30.6815
472845 14 0.01 0.4 32.9 0.295751 -0.459945 3.49335 0.0327007 -0.0488345 30.6815
476702 14 0.01 0.4 32.9 0.0466375 -0.101142 3.05618 0.00249352 -0.00942466 30.6815
477589 14 0.01 0.4 32.9 0.372065 -0.177267 7.6898 0.0871357 -0.0409615 30.6815
478408 14 0.01 0.4 32.9 0.106699 0.237418 10.497 0.0333126 0.0778797 30.6815
478580 14 0.01 0.4 32.9 0.045982 0.37778 8.48203 0.0140396 0.0985775 30.6815
478918 14 0.01 0.4 32.9 -0.431175 0.137969 2.53956 -0.0320991 0.0108413 30.6815
483141 14 0.01 0.4 32.9 0.473534 -0.386412 5.65566 0.0807194 -0.0669886 30.6815
484074 14 0.01 0.4 32.9 -0.480543 -0.150886 6.76092 -0.0983407 -0.0291215 30.6815
484469 14 0.01 0.4 32.9 -0.0569849 0.106528 3.92198 -0.00864041 0.0144908 30.6815
487187 14 0.01 0.4 32.9 -0.116896 0.270171 3.65673 -0.0140041 0.0321506 30.6815
487592 14 0.01 0.4 32.9 -0.232965 0.277936 7.25521 -0.0516152 0.0625517 30.6815
496437 14 0.01 0.4 32.9 -0.275914 0.482721 6.40577 -0.054695 0.0941984 30.6815
