94001899 0 0.01 2 32.9 0.0812937 -0.411244 34.8201 0.0869656 -0.434678 46.598
94003076 0 0.01 1.99985 32.9 0.138316 -0.380777 34.1788 0.141691 -0.395132 46.598
94004297 0 0.01 2 32.9 -0.477621 0.0954509 2.46813 -0.0361747 0.00999425 46.598
94006525 0 0.01 2 32.9 -0.462605 0.384399 4.20275 -0.0602771 0.0496918 46.598
95001548 0 0.01 2 32.9 -0.452384 -0.265932 1.93767 -0.0264794 -0.0157883 46.59
95002692 0 0.01 2 32.9 -0.132057 -0.463369 3.77668 -0.0173858 -0.0533811 46.59
95003114 0 0.01 2 32.9 0.361798 0.167741 1.60929 0.0138337 0.00712274 46.59
95007899 0 0.01 2 32.9 0.383331 0.417825 4.61232 0.0518414 0.060414 46.59
95008373 0 0.01 2 32.9 0.375703 0.153542 1.49982 0.0202618 0.00794278 46.59
95011440 0 0.01 2 32.9 0.0608709 0.427061 2.21207 0.00489434 0.0285043 46.59
69000189 0 0.01 2 32.9 0.0145177 -0.0417439 0.92101 0.00453418 -0.000908494 46.5962
69002848 0 0.01 2 32.9 0.31342 -0.132916 2.58761 0.0244144 -0.0109696 46.5962
69006751 0 0.01 2 32.9 -0.337009 -0.430554 4.1802 -0.0433666 -0.0530644 46.5962
69008595 0 0.01 2 32.9 0.45273 -0.196727 4.39907 0.0624552 -0.0282566 46.5962
69009741 0 0.01 2 32.9 -0.489962 0.370036 1.57612 -0.0234737 0.0191066 46.5962
69009817 0 0.01 2 32.9 -0.354963 -0.239532 5.03485 -0.0522704 -0.0368885 46.5962
69010510 0 0.01 2 32.9 -0.475831 -0.26871 1.78804 -0.0274446 -0.0147683 46.5962
67000724 0 0.01 1.99995 32.9 0.380248 0.441044 43.9811 0.509161 0.590695 46.6119
67002194 0 0.01 2 32.9 0.228858 -0.0460262 5.74501 0.0383476 -0.00642265 46.6119
67005428 0 0.01 2 32.9 -0.454934 -0.217643 2.18583 -0.0301902 -0.0144981 46.6119
67006714 0 0.01 2 32.9 0.435896 -0.121577 6.09474 0.0802572 -0.0213005 46.6119
67006951 0 0.01 2 32.9 -0.433559 0.259771 42.3065 -0.557318 0.333134 46.6119
67009050 0 0.01 2 32.9 -0.100602 0.0188998 2.55398 -0.00599967 0.00122344 46.6119
67009298 0 0.01 2 32.9 -0.139533 0.444432 3.25089 -0.0141016 0.0422348 46.6119
67009426 0 0.01 2 32.9 0.471016 0.393988 5.71214 0.0821291 0.0685448 46.6119
47002309 0 0.01 2 32.9 -0.381342 0.377412 4.98047 -0.0583451 0.05831 46.6302
47004426 0 0.01 2 32.9 0.168082 -0.398787 1.75923 0.00864103 -0.0210561 46.6302
47005338 0 0.01 2 32.9 -0.266765 -0.281004 24.5171 -0.199869 -0.209548 46.6302
47010328 0 0.01 1.99999 32.9 -0.283372 0.211417 5.06024 -0.0433699 0.0332711 46.6302
47011766 0 0.01 2 32.9 -0.396303 0.401382 10.3412 -0.122597 0.125038 46.6302
87000209 0 0.01 2 32.9 -0.49109 0.225389 1.76169 -0.0251855 0.0124726 46.5998
87002561 0 0.01 2 32.9 0.0480686 0.00335431 2.17805 0.00246311 -0.00111107 46.5998
87003363 0 0.01 2 32.9 -0.151535 0.312139 0.771938 -0.00287909 0.0152709 46.5998
87003460 0 0.01 2 32.9 -0.252936 0.153545 0.771943 -0.0121668 0.00430869 46.5998
87003857 0 0.01 2 32.9 0.307996 -0.143889 3.30796 0.031336 -0.0140568 46.5998
87005913 0 0.01 2 32.9 -0.284076 -0.30871 3.55011 -0.0305388 -0.0294189 46.5998
87008486 0 0.01 2.00001 32.9 -0.22725 0.136665 3.06651 -0.0236679 0.0164649 46.5998
87010296 0 0.01 2 32.9 0.0170205 0.475824 5.11374 0.00380809 0.074789 46.5998
87012428 0 0.01 2 32.9 -0.20581 -0.327307 1.2955 -0.00548677 -0.0113733 46.5998
85002982 0 0.01 2 32.9 -0.0498168 0.290228 3.42834 -0.0046342 0.0312595 46.6211
85006169 0 0.01 2 32.9 -0.367838 0.259068 2.76325 -0.032423 0.0229858 46.6211
85007405 0 0.01 2 32.9 0.00230285 -0.273927 2.19659 0.00153424 -0.0190758 46.6211
85008588 0 0.01 2 32.9 -0.343482 0.220703 3.25554 -0.0331644 0.0237853 46.6211
85010290 0 0.01 2 32.9 -0.428865 -0.00949389 2.12181 -0.0284506 -0.000232437 46.6211
85012505 0 0.01 2 32.9 0.42171 -0.273592 7.01666 0.0926041 -0.0560714 46.6211
34001244 0 0.01 2 32.9 0.0883386 0.360305 0.808139 0.0120926 0.00500173 46.5939
34001506 0 0.01 2 32.9 -0.202768 0.236675 3.96017 -0.0232203 0.029922 46.5939
34001555 0 0.01 2 32.9 -0.0795968 -0.237022 6.37743 -0.0143099 -0.0454759 46.5939
34003079 0 0.01 2 32.9 -0.258892 0.410472 2.91655 -0.0265798 0.0380416 46.5939
34003678 0 0.01 2 32.9 -0.372298 -0.21197 1.3294 -0.0152101 -0.0032615 46.5939
34005897 0 0.01 2 32.9 -0.395222 0.229408 26.9751 -0.32191 0.187795 46.5939
34008098 0 0.01 2.00003 32.9 -0.458184 -0.331537 104.919 -1.45922 -1.05564 46.5939
34008148 0 0.01 2 32.9 0.267094 -0.0331159 1.41746 0.00859291 0.000993891 46.5939
34010179 0 0.01 2 32.9 0.11629 0.321784 2.02085 0.0059094 0.0188198 46.5939
34011201 0 0.01 2 32.9 -0.0537668 0.455983 1.86636 -0.00336544 0.0251962 46.5939
83001597 0 0.01 2 32.9 -0.187631 0.127823 5.41296 -0.0321391 0.0215454 46.5739
83003725 0 0.01 2 32.9 0.425647 0.183701 4.68543 0.0586483 0.0255218 46.5739
83004153 0 0.01 2 32.9 0.306297 0.016035 4.60088 0.0430302 0.00290779 46.5739
83004451 0 0.01 2.00001 32.9 0.00228131 -0.455708 1.62956 -0.00150028 -0.0237834 46.5739
83006831 0 0.01 2 32.9 0.261623 0.470095 0.691303 0.00487854 0.00489134 46.5739
83009286 0 0.01 2 32.9 -0.410751 0.316589 3.76438 -0.0476907 0.0379124 46.5739
83011890 0 0.01 1.99997 32.9 -0.00346703 -0.334237 40.3338 -0.00441153 -0.408947 46.5739
83012627 0 0.01 2 32.9 0.192729 0.302077 0.804368 0.0102114 0.00645237 46.5739
96000222 0 0.01 2 32.9 -0.0858369 0.114417 2.51396 -0.00768262 0.0101534 46.5861
96005074 0 0.01 2 32.9 -0.104566 0.372084 3.39823 -0.0102308 0.037735 46.5861
96005077 0 0.01 2 32.9 -0.204382 -0.158672 4.05212 -0.0250462 -0.0202525 46.5861
96005803 0 0.01 1.99999 32.9 0.490289 -0.22872 2.46008 0.0396176 -0.0146921 46.5861
96006568 0 0.01 1.99951 32.9 0.0250205 0.495725 34.7873 0.0271759 0.525933 46.5861
96007144 0 0.01 2 32.9 0.379637 -0.221696 0.899096 0.00928965 -0.00116205 46.5861
96007659 0 0.01 2 32.9 -0.389964 0.375695 2.40653 -0.0303936 0.0317913 46.5861
96009668 0 0.01 2 32.9 0.0940092 0.139483 2.33419 0.00909402 0.012183 46.5861
96009813 0 0.01 2 32.9 -0.410292 -0.156854 3.27038 -0.0404317 -0.0151019 46.5861
96010735 0 0.01 2 32.9 -0.129464 -0.00396167 3.83906 -0.0141363 -0.00135521 46.5861
25002927 0 0.01 2 32.9 0.231676 0.467888 5.67277 0.0408676 0.0820593 46.5884
25003874 0 0.01 2 32.9 0.445105 0.234548 2.52116 0.0356112 0.0183601 46.5884
25007269 0 0.01 2 32.9 -0.302598 0.392603 1.92206 -0.0181912 0.0251573 46.5884
25007456 0 0.01 2 32.9 0.342177 -0.130287 1.43428 0.0174254 -0.00608261 46.5884
25007581 0 0.01 2.00001 32.9 -0.312068 -0.411523 45.7543 -0.434458 -0.572734 46.5884
25007618 0 0.01 2 32.9 -0.487767 0.447782 4.76769 -0.0703896 0.0669678 46.5884
25008422 0 0.01 1.99999 32.9 -0.258692 0.356392 5.26505 -0.0421312 0.0548445 46.5884
25010142 0 0.01 2.00098 32.9 -0.303735 -0.493755 18.2681 -0.168099 -0.274931 46.5884
25012101 0 0.01 2 32.9 0.399826 -0.444536 2.15121 0.0276012 -0.0295259 46.5884
81003619 0 0.01 2 32.9 -0.471331 -0.459813 1.12828 -0.0201132 -0.0180904 46.5919
81005736 0 0.01 2 32.9 -0.258131 -0.202282 4.5298 -0.0374794 -0.0271856 46.5919
81006464 0 0.01 2 32.9 0.150708 0.157487 2.96922 0.013644 0.0151452 46.5919
81010845 0 0.01 1.99999 32.9 0.297712 -0.0691835 13.181 0.119068 -0.0267874 46.5919
81012032 0 0.01 1.99994 32.9 0.421792 -0.347267 51.5314 0.660382 -0.542533 46.5919
61000183 0 0.01 2 32.9 0.0759277 0.287972 1.85874 0.00750695 0.0166257 46.6013
61000298 0 0.01 2 32.9 0.44996 -0.473793 1.53826 0.0227467 -0.0237001 46.6013
61004750 0 0.01 2 32.9 0.478568 -0.23748 2.54804 0.0358246 -0.0146602 46.6013
61006766 0 0.01 2.00005 32.9 0.0865256 0.152781 46.8309 0.123402 0.218858 46.6013
61009227 0 0.01 1.99999 32.9 0.321736 -0.371862 1.87028 0.0159421 -0.0210779 46.6013
91003990 0 0.01 2 32.9 -0.278643 -0.0639414 1.78245 -0.0134378 -0.00177689 46.61
91004275 0 0.01 2 32.9 0.157536 0.0791807 1.88191 0.00598994 0.0040728 46.61
91005197 0 0.01 2 32.9 0.19583 -0.201285 0.430243 0.00166628 -0.0121107 46.61
91009043 0 0.01 2 32.9 0.496662 0.204229 4.3861 0.0661854 0.0260772 46.61
91009248 0 0.01 2 32.9 0.391716 -0.373791 2.98636 0.0351902 -0.0338582 46.61
91009556 0 0.01 2 32.9 0.49921 0.476289 5.74432 0.0879153 0.0823065 46.61
91011078 0 0.01 2 32.9 -0.303383 -0.281239 6.04163 -0.0565969 -0.0497886 46.61
92000547 0 0.01 2 32.9 -0.171266 0.480243 3.81245 -0.0178774 0.0573568 46.6152
92001928 0 0.01 2 32.9 0.360042 -0.324872 3.93454 0.042062 -0.0370921 46.6152
92006356 0 0.01 2.00008 32.9 0.187572 0.0917888 44.5709 0.255912 0.127057 46.6152
92006705 0 0.01 2 32.9 -0.270751 -0.0684244 31.8976 -0.262195 -0.0625669 46.6152
92008709 0 0.01 2 32.9 0.115931 -0.148803 2.31426 0.00499844 -0.0112879 46.6152
92010575 0 0.01 2 32.9 0.369895 0.0630782 1.19793 0.0111455 0.00488701 46.6152
92010898 0 0.01 2 32.9 -0.495859 0.251013 1.19614 -0.0188626 0.0106586 46.6152
92011853 0 0.01 2 32.9 -0.123781 -0.0206996 1.51597 -0.00813479 0.00200872 46.6152
48001694 0 0.01 2.00012 32.9 0.37099 0.038458 30.5911 0.344789 0.0352838 46.5688
48004224 0 0.01 2 32.9 -0.255984 -0.00966072 1.30907 -0.0100757 -0.00238738 46.5688
48007792 0 0.01 2 32.9 -0.0799707 0.209839 1.41919 -0.00406715 0.0114038 46.5688
48009435 0 0.01 2 32.9 -0.256421 -0.356629 3.11437 -0.0242125 -0.034719 46.5688
48010579 0 0.01 1.99998 32.9 -0.350153 0.368781 17.5017 -0.186388 0.196511 46.5688
32000829 0 0.01 2 32.9 -0.0927928 0.128776 0.888001 -0.00425446 0.00288353 46.587
32003482 0 0.01 2 32.9 0.314995 -0.363848 0.71086 0.0110496 -0.00853377 46.587
32005637 0 0.01 2 32.9 0.197433 0.340277 3.65821 0.0194282 0.0418879 46.587
32008413 0 0.01 2.00001 32.9 0.348949 -0.434659 5.49249 0.0566446 -0.0711206 46.587
68001356 0 0.01 2 32.9 0.114317 -0.252739 1.9204 0.00673695 -0.0130585 46.6168
68004540 0 0.01 2 32.9 0.100645 -0.226181 2.73845 0.00810368 -0.0184002 46.6168
68010000 0 0.01 2 32.9 0.264198 0.231001 0.428949 0.0103715 0.00907363 46.6168
68012449 0 0.01 2 32.9 -0.301629 -0.0274372 1.75248 -0.0171444 -5.66059e-05 46.6168
46001530 0 0.01 2 32.9 -0.0910098 0.0755832 5.59978 -0.0154672 0.014869 46.5953
46002849 0 0.01 2 32.9 -0.0876546 -0.118406 1.4517 -0.00311689 -0.00348191 46.5953
46009850 0 0.01 2 32.9 0.414707 -0.282101 4.15795 0.0552211 -0.0351548 46.5953
26000308 0 0.01 2 32.9 -0.394793 -0.221433 1.75313 -0.020736 -0.0083806 46.5934
26004795 0 0.01 1.99997 32.9 -0.377144 -0.339563 15.0605 -0.172292 -0.153755 46.5934
26005551 0 0.01 2 32.9 -0.283151 -0.171974 1.68934 -0.0127525 -0.011615 46.5934
26005820 0 0.01 2 32.9 0.334485 -0.44897 0.662722 0.00254324 0.00183005 46.5934
26007770 0 0.01 2 32.9 0.0816137 -0.17139 2.80705 0.00672134 -0.0155981 46.5934
26010098 0 0.01 2 32.9 0.260047 0.427909 5.20223 0.0435464 0.0693414 46.5934
26011672 0 0.01 2 32.9 0.398095 -0.297429 1.05911 0.0077898 -0.0107028 46.5934
22002871 0 0.01 2 32.9 0.390906 0.318628 49.6528 0.591284 0.476901 46.5799
22004250 0 0.01 2 32.9 -0.474323 -0.170792 2.06101 -0.0293418 -0.00875487 46.5799
22007468 0 0.01 2 32.9 -0.0160736 -0.070088 7.0804 -0.00234136 -0.0136702 46.5799
22007943 0 0.01 2 32.9 -0.389143 0.384114 9.04964 -0.109145 0.106172 46.5799
22010404 0 0.01 1.99999 32.9 -0.318724 -0.445807 28.0001 -0.269076 -0.378621 46.5799
22011575 0 0.01 2 32.9 -0.378653 0.311406 14.5783 -0.168287 0.135442 46.5799
22012617 0 0.01 2 32.9 -0.246743 0.201278 1.614 -0.0118176 0.00866213 46.5799
23000744 0 0.01 1.99951 32.9 -0.0950603 0.471731 81.1455 -0.233029 1.16309 46.5968
23002682 0 0.01 2.00001 32.9 0.163445 0.333526 1.10758 0.0117698 0.00784878 46.5968
23004807 0 0.01 2 32.9 0.209335 -0.163104 1.12886 0.0056566 -0.00690302 46.5968
23005916 0 0.01 2 32.9 -0.156231 0.31187 1.89586 -0.00864614 0.0210875 46.5968
23007228 0 0.01 1.99999 32.9 0.151412 -0.194325 5.46016 0.025238 -0.0331467 46.5968
23010146 0 0.01 2.00012 32.9 0.298056 0.339305 36.1775 0.327916 0.376263 46.5968
24000214 0 0.01 2 32.9 -0.419114 -0.300168 1.557 -0.0190529 -0.0129854 46.6124
24003937 0 0.01 2 32.9 -0.450298 -0.00853912 4.25689 -0.0561649 -0.000822829 46.6124
24004281 0 0.01 1.99999 32.9 0.165171 -0.00489117 14.7941 0.0732087 -0.000739098 46.6124
24004649 0 0.01 2.00024 32.9 -0.157901 0.311226 28.7989 -0.137881 0.27418 46.6124
24009118 0 0.01 2 32.9 -0.305193 0.289968 10.2079 -0.0949968 0.0881941 46.6124
24009733 0 0.01 2 32.9 -0.494623 -0.490696 1.64381 -0.0238083 -0.0243068 46.6124
24011555 0 0.01 2 32.9 -0.321395 0.0211373 1.57095 -0.0115415 0.00267026 46.6124
24011695 0 0.01 2 32.9 -0.453278 -0.318734 3.332 -0.0455406 -0.031755 46.6124
24012206 0 0.01 2 32.9 0.299308 0.429029 4.56305 0.0416708 0.0598532 46.6124
89000993 0 0.01 2 32.9 -0.18342 -0.471104 1.65839 -0.00935454 -0.021882 46.5827
89002502 0 0.01 2 32.9 -0.311077 0.294294 2.02636 -0.018521 0.0200835 46.5827
89003811 0 0.01 2 32.9 0.074906 0.247962 0.890413 0.000467933 0.0055352 46.5827
89004645 0 0.01 2 32.9 0.113588 0.243925 29.2453 0.100986 0.217896 46.5827
89005118 0 0.01 2 32.9 -0.105839 0.216984 3.41337 -0.0155564 0.0209081 46.5827
89011667 0 0.01 2 32.9 -0.346315 -0.450903 1.0842 -0.00861556 -0.0108832 46.5827
93003184 0 0.01 2.00002 32.9 -0.39261 -0.188177 12.813 -0.151779 -0.0737733 46.5983
93005698 0 0.01 2 32.9 -0.159407 -0.0360696 16.7171 -0.0817085 -0.0176916 46.5983
93006509 0 0.01 2 32.9 0.365563 0.165834 4.64324 0.052761 0.0233818 46.5983
93007220 0 0.01 2 32.9 -0.0111532 -0.0149488 2.64791 -0.00150879 -0.0016916 46.5983
93007862 0 0.01 2 32.9 -0.201304 -0.165679 1.71868 -0.0129069 -0.00936013 46.5983
93008182 0 0.01 2 32.9 -0.0704882 -0.371048 1.55256 -0.00511702 -0.0195114 46.5983
93008552 0 0.01 2 32.9 -0.199906 0.260306 1.80571 -0.0102163 0.0157161 46.5983
93009636 0 0.01 2.00024 32.9 0.338875 -0.209126 27.9546 0.287968 -0.175647 46.5983
93012504 0 0.01 2 32.9 0.325001 0.00111013 2.05238 0.0201837 0.00524354 46.5983
21005239 0 0.01 2.00006 32.9 0.424509 -0.12279 6.5424 0.0836463 -0.0237116 46.5942
21005701 0 0.01 2 32.9 -0.471389 0.261621 1.90433 -0.0286907 0.0172811 46.5942
21006699 0 0.01 2 32.9 -0.328022 0.109126 4.26851 -0.040668 0.0152295 46.5942
21009292 0 0.01 2.00001 32.9 -0.468483 -0.222472 13.6336 -0.195004 -0.0900939 46.5942
21010656 0 0.01 2 32.9 0.39662 -0.188948 4.50375 0.0516067 -0.0263011 46.5942
21011120 0 0.01 2 32.9 -0.0636041 0.308857 2.28454 -0.00280656 0.0209815 46.5942
21012463 0 0.01 2 32.9 -0.153013 0.115647 4.36331 -0.0194302 0.0144733 46.5942
11000471 0 0.01 2 32.9 0.120205 -0.284878 1.09104 0.0045984 -0.00495489 46.602
11003180 0 0.01 2 32.9 -0.278572 0.105804 6.78768 -0.0556691 0.0234859 46.602
11005117 0 0.01 2 32.9 0.241561 -0.0799308 2.22227 0.0170528 -0.00307336 46.602
11006235 0 0.01 2 32.9 -0.36645 0.0395437 2.69142 -0.0307977 0.00256997 46.602
11006878 0 0.01 2 32.9 -0.00720894 -0.446177 2.07737 0.000562712 -0.0289551 46.602
11009305 0 0.01 2 32.9 0.378552 0.052506 0.655109 0.00507745 -0.00281129 46.602
11010880 0 0.01 2 32.9 0.12608 0.458503 4.56759 0.016872 0.0635154 46.602
14002331 0 0.01 2 32.9 -0.347098 0.324592 0.884289 -0.0107462 0.00971838 46.6062
14002823 0 0.01 2 32.9 -0.184843 -0.163149 1.04075 -0.00619627 -0.00488819 46.6062
14010686 0 0.01 2 32.9 -0.47741 0.496458 4.25127 -0.0635893 0.0635836 46.6062
14011425 0 0.01 2 32.9 0.172468 -0.242133 28.7149 0.152175 -0.209833 46.6062
14012255 0 0.01 1.99999 32.9 0.369876 -0.116475 39.7211 0.447209 -0.141431 46.6062
436 0 0.01 2 32.9 0.359232 0.183591 1.34095 0.0177527 0.0119926 46.5864
1997 0 0.01 2 32.9 0.268049 -0.215634 5.03683 0.0414659 -0.0331542 46.5864
2359 0 0.01 2.00024 32.9 0.191828 -0.231506 31.8391 0.184601 -0.223147 46.5864
3508 0 0.01 2 32.9 0.280384 -0.230942 1.07621 0.0107649 -0.00602011 46.5864
4159 0 0.01 2 32.9 -0.2298 0.159987 3.42477 -0.0249261 0.0153206 46.5864
5120 0 0.01 2 32.9 0.0610746 -0.0934914 7.2694 0.0133385 -0.0193586 46.5864
7316 0 0.01 2 32.9 -0.353107 0.226546 32.5483 -0.346093 0.225976 46.5864
7495 0 0.01 2 32.9 0.117834 0.487622 1.53181 0.00656901 0.0247813 46.5864
10346 0 0.01 2 32.9 -0.499981 0.175266 3.27689 -0.0484294 0.0184645 46.5864
12051 0 0.01 2 32.9 0.448134 -0.312404 1.7007 0.0208055 -0.0197233 46.5864
12678 0 0.01 2.00024 32.9 0.277396 -0.260497 31.082 0.260788 -0.245526 46.5864
18005921 0 0.01 1.99997 32.9 0.479605 -0.0368841 1.60885 0.0245341 -0.00215201 46.5962
18007697 0 0.01 2 32.9 -0.399559 0.111022 3.8973 -0.0495713 0.0130096 46.5962
18008255 0 0.01 2 32.9 0.24911 -0.0521507 8.42252 0.0629769 -0.0125426 46.5962
18009878 0 0.01 2 32.9 0.240104 -0.246898 4.01432 0.0277833 -0.0291273 46.5962
18011982 0 0.01 2 32.9 0.0538199 -0.171096 3.87292 0.0078914 -0.0210414 46.5962
17000799 0 0.01 2 32.9 0.474495 0.281451 1.66469 0.0211445 0.0178614 46.5911
17001176 0 0.01 2 32.9 0.398953 -0.229202 30.7447 0.372889 -0.213846 46.5911
17006377 0 0.01 2 32.9 0.34948 0.010175 4.75564 0.0486382 0.00134152 46.5911
17011340 0 0.01 2 32.9 0.0186495 0.299563 2.42737 0.000760532 0.0250417 46.5911
17011463 0 0.01 2 32.9 0.224502 0.395803 4.42419 0.0284465 0.0510997 46.5911
16000947 0 0.01 2 32.9 -0.473417 -0.185413 0.723243 -0.00684006 -0.00530808 46.5879
16008258 0 0.01 2 32.9 -0.0847964 -0.103686 0.970203 -0.00205476 -0.00450682 46.5879
16008267 0 0.01 2 32.9 -0.357419 0.184159 1.40572 -0.016205 0.00885678 46.5879
16011082 0 0.01 2.00012 32.9 -0.0648828 -0.306122 38.0502 -0.0756424 -0.352989 46.5879
78000152 0 0.01 2 32.9 0.428788 -0.384699 3.2697 0.0456179 -0.0396171 46.5993
54000779 0 0.01 2 32.9 0.182237 -0.17771 2.61898 0.0154364 -0.00933308 46.6081
54001004 0 0.01 2 32.9 -0.300113 0.267094 1.73257 -0.0226299 0.0149858 46.6081
54001348 0 0.01 2 32.9 0.00501852 0.104502 2.05627 -0.000954789 0.00900182 46.6081
54002692 0 0.01 2 32.9 -0.43798 -0.434324 4.44118 -0.058754 -0.0599649 46.6081
54003977 0 0.01 2 32.9 0.421449 -0.348675 2.01843 0.0235593 -0.0205833 46.6081
54004701 0 0.01 2 32.9 0.467697 -0.206655 15.2899 0.217371 -0.094059 46.6081
54006183 0 0.01 1.99988 32.9 -0.0206239 -0.226947 50.9025 -0.0311574 -0.349139 46.6081
54012556 0 0.01 2 32.9 0.139861 0.184634 2.07691 0.00831075 0.0135214 46.6081
40000052 0 0.01 2 32.9 -0.199018 -0.404352 1.97401 -0.00808688 -0.0200202 46.5792
40000629 0 0.01 2.00024 32.9 -0.0634536 -0.0938436 16.2112 -0.0330606 -0.0428058 46.5792
40002193 0 0.01 2 32.9 -0.381168 0.418576 1.42241 -0.0149433 0.0194476 46.5792
40010882 0 0.01 2 32.9 -0.110881 0.00497558 4.59167 -0.0141584 0.000985945 46.5792
4003141 0 0.01 2 32.9 0.0427832 -0.491657 2.187 0.0050075 -0.0325647 46.5897
4003572 0 0.01 2 32.9 0.425056 -0.172597 3.59473 0.0428879 -0.0182785 46.5897
4006045 0 0.01 2 32.9 0.249346 -0.281314 3.16885 0.024436 -0.0274293 46.5897
4006229 0 0.01 2 32.9 -0.127445 0.325401 2.08098 -0.00755776 0.0194337 46.5897
4006317 0 0.01 2 32.9 0.365946 -0.399744 6.56638 0.0741114 -0.0800339 46.5897
4009710 0 0.01 2 32.9 0.0877966 -0.119097 2.5051 0.00602974 -0.0106545 46.5897
4011032 0 0.01 2 32.9 0.345967 0.127364 4.92191 0.0510538 0.0201803 46.5897
56002415 0 0.01 1.99951 32.9 0.221482 0.241831 29.6996 0.199312 0.218615 46.6077
56002547 0 0.01 2 32.9 -0.474908 -0.263388 1.867 -0.0275933 -0.0122482 46.6077
56002788 0 0.01 2 32.9 -0.122089 -0.331513 1.51545 -0.00837903 -0.015578 46.6077
56003442 0 0.01 1.99999 32.9 -0.330147 0.487436 17.0959 -0.170149 0.253271 46.6077
56003820 0 0.01 1.99999 32.9 0.351299 -0.416525 1.59506 0.0166797 -0.0183103 46.6077
56005315 0 0.01 2 32.9 0.12773 -0.165034 1.2266 0.00618146 -0.00537357 46.6077
56009685 0 0.01 2 32.9 0.207496 0.348744 2.3 0.0140783 0.025832 46.6077
56010858 0 0.01 2 32.9 -0.460741 0.25508 1.85307 -0.0227426 0.014592 46.6077
56012582 0 0.01 2 32.9 -0.129499 0.454734 2.15542 -0.00899073 0.0325998 46.6077
57000535 0 0.01 2.00003 32.9 -0.489006 -0.0811124 54.9147 -0.816275 -0.133919 46.6134
57001405 0 0.01 2 32.9 -0.286774 -0.019378 0.637194 -0.00349169 -0.00774942 46.6134
57002547 0 0.01 2 32.9 0.159667 0.235562 4.23914 0.0208747 0.0303819 46.6134
57003559 0 0.01 2 32.9 -0.0263032 -0.125 2.23701 -0.00286414 -0.00660871 46.6134
55000470 0 0.01 2 32.9 -0.390025 0.295446 4.02736 -0.0463232 0.0361773 46.6062
55001076 0 0.01 2 32.9 -0.410644 -0.104412 2.00688 -0.0246736 -0.00857032 46.6062
55001921 0 0.01 2 32.9 -0.0918525 -0.187948 0.424947 -0.00822332 1.05856e-05 46.6062
55003042 0 0.01 2 32.9 -0.0132962 -0.289911 1.56852 -0.00208961 -0.0108073 46.6062
55004270 0 0.01 2 32.9 0.0937846 0.465772 2.19543 0.0093439 0.0329457 46.6062
55005650 0 0.01 2 32.9 0.403145 -0.483142 1.77853 0.0259964 -0.0294054 46.6062
55006078 0 0.01 2.00024 32.9 -0.378488 -0.259852 35.4471 -0.406422 -0.277982 46.6062
55006085 0 0.01 2.00024 32.9 -0.445474 -0.226165 24.5626 -0.333877 -0.167814 46.6062
55008045 0 0.01 2 32.9 -0.0291097 -0.276725 33.4672 -0.0297771 -0.282795 46.6062
55009859 0 0.01 2 32.9 -0.000938001 -0.254752 6.21306 0.000964872 -0.047736 46.6062
55009867 0 0.01 2 32.9 -0.224807 0.21548 5.48281 -0.0376702 0.0381468 46.6062
55010858 0 0.01 2 32.9 -0.287983 0.0494399 1.41358 -0.0111789 0.00289921 46.6062
15005529 0 0.01 2 32.9 0.230223 -0.095201 3.08792 0.0208658 -0.00954655 46.6002
15008601 0 0.01 2 32.9 0.128804 0.222486 1.79945 0.00747865 0.0167374 46.6002
51000791 0 0.01 1.99998 32.9 -0.321141 0.353944 13.5171 -0.132364 0.144411 46.6017
51002941 0 0.01 1.99805 32.9 0.0790841 0.280665 11.4656 0.0255656 0.0976741 46.6017
51003605 0 0.01 2 32.9 -0.362265 0.253167 1.62724 -0.017937 0.0160049 46.6017
51005921 0 0.01 2 32.9 -0.290867 -0.391413 1.65186 -0.0116408 -0.0186664 46.6017
51006262 0 0.01 2 32.9 -0.417099 0.166713 13.684 -0.17377 0.0709511 46.6017
51009796 0 0.01 2 32.9 0.160766 -0.460276 4.16153 0.0227356 -0.0590161 46.6017
51010125 0 0.01 2 32.9 -0.171489 -0.456325 1.2527 -0.00550915 -0.012765 46.6017
51010437 0 0.01 2 32.9 0.0534557 -0.236541 1.81505 0.0054255 -0.0111079 46.6017
51010659 0 0.01 2 32.9 -0.0559805 0.0343801 2.22166 -0.00693205 0.00353574 46.6017
51012139 0 0.01 2 32.9 0.199273 0.31219 1.26147 0.00774534 0.00964383 46.6017
28003576 0 0.01 2 32.9 -0.19864 -0.294553 5.4941 -0.0337443 -0.0479153 46.6101
28006342 0 0.01 2 32.9 0.129431 -0.282755 0.816657 0.0031999 -0.00745461 46.6101
28007924 0 0.01 2.00024 32.9 0.436833 -0.208184 38.256 0.506303 -0.239748 46.6101
28009912 0 0.01 2 32.9 -0.346301 -0.151977 4.26948 -0.0442824 -0.0162103 46.6101
28010916 0 0.01 2 32.9 0.429222 -0.159149 3.4148 0.0447693 -0.0142138 46.6101
10005634 0 0.01 2 32.9 -0.448544 -0.341366 2.18144 -0.0273239 -0.0178826 46.6005
10008125 0 0.01 2.00001 32.9 0.130488 -0.407239 13.7379 0.053462 -0.16921 46.6005
10008561 0 0.01 2 32.9 0.448785 -0.263433 3.48532 0.0462618 -0.0259155 46.6005
19003761 0 0.01 2 32.9 0.0538241 0.391662 2.18948 0.00612082 0.0276649 46.5815
19006486 0 0.01 2 32.9 0.477414 0.292195 1.5497 0.0209663 0.0147305 46.5815
19006740 0 0.01 2 32.9 -0.190292 -0.452816 1.61984 -0.0092882 -0.0221478 46.5815
19006844 0 0.01 2 32.9 -0.180044 0.193783 2.25887 -0.0124431 0.0151405 46.5815
19008470 0 0.01 2 32.9 -0.267271 0.327981 4.4806 -0.0362529 0.0439165 46.5815
19009043 0 0.01 2 32.9 0.364498 -0.23867 6.39206 0.0716748 -0.0446352 46.5815
45002144 0 0.01 2 32.9 -0.27979 0.072269 36.0749 -0.306507 0.0772578 46.6489
45006637 0 0.01 2 32.9 0.0865135 0.0967449 4.95803 0.0144923 0.013215 46.6489
45012470 0 0.01 2 32.9 -0.0148045 -0.415329 1.70836 -0.00229205 -0.0201145 46.6489
1000284 0 0.01 2 32.9 -0.460586 0.151495 4.61013 -0.0634982 0.0223861 46.5874
1000951 0 0.01 1.99998 32.9 0.0555439 0.363225 2.3998 0.00188349 0.02663 46.5874
1005946 0 0.01 2 32.9 -0.452725 -0.442744 2.87717 -0.038566 -0.0359249 46.5874
1008280 0 0.01 2 32.9 0.327647 0.0545211 1.92965 0.0203021 0.00263701 46.5874
1009277 0 0.01 2 32.9 -0.425335 -0.162187 3.44674 -0.0456113 -0.016359 46.5874
1010814 0 0.01 2 32.9 0.221123 0.0983308 2.42208 0.0139807 0.00813234 46.5874
1011310 0 0.01 2 32.9 -0.198844 -0.421804 2.87929 -0.0163671 -0.038263 46.5874
1011842 0 0.01 2 32.9 0.0660993 0.0893558 2.54941 0.00584341 0.00898886 46.5874
6003125 0 0.01 2 32.9 0.0747736 0.148116 1.7399 0.00243585 0.00974209 46.5998
6004638 0 0.01 2 32.9 0.142284 -0.159262 2.80727 0.0113428 -0.0122196 46.5998
6004658 0 0.01 2 32.9 -0.113793 -0.470708 1.25473 0.000169596 -0.0145663 46.5998
6008991 0 0.01 2 32.9 0.462125 -0.366618 5.51032 0.0755656 -0.062989 46.5998
6009537 0 0.01 2 32.9 -0.128921 -0.246712 2.24206 -0.0103144 -0.0164574 46.5998
6010135 0 0.01 1.99976 32.9 -0.383639 0.09683 10.3561 -0.121256 0.0334672 46.5998
6010333 0 0.01 2 32.9 0.397847 0.112222 2.91506 0.0349291 0.0118162 46.5998
6010685 0 0.01 2 32.9 -0.128811 0.428919 0.905981 -0.00914467 0.0106714 46.5998
6012322 0 0.01 2 32.9 -0.274306 -0.00380249 6.09719 -0.0510146 0.000377308 46.5998
6012957 0 0.01 2 32.9 0.0702175 0.321909 3.81574 0.00804406 0.0373281 46.5998
33000249 0 0.01 2 32.9 0.134713 -0.147961 2.28916 0.0110441 -0.0102128 46.5963
33003107 0 0.01 2 32.9 0.472891 -0.157129 1.91918 0.0318451 -0.00804356 46.5963
33007889 0 0.01 2 32.9 -0.273592 -0.369775 1.17059 -0.00726125 -0.0123588 46.5963
33009286 0 0.01 2 32.9 -0.118423 0.297146 2.867 -0.0125064 0.0272344 46.5963
33011495 0 0.01 2 32.9 -0.215523 0.00885687 1.22075 -0.00652566 0.000108709 46.5963
33011860 0 0.01 2 32.9 -0.369271 0.00856976 0.311017 -0.0118023 0.0039971 46.5963
35001949 0 0.01 2.00001 32.9 -0.186356 -0.495147 6.13574 -0.0344343 -0.0924415 46.5809
35002348 0 0.01 2 32.9 -0.359015 -0.454929 2.28536 -0.0241151 -0.0309021 46.5809
35006639 0 0.01 2 32.9 0.140171 0.481906 3.04817 0.0118598 0.0457891 46.5809
35007050 0 0.01 2 32.9 -0.0331971 -0.328349 1.57984 -0.00378741 -0.00909281 46.5809
35010040 0 0.01 2 32.9 0.0156904 -0.347816 4.22047 0.00219224 -0.0429157 46.5809
35010326 0 0.01 2 32.9 0.198917 -0.274186 4.83148 0.0310852 -0.0408328 46.5809
2003647 0 0.01 2 32.9 0.194353 0.375823 1.87984 0.00951237 0.0246087 46.5911
2008392 0 0.01 2 32.9 0.00545099 0.118084 0.219835 0.0179888 0.0120787 46.5911
2009611 0 0.01 2 32.9 -0.0388589 -0.326167 4.02898 -0.00500605 -0.0368871 46.5911
2010170 0 0.01 2 32.9 -0.357492 0.170296 1.87375 -0.0189399 0.0120785 46.5911
80001233 0 0.01 2 32.9 0.124438 -0.164397 1.59358 0.00798795 -0.00703763 46.5851
80001252 0 0.01 2.00002 32.9 -0.184716 -0.299009 7.83669 -0.0441418 -0.0699548 46.5851
80002656 0 0.01 2 32.9 0.420002 -0.335035 0.385404 0.00924042 0.00481086 46.5851
80006327 0 0.01 2 32.9 0.29898 0.314805 4.41459 0.0392889 0.0431655 46.5851
80006732 0 0.01 2 32.9 -0.129497 0.489313 0.617793 -0.00219685 0.0146746 46.5851
80007406 0 0.01 2 32.9 -0.0831837 0.14614 56.5849 -0.141767 0.252411 46.5851
80010075 0 0.01 2 32.9 -0.0969676 0.295136 1.90731 -0.00669215 0.0201185 46.5851
80010665 0 0.01 2 32.9 -0.189037 -0.0201674 6.04598 -0.0360738 -0.00149617 46.5851
77000936 0 0.01 2 32.9 -0.39662 -0.44286 38.1946 -0.460447 -0.514401 46.5709
77001501 0 0.01 2 32.9 0.0814861 0.178554 1.70843 0.00418009 0.0129986 46.5709
77003486 0 0.01 2.00001 32.9 0.281192 0.468736 8.84916 0.0737737 0.125065 46.5709
77004746 0 0.01 2 32.9 -0.157459 0.415563 1.29657 -0.00574845 0.0194096 46.5709
77006370 0 0.01 2 32.9 0.0725674 -0.21914 1.03393 0.00218135 -0.00467459 46.5709
77006839 0 0.01 2 32.9 0.0790744 0.220561 2.41846 0.00568188 0.0163302 46.5709
77008428 0 0.01 2 32.9 -0.331238 -0.416982 4.06434 -0.0401763 -0.0512664 46.5709
77008767 0 0.01 2 32.9 0.445702 -0.276008 21.5179 0.291291 -0.179711 46.5709
77008913 0 0.01 2 32.9 0.0874762 -0.31367 0.486827 0.00593152 -0.00956342 46.5709
77008934 0 0.01 2 32.9 0.255245 0.462275 4.60252 0.0358392 0.0651112 46.5709
77009152 0 0.01 2 32.9 0.235914 0.205985 1.12868 0.0120764 0.00596902 46.5709
77011298 0 0.01 2 32.9 -0.27724 -0.0450679 4.6029 -0.0415842 -0.00672389 46.5709
77011508 0 0.01 2 32.9 0.323658 0.444841 3.48536 0.0368401 0.0468016 46.5709
66002637 0 0.01 2 32.9 -0.151225 0.174021 2.10608 -0.0071251 0.00896184 46.6202
66002776 0 0.01 2.00098 32.9 0.44296 -0.0531968 18.2612 0.246242 -0.0269034 46.6202
66005050 0 0.01 2 32.9 0.232855 -0.493704 8.09324 0.0598876 -0.121217 46.6202
66006450 0 0.01 2 32.9 -0.0629377 -0.421909 1.08739 -0.0026723 -0.0190525 46.6202
66006717 0 0.01 2 32.9 0.245934 0.231047 1.9033 0.0121343 0.0140858 46.6202
66006918 0 0.01 2 32.9 -0.225574 0.0601466 2.1575 -0.0165178 0.00736315 46.6202
66008595 0 0.01 2 32.9 -0.177953 -0.210277 0.9055 -0.00523659 -0.0046475 46.6202
42001309 0 0.01 2 32.9 0.234864 0.390145 2.45789 0.0141174 0.0300162 46.593
42001866 0 0.01 2 32.9 0.113237 0.0395398 31.5985 0.107613 0.0393924 46.593
42002512 0 0.01 2 32.9 -0.238504 -0.156004 0.939178 -0.00348826 -0.00517894 46.593
42004460 0 0.01 2 32.9 0.0127733 -0.318924 6.72034 0.00543126 -0.0643878 46.593
42004542 0 0.01 2 32.9 -0.0988792 0.379981 4.57622 -0.0128513 0.0539486 46.593
42005975 0 0.01 2 32.9 0.148337 0.406203 0.487908 0.00648329 0.00692482 46.593
42006061 0 0.01 2 32.9 0.442475 0.493657 3.32807 0.0432564 0.0499091 46.593
42006845 0 0.01 2 32.9 0.161829 0.188298 3.12549 0.0149285 0.0192916 46.593
42009182 0 0.01 1.99999 32.9 0.367877 0.268859 6.67719 0.0741221 0.057691 46.593
42010454 0 0.01 2 32.9 -0.115524 0.16986 2.35063 -0.00876426 0.0118891 46.593
42011044 0 0.01 2 32.9 0.187455 -0.0843923 5.62762 0.0308364 -0.012464 46.593
42011927 0 0.01 2 32.9 0.159948 0.0283802 1.40084 0.00733217 0.000693285 46.593
42012059 0 0.01 2 32.9 -0.209418 -0.434175 1.48003 -0.0123181 -0.0201114 46.593
79001754 0 0.01 2 32.9 0.0711975 0.465002 2.57223 0.0041975 0.0364571 46.6043
79003550 0 0.01 2 32.9 0.483316 0.0427258 0.581697 0.00580728 0.00197758 46.6043
79004252 0 0.01 2 32.9 -0.0691561 -0.357644 1.38625 -0.00403501 -0.014283 46.6043
79009231 0 0.01 2 32.9 0.205513 -0.225249 2.19138 0.0142427 -0.0145635 46.6043
79009729 0 0.01 2 32.9 0.20465 -0.078708 3.17497 0.0176297 -0.00710298 46.6043
90000063 0 0.01 2 32.9 0.16265 -0.280048 21.6952 0.107525 -0.184057 46.6174
90001172 0 0.01 2 32.9 -0.478344 0.0694888 0.882314 -0.0166032 0.00362276 46.6174
90003244 0 0.01 2 32.9 0.250121 -0.342158 2.15354 0.0158312 -0.0251442 46.6174
90004073 0 0.01 2 32.9 0.171574 -0.493225 2.25851 0.0108657 -0.0319155 46.6174
90004511 0 0.01 2 32.9 0.0965858 -0.263183 1.33358 0.00193291 -0.007775 46.6174
90005641 0 0.01 2 32.9 -0.23368 -0.320591 1.83388 -0.0109205 -0.0155737 46.6174
90007267 0 0.01 2 32.9 0.0195526 -0.062124 1.30998 0.0050618 -0.00276542 46.6174
90007559 0 0.01 2 32.9 -0.2502 -0.479716 3.93381 -0.0276507 -0.0573888 46.6174
90010885 0 0.01 2 32.9 0.470042 -0.202628 8.38668 0.119741 -0.0500382 46.6174
90011339 0 0.01 2.00002 32.9 -0.175812 0.164061 3.0291 -0.0156479 0.0146455 46.6174
90012247 0 0.01 2 32.9 0.254582 -0.481658 2.19797 0.0162974 -0.0317553 46.6174
30000261 0 0.01 2 32.9 0.231433 -0.116567 17.9284 0.128145 -0.0612488 46.5943
30001296 0 0.01 2.00006 32.9 0.0300414 -0.0543974 18.6171 0.0167574 -0.0272286 46.5943
30002214 0 0.01 2 32.9 0.054381 0.170142 1.42377 0.00212749 0.00789369 46.5943
30002812 0 0.01 2 32.9 0.476781 -0.0569453 2.32399 0.0324938 -0.00290723 46.5943
30002931 0 0.01 1.99994 32.9 0.481991 0.00399417 46.3323 0.679631 0.00647789 46.5943
30003687 0 0.01 2 32.9 -0.360839 -0.3703 1.42221 -0.0129173 -0.0142995 46.5943
30008282 0 0.01 2 32.9 0.325934 0.402238 2.14079 0.0223537 0.0272532 46.5943
30010391 0 0.01 1.99976 32.9 0.218384 -0.3999 30.9461 0.204597 -0.377555 46.5943
30011483 0 0.01 2 32.9 -0.292842 -0.463086 2.9351 -0.029943 -0.041773 46.5943
63000657 0 0.01 2 32.9 -0.427511 0.343045 0.821724 -0.0106661 0.0118902 46.5768
63000751 0 0.01 2 32.9 0.347503 -0.0137866 1.38085 0.00897165 -0.0041643 46.5768
63001032 0 0.01 2 32.9 0.330931 -0.328583 5.16342 0.0528046 -0.049986 46.5768
63003234 0 0.01 2 32.9 -0.429095 -0.481683 2.83094 -0.0362325 -0.0390583 46.5768
63003501 0 0.01 2 32.9 -0.219182 0.29756 3.2701 -0.0180509 0.0302357 46.5768
63003973 0 0.01 2 32.9 0.217746 0.38996 1.32352 0.00897994 0.0207878 46.5768
63006185 0 0.01 2 32.9 -0.384786 -0.274205 0.731967 -0.00776466 -0.00787564 46.5768
63006231 0 0.01 2 32.9 -0.0582979 -0.498862 2.45773 -0.00269436 -0.0370998 46.5768
63006719 0 0.01 2.00009 32.9 -0.360749 -0.21402 48.3988 -0.532462 -0.312247 46.5768
63006993 0 0.01 2 32.9 0.0423787 -0.190323 3.61089 0.00379904 -0.0185814 46.5768
63007518 0 0.01 2.00001 32.9 -0.397479 -0.160502 8.16255 -0.0983803 -0.0362728 46.5768
63007811 0 0.01 2 32.9 0.207415 0.465053 2.11648 0.0162963 0.031281 46.5768
63008390 0 0.01 2 32.9 0.183596 0.257547 4.0553 0.0216149 0.0331259 46.5768
63008415 0 0.01 2 32.9 -0.275669 -0.371915 4.25653 -0.0345217 -0.0493701 46.5768
63011022 0 0.01 2 32.9 -0.433375 -0.202142 6.46667 -0.0863366 -0.0395075 46.5768
63011148 0 0.01 2 32.9 -0.0318039 -0.00613888 1.28534 -0.00283263 -0.00131415 46.5768
63012486 0 0.01 2.00024 32.9 -0.246563 0.345721 24.8379 -0.189737 0.261684 46.5768
44002435 0 0.01 2 32.9 -0.0576339 0.157346 0.608482 0.00105415 0.00576888 46.5787
44003586 0 0.01 2.00002 32.9 -0.292899 -0.259702 59.3367 -0.529865 -0.467418 46.5787
44007768 0 0.01 2 32.9 0.000302199 -0.123233 0.908607 0.00352348 -0.00239932 46.5787
44007924 0 0.01 2 32.9 -0.340142 0.173418 1.62721 -0.0196782 0.00701549 46.5787
44009246 0 0.01 2.00003 32.9 0.258589 0.335346 43.9165 0.343706 0.448357 46.5787
59004019 0 0.01 2.00195 32.9 0.0353103 -0.0962063 13.3527 0.014365 -0.0381243 46.6118
59009922 0 0.01 2 32.9 -0.42618 -0.337185 25.8634 -0.336467 -0.264048 46.6118
5003581 0 0.01 2 32.9 0.255096 0.285441 4.06188 0.0323687 0.0367537 46.5801
5003766 0 0.01 2 32.9 0.2299 0.0501042 2.1154 0.0123371 0.00604262 46.5801
5003781 0 0.01 2 32.9 0.446765 -0.203658 3.94129 0.0562517 -0.0250931 46.5801
5004075 0 0.01 2 32.9 0.180478 -0.218968 1.64751 0.010055 -0.00996853 46.5801
5006481 0 0.01 2 32.9 -0.408746 0.197845 0.863053 -0.0101355 0.0075888 46.5801
5006756 0 0.01 2 32.9 -0.377102 0.304925 1.37557 -0.0158143 0.0133854 46.5801
5008978 0 0.01 2 32.9 -0.295792 -0.000398387 4.04222 -0.035641 0.00167942 46.5801
5009823 0 0.01 2 32.9 0.315605 0.123384 11.2753 0.106886 0.0435552 46.5801
5010327 0 0.01 2 32.9 0.158236 0.464935 2.62455 0.0159323 0.0370947 46.5801
5012160 0 0.01 2 32.9 -0.211682 -0.344057 2.71645 -0.0180209 -0.0254795 46.5801
43005262 0 0.01 2 32.9 -0.484282 0.165592 2.83479 -0.0431569 0.0141541 46.5637
43005345 0 0.01 2 32.9 0.211424 -0.375419 4.11603 0.0242774 -0.0479659 46.5637
43007827 0 0.01 2 32.9 0.376579 -0.150765 2.99396 0.0346369 -0.0134673 46.5637
43011444 0 0.01 2 32.9 0.0827986 0.0224029 1.8884 0.00311037 0.00606856 46.5637
58002389 0 0.01 2 32.9 0.39005 0.26496 1.90422 0.0189402 0.0142544 46.6043
58004151 0 0.01 2 32.9 0.30129 0.121348 0.779341 0.0106032 0.008194 46.6043
58007822 0 0.01 2 32.9 0.325246 0.188265 9.9379 0.0979855 0.0573793 46.6043
58007875 0 0.01 2 32.9 0.0301762 0.214943 2.6454 0.00185573 0.0211428 46.6043
58009401 0 0.01 2 32.9 -0.0115808 0.464422 3.68161 -0.000827477 0.052757 46.6043
58011210 0 0.01 2 32.9 -0.190939 0.184331 5.21705 -0.0296566 0.0293273 46.6043
58012189 0 0.01 1.99994 32.9 -0.192761 -0.210306 4.84696 -0.0310767 -0.0310848 46.6043
58012439 0 0.01 2 32.9 0.0931562 -0.441282 2.18657 0.00916707 -0.0275863 46.6043
84000052 0 0.01 2 32.9 0.117156 -0.383957 9.71684 0.0356447 -0.115122 46.5815
84000370 0 0.01 2 32.9 0.351755 -0.236513 2.02836 0.0219575 -0.0153735 46.5815
84003811 0 0.01 2 32.9 -0.199015 -0.408506 1.34236 -0.00646231 -0.0150941 46.5815
84004111 0 0.01 2 32.9 -0.0794917 0.213689 1.53331 0.000740205 0.00818503 46.5815
84004706 0 0.01 2 32.9 0.375083 -0.187619 2.62779 0.0297316 -0.0184321 46.5815
84005515 0 0.01 2 32.9 0.271936 -0.424744 0.461652 0.00970889 -0.0119633 46.5815
84007186 0 0.01 2 32.9 0.0378616 -0.495138 1.05313 -0.000454438 -0.0151539 46.5815
84007819 0 0.01 2 32.9 -0.0933944 0.419593 1.95407 -0.0036567 0.0280434 46.5815
84009089 0 0.01 2 32.9 -0.176016 -0.0209565 0.539683 -0.00391583 -0.00603956 46.5815
29000224 0 0.01 2 32.9 -0.0470042 0.0744693 3.81647 -0.00418047 0.0116085 46.5904
29001002 0 0.01 2 32.9 0.281779 -0.413397 1.40466 0.0127345 -0.0150048 46.5904
29001636 0 0.01 2 32.9 -0.45625 -0.445416 1.33103 -0.0180098 -0.0178164 46.5904
29003943 0 0.01 2 32.9 -0.408589 -0.494575 2.15621 -0.0284667 -0.0327112 46.5904
29004453 0 0.01 2 32.9 0.266323 0.178907 2.62326 0.0198988 0.014834 46.5904
29005427 0 0.01 2.00002 32.9 -0.457575 0.484097 33.6686 -0.466704 0.496078 46.5904
29008185 0 0.01 2 32.9 0.409422 -0.43216 0.780266 0.00538505 -0.00754088 46.5904
29008757 0 0.01 2 32.9 0.0394362 0.246181 1.82703 0.00158768 0.0142488 46.5904
29008782 0 0.01 1.99998 32.9 -0.101134 -0.387518 6.09946 -0.0169616 -0.071778 46.5904
29010769 0 0.01 2 32.9 0.0809619 -0.441994 0.75464 0.0014312 -0.0117944 46.5904
29012706 0 0.01 1.99998 32.9 -0.320357 -0.102626 6.25859 -0.0589646 -0.0184141 46.5904
20001578 0 0.01 2 32.9 0.463509 0.381264 1.65927 0.0261653 0.0153214 46.5855
20002795 0 0.01 2 32.9 -0.0142171 -0.306389 1.00754 0.000543578 -0.0118802 46.5855
20004303 0 0.01 2 32.9 -0.178503 -0.335765 2.35968 -0.0108156 -0.0234367 46.5855
20006655 0 0.01 2 32.9 0.250122 0.142225 3.40652 0.0252715 0.0135424 46.5855
20006715 0 0.01 2 32.9 0.391419 0.0369985 1.57469 0.0216542 0.00437127 46.5855
20009240 0 0.01 2 32.9 -0.0909748 -0.486389 1.42187 -0.00127482 -0.019439 46.5855
99002353 0 0.01 2 32.9 -0.255011 0.230276 1.20638 -0.00839779 0.00974852 46.5894
99006752 0 0.01 2 32.9 0.209846 -0.0366471 0.780322 0.0085063 -0.000786789 46.5894
99007032 0 0.01 2.00002 32.9 -0.130167 0.117616 8.17705 -0.0338497 0.0288676 46.5894
99009353 0 0.01 2 32.9 -0.488775 0.218105 1.19381 -0.0159825 0.0072796 46.5894
99009780 0 0.01 2 32.9 0.197821 -0.320103 1.91659 0.0154387 -0.0169345 46.5894
99010311 0 0.01 2 32.9 -0.338707 0.063311 2.26528 -0.024325 0.00570248 46.5894
99010651 0 0.01 2.00006 32.9 -0.122196 0.286382 38.1301 -0.141731 0.330485 46.5894
99011723 0 0.01 2 32.9 0.222916 -0.356571 10.6075 0.0707204 -0.115629 46.5894
52000981 0 0.01 2 32.9 -0.306267 0.0610206 2.32839 -0.0227681 0.0072391 46.5867
52002629 0 0.01 2 32.9 0.411558 -0.182819 4.25016 0.0536635 -0.0234805 46.5867
52004028 0 0.01 2.00001 32.9 0.128574 -0.192775 2.63535 0.00836636 -0.01473 46.5867
52004282 0 0.01 2 32.9 0.150447 0.419425 0.789998 0.00410682 0.0122431 46.5867
52006307 0 0.01 2 32.9 -0.0512423 0.343705 2.24132 -0.00262735 0.0242845 46.5867
52011472 0 0.01 2 32.9 -0.302984 -0.238983 2.49915 -0.0255273 -0.018795 46.5867
9005608 0 0.01 2 32.9 0.272621 -0.203346 1.8669 0.0175073 -0.011388 46.5504
9005961 0 0.01 2 32.9 -0.453678 -0.0459994 4.79775 -0.0672345 -0.00702725 46.5504
9006339 0 0.01 2 32.9 -0.176504 -0.248113 0.872186 -0.00770436 -0.0079165 46.5504
9007531 0 0.01 2 32.9 -0.195088 0.0946228 0.904307 -0.00781104 0.00359442 46.5504
9008017 0 0.01 2 32.9 -0.0314591 0.232805 1.45432 -0.000796669 0.010552 46.5504
9010395 0 0.01 2 32.9 -0.0731861 -0.492167 0.727765 -0.00141341 -0.0166883 46.5504
13006022 0 0.01 2 32.9 0.419692 0.0355143 1.621 0.0166017 0.00178401 46.5883
13010520 0 0.01 2 32.9 -0.230923 0.405785 3.82396 -0.0239495 0.0479252 46.5883
13010706 0 0.01 2 32.9 0.316214 0.0173058 1.01582 0.00833567 -0.00171574 46.5883
12000943 0 0.01 2 32.9 -0.259883 -0.384626 2.89327 -0.0230336 -0.0334909 46.5942
12001431 0 0.01 2 32.9 -0.132843 -0.0223997 2.11317 -0.00758655 0.000174737 46.5942
12001892 0 0.01 2 32.9 -0.376086 -0.482647 10.1734 -0.117172 -0.148321 46.5942
12005895 0 0.01 2 32.9 -0.233536 0.14594 2.34402 -0.0171691 0.0104479 46.5942
12006864 0 0.01 2 32.9 0.14998 -0.153368 1.02996 0.00286547 -0.00660129 46.5942
12007885 0 0.01 2 32.9 0.0303747 0.135983 1.58995 0.00214219 0.00765437 46.5942
12011202 0 0.01 2 32.9 0.259256 -0.4182 1.36013 0.00810509 -0.0174004 46.5942
12012075 0 0.01 2 32.9 -0.305033 -0.0564199 2.51072 -0.0261502 -0.00330142 46.5942
12012208 0 0.01 2 32.9 0.462768 -0.185351 2.17173 0.0321058 -0.00960687 46.5942
65002734 0 0.01 2 32.9 -0.0440205 -0.156271 2.61898 -0.00171687 -0.0127004 46.5913
65003694 0 0.01 2 32.9 0.40909 0.138378 2.57493 0.0328804 0.0141883 46.5913
65003954 0 0.01 2 32.9 -0.0199906 -0.469688 2.06212 -0.00268882 -0.0283785 46.5913
65004241 0 0.01 2 32.9 -0.324378 -0.499879 1.2659 -0.0120159 -0.0195199 46.5913
65011751 0 0.01 1.99998 32.9 -0.249803 -0.272702 8.91922 -0.0671719 -0.0746764 46.5913
64001583 0 0.01 2.00006 32.9 -0.288994 -0.301835 11.0726 -0.0990288 -0.0999891 46.5986
64001825 0 0.01 2 32.9 0.0161497 -0.339311 2.66557 0.000211993 -0.0264492 46.5986
64003161 0 0.01 2.00001 32.9 0.328837 0.364537 6.07727 0.0600791 0.0655627 46.5986
64003783 0 0.01 2 32.9 0.484546 -0.0711983 3.05704 0.0464145 -0.0092777 46.5986
64004079 0 0.01 2 32.9 0.304903 -0.201929 2.10658 0.0207521 -0.0101639 46.5986
64005830 0 0.01 2 32.9 0.112668 0.483026 0.567658 -0.00449178 0.00787069 46.5986
64008141 0 0.01 2 32.9 -0.269944 0.466064 1.1951 -0.0111828 0.0214709 46.5986
64008347 0 0.01 1.99999 32.9 -0.0494982 0.491734 44.3433 -0.0674109 0.66383 46.5986
64009984 0 0.01 2 32.9 0.0199204 -0.0977767 2.28633 0.00210649 -0.00791237 46.5986
64012120 0 0.01 2 32.9 0.462125 -0.361751 2.46129 0.0341593 -0.0281008 46.5986
7000660 0 0.01 2 32.9 0.139429 0.326775 10.8022 0.044872 0.109725 46.6268
7002528 0 0.01 2 32.9 0.110432 0.295746 4.26016 0.0126549 0.0370682 46.6268
7004591 0 0.01 2 32.9 -0.116489 -0.290798 5.10822 -0.0187613 -0.0431272 46.6268
7005449 0 0.01 2 32.9 0.04724 0.0982869 3.0253 0.0027703 0.0106237 46.6268
7007781 0 0.01 1.99998 32.9 -0.284686 -0.423999 8.95646 -0.0773002 -0.114036 46.6268
7011689 0 0.01 2 32.9 -0.469776 -0.435761 3.04852 -0.0426616 -0.0400119 46.6268
7012162 0 0.01 1.99999 32.9 0.284464 0.298879 58.8417 0.508108 0.537566 46.6268
27000539 0 0.01 2 32.9 -0.0972871 0.00332536 1.33028 0.000347305 0.00135745 46.5863
27001018 0 0.01 2.00098 32.9 0.191038 -0.224711 20.7382 0.120238 -0.141916 46.5863
27001929 0 0.01 2 32.9 0.0988244 -0.0883329 1.4195 0.00555193 -0.00450899 46.5863
27002076 0 0.01 2 32.9 0.268091 -0.195569 0.989637 0.0116538 -0.00435591 46.5863
27003703 0 0.01 2.00002 32.9 0.106106 -0.443532 43.77 0.139438 -0.588451 46.5863
27003978 0 0.01 2 32.9 0.133517 -0.316999 2.89442 0.0102718 -0.0237424 46.5863
27005612 0 0.01 2 32.9 -0.168798 0.0547002 3.77785 -0.0180737 0.00824425 46.5863
27006024 0 0.01 2 32.9 -0.441434 -0.390849 3.83895 -0.0537999 -0.0433813 46.5863
27007170 0 0.01 2 32.9 0.421297 -0.403113 2.03548 0.0256366 -0.0214824 46.5863
27009876 0 0.01 2 32.9 0.191129 -0.278659 2.90311 0.014528 -0.0227001 46.5863
27009882 0 0.01 2 32.9 -0.256574 -0.472054 96.9624 -0.756302 -1.38909 46.5863
3003492 0 0.01 2 32.9 0.305988 -0.305456 1.93268 0.0155927 -0.0165921 46.6107
3007093 0 0.01 2 32.9 -0.46752 -0.447109 43.5306 -0.617268 -0.589676 46.6107
3007332 0 0.01 2 32.9 0.297045 -0.13877 7.41726 0.0684148 -0.027624 46.6107
3010656 0 0.01 2 32.9 0.263022 0.447314 1.77052 0.0126832 0.0293527 46.6107
38002391 0 0.01 2 32.9 0.305493 0.134309 3.00827 0.0304976 0.00983958 46.5755
38003107 0 0.01 2 32.9 0.101031 -0.0936774 1.92413 0.00641423 -0.00733011 46.5755
38004007 0 0.01 2 32.9 0.211377 0.0274183 2.56425 0.0164913 0.00201603 46.5755
38004731 0 0.01 2 32.9 -0.20986 0.369385 91.4324 -0.583083 1.02795 46.5755
38006244 0 0.01 2 32.9 0.0153076 0.0111423 6.36527 0.00401573 0.00162967 46.5755
38010864 0 0.01 2.00098 32.9 -0.333662 0.136922 15.6944 -0.159632 0.0649335 46.5755
38011322 0 0.01 2 32.9 0.132992 -0.00238197 1.84705 0.00844395 0.000895528 46.5755
38012445 0 0.01 2.00001 32.9 -0.138378 0.479487 3.79024 -0.0157037 0.0570308 46.5755
31003397 0 0.01 2 32.9 -0.461907 -0.110499 4.80701 -0.0652533 -0.0182726 46.5979
31005779 0 0.01 2 32.9 0.293846 0.278531 1.37999 0.0111941 0.0129525 46.5979
31005998 0 0.01 2 32.9 0.368788 0.272707 1.69718 0.0212248 0.0152594 46.5979
31007408 0 0.01 2.00002 32.9 0.198612 -0.19958 0.815103 0.00358457 -0.00201223 46.5979
31008975 0 0.01 2 32.9 -0.250077 -0.335837 3.0791 -0.0244393 -0.0305423 46.5979
36000140 0 0.01 2 32.9 -0.228754 0.422243 3.03674 -0.0217492 0.0395413 46.6045
36001595 0 0.01 2.00024 32.9 0.216133 -0.0678075 27.7947 0.181131 -0.0588602 46.6045
36001617 0 0.01 1.99988 32.9 -0.231257 -0.426923 29.3719 -0.204609 -0.379415 46.6045
36002487 0 0.01 2 32.9 -0.133229 -0.487929 3.20939 -0.0121474 -0.043794 46.6045
36003404 0 0.01 2 32.9 -0.0385181 -0.0998782 2.08702 -0.00347668 -0.00648189 46.6045
36003657 0 0.01 2 32.9 0.2727 -0.439215 4.93214 0.043363 -0.0642721 46.6045
36003734 0 0.01 2 32.9 -0.0107613 0.497804 2.27214 -0.00139108 0.0360702 46.6045
36004499 0 0.01 1.99997 32.9 0.158224 0.442893 14.253 0.0684487 0.190163 46.6045
36007461 0 0.01 2 32.9 0.0349847 0.324658 1.96561 0.00387724 0.0234796 46.6045
36010704 0 0.01 2 32.9 0.0771468 0.439258 1.58034 0.00200603 0.0261405 46.6045
36011832 0 0.01 2 32.9 0.158232 -0.139749 3.03601 0.0147535 -0.0136522 46.6045
36012051 0 0.01 1.99609 32.9 -0.473383 -0.246964 8.66837 -0.123232 -0.0632886 46.6045
53003362 0 0.01 2 32.9 0.138465 -0.176389 2.18316 0.0103021 -0.0086365 46.5576
53006074 0 0.01 2 32.9 0.0138186 -0.285192 2.20585 0.00208041 -0.0151442 46.5576
53009898 0 0.01 2 32.9 0.00400356 0.449654 1.95559 0.000981273 0.0281333 46.5576
88000577 0 0.01 2 32.9 -0.0809174 -0.106105 5.96045 -0.0136456 -0.0172978 46.5961
88005139 0 0.01 2 32.9 -0.416199 0.130778 2.98489 -0.0391321 0.0125708 46.5961
88005726 0 0.01 2 32.9 0.43374 0.151254 4.37278 0.0580789 0.0202655 46.5961
88006035 0 0.01 2 32.9 -0.457015 -0.0534031 4.38958 -0.0628446 -0.00729973 46.5961
88006794 0 0.01 2 32.9 0.32684 -0.0312836 2.83036 0.028388 -0.000670449 46.5961
88011972 0 0.01 2 32.9 -0.0411807 0.0407187 4.29896 -0.00692058 0.00726845 46.5961
88012055 0 0.01 2.00024 32.9 -0.108715 -0.13928 34.8599 -0.114771 -0.14907 46.5961
88012510 0 0.01 2 32.9 -0.356778 -0.259679 13.2393 -0.144053 -0.105441 46.5961
50000797 0 0.01 2 32.9 0.283937 -0.479626 25.4711 0.21959 -0.36834 46.6031
50001574 0 0.01 2 32.9 0.451892 -0.20796 6.01159 0.0838045 -0.0380467 46.6031
50002994 0 0.01 2 32.9 0.224495 0.350857 10.2582 0.0727013 0.112484 46.6031
50005257 0 0.01 2 32.9 -0.0448152 0.0263011 1.20783 -0.00075818 0.00327608 46.6031
50006418 0 0.01 2 32.9 0.427179 0.43807 2.30233 0.0302202 0.0301713 46.6031
50006862 0 0.01 2 32.9 0.20297 0.157399 0.788028 0.00564666 0.0119586 46.6031
50008237 0 0.01 2 32.9 0.335466 0.353165 2.08351 0.0225399 0.0244665 46.6031
50008365 0 0.01 1.99995 32.9 -0.275013 -0.448797 43.1758 -0.360364 -0.587763 46.6031
86001764 0 0.01 2 32.9 0.0652125 0.382717 3.0806 0.00615522 0.0357126 46.0574
86001923 0 0.01 2 32.9 -0.435405 -0.349524 11.1338 -0.143967 -0.11629 46.0574
86002989 0 0.01 2 32.9 -0.324229 -0.147792 5.46889 -0.0518921 -0.0272629 46.0574
86003007 0 0.01 1.99988 32.9 0.431855 0.168402 32.8408 0.429259 0.167959 46.0574
86006140 0 0.01 2 32.9 -0.138659 -0.280802 5.03045 -0.0213542 -0.0430395 46.0574
86007267 0 0.01 2 32.9 -0.0816815 -0.316401 1.82055 -0.00605478 -0.0147669 46.0574
86011832 0 0.01 2 32.9 0.362743 0.157143 2.63036 0.0294166 0.0145248 46.0574
39000303 0 0.01 2 32.9 -0.125836 -0.205071 1.01142 0.000352816 -0.00753574 46.5969
39000351 0 0.01 2 32.9 -0.324802 -0.274645 0.684089 -0.00325401 -0.00458711 46.5969
39000434 0 0.01 2 32.9 -0.358921 0.2569 6.46609 -0.0688255 0.0490643 46.5969
39002070 0 0.01 2 32.9 0.424628 0.0379852 2.17964 0.0283289 0.00168568 46.5969
39002117 0 0.01 2 32.9 -0.324976 -0.360718 1.34591 -0.0137919 -0.0135371 46.5969
39003456 0 0.01 2 32.9 -0.443784 0.0420039 2.88864 -0.0413727 0.00209584 46.5969
39004278 0 0.01 2 32.9 -0.472974 -0.453662 42.4731 -0.61204 -0.585678 46.5969
39004590 0 0.01 2 32.9 0.340261 0.0681552 33.4089 0.344707 0.0718532 46.5969
39005142 0 0.01 2 32.9 0.322934 0.0861989 3.12966 0.03215 0.00782318 46.5969
39010529 0 0.01 2.00002 32.9 -0.202725 -0.244196 5.92149 -0.0373814 -0.0428423 46.5969
39010865 0 0.01 2 32.9 -0.158425 -0.441298 5.12417 -0.0252511 -0.0706929 46.5969
39011445 0 0.01 2 32.9 0.452465 -0.499513 2.35348 0.0341266 -0.0352171 46.5969
39011596 0 0.01 2 32.9 0.107712 -0.222877 1.22733 0.00507088 -0.00902673 46.5969
49000346 0 0.01 2 32.9 0.0259719 -0.229716 1.16384 0.0018051 -0.00679627 46.6265
49001000 0 0.01 2 32.9 -0.210197 -0.0387579 1.57056 -0.00783437 -0.00116408 46.6265
49003895 0 0.01 2 32.9 0.292348 -0.331784 3.797 0.0337623 -0.0369141 46.6265
49006597 0 0.01 1.99998 32.9 0.4598 0.37209 8.1687 0.11223 0.0942173 46.6265
49008594 0 0.01 2 32.9 -0.417082 -0.423204 1.22692 -0.0179591 -0.0106147 46.6265
49010825 0 0.01 2 32.9 -0.235733 0.499961 2.95 -0.0178807 0.0473484 46.6265
49011249 0 0.01 2 32.9 -0.327113 0.44725 0.635413 -0.00677638 0.00963698 46.6265
60002582 0 0.01 1.99999 32.9 -0.302504 0.328727 4.61567 -0.0409414 0.0494999 46.5918
60003457 0 0.01 2 32.9 0.431813 0.190142 5.43858 0.0718685 0.032783 46.5918
60005403 0 0.01 2 32.9 -0.173044 -0.21791 1.91195 -0.00882643 -0.0117017 46.5918
60007511 0 0.01 2 32.9 0.0592133 0.00656941 2.59277 0.00425685 3.58557e-05 46.5918
60012404 0 0.01 2 32.9 0.206126 0.260056 9.21915 0.0579651 0.0741672 46.5918
60012730 0 0.01 2 32.9 0.347985 0.157785 4.32418 0.0453531 0.0199834 46.5918
37000157 0 0.01 1.99999 32.9 0.0645034 -0.210596 6.77604 0.0125143 -0.041287 46.5822
37000320 0 0.01 2.00001 32.9 0.0790887 -0.0652514 3.3903 0.00846195 -0.00567154 46.5822
37003168 0 0.01 2 32.9 -0.487091 0.345983 3.99142 -0.0575059 0.0424731 46.5822
37003612 0 0.01 2 32.9 0.244909 0.0677425 2.45618 0.0173727 0.00554253 46.5822
37005565 0 0.01 2 32.9 -0.00585997 0.225732 2.16643 0.00120147 0.0151232 46.5822
37010284 0 0.01 2 32.9 0.182325 0.390572 3.31699 0.0167822 0.0368573 46.5822
37010733 0 0.01 2 32.9 0.248602 0.306571 6.97792 0.0521085 0.0632843 46.5822
37011360 0 0.01 2 32.9 0.316546 0.407271 2.14337 0.0218028 0.0297193 46.5822
37011910 0 0.01 2 32.9 0.310192 0.00998748 1.34358 0.011317 -0.00128556 46.5822
62000678 0 0.01 2 32.9 0.364831 -0.122771 0.971621 0.0098244 -0.00651546 46.5143
62000773 0 0.01 1.99994 32.9 0.105479 -0.0452052 1.03153 0.00470039 -0.00590425 46.5143
62005305 0 0.01 2 32.9 -0.405679 -0.0660097 2.57343 -0.0310699 -0.00417471 46.5143
62005488 0 0.01 2 32.9 0.45784 -0.0854147 2.21242 0.0306167 -0.0043355 46.5143
62006473 0 0.01 2 32.9 -0.185202 -0.424498 3.05022 -0.0170584 -0.041837 46.5143
62006477 0 0.01 2 32.9 -0.374883 0.300961 9.81404 -0.110726 0.0902782 46.5143
62007542 0 0.01 2 32.9 -0.248682 -0.20819 1.74904 -0.0134981 -0.00846655 46.5143
62007820 0 0.01 2 32.9 0.030461 0.36888 1.09553 0.00388111 0.00875659 46.5143
62008652 0 0.01 2 32.9 -0.216235 0.228102 2.69015 -0.018131 0.017753 46.5143
62009217 0 0.01 2 32.9 0.135738 0.447221 2.15035 0.00895037 0.0295811 46.5143
62012005 0 0.01 2 32.9 0.350049 0.0728466 24.624 0.26067 0.0556106 46.5143
8002442 0 0.01 2 32.9 0.272956 0.00301474 1.13531 0.0120852 0.0050068 46.5889
8003420 0 0.01 2 32.9 -0.346834 0.129185 4.72225 -0.0507788 0.0197227 46.5889
8003761 0 0.01 2 32.9 -0.499531 -0.346731 3.06204 -0.0465943 -0.0351948 46.5889
8003809 0 0.01 2 32.9 -0.0999233 -0.166594 20.3915 -0.0642708 -0.100669 46.5889
8004490 0 0.01 2 32.9 0.113532 0.236626 4.98714 0.0168803 0.0380561 46.5889
8004754 0 0.01 2 32.9 -0.442222 0.00782628 10.6807 -0.143117 0.00379636 46.5889
8005639 0 0.01 2 32.9 -0.432409 -0.0619658 2.89791 -0.0383445 -0.00481085 46.5889
8006166 0 0.01 2 32.9 -0.388883 0.408895 1.5407 -0.024042 0.0176449 46.5889
8008797 0 0.01 2 32.9 0.0127948 -0.153552 3.03827 0.00280319 -0.0131505 46.5889
97000335 0 0.01 2 32.9 0.406894 0.363817 2.69982 0.0349218 0.0309537 46.5817
97001418 0 0.01 2 32.9 0.447485 -0.17173 4.37188 0.0586069 -0.0238972 46.5817
97002201 0 0.01 2 32.9 -0.142138 -0.484759 0.775749 -0.00693589 -0.0038012 46.5817
97003062 0 0.01 2.00024 32.9 -0.245766 -0.15201 34.2026 -0.256581 -0.157193 46.5817
97003189 0 0.01 1.99951 32.9 -0.227335 -0.302586 25.5314 -0.176257 -0.235399 46.5817
97005269 0 0.01 1.99997 32.9 -0.00526107 0.184286 38.0439 -0.00635236 0.211913 46.5817
97006857 0 0.01 2 32.9 0.07681 0.100868 2.34566 0.00374436 0.00803283 46.5817
97010283 0 0.01 2 32.9 0.173857 0.227429 0.933482 0.0074701 0.0041524 46.5817
98000195 0 0.01 2 32.9 0.0830659 0.247891 1.21096 0.00387089 0.0144784 46.5865
98001191 0 0.01 2 32.9 0.294562 -0.0830037 13.9546 0.126744 -0.0371347 46.5865
98003873 0 0.01 2 32.9 -0.47024 0.0513816 1.57192 -0.0236135 0.00414141 46.5865
98003956 0 0.01 2 32.9 0.465558 0.210331 1.80118 0.0258951 0.0126858 46.5865
98005786 0 0.01 2 32.9 0.356997 -0.0441186 7.80292 0.084436 -0.00825928 46.5865
98009671 0 0.01 2 32.9 0.287961 -0.107608 7.26993 0.0623135 -0.0240414 46.5865
76002915 0 0.01 2 32.9 0.191101 -0.0680585 0.862684 0.00971702 0.00216171 46.6112
76005406 0 0.01 2 32.9 -0.497626 -0.0965117 3.48559 -0.0548723 -0.0104464 46.6112
76006047 0 0.01 2 32.9 -0.276051 -0.121286 44.5765 -0.374545 -0.162609 46.6112
76007686 0 0.01 2 32.9 -0.48084 -0.202889 3.25805 -0.0448081 -0.0166751 46.6112
76010234 0 0.01 2 32.9 0.355255 -0.0964068 2.72487 0.0282221 -0.00646815 46.6112
76010923 0 0.01 2 32.9 0.220628 0.160574 1.05266 0.00964483 0.00161961 46.6112
75001999 0 0.01 2 32.9 -0.284542 -0.247784 1.65444 -0.015115 -0.0133907 46.6206
75006927 0 0.01 2 32.9 -0.282239 0.432962 1.72443 -0.0139916 0.0225348 46.6206
75010463 0 0.01 2 32.9 0.352498 0.414697 2.26254 0.026504 0.0325079 46.6206
75010791 0 0.01 2 32.9 0.237976 -0.332028 3.52787 0.0255388 -0.0375979 46.6206
75011916 0 0.01 2 32.9 -0.0588916 0.0427774 2.75103 -0.00442489 0.00371969 46.6206
74001986 0 0.01 2 32.9 0.0653332 0.137427 2.14878 0.00759137 0.0115172 46.5908
74002083 0 0.01 2 32.9 0.336834 -0.435987 1.94878 0.0231917 -0.0251823 46.5908
74002096 0 0.01 2 32.9 -0.448697 -0.0230314 1.6537 -0.0207336 -0.00137985 46.5908
74003422 0 0.01 2 32.9 0.208955 -0.16267 1.50785 0.00566217 -0.00551874 46.5908
74003799 0 0.01 2 32.9 -0.484755 0.463975 1.90052 -0.0263939 0.0282012 46.5908
74006396 0 0.01 2 32.9 -0.448888 -0.469233 2.47202 -0.0343171 -0.0356803 46.5908
74006574 0 0.01 2 32.9 0.354151 0.188372 2.47892 0.0249082 0.0184515 46.5908
74012188 0 0.01 2 32.9 0.168984 -0.0162403 1.61678 0.00574471 -0.00229975 46.5908
74012439 0 0.01 2 32.9 0.064139 -0.123653 2.60633 0.00451757 -0.00922734 46.5908
74012730 0 0.01 2 32.9 -0.206079 0.0633342 1.27058 -0.00915207 0.00467002 46.5908
73000258 0 0.01 2 32.9 0.361344 0.255392 3.28025 0.0374538 0.0253317 46.5845
73002913 0 0.01 2 32.9 0.402758 0.0110655 1.34785 0.0193865 0.000671143 46.5845
73006126 0 0.01 2 32.9 0.225243 0.00784267 1.99326 0.011522 0.00268587 46.5845
73006604 0 0.01 2 32.9 -0.0700325 0.161519 2.13177 0.000566423 0.0130516 46.5845
73007055 0 0.01 2 32.9 -0.214982 -0.045419 3.69106 -0.0235508 -0.00400551 46.5845
73008131 0 0.01 2 32.9 -0.331045 0.46599 2.2295 -0.0207084 0.0322258 46.5845
73008612 0 0.01 2 32.9 0.133213 -0.0929983 3.80185 0.0155259 -0.00917676 46.5845
73009028 0 0.01 2.00003 32.9 -0.175228 -0.439773 35.9248 -0.191693 -0.479115 46.5845
73010523 0 0.01 2 32.9 -0.196464 -0.319838 1.92533 -0.0126287 -0.0203178 46.5845
73010818 0 0.01 2 32.9 -0.124233 -0.0248689 3.93859 -0.0128661 -0.00304583 46.5845
73011852 0 0.01 2 32.9 0.343406 -0.157437 2.0003 0.0216568 -0.00785034 46.5845
72001447 0 0.01 2 32.9 -0.112907 -0.0876124 1.43159 -0.00776981 -0.0031588 46.6014
72001603 0 0.01 2 32.9 -0.458809 -0.343433 1.30796 -0.0157697 -0.0152287 46.6014
72003772 0 0.01 1.99998 32.9 -0.181591 -0.276794 6.98107 -0.038702 -0.0584129 46.6014
72005802 0 0.01 2 32.9 0.462479 -0.488481 3.99187 0.0547733 -0.0577123 46.6014
72008915 0 0.01 2 32.9 0.3996 0.01456 1.39834 0.0188098 -0.00212331 46.6014
72010280 0 0.01 2 32.9 -0.188937 -0.421902 1.01983 -0.00705189 -0.0129587 46.6014
72010700 0 0.01 2 32.9 0.164316 0.353782 4.93767 0.0230544 0.0540883 46.6014
72011048 0 0.01 2 32.9 0.477265 0.0201722 1.08085 0.00948333 -0.00190146 46.6014
71009603 0 0.01 2 32.9 0.14926 -0.461018 9.80326 0.0449414 -0.136546 46.5871
71010771 0 0.01 2 32.9 0.0200953 -0.4259 3.50437 0.0033128 -0.0417747 46.5871
70000968 0 0.01 2 32.9 -0.360496 0.0771743 1.85197 -0.0217462 0.00388953 46.5992
70002132 0 0.01 2 32.9 -0.332692 -0.0470036 2.77914 -0.0297687 -0.00086478 46.5992
70002758 0 0.01 2 32.9 0.264768 -0.23209 4.54115 0.0379071 -0.0308948 46.5992
70003297 0 0.01 1.99998 32.9 -0.214381 0.137867 16.0223 -0.101452 0.0672592 46.5992
70003318 0 0.01 1.99997 32.9 -0.313415 0.19426 41.5248 -0.396606 0.244344 46.5992
70007617 0 0.01 2 32.9 -0.281777 0.0731601 1.32518 -0.0147986 0.00505796 46.5992
70009415 0 0.01 2 32.9 -0.486192 -0.0746904 3.35038 -0.0502508 -0.00525895 46.5992
70012019 0 0.01 2.00012 32.9 -0.0530896 0.428046 25.2114 -0.0394163 0.327778 46.5992
70012190 0 0.01 2 32.9 0.36724 -0.0284585 3.08511 0.034489 -0.00221503 46.5992
70012667 0 0.01 1.99902 32.9 0.179118 -0.00297255 22.7072 0.122108 -0.00176828 46.5992
41004389 0 0.01 2 32.9 0.225434 -0.00780115 0.0299606 -0.00425393 0.0237983 46.6015
41008316 0 0.01 2 32.9 0.17577 0.257283 1.79618 0.0117212 0.0152855 46.6015
41009563 0 0.01 2 32.9 -0.138388 -0.372327 1.40206 -0.00202739 -0.0169301 46.6015
