430 14 0.01 0.9 32.9 -0.0782308 -0.0231582 2.30118 -0.00362247 -0.00618592 33.7163
783 14 0.01 0.9 32.9 0.485632 0.0366177 5.38031 0.080783 0.00933099 34.0465
1216 14 0.01 0.9 32.9 0.0352529 -0.313405 4.89023 0.00512598 -0.0472948 33.6366
1477 14 0.01 0.9 32.9 -0.37158 -0.0823041 0.212042 0.000345414 -0.000763291 33.8011
2116 14 0.01 0.9 32.9 0.219025 -0.0352606 8.90592 0.0595399 -0.00897489 34.4211
3448 14 0.01 0.9 32.9 -0.468856 -0.185359 1.74182 -0.0222784 -0.0108897 34.9235
3513 14 0.01 0.9 32.9 -0.326489 -0.426925 5.43321 -0.0544111 -0.0708929 35.6076
3547 14 0.01 0.9 32.9 -0.211651 -0.0876438 7.99388 -0.0520073 -0.0223702 33.0179
5277 14 0.01 0.9 32.9 0.206319 0.450656 9.02709 0.0581531 0.123657 32.7596
8879 14 0.01 0.9 32.9 0.468817 0.110291 14.3134 0.203568 0.0453371 32.0238
9253 14 0.01 0.9 32.9 -0.469468 -0.0635745 9.01275 -0.128853 -0.0188913 31.9878
9661 14 0.01 0.9 32.9 -0.164329 0.421513 4.09112 -0.0232716 0.0550814 36.5323
9820 14 0.01 0.9 32.9 0.332791 0.374258 4.1933 0.0420966 0.0477415 37.3381
10191 14 0.01 0.9 32.9 -0.0270425 0.174748 5.43984 -0.00402351 0.0268165 36.5778
10374 14 0.01 0.9 32.9 0.287468 -0.179827 7.03248 0.0596628 -0.0384505 33.6615
11220 14 0.01 0.9 32.9 0.130917 0.0719832 3.16 0.0141071 0.00694153 33.5486
11247 14 0.01 0.9 32.9 0.398996 -0.446756 5.99858 0.0740001 -0.0827547 36.7513
12122 14 0.01 0.9 32.9 -0.0795037 -0.321646 5.14169 -0.0145695 -0.0498093 32.2726
12826 14 0.01 0.9 32.9 0.0470162 -0.499973 7.08386 0.00887891 -0.106832 31.7372
13443 14 0.01 0.9 32.9 -0.486765 -0.44414 6.88194 -0.101017 -0.0924549 34.4875
13577 14 0.01 0.9 32.9 -0.377254 0.115347 2.77709 -0.0332288 0.012291 35.0191
14423 14 0.01 0.9 32.9 0.121188 -0.129512 7.12108 0.0269806 -0.0272425 32.2782
14702 14 0.01 0.9 32.9 -0.122846 -0.477481 6.71711 -0.0259537 -0.0965614 36.3202
15006 14 0.01 0.9 32.9 -0.422792 -0.360122 7.52463 -0.0966023 -0.0839722 32.1147
15526 14 0.01 0.9 32.9 0.0690575 0.0124598 7.37372 0.016449 0.00400873 34.6318
17980 14 0.01 0.9 32.9 -0.409653 0.293215 8.92199 -0.110371 0.078605 33.8001
18222 14 0.01 0.9 32.9 -0.0115283 0.0443811 4.44509 -0.00224001 0.00503939 33.9401
18373 14 0.01 0.9 32.9 -0.487353 0.28744 7.24681 -0.106684 0.0629577 34.1424
19529 14 0.01 0.9 32.9 -0.0915495 -0.0185622 30.0085 -0.0835419 -0.0150274 30.5141
19998 14 0.01 0.9 32.9 0.0812234 0.418457 3.94208 0.00976217 0.0509534 31.9571
20575 14 0.01 0.9 32.9 0.0426446 -0.181227 8.58466 0.00940156 -0.0471206 33.1375
22184 14 0.01 0.9 32.9 -0.049851 -0.0584354 8.05737 -0.0113605 -0.0127888 33.2925
22697 14 0.01 0.9 32.9 0.342306 -0.0605233 11.9991 0.123075 -0.0196412 31.0174
24123 14 0.01 0.9 32.9 0.101441 -0.246668 3.80888 0.00934797 -0.03073 34.6515
24719 14 0.01 0.9 32.9 0.101741 -0.174558 3.65167 0.0122685 -0.0186724 34.6252
25754 14 0.01 0.9 32.9 -0.408598 -0.169658 12.4288 -0.156381 -0.0642894 32.3737
26867 14 0.01 0.9 32.9 0.112008 0.0694257 4.486 0.012487 0.00986362 37.5458
29406 14 0.01 0.9 32.9 -0.303036 -0.380574 4.48672 -0.0404632 -0.0509947 34.5961
29711 14 0.01 0.9 32.9 -0.184236 -0.0798214 9.53341 -0.054059 -0.0208362 30.7629
29783 14 0.01 0.9 32.9 0.100746 0.162557 4.05093 0.0121302 0.0184488 36.5999
30320 14 0.01 0.9 32.9 -0.362569 0.414469 5.34455 -0.0589434 0.0673135 36.5538
31146 14 0.01 0.9 32.9 0.00970802 -0.326094 5.87361 0.00230011 -0.0576769 37.2336
31436 14 0.01 0.9 32.9 -0.0407414 -0.239652 5.28992 -0.00897871 -0.0397643 37.0112
32625 14 0.01 0.9 32.9 0.354206 0.0902514 4.3905 0.0495939 0.0124097 35.2918
33726 14 0.01 0.9 32.9 -0.206368 -0.467378 7.67459 -0.048284 -0.107508 31.7459
34321 14 0.01 0.9 32.9 -0.0973069 -0.390252 5.0006 -0.0145033 -0.0581391 32.9998
36477 14 0.01 0.9 32.9 -0.281558 0.240557 3.38275 -0.0279552 0.0227968 35.8154
37648 14 0.01 0.9 32.9 0.111022 0.0215567 13.4226 0.0457477 0.010431 31.7994
37821 14 0.01 0.9 32.9 -0.364456 0.14777 4.93568 -0.0568019 0.0212684 32.4078
38726 14 0.01 0.9 32.9 0.118126 -0.312597 4.67236 0.0168692 -0.044006 33.348
39432 14 0.01 0.9 32.9 0.245665 -0.415334 2.24737 0.0163396 -0.0305899 32.5874
40531 14 0.01 0.9 32.9 -0.00131441 -0.16136 1.73181 0.000410972 -0.00915111 31.6034
41559 14 0.01 0.9 32.9 0.227598 -0.243619 3.27252 0.0254441 -0.0237086 34.5157
43079 14 0.01 0.9 32.9 -0.0823575 0.117953 5.07992 -0.0141355 0.0182788 34.1137
44598 14 0.01 0.9 32.9 -0.202069 0.306927 7.99822 -0.0497774 0.0732774 35.0572
45345 14 0.01 0.9 32.9 0.291327 0.0397986 5.60461 0.0486569 0.00536194 33.2324
46960 14 0.01 0.9 32.9 -0.451226 0.176632 6.63518 -0.0920168 0.0366464 36.491
48200 14 0.01 0.9 32.9 0.174177 -0.0227246 7.94841 0.0431184 -0.0043471 31.765
48245 14 0.01 0.9 32.9 -0.108162 -0.152272 5.14902 -0.017443 -0.0241627 33.3358
48976 14 0.01 0.9 32.9 -0.245951 -0.215432 5.96113 -0.0462257 -0.0403008 32.4749
50114 14 0.01 0.9 32.9 0.159228 -0.205829 2.59212 0.0152073 -0.0140933 31.5675
50302 14 0.01 0.9 32.9 -0.311406 -0.161849 4.75719 -0.0437897 -0.0203485 36.8401
51597 14 0.01 0.9 32.9 -0.00671444 -0.441387 10.134 -0.000939724 -0.135294 31.6908
52313 14 0.01 0.9 32.9 -0.395355 -0.412939 3.67912 -0.0434782 -0.042854 36.4851
53088 14 0.01 0.9 32.9 0.290758 0.116082 3.96212 0.0347141 0.015048 33.3005
54399 14 0.01 0.9 32.9 -0.268498 -0.244658 5.64241 -0.0450404 -0.0430758 34.509
55142 14 0.01 0.9 32.9 0.226434 0.19759 6.18737 0.0432811 0.0376347 36.445
55679 14 0.01 0.9 32.9 -0.1817 -0.17803 8.81658 -0.0486829 -0.0451393 33.9771
55820 14 0.01 0.9 32.9 0.174152 0.424952 22.7945 0.118798 0.29445 30.7272
55821 14 0.01 0.9 32.9 0.11466 0.134888 4.36742 0.0170406 0.0192934 36.9155
56146 14 0.01 0.9 32.9 -0.0965469 -0.179766 4.95226 -0.0115228 -0.0237154 37.6915
57401 14 0.01 0.9 32.9 0.0569171 -0.0666445 7.69596 0.0129802 -0.0142513 34.0368
57595 14 0.01 0.9 32.9 0.0219994 0.214176 6.83849 0.00384073 0.046332 34.0639
60511 14 0.01 0.9 32.9 -0.283048 0.482179 4.92972 -0.0430211 0.0718332 34.6708
62289 14 0.01 0.9 32.9 -0.465546 -0.377025 2.99051 -0.0426876 -0.0340691 34.2814
64418 14 0.01 0.9 32.9 -0.372597 -0.183039 3.12799 -0.0367744 -0.0177854 35.87
64508 14 0.01 0.9 32.9 -0.41513 0.448922 16.1264 -0.203972 0.219023 31.4735
68344 14 0.01 0.9 32.9 0.144247 -0.414803 2.67784 0.0113813 -0.0320541 33.7986
69084 14 0.01 0.9 32.9 0.458222 0.226104 5.02323 0.0709078 0.0338351 31.1697
69360 14 0.01 0.9 32.9 -0.352529 0.421469 6.54532 -0.069441 0.0831518 34.1091
69896 14 0.01 0.9 32.9 -0.0210347 -0.428803 5.21152 -0.0043357 -0.0672543 34.8445
70053 14 0.01 0.9 32.9 -0.25811 0.00795837 2.87145 -0.0230174 -0.000465002 34.0567
71596 14 0.01 0.9 32.9 -0.172181 -0.0771514 9.54759 -0.0479352 -0.0216021 34.072
71912 14 0.01 0.9 32.9 0.354676 -0.244959 5.89964 0.0650355 -0.0436468 37.2567
72036 14 0.01 0.9 32.9 -0.134851 0.0911954 6.59843 -0.0281849 0.0173782 36.2202
72302 14 0.01 0.9 32.9 0.0112023 0.138173 6.06819 0.00271179 0.0288678 36.9115
72849 14 0.01 0.9 32.9 -0.448545 -0.046241 3.98233 -0.053669 -0.00613837 35.6234
73013 14 0.01 0.9 32.9 -0.470588 0.404147 3.10122 -0.0443738 0.040004 36.2754
73107 14 0.01 0.9 32.9 0.243893 -0.44278 3.80924 0.0273639 -0.0518835 35.7232
73889 14 0.01 0.9 32.9 0.29184 -0.448657 15.2744 0.138753 -0.209221 30.5431
74779 14 0.01 0.9 32.9 0.0527398 0.113097 5.85016 0.0108142 0.0210649 33.0994
76709 14 0.01 0.9 32.9 0.432364 -0.123204 14.2416 0.187631 -0.0538922 31.9435
76830 14 0.01 0.9 32.9 0.413732 -0.290066 4.20134 0.0542278 -0.0400525 37.1221
76852 14 0.01 0.9 32.9 0.179858 0.255675 9.00602 0.0480435 0.0700048 32.2028
77212 14 0.01 0.9 32.9 0.346515 0.172572 2.30594 0.0229484 0.00989027 32.7567
80104 14 0.01 0.9 32.9 0.371117 -0.132889 7.04257 0.0791768 -0.0296136 36.0212
80123 14 0.01 0.9 32.9 0.426368 -0.473675 12.6326 0.162089 -0.182134 31.9578
81988 14 0.01 0.9 32.9 0.258688 0.395526 6.26434 0.0517697 0.0748735 31.0638
82135 14 0.01 0.9 32.9 0.183091 -0.0458574 1.97158 0.0125193 -0.00372112 32.8767
82246 14 0.01 0.9 32.9 0.30635 -0.370091 3.80071 0.0346868 -0.0440463 35.8468
83202 14 0.01 0.9 32.9 0.264622 0.186175 5.13886 0.0414775 0.0311876 37.2141
87667 14 0.01 0.9 32.9 -0.459542 0.341451 1.68077 -0.0223238 0.0153244 35.0171
88673 14 0.01 0.9 32.9 0.225101 -0.355194 1.13677 0.00715216 -0.00865045 35.0873
89993 14 0.01 0.9 32.9 -0.435992 -0.0591809 7.36521 -0.0968719 -0.0136806 34.7404
92049 14 0.01 0.9 32.9 0.311508 -0.189875 4.3044 0.0413885 -0.0255795 33.8012
92276 14 0.01 0.9 32.9 -0.213259 0.383305 7.35588 -0.049137 0.0866576 30.8425
93831 14 0.01 0.9 32.9 0.0442903 -0.116722 2.18758 0.00367881 -0.00616125 35.22
95070 14 0.01 0.9 32.9 0.194273 -0.400682 3.36303 0.023178 -0.0414604 35.9701
95501 14 0.01 0.9 32.9 -0.424233 0.259678 0.560932 -0.00746798 0.00584965 31.9673
97126 14 0.01 0.9 32.9 0.31181 -0.1834 6.70249 0.0639315 -0.0381111 34.7079
97879 14 0.01 0.9 32.9 0.286815 0.285312 5.396 0.0470215 0.0456541 32.4908
97922 14 0.01 0.9 32.9 -0.487549 0.061509 8.30625 -0.121786 0.0127653 33.3264
98144 14 0.01 0.9 32.9 0.201663 -0.331857 4.24914 0.0263708 -0.0434263 30.8095
98484 14 0.01 0.9 32.9 -0.297278 -0.327364 5.74629 -0.0510828 -0.0571283 35.8458
100559 14 0.01 0.9 32.9 -0.33721 -0.344654 9.17208 -0.0938178 -0.0969497 34.0163
101984 14 0.01 0.9 32.9 -0.170201 -0.0363623 8.72045 -0.0440427 -0.0107677 33.1017
103423 14 0.01 0.9 32.9 -0.310221 0.0745203 3.21703 -0.0300048 0.00830162 36.6517
104030 14 0.01 0.9 32.9 -0.101533 -0.212011 4.75751 -0.0156022 -0.0308742 35.0325
104451 14 0.01 0.9 32.9 0.319424 -0.173488 4.96221 0.0485289 -0.0269449 33.4532
104671 14 0.01 0.9 32.9 0.0686753 -0.314079 8.14922 0.0158207 -0.0776323 32.8853
105748 14 0.01 0.9 32.9 0.438717 0.302001 4.88836 0.0642792 0.0427564 36.9751
106419 14 0.01 0.9 32.9 -0.0563595 0.26239 8.32781 -0.0139602 0.0651142 34.9813
107281 14 0.01 0.9 32.9 0.216443 -0.465925 5.81674 0.0375084 -0.0802026 33.1485
107386 14 0.01 0.9 32.9 0.365921 0.481185 13.2023 0.147796 0.193666 32.0342
108790 14 0.01 0.9 32.9 -0.308748 -0.194732 14.7544 -0.1387 -0.0842999 31.3759
109972 14 0.01 0.9 32.9 0.47442 0.0843883 11.023 0.161545 0.0275136 32.324
110894 14 0.01 0.9 32.9 0.261462 0.377581 2.38105 0.0184368 0.0258171 36.4894
112358 14 0.01 0.9 32.9 0.201713 -0.187824 6.60068 0.0408431 -0.0359516 34.8647
112771 14 0.01 0.9 32.9 0.154466 0.490689 8.80429 0.0415521 0.130697 34.4547
114591 14 0.01 0.9 32.9 0.393571 0.105151 6.6454 0.0782891 0.0210238 32.3967
114988 14 0.01 0.9 32.9 0.448659 0.16588 19.7539 0.270027 0.100654 31.1242
115792 14 0.01 0.9 32.9 -0.0632574 0.163344 9.78855 -0.0198552 0.0491778 33.8174
119098 14 0.01 0.9 32.9 -0.157359 0.399756 9.44233 -0.0465968 0.115128 30.9091
120543 14 0.01 0.9 32.9 0.461594 0.0665869 1.07204 0.016428 0.00302582 32.7165
120777 14 0.01 0.9 32.9 -0.499148 0.360871 2.9618 -0.0475612 0.0333662 36.0622
120895 14 0.01 0.9 32.9 -0.18523 0.43903 6.82229 -0.0374108 0.090049 34.2925
121313 14 0.01 0.9 32.9 -0.157236 0.237267 5.24313 -0.0262747 0.0359609 34.0543
121409 14 0.01 0.9 32.9 0.345151 0.394662 4.99346 0.0546007 0.0617488 37.4524
121646 14 0.01 0.9 32.9 0.474096 -0.455929 1.89922 0.0305782 -0.0262154 32.622
122356 14 0.01 0.9 32.9 0.353823 0.049452 5.97352 0.0659195 0.00873883 30.9304
122824 14 0.01 0.9 32.9 -0.431862 -0.295599 20.0523 -0.262657 -0.180477 31.1918
123015 14 0.01 0.9 32.9 -0.337245 -0.0781118 3.55185 -0.0348821 -0.00616123 34.1611
123096 14 0.01 0.9 32.9 -0.225639 0.183428 8.63774 -0.059129 0.0469592 33.9936
123616 14 0.01 0.9 32.9 0.176913 0.0127066 4.70054 0.0251756 0.00506003 35.8507
123768 14 0.01 0.9 32.9 -0.16723 0.25427 2.03235 -0.00914198 0.0177755 34.2265
125319 14 0.01 0.9 32.9 -0.385844 0.479738 3.48062 -0.0408977 0.0533373 36.2497
125976 14 0.01 0.9 32.9 -0.354496 -0.231493 0.644114 -0.00834085 -0.00467021 34.1248
127287 14 0.01 0.9 32.9 0.183137 0.306784 15.5417 0.0879767 0.145209 30.7482
129900 14 0.01 0.9 32.9 0.243595 -0.304747 0.729147 0.00112289 -0.00959985 35.438
131039 14 0.01 0.9 32.9 -0.493254 0.0475724 6.71986 -0.0999892 0.00731281 34.7611
131324 14 0.01 0.9 32.9 -0.130934 -0.0715469 7.21408 -0.0283711 -0.0152658 35.5949
131603 14 0.01 0.9 32.9 -0.00958038 0.239899 4.00644 -0.00173271 0.0291133 33.6028
132336 14 0.01 0.9 32.9 0.0527764 0.23004 25.8855 0.0424544 0.180842 30.7296
133612 14 0.01 0.9 32.9 -0.0747091 -0.296627 4.444 -0.00947965 -0.0397593 33.0587
137163 14 0.01 0.9 32.9 -0.0170199 0.242477 8.12816 -0.00370608 0.0598937 34.8469
138002 14 0.01 0.9 32.9 -0.439817 0.102972 9.52033 -0.128977 0.027078 31.6561
138093 14 0.01 0.9 32.9 0.161991 -0.149312 8.89196 0.0444314 -0.0401158 32.7772
141476 14 0.01 0.9 32.9 -0.0686411 -0.233177 7.09956 -0.0142207 -0.0482795 34.5047
142792 14 0.01 0.9 32.9 -0.179724 -0.230042 1.86004 -0.00790955 -0.0143568 32.5069
144235 14 0.01 0.9 32.9 -0.106502 -0.420684 3.65993 -0.00941814 -0.0474273 36.417
144688 14 0.01 0.9 32.9 0.0253053 0.389882 5.52047 0.00318397 0.0673786 37.2493
145869 14 0.01 0.9 32.9 -0.101589 0.36018 4.43019 -0.0140039 0.0475036 36.9966
146729 14 0.01 0.9 32.9 0.337664 -0.471489 6.74032 0.0686186 -0.095787 36.0361
147576 14 0.01 0.9 32.9 0.25753 -0.0579136 4.83011 0.0378918 -0.00924902 37.3259
148074 14 0.01 0.9 32.9 0.361215 0.00858516 6.67632 0.0730572 0.00115367 31.3303
148179 14 0.01 0.9 32.9 0.185717 0.114938 5.11078 0.0273752 0.0166739 34.3752
148343 14 0.01 0.9 32.9 -0.334385 -0.0592978 6.04209 -0.060796 -0.0112883 35.3388
148986 14 0.01 0.9 32.9 0.133353 -0.276313 5.76863 0.0227678 -0.0504972 34.4675
151533 14 0.01 0.9 32.9 0.190113 0.188594 10.9679 0.063355 0.0586993 31.4827
152464 14 0.01 0.9 32.9 0.46401 -0.434152 3.24352 0.0438862 -0.0427312 32.4088
154818 14 0.01 0.9 32.9 -0.479889 -0.146907 2.95496 -0.0446508 -0.00956955 34.7584
154962 14 0.01 0.9 32.9 -0.448759 0.0875209 5.91056 -0.079864 0.0136008 33.4799
155321 14 0.01 0.9 32.9 -0.347253 -0.472626 3.55065 -0.0360341 -0.050187 36.9554
157189 14 0.01 0.9 32.9 0.147116 0.0797362 1.89645 0.00840922 0.00313922 35.7705
157892 14 0.01 0.9 32.9 -0.0263276 -0.0359841 2.1667 -0.00093015 -0.00386157 32.998
158985 14 0.01 0.9 32.9 0.122253 -0.273172 4.37181 0.0167052 -0.0349192 36.6868
161378 14 0.01 0.9 32.9 -0.0374587 -0.450388 7.00797 -0.00735751 -0.0984774 34.5244
162705 14 0.01 0.9 32.9 0.082206 0.10844 6.49134 0.0171347 0.0228841 36.715
163325 14 0.01 0.9 32.9 -0.372394 -0.440248 7.73192 -0.088217 -0.104254 32.8013
163698 14 0.01 0.9 32.9 0.359924 -0.485696 6.96806 0.0756574 -0.103236 35.6373
164131 14 0.01 0.9 32.9 -0.196277 -0.143681 8.26422 -0.0496714 -0.0361362 33.0899
164646 14 0.01 0.9 32.9 -0.0417702 0.112993 4.04441 -0.00416734 0.0145587 32.9372
165885 14 0.01 0.9 32.9 0.240627 0.326778 4.34466 0.032119 0.043925 30.7734
167977 14 0.01 0.9 32.9 -0.302771 -0.0121747 6.64027 -0.0611922 -3.93114e-05 35.7226
168392 14 0.01 0.9 32.9 -0.202349 -0.383151 5.11942 -0.0310244 -0.0568945 35.9276
170602 14 0.01 0.9 32.9 -0.260876 -0.249003 2.34657 -0.0186847 -0.0169598 33.7011
171286 14 0.01 0.9 32.9 0.0450524 0.431933 7.39168 0.0107883 0.0988434 30.5292
172630 14 0.01 0.9 32.9 -0.38092 -0.211147 25.054 -0.291155 -0.161398 30.8168
173071 14 0.01 0.9 32.9 0.140338 -0.308433 3.19549 0.0156767 -0.0293674 32.3531
173292 14 0.01 0.9 32.9 0.264327 -0.280003 4.24734 0.0374825 -0.0381406 37.101
175168 14 0.01 0.9 32.9 0.46202 -0.19137 5.91565 0.0818555 -0.0330371 35.4526
175304 14 0.01 0.9 32.9 -0.385255 -0.363065 5.99345 -0.0712547 -0.0637705 37.0064
176266 14 0.01 0.9 32.9 0.425673 0.407535 0.496688 0.00845837 0.00568104 35.2539
177089 14 0.01 0.9 32.9 0.46724 0.197486 5.35676 0.0784633 0.0317015 35.3727
177236 14 0.01 0.9 32.9 0.420212 0.19115 14.6766 0.188732 0.0848157 31.784
177522 14 0.01 0.9 32.9 0.47613 0.0750953 8.72593 0.127761 0.0193242 34.0662
179008 14 0.01 0.9 32.9 -0.486484 0.449951 5.20298 -0.0783478 0.0685267 36.9422
179378 14 0.01 0.9 32.9 0.0273422 0.224787 7.40647 0.00747902 0.0507685 34.2225
179671 14 0.01 0.9 32.9 -0.200201 0.335671 5.78671 -0.0357614 0.0564622 37.2063
179782 14 0.01 0.9 32.9 -0.0124403 0.495633 8.3241 -0.00379923 0.125359 35.0803
180463 14 0.01 0.9 32.9 0.130378 -0.46394 7.28996 0.0287793 -0.103576 34.3008
181926 14 0.01 0.9 32.9 0.409219 0.263569 4.22529 0.0528797 0.0343377 36.3077
182407 14 0.01 0.9 32.9 -0.0530362 0.153892 6.7782 -0.0123419 0.0314165 36.455
183176 14 0.01 0.9 32.9 -0.130689 -0.380902 3.61883 -0.0133613 -0.0394785 36.821
184308 14 0.01 0.9 32.9 -0.152556 -0.46374 7.39155 -0.0335761 -0.102463 33.8121
185293 14 0.01 0.9 32.9 0.317482 -0.139651 8.65468 0.0820333 -0.0363349 33.0539
187613 14 0.01 0.9 32.9 0.281973 -0.23342 8.78984 0.0757146 -0.0611373 32.7449
190744 14 0.01 0.9 32.9 -0.444276 0.0398781 7.00886 -0.0933349 0.00825014 35.2088
192379 14 0.01 0.9 32.9 -0.00667452 -0.496571 16.0742 -0.00331125 -0.245606 30.9207
192595 14 0.01 0.9 32.9 -0.0497426 -0.0862851 8.84946 -0.0145655 -0.0235515 32.9923
193459 14 0.01 0.9 32.9 -0.132258 0.0431538 5.5756 -0.0237827 0.00576929 37.3686
193797 14 0.01 0.9 32.9 -0.461147 -0.218403 2.78366 -0.0388281 -0.0222437 34.5183
194419 14 0.01 0.9 32.9 0.31121 0.287696 6.87631 0.0629114 0.0632696 32.2622
197497 14 0.01 0.9 32.9 0.2334 0.149471 2.62307 0.0181196 0.0137396 34.9132
197814 14 0.01 0.9 32.9 -0.00197436 0.17674 10.3537 -0.00057259 0.0541703 32.4011
198792 14 0.01 0.9 32.9 -0.020322 0.272504 11.8418 -0.00754097 0.0985041 32.0863
199809 14 0.01 0.9 32.9 0.498157 -0.231197 6.03824 0.090363 -0.0437256 36.9325
200697 14 0.01 0.9 32.9 0.00356678 -0.36163 6.30117 0.000291612 -0.0709957 36.7743
201230 14 0.01 0.9 32.9 -0.39055 -0.411975 4.52406 -0.0531558 -0.0582324 36.04
202003 14 0.01 0.9 32.9 -0.114789 -0.0842047 1.65177 -0.00610579 -0.00586892 32.0304
202435 14 0.01 0.9 32.9 -0.401732 0.0685015 5.45311 -0.0673952 0.0123816 34.8184
202614 14 0.01 0.9 32.9 0.15577 -0.173639 4.54971 0.0211166 -0.0248851 36.7471
202697 14 0.01 0.9 32.9 0.400107 0.362807 8.65452 0.107134 0.0942547 31.6024
203043 14 0.01 0.9 32.9 0.109197 0.178497 8.69077 0.0271146 0.0467636 32.577
204294 14 0.01 0.9 32.9 -0.375974 -0.37772 7.34682 -0.0834619 -0.0822741 32.4486
205827 14 0.01 0.9 32.9 0.108527 0.0907827 5.9547 0.0200763 0.0163932 34.0594
206158 14 0.01 0.9 32.9 0.46154 -0.0393034 14.1045 0.198656 -0.0172747 31.6289
207980 14 0.01 0.9 32.9 -0.481341 0.48641 9.4503 -0.140443 0.139698 31.0804
208028 14 0.01 0.9 32.9 0.25721 0.139065 4.13623 0.0312053 0.0156075 34.7417
208812 14 0.01 0.9 32.9 -0.0617879 -0.023557 8.36411 -0.0147104 -0.00589179 33.7898
210754 14 0.01 0.9 32.9 -0.392101 -0.216784 2.3625 -0.0314885 -0.0184166 33.5989
210780 14 0.01 0.9 32.9 -0.47231 -0.404856 1.82472 -0.0268544 -0.0208589 36.0654
213659 14 0.01 0.9 32.9 -0.244001 0.250792 6.59089 -0.0472152 0.0499027 34.9585
214611 14 0.01 0.9 32.9 0.36951 -0.0505968 5.54873 0.0632606 -0.00749906 36.4459
214693 14 0.01 0.9 32.9 0.35973 -0.00633603 4.13794 0.0463047 0.000168173 37.0095
214814 14 0.01 0.9 32.9 -0.164062 0.153937 3.68567 -0.0179741 0.0153745 34.7266
216209 14 0.01 0.9 32.9 -0.484598 -0.268087 3.99082 -0.0601117 -0.0302185 37.1448
217674 14 0.01 0.9 32.9 -0.37753 -0.375036 8.26761 -0.093374 -0.0949799 31.9137
218061 14 0.01 0.9 32.9 0.293494 0.240932 4.91609 0.0438642 0.0372714 37.6905
218473 14 0.01 0.9 32.9 0.196726 0.174832 5.87642 0.0340091 0.0323076 36.6141
218627 14 0.01 0.9 32.9 -0.0642949 0.30112 2.99192 -0.00676099 0.0277983 32.0624
219627 14 0.01 0.9 32.9 0.201954 0.310849 2.00112 0.0123036 0.0209957 34.7178
220365 14 0.01 0.9 32.9 0.115148 0.246846 5.71584 0.02028 0.0440136 37.1348
220581 14 0.01 0.9 32.9 0.268837 -0.396058 4.60883 0.0380392 -0.0542558 31.9159
221515 14 0.01 0.9 32.9 0.0908145 0.130614 2.03844 0.00658567 0.0069181 35.6888
221544 14 0.01 0.9 32.9 0.00304336 0.223796 20.04 -0.000101825 0.135736 30.9322
221934 14 0.01 0.9 32.9 -0.255862 -0.232676 4.26342 -0.0353189 -0.0301323 37.2934
222299 14 0.01 0.9 32.9 0.0681045 -0.464282 7.53352 0.0163022 -0.102764 34.1987
223231 14 0.01 0.9 32.9 -0.0367632 -0.461638 5.88192 -0.00297853 -0.0831793 34.9774
224709 14 0.01 0.9 32.9 -0.112955 0.389497 8.89122 -0.0284246 0.105849 32.4672
225108 14 0.01 0.9 32.9 -0.471128 0.0299278 6.1228 -0.0888226 0.00726981 37.0162
225872 14 0.01 0.9 32.9 -0.121973 -0.201913 8.339 -0.0320893 -0.0499425 31.4492
226159 14 0.01 0.9 32.9 -0.490375 -0.369348 2.25696 -0.0331941 -0.0262333 34.5117
226184 14 0.01 0.9 32.9 -0.312833 0.101141 6.36234 -0.0596952 0.0194847 35.6176
227835 14 0.01 0.9 32.9 -0.0733992 0.235069 3.91386 -0.0099933 0.0257964 37.027
228582 14 0.01 0.9 32.9 -0.405065 -0.180844 12.2202 -0.152131 -0.0671536 31.1612
229535 14 0.01 0.9 32.9 0.167624 0.0272981 10.2232 0.0520386 0.00744985 32.8926
229909 14 0.01 0.9 32.9 0.184302 0.266079 4.28836 0.0254404 0.0324882 32.5202
231703 14 0.01 0.9 32.9 0.260103 0.230117 3.52392 0.0289108 0.0241077 33.4401
233327 14 0.01 0.9 32.9 0.0391045 -0.310304 6.00149 0.00950546 -0.0575562 36.5307
233573 14 0.01 0.9 32.9 0.368051 -0.0130792 3.68158 0.0413081 -0.00165097 37.1469
234520 14 0.01 0.9 32.9 -0.0639689 -0.332171 5.55141 -0.0095401 -0.0546709 35.3747
235665 14 0.01 0.9 32.9 0.282827 -0.193463 2.5541 0.0225183 -0.0128858 36.6957
237604 14 0.01 0.9 32.9 -0.0181649 -0.460988 2.87229 0.00031205 -0.0388401 35.9226
239860 14 0.01 0.9 32.9 -0.305559 -0.401432 5.72303 -0.0513838 -0.0700608 35.4052
240040 14 0.01 0.9 32.9 0.333196 -0.118675 4.35923 0.0443497 -0.0155614 33.6498
240480 14 0.01 0.9 32.9 -0.136341 -0.0220206 6.49356 -0.0253804 -0.00343531 32.9117
243655 14 0.01 0.9 32.9 0.04232 -0.251853 7.90548 0.00958204 -0.0608483 35.2791
244472 14 0.01 0.9 32.9 -0.382231 0.216348 11.3891 -0.133564 0.0748713 32.3109
245949 14 0.01 0.9 32.9 0.0651656 0.131479 3.19043 0.00538751 0.0128349 34.1201
248373 14 0.01 0.9 32.9 0.204361 0.462323 4.69721 0.0276713 0.0667233 33.5989
248380 14 0.01 0.9 32.9 0.180706 -0.4572 5.42081 0.0306806 -0.0727226 35.7323
248622 14 0.01 0.9 32.9 0.0554067 -0.358055 6.25226 0.00963465 -0.0689421 34.403
249355 14 0.01 0.9 32.9 0.0383655 -0.462543 7.99475 0.00860542 -0.116315 32.5989
249374 14 0.01 0.9 32.9 0.000426506 0.305055 7.88993 3.54e-05 0.0738115 33.5909
252274 14 0.01 0.9 32.9 -0.268619 0.0223264 6.28026 -0.0503815 0.00394394 33.6613
252947 14 0.01 0.9 32.9 0.377671 -0.383598 10.2974 0.118126 -0.120973 31.4045
253311 14 0.01 0.9 32.9 0.477448 0.292074 2.78971 0.0390241 0.0260875 35.2342
253693 14 0.01 0.9 32.9 0.38911 0.0965631 5.95645 0.0708189 0.0170277 33.6176
253797 14 0.01 0.9 32.9 -0.427184 -0.137071 3.74892 -0.0475478 -0.0179618 36.7545
254026 14 0.01 0.9 32.9 0.210404 -0.323638 6.54666 0.0410355 -0.0633926 32.3406
254755 14 0.01 0.9 32.9 -0.408213 0.437627 6.43327 -0.079847 0.0851842 34.3016
254903 14 0.01 0.9 32.9 -0.449511 -0.326057 5.97464 -0.0826212 -0.0593607 34.2492
255136 14 0.01 0.9 32.9 -0.305844 -0.180459 6.35394 -0.0601726 -0.03417 36.0307
256019 14 0.01 0.9 32.9 -0.284141 -0.0927289 4.75141 -0.0426688 -0.0143846 33.8512
257842 14 0.01 0.9 32.9 0.440542 -0.465797 6.14492 0.0802356 -0.0879461 36.4671
258931 14 0.01 0.9 32.9 -0.220505 -0.231122 8.08206 -0.053174 -0.0589102 33.0595
259276 14 0.01 0.9 32.9 0.484431 0.0556255 4.02968 0.0601056 0.00488968 32.5536
261656 14 0.01 0.9 32.9 -0.300633 -0.147653 4.01265 -0.0348765 -0.0178265 34.6536
261788 14 0.01 0.9 32.9 0.0857564 -0.302613 7.60929 0.0199729 -0.0746113 33.5194
262453 14 0.01 0.9 32.9 -0.0268296 0.025318 21.586 -0.0194825 0.0186603 30.8387
262693 14 0.01 0.9 32.9 -0.112199 0.118309 5.00075 -0.0164894 0.0170249 37.691
263686 14 0.01 0.9 32.9 0.135254 0.0937665 5.7543 0.0234635 0.0160017 37.253
265972 14 0.01 0.9 32.9 0.433645 0.120731 1.60097 0.0223922 0.00689917 32.3539
266323 14 0.01 0.9 32.9 -0.084119 -0.199834 2.78256 -0.00511615 -0.0156135 36.337
266861 14 0.01 0.9 32.9 -0.438719 0.36695 5.22165 -0.067113 0.0583598 37.6369
267016 14 0.01 0.9 32.9 0.154819 -0.180803 11.0379 0.0522319 -0.0614165 32.7252
267193 14 0.01 0.9 32.9 0.25895 -0.0220183 5.28017 0.0421046 3.75711e-05 37.5955
267400 14 0.01 0.9 32.9 0.317726 -0.0690191 2.38254 0.0196138 -0.00334042 31.8599
267610 14 0.01 0.9 32.9 -0.393246 0.321292 4.20089 -0.0487162 0.0410254 35.3322
267987 14 0.01 0.9 32.9 0.469288 0.0197401 4.03386 0.0558715 0.00435002 37.4725
270909 14 0.01 0.9 32.9 0.0326993 0.209086 5.69377 0.00622545 0.036802 34.7888
271182 14 0.01 0.9 32.9 -0.247076 0.384094 4.52895 -0.0359335 0.050768 35.4911
272821 14 0.01 0.9 32.9 0.310276 -0.376997 4.29584 0.041228 -0.0496186 35.0398
273241 14 0.01 0.9 32.9 -0.330503 -0.483693 8.80458 -0.0908184 -0.126303 34.1967
273409 14 0.01 0.9 32.9 0.480076 -0.0698434 4.32044 0.0620402 -0.00675913 32.7728
273822 14 0.01 0.9 32.9 -0.336443 0.34942 1.99897 -0.0194427 0.022345 33.3199
277145 14 0.01 0.9 32.9 -0.319902 0.268681 2.84674 -0.0298345 0.0231043 34.3589
277276 14 0.01 0.9 32.9 -0.0477526 -0.150848 7.78413 -0.0110892 -0.0323613 34.0256
277817 14 0.01 0.9 32.9 0.431817 -0.0786956 5.33715 0.0678832 -0.0146094 37.5273
278942 14 0.01 0.9 32.9 0.192725 -0.0406537 4.18282 0.026053 -0.0037857 36.8553
279593 14 0.01 0.9 32.9 -0.412048 0.47805 7.09992 -0.0894438 0.104347 31.4885
280480 14 0.01 0.9 32.9 -0.357145 0.385695 8.87199 -0.0980369 0.103674 31.6277
282290 14 0.01 0.9 32.9 -0.354937 -0.223762 5.01007 -0.0550896 -0.0362093 33.1551
284696 14 0.01 0.9 32.9 -0.0247965 0.0240549 5.71264 -0.00651661 0.00662179 33.4748
285691 14 0.01 0.9 32.9 -0.138142 -0.190978 1.99318 -0.00606118 -0.0102964 32.8242
286184 14 0.01 0.9 32.9 0.341666 0.0832154 9.28372 0.0955052 0.024212 31.1489
286259 14 0.01 0.9 32.9 0.00972806 -0.374882 7.75672 0.00218098 -0.0895868 31.9045
287959 14 0.01 0.9 32.9 -0.198487 0.15877 2.61933 -0.0155151 0.0139755 34.4516
289451 14 0.01 0.9 32.9 -0.0711639 0.250669 12.1341 -0.0263536 0.09003 32.5785
290203 14 0.01 0.9 32.9 -0.145938 -0.438415 2.37809 -0.010088 -0.0315089 34.3911
290213 14 0.01 0.9 32.9 0.156034 0.0023014 2.95742 0.0114106 0.00041722 35.2686
291191 14 0.01 0.9 32.9 -0.00285092 0.296502 8.3557 8.27768e-05 0.0754273 34.8128
291303 14 0.01 0.9 32.9 0.0439876 -0.333948 5.36916 0.00749563 -0.0533226 36.8091
291497 14 0.01 0.9 32.9 0.0245753 0.0551025 2.99962 0.00165303 0.00500283 34.7748
291739 14 0.01 0.9 32.9 -0.467238 -0.128971 6.56873 -0.0925765 -0.0242061 33.5041
292993 14 0.01 0.9 32.9 -0.229204 0.0643932 4.5029 -0.0307638 0.00762061 32.9997
293874 14 0.01 0.9 32.9 0.416343 -0.319749 5.26328 0.0658832 -0.0539791 37.1282
295516 14 0.01 0.9 32.9 0.250596 0.214794 5.31131 0.0409225 0.0394368 35.9474
295787 14 0.01 0.9 32.9 -0.351233 -0.444099 23.5589 -0.251107 -0.318388 30.8966
298640 14 0.01 0.9 32.9 -0.025112 -0.150715 2.03859 -0.0024291 -0.00741901 35.607
299683 14 0.01 0.9 32.9 -0.260739 0.412972 3.52784 -0.0288033 0.0426426 36.6791
300213 14 0.01 0.9 32.9 -0.224402 0.20011 3.26862 -0.0222228 0.0241241 33.5493
300503 14 0.01 0.9 32.9 0.364724 0.385574 4.55821 0.0517056 0.0527284 34.9117
302534 14 0.01 0.9 32.9 0.0309916 0.251752 9.81727 0.0087771 0.0736866 31.8285
303340 14 0.01 0.9 32.9 -0.0119086 0.00893392 2.45751 9.09517e-05 0.000648943 33.9952
304082 14 0.01 0.9 32.9 -0.171504 -0.143793 4.35666 -0.0229869 -0.0181748 31.0789
304341 14 0.01 0.9 32.9 -0.0946971 -0.156315 2.7071 -0.00980988 -0.0145141 35.7114
305031 14 0.01 0.9 32.9 0.365566 0.289759 2.13887 0.0231373 0.0203576 36.6063
305479 14 0.01 0.9 32.9 -0.433758 0.494322 4.36558 -0.0551863 0.0644568 36.9005
306422 14 0.01 0.9 32.9 0.00977709 0.000695473 3.45127 0.000436123 0.00173367 33.8984
307612 14 0.01 0.9 32.9 -0.283571 0.00436213 4.02235 -0.0322695 -0.000773381 37.3052
310037 14 0.01 0.9 32.9 0.49893 0.352182 3.09971 0.0470115 0.0335257 36.2444
310559 14 0.01 0.9 32.9 0.464052 -0.403472 4.15183 0.0582417 -0.0503428 32.3267
310709 14 0.01 0.9 32.9 0.291327 0.414641 5.22872 0.0477941 0.0655761 36.8347
311388 14 0.01 0.9 32.9 -0.15662 0.401084 3.06817 -0.0158831 0.0367135 34.0851
312411 14 0.01 0.9 32.9 -0.0931517 -0.33779 2.2209 -0.0061618 -0.0214459 36.2743
312504 14 0.01 0.9 32.9 0.131863 0.116897 6.77459 0.0254366 0.0233103 35.5466
312542 14 0.01 0.9 32.9 0.277131 -0.110321 5.47026 0.0466097 -0.017994 36.2138
314762 14 0.01 0.9 32.9 -0.280662 -0.0504771 8.99197 -0.0769608 -0.01528 34.2464
314797 14 0.01 0.9 32.9 -0.289967 0.385078 7.12781 -0.0638741 0.0849384 34.6977
315655 14 0.01 0.9 32.9 -0.0873048 0.40557 7.43338 -0.020013 0.0905185 33.555
316075 14 0.01 0.9 32.9 -0.336143 -0.00387161 1.15214 -0.0125695 -0.000483201 33.0367
316791 14 0.01 0.9 32.9 0.381383 0.47418 5.71629 0.065008 0.083221 35.5913
317542 14 0.01 0.9 32.9 -0.338123 0.0958072 4.42936 -0.0445417 0.0133104 36.3625
317544 14 0.01 0.9 32.9 -0.256077 0.389585 6.71513 -0.0510856 0.0786983 36.4986
319862 14 0.01 0.9 32.9 0.452894 -0.437595 5.38084 0.0727616 -0.0719188 36.9218
320345 14 0.01 0.9 32.9 0.00243505 0.283206 16.6467 0.00372669 0.145193 30.9771
322061 14 0.01 0.9 32.9 -0.153474 0.0955998 6.38204 -0.0278157 0.0179513 34.6856
324298 14 0.01 0.9 32.9 -0.107984 0.337438 10.2764 -0.0365543 0.106445 33.7063
324827 14 0.01 0.9 32.9 0.224625 -0.0198381 3.30419 0.0215323 0.000113789 37.0177
325152 14 0.01 0.9 32.9 -0.126419 -0.0608502 13.8823 -0.0527514 -0.0250595 30.5757
325880 14 0.01 0.9 32.9 -0.205965 -0.276982 6.58809 -0.0420853 -0.0555447 35.6721
326161 14 0.01 0.9 32.9 -0.305417 -0.434901 6.35239 -0.0568948 -0.0843898 31.9224
327458 14 0.01 0.9 32.9 0.390222 -0.323096 8.88372 0.104985 -0.0880556 34.4528
328310 14 0.01 0.9 32.9 0.240622 -0.192135 2.70303 0.0205228 -0.0174582 35.0297
329116 14 0.01 0.9 32.9 0.477456 -0.449693 4.51647 0.0679766 -0.0632479 36.7197
329468 14 0.01 0.9 32.9 -0.334693 0.094093 5.2806 -0.0533241 0.0164999 34.8142
330432 14 0.01 0.9 32.9 0.188997 0.493364 6.07059 0.0336646 0.092106 32.3242
331731 14 0.01 0.9 32.9 0.102573 0.372061 2.89061 0.00749907 0.0325913 33.8609
334476 14 0.01 0.9 32.9 0.158586 -0.323872 4.57417 0.0231773 -0.0436666 37.2808
335426 14 0.01 0.9 32.9 -0.276997 -0.462564 4.31841 -0.0358121 -0.0601868 33.5432
335688 14 0.01 0.9 32.9 0.208209 -0.319953 3.21149 0.020376 -0.0317509 35.8296
337143 14 0.01 0.9 32.9 -0.392705 0.149526 8.84772 -0.106225 0.0380072 33.3551
337391 14 0.01 0.9 32.9 -0.393162 0.179733 5.0718 -0.0593208 0.0273893 32.1966
337860 14 0.01 0.9 32.9 -0.00798891 0.345198 7.23375 0.000326049 0.0739943 35.9853
338508 14 0.01 0.9 32.9 0.405651 -0.209002 4.84295 0.0563239 -0.0315349 36.2727
339479 14 0.01 0.9 32.9 -0.30138 -0.400805 3.35076 -0.0309686 -0.0365662 35.3668
339586 14 0.01 0.9 32.9 -0.06991 -0.18691 5.00364 -0.0104626 -0.027228 34.1979
341668 14 0.01 0.9 32.9 -0.421299 -0.271871 8.15808 -0.107301 -0.0679065 32.6221
342128 14 0.01 0.9 32.9 0.401814 -0.443251 3.91567 0.0491092 -0.0535866 35.505
343044 14 0.01 0.9 32.9 -0.498452 0.182726 4.73116 -0.0703491 0.0281575 36.4994
344110 14 0.01 0.9 32.9 -0.141492 0.437149 2.8904 -0.0115336 0.0386555 36.0203
348168 14 0.01 0.9 32.9 0.0471267 -0.0421114 6.43142 0.00769909 -0.00395488 35.6734
348670 14 0.01 0.9 32.9 0.32748 0.416486 4.94617 0.0485122 0.0629718 33.1177
349905 14 0.01 0.9 32.9 0.0726302 0.492467 2.71412 0.00616413 0.0407381 37.1665
351835 14 0.01 0.9 32.9 0.490338 -0.0526636 4.47478 0.0667818 -0.00786473 33.6351
351992 14 0.01 0.9 32.9 -0.419692 0.393185 3.63725 -0.0469577 0.0444553 35.6215
354919 14 0.01 0.9 32.9 0.302755 -0.0515966 7.10215 0.065818 -0.012069 33.7811
355686 14 0.01 0.9 32.9 0.295124 0.359126 9.68044 0.0867086 0.10482 31.7238
356246 14 0.01 0.9 32.9 -0.0906791 -0.0259777 9.93373 -0.0286496 -0.00579176 33.9239
356646 14 0.01 0.9 32.9 0.340203 0.217633 10.3199 0.10668 0.0682695 33.3815
359000 14 0.01 0.9 32.9 -0.459842 -0.197307 7.00265 -0.0967531 -0.0431612 33.9678
359490 14 0.01 0.9 32.9 0.327192 -0.35657 2.09674 0.0190799 -0.0217371 36.6493
360807 14 0.01 0.9 32.9 -0.293181 -0.45612 5.03709 -0.0456254 -0.0706183 32.0503
361837 14 0.01 0.9 32.9 0.214112 0.0788227 4.87808 0.0315884 0.0119839 35.9141
362308 14 0.01 0.9 32.9 -0.34853 -0.0510101 9.25528 -0.0986007 -0.0148659 32.7792
364503 14 0.01 0.9 32.9 -0.414065 0.380116 4.69729 -0.0595576 0.0543301 34.9364
364519 14 0.01 0.9 32.9 -0.32615 -0.107452 18.1639 -0.180036 -0.0596278 31.2928
364992 14 0.01 0.9 32.9 -0.0611212 0.435868 3.91138 -0.00688766 0.0511578 37.0041
366071 14 0.01 0.9 32.9 0.455721 -0.312724 9.55088 0.131572 -0.0917254 32.5988
366331 14 0.01 0.9 32.9 0.25177 -0.120625 14.617 0.110516 -0.0512109 31.5945
367043 14 0.01 0.9 32.9 0.494239 -0.487666 10.1761 0.153198 -0.152763 32.9794
367371 14 0.01 0.9 32.9 0.286551 0.0538188 6.79442 0.0604262 0.0109156 30.851
367414 14 0.01 0.9 32.9 0.383376 0.0210598 4.20304 0.0491851 0.000906186 32.4715
367709 14 0.01 0.9 32.9 0.0568206 -0.200435 6.73733 0.00990104 -0.0393438 32.5478
367869 14 0.01 0.9 32.9 0.0137145 -0.181929 4.15995 0.00235936 -0.0236619 33.3256
368551 14 0.01 0.9 32.9 0.00814226 0.477959 5.96652 0.00316922 0.0894409 31.743
370105 14 0.01 0.9 32.9 -0.097022 0.34892 5.46115 -0.0162939 0.0580369 36.0903
370390 14 0.01 0.9 32.9 0.0652431 -0.301624 8.5148 0.0157321 -0.0785023 33.7651
371010 14 0.01 0.9 32.9 -0.034179 -0.0139809 7.86289 -0.0106389 -0.000905434 33.8689
371344 14 0.01 0.9 32.9 -0.420187 0.275819 7.83712 -0.100692 0.0653276 33.5926
371345 14 0.01 0.9 32.9 0.361863 -0.0258522 5.10336 0.0567514 -0.00565024 34.9271
372054 14 0.01 0.9 32.9 -0.461683 -0.226317 4.52666 -0.062831 -0.0291302 35.5683
374084 14 0.01 0.9 32.9 0.181184 0.448101 7.28432 0.0406339 0.100775 34.8118
374412 14 0.01 0.9 32.9 0.382482 0.462049 5.60349 0.0673274 0.0779946 34.4808
375612 14 0.01 0.9 32.9 0.155893 -0.344779 0.952881 0.00352047 -0.0115555 34.5851
377172 14 0.01 0.9 32.9 0.134837 0.0330383 4.33804 0.0178033 0.00317582 33.1598
377274 14 0.01 0.9 32.9 -0.140882 0.107708 4.65892 -0.0213935 0.0164122 35.8842
377908 14 0.01 0.9 32.9 0.017824 0.252149 4.37987 0.00449223 0.0327148 37.4347
378256 14 0.01 0.9 32.9 0.105186 -0.469723 6.07552 0.0164089 -0.0891029 37.0965
378519 14 0.01 0.9 32.9 0.338407 -0.203202 3.02834 0.0317747 -0.0183459 34.7065
378789 14 0.01 0.9 32.9 0.0216389 0.248144 6.74497 0.00712596 0.0510125 34.7848
379325 14 0.01 0.9 32.9 0.181194 -0.380075 4.08538 0.0197063 -0.0491987 36.29
379508 14 0.01 0.9 32.9 -0.242421 -0.462854 3.77592 -0.0285632 -0.0550549 35.3855
380027 14 0.01 0.9 32.9 -0.348628 0.132257 13.6124 -0.146139 0.0558964 32.2257
380471 14 0.01 0.9 32.9 -0.197482 0.389576 6.18682 -0.0352112 0.0715376 31.4075
381311 14 0.01 0.9 32.9 0.257298 0.413646 3.36958 0.026882 0.0394551 37.3174
383610 14 0.01 0.9 32.9 -0.0282579 0.395883 6.61541 -0.0068413 0.0797946 35.0383
384992 14 0.01 0.9 32.9 -0.116854 0.197323 6.45954 -0.0228288 0.0392424 34.872
385073 14 0.01 0.9 32.9 -0.487486 -0.464417 5.21274 -0.0779778 -0.0735515 36.7963
388276 14 0.01 0.9 32.9 0.190132 0.0471353 4.53296 0.0254746 0.00738576 37.3859
388478 14 0.01 0.9 32.9 -0.304874 0.422818 9.08203 -0.0825393 0.116755 32.5186
389424 14 0.01 0.9 32.9 0.188485 -0.442317 2.97281 0.017282 -0.0393231 34.7506
389901 14 0.01 0.9 32.9 0.0946796 0.276662 5.37257 0.0151427 0.0465214 37.0743
390304 14 0.01 0.9 32.9 0.230285 -0.00261023 6.06069 0.0428003 0.00220991 34.4663
393882 14 0.01 0.9 32.9 0.138685 0.30631 6.43203 0.028265 0.0599714 31.6372
396057 14 0.01 0.9 32.9 -0.465926 0.363084 4.99693 -0.0713385 0.0568692 37.1746
396622 14 0.01 0.9 32.9 -0.0700288 -0.160598 6.95209 -0.0161799 -0.0371406 35.4449
397336 14 0.01 0.9 32.9 0.161931 0.356357 2.44531 0.012208 0.0291326 33.7329
397782 14 0.01 0.9 32.9 -0.163536 -0.160452 3.47449 -0.017116 -0.0190366 36.2489
398609 14 0.01 0.9 32.9 -0.186411 -0.473347 8.7112 -0.0517363 -0.126284 33.836
400505 14 0.01 0.9 32.9 0.49575 -0.41708 6.60327 0.0984071 -0.0837746 33.9397
403218 14 0.01 0.9 32.9 -0.458441 -0.268624 1.80919 -0.0250012 -0.0100224 35.3634
404242 14 0.01 0.9 32.9 0.426947 -0.323148 16.0176 0.203734 -0.157745 31.3079
407075 14 0.01 0.9 32.9 -0.308597 0.441626 11.9204 -0.114585 0.158658 32.542
410203 14 0.01 0.9 32.9 0.314395 0.211124 7.4812 0.0728256 0.0467248 34.5838
410223 14 0.01 0.9 32.9 -0.139564 -0.0143676 6.21662 -0.025997 -0.00167966 34.3262
410469 14 0.01 0.9 32.9 0.387102 0.31181 3.82716 0.0474138 0.0369503 37.3479
410568 14 0.01 0.9 32.9 -0.372595 0.0198127 10.2364 -0.116107 0.00471971 32.5469
410937 14 0.01 0.9 32.9 -0.143914 -0.347102 4.23386 -0.016083 -0.0455361 35.7701
411715 14 0.01 0.9 32.9 -0.494562 0.00920749 2.54798 -0.0373238 0.00620654 34.6322
411781 14 0.01 0.9 32.9 -0.22557 -0.166906 7.34283 -0.0500999 -0.0363324 33.9053
411826 14 0.01 0.9 32.9 0.025807 0.235707 5.49782 0.00441048 0.0386157 37.0532
414230 14 0.01 0.9 32.9 0.436599 0.283928 6.64504 0.0879028 0.0582865 32.6705
415515 14 0.01 0.9 32.9 0.45729 -0.392433 9.05647 0.124335 -0.108891 31.7724
416589 14 0.01 0.9 32.9 -0.490616 -0.270874 8.92445 -0.134412 -0.0727403 32.242
417771 14 0.01 0.9 32.9 -0.322928 0.0976498 4.91691 -0.0496371 0.0169874 35.6233
418593 14 0.01 0.9 32.9 -0.0637298 0.141916 5.91356 -0.0110476 0.0257327 33.0255
421511 14 0.01 0.9 32.9 0.430247 0.035407 9.10327 0.121241 0.00813524 31.8479
421651 14 0.01 0.9 32.9 0.0526863 -0.348516 2.64875 0.00328215 -0.0291326 34.5576
421740 14 0.01 0.9 32.9 0.205576 -0.0236081 7.01988 0.0433473 -0.0072887 35.1512
422314 14 0.01 0.9 32.9 0.156304 0.0811471 4.92529 0.0218088 0.0117216 33.9015
422820 14 0.01 0.9 32.9 -0.234455 -0.481397 5.74773 -0.0434024 -0.083882 37.3656
423434 14 0.01 0.9 32.9 -0.0745954 -0.0535787 2.03385 -0.002379 -0.00279324 34.8069
424922 14 0.01 0.9 32.9 -0.221692 -0.0886451 4.67593 -0.0316194 -0.0119885 31.3206
427493 14 0.01 0.9 32.9 0.325145 0.370234 3.55895 0.0356498 0.0412266 35.6155
428009 14 0.01 0.9 32.9 -0.469108 -0.208481 2.96559 -0.0412897 -0.017042 36.2242
428634 14 0.01 0.9 32.9 -0.260343 0.0897062 3.43123 -0.0274455 0.0071635 35.4656
428881 14 0.01 0.9 32.9 -0.138233 -0.45393 2.71198 -0.0113763 -0.0367443 34.3233
429376 14 0.01 0.9 32.9 0.356081 -0.386228 11.3593 0.125331 -0.132457 30.608
432810 14 0.01 0.9 32.9 -0.41225 -0.00323526 3.77208 -0.0473121 -0.00137535 33.5209
433041 14 0.01 0.9 32.9 -0.425494 0.0683054 7.11792 -0.0930514 0.0159427 33.5364
433120 14 0.01 0.9 32.9 0.108854 -0.0054865 4.12207 0.0129487 0.000204824 37.3298
433969 14 0.01 0.9 32.9 -0.0775414 -0.158804 6.60481 -0.0169914 -0.0324096 34.4322
434893 14 0.01 0.9 32.9 -0.313624 0.183703 4.53591 -0.0445659 0.0258501 35.9747
435207 14 0.01 0.9 32.9 0.111001 0.110029 4.92831 0.0171513 0.0185551 35.0829
435340 14 0.01 0.9 32.9 -0.184739 0.0298664 6.73109 -0.0391723 0.00748154 34.3222
435403 14 0.01 0.9 32.9 0.241096 -0.413293 5.3895 0.0380047 -0.0682085 33.8841
436178 14 0.01 0.9 32.9 -0.196071 -0.222171 3.02591 -0.0183841 -0.0199212 35.996
436285 14 0.01 0.9 32.9 -0.461832 0.410949 4.2291 -0.0599013 0.0520262 34.4204
436408 14 0.01 0.9 32.9 -0.428952 0.132538 6.52425 -0.0854508 0.0263066 36.7312
438490 14 0.01 0.9 32.9 -0.271883 -0.261981 5.21289 -0.0437603 -0.0420317 34.8204
439202 14 0.01 0.9 32.9 0.283685 0.299077 4.92831 0.0416572 0.0446645 34.7393
441724 14 0.01 0.9 32.9 -0.484866 -0.348542 5.57085 -0.0843971 -0.0576025 35.1032
441730 14 0.01 0.9 32.9 0.370561 -0.157289 6.39901 0.0723574 -0.030341 33.9952
445402 14 0.01 0.9 32.9 -0.176441 0.160956 5.94249 -0.0303725 0.0299097 36.0042
445469 14 0.01 0.9 32.9 0.102992 -0.239285 7.31623 0.0244302 -0.0532847 35.3708
446011 14 0.01 0.9 32.9 -0.259094 -0.359648 6.93668 -0.0546235 -0.0777034 32.7589
446965 14 0.01 0.9 32.9 0.0365172 0.260825 4.8712 0.00522098 0.0405022 33.8699
447519 14 0.01 0.9 32.9 0.222128 0.0967865 4.7449 0.0334212 0.0117349 37.1654
447933 14 0.01 0.9 32.9 -0.380378 -0.312527 7.18634 -0.0849109 -0.0687522 34.6578
448999 14 0.01 0.9 32.9 0.381889 -0.331543 4.10944 0.049361 -0.0418458 33.2261
453333 14 0.01 0.9 32.9 -0.13932 0.462459 9.1545 -0.038864 0.130671 31.7873
454773 14 0.01 0.9 32.9 -0.46101 -0.026478 10.9394 -0.152878 -0.00926153 32.836
456346 14 0.01 0.9 32.9 0.130307 -0.145591 7.84159 0.0305404 -0.0332971 33.0171
457161 14 0.01 0.9 32.9 -0.158425 0.374004 11.3162 -0.0549487 0.128663 31.33
457394 14 0.01 0.9 32.9 0.236156 -0.399255 3.96251 0.0266228 -0.04984 36.2892
457969 14 0.01 0.9 32.9 -0.125919 0.128738 4.77161 -0.019548 0.0184495 34.6956
459414 14 0.01 0.9 32.9 0.486492 0.41848 2.31231 0.0314618 0.0321386 31.5254
459523 14 0.01 0.9 32.9 -0.21696 -0.366853 4.11412 -0.0275024 -0.0442608 37.1402
462154 14 0.01 0.9 32.9 -0.358402 0.0121973 23.37 -0.251236 0.0072073 30.5086
462986 14 0.01 0.9 32.9 0.473173 -0.460976 8.24405 0.11985 -0.116012 32.3281
463255 14 0.01 0.9 32.9 -0.448072 -0.168222 2.85895 -0.0400136 -0.0140948 35.8875
467366 14 0.01 0.9 32.9 -0.131153 -0.110875 2.43886 -0.00886468 -0.00775196 33.5146
467756 14 0.01 0.9 32.9 0.178395 -0.43799 6.69265 0.0380385 -0.0894323 32.4069
467843 14 0.01 0.9 32.9 0.292059 -0.287365 3.97439 0.035631 -0.035251 31.9727
467875 14 0.01 0.9 32.9 -0.334386 0.0345064 3.19941 -0.0329713 0.00373506 35.7398
468446 14 0.01 0.9 32.9 0.0758066 0.226981 5.68949 0.0129693 0.038439 36.2638
469136 14 0.01 0.9 32.9 -0.371576 -0.171058 6.69776 -0.0780822 -0.0356564 34.6451
470126 14 0.01 0.9 32.9 -0.325295 0.273556 2.4403 -0.0233724 0.0208297 31.4151
471300 14 0.01 0.9 32.9 0.352398 0.108601 7.81244 0.0836666 0.0269761 35.3833
473188 14 0.01 0.9 32.9 -0.321815 0.481665 4.45666 -0.0423672 0.0665377 36.541
474515 14 0.01 0.9 32.9 0.167719 0.0738265 7.28441 0.036207 0.0146073 31.1596
476994 14 0.01 0.9 32.9 -0.253526 -0.402211 10.7169 -0.0832301 -0.130681 31.3858
478776 14 0.01 0.9 32.9 0.424229 -0.0309561 5.46849 0.0683336 -0.00669643 35.3582
479626 14 0.01 0.9 32.9 0.283587 -0.37737 2.16321 0.0153144 -0.0258615 35.0885
480489 14 0.01 0.9 32.9 -0.479848 0.174286 5.49032 -0.0808149 0.0278248 37.4993
481223 14 0.01 0.9 32.9 0.438682 0.359154 2.55588 0.0345872 0.0261135 33.9371
481230 14 0.01 0.9 32.9 -0.488841 0.476214 8.76588 -0.132473 0.126576 33.4133
481848 14 0.01 0.9 32.9 -0.302929 0.188903 3.5254 -0.0343326 0.0178442 37.1681
486104 14 0.01 0.9 32.9 0.0285169 -0.179638 4.22767 0.00382658 -0.0229875 36.6834
486430 14 0.01 0.9 32.9 0.0133094 0.320583 5.72221 0.0026435 0.0542805 35.9399
487588 14 0.01 0.9 32.9 0.420191 -0.455237 3.02213 0.037236 -0.0436493 36.8257
488157 14 0.01 0.9 32.9 -0.322675 -0.0909239 6.13247 -0.0582944 -0.0156325 31.77
489023 14 0.01 0.9 32.9 0.291014 -0.245812 4.2019 0.0361183 -0.0329774 36.523
491936 14 0.01 0.9 32.9 0.34621 0.444508 4.04321 0.0415553 0.0532414 37.3052
493102 14 0.01 0.9 32.9 -0.428525 0.396888 6.51455 -0.083835 0.0793341 33.0534
493747 14 0.01 0.9 32.9 -0.108832 0.019564 1.96134 -0.00716458 -0.0004552 33.9501
494410 14 0.01 0.9 32.9 0.487227 -0.403188 6.02405 0.0886535 -0.0744508 35.1896
494650 14 0.01 0.9 32.9 -0.453072 0.281505 10.7562 -0.148977 0.0927552 32.45
496307 14 0.01 0.9 32.9 -0.0677703 0.412299 4.66896 -0.00940065 0.0590115 37.0418
497349 14 0.01 0.9 32.9 -0.269439 0.00531766 10.5006 -0.0828092 0.0026889 31.9898
497733 14 0.01 0.9 32.9 0.230085 0.168472 2.90005 0.0195821 0.0136707 35.5783
498011 14 0.01 0.9 32.9 -0.43007 -0.254301 5.22823 -0.0670782 -0.0380894 36.7989
499228 14 0.01 0.9 32.9 0.0725091 -0.495746 6.15551 0.013253 -0.0918806 34.4676
