14004178 0 0.01 2.29996 32.9 -0.479367 0.0892828 45.3294 -0.660007 0.12367 34.8817
14005571 0 0.01 2.30001 32.9 0.495323 0.348851 0.817182 0.00592346 0.00583082 34.8817
14006629 0 0.01 2.3 32.9 -0.359429 -0.378825 2.64074 -0.0280798 -0.0312235 34.8817
14006748 0 0.01 2.3 32.9 0.486912 -0.324787 2.92177 0.044886 -0.0275559 34.8817
14006814 0 0.01 2.3 32.9 -0.330011 -0.185505 1.83229 -0.0167978 -0.00846886 34.8817
14012630 0 0.01 2.29996 32.9 -0.423774 -0.191922 39.4968 -0.509936 -0.230469 34.8817
14012840 0 0.01 2.29997 32.9 -0.325215 0.271636 47.3251 -0.467661 0.390312 34.8817
14013175 0 0.01 2.3 32.9 0.482572 -0.139854 3.33273 0.0472901 -0.0158172 34.8817
58001152 0 0.01 2.3 32.9 0.147085 -0.0602775 2.49627 0.00952818 -0.00344203 34.8859
58001345 0 0.01 2.3 32.9 0.0564906 -0.212409 2.641 0.00575965 -0.014708 34.8859
58001869 0 0.01 2.3 32.9 -0.0932422 0.404484 4.63976 -0.0132032 0.058059 34.8859
58002114 0 0.01 2.3 32.9 0.0390039 0.102961 1.89778 0.00148739 0.00882995 34.8859
58004964 0 0.01 2.3 32.9 0.308744 -0.441434 1.65897 0.0186708 -0.0234113 34.8859
58007531 0 0.01 2.3 32.9 -0.135912 0.37839 3.82618 -0.0160226 0.0430448 34.8859
58010043 0 0.01 2.3 32.9 0.384087 0.101098 1.29398 0.0146529 0.00482176 34.8859
55001160 0 0.01 2.3 32.9 0.354878 -0.222187 0.663513 0.00873306 -0.00540004 34.8929
55002156 0 0.01 2.30001 32.9 0.440438 -0.114126 43.1274 0.578346 -0.148035 34.8929
55002558 0 0.01 2.3 32.9 0.461125 0.180189 6.16395 0.0855298 0.0361917 34.8929
55003470 0 0.01 2.3 32.9 -0.0665547 0.110921 1.11198 -0.00523772 0.00207036 34.8929
55006260 0 0.01 2.30003 32.9 0.270554 -0.172181 12.5922 0.103879 -0.0647891 34.8929
55007414 0 0.01 2.3 32.9 0.443716 -0.463757 3.25552 0.0449416 -0.046588 34.8929
55008489 0 0.01 2.30001 32.9 0.461036 -0.013844 32.1978 0.451212 -0.0146565 34.8929
55009052 0 0.01 2.3 32.9 0.336847 -0.409704 0.974676 0.0123467 -0.00846427 34.8929
55010956 0 0.01 2.30022 32.9 -0.34238 -0.141714 19.1748 -0.198192 -0.0795906 34.8929
55011250 0 0.01 2.3 32.9 -0.326568 -0.0906748 2.31048 -0.0245119 -0.00810944 34.8929
55011916 0 0.01 2.3 32.9 -0.00423661 -0.378246 1.0872 -0.00199884 -0.0152328 34.8929
57001182 0 0.01 2.3 32.9 0.361008 0.159909 3.23551 0.0331652 0.0159864 34.8843
57005961 0 0.01 2.30001 32.9 -0.109606 -0.296035 1.92909 -0.00820591 -0.0180088 34.8843
57007164 0 0.01 2.3 32.9 0.466714 0.352322 3.44869 0.0478968 0.0368286 34.8843
57008282 0 0.01 2.3 32.9 0.354363 0.0867198 5.46142 0.0583838 0.0153111 34.8843
57012020 0 0.01 2.30003 32.9 -0.0940058 0.0924023 46.0924 -0.13012 0.129046 34.8843
57013146 0 0.01 2.29994 32.9 -0.105951 -0.416372 45.8186 -0.146908 -0.57824 34.8843
75000071 0 0.01 2.3 32.9 0.20002 -0.102537 4.74055 0.027108 -0.0137218 34.8753
75001756 0 0.01 2.3 32.9 0.1748 -0.230025 1.46709 0.00598344 -0.010977 34.8753
75005436 0 0.01 2.3 32.9 0.224144 -0.254094 2.18614 0.0164314 -0.0186254 34.8753
75006680 0 0.01 2.3 32.9 -0.302378 0.283091 1.25073 -0.0108899 0.0147934 34.8753
75007101 0 0.01 2.29998 32.9 -0.398765 0.426251 5.64605 -0.0672143 0.0717741 34.8753
75008046 0 0.01 2.3 32.9 0.0824271 -0.00594445 6.6053 0.0162099 -0.000793215 34.8753
75008882 0 0.01 2.3 32.9 -0.0969886 0.295382 1.79812 -0.0071487 0.016536 34.8753
75010595 0 0.01 2.3 32.9 -0.136355 -0.0375805 3.70938 -0.0167029 -0.00357022 34.8753
75011949 0 0.01 2.2998 32.9 0.299898 -0.293604 16.526 0.149474 -0.148307 34.8753
75012605 0 0.01 2.3 32.9 0.386453 -0.078329 1.09814 0.0112174 -0.00475022 34.8753
75013875 0 0.01 2.3 32.9 -0.0840618 0.0256162 1.43036 -0.00214647 0.00458832 34.8753
53000975 0 0.01 2.3 32.9 0.451807 0.43274 1.28962 0.0185537 0.0167187 34.8778
53003887 0 0.01 2.3 32.9 0.203367 -0.234502 1.59345 0.0101139 -0.00976662 34.8778
53004036 0 0.01 2.2999 32.9 -0.413523 0.291788 32.6599 -0.413946 0.291159 34.8778
53004928 0 0.01 2.3 32.9 -0.346597 -0.0735533 1.56251 -0.0166962 -0.00509607 34.8778
53011947 0 0.01 2.3 32.9 0.440847 0.327141 2.0512 0.027172 0.0218026 34.8778
53013738 0 0.01 2.3 32.9 -0.268022 0.495678 3.17197 -0.0237634 0.050603 34.8778
51001011 0 0.01 2.30011 32.9 -0.0794582 -0.24826 36.3945 -0.0899202 -0.273599 34.8997
51001246 0 0.01 2.30002 32.9 -0.481132 -0.295543 4.389 -0.065807 -0.0398516 34.8997
51001867 0 0.01 2.3 32.9 0.431114 -0.119468 4.64303 0.0618226 -0.0173741 34.8997
51002040 0 0.01 2.3 32.9 0.29706 -0.437569 1.08406 0.00830412 -0.0155144 34.8997
51009395 0 0.01 2.3 32.9 0.316493 0.361357 2.99495 0.0299529 0.0338679 34.8997
51010814 0 0.01 2.3 32.9 0.124948 -0.297731 2.90512 0.0111488 -0.0275709 34.8997
51011149 0 0.01 2.3 32.9 -0.214291 0.0781621 3.71857 -0.0239117 0.0090096 34.8997
24001374 0 0.01 2.3 32.9 -0.0206168 0.454398 1.43636 -0.00328949 0.0239673 34.9075
24001943 0 0.01 2.3 32.9 -0.130389 -0.116901 8.08247 -0.0328997 -0.0280098 34.9075
24002692 0 0.01 2.3 32.9 0.0416324 0.123853 2.43243 0.00189803 0.0115186 34.9075
24003051 0 0.01 2.3 32.9 -0.231153 -0.0705061 2.24032 -0.0168316 -0.00651012 34.9075
24004019 0 0.01 2.3 32.9 -0.301368 0.0457451 13.254 -0.12139 0.0189219 34.9075
24006290 0 0.01 2.3 32.9 -0.123023 0.281006 0.566089 -0.0101414 0.00982303 34.9075
24007064 0 0.01 2.3 32.9 -0.20799 0.499093 9.06522 -0.0572893 0.137088 34.9075
24007087 0 0.01 2.3 32.9 -0.0437545 0.491725 2.50026 -0.00666039 0.0392273 34.9075
24007353 0 0.01 2.3 32.9 -0.388645 -0.323943 1.07583 -0.00903255 -0.011356 34.9075
24008524 0 0.01 2.3 32.9 0.269534 -0.454452 1.4323 0.01057 -0.0157543 34.9075
24008836 0 0.01 2.3 32.9 -0.376174 -0.00294896 1.3152 -0.0107093 -0.000538022 34.9075
24013180 0 0.01 2.3 32.9 0.186854 0.172471 3.05589 0.017629 0.0171807 34.9075
50011139 0 0.01 2.30011 32.9 -0.107242 0.14579 4.59862 -0.0117856 0.0212288 34.864
50011569 0 0.01 2.3 32.9 0.105943 0.40291 3.74608 0.011426 0.0426328 34.864
50011888 0 0.01 2.3 32.9 0.394297 0.266053 7.23447 0.0860862 0.0597327 34.864
50011984 0 0.01 2.3 32.9 -0.370035 -0.163645 4.11154 -0.0469566 -0.019111 34.864
52000931 0 0.01 2.3 32.9 0.289679 -0.153901 5.74393 0.0505097 -0.0277318 34.9101
52002384 0 0.01 2.3 32.9 -0.459147 0.20699 3.16799 -0.0451625 0.0211098 34.9101
52005696 0 0.01 2.3 32.9 0.15699 -0.320264 3.36992 0.0152106 -0.03012 34.9101
52005721 0 0.01 2.30001 32.9 -0.468935 -0.413912 8.33848 -0.118519 -0.10446 34.9101
52005923 0 0.01 2.3 32.9 0.073581 0.143991 2.65237 0.00677668 0.0102454 34.9101
52006847 0 0.01 2.3 32.9 -0.258119 0.0708123 2.76309 -0.0232962 0.00597086 34.9101
52008036 0 0.01 2.3 32.9 0.0248469 0.466881 2.74102 0.00141837 0.0396036 34.9101
52010399 0 0.01 2.3 32.9 -0.492326 0.142645 3.13148 -0.0499071 0.0148349 34.9101
45001764 0 0.01 2.3 32.9 -0.178776 -0.308149 2.72594 -0.0162762 -0.022954 34.9247
45004842 0 0.01 2.3 32.9 0.361241 -0.238156 3.77786 0.0408307 -0.0272068 34.9247
45005874 0 0.01 2.30002 32.9 0.360367 0.10967 59.3626 0.651312 0.196481 34.9247
45009694 0 0.01 2.3 32.9 -0.334546 0.0284979 2.01537 -0.0175401 0.0030196 34.9247
45010672 0 0.01 2.3 32.9 -0.0122446 0.267795 2.49803 -0.00389139 0.0203224 34.9247
45010886 0 0.01 2.3 32.9 0.237591 0.356255 7.04276 0.0516167 0.0764686 34.9247
45013670 0 0.01 2.3 32.9 -0.165949 0.270329 2.59328 -0.013638 0.0204478 34.9247
86001161 0 0.01 2.30065 32.9 -0.104587 0.488973 32.5521 -0.101124 0.484148 34.8933
86002133 0 0.01 2.30001 32.9 0.473222 0.195971 3.54466 0.0478202 0.0194557 34.8933
86003135 0 0.01 2.3 32.9 -0.257503 0.381018 2.92529 -0.0238787 0.0353002 34.8933
86003660 0 0.01 2.3 32.9 0.055452 -0.298131 3.76842 0.00679497 -0.0355446 34.8933
86004123 0 0.01 2.3 32.9 0.247641 0.0666944 3.27773 0.0239375 0.00622482 34.8933
86006123 0 0.01 2.3 32.9 0.414059 0.404568 3.91168 0.0492482 0.0501233 34.8933
86008761 0 0.01 2.30011 32.9 0.0036939 -0.136057 36.1035 0.00502912 -0.15006 34.8933
86010779 0 0.01 2.3 32.9 0.102082 -0.111657 6.95638 0.021137 -0.0223413 34.8933
86014022 0 0.01 2.3 32.9 -0.216978 -0.327881 3.67436 -0.0260231 -0.0375017 34.8933
17001776 0 0.01 2.3 32.9 0.0592515 0.134105 2.93359 0.00480725 0.0125181 34.8881
17003682 0 0.01 2.3 32.9 0.24338 -0.352581 2.82894 0.0217601 -0.0300485 34.8881
17006209 0 0.01 2.3 32.9 -0.262535 -0.195354 1.77759 -0.0154545 -0.0107128 34.8881
17007306 0 0.01 2.3 32.9 -0.0119915 0.474971 1.8293 0.000312396 0.0287735 34.8881
17008822 0 0.01 2.3 32.9 0.224047 0.037938 2.12878 0.0154639 -0.00028945 34.8881
37000987 0 0.01 2.3 32.9 0.43291 0.187508 3.75292 0.046482 0.0251523 34.8836
37002176 0 0.01 2.3 32.9 0.258556 -0.202782 7.57036 0.0578385 -0.0470832 34.8836
37006068 0 0.01 2.3 32.9 0.308974 0.343799 0.781774 0.00537098 0.00774042 34.8836
37008611 0 0.01 2.3 32.9 -0.289458 -0.378757 1.18244 -0.0170848 -0.0146234 34.8836
37010275 0 0.01 2.3 32.9 0.369767 -0.107511 1.83394 0.021587 -0.00388792 34.8836
37010536 0 0.01 2.3 32.9 -0.421478 0.443805 3.37221 -0.0440549 0.0477358 34.8836
37011089 0 0.01 2.3 32.9 -0.360129 0.198685 0.982321 -0.0118281 0.000539294 34.8836
37011647 0 0.01 2.3 32.9 -0.396146 -0.441654 4.97482 -0.0574384 -0.065828 34.8836
37012257 0 0.01 2.3 32.9 0.066476 0.134427 3.9615 0.00650112 0.0163067 34.8836
37012548 0 0.01 2.3 32.9 0.00685546 -0.211487 8.51674 0.00241094 -0.0548319 34.8836
40001122 0 0.01 2.3 32.9 -0.0456573 -0.135632 5.44804 -0.00748114 -0.0222152 34.8661
40008176 0 0.01 2.30022 32.9 -0.307617 0.21082 31.2624 -0.293498 0.200014 34.8661
40008769 0 0.01 2.3 32.9 -0.398047 -0.431313 4.87887 -0.058565 -0.0645214 34.8661
40012022 0 0.01 2.3 32.9 -0.383046 0.329905 2.75756 -0.0315191 0.0300666 34.8661
38000934 0 0.01 2.3 32.9 0.0528323 0.200524 1.56036 0.00290287 0.00891772 34.8714
38001222 0 0.01 2.3 32.9 -0.247145 0.0776323 5.43578 -0.0404738 0.0149308 34.8714
38001641 0 0.01 2.3 32.9 -0.156508 0.281915 8.54473 -0.0405258 0.0716239 34.8714
38005143 0 0.01 2.3 32.9 0.382916 -0.451133 5.31148 0.0628993 -0.0723693 34.8714
38007590 0 0.01 2.3 32.9 0.264432 -0.48464 44.5765 0.357145 -0.65615 34.8714
38011716 0 0.01 2.3 32.9 0.435161 -0.0675135 2.40025 0.0312979 -0.00582021 34.8714
46002052 0 0.01 2.2998 32.9 -0.274035 -0.319668 28.4047 -0.236047 -0.274663 34.911
46003028 0 0.01 2.3 32.9 0.461792 -0.0393837 2.65278 0.0372478 -0.00260007 34.911
46003719 0 0.01 2.2981 32.9 0.26299 -0.439577 11.4567 0.090214 -0.149918 34.911
46003944 0 0.01 2.29996 32.9 -0.280993 -0.338109 0.973368 -0.00747591 -0.0114476 34.911
46006389 0 0.01 2.3 32.9 0.0229715 0.0638309 0.852824 0.00372742 -0.00222556 34.911
46006825 0 0.01 2.3 32.9 0.197638 0.0808474 1.48973 0.0107733 0.00633349 34.911
46007964 0 0.01 2.3 32.9 -0.146548 -0.129648 3.94791 -0.0160729 -0.0173614 34.911
46008772 0 0.01 2.30002 32.9 -0.410879 -0.101267 40.1747 -0.499543 -0.12202 34.911
46010076 0 0.01 2.3 32.9 -0.0136997 -0.0586237 1.74612 -0.00280213 -0.00325386 34.911
2002124 0 0.01 2.3 32.9 -0.129047 -0.0663955 1.88081 -0.00624995 -0.00218876 34.8825
2005201 0 0.01 2.3 32.9 -0.297276 0.0220631 6.60921 -0.0631928 0.00493005 34.8825
2008698 0 0.01 2.3 32.9 0.371816 -0.156386 7.12182 0.0795016 -0.0335902 34.8825
2009027 0 0.01 2.3 32.9 0.188685 -0.18802 6.92853 0.0408481 -0.0369296 34.8825
2013354 0 0.01 2.30001 32.9 -0.327618 0.376543 45.3918 -0.452686 0.519699 34.8825
35000976 0 0.01 2.3 32.9 -0.345286 -0.164813 4.63311 -0.0496542 -0.0212008 34.8735
35001732 0 0.01 2.3 32.9 -0.353706 -0.251308 1.56447 -0.0172464 -0.0111428 34.8735
35005117 0 0.01 2.3 32.9 0.424612 -0.493585 0.621506 0.0164588 -0.0155195 34.8735
35006377 0 0.01 2.3 32.9 0.273778 -0.0356003 0.907929 0.00699167 0.00355905 34.8735
35008869 0 0.01 2.3 32.9 0.454287 0.390241 1.95462 0.0273252 0.0238061 34.8735
35009453 0 0.01 2.30001 32.9 -0.311786 -0.436236 44.1439 -0.416882 -0.585188 34.8735
35009808 0 0.01 2.3 32.9 0.312676 -0.159698 7.30149 0.0694711 -0.0336551 34.8735
35010339 0 0.01 2.3 32.9 -0.370655 0.328477 2.34559 -0.0247708 0.0240872 34.8735
35010862 0 0.01 2.3 32.9 -0.0384036 -0.41898 6.92009 -0.00845803 -0.0859076 34.8735
35012347 0 0.01 2.3 32.9 -0.392898 -0.356552 3.9623 -0.0466614 -0.0385573 34.8735
35012545 0 0.01 2.30001 32.9 -0.115955 0.104926 4.79864 -0.014813 0.0165945 34.8735
35013096 0 0.01 2.30001 32.9 -0.150989 -0.0956205 8.42631 -0.0392627 -0.0220175 34.8735
87000307 0 0.01 2.3 32.9 0.218438 0.200232 5.08147 0.0341282 0.0330413 34.8765
87001447 0 0.01 2.29993 32.9 0.327743 -0.106908 44.5974 0.443393 -0.143812 34.8765
87002026 0 0.01 2.30005 32.9 0.207031 0.402611 45.5694 0.287394 0.557639 34.8765
87003199 0 0.01 2.3 32.9 0.0952766 -0.179567 2.36262 0.00624993 -0.00948782 34.8765
87003209 0 0.01 2.3 32.9 0.0378285 0.470117 1.8557 0.00141809 0.0295937 34.8765
87005362 0 0.01 2.30006 32.9 0.465591 -0.27423 56.935 0.805885 -0.475821 34.8765
87005517 0 0.01 2.3 32.9 -0.0368749 0.267948 1.42969 -0.00477437 0.0122177 34.8765
87007675 0 0.01 2.3 32.9 0.249395 -0.452308 6.5954 0.0478094 -0.089537 34.8765
87007705 0 0.01 2.3 32.9 -0.465337 -0.468143 8.36057 -0.119223 -0.119803 34.8765
87008273 0 0.01 2.3 32.9 0.0687946 -0.165657 4.04456 0.00913093 -0.0209805 34.8765
87009651 0 0.01 2.3 32.9 0.361641 0.0764238 3.22249 0.0363214 0.00765859 34.8765
87009764 0 0.01 2.3 32.9 0.326731 -0.252262 1.51439 0.0165626 -0.00908068 34.8765
87011278 0 0.01 2.3 32.9 -0.0329086 -0.0368342 2.4215 -0.00092001 -6.2382e-05 34.8765
87013363 0 0.01 2.3 32.9 -0.21165 0.0021435 1.10852 -0.00716214 0.000680356 34.8765
94002304 0 0.01 2.3 32.9 -0.268808 0.457306 4.86146 -0.0396901 0.0691753 34.8697
94002908 0 0.01 2.3 32.9 -0.167585 0.109114 5.08303 -0.0257884 0.0161258 34.8697
94003567 0 0.01 2.3 32.9 -0.23563 0.198342 3.5954 -0.0269685 0.0221177 34.8697
94003584 0 0.01 2.3 32.9 -0.239756 0.367979 12.1942 -0.088349 0.136027 34.8697
94009084 0 0.01 2.3 32.9 0.24672 -0.359694 1.45533 0.00976146 -0.0214819 34.8697
94011983 0 0.01 2.30043 32.9 0.217634 -0.375619 8.38619 0.0543487 -0.094935 34.8697
94013585 0 0.01 2.3 32.9 -0.4585 0.137151 1.38956 -0.0244918 0.00507812 34.8697
42000838 0 0.01 2.3 32.9 0.0850483 0.231041 2.22694 0.00738577 0.0166611 34.8688
42001831 0 0.01 2.3 32.9 -0.488586 -0.102961 3.41592 -0.0501895 -0.0107668 34.8688
42002310 0 0.01 2.30043 32.9 -0.236739 0.360237 29.4973 -0.213668 0.325545 34.8688
42003551 0 0.01 2.30001 32.9 0.0239755 0.141375 32.9285 0.0235685 0.141684 34.8688
42006775 0 0.01 2.3 32.9 0.49434 -0.496629 0.599892 0.0117663 -0.0129857 34.8688
42007988 0 0.01 2.3 32.9 0.201411 -0.0881908 4.88968 0.0281122 -0.0135836 34.8688
42008276 0 0.01 2.3 32.9 -0.431017 -0.270364 3.24822 -0.0415078 -0.0262408 34.8688
42009702 0 0.01 2.3 32.9 0.0952599 0.110681 4.6692 0.0132354 0.0158712 34.8688
42010464 0 0.01 2.3 32.9 -0.368523 0.108294 2.92632 -0.0339995 0.0091937 34.8688
42012376 0 0.01 2.3 32.9 0.0301741 -0.154495 3.67443 0.00188572 -0.0177136 34.8688
30000110 0 0.01 2.3 32.9 0.298652 -0.0593228 2.06534 0.0219256 -0.00414135 34.7969
30002396 0 0.01 2.3 32.9 -0.213477 0.170323 14.1143 -0.0934582 0.0727299 34.7969
30006500 0 0.01 2.3 32.9 -0.40656 0.310956 13.1924 -0.161152 0.124241 34.7969
30007193 0 0.01 2.30001 32.9 -0.385408 -0.471881 35.4195 -0.413309 -0.506291 34.7969
30007509 0 0.01 2.3 32.9 -0.480431 -0.258049 2.54959 -0.0325951 -0.0174732 34.7969
30007898 0 0.01 2.29998 32.9 -0.327952 0.167604 2.88734 -0.031447 0.0162279 34.7969
30009325 0 0.01 2.3 32.9 0.0522814 -0.119789 4.55119 0.00975641 -0.0165017 34.7969
30010385 0 0.01 2.30022 32.9 0.377877 0.24613 26.6088 0.306148 0.198854 34.7969
30011546 0 0.01 2.30001 32.9 -0.457204 0.406986 2.3372 -0.0320671 0.031418 34.7969
30012171 0 0.01 2.3 32.9 -0.044154 0.00443854 4.36139 -0.00667404 -0.00127782 34.7969
30012239 0 0.01 2.3 32.9 -0.29154 -0.0597088 2.12429 -0.0179646 -0.00465911 34.7969
34000945 0 0.01 2.3 32.9 0.462243 -0.0904769 5.49551 0.0751534 -0.0160193 34.8897
34006396 0 0.01 2.3 32.9 -0.0448313 -0.103082 2.01785 -0.00119288 -0.00411834 34.8897
34007038 0 0.01 2.3 32.9 -0.109335 -0.0954523 25.3582 -0.0845171 -0.0728398 34.8897
34007979 0 0.01 2.3 32.9 0.226561 0.115106 2.98204 0.0203723 0.0112695 34.8897
34009182 0 0.01 2.30022 32.9 0.422268 -0.414208 43.6971 0.560356 -0.551169 34.8897
34010281 0 0.01 2.3 32.9 0.109414 0.249735 2.64305 0.00942344 0.0189181 34.8897
34010501 0 0.01 2.3 32.9 0.158256 -0.314066 4.92452 0.0246302 -0.0480849 34.8897
34012923 0 0.01 2.3 32.9 -0.287877 0.339965 3.77816 -0.0345333 0.0381462 34.8897
34013871 0 0.01 2.3 32.9 0.185801 0.188883 0.928997 0.00786216 0.00427971 34.8897
56000692 0 0.01 2.3 32.9 -0.094507 -0.00133811 1.34954 -0.00016241 0.00565899 34.8988
56001769 0 0.01 2.3 32.9 -0.339262 0.100821 5.31271 -0.0533101 0.0179039 34.8988
56009507 0 0.01 2.3 32.9 -0.0659329 -0.492077 3.5679 -0.00714595 -0.0548672 34.8988
56010815 0 0.01 2.3 32.9 -0.379899 -0.378443 4.29757 -0.0494363 -0.0507764 34.8988
56011996 0 0.01 2.3 32.9 -0.000487399 0.30902 1.63082 0.00181677 0.0159888 34.8988
1004227 0 0.01 2.3 32.9 0.0416327 -0.426266 1.95351 0.00113313 -0.0233815 34.8958
1005631 0 0.01 2.3 32.9 -0.30629 0.300748 1.14509 -0.00886747 0.0166597 34.8958
1007586 0 0.01 2.3 32.9 0.172383 -0.257779 2.80465 0.0160187 -0.0205711 34.8958
1008275 0 0.01 2.3 32.9 -0.195295 -0.161341 1.09798 3.01009e-05 -0.00380147 34.8958
1008995 0 0.01 2.3 32.9 -0.164074 -0.13781 1.31474 -0.0028709 -0.00778717 34.8958
1009158 0 0.01 2.3 32.9 0.488063 -0.299552 2.00257 0.0298658 -0.0140016 34.8958
1011764 0 0.01 2.3 32.9 -0.427115 0.445702 2.15069 -0.0264576 0.0299073 34.8958
31002677 0 0.01 2.3 32.9 0.409686 -0.158206 0.858986 0.00906942 -0.00347502 34.9026
31004906 0 0.01 2.3 32.9 -0.254735 -0.416815 1.74411 -0.0129517 -0.0207582 34.9026
31005058 0 0.01 2.3 32.9 -0.219129 -0.00106186 2.44931 -0.0180132 0.00126743 34.9026
31006275 0 0.01 2.30001 32.9 -0.243927 -0.0630009 10.956 -0.0834615 -0.0232398 34.9026
31007615 0 0.01 2.3 32.9 0.154525 0.491912 2.72079 0.00995914 0.0393546 34.9026
31009077 0 0.01 2.3 32.9 0.372392 -0.278258 1.22521 0.0115393 -0.00654049 34.9026
31010163 0 0.01 2.3 32.9 -0.120195 0.367156 4.72082 -0.0170957 0.0533668 34.9026
31010528 0 0.01 2.30001 32.9 0.258802 0.380009 37.7245 0.298839 0.437799 34.9026
31012516 0 0.01 2.3 32.9 -0.247683 -0.212755 4.03304 -0.0295976 -0.0273208 34.9026
31012631 0 0.01 2.3 32.9 0.0937833 -0.0306989 2.37812 0.00524169 -0.000991852 34.9026
31013547 0 0.01 2.3 32.9 0.372474 -0.204961 1.38874 0.0139414 -0.00626646 34.9026
31013801 0 0.01 2.3 32.9 0.111719 -0.0311675 4.99907 0.0186487 -0.00602546 34.9026
25001024 0 0.01 2.3 32.9 -0.115557 -0.325897 1.23511 -0.00575554 -0.0145482 34.8922
25001996 0 0.01 2.3 32.9 -0.260549 -0.471413 2.79278 -0.0234725 -0.038476 34.8922
25003720 0 0.01 2.3 32.9 -0.328406 0.256967 5.81563 -0.059452 0.0454924 34.8922
25003739 0 0.01 2.2998 32.9 0.370082 0.388302 20.2444 0.226957 0.239887 34.8922
25006252 0 0.01 2.29937 32.9 -0.395789 -0.258359 27.4235 -0.330325 -0.214622 34.8922
25008234 0 0.01 2.3 32.9 0.328845 -0.494175 0.236106 -0.0158134 0.00261129 34.8922
25009692 0 0.01 2.3 32.9 0.492626 0.0888524 10.7481 0.164211 0.030321 34.8922
25012062 0 0.01 2.3 32.9 -0.0245352 -0.308889 3.60453 -0.0018723 -0.0330867 34.8922
25013378 0 0.01 2.3 32.9 -0.250861 -0.422045 2.65209 -0.0212329 -0.0341155 34.8922
23003118 0 0.01 2.3 32.9 0.100229 0.171492 5.17159 0.0154976 0.0268588 34.8822
23004019 0 0.01 2.3 32.9 0.107712 -0.495657 0.616415 0.00603762 -0.0144063 34.8822
23004788 0 0.01 2.30043 32.9 0.287328 -0.46454 25.6164 0.224067 -0.360454 34.8822
23009980 0 0.01 2.3 32.9 -0.427679 0.0289494 2.91927 -0.0374499 0.00379894 34.8822
26002084 0 0.01 2.3 32.9 0.142299 0.367286 16.4819 0.0700854 0.187848 34.9041
26003441 0 0.01 2.3 32.9 -0.0417347 0.401497 2.405 -0.00256661 0.0307468 34.9041
26003535 0 0.01 2.29469 32.9 0.46648 0.252301 8.55365 0.12223 0.0655003 34.9041
26007543 0 0.01 2.3 32.9 0.405944 0.377184 3.08731 0.0363209 0.0359084 34.9041
26013566 0 0.01 2.3 32.9 0.0210332 -0.00735095 1.80578 0.000349421 -0.000414496 34.9041
122 0 0.01 2.3 32.9 -0.419042 0.255564 4.03924 -0.0533466 0.0301638 34.9069
917 0 0.01 2.3 32.9 -0.157404 0.306931 3.58983 -0.0162382 0.0321881 34.9069
2848 0 0.01 2.3 32.9 0.048963 -0.0305185 1.14502 0.0016908 -0.00450099 34.9069
4288 0 0.01 2.3 32.9 -0.127265 0.256885 1.35809 -0.00422198 0.00895076 34.9069
4347 0 0.01 2.3 32.9 0.494806 0.104043 3.75523 0.0593459 0.0105983 34.9069
5420 0 0.01 2.3 32.9 0.129869 0.251821 1.55817 0.00718475 0.0077387 34.9069
10224 0 0.01 2.3 32.9 -0.30174 -0.14197 10.4917 -0.0997031 -0.0435874 34.9069
10260 0 0.01 2.3 32.9 -0.0103324 0.244455 1.61726 0.00200193 0.0101763 34.9069
12597 0 0.01 2.3 32.9 0.237704 0.309387 4.38145 0.0348783 0.0420685 34.9069
83000097 0 0.01 2.30001 32.9 -0.36346 0.0418185 20.8698 -0.232339 0.0252587 34.8648
83000944 0 0.01 2.2998 32.9 0.0437473 -0.248625 35.1302 0.0470895 -0.265607 34.8648
83001117 0 0.01 2.3 32.9 -0.379845 0.0496577 1.58126 -0.0210183 0.00736189 34.8648
83001486 0 0.01 2.3 32.9 -0.24221 0.133073 4.04053 -0.0284611 0.0166543 34.8648
83005265 0 0.01 2.3 32.9 0.193857 -0.41278 1.11302 0.00322384 -0.0076513 34.8648
83008548 0 0.01 2.3 32.9 -0.123548 -0.356185 0.976663 -0.0035303 -0.00616666 34.8648
22004127 0 0.01 2.3 32.9 -0.176969 -0.170063 5.94252 -0.0324395 -0.0272937 34.899
22004214 0 0.01 2.3 32.9 -0.0277858 -0.0694092 2.43006 -0.00356767 -0.00298441 34.899
22005498 0 0.01 2.29937 32.9 -0.209214 0.265082 21.4861 -0.136875 0.172508 34.899
22010586 0 0.01 2.3 32.9 0.11455 -0.110858 3.17796 0.012678 -0.0106728 34.899
22012861 0 0.01 2.3 32.9 -0.186912 -0.116625 7.24607 -0.0435714 -0.0255854 34.899
22013946 0 0.01 2.3 32.9 -0.198896 -0.0303035 2.29407 -0.0137859 -0.00129592 34.899
20000078 0 0.01 2.3 32.9 -0.447077 0.0288648 2.63575 -0.0337268 -0.000466414 34.8794
20002823 0 0.01 2.3 32.9 -0.377122 0.430365 6.53713 -0.0760448 0.0852604 34.8794
20003314 0 0.01 2.3 32.9 0.0690396 0.401044 4.54046 0.00806436 0.0575568 34.8794
20003637 0 0.01 2.3 32.9 -0.493639 0.145452 2.83881 -0.0438667 0.0142243 34.8794
20003816 0 0.01 2.3 32.9 -0.490168 -0.393 3.22638 -0.0493846 -0.035926 34.8794
20004362 0 0.01 2.29998 32.9 0.266661 0.459551 43.4899 0.350898 0.606999 34.8794
20004619 0 0.01 2.3 32.9 -0.486526 0.0675944 13.5009 -0.199478 0.0271862 34.8794
20006821 0 0.01 2.3 32.9 -0.0816503 0.0106853 1.25426 -0.00358654 0.00130893 34.8794
20009464 0 0.01 2.3 32.9 -0.310604 0.248246 5.09607 -0.0508614 0.0371263 34.8794
20009692 0 0.01 2.3 32.9 -0.489029 0.0374174 1.49398 -0.0233612 0.00475985 34.8794
20010033 0 0.01 2.30002 32.9 -0.0888506 0.0231477 45.9858 -0.123069 0.0360236 34.8794
20010673 0 0.01 2.3 32.9 0.110933 -0.274261 14.2878 0.0479063 -0.118282 34.8794
20012070 0 0.01 2.3 32.9 -0.0269992 -0.261912 2.35886 -0.0021567 -0.0182292 34.8794
66000202 0 0.01 2.3 32.9 0.231104 -0.370079 47.4888 0.334739 -0.534856 34.8681
66006530 0 0.01 2.3 32.9 -0.0127782 0.484521 3.30298 -0.00313734 0.0490245 34.8681
30382 0 0.01 2.3 32.9 0.354503 -0.0598239 2.94965 0.0332297 -0.00389993 34.8271
32488 0 0.01 2.3 32.9 0.498281 0.0318536 2.5307 0.0376533 0.000667616 34.8271
31586 0 0.01 2.3 32.9 0.0465246 -0.332424 3.36521 0.00400534 -0.0341704 34.838
32654 0 0.01 2.29999 32.9 0.227283 0.0184915 10.8827 0.0759207 0.00784462 34.838
28000235 0 0.01 2.3 32.9 0.39497 0.0446553 3.31069 0.0387224 0.00434052 34.8767
28000506 0 0.01 2.3 32.9 0.156441 -0.168486 1.59275 0.00940789 -0.00950451 34.8767
28001630 0 0.01 2.30022 32.9 0.368296 -0.185692 31.4667 0.349766 -0.176178 34.8767
28001934 0 0.01 2.3 32.9 -0.260655 0.216329 1.85126 -0.0120335 0.0137292 34.8767
28009318 0 0.01 2.3 32.9 -0.295132 0.335812 3.9237 -0.0371965 0.0408456 34.8767
28009551 0 0.01 2.3 32.9 -0.00234485 0.00751809 4.42306 7.88915e-05 0.00223658 34.8767
28010097 0 0.01 2.3 32.9 0.33833 -0.094741 4.04569 0.0408062 -0.0113791 34.8767
28011478 0 0.01 2.3 32.9 0.432546 0.223764 1.58367 0.0224941 0.0126422 34.8767
28011925 0 0.01 2.3 32.9 0.427074 -0.242261 2.79057 0.0364182 -0.0240378 34.8767
28013155 0 0.01 2.3 32.9 -0.18969 0.117638 3.62935 -0.0215577 0.0135731 34.8767
41005988 0 0.01 2.3 32.9 0.355032 -0.142174 1.21381 0.01526 -0.00266376 34.8824
41007519 0 0.01 2.3 32.9 0.323243 -0.286893 0.920487 0.01461 -0.00862688 34.8824
41008024 0 0.01 2.3 32.9 -0.306078 -0.33083 5.85443 -0.0546165 -0.0561506 34.8824
41009844 0 0.01 2.3 32.9 -0.0549765 0.451117 1.92528 -0.00230449 0.0256104 34.8824
41011706 0 0.01 2.3 32.9 -0.0385711 0.315411 2.09396 3.0527e-05 0.0178108 34.8824
41012198 0 0.01 2.3 32.9 0.0129109 -0.323456 88.6429 0.0353462 -0.868968 34.8824
48000262 0 0.01 2.3 32.9 0.392915 -0.384092 2.55569 0.029171 -0.0306392 34.8942
48000566 0 0.01 2.3 32.9 0.0988049 0.318779 1.81334 0.00492743 0.0178703 34.8942
48000852 0 0.01 2.3 32.9 -0.118583 0.149483 4.68233 -0.0156443 0.0251952 34.8942
48002071 0 0.01 2.3 32.9 -0.0785216 -0.461632 1.60976 -0.000661148 -0.0225803 34.8942
48002178 0 0.01 2.3 32.9 0.410976 0.342449 1.1123 0.0115175 0.0147051 34.8942
48005613 0 0.01 2.3 32.9 -0.450181 0.334058 1.86026 -0.0233827 0.0207432 34.8942
48007165 0 0.01 2.3 32.9 0.410326 0.415005 2.88901 0.033892 0.0346214 34.8942
48008112 0 0.01 2.3 32.9 -0.434041 -0.0326409 5.36466 -0.0691684 -0.00447204 34.8942
48009889 0 0.01 2.3 32.9 -0.337139 -0.488494 2.10939 -0.0267256 -0.032967 34.8942
11001806 0 0.01 2.3 32.9 0.418823 0.407796 7.72076 0.0999289 0.0979271 34.9012
11002294 0 0.01 2.3 32.9 -0.133422 -0.117339 8.06467 -0.0339126 -0.0289296 34.9012
11003264 0 0.01 2.3 32.9 -0.495242 -0.24397 0.99015 -0.0214926 -0.00655652 34.9012
11003530 0 0.01 2.30002 32.9 -0.209441 -0.265849 2.49264 -0.018894 -0.0204901 34.9012
11008475 0 0.01 2.3 32.9 -0.433551 0.471648 9.08736 -0.121101 0.131357 34.9012
11009226 0 0.01 2.30011 32.9 0.1473 -0.396494 32.3572 0.147006 -0.389826 34.9012
11009429 0 0.01 2.3 32.9 0.0684792 -0.213886 1.87291 0.003863 -0.0144729 34.9012
11009724 0 0.01 2.3 32.9 -0.200014 -0.377888 3.74598 -0.0219931 -0.0422884 34.9012
85001242 0 0.01 2.3 32.9 -0.201156 -0.351059 4.36119 -0.0268214 -0.0444945 34.8862
85002343 0 0.01 2.3 32.9 -0.240814 -0.32353 5.52182 -0.0382277 -0.0524084 34.8862
85007354 0 0.01 2.3 32.9 0.0310773 0.258457 0.334817 0.00117177 0.00441108 34.8862
85009187 0 0.01 2.30022 32.9 -0.385533 -0.293691 37.7533 -0.442756 -0.337454 34.8862
85009482 0 0.01 2.3 32.9 -0.333848 -0.111358 5.57568 -0.0540851 -0.0162289 34.8862
85011125 0 0.01 2.3 32.9 0.0731376 -0.30966 1.94121 0.0020171 -0.0179181 34.8862
85012624 0 0.01 2.3 32.9 -0.110088 0.294429 3.3456 -0.011592 0.030865 34.8862
13002828 0 0.01 2.3 32.9 0.177372 0.0991515 5.9033 0.0323153 0.0180024 34.8744
13003509 0 0.01 2.3 32.9 -0.342676 -0.0155583 1.93585 -0.0206094 0.00300387 34.8744
13003816 0 0.01 2.3 32.9 0.0487419 0.155173 12.9276 0.0174215 0.0616299 34.8744
13004722 0 0.01 2.3 32.9 -0.495864 -0.140705 2.31332 -0.0369113 -0.00878591 34.8744
13004960 0 0.01 2.3 32.9 0.0366174 -0.277824 1.19689 -0.00290959 -0.00984719 34.8744
13005187 0 0.01 2.3 32.9 -0.156172 0.113129 4.06324 -0.0193819 0.0127186 34.8744
13006170 0 0.01 2.3 32.9 0.478745 -0.477159 3.58695 0.0503836 -0.0518867 34.8744
13007960 0 0.01 2.3 32.9 -0.237229 0.0863 1.21607 -0.00521857 0.00712104 34.8744
13010680 0 0.01 2.3 32.9 0.323858 0.220994 4.15628 0.0388829 0.029718 34.8744
12001804 0 0.01 2.3 32.9 -0.0757494 -0.247542 8.6878 -0.0201738 -0.0644497 34.8844
12002324 0 0.01 2.3 32.9 0.241584 -0.247558 4.36406 0.0336309 -0.0351701 34.8844
12011984 0 0.01 2.3 32.9 -0.408096 -0.238763 1.91673 -0.0211238 -0.0115504 34.8844
12012390 0 0.01 2.2981 32.9 -0.246426 -0.276523 7.79379 -0.0579227 -0.0645522 34.8844
12013069 0 0.01 2.3 32.9 -0.29979 0.0355629 3.47749 -0.0302636 0.00609181 34.8844
12014072 0 0.01 2.3 32.9 -0.278274 0.098344 3.92709 -0.0336577 0.0125095 34.8844
10001981 0 0.01 2.3 32.9 0.401953 -0.193354 2.23102 0.0279223 -0.013757 34.8759
10002151 0 0.01 2.3 32.9 0.204515 -0.467445 4.05312 0.0238307 -0.0560921 34.8759
10002785 0 0.01 2.3 32.9 -0.199339 0.0607392 1.14267 -0.00284694 -0.000286351 34.8759
10004121 0 0.01 2.29998 32.9 -0.344761 -0.264871 42.9376 -0.449338 -0.346088 34.8759
10009400 0 0.01 2.3 32.9 0.117484 -0.308207 6.30087 0.0232018 -0.0557492 34.8759
10009674 0 0.01 2.3 32.9 -0.395025 0.318433 3.49956 -0.0428412 0.0359298 34.8759
10012060 0 0.01 2.29998 32.9 0.159956 0.144118 44.5806 0.217173 0.195548 34.8759
10012663 0 0.01 2.3 32.9 -0.110906 -0.33487 6.29147 -0.0200522 -0.062889 34.8759
99004666 0 0.01 2.3 32.9 0.0739344 -0.0923453 1.45072 0.00396617 -0.0078084 34.9025
99008811 0 0.01 2.3 32.9 0.11992 0.0941821 5.27759 0.0197535 0.0148626 34.9025
99012151 0 0.01 2.3 32.9 -0.224312 0.128867 2.92761 -0.0231132 0.0121254 34.9025
99013534 0 0.01 2.3 32.9 0.312481 0.166103 2.99667 0.0298262 0.016295 34.9025
9000659 0 0.01 2.2998 32.9 0.087054 -0.252714 21.6487 0.0589832 -0.164946 34.8697
9001731 0 0.01 2.3 32.9 -0.350256 -0.214627 2.43833 -0.0272999 -0.0123541 34.8697
9002021 0 0.01 2.3 32.9 0.422842 -0.419113 0.702363 0.00852633 -0.00357109 34.8697
9002083 0 0.01 2.3 32.9 -0.184133 0.174936 1.78707 -0.00881544 0.00888186 34.8697
9007254 0 0.01 2.3 32.9 0.22521 0.00798507 3.67339 0.025812 -0.00135296 34.8697
9007411 0 0.01 2.3 32.9 0.453194 -0.24395 3.45601 0.0462557 -0.0256944 34.8697
9010810 0 0.01 2.3 32.9 0.0877803 0.103125 2.43802 0.00395926 0.00872689 34.8697
9011425 0 0.01 2.3 32.9 -0.307293 -0.0710542 1.87494 -0.0190084 -0.00258635 34.8697
90002132 0 0.01 2.3 32.9 -0.374001 -0.495687 7.11184 -0.0798673 -0.106358 34.8965
90002891 0 0.01 2.3 32.9 0.250709 0.414269 0.950072 0.0106485 0.00993035 34.8965
90004043 0 0.01 2.3 32.9 0.0982052 -0.315557 2.40454 0.00895643 -0.0227966 34.8965
90007307 0 0.01 2.29997 32.9 -0.256402 0.473714 45.261 -0.350938 0.648597 34.8965
90007534 0 0.01 2.3 32.9 0.141671 0.398002 3.84724 0.0185828 0.0488986 34.8965
90009462 0 0.01 2.3 32.9 -0.0215314 0.019092 2.14673 0.0010135 0.0060365 34.8965
90011068 0 0.01 2.30011 32.9 -0.473395 -0.0219313 38.5679 -0.554457 -0.0261291 34.8965
90013391 0 0.01 2.3 32.9 -0.125447 -0.317457 3.96657 -0.0139759 -0.0394384 34.8965
84001514 0 0.01 2.3 32.9 -0.425948 0.248164 3.93206 -0.0517344 0.0316881 34.9027
84003344 0 0.01 2.3 32.9 -0.0920067 0.376778 2.25379 -0.00674415 0.0257384 34.9027
84004121 0 0.01 2.3 32.9 -0.250389 0.37529 2.04801 -0.0138668 0.0234917 34.9027
84006274 0 0.01 2.3 32.9 -0.101779 0.485128 3.1699 -0.00881307 0.0468251 34.9027
84006357 0 0.01 2.3 32.9 0.295933 0.247532 5.39593 0.0500399 0.0414546 34.9027
84007732 0 0.01 2.3 32.9 -0.272224 0.405471 5.22527 -0.0428338 0.0640902 34.9027
84008688 0 0.01 2.3 32.9 -0.479725 0.0805789 2.77603 -0.0399952 0.00671958 34.9027
27000531 0 0.01 2.3 32.9 -0.291208 -0.112581 1.91176 -0.0171459 -0.00575109 34.8829
27002914 0 0.01 2.3 32.9 -0.139046 -0.0761177 4.78477 -0.0204837 -0.0106263 34.8829
27003053 0 0.01 2.3 32.9 -0.169827 0.499944 2.82633 -0.0152042 0.0427178 34.8829
27004083 0 0.01 2.3 32.9 0.04357 -0.00641416 1.73182 0.00218502 0.00273144 34.8829
27007800 0 0.01 2.30001 32.9 0.0704334 -0.245264 6.65677 0.0141002 -0.0497204 34.8829
27007801 0 0.01 2.3 32.9 0.0352327 0.332086 6.28774 0.00465652 0.0639192 34.8829
44001151 0 0.01 2.3 32.9 -0.324924 -0.434337 2.82061 -0.0262959 -0.0365197 34.8891
44001840 0 0.01 2.30001 32.9 0.431835 -0.101461 2.83703 0.035206 -0.00676984 34.8891
44005152 0 0.01 2.3 32.9 -0.44343 0.0453825 3.24039 -0.0430216 0.00453991 34.8891
44006389 0 0.01 2.3 32.9 0.103919 -0.124303 3.09465 0.00977328 -0.0111407 34.8891
44008183 0 0.01 2.3 32.9 0.460337 -0.382652 2.78469 0.0364289 -0.031669 34.8891
44008478 0 0.01 2.3 32.9 -0.0757469 -0.36612 1.75912 -0.0028545 -0.0195339 34.8891
44008747 0 0.01 2.3 32.9 -0.192939 0.147761 2.11178 -0.0109159 0.0101271 34.8891
44008751 0 0.01 2.3 32.9 0.0206004 0.35932 10.2007 0.00698008 0.112806 34.8891
44008836 0 0.01 2.3 32.9 0.248527 -0.242581 3.04164 0.0213204 -0.0204099 34.8891
44009912 0 0.01 2.3 32.9 -0.107938 0.24019 2.03164 -0.00438351 0.0129257 34.8891
44010246 0 0.01 2.3 32.9 0.437497 0.28184 2.07031 0.0287144 0.0208681 34.8891
44011345 0 0.01 2.3 32.9 -0.0286693 0.232904 7.18804 -0.00834696 0.051257 34.8891
44011921 0 0.01 2.30004 32.9 0.143201 0.133529 46.5324 0.201792 0.18781 34.8891
44014030 0 0.01 2.3 32.9 0.413946 0.0283599 1.41382 0.0176985 0.0017783 34.8891
54004192 0 0.01 2.3 32.9 0.183608 -0.129362 1.7636 0.00968417 -0.00581755 34.8851
54007421 0 0.01 2.3 32.9 -0.131235 -0.307151 3.91882 -0.0160088 -0.0335623 34.8851
54007771 0 0.01 2.30022 32.9 0.192882 -0.152424 25.1014 0.145853 -0.118161 34.8851
54008868 0 0.01 2.3 32.9 -0.193533 0.22682 1.41561 -0.0129586 0.00948328 34.8851
54009596 0 0.01 2.3 32.9 -0.0775032 0.328398 0.462562 -0.00125397 -0.00177743 34.8851
54009781 0 0.01 2.29996 32.9 0.00425901 0.478667 5.44357 -0.00248519 0.0806498 34.8851
93000665 0 0.01 2.3 32.9 -0.197278 -0.0612601 3.64233 -0.0232035 -0.00805978 34.8667
93000790 0 0.01 2.3 32.9 -0.19475 0.404529 12.6422 -0.0741662 0.154934 34.8667
93003328 0 0.01 2.30003 32.9 -0.215062 0.03769 12.9632 -0.0845871 0.0130011 34.8667
93008774 0 0.01 2.3 32.9 0.224645 0.227811 2.11713 0.013016 0.017427 34.8667
92000764 0 0.01 2.3 32.9 -0.115045 -0.463634 3.8569 -0.0141127 -0.0537738 34.8776
92001972 0 0.01 2.3 32.9 0.335303 0.185128 2.95452 0.0317869 0.0150455 34.8776
92002437 0 0.01 2.3 32.9 -0.466467 0.304359 0.962754 -0.0105729 0.0122534 34.8776
92003429 0 0.01 2.3 32.9 0.398484 -0.146558 2.34886 0.0309418 -0.00965593 34.8776
92009526 0 0.01 2.3 32.9 -0.323091 -0.49112 2.22982 -0.0229737 -0.0326085 34.8776
92013319 0 0.01 2.3 32.9 -0.194053 0.120892 2.4859 -0.0156092 0.0073267 34.8776
91001682 0 0.01 2.3 32.9 -0.245898 0.300077 2.99576 -0.0201546 0.0299099 34.8741
91002772 0 0.01 2.30022 32.9 0.417815 -0.167535 23.312 0.296352 -0.11866 34.8741
91003126 0 0.01 2.3 32.9 0.34792 -0.463934 9.40097 0.0992188 -0.129385 34.8741
91006084 0 0.01 2.2998 32.9 0.188196 -0.494298 46.5163 0.265315 -0.699036 34.8741
91008597 0 0.01 2.3 32.9 0.41056 0.425641 4.54437 0.057903 0.0565833 34.8741
91012082 0 0.01 2.3 32.9 -0.184052 0.288166 1.71792 -0.00767162 0.0183166 34.8741
91012568 0 0.01 2.3 32.9 -0.398071 -0.306541 4.01302 -0.0482067 -0.0367688 34.8741
91012955 0 0.01 2.30005 32.9 0.335708 0.248522 51.5063 0.526025 0.391566 34.8741
89003079 0 0.01 2.3 32.9 -0.455983 0.157142 2.45729 -0.0370148 0.010887 34.8743
89003878 0 0.01 2.3 32.9 0.29012 -0.421599 1.89528 0.0155057 -0.0222514 34.8743
89006019 0 0.01 2.3 32.9 -0.210801 0.0412293 3.21378 -0.0217263 0.00492041 34.8743
89007167 0 0.01 2.30001 32.9 -0.0760168 0.150881 44.6909 -0.101356 0.205684 34.8743
89009857 0 0.01 2.3 32.9 -0.417049 0.360189 1.21291 -0.021962 0.0160886 34.8743
89010632 0 0.01 2.3 32.9 -0.09292 0.242522 6.97461 -0.0188506 0.0518051 34.8743
89012244 0 0.01 2.3 32.9 0.411792 0.170388 2.34662 0.026806 0.0118242 34.8743
89012798 0 0.01 2.3 32.9 -0.378808 -0.179539 14.2218 -0.162746 -0.0752491 34.8743
89013596 0 0.01 2.3 32.9 0.0197795 -0.100466 3.72399 0.00124386 -0.00969871 34.8743
64004198 0 0.01 2.29999 32.9 -0.26205 0.34048 61.9642 -0.492927 0.640568 34.8695
64004905 0 0.01 2.3 32.9 0.319453 -0.259626 9.10424 0.0890587 -0.0712996 34.8695
64009808 0 0.01 2.3 32.9 -0.468916 0.0918073 8.78313 -0.124233 0.025256 34.8695
64010352 0 0.01 2.2998 32.9 0.143374 0.455986 29.8257 0.130459 0.411133 34.8695
64010546 0 0.01 2.3 32.9 0.40085 0.0768177 1.31733 0.0158089 0.00528675 34.8695
64010831 0 0.01 2.3 32.9 0.280905 -0.0869248 3.65096 0.0342776 -0.00645075 34.8695
7005579 0 0.01 2.29895 32.9 -0.236922 0.122745 24.1724 -0.175858 0.0911686 34.8749
7008952 0 0.01 2.3 32.9 0.0191068 0.265075 3.32183 0.00294918 0.0265671 34.8749
7009958 0 0.01 2.30011 32.9 0.194296 -0.252749 31.4001 0.187173 -0.240802 34.8749
7011717 0 0.01 2.3 32.9 0.464272 0.170939 4.37145 0.0611069 0.0216728 34.8749
7012254 0 0.01 2.3 32.9 0.437926 0.0810143 1.03389 0.0216792 0.00371116 34.8749
29000871 0 0.01 2.3 32.9 0.216674 0.44348 4.2145 0.0283425 0.0585082 34.8854
29001547 0 0.01 2.3 32.9 -0.125132 -0.0548522 1.8344 -0.00897726 -0.00322521 34.8854
29002192 0 0.01 2.3 32.9 -0.2096 0.342912 2.71627 -0.0183658 0.0294506 34.8854
29003648 0 0.01 2.3 32.9 0.134449 0.15114 1.56669 0.00452875 0.00842276 34.8854
29003680 0 0.01 2.30001 32.9 0.215561 -0.428035 1.21295 0.00944087 -0.011018 34.8854
29005122 0 0.01 2.3 32.9 -0.0299469 -0.0273083 3.14102 -0.000353646 -0.000800533 34.8854
29011387 0 0.01 2.30002 32.9 -0.444159 -0.475113 43.9625 -0.594012 -0.635465 34.8854
29011872 0 0.01 2.3 32.9 -0.259885 0.451753 1.08911 -0.00749458 0.0161522 34.8854
29013086 0 0.01 2.3 32.9 -0.284691 0.083522 3.12177 -0.0247081 0.0107135 34.8854
80006795 0 0.01 2.3 32.9 0.027784 0.311936 1.78971 0.00251065 0.0164766 34.873
80009658 0 0.01 2.3 32.9 -0.238693 -0.0258083 0.743038 -0.00504458 1.66315e-05 34.873
80010728 0 0.01 2.3 32.9 0.120253 0.44289 5.27065 0.0205458 0.070185 34.873
80011946 0 0.01 2.3 32.9 0.098977 -0.348748 2.35561 0.00988001 -0.0260276 34.873
82000829 0 0.01 2.30001 32.9 0.260502 -0.493426 43.3049 0.343976 -0.64907 34.9016
82000996 0 0.01 2.3 32.9 -0.150425 -0.179012 1.31352 -0.00771954 -0.0146132 34.9016
82002639 0 0.01 2.3 32.9 0.209201 0.397799 1.05746 0.0100352 0.0169485 34.9016
82007783 0 0.01 2.3 32.9 -0.246008 -0.0524085 4.75389 -0.0371801 -0.00669915 34.9016
82010946 0 0.01 2.29996 32.9 -0.454196 -0.317852 57.5766 -0.794592 -0.556872 34.9016
82013558 0 0.01 2.3 32.9 0.293105 0.290129 12.852 0.116052 0.114612 34.9016
81002455 0 0.01 2.30149 32.9 -0.28143 0.238021 15.8114 -0.135485 0.112736 34.8841
81004110 0 0.01 2.29997 32.9 -0.491544 -0.204109 45.8123 -0.683502 -0.285496 34.8841
81004507 0 0.01 2.3 32.9 0.0139865 -0.104617 3.32235 0.000845954 -0.0107448 34.8841
81004562 0 0.01 2.3 32.9 0.177523 0.229836 2.46587 0.0145437 0.0216238 34.8841
81004736 0 0.01 2.29998 32.9 0.167404 0.268758 45.5235 0.232311 0.372134 34.8841
81010588 0 0.01 2.3 32.9 -0.479728 0.264101 2.6346 -0.0378014 0.0190222 34.8841
81010886 0 0.01 2.3 32.9 -0.259286 -0.104254 3.0414 -0.0244581 -0.0109028 34.8841
81011407 0 0.01 2.30001 32.9 0.408318 0.26412 41.9386 0.518792 0.340768 34.8841
78002888 0 0.01 2.3 32.9 -0.31783 -0.485179 0.854882 -0.00709309 -0.0149037 34.8824
78003647 0 0.01 2.30003 32.9 -0.206063 -0.0766634 46.363 -0.288537 -0.108113 34.8824
78005444 0 0.01 2.3 32.9 0.143772 -0.0811137 1.57923 0.00617544 -0.0064877 34.8824
78010434 0 0.01 2.3 32.9 0.365357 0.431829 1.99073 0.0199166 0.0263811 34.8824
78011807 0 0.01 2.3 32.9 -0.278805 -0.268347 2.614 -0.020339 -0.0185608 34.8824
39000136 0 0.01 2.3 32.9 -0.0356245 -0.419125 9.67286 -0.011424 -0.124177 34.8941
39001485 0 0.01 2.3 32.9 0.0680877 -0.387792 21.604 0.0430741 -0.252952 34.8941
39001782 0 0.01 2.3 32.9 -0.389011 0.297759 1.6346 -0.0185521 0.0165232 34.8941
39002841 0 0.01 2.3 32.9 -0.405544 -0.145557 9.62661 -0.119446 -0.0412857 34.8941
39004451 0 0.01 2.3 32.9 -0.463644 0.384052 0.364699 -0.0088331 -0.000986438 34.8941
39004739 0 0.01 2.29996 32.9 -0.0491858 0.329833 42.7058 -0.0632949 0.430647 34.8941
39009253 0 0.01 2.3 32.9 0.167525 0.156725 0.813961 0.00278977 0.00154279 34.8941
39011890 0 0.01 2.3 32.9 -0.0779224 0.304893 1.56198 -0.00083472 0.0168238 34.8941
39013296 0 0.01 2.30022 32.9 -0.0506649 0.307857 20.206 -0.031403 0.18929 34.8941
79003952 0 0.01 2.30006 32.9 -0.461527 -0.163244 46.3244 -0.648678 -0.228348 34.8881
79004841 0 0.01 2.3 32.9 -0.113407 0.0581489 2.52583 -0.0111363 0.00560785 34.8881
79005036 0 0.01 2.3 32.9 0.281658 -0.444587 1.03651 0.00470003 -0.0103775 34.8881
79005550 0 0.01 2.3 32.9 -0.29664 0.397787 2.75785 -0.0229961 0.0358092 34.8881
79009787 0 0.01 2.30001 32.9 0.318931 -0.371598 27.2398 0.262042 -0.307682 34.8881
79011021 0 0.01 2.3 32.9 -0.400457 0.44758 2.14032 -0.0271142 0.0293165 34.8881
88000409 0 0.01 2.3 32.9 0.306427 0.151616 0.615017 0.00507802 0.00832759 34.8761
88004259 0 0.01 2.3 32.9 0.252294 0.483931 6.10656 0.0477928 0.0899189 34.8761
88004790 0 0.01 2.2998 32.9 -0.447883 0.331191 24.8509 -0.339866 0.248275 34.8761
88006219 0 0.01 2.3 32.9 -0.209063 0.260508 6.75239 -0.0439577 0.0538362 34.8761
88006293 0 0.01 2.30001 32.9 0.403436 0.430466 35.3692 0.432413 0.4639 34.8761
88007308 0 0.01 2.3 32.9 0.205736 0.476345 5.33865 0.0330252 0.0772604 34.8761
88009533 0 0.01 2.3 32.9 -0.292618 -0.317202 1.94482 -0.018081 -0.020185 34.8761
88012732 0 0.01 2.30001 32.9 0.337021 -0.0947242 0.756999 0.00532557 -0.00249068 34.8761
88012854 0 0.01 2.3 32.9 0.451101 0.126949 2.0566 0.0261654 0.00831857 34.8761
88013857 0 0.01 2.3 32.9 0.106251 -0.0285604 2.68036 0.00985519 -0.0016443 34.8761
88014019 0 0.01 2.30001 32.9 0.486927 -0.0970965 16.1878 0.237834 -0.0478944 34.8761
77000631 0 0.01 2.3 32.9 0.441753 -0.453591 3.13946 0.0407175 -0.0436528 34.864
77001834 0 0.01 2.30002 32.9 -0.0244757 -0.0772772 35.0491 -0.0259991 -0.0825647 34.864
77002051 0 0.01 2.3 32.9 -0.0814602 -0.272567 2.09759 -0.00523994 -0.017181 34.864
77003812 0 0.01 2.3 32.9 0.0961255 -0.0804141 2.17271 0.00517454 -0.00487877 34.864
77005613 0 0.01 2.3 32.9 -0.165223 0.337364 1.50013 -0.00459592 0.0173575 34.864
77007143 0 0.01 2.29895 32.9 -0.494102 0.356934 20.4642 -0.309482 0.223534 34.864
77009769 0 0.01 2.3 32.9 0.291086 -0.025996 2.55998 0.023948 -0.00132427 34.864
77010192 0 0.01 2.3 32.9 -0.381471 -0.423453 0.851661 -0.0138929 -0.0087195 34.864
77010955 0 0.01 2.3 32.9 -0.0497803 0.462615 3.45231 -0.00301412 0.048292 34.864
77013285 0 0.01 2.3 32.9 0.316244 -0.31541 0.772622 0.00285612 -0.00281362 34.864
76002137 0 0.01 2.29993 32.9 -0.434758 -0.246333 40.106 -0.528083 -0.298003 34.8825
76006977 0 0.01 2.3 32.9 0.336608 0.329344 2.09805 0.0190158 0.0212885 34.8825
76007770 0 0.01 2.3 32.9 -0.355547 0.161583 3.81455 -0.0420312 0.0187078 34.8825
76008631 0 0.01 2.3 32.9 -0.148044 0.0551899 4.22804 -0.018539 0.00555826 34.8825
76009197 0 0.01 2.3 32.9 0.252264 0.152516 1.63914 0.0145212 0.007054 34.8825
76009406 0 0.01 2.3 32.9 -0.421183 -0.433704 0.590366 -0.0127325 0.00144373 34.8825
76009662 0 0.01 2.3 32.9 -0.0755523 -0.363039 4.50716 -0.0111785 -0.0493254 34.8825
76012365 0 0.01 2.3 32.9 0.00375412 -0.0126224 3.12279 0.000409362 -0.00207307 34.8825
76012688 0 0.01 2.3 32.9 0.0341973 0.30425 3.27552 0.00292178 0.0331831 34.8825
76013143 0 0.01 2.3 32.9 0.260351 -0.11237 6.84386 0.0550356 -0.0213554 34.8825
76013364 0 0.01 2.29999 32.9 -0.215514 -0.215258 13.1121 -0.0877843 -0.0851459 34.8825
76013516 0 0.01 2.3 32.9 0.207162 -0.0728133 4.35831 0.0279158 -0.0115663 34.8825
5001711 0 0.01 2.3 32.9 0.434898 -0.216591 6.01837 0.0807076 -0.0372085 34.8891
5003285 0 0.01 2.3 32.9 -0.391809 -0.040038 1.15448 -0.0139212 0.00162096 34.8891
5006307 0 0.01 2.2998 32.9 0.102139 0.195734 29.2031 0.0903506 0.176658 34.8891
5013307 0 0.01 2.29998 32.9 0.0370355 -0.415191 4.78448 0.0066088 -0.0578767 34.8891
4000734 0 0.01 2.29999 32.9 0.292025 0.387243 5.95981 0.0503868 0.0702489 34.8782
4001109 0 0.01 2.3 32.9 -0.318502 -0.186184 5.467 -0.0524605 -0.0321354 34.8782
4001908 0 0.01 2.3 32.9 0.331751 0.205665 5.66437 0.0565649 0.0355507 34.8782
4004399 0 0.01 2.3 32.9 0.36216 0.273106 1.78303 0.0178695 0.018199 34.8782
4005277 0 0.01 2.3 32.9 -0.123043 -0.446094 7.08823 -0.0258102 -0.0935385 34.8782
4010879 0 0.01 2.3 32.9 -0.174113 -0.355569 5.35407 -0.0287236 -0.0563216 34.8782
4011616 0 0.01 2.3 32.9 -0.00116892 -0.330577 5.11523 0.00208597 -0.051103 34.8782
4012819 0 0.01 2.3 32.9 -0.197251 0.369367 2.33785 -0.0151097 0.0255179 34.8782
4013626 0 0.01 2.30001 32.9 0.354095 0.21239 3.29394 0.0327551 0.0193069 34.8782
63002837 0 0.01 2.3 32.9 0.370654 0.144611 5.07349 0.0577501 0.0219566 34.8699
63002869 0 0.01 2.3 32.9 0.346636 -0.194944 1.15023 0.011952 -0.00435248 34.8699
63004297 0 0.01 2.3 32.9 0.138249 -0.195372 1.49359 0.00797108 -0.00971138 34.8699
63004471 0 0.01 2.3 32.9 0.250269 -0.324019 2.93781 0.0218046 -0.0284057 34.8699
63005003 0 0.01 2.3 32.9 -0.390967 -0.303057 4.51526 -0.0528685 -0.0396211 34.8699
63007513 0 0.01 2.3 32.9 -0.176585 0.457745 3.93152 -0.0210448 0.0559446 34.8699
63007621 0 0.01 2.3 32.9 -0.166174 -0.428009 0.964535 7.40749e-05 -0.011761 34.8699
63008640 0 0.01 2.3 32.9 -0.482484 -0.0628624 0.665106 -0.0151146 -0.00368157 34.8699
63009191 0 0.01 2.3 32.9 0.1819 0.130275 18.5644 0.102088 0.0740032 34.8699
63010067 0 0.01 2.30065 32.9 0.403116 0.186429 21.8064 0.268803 0.12457 34.8699
63011152 0 0.01 2.30022 32.9 -0.273926 -0.176948 31.3769 -0.262571 -0.166621 34.8699
63012420 0 0.01 2.3 32.9 0.428424 -0.291746 0.836014 0.0105093 -0.00629231 34.8699
63012455 0 0.01 2.3 32.9 0.364829 -0.0277798 2.63966 0.0292556 -0.000991229 34.8699
62002557 0 0.01 2.3 32.9 -0.0967713 0.358731 1.04313 -0.0016697 0.0141574 34.8813
62003166 0 0.01 2.3 32.9 -0.270262 0.375278 5.66922 -0.0458834 0.0655642 34.8813
62003574 0 0.01 2.30022 32.9 -0.11843 0.0423939 30.9463 -0.111347 0.0399293 34.8813
62008117 0 0.01 2.29999 32.9 -0.234219 -0.344543 42.855 -0.306554 -0.447358 34.8813
62008208 0 0.01 2.3 32.9 0.472639 -0.425976 3.31768 0.0455207 -0.0429791 34.8813
62010932 0 0.01 2.3 32.9 0.0494386 -0.255916 7.88381 0.0124404 -0.0600748 34.8813
62013482 0 0.01 2.3 32.9 -0.282672 0.460019 0.362751 0.00201485 0.00246194 34.8813
61004665 0 0.01 2.3 32.9 -0.345989 -0.357311 12.5344 -0.131684 -0.136657 34.8811
61005818 0 0.01 2.3 32.9 -0.491901 -0.030429 0.957982 -0.0181577 0.0023434 34.8811
61007156 0 0.01 2.3 32.9 0.207506 0.225867 3.50331 0.0225462 0.0259179 34.8811
61007986 0 0.01 2.2998 32.9 -0.290428 0.174624 20.9578 -0.186481 0.110244 34.8811
61008590 0 0.01 2.3 32.9 -0.173278 -0.329458 1.89018 -0.0111491 -0.0208114 34.8811
61011715 0 0.01 2.3 32.9 0.138919 -0.409721 2.94023 0.0118363 -0.0347507 34.8811
61013370 0 0.01 2.30022 32.9 0.136591 0.0398162 35.0867 0.143885 0.0439269 34.8811
60001484 0 0.01 2.3 32.9 -0.392811 -0.476689 6.79321 -0.0819158 -0.0972395 34.8681
60001510 0 0.01 2.3 32.9 0.485714 0.0140735 2.04782 0.030241 0.00226885 34.8681
60002925 0 0.01 2.29989 32.9 0.328453 -0.353553 42.2765 0.422324 -0.454822 34.8681
60003159 0 0.01 2.3 32.9 0.293661 -0.145536 2.55304 0.0224967 -0.0105408 34.8681
60003493 0 0.01 2.3 32.9 -0.40462 -0.00957019 9.91976 -0.12131 -0.0024667 34.8681
60006003 0 0.01 2.3 32.9 0.428921 0.269883 1.20506 0.0141033 0.00707417 34.8681
60006304 0 0.01 2.3 32.9 -0.0376545 0.0290009 1.54505 0.00112236 -0.0044163 34.8681
60008742 0 0.01 2.3 32.9 -0.295279 -0.129044 7.73853 -0.0687578 -0.0285192 34.8681
59001894 0 0.01 2.3 32.9 -0.0419313 -0.0473661 2.96222 -0.00118056 -0.0068188 34.8784
59002557 0 0.01 2.3 32.9 -0.321745 0.480243 2.22858 -0.0213977 0.0339051 34.8784
59006672 0 0.01 2.3 32.9 0.0863982 -0.378388 12.9883 0.0350011 -0.147865 34.8784
59010859 0 0.01 2.3 32.9 0.246805 -0.133002 0.389492 -0.0082822 -0.0197886 34.8784
59011601 0 0.01 2.3 32.9 -0.334173 -0.246149 7.53102 -0.0788876 -0.0561914 34.8784
59013892 0 0.01 2.3 32.9 -0.404543 -0.0893342 1.62924 -0.02231 -0.00242556 34.8784
33003013 0 0.01 2.2998 32.9 0.120959 -0.210421 19.7978 0.0726606 -0.125982 34.8769
33003417 0 0.01 2.30002 32.9 0.297927 0.145193 63.091 0.569059 0.278823 34.8769
33005688 0 0.01 2.3 32.9 -0.446228 0.33381 1.97682 -0.0287161 0.0197422 34.8769
33006655 0 0.01 2.30001 32.9 -0.469348 0.106795 30.9635 -0.444494 0.100556 34.8769
33010098 0 0.01 2.30001 32.9 -0.0371213 0.312183 15.5949 -0.0180969 0.150362 34.8769
3000787 0 0.01 2.3 32.9 -0.190661 0.284377 2.83342 -0.0168895 0.025406 34.8913
3004146 0 0.01 2.3 32.9 -0.322234 0.354983 5.22817 -0.051872 0.0585902 34.8913
3010460 0 0.01 2.30001 32.9 0.213186 0.247337 1.48877 0.00843342 0.0114393 34.8913
3012357 0 0.01 2.3 32.9 -0.297267 0.491014 45.031 -0.406563 0.672706 34.8913
43000884 0 0.01 2.29895 32.9 0.0868854 0.165526 14.2932 0.0343616 0.0723589 34.8928
43002976 0 0.01 2.3 32.9 -0.3397 -0.0350707 5.16981 -0.0545246 -0.00293804 34.8928
43005330 0 0.01 2.3 32.9 0.0656019 0.0483508 3.60788 0.00770866 0.00666375 34.8928
43005842 0 0.01 2.3 32.9 -0.462723 -0.033863 3.20023 -0.0441632 -0.00194421 34.8928
43006125 0 0.01 2.3 32.9 -0.0427796 0.162605 1.13731 -0.000814311 0.00509582 34.8928
43006511 0 0.01 2.3 32.9 0.167856 -0.0794751 4.7869 0.0249668 -0.00880382 34.8928
43006576 0 0.01 2.3 32.9 0.239183 -0.367504 2.78571 0.0216508 -0.0298707 34.8928
43006867 0 0.01 2.3 32.9 0.0917892 0.161173 1.6158 0.00707857 0.0101208 34.8928
43006887 0 0.01 2.3 32.9 -0.415705 0.32839 2.88899 -0.0340118 0.0270691 34.8928
43007215 0 0.01 2.3 32.9 -0.426814 -0.136889 1.80312 -0.0213603 -0.00664477 34.8928
43007852 0 0.01 2.3 32.9 0.125243 -0.315667 5.56859 0.0198506 -0.0536633 34.8928
43009379 0 0.01 2.30001 32.9 -0.445742 -0.448802 3.23417 -0.0455678 -0.0422972 34.8928
43010492 0 0.01 2.30001 32.9 0.177689 -0.00828684 2.25566 0.0113888 0.000465899 34.8928
43011102 0 0.01 2.3 32.9 0.0966579 0.435754 1.15819 0.00158323 0.016942 34.8928
43011406 0 0.01 2.3 32.9 -0.475905 0.0293021 3.66343 -0.054598 0.00379074 34.8928
43012036 0 0.01 2.29895 32.9 0.248623 -0.300192 24.0243 0.183449 -0.216923 34.8928
43012445 0 0.01 2.3 32.9 -0.208006 0.392168 3.38815 -0.0239703 0.0419681 34.8928
74001710 0 0.01 2.3 32.9 -0.0982471 0.473543 3.68257 -0.0106421 0.0540129 34.9051
74003545 0 0.01 2.3 32.9 -0.155967 0.215164 5.88591 -0.0267033 0.0394535 34.9051
74009413 0 0.01 2.3 32.9 -0.426742 0.00140978 2.28529 -0.0280914 2.48319e-05 34.9051
74013635 0 0.01 2.30002 32.9 -0.130046 0.383756 43.0734 -0.170752 0.503366 34.9051
73000005 0 0.01 2.3 32.9 -0.28378 0.0722227 5.82984 -0.0496482 0.0118415 34.9053
73002708 0 0.01 2.3 32.9 0.0621593 -0.336011 3.629 0.00666767 -0.0360971 34.9053
73002776 0 0.01 2.3 32.9 -0.299885 0.427752 1.85028 -0.0163349 0.0231735 34.9053
73002806 0 0.01 2.3 32.9 0.0690945 0.107811 2.78606 0.00521833 0.0112457 34.9053
73003610 0 0.01 2.3 32.9 0.265087 0.0622863 3.37252 0.0267643 0.00858289 34.9053
73004064 0 0.01 2.3 32.9 0.0819405 -0.376442 3.26015 0.00613921 -0.0371346 34.9053
73004602 0 0.01 2.29997 32.9 0.266575 -0.303903 55.3212 0.448928 -0.510983 34.9053
73011636 0 0.01 2.3 32.9 0.252726 0.279772 4.02353 0.0306043 0.0330224 34.9053
73012742 0 0.01 2.3 32.9 0.27832 0.0709881 3.14614 0.0254438 0.00817909 34.9053
47001587 0 0.01 2.3 32.9 -0.181161 0.32505 6.7711 -0.0381674 0.0667611 34.8777
47002023 0 0.01 2.30022 32.9 -0.227812 -0.109237 27.3272 -0.189488 -0.0884356 34.8777
47004208 0 0.01 2.3 32.9 0.171227 0.00758682 2.25932 0.00871886 0.00212846 34.8777
47004432 0 0.01 2.3 32.9 -0.322959 0.383143 3.70661 -0.0356435 0.0439479 34.8777
47007058 0 0.01 2.3 32.9 -0.250894 -0.176563 3.10774 -0.0232843 -0.0189938 34.8777
47009484 0 0.01 2.3 32.9 0.35119 -0.303797 1.73538 0.0257053 -0.017878 34.8777
47009621 0 0.01 2.3 32.9 0.483683 -0.190866 1.78175 0.024872 -0.00658064 34.8777
47011175 0 0.01 2.29996 32.9 -0.0582254 -0.12721 12.1653 -0.0213931 -0.0457834 34.8777
47013275 0 0.01 2.30001 32.9 0.363354 -0.275954 0.855958 0.00482954 -0.0108047 34.8777
16001432 0 0.01 2.30001 32.9 0.0920284 -0.105542 5.87184 0.0158223 -0.0167686 34.8836
16003063 0 0.01 2.2999 32.9 0.263525 0.21786 34.5147 0.27542 0.228077 34.8836
16003513 0 0.01 2.30149 32.9 0.0178407 -0.0696271 14.2481 0.00934367 -0.0306688 34.8836
16003617 0 0.01 2.3 32.9 0.333625 -0.133605 2.40702 0.0250394 -0.00778894 34.8836
16004261 0 0.01 2.3 32.9 0.00479392 0.458708 0.486727 0.00126076 0.00555467 34.8836
16005180 0 0.01 2.3 32.9 0.255331 -0.446497 6.47337 0.0494122 -0.086862 34.8836
16005645 0 0.01 2.3 32.9 -0.27764 0.244591 1.40967 -0.0125 0.00782707 34.8836
16011171 0 0.01 2.30022 32.9 0.499025 0.245 45.9777 0.697231 0.345402 34.8836
16012165 0 0.01 2.3 32.9 -0.112744 0.261696 1.91572 -0.00600791 0.0144887 34.8836
6004257 0 0.01 2.3 32.9 -0.298264 0.0357291 6.30141 -0.0561122 0.00648481 34.8732
6004706 0 0.01 2.3 32.9 0.120364 0.375787 38.0927 0.141251 0.435993 34.8732
6006209 0 0.01 2.3 32.9 -0.384641 -0.256836 1.57914 -0.0221495 -0.010071 34.8732
6006402 0 0.01 2.3 32.9 -0.450906 0.381683 2.50807 -0.0367476 0.028573 34.8732
6011899 0 0.01 2.3 32.9 0.158928 0.0761843 0.833613 -0.00273072 0.00270694 34.8732
6013538 0 0.01 2.3 32.9 -0.359344 -0.249797 4.50972 -0.0481311 -0.0343535 34.8732
36002730 0 0.01 2.30002 32.9 -0.486648 0.310834 23.4425 -0.346939 0.223099 34.8289
36004084 0 0.01 2.3 32.9 -0.346417 0.241844 3.05101 -0.0304823 0.0227389 34.8289
36005127 0 0.01 2.3 32.9 -0.147969 -0.263507 3.67873 -0.0159651 -0.0284241 34.8289
36005133 0 0.01 2.3 32.9 -0.0289401 -0.405225 4.18796 -0.0040345 -0.0488539 34.8289
36008398 0 0.01 2.3 32.9 -0.112011 -0.216204 2.77581 -0.0125326 -0.018564 34.8289
68002651 0 0.01 2.3 32.9 0.0788525 -0.337155 2.87198 0.00686933 -0.0275925 34.8755
68007017 0 0.01 2.3 32.9 0.441821 0.396678 5.97443 0.0793418 0.0701509 34.8755
68009214 0 0.01 2.3 32.9 -0.0939893 -0.1402 3.76237 -0.0104486 -0.0138976 34.8755
68012367 0 0.01 2.29998 32.9 0.30749 0.466567 5.13164 0.0482158 0.0731734 34.8755
68013476 0 0.01 2.30006 32.9 0.115916 -0.271223 48.2341 0.171067 -0.394205 34.8755
67000009 0 0.01 2.30002 32.9 -0.258964 0.356613 45.1995 -0.355096 0.491403 34.8829
67002712 0 0.01 2.3 32.9 0.208143 -0.346397 1.25655 0.00661969 -0.0080333 34.8829
67010604 0 0.01 2.3 32.9 0.0808863 0.285048 4.31868 0.00896983 0.0396765 34.8829
67010963 0 0.01 2.3 32.9 0.375463 -0.423272 3.3025 0.0376352 -0.0417539 34.8829
67011526 0 0.01 2.3 32.9 0.356257 0.192538 1.45193 0.0179765 0.0111978 34.8829
67012323 0 0.01 2.3 32.9 -0.269143 0.405827 2.07321 -0.0186526 0.0245497 34.8829
49002361 0 0.01 2.3 32.9 -0.378876 -0.0244362 5.22876 -0.0637319 -0.00129252 34.8799
49002450 0 0.01 2.3 32.9 0.341277 0.0202008 1.16072 0.00857228 0.0013512 34.8799
49005679 0 0.01 2.3 32.9 0.311559 0.406062 5.0116 0.0476386 0.0629835 34.8799
49006556 0 0.01 2.3 32.9 0.158641 -0.0440309 5.12778 0.021585 -0.00563742 34.8799
49006687 0 0.01 2.3 32.9 -0.36609 0.015766 11.3122 -0.128005 0.00654661 34.8799
49008763 0 0.01 2.3 32.9 0.260691 0.202438 3.06832 0.024839 0.0233302 34.8799
49009865 0 0.01 2.3 32.9 -0.350521 0.128709 2.6266 -0.027172 0.0110167 34.8799
49010002 0 0.01 2.3 32.9 -0.33385 0.408718 2.46511 -0.0244149 0.0306818 34.8799
49010738 0 0.01 2.3 32.9 0.309 -0.213101 16.8936 0.157591 -0.106792 34.8799
49011034 0 0.01 2.3 32.9 0.242275 -0.496706 26.8425 0.19912 -0.404012 34.8799
49012761 0 0.01 2.3 32.9 -0.299217 0.35225 7.47221 -0.0696292 0.0800578 34.8799
18003358 0 0.01 2.3 32.9 0.347403 -0.485803 42.1064 0.446652 -0.622269 34.8835
18005653 0 0.01 2.30001 32.9 0.469705 0.130706 39.1172 0.555969 0.154297 34.8835
18005829 0 0.01 2.2998 32.9 -0.132283 0.449975 21.0996 -0.0860931 0.288638 34.8835
18006632 0 0.01 2.3 32.9 -0.107073 0.0427363 3.21548 -0.0103497 0.00576219 34.8835
18007012 0 0.01 2.3 32.9 -0.458979 0.245861 1.35367 -0.0208249 0.0157568 34.8835
18007067 0 0.01 2.3 32.9 0.253017 -0.395188 3.07344 0.0238238 -0.0338956 34.8835
65001224 0 0.01 2.3 32.9 -0.0996777 0.233352 4.36841 -0.0147404 0.0326725 34.8748
65003867 0 0.01 2.3 32.9 0.232777 -0.380003 4.11852 0.0290999 -0.0489194 34.8748
65004737 0 0.01 2.30001 32.9 0.0644391 -0.344088 3.55124 0.00768823 -0.0391037 34.8748
65005499 0 0.01 2.3 32.9 -0.122507 0.247425 5.40788 -0.0212563 0.0444234 34.8748
65009986 0 0.01 2.3 32.9 -0.225739 0.446952 0.63713 -0.00608314 0.00976677 34.8748
65011325 0 0.01 2.3 32.9 0.319826 0.27758 1.47986 0.0139066 0.0135243 34.8748
32002643 0 0.01 2.2998 32.9 -0.0622192 -0.490435 14.4831 -0.0283159 -0.216441 34.8616
32003947 0 0.01 2.3 32.9 0.223791 0.484121 4.39672 0.0328322 0.064506 34.8616
32005012 0 0.01 2.3 32.9 -0.221102 -0.204716 1.34093 -0.0112557 -0.00776067 34.8616
32007419 0 0.01 2.30003 32.9 0.361657 0.313584 9.78456 0.107984 0.0938337 34.8616
32008851 0 0.01 2.3 32.9 -0.283683 0.241759 3.50388 -0.0296527 0.0265195 34.8616
32010717 0 0.01 2.3 32.9 0.414225 -0.166429 1.8857 0.0268334 -0.00444634 34.8616
32010883 0 0.01 2.3 32.9 -0.193781 0.0924972 7.33324 -0.0436401 0.0193164 34.8616
32011065 0 0.01 2.30001 32.9 -0.209927 0.0217312 35.8913 -0.22885 0.0234209 34.8616
32011506 0 0.01 2.3 32.9 0.384513 0.398749 0.981576 0.0157559 0.0148259 34.8616
32013905 0 0.01 2.3 32.9 0.306508 0.491792 2.65835 0.0257046 0.0404015 34.8616
8004018 0 0.01 2.3 32.9 0.376186 0.17631 2.05338 0.0249373 0.00940045 34.8587
8004683 0 0.01 2.30001 32.9 0.0552804 -0.346814 39.5067 0.0683186 -0.417406 34.8587
8007219 0 0.01 2.3 32.9 -0.119045 0.163975 1.51628 -0.00500882 0.00808698 34.8587
8007688 0 0.01 2.3 32.9 0.318271 -0.251574 4.3806 0.0448436 -0.0329267 34.8587
8012438 0 0.01 2.3 32.9 -0.171817 -0.444203 1.94748 -0.0105169 -0.0262121 34.8587
8013570 0 0.01 2.3 32.9 -0.174379 0.136981 2.42523 -0.0113675 0.0103004 34.8587
96001542 0 0.01 2.3 32.9 -0.190378 -0.146519 0.695739 -0.0096167 -0.00612552 34.8604
96003126 0 0.01 2.3 32.9 0.00184311 -0.224166 5.63172 0.000298109 -0.0367523 34.8604
96004002 0 0.01 2.3 32.9 0.360873 0.0200784 3.34717 0.0357464 0.00185804 34.8604
96007072 0 0.01 2.30001 32.9 -0.0438822 -0.260795 30.6731 -0.0425938 -0.242854 34.8604
96008635 0 0.01 2.3 32.9 -0.312023 -0.456875 13.5763 -0.129526 -0.186154 34.8604
98000938 0 0.01 2.3 32.9 -0.237976 0.25139 2.69686 -0.0217958 0.020065 34.9094
98000972 0 0.01 2.30001 32.9 -0.295806 -0.257424 28.5743 -0.256788 -0.222013 34.9094
98001214 0 0.01 2.3 32.9 -0.0433856 0.163315 2.77929 -0.000558938 0.0134066 34.9094
98001876 0 0.01 2.3 32.9 0.273305 0.214135 1.77991 0.014998 0.0160925 34.9094
98002283 0 0.01 2.3 32.9 0.0248785 0.437854 4.71413 0.00264863 0.0626014 34.9094
98002686 0 0.01 2.3 32.9 0.0510602 0.0894195 6.35704 0.00865883 0.0177652 34.9094
98002789 0 0.01 2.3 32.9 0.259074 0.297796 1.53942 0.0122354 0.0131431 34.9094
98004298 0 0.01 2.29958 32.9 -0.494056 -0.460951 2.18966 -0.0325598 -0.0265981 34.9094
98004663 0 0.01 2.3 32.9 -0.239208 -0.130945 2.17098 -0.0202307 -0.00734309 34.9094
98005532 0 0.01 2.3 32.9 -0.321351 -0.13112 1.69252 -0.0170648 -0.00704533 34.9094
98005715 0 0.01 2.3 32.9 0.345423 -0.134908 1.96278 0.0202103 -0.0065252 34.9094
98006432 0 0.01 2.3 32.9 -0.113907 -0.0171364 1.5337 -0.00522658 0.00139672 34.9094
98007424 0 0.01 2.3 32.9 0.382947 -0.10101 2.24323 0.0285012 -0.0044387 34.9094
98008359 0 0.01 2.2998 32.9 -0.295066 0.273627 27.5686 -0.247004 0.23117 34.9094
98008924 0 0.01 2.3 32.9 0.283772 0.331473 3.20072 0.0240151 0.0321534 34.9094
98009657 0 0.01 2.30065 32.9 0.398467 0.349189 13.0185 0.156695 0.139252 34.9094
98010044 0 0.01 2.3 32.9 -0.379002 -0.312736 2.54957 -0.0294537 -0.0254209 34.9094
98013264 0 0.01 2.3 32.9 -0.107708 -0.258606 5.63216 -0.0190599 -0.0448883 34.9094
97000229 0 0.01 2.3 32.9 -0.371007 0.162576 2.34453 -0.0264039 0.00973199 34.9116
97000810 0 0.01 2.30002 32.9 0.135067 0.418032 16.8816 0.0704589 0.213447 34.9116
97002269 0 0.01 2.29996 32.9 0.237172 0.268764 7.76925 0.055752 0.0666405 34.9116
97003867 0 0.01 2.3 32.9 0.0117976 -0.219849 6.6193 0.00286281 -0.0428158 34.9116
97005200 0 0.01 2.3 32.9 0.0372221 -0.110759 4.41136 0.00723159 -0.0148758 34.9116
97005381 0 0.01 2.3 32.9 -0.414995 0.325484 2.38313 -0.0301316 0.0252433 34.9116
97006408 0 0.01 2.3 32.9 -0.0105125 -0.162133 3.38818 -0.000629246 -0.0201403 34.9116
97006687 0 0.01 2.3 32.9 -0.439173 -0.019017 3.39329 -0.045807 0.0012472 34.9116
97006955 0 0.01 2.3 32.9 0.113164 -0.131518 1.71533 0.0088945 -0.00575337 34.9116
97009822 0 0.01 2.3 32.9 0.191388 0.494953 3.2585 0.0202752 0.0474007 34.9116
97012559 0 0.01 2.3 32.9 -0.381455 -0.245808 3.9215 -0.0453213 -0.0295342 34.9116
97012893 0 0.01 2.3 32.9 -0.0699049 0.289745 11.1279 -0.021414 0.0980979 34.9116
95002266 0 0.01 2.3 32.9 0.120736 0.462174 3.70572 0.0150712 0.0528744 34.887
95003020 0 0.01 2.3 32.9 -0.470446 -0.257528 1.2776 -0.0164446 -0.00821212 34.887
95003795 0 0.01 2.3 32.9 -0.100259 -0.466071 4.72206 -0.0131404 -0.0672797 34.887
95005140 0 0.01 2.3 32.9 0.057062 0.41947 2.49627 0.0056833 0.0347827 34.887
95006421 0 0.01 2.3 32.9 -0.293789 -0.174253 3.50292 -0.0316621 -0.0178824 34.887
95013742 0 0.01 2.3 32.9 -0.316885 0.208342 1.29036 -0.0137969 0.00802994 34.887
72002668 0 0.01 2.3 32.9 0.364679 0.0559732 1.06578 0.010011 0.00294224 34.8707
72004411 0 0.01 2.3 32.9 -0.0254311 0.0472949 3.09774 -0.00348005 0.00419657 34.8707
72004634 0 0.01 2.30003 32.9 0.275 -0.263338 57.0843 0.477097 -0.455079 34.8707
72008615 0 0.01 2.3 32.9 0.450383 0.431969 1.52578 0.0177169 0.0222567 34.8707
72010873 0 0.01 2.3 32.9 -0.330989 -0.0199007 4.18244 -0.0427898 -0.00433775 34.8707
72013251 0 0.01 2.3 32.9 -0.250626 0.488113 2.8487 -0.0208934 0.0422012 34.8707
71001179 0 0.01 2.3 32.9 0.214902 -0.329149 4.07196 0.0263677 -0.0406273 34.7873
71002815 0 0.01 2.30001 32.9 -0.358112 0.0986847 6.94093 -0.0763488 0.0226494 34.7873
71002969 0 0.01 2.3 32.9 -0.204246 -0.49241 2.21419 -0.0131273 -0.0325335 34.7873
71005067 0 0.01 2.29996 32.9 -0.0892031 0.479023 21.4563 -0.0606737 0.313927 34.7873
71005144 0 0.01 2.3 32.9 -0.060072 -0.231002 1.82921 -0.00678015 -0.0153501 34.7873
71009382 0 0.01 2.29997 32.9 0.0259432 -0.34663 27.9097 0.0221967 -0.294299 34.7873
69000069 0 0.01 2.3 32.9 0.22351 -0.139359 2.56885 0.0171789 -0.0105727 34.8908
69001702 0 0.01 2.3 32.9 0.323412 0.106378 4.86253 0.0453218 0.0148665 34.8908
69002219 0 0.01 2.3 32.9 0.233363 0.0396772 2.06116 0.0153197 0.00216954 34.8908
69002260 0 0.01 2.2998 32.9 -0.424698 0.241045 33.5389 -0.433953 0.245172 34.8908
69004553 0 0.01 2.29998 32.9 -0.0875527 0.346759 44.6207 -0.119016 0.470827 34.8908
69006079 0 0.01 2.3 32.9 0.332803 -0.296925 6.22101 0.0642857 -0.0538019 34.8908
69006250 0 0.01 2.3 32.9 0.144972 0.151529 5.1435 0.0215788 0.0253906 34.8908
69010207 0 0.01 2.3 32.9 0.478159 0.0229116 1.55683 0.0228559 -0.000707835 34.8908
69013455 0 0.01 2.30002 32.9 0.448602 0.0382809 62.897 0.85819 0.0733166 34.8908
69013670 0 0.01 2.29998 32.9 0.120523 0.254446 22.89 0.0856452 0.181484 34.8908
70000260 0 0.01 2.3 32.9 0.378949 0.448917 7.05815 0.0817366 0.0957149 34.8856
70001473 0 0.01 2.3 32.9 -0.342394 -0.0221904 3.09788 -0.032398 0.00198924 34.8856
70001611 0 0.01 2.2998 32.9 0.0308846 0.246355 34.6642 0.0349317 0.260886 34.8856
70007542 0 0.01 2.3 32.9 0.129139 0.166835 3.03085 0.0157312 0.0173452 34.8856
70007562 0 0.01 2.30001 32.9 -0.233525 0.312044 32.9022 -0.233666 0.311391 34.8856
70011439 0 0.01 2.3 32.9 0.26528 -0.173967 5.85089 0.0467761 -0.0291175 34.8856
15000179 0 0.01 2.3 32.9 -0.082465 -0.19391 8.79428 -0.0203631 -0.0526363 34.8834
15002174 0 0.01 2.29994 32.9 0.238679 -0.119658 44.3258 0.320115 -0.16023 34.8834
15002315 0 0.01 2.3 32.9 0.333588 -0.346691 3.33122 0.0322723 -0.0325532 34.8834
15003164 0 0.01 2.3 32.9 0.313679 -0.1253 11.5435 0.106678 -0.0424752 34.8834
15006586 0 0.01 2.3 32.9 -0.136309 -0.155174 0.820264 -0.00178918 -0.00551863 34.8834
15013105 0 0.01 2.29937 32.9 0.223927 0.491941 22.5054 0.151301 0.336352 34.8834
